   1.1851270e+02   3.6301420e+01   1.8450000e+02
   1.1860174e+02   3.6350686e+01   3.4230000e+02
   0.0000000e+00   2.4603785e+06   2.4603785e+06
   1.0000000e-01   2.6598835e+06   2.1243780e+06
   2.0000000e-01   2.7799278e+06   1.6578450e+06
   3.0000000e-01   2.8872302e+06   1.1332126e+06
   4.0000000e-01   3.0101870e+06   6.3536094e+05
   5.0000000e-01   3.1357842e+06   2.0246889e+05
   6.0000000e-01   3.2389032e+06  -1.8170250e+05
   7.0000000e-01   3.3061670e+06  -5.4271012e+05
   8.0000000e-01   3.3368460e+06  -8.6813631e+05
   9.0000000e-01   3.3314455e+06  -1.1041088e+06
   1.0000000e+00   3.2818245e+06  -1.1923310e+06
   1.1000000e+00   3.1662250e+06  -1.1059712e+06
   1.2000000e+00   2.9513942e+06  -8.5176125e+05
   1.3000000e+00   2.6060738e+06  -4.4634712e+05
   1.4000000e+00   2.1192775e+06   9.8012906e+04
   1.5000000e+00   1.5042520e+06   7.5747638e+05
   1.6000000e+00   7.7997881e+05   1.4683462e+06
   1.7000000e+00  -4.9652371e+04   2.1247305e+06
   1.8000000e+00  -9.9109888e+05   2.6165025e+06
   1.9000000e+00  -2.0314182e+06   2.8771440e+06
   2.0000000e+00  -3.1153040e+06   2.8962472e+06
   2.1000000e+00  -4.1552625e+06   2.6884295e+06
   2.2000000e+00  -5.0663610e+06   2.2598318e+06
   2.3000000e+00  -5.7948385e+06   1.6146312e+06
   2.4000000e+00  -6.3220435e+06   7.9053919e+05
   2.5000000e+00  -6.6508295e+06  -1.3102988e+05
   2.6000000e+00  -6.7910180e+06  -1.0668156e+06
   2.7000000e+00  -6.7516315e+06  -1.9814489e+06
   2.8000000e+00  -6.5383835e+06  -2.8794392e+06
   2.9000000e+00  -6.1552445e+06  -3.7406410e+06
   3.0000000e+00  -5.6108240e+06  -4.4776320e+06
   3.1000000e+00  -4.9259715e+06  -4.9765090e+06
   3.2000000e+00  -4.1337958e+06  -5.1818865e+06
   3.3000000e+00  -3.2682912e+06  -5.1274960e+06
   3.4000000e+00  -2.3516138e+06  -4.8772280e+06
   3.5000000e+00  -1.3965320e+06  -4.4519855e+06
   3.6000000e+00  -4.2674306e+05  -3.8335458e+06
   3.7000000e+00   5.0599903e+05  -3.0360808e+06
   3.8000000e+00   1.3339228e+06  -2.1487012e+06
   3.9000000e+00   2.0128972e+06  -1.2906186e+06
   4.0000000e+00   2.5533002e+06  -5.3163481e+05
   4.1000000e+00   3.0058568e+06   1.2963629e+05
   4.2000000e+00   3.4096300e+06   7.1450356e+05
   4.3000000e+00   3.7520048e+06   1.2120494e+06
   4.4000000e+00   3.9821965e+06   1.5859479e+06
   4.5000000e+00   4.0653715e+06   1.8169235e+06
   4.6000000e+00   4.0226980e+06   1.9194751e+06
   4.7000000e+00   3.9192058e+06   1.9199620e+06
   4.8000000e+00   3.8159420e+06   1.8385486e+06
   4.9000000e+00   3.7346525e+06   1.7015112e+06
   5.0000000e+00   3.6620480e+06   1.5547634e+06
   5.1000000e+00   3.5772278e+06   1.4425000e+06
   5.2000000e+00   3.4694948e+06   1.3695051e+06
   5.3000000e+00   3.3347728e+06   1.3006315e+06
   5.4000000e+00   3.1652288e+06   1.2088175e+06
   5.5000000e+00   2.9485028e+06   1.1157419e+06
   5.6000000e+00   2.6759100e+06   1.0701748e+06
   5.7000000e+00   2.3481225e+06   1.0843041e+06
   5.8000000e+00   1.9727242e+06   1.1041960e+06
   5.9000000e+00   1.5582328e+06   1.0540674e+06
   6.0000000e+00   1.1105682e+06   9.0761219e+05
   6.1000000e+00   6.3291150e+05   7.0794888e+05
   6.2000000e+00   1.2759239e+05   5.1792762e+05
   6.3000000e+00  -4.0007781e+05   3.6116125e+05
   6.4000000e+00  -9.3698838e+05   2.1897544e+05
   6.5000000e+00  -1.4604878e+06   7.8178852e+04
   6.6000000e+00  -1.9430130e+06  -3.4642355e+04
   6.7000000e+00  -2.3605685e+06  -7.6121609e+04
   6.8000000e+00  -2.6990152e+06  -3.8179605e+04
   6.9000000e+00  -2.9553588e+06   3.5039469e+04
   7.0000000e+00  -3.1358748e+06   8.7521992e+04
   7.1000000e+00  -3.2523432e+06   1.0287066e+05
   7.2000000e+00  -3.3149588e+06   1.0816238e+05
   7.3000000e+00  -3.3232398e+06   1.2884457e+05
   7.4000000e+00  -3.2623115e+06   1.5139297e+05
   7.5000000e+00  -3.1113802e+06   1.3988186e+05
   7.6000000e+00  -2.8603798e+06   8.6636211e+04
   7.7000000e+00  -2.5211632e+06   3.4518625e+04
   7.8000000e+00  -2.1233270e+06   3.9600105e+04
   7.9000000e+00  -1.6989356e+06   1.1177274e+05
   8.0000000e+00  -1.2698638e+06   1.9823152e+05
   8.1000000e+00  -8.4670375e+05   2.2981252e+05
   8.2000000e+00  -4.3584609e+05   1.8322661e+05
   8.3000000e+00  -4.4829570e+04   9.6290688e+04
   8.4000000e+00   3.1892859e+05   2.3642891e+04
   8.5000000e+00   6.5149444e+05  -1.8994477e+04
   8.6000000e+00   9.5056144e+05  -6.6813562e+04
   8.7000000e+00   1.2081522e+06  -1.6798016e+05
   8.8000000e+00   1.4065060e+06  -3.3829931e+05
   8.9000000e+00   1.5254250e+06  -5.5019006e+05
   9.0000000e+00   1.5580662e+06  -7.5716444e+05
   9.1000000e+00   1.5211920e+06  -9.2415312e+05
   9.2000000e+00   1.4482410e+06  -1.0401382e+06
   9.3000000e+00   1.3689584e+06  -1.1133131e+06
   9.4000000e+00   1.2924911e+06  -1.1597029e+06
   9.5000000e+00   1.2078202e+06  -1.1914688e+06
   9.6000000e+00   1.0991595e+06  -1.2081614e+06
   9.7000000e+00   9.6147544e+05  -1.1967822e+06
   9.8000000e+00   8.0426919e+05  -1.1424326e+06
   9.9000000e+00   6.4451131e+05  -1.0397763e+06
   1.0000000e+01   4.9736978e+05  -8.9335056e+05
   1.0100000e+01   3.7052197e+05  -7.0877750e+05
   1.0200000e+01   2.6216331e+05  -4.8879703e+05
   1.0300000e+01   1.6254953e+05  -2.4027912e+05
   1.0400000e+01   6.1021750e+04   1.8256332e+04
   1.0500000e+01  -4.3032598e+04   2.6071123e+05
   1.0600000e+01  -1.3430047e+05   4.6622991e+05
   1.0700000e+01  -1.8966356e+05   6.2767594e+05
   1.0800000e+01  -1.9674488e+05   7.4913938e+05
   1.0900000e+01  -1.6660531e+05   8.3735369e+05
   1.1000000e+01  -1.2741289e+05   8.9445694e+05
   1.1100000e+01  -1.0370038e+05   9.1552975e+05
   1.1200000e+01  -9.9636867e+04   8.9196356e+05
   1.1300000e+01  -1.0022011e+05   8.1979662e+05
   1.1400000e+01  -8.7350336e+04   7.0724788e+05
   1.1500000e+01  -5.5824676e+04   5.7382994e+05
   1.1600000e+01  -1.6718812e+04   4.4091200e+05
   1.1700000e+01   1.2755125e+04   3.2269544e+05
   1.1800000e+01   2.3469301e+04   2.2471852e+05
   1.1900000e+01   2.0738021e+04   1.4722838e+05
   1.2000000e+01   1.7386949e+04   8.7730039e+04
   1.2100000e+01   1.9552639e+04   4.3300641e+04
   1.2200000e+01   1.8491266e+04   1.5369211e+04
   1.2300000e+01  -3.1590859e+03   1.2156906e+04
   1.2400000e+01  -5.5925578e+04   4.0889809e+04
   1.2500000e+01  -1.3296592e+05   9.3983578e+04
   1.2600000e+01  -2.1317781e+05   1.4646656e+05
   1.2700000e+01  -2.7368325e+05   1.7408953e+05
   1.2800000e+01  -3.0119144e+05   1.7704048e+05
   1.2900000e+01  -2.9659153e+05   1.8256367e+05
   1.3000000e+01  -2.7376838e+05   2.1881159e+05
   1.3100000e+01  -2.5394720e+05   2.8349172e+05
   1.3200000e+01  -2.5488428e+05   3.3987812e+05
   1.3300000e+01  -2.7807716e+05   3.4784188e+05
   1.3400000e+01  -3.0433134e+05   3.0228106e+05
   1.3500000e+01  -3.0637722e+05   2.4091419e+05
   1.3600000e+01  -2.7241881e+05   2.1048411e+05
   1.3700000e+01  -2.2013342e+05   2.2128245e+05
   1.3800000e+01  -1.8515730e+05   2.3422117e+05
   1.3900000e+01  -1.9152175e+05   1.9489158e+05
   1.4000000e+01  -2.3103578e+05   8.2678875e+04
   1.4100000e+01  -2.7181747e+05  -7.1930578e+04
   1.4200000e+01  -2.8762181e+05  -2.1573764e+05
   1.4300000e+01  -2.7859994e+05  -3.1572106e+05
   1.4400000e+01  -2.6350878e+05  -3.7612678e+05
   1.4500000e+01  -2.5352398e+05  -4.2148962e+05
   1.4600000e+01  -2.3640620e+05  -4.7041931e+05
   1.4700000e+01  -1.8744127e+05  -5.2489706e+05
   1.4800000e+01  -9.4686625e+04  -5.7610162e+05
   1.4900000e+01   2.8195250e+04  -6.1319094e+05
   1.5000000e+01   1.5398822e+05  -6.2775819e+05
   1.5100000e+01   2.6531084e+05  -6.1659969e+05
   1.5200000e+01   3.6546397e+05  -5.8398625e+05
   1.5300000e+01   4.6738744e+05  -5.3918625e+05
   1.5400000e+01   5.7401431e+05  -4.8862225e+05
   1.5500000e+01   6.7050269e+05  -4.3073269e+05
   1.5600000e+01   7.3472562e+05  -3.6081178e+05
   1.5700000e+01   7.5353525e+05  -2.8120397e+05
   1.5800000e+01   7.2873194e+05  -2.0445397e+05
   1.5900000e+01   6.7012388e+05  -1.4422081e+05
   1.6000000e+01   5.8645975e+05  -1.0268138e+05
   1.6100000e+01   4.8357575e+05  -6.7493086e+04
   1.6200000e+01   3.6750156e+05  -2.1894738e+04
   1.6300000e+01   2.4488505e+05   4.0860031e+04
   1.6400000e+01   1.1984304e+05   1.1087376e+05
   1.6500000e+01  -6.2078481e+03   1.6781230e+05
   1.6600000e+01  -1.2884451e+05   1.9482073e+05
   1.6700000e+01  -2.3613764e+05   1.8959522e+05
   1.6800000e+01  -3.1397691e+05   1.6454961e+05
   1.6900000e+01  -3.5871853e+05   1.3648248e+05
   1.7000000e+01  -3.8370694e+05   1.1470516e+05
   1.7100000e+01  -4.0964881e+05   9.8249086e+04
   1.7200000e+01  -4.4498222e+05   8.4749609e+04
   1.7300000e+01  -4.7508338e+05   8.1611609e+04
   1.7400000e+01  -4.7390712e+05   1.0579962e+05
   1.7500000e+01  -4.3041891e+05   1.6898825e+05
   1.7600000e+01  -3.6400647e+05   2.6201439e+05
   1.7700000e+01  -3.0890025e+05   3.5778788e+05
   1.7800000e+01  -2.7790678e+05   4.3480856e+05
   1.7900000e+01  -2.4236966e+05   4.9873100e+05
   1.8000000e+01  -1.5550142e+05   5.7574069e+05
   1.8100000e+01  -2.2912812e+03   6.7890769e+05
   1.8200000e+01   1.7417972e+05   7.8068838e+05
   1.8300000e+01   3.0153638e+05   8.2386888e+05
   1.8400000e+01   3.3722847e+05   7.6561500e+05
   1.8500000e+01   3.0012109e+05   6.1394625e+05
   1.8600000e+01   2.4528227e+05   4.2203181e+05
   1.8700000e+01   2.1147189e+05   2.4707578e+05
   1.8800000e+01   1.9457898e+05   1.1284149e+05
   1.8900000e+01   1.6638305e+05   6.1506758e+03
   1.9000000e+01   1.0964746e+05  -9.8137250e+04
   1.9100000e+01   3.1171512e+04  -2.1269534e+05
   1.9200000e+01  -5.3242316e+04  -3.3381816e+05
   1.9300000e+01  -1.3691262e+05  -4.5247819e+05
   1.9400000e+01  -2.2181459e+05  -5.6206481e+05
   1.9500000e+01  -3.0442959e+05  -6.5484700e+05
   1.9600000e+01  -3.6861816e+05  -7.1667631e+05
   1.9700000e+01  -3.9568547e+05  -7.3239994e+05
   1.9800000e+01  -3.8065950e+05  -6.9959794e+05
   1.9900000e+01  -3.3665309e+05  -6.3427612e+05
   2.0000000e+01  -2.8258188e+05  -5.5813625e+05
   2.0100000e+01  -2.2743720e+05  -4.7866694e+05
   2.0200000e+01  -1.6693908e+05  -3.8479297e+05
   2.0300000e+01  -9.3605398e+04  -2.6533581e+05
   2.0400000e+01  -6.8225552e+03  -1.3047078e+05
   2.0500000e+01   8.7784125e+04  -1.0358812e+04
   2.0600000e+01   1.8505009e+05   6.9953188e+04
   2.0700000e+01   2.8105606e+05   1.1230234e+05
   2.0800000e+01   3.6645438e+05   1.3942452e+05
   2.0900000e+01   4.2429147e+05   1.6808014e+05
   2.1000000e+01   4.4080681e+05   1.9164164e+05
   2.1100000e+01   4.1993566e+05   1.9079533e+05
   2.1200000e+01   3.8371778e+05   1.5845931e+05
   2.1300000e+01   3.5474041e+05   1.0989944e+05
   2.1400000e+01   3.3748797e+05   6.7928953e+04
   2.1500000e+01   3.1775438e+05   4.2287926e+04
   2.1600000e+01   2.7990347e+05   2.7135996e+04
   2.1700000e+01   2.2307717e+05   1.6674773e+04
   2.1800000e+01   1.5994203e+05   1.6563668e+04
   2.1900000e+01   1.0126103e+05   3.5802145e+04
   2.2000000e+01   4.4699988e+04   7.1037758e+04
   2.2100000e+01  -1.8685617e+04   1.0729648e+05
   2.2200000e+01  -8.6527938e+04   1.3829978e+05
   2.2300000e+01  -1.3649017e+05   1.8065912e+05
   2.2400000e+01  -1.4085245e+05   2.5808608e+05
   2.2500000e+01  -9.4513281e+04   3.6717406e+05
   2.2600000e+01  -2.8868070e+04   4.6393703e+05
   2.2700000e+01   6.7340312e+03   4.9311919e+05
   2.2800000e+01  -1.6499230e+04   4.3557725e+05
   2.2900000e+01  -8.2604969e+04   3.2597238e+05
   2.3000000e+01  -1.4387281e+05   2.2199977e+05
   2.3100000e+01  -1.5935097e+05   1.5618805e+05
   2.3200000e+01  -1.2440025e+05   1.1706893e+05
   2.3300000e+01  -6.7956969e+04   7.2976867e+04
   2.3400000e+01  -2.5367730e+04   8.2018945e+03
   2.3500000e+01  -1.3837490e+04  -6.5916773e+04
   2.3600000e+01  -2.8973465e+04  -1.3039477e+05
   2.3700000e+01  -5.8003953e+04  -1.8148780e+05
   2.3800000e+01  -9.2269578e+04  -2.3091989e+05
   2.3900000e+01  -1.2841096e+05  -2.8603191e+05
   2.4000000e+01  -1.6301336e+05  -3.3511797e+05
   2.4100000e+01  -1.9138030e+05  -3.5608956e+05
   2.4200000e+01  -2.1249694e+05  -3.3951625e+05
   2.4300000e+01  -2.3156741e+05  -3.0058456e+05
   2.4400000e+01  -2.5357552e+05  -2.6633250e+05
   2.4500000e+01  -2.7430506e+05  -2.5111748e+05
   2.4600000e+01  -2.8154497e+05  -2.4531431e+05
   2.4700000e+01  -2.6800581e+05  -2.2727266e+05
   2.4800000e+01  -2.4135658e+05  -1.8428833e+05
   2.4900000e+01  -2.1756569e+05  -1.2147783e+05
   2.5000000e+01  -2.0325389e+05  -5.3252602e+04
   2.5100000e+01  -1.8766266e+05   9.6207900e+03
   2.5200000e+01  -1.5527712e+05   6.3640730e+04
   2.5300000e+01  -1.0594316e+05   1.0721545e+05
   2.5400000e+01  -5.9141141e+04   1.3669466e+05
   2.5500000e+01  -3.5698480e+04   1.4939967e+05
   2.5600000e+01  -3.5299680e+04   1.4834581e+05
   2.5700000e+01  -3.3756523e+04   1.4089062e+05
   2.5800000e+01  -3.9191504e+03   1.3179433e+05
   2.5900000e+01   6.0295078e+04   1.1884849e+05
   2.6000000e+01   1.4041317e+05   9.6507391e+04
   2.6100000e+01   2.1271025e+05   6.3202312e+04
   2.6200000e+01   2.6901800e+05   2.3250801e+04
   2.6300000e+01   3.1724547e+05  -1.9275924e+04
   2.6400000e+01   3.6331169e+05  -6.6852750e+04
   2.6500000e+01   3.9773403e+05  -1.2536990e+05
   2.6600000e+01   4.0453678e+05  -1.9260192e+05
   2.6700000e+01   3.8270681e+05  -2.5108630e+05
   2.6800000e+01   3.5319269e+05  -2.7658962e+05
   2.6900000e+01   3.3946825e+05  -2.5750608e+05
   2.7000000e+01   3.4112512e+05  -2.0670131e+05
   2.7100000e+01   3.3081162e+05  -1.5205922e+05
   2.7200000e+01   2.8063734e+05  -1.1258981e+05
   2.7300000e+01   1.9147611e+05  -8.2382375e+04
   2.7400000e+01   9.4680281e+04  -3.7899133e+04
   2.7500000e+01   2.5047066e+04   3.8527258e+04
   2.7600000e+01  -6.6671680e+03   1.4125159e+05
   2.7700000e+01  -1.5706457e+04   2.4491875e+05
   2.7800000e+01  -2.2749678e+04   3.2340803e+05
   2.7900000e+01  -3.5542359e+04   3.6585916e+05
   2.8000000e+01  -4.9620223e+04   3.7771378e+05
   2.8100000e+01  -6.0729016e+04   3.7033056e+05
   2.8200000e+01  -7.0571188e+04   3.5131422e+05
   2.8300000e+01  -8.0273789e+04   3.2302784e+05
   2.8400000e+01  -8.3603234e+04   2.8651384e+05
   2.8500000e+01  -7.1864547e+04   2.4352508e+05
   2.8600000e+01  -4.6009984e+04   1.9396553e+05
   2.8700000e+01  -2.0561492e+04   1.3328058e+05
   2.8800000e+01  -1.2558226e+04   5.5528504e+04
   2.8900000e+01  -2.6310820e+04  -3.8674836e+04
   2.9000000e+01  -5.0164266e+04  -1.3713094e+05
   2.9100000e+01  -6.8685438e+04  -2.2066147e+05
   2.9200000e+01  -7.7558219e+04  -2.7492425e+05
   2.9300000e+01  -8.6386695e+04  -2.9921894e+05
   2.9400000e+01  -1.0756915e+05  -3.0427778e+05
   2.9500000e+01  -1.4310909e+05  -3.0146372e+05
   2.9600000e+01  -1.8236338e+05  -2.9371784e+05
   2.9700000e+01  -2.1234466e+05  -2.7603353e+05
   2.9800000e+01  -2.2987858e+05  -2.4333764e+05
   2.9900000e+01  -2.4339667e+05  -1.9686108e+05
   3.0000000e+01  -2.6282519e+05  -1.4289889e+05
   3.0100000e+01  -2.8836781e+05  -8.6463109e+04
   3.0200000e+01  -3.1003525e+05  -2.7298848e+04
   3.0300000e+01  -3.1790350e+05   3.7690438e+04
   3.0400000e+01  -3.1122859e+05   1.0869755e+05
   3.0500000e+01  -2.9649456e+05   1.7977670e+05
   3.0600000e+01  -2.7795044e+05   2.4033830e+05
   3.0700000e+01  -2.5271241e+05   2.7921531e+05
   3.0800000e+01  -2.1567458e+05   2.8897944e+05
   3.0900000e+01  -1.6647833e+05   2.7010978e+05
   3.1000000e+01  -1.0863652e+05   2.3372925e+05
   3.1100000e+01  -4.2264387e+04   1.9885542e+05
   3.1200000e+01   3.8307801e+04   1.8176617e+05
   3.1300000e+01   1.3576961e+05   1.8294625e+05
   3.1400000e+01   2.3824977e+05   1.8331183e+05
   3.1500000e+01   3.1999922e+05   1.5674014e+05
   3.1600000e+01   3.5890422e+05   9.1796359e+04
   3.1700000e+01   3.5696047e+05   4.7780957e+03
   3.1800000e+01   3.4262012e+05  -6.9283484e+04
   3.1900000e+01   3.4807853e+05  -1.0273452e+05
   3.2000000e+01   3.7940662e+05  -9.7073086e+04
   3.2100000e+01   4.0839312e+05  -8.0715734e+04
   3.2200000e+01   3.9700719e+05  -8.4131625e+04
   3.2300000e+01   3.3281459e+05  -1.1512205e+05
   3.2400000e+01   2.4048053e+05  -1.5656105e+05
   3.2500000e+01   1.5805302e+05  -1.8567056e+05
   3.2600000e+01   1.0368647e+05  -1.9264914e+05
   3.2700000e+01   6.7447727e+04  -1.8091583e+05
   3.2800000e+01   3.3069875e+04  -1.5497264e+05
   3.2900000e+01   9.1769922e+02  -1.1511722e+05
   3.3000000e+01  -1.4581564e+04  -6.5241891e+04
   3.3100000e+01  -6.4747227e+03  -1.9447770e+04
   3.3200000e+01   1.3514480e+04   6.5142871e+03
   3.3300000e+01   2.8663064e+04   1.1867210e+04
   3.3400000e+01   3.8290922e+04   1.4773486e+04
   3.3500000e+01   5.9254781e+04   3.5780695e+04
   3.3600000e+01   1.0457960e+05   7.6991500e+04
   3.3700000e+01   1.6316344e+05   1.1899791e+05
   3.3800000e+01   2.0372991e+05   1.3829833e+05
   3.3900000e+01   1.9966450e+05   1.2636217e+05
   3.4000000e+01   1.4953719e+05   9.1581070e+04
   3.4100000e+01   7.3896219e+04   4.5100531e+04
   3.4200000e+01  -5.8553350e+03  -1.1831821e+04
   3.4300000e+01  -8.3760070e+04  -8.5031484e+04
   3.4400000e+01  -1.6608552e+05  -1.7353717e+05
   3.4500000e+01  -2.5606884e+05  -2.6200025e+05
   3.4600000e+01  -3.4547569e+05  -3.2996372e+05
   3.4700000e+01  -4.2120894e+05  -3.6975672e+05
   3.4800000e+01  -4.7685659e+05  -3.9376062e+05
   3.4900000e+01  -5.1488912e+05  -4.2139000e+05
   3.5000000e+01  -5.3857994e+05  -4.5727559e+05
   3.5100000e+01  -5.4556088e+05  -4.8266053e+05
   3.5200000e+01  -5.3119869e+05  -4.6983191e+05
   3.5300000e+01  -4.9580388e+05  -4.0609291e+05
   3.5400000e+01  -4.4425278e+05  -3.0347156e+05
   3.5500000e+01  -3.7726041e+05  -1.8476016e+05
   3.5600000e+01  -2.8648178e+05  -6.1506867e+04
   3.5700000e+01  -1.6361481e+05   7.1424266e+04
   3.5800000e+01  -1.7109004e+04   2.1847611e+05
   3.5900000e+01   1.2268352e+05   3.6417912e+05
   3.6000000e+01   2.2173372e+05   4.7803378e+05
   3.6100000e+01   2.7211450e+05   5.4304450e+05
   3.6200000e+01   3.0438981e+05   5.7719481e+05
   3.6300000e+01   3.6410406e+05   6.1958488e+05
   3.6400000e+01   4.6765475e+05   6.9010212e+05
   3.6500000e+01   5.7845500e+05   7.6342738e+05
   3.6600000e+01   6.3127656e+05   7.8671738e+05
   3.6700000e+01   5.8735844e+05   7.2541094e+05
   3.6800000e+01   4.6945838e+05   5.9253106e+05
   3.6900000e+01   3.4241019e+05   4.3525956e+05
   3.7000000e+01   2.5767112e+05   2.9630456e+05
   3.7100000e+01   2.1515162e+05   1.8832827e+05
   3.7200000e+01   1.7571288e+05   9.9369398e+04
   3.7300000e+01   1.0578770e+05   1.4197818e+04
   3.7400000e+01   7.5535234e+03  -7.2685062e+04
   3.7500000e+01  -9.0018195e+04  -1.5905377e+05
   3.7600000e+01  -1.6152722e+05  -2.4064214e+05
   3.7700000e+01  -2.0300770e+05  -3.1077856e+05
   3.7800000e+01  -2.2464488e+05  -3.5783516e+05
   3.7900000e+01  -2.3420588e+05  -3.6962881e+05
   3.8000000e+01  -2.3126341e+05  -3.4432953e+05
   3.8100000e+01  -2.1392588e+05  -2.9625550e+05
   3.8200000e+01  -1.8506984e+05  -2.4745911e+05
   3.8300000e+01  -1.5008731e+05  -2.1102341e+05
   3.8400000e+01  -1.1207473e+05  -1.8265777e+05
   3.8500000e+01  -7.3097500e+04  -1.4999278e+05
   3.8600000e+01  -3.9148320e+04  -1.1010669e+05
   3.8700000e+01  -1.8743463e+04  -7.6032281e+04
   3.8800000e+01  -1.3353653e+04  -6.4493359e+04
   3.8900000e+01  -1.1810435e+04  -7.8117531e+04
   3.9000000e+01   7.5269531e+01  -1.0212816e+05
   3.9100000e+01   2.1665484e+04  -1.1977830e+05
   3.9200000e+01   3.2016891e+04  -1.2994281e+05
   3.9300000e+01   6.8981299e+03  -1.4761752e+05
   3.9400000e+01  -5.6574891e+04  -1.8641036e+05
   3.9500000e+01  -1.3304209e+05  -2.4140873e+05
   3.9600000e+01  -1.8778795e+05  -2.9066306e+05
   3.9700000e+01  -2.0332709e+05  -3.1425106e+05
   3.9800000e+01  -1.8903372e+05  -3.1132638e+05
   3.9900000e+01  -1.6746967e+05  -2.9715975e+05
   4.0000000e+01  -1.5314627e+05  -2.8353284e+05
   4.0100000e+01  -1.4346300e+05  -2.6502131e+05
   4.0200000e+01  -1.2668123e+05  -2.2799975e+05
   4.0300000e+01  -9.4961086e+04  -1.7182980e+05
   4.0400000e+01  -4.7857379e+04  -1.1393406e+05
   4.0500000e+01   1.5462865e+04  -6.7771758e+04
   4.0600000e+01   1.0244483e+05  -1.8933443e+04
   4.0700000e+01   2.1925117e+05   6.5982914e+04
   4.0800000e+01   3.5347400e+05   1.9916664e+05
   4.0900000e+01   4.6819072e+05   3.4379659e+05
   4.1000000e+01   5.2140609e+05   4.3613366e+05
   4.1100000e+01   4.9795866e+05   4.4092403e+05
   4.1200000e+01   4.2302959e+05   3.8348650e+05
   4.1300000e+01   3.4141978e+05   3.2483266e+05
   4.1400000e+01   2.8158684e+05   3.0676534e+05
   4.1500000e+01   2.3930947e+05   3.2266031e+05
   4.1600000e+01   1.9397666e+05   3.3710075e+05
   4.1700000e+01   1.3575061e+05   3.2562988e+05
   4.1800000e+01   7.3516250e+04   2.9252822e+05
   4.1900000e+01   1.8944125e+04   2.5651452e+05
   4.2000000e+01  -3.0299115e+04   2.2852019e+05
   4.2100000e+01  -8.6685703e+04   2.0615808e+05
   4.2200000e+01  -1.5327205e+05   1.8446061e+05
   4.2300000e+01  -2.1277859e+05   1.6503988e+05
   4.2400000e+01  -2.4013459e+05   1.5270359e+05
   4.2500000e+01  -2.2669411e+05   1.4633278e+05
   4.2600000e+01  -1.9062488e+05   1.3729220e+05
   4.2700000e+01  -1.6202448e+05   1.1814458e+05
   4.2800000e+01  -1.5756597e+05   9.1013906e+04
   4.2900000e+01  -1.6967702e+05   6.4682109e+04
   4.3000000e+01  -1.7915434e+05   4.2727590e+04
   4.3100000e+01  -1.7594169e+05   1.6371324e+04
   4.3200000e+01  -1.6652350e+05  -2.8480473e+04
   4.3300000e+01  -1.6312470e+05  -9.6327898e+04
   4.3400000e+01  -1.6955458e+05  -1.7538519e+05
   4.3500000e+01  -1.7966567e+05  -2.4729314e+05
   4.3600000e+01  -1.8797122e+05  -3.0389816e+05
   4.3700000e+01  -1.9807647e+05  -3.5356272e+05
   4.3800000e+01  -2.1833966e+05  -4.0970978e+05
   4.3900000e+01  -2.4973112e+05  -4.7261691e+05
   4.4000000e+01  -2.8002581e+05  -5.2311012e+05
   4.4100000e+01  -2.9153612e+05  -5.3579550e+05
   4.4200000e+01  -2.7488547e+05  -5.0034606e+05
   4.4300000e+01  -2.3503292e+05  -4.3100466e+05
   4.4400000e+01  -1.8438558e+05  -3.5551178e+05
   4.4500000e+01  -1.3151138e+05  -2.9441169e+05
   4.4600000e+01  -7.7397320e+04  -2.4992320e+05
   4.4700000e+01  -2.0957428e+04  -2.1192080e+05
   4.4800000e+01   3.5750371e+04  -1.7032597e+05
   4.4900000e+01   9.0329422e+04  -1.1920130e+05
   4.5000000e+01   1.4597852e+05  -5.1905871e+04
   4.5100000e+01   2.0913309e+05   3.9736578e+04
   4.5200000e+01   2.7739291e+05   1.5468309e+05
   4.5300000e+01   3.3173866e+05   2.7137853e+05
   4.5400000e+01   3.4706775e+05   3.5422656e+05
   4.5500000e+01   3.1564691e+05   3.7918066e+05
   4.5600000e+01   2.6004589e+05   3.5598497e+05
   4.5700000e+01   2.1848189e+05   3.2283116e+05
   4.5800000e+01   2.1313772e+05   3.1504725e+05
   4.5900000e+01   2.3194441e+05   3.3625984e+05
   4.6000000e+01   2.4288706e+05   3.5867034e+05
   4.6100000e+01   2.2679800e+05   3.5001544e+05
   4.6200000e+01   1.9489067e+05   2.9964500e+05
   4.6300000e+01   1.7352983e+05   2.2089286e+05
   4.6400000e+01   1.7430511e+05   1.3377309e+05
   4.6500000e+01   1.8308756e+05   5.0099359e+04
   4.6600000e+01   1.7946905e+05  -2.5545090e+04
   4.6700000e+01   1.6297798e+05  -8.6980250e+04
   4.6800000e+01   1.5497581e+05  -1.2523755e+05
   4.6900000e+01   1.7367173e+05  -1.3723541e+05
   4.7000000e+01   2.1077883e+05  -1.3170733e+05
   4.7100000e+01   2.3616614e+05  -1.2264427e+05
   4.7200000e+01   2.2517509e+05  -1.1652941e+05
   4.7300000e+01   1.7932481e+05  -1.0781871e+05
   4.7400000e+01   1.2072462e+05  -8.7444211e+04
   4.7500000e+01   6.9645672e+04  -5.4142082e+04
   4.7600000e+01   2.9648986e+04  -1.6108055e+04
   4.7700000e+01  -8.0035654e+03   1.7652914e+04
   4.7800000e+01  -5.0828852e+04   4.5641000e+04
   4.7900000e+01  -9.8978727e+04   7.2710781e+04
   4.8000000e+01  -1.5031900e+05   1.0145734e+05
   4.8100000e+01  -2.0659259e+05   1.2623458e+05
   4.8200000e+01  -2.7110472e+05   1.3698120e+05
   4.8300000e+01  -3.4078947e+05   1.2957536e+05
   4.8400000e+01  -4.0382669e+05   1.1193121e+05
   4.8500000e+01  -4.4787378e+05   9.8285703e+04
   4.8600000e+01  -4.7054884e+05   9.5893016e+04
   4.8700000e+01  -4.7961194e+05   9.7171922e+04
   4.8800000e+01  -4.8180931e+05   8.6073734e+04
   4.8900000e+01  -4.7366166e+05   5.3042535e+04
   4.9000000e+01  -4.4624519e+05   3.6766836e+03
   4.9100000e+01  -3.9877891e+05  -4.6940109e+04
   4.9200000e+01  -3.4328119e+05  -8.6629258e+04
   4.9300000e+01  -2.9204041e+05  -1.1156179e+05
   4.9400000e+01  -2.4165027e+05  -1.2157518e+05
   4.9500000e+01  -1.7468228e+05  -1.1539673e+05
   4.9600000e+01  -8.1225000e+04  -9.4419547e+04
   4.9700000e+01   2.2139803e+04  -6.9599227e+04
   4.9800000e+01   9.9394578e+04  -5.8620191e+04
   4.9900000e+01   1.2551288e+05  -7.1238062e+04
   5.0000000e+01   1.1169790e+05  -9.7260906e+04
   5.0100000e+01   9.9347766e+04  -1.1248580e+05
   5.0200000e+01   1.2599871e+05  -9.9791766e+04
   5.0300000e+01   1.9369616e+05  -6.5495719e+04
   5.0400000e+01   2.6857612e+05  -3.4673938e+04
   5.0500000e+01   3.1137131e+05  -2.9852656e+04
   5.0600000e+01   3.0991259e+05  -5.3246227e+04
   5.0700000e+01   2.8405206e+05  -8.7963625e+04
   5.0800000e+01   2.6140134e+05  -1.1468421e+05
   5.0900000e+01   2.5076886e+05  -1.2670795e+05
   5.1000000e+01   2.3995594e+05  -1.3024107e+05
   5.1100000e+01   2.1637066e+05  -1.3271292e+05
   5.1200000e+01   1.8416441e+05  -1.3346764e+05
   5.1300000e+01   1.5803367e+05  -1.2705096e+05
   5.1400000e+01   1.4320086e+05  -1.1412590e+05
   5.1500000e+01   1.2800189e+05  -1.0529530e+05
   5.1600000e+01   9.9491719e+04  -1.1056541e+05
   5.1700000e+01   6.3159242e+04  -1.2485073e+05
   5.1800000e+01   4.1422203e+04  -1.2742912e+05
   5.1900000e+01   5.0526457e+04  -9.9622891e+04
   5.2000000e+01   8.1867477e+04  -4.3863352e+04
   5.2100000e+01   1.0957719e+05   1.6474062e+04
   5.2200000e+01   1.1615944e+05   5.7148230e+04
   5.2300000e+01   1.0753017e+05   7.2106719e+04
   5.2400000e+01   1.0171238e+05   7.2628359e+04
   5.2500000e+01   1.0584794e+05   7.1009531e+04
   5.2600000e+01   1.0843152e+05   6.9780289e+04
   5.2700000e+01   9.4435766e+04   6.7646109e+04
   5.2800000e+01   6.3961559e+04   7.0577672e+04
   5.2900000e+01   3.1930223e+04   9.0007578e+04
   5.3000000e+01   9.6535371e+03   1.2804706e+05
   5.3100000e+01  -9.4894609e+03   1.6862527e+05
   5.3200000e+01  -4.3417598e+04   1.8847209e+05
   5.3300000e+01  -1.0158857e+05   1.7826139e+05
   5.3400000e+01  -1.7445473e+05   1.5110577e+05
   5.3500000e+01  -2.4273545e+05   1.2930684e+05
   5.3600000e+01  -2.9431359e+05   1.2437295e+05
   5.3700000e+01  -3.2960219e+05   1.3137952e+05
   5.3800000e+01  -3.5183253e+05   1.4076922e+05
   5.3900000e+01  -3.5705372e+05   1.5090377e+05
   5.4000000e+01  -3.3783400e+05   1.6587806e+05
   5.4100000e+01  -2.9623462e+05   1.8258259e+05
   5.4200000e+01  -2.4808408e+05   1.8538291e+05
   5.4300000e+01  -2.0915489e+05   1.5912347e+05
   5.4400000e+01  -1.7610964e+05   1.0921962e+05
   5.4500000e+01  -1.2524969e+05   6.5506094e+04
   5.4600000e+01  -3.5747414e+04   5.9742008e+04
   5.4700000e+01   8.3564594e+04   9.4505375e+04
   5.4800000e+01   1.9291934e+05   1.3479066e+05
   5.4900000e+01   2.5138623e+05   1.3503706e+05
   5.5000000e+01   2.5080817e+05   7.8974781e+04
   5.5100000e+01   2.2086334e+05  -5.6356992e+03
   5.5200000e+01   2.0047127e+05  -7.1816055e+04
   5.5300000e+01   2.0399061e+05  -9.3066602e+04
   5.5400000e+01   2.1393245e+05  -8.0164758e+04
   5.5500000e+01   2.0332605e+05  -6.3250145e+04
   5.5600000e+01   1.6218505e+05  -6.2246000e+04
   5.5700000e+01   1.0274562e+05  -7.5041133e+04
   5.5800000e+01   4.3264477e+04  -8.8664172e+04
   5.5900000e+01  -8.7365703e+03  -9.5121219e+04
   5.6000000e+01  -5.6548086e+04  -9.5198094e+04
   5.6100000e+01  -1.0145085e+05  -9.2062906e+04
   5.6200000e+01  -1.3481631e+05  -8.6871906e+04
   5.6300000e+01  -1.4552722e+05  -8.1168125e+04
   5.6400000e+01  -1.3378723e+05  -7.9356117e+04
   5.6500000e+01  -1.1366845e+05  -8.4911656e+04
   5.6600000e+01  -9.9323031e+04  -9.4487430e+04
   5.6700000e+01  -8.9708898e+04  -9.9409992e+04
   5.6800000e+01  -7.0071781e+04  -9.5780156e+04
   5.6900000e+01  -2.9699887e+04  -9.2027164e+04
   5.7000000e+01   2.3972525e+04  -1.0272492e+05
   5.7100000e+01   7.1142914e+04  -1.3244989e+05
   5.7200000e+01   9.8320070e+04  -1.6701295e+05
   5.7300000e+01   1.0821527e+05  -1.8409075e+05
   5.7400000e+01   1.1076169e+05  -1.7463008e+05
   5.7500000e+01   1.0818870e+05  -1.5315059e+05
   5.7600000e+01   9.2936000e+04  -1.4532108e+05
   5.7700000e+01   5.9786594e+04  -1.6462394e+05
   5.7800000e+01   1.5765453e+04  -2.0100450e+05
   5.7900000e+01  -2.5072762e+04  -2.3157034e+05
   5.8000000e+01  -5.5563375e+04  -2.4121597e+05
   5.8100000e+01  -8.0899625e+04  -2.3265308e+05
   5.8200000e+01  -1.0886580e+05  -2.1785030e+05
   5.8300000e+01  -1.3683603e+05  -2.0227903e+05
   5.8400000e+01  -1.5251573e+05  -1.7998036e+05
   5.8500000e+01  -1.4971953e+05  -1.4458144e+05
   5.8600000e+01  -1.4064047e+05  -1.0186920e+05
   5.8700000e+01  -1.4581275e+05  -6.5313781e+04
   5.8800000e+01  -1.6720758e+05  -3.5464152e+04
   5.8900000e+01  -1.7429856e+05   1.1977029e+04
   5.9000000e+01  -1.2618235e+05   1.0733081e+05
   5.9100000e+01  -1.4758941e+04   2.4915361e+05
   5.9200000e+01   1.1545988e+05   3.8806869e+05
   5.9300000e+01   1.9770759e+05   4.5775125e+05
   5.9400000e+01   1.9854922e+05   4.2938059e+05
   5.9500000e+01   1.4470312e+05   3.3687619e+05
   5.9600000e+01   9.5798039e+04   2.4747012e+05
   5.9700000e+01   9.3038734e+04   2.0727417e+05
   5.9800000e+01   1.3393788e+05   2.1366641e+05
   5.9900000e+01   1.8962744e+05   2.3389914e+05
   6.0000000e+01   2.3688445e+05   2.4228119e+05
   6.0100000e+01   2.7069616e+05   2.3736845e+05
   6.0200000e+01   2.9335122e+05   2.3017688e+05
   6.0300000e+01   3.0168181e+05   2.2559572e+05
   6.0400000e+01   2.8892075e+05   2.1950092e+05
   6.0500000e+01   2.5555862e+05   2.1033430e+05
   6.0600000e+01   2.1318827e+05   2.0659997e+05
   6.0700000e+01   1.7529772e+05   2.1866709e+05
   6.0800000e+01   1.4455738e+05   2.4369745e+05
   6.0900000e+01   1.1022952e+05   2.6230134e+05
   6.1000000e+01   5.9036465e+04   2.5346075e+05
   6.1100000e+01  -1.0841486e+04   2.1348973e+05
   6.1200000e+01  -8.6482656e+04   1.5881564e+05
   6.1300000e+01  -1.5099859e+05   1.0901819e+05
   6.1400000e+01  -1.9746383e+05   6.7974102e+04
   6.1500000e+01  -2.3220420e+05   2.2783967e+04
   6.1600000e+01  -2.6550297e+05  -3.9910883e+04
   6.1700000e+01  -3.0103700e+05  -1.1936684e+05
   6.1800000e+01  -3.3496484e+05  -2.0317306e+05
   6.1900000e+01  -3.6296072e+05  -2.8119450e+05
   6.2000000e+01  -3.8452428e+05  -3.5314981e+05
   6.2100000e+01  -3.9906422e+05  -4.2167278e+05
   6.2200000e+01  -4.0010725e+05  -4.8134000e+05
   6.2300000e+01  -3.7733159e+05  -5.1885362e+05
   6.2400000e+01  -3.2672819e+05  -5.2530125e+05
   6.2500000e+01  -2.5834641e+05  -5.0598341e+05
   6.2600000e+01  -1.9180333e+05  -4.7550966e+05
   6.2700000e+01  -1.4204106e+05  -4.4333659e+05
   6.2800000e+01  -1.0866493e+05  -4.0675322e+05
   6.2900000e+01  -7.9379000e+04  -3.5957759e+05
   6.3000000e+01  -4.3541621e+04  -3.0504203e+05
   6.3100000e+01  -1.0065857e+03  -2.5478727e+05
   6.3200000e+01   4.2993922e+04  -2.1265128e+05
   6.3300000e+01   8.9138086e+04  -1.6335661e+05
   6.3400000e+01   1.4493991e+05  -8.4713648e+04
   6.3500000e+01   2.1082094e+05   2.4778559e+04
   6.3600000e+01   2.6761325e+05   1.3326258e+05
   6.3700000e+01   2.8538594e+05   1.9704008e+05
   6.3800000e+01   2.5115434e+05   1.9938114e+05
   6.3900000e+01   1.8795873e+05   1.6788692e+05
   6.4000000e+01   1.4121167e+05   1.5065873e+05
   6.4100000e+01   1.4111775e+05   1.7318834e+05
   6.4200000e+01   1.7742531e+05   2.1795431e+05
   6.4300000e+01   2.1223158e+05   2.4556802e+05
   6.4400000e+01   2.1727889e+05   2.3453167e+05
   6.4500000e+01   1.9716081e+05   1.9981377e+05
   6.4600000e+01   1.7698766e+05   1.7445144e+05
   6.4700000e+01   1.7232184e+05   1.7631386e+05
   6.4800000e+01   1.7586553e+05   1.9455353e+05
   6.4900000e+01   1.7235045e+05   2.0662938e+05
   6.5000000e+01   1.5975547e+05   2.0436802e+05
   6.5100000e+01   1.5058086e+05   2.0057577e+05
   6.5200000e+01   1.5370264e+05   2.1129512e+05
   6.5300000e+01   1.6066927e+05   2.3548075e+05
   6.5400000e+01   1.5293744e+05   2.5486016e+05
   6.5500000e+01   1.2050659e+05   2.5288116e+05
   6.5600000e+01   7.0521547e+04   2.3076641e+05
   6.5700000e+01   1.8568723e+04   2.0355284e+05
   6.5800000e+01  -2.4801449e+04   1.8239838e+05
   6.5900000e+01  -5.7962305e+04   1.6396356e+05
   6.6000000e+01  -8.2640859e+04   1.3761783e+05
   6.6100000e+01  -9.9517828e+04   9.9770242e+04
   6.6200000e+01  -1.1075231e+05   5.7313871e+04
   6.6300000e+01  -1.2398361e+05   1.6831391e+04
   6.6400000e+01  -1.4956580e+05  -2.5544691e+04
   6.6500000e+01  -1.9096856e+05  -7.9281055e+04
   6.6600000e+01  -2.3749014e+05  -1.4426841e+05
   6.6700000e+01  -2.6852456e+05  -2.0435456e+05
   6.6800000e+01  -2.6868538e+05  -2.3984809e+05
   6.6900000e+01  -2.4159178e+05  -2.4652444e+05
   6.7000000e+01  -2.0849286e+05  -2.3929027e+05
   6.7100000e+01  -1.9047584e+05  -2.3537527e+05
   6.7200000e+01  -1.8994745e+05  -2.3593509e+05
   6.7300000e+01  -1.9032152e+05  -2.2724186e+05
   6.7400000e+01  -1.7529975e+05  -1.9947348e+05
   6.7500000e+01  -1.4715333e+05  -1.5996753e+05
   6.7600000e+01  -1.2266395e+05  -1.2453467e+05
   6.7700000e+01  -1.1022593e+05  -9.7371562e+04
   6.7800000e+01  -9.5294484e+04  -6.4842766e+04
   6.7900000e+01  -5.4434180e+04  -1.2769724e+04
   6.8000000e+01   1.4756398e+04   5.1293418e+04
   6.8100000e+01   8.2315594e+04   9.7275906e+04
   6.8200000e+01   1.1047712e+05   9.7686242e+04
   6.8300000e+01   9.1743562e+04   5.4574953e+04
   6.8400000e+01   6.0239832e+04   4.0357520e+02
   6.8500000e+01   6.1836055e+04  -2.9801920e+04
   6.8600000e+01   1.1122717e+05  -2.8788793e+04
   6.8700000e+01   1.7800772e+05  -2.0906869e+04
   6.8800000e+01   2.1439061e+05  -3.6723945e+04
   6.8900000e+01   1.9637322e+05  -8.4199867e+04
   6.9000000e+01   1.3989250e+05  -1.4378584e+05
   6.9100000e+01   8.1370188e+04  -1.8895623e+05
   6.9200000e+01   4.6230598e+04  -2.0873297e+05
   6.9300000e+01   3.5125297e+04  -2.1062655e+05
   6.9400000e+01   3.4390453e+04  -2.0611689e+05
   6.9500000e+01   3.3316258e+04  -1.9802830e+05
   6.9600000e+01   3.0278375e+04  -1.8224578e+05
   6.9700000e+01   2.7475324e+04  -1.5718455e+05
   6.9800000e+01   2.6100887e+04  -1.2722302e+05
   6.9900000e+01   2.7921625e+04  -9.7003734e+04
   7.0000000e+01   3.7162539e+04  -6.5791703e+04
   7.0100000e+01   5.6030125e+04  -2.9649773e+04
   7.0200000e+01   7.8158484e+04   1.1884439e+04
   7.0300000e+01   9.0296953e+04   5.3444090e+04
   7.0400000e+01   8.3764156e+04   8.8615047e+04
   7.0500000e+01   6.4025969e+04   1.1595634e+05
   7.0600000e+01   4.6547590e+04   1.3946317e+05
   7.0700000e+01   4.1525914e+04   1.6346362e+05
   7.0800000e+01   4.2862750e+04   1.8794322e+05
   7.0900000e+01   3.3191707e+04   2.0933952e+05
   7.1000000e+01   7.4453906e+02   2.2567377e+05
   7.1100000e+01  -4.7887953e+04   2.4002509e+05
   7.1200000e+01  -9.1255172e+04   2.5775709e+05
   7.1300000e+01  -1.1004973e+05   2.7959431e+05
   7.1400000e+01  -1.0273029e+05   2.9800481e+05
   7.1500000e+01  -8.6029750e+04   3.0197319e+05
   7.1600000e+01  -7.9989031e+04   2.8642900e+05
   7.1700000e+01  -9.1092031e+04   2.5675205e+05
   7.1800000e+01  -1.0852713e+05   2.2346445e+05
   7.1900000e+01  -1.1549095e+05   1.9304009e+05
   7.2000000e+01  -1.0276991e+05   1.6500650e+05
   7.2100000e+01  -7.1538938e+04   1.3749306e+05
   7.2200000e+01  -2.6647420e+04   1.1260020e+05
   7.2300000e+01   2.7206801e+04   9.3239516e+04
   7.2400000e+01   8.0772641e+04   7.4967406e+04
   7.2500000e+01   1.1712966e+05   4.5159902e+04
   7.2600000e+01   1.2196062e+05  -4.8367266e+03
   7.2700000e+01   1.0067707e+05  -6.5323121e+04
   7.2800000e+01   8.0648484e+04  -1.0926970e+05
   7.2900000e+01   8.8675031e+04  -1.1309288e+05
   7.3000000e+01   1.2320164e+05  -7.9846562e+04
   7.3100000e+01   1.5173006e+05  -4.1088293e+04
   7.3200000e+01   1.3918794e+05  -3.2311898e+04
   7.3300000e+01   7.9121922e+04  -6.3307148e+04
   7.3400000e+01  -3.5636582e+03  -1.1124915e+05
   7.3500000e+01  -7.8002734e+04  -1.4253447e+05
   7.3600000e+01  -1.3157667e+05  -1.4147759e+05
   7.3700000e+01  -1.6980578e+05  -1.1911666e+05
   7.3800000e+01  -1.9930872e+05  -9.7531781e+04
   7.3900000e+01  -2.1805245e+05  -8.9138305e+04
   7.4000000e+01  -2.2286427e+05  -9.1284828e+04
   7.4100000e+01  -2.2031714e+05  -9.6653266e+04
   7.4200000e+01  -2.2370639e+05  -1.0381666e+05
   7.4300000e+01  -2.3781147e+05  -1.1639723e+05
   7.4400000e+01  -2.4950125e+05  -1.3516809e+05
   7.4500000e+01  -2.3667744e+05  -1.5509442e+05
   7.4600000e+01  -1.8815617e+05  -1.7126016e+05
   7.4700000e+01  -1.1537109e+05  -1.8551503e+05
   7.4800000e+01  -4.4698062e+04  -2.0447889e+05
   7.4900000e+01   2.5821719e+03  -2.3029408e+05
   7.5000000e+01   2.4976586e+04  -2.5503794e+05
   7.5100000e+01   3.8175863e+04  -2.6632844e+05
   7.5200000e+01   5.9086914e+04  -2.5872575e+05
   7.5300000e+01   9.1819656e+04  -2.3812705e+05
   7.5400000e+01   1.2769223e+05  -2.1388450e+05
   7.5500000e+01   1.5687756e+05  -1.8777680e+05
   7.5600000e+01   1.7815842e+05  -1.5310648e+05
   7.5700000e+01   1.9684994e+05  -1.0536886e+05
   7.5800000e+01   2.1505045e+05  -5.1709828e+04
   7.5900000e+01   2.2689656e+05  -7.0033257e+03
   7.6000000e+01   2.2474523e+05   2.0290373e+04
   7.6100000e+01   2.0859025e+05   3.7060859e+04
   7.6200000e+01   1.8714003e+05   5.9070828e+04
   7.6300000e+01   1.6942672e+05   9.5737898e+04
   7.6400000e+01   1.5749281e+05   1.4235503e+05
   7.6500000e+01   1.4896633e+05   1.8740456e+05
   7.6600000e+01   1.4512705e+05   2.2547486e+05
   7.6700000e+01   1.5205364e+05   2.5986062e+05
   7.6800000e+01   1.7092366e+05   2.9148912e+05
   7.6900000e+01   1.8952595e+05   3.0910834e+05
   7.7000000e+01   1.8989617e+05   2.9732631e+05
   7.7100000e+01   1.6914017e+05   2.5828788e+05
   7.7200000e+01   1.5043403e+05   2.2155867e+05
   7.7300000e+01   1.6543756e+05   2.2341803e+05
   7.7400000e+01   2.1950203e+05   2.7006181e+05
   7.7500000e+01   2.7533838e+05   3.2291425e+05
   7.7600000e+01   2.7763553e+05   3.2671775e+05
   7.7700000e+01   1.9941452e+05   2.5685809e+05
   7.7800000e+01   6.5650359e+04   1.4040350e+05
   7.7900000e+01  -6.8882727e+04   3.1678346e+04
   7.8000000e+01  -1.6454864e+05  -3.1353258e+04
   7.8100000e+01  -2.2114675e+05  -4.8919594e+04
   7.8200000e+01  -2.6354106e+05  -4.6315750e+04
   7.8300000e+01  -3.1056197e+05  -4.7243988e+04
   7.8400000e+01  -3.6032028e+05  -6.0138246e+04
   7.8500000e+01  -4.0095475e+05  -8.2600977e+04
   7.8600000e+01  -4.2793966e+05  -1.1073748e+05
   7.8700000e+01  -4.4687356e+05  -1.4182358e+05
   7.8800000e+01  -4.6134956e+05  -1.7111172e+05
   7.8900000e+01  -4.6329438e+05  -1.9034820e+05
   7.9000000e+01  -4.3938675e+05  -1.9220483e+05
   7.9100000e+01  -3.8759531e+05  -1.7738006e+05
   7.9200000e+01  -3.2455272e+05  -1.5683955e+05
   7.9300000e+01  -2.7292903e+05  -1.4460914e+05
   7.9400000e+01  -2.4032744e+05  -1.4565578e+05
   7.9500000e+01  -2.1258723e+05  -1.5049903e+05
   7.9600000e+01  -1.6988561e+05  -1.4369558e+05
   7.9700000e+01  -1.0849696e+05  -1.1902533e+05
   7.9800000e+01  -4.4387145e+04  -8.5604031e+04
   7.9900000e+01   4.1728535e+03  -5.8111477e+04
   8.0000000e+01   3.3975188e+04  -4.2034969e+04
   8.0100000e+01   5.5144766e+04  -3.0285711e+04
   8.0200000e+01   7.5334742e+04  -1.3765764e+04
   8.0300000e+01   9.0763883e+04   7.8366797e+03
   8.0400000e+01   9.4302344e+04   2.7838672e+04
   8.0500000e+01   8.8766641e+04   4.3528277e+04
   8.0600000e+01   8.7705891e+04   6.1770656e+04
   8.0700000e+01   1.0201972e+05   9.1856312e+04
   8.0800000e+01   1.2826064e+05   1.3401617e+05
   8.0900000e+01   1.5277781e+05   1.7712464e+05
   8.1000000e+01   1.6729316e+05   2.0788931e+05
   8.1100000e+01   1.7751823e+05   2.2045398e+05
   8.1200000e+01   1.9381170e+05   2.1611519e+05
   8.1300000e+01   2.1474188e+05   1.9647294e+05
   8.1400000e+01   2.2549666e+05   1.6220455e+05
   8.1500000e+01   2.1714348e+05   1.2125712e+05
   8.1600000e+01   2.0508478e+05   9.4123938e+04
   8.1700000e+01   2.1995723e+05   1.0208133e+05
   8.1800000e+01   2.7389944e+05   1.4369041e+05
   8.1900000e+01   3.3811688e+05   1.8444309e+05
   8.2000000e+01   3.6175484e+05   1.7747750e+05
   8.2100000e+01   3.1804569e+05   1.0186225e+05
   8.2200000e+01   2.3076525e+05  -1.7317820e+04
   8.2300000e+01   1.5266675e+05  -1.2822220e+05
   8.2400000e+01   1.1840314e+05  -1.9342227e+05
   8.2500000e+01   1.1980198e+05  -2.1431950e+05
   8.2600000e+01   1.2421842e+05  -2.1900709e+05
   8.2700000e+01   1.1084082e+05  -2.3093814e+05
   8.2800000e+01   8.6363227e+04  -2.5105952e+05
   8.2900000e+01   6.9511750e+04  -2.6638347e+05
   8.3000000e+01   6.6969500e+04  -2.6888338e+05
   8.3100000e+01   6.6744047e+04  -2.6197825e+05
   8.3200000e+01   5.2272805e+04  -2.5073975e+05
   8.3300000e+01   1.9980430e+04  -2.3154722e+05
   8.3400000e+01  -1.6874408e+04  -1.9545530e+05
   8.3500000e+01  -4.0064484e+04  -1.4135575e+05
   8.3600000e+01  -4.2313547e+04  -8.2483094e+04
   8.3700000e+01  -3.3630445e+04  -3.7159551e+04
   8.3800000e+01  -3.3289758e+04  -1.2901574e+04
   8.3900000e+01  -5.4657906e+04  -1.0984219e+03
   8.4000000e+01  -9.5719500e+04   1.1949364e+04
   8.4100000e+01  -1.4262755e+05   2.9971068e+04
   8.4200000e+01  -1.8167477e+05   4.4178203e+04
   8.4300000e+01  -2.0826480e+05   4.5161660e+04
   8.4400000e+01  -2.2633278e+05   3.4643391e+04
   8.4500000e+01  -2.4201706e+05   2.3271943e+04
   8.4600000e+01  -2.5929002e+05   1.7673160e+04
   8.4700000e+01  -2.7961800e+05   1.2899257e+04
   8.4800000e+01  -3.0171525e+05  -2.0133008e+02
   8.4900000e+01  -3.1957291e+05  -2.1384305e+04
   8.5000000e+01  -3.2308741e+05  -3.7780129e+04
   8.5100000e+01  -3.0488531e+05  -3.5701953e+04
   8.5200000e+01  -2.6813147e+05  -1.4498115e+04
   8.5300000e+01  -2.2543994e+05   1.3172125e+04
   8.5400000e+01  -1.8769966e+05   3.4929496e+04
   8.5500000e+01  -1.5484084e+05   5.0968668e+04
   8.5600000e+01  -1.2023938e+05   7.1791914e+04
   8.5700000e+01  -8.3852344e+04   1.0469515e+05
   8.5800000e+01  -5.6277977e+04   1.4460339e+05
   8.5900000e+01  -4.5534586e+04   1.7938634e+05
   8.6000000e+01  -4.1471844e+04   2.0313738e+05
   8.6100000e+01  -2.0038840e+04   2.2173673e+05
   8.6200000e+01   3.1797703e+04   2.4357544e+05
   8.6300000e+01   9.6571172e+04   2.6545769e+05
   8.6400000e+01   1.3696895e+05   2.7061500e+05
   8.6500000e+01   1.2969194e+05   2.4384441e+05
   8.6600000e+01   8.8690625e+04   1.8960614e+05
   8.6700000e+01   5.3261297e+04   1.3317264e+05
   8.6800000e+01   5.2579906e+04   1.0063538e+05
   8.6900000e+01   8.1682312e+04   9.5781219e+04
   8.7000000e+01   1.1043187e+05   9.6870070e+04
   8.7100000e+01   1.1326429e+05   7.7272266e+04
   8.7200000e+01   8.9607906e+04   2.9886178e+04
   8.7300000e+01   5.8521520e+04  -2.8147160e+04
   8.7400000e+01   3.8203473e+04  -7.2957336e+04
   8.7500000e+01   3.2943301e+04  -9.3900039e+04
   8.7600000e+01   3.7706457e+04  -9.6496156e+04
   8.7700000e+01   5.0333578e+04  -8.9760820e+04
   8.7800000e+01   7.5290797e+04  -7.5787242e+04
   8.7900000e+01   1.1551551e+05  -5.3379164e+04
   8.8000000e+01   1.6408136e+05  -2.8206260e+04
   8.8100000e+01   2.0729912e+05  -1.3615939e+04
   8.8200000e+01   2.3619662e+05  -1.8550502e+04
   8.8300000e+01   2.5249458e+05  -3.6264883e+04
   8.8400000e+01   2.6203042e+05  -4.8361820e+04
   8.8500000e+01   2.6467447e+05  -4.1713273e+04
   8.8600000e+01   2.5435053e+05  -2.0941156e+04
   8.8700000e+01   2.2926908e+05  -3.6458867e+03
   8.8800000e+01   1.9808953e+05  -4.2516162e+03
   8.8900000e+01   1.7187155e+05  -2.3831293e+04
   8.9000000e+01   1.5022512e+05  -5.5013590e+04
   8.9100000e+01   1.1940734e+05  -9.3477828e+04
   8.9200000e+01   6.7150750e+04  -1.4125836e+05
   8.9300000e+01  -1.3397246e+03  -1.9863391e+05
   8.9400000e+01  -6.4654078e+04  -2.5604862e+05
   8.9500000e+01  -1.0345790e+05  -2.9752709e+05
   8.9600000e+01  -1.1693457e+05  -3.1291916e+05
   8.9700000e+01  -1.2103597e+05  -3.0553081e+05
   8.9800000e+01  -1.3193383e+05  -2.8706384e+05
   8.9900000e+01  -1.5248512e+05  -2.6628319e+05
   9.0000000e+01  -1.7399652e+05  -2.4392789e+05
   9.0100000e+01  -1.8827100e+05  -2.1748786e+05
   9.0200000e+01  -1.9527630e+05  -1.8716692e+05
   9.0300000e+01  -1.9882859e+05  -1.5387983e+05
   9.0400000e+01  -1.9723627e+05  -1.1201310e+05
   9.0500000e+01  -1.8187123e+05  -4.9091766e+04
   9.0600000e+01  -1.4776223e+05   4.1530680e+04
   9.0700000e+01  -1.0564611e+05   1.4556797e+05
   9.0800000e+01  -8.0144852e+04   2.2922745e+05
   9.0900000e+01  -9.0814227e+04   2.6305419e+05
   9.1000000e+01  -1.3163633e+05   2.4954369e+05
   9.1100000e+01  -1.7052597e+05   2.2602809e+05
   9.1200000e+01  -1.7394189e+05   2.3428783e+05
   9.1300000e+01  -1.3615844e+05   2.8192962e+05
   9.1400000e+01  -8.4745844e+04   3.3284650e+05
   9.1500000e+01  -5.5187777e+04   3.3839256e+05
   9.1600000e+01  -5.8783625e+04   2.8076694e+05
   9.1700000e+01  -7.5533672e+04   1.8728283e+05
   9.1800000e+01  -7.7540172e+04   1.0345751e+05
   9.1900000e+01  -5.6335641e+04   5.3836859e+04
   9.2000000e+01  -2.5373787e+04   2.9038627e+04
   9.2100000e+01   1.3061545e+03   7.0690132e+03
   9.2200000e+01   2.6628961e+04  -1.8770268e+04
   9.2300000e+01   6.3779812e+04  -3.5794672e+04
   9.2400000e+01   1.1528379e+05  -3.1970684e+04
   9.2500000e+01   1.6436577e+05  -1.3373039e+04
   9.2600000e+01   1.8924834e+05   1.9561455e+03
   9.2700000e+01   1.8406511e+05   5.4766230e+03
   9.2800000e+01   1.6380931e+05   8.6375840e+03
   9.2900000e+01   1.4953862e+05   2.9339311e+04
   9.3000000e+01   1.5002298e+05   6.9539391e+04
   9.3100000e+01   1.5659950e+05   1.0965245e+05
   9.3200000e+01   1.5308531e+05   1.2647241e+05
   9.3300000e+01   1.2980012e+05   1.1489879e+05
   9.3400000e+01   9.0065375e+04   8.9803180e+04
   9.3500000e+01   4.5693457e+04   6.7087750e+04
   9.3600000e+01   6.9112070e+03   4.6190906e+04
   9.3700000e+01  -2.4115812e+04   1.3555964e+04
   9.3800000e+01  -5.1006762e+04  -3.8376254e+04
   9.3900000e+01  -7.5780594e+04  -9.9813383e+04
   9.4000000e+01  -9.5143625e+04  -1.5305570e+05
   9.4100000e+01  -1.0456105e+05  -1.9077452e+05
   9.4200000e+01  -1.0465525e+05  -2.2120777e+05
   9.4300000e+01  -1.0162346e+05  -2.5486994e+05
   9.4400000e+01  -1.0086077e+05  -2.8953081e+05
   9.4500000e+01  -1.0115745e+05  -3.1126416e+05
   9.4600000e+01  -9.5462094e+04  -3.0921319e+05
   9.4700000e+01  -7.6030672e+04  -2.8568788e+05
   9.4800000e+01  -3.8106141e+04  -2.5018889e+05
   9.4900000e+01   1.9036293e+04  -2.0625636e+05
   9.5000000e+01   9.0204664e+04  -1.4857991e+05
   9.5100000e+01   1.6147400e+05  -7.4610016e+04
   9.5200000e+01   2.1302628e+05   4.1118418e+03
   9.5300000e+01   2.3223456e+05   6.7584250e+04
   9.5400000e+01   2.2877420e+05   1.0760734e+05
   9.5500000e+01   2.3422052e+05   1.4079508e+05
   9.5600000e+01   2.7837488e+05   1.9585511e+05
   9.5700000e+01   3.5890775e+05   2.8312125e+05
   9.5800000e+01   4.3430016e+05   3.7680219e+05
   9.5900000e+01   4.5272641e+05   4.3168550e+05
   9.6000000e+01   3.9415456e+05   4.2121525e+05
   9.6100000e+01   2.8654812e+05   3.5969147e+05
   9.6200000e+01   1.8051264e+05   2.8655700e+05
   9.6300000e+01   1.0761833e+05   2.3037239e+05
   9.6400000e+01   6.2267578e+04   1.8987297e+05
   9.6500000e+01   2.0072838e+04   1.4760753e+05
   9.6600000e+01  -3.1920924e+04   9.5132688e+04
   9.6700000e+01  -8.5374812e+04   4.0265828e+04
   9.6800000e+01  -1.2641256e+05  -7.0046401e+03
   9.6900000e+01  -1.5434027e+05  -4.7615742e+04
   9.7000000e+01  -1.8172892e+05  -8.8417234e+04
   9.7100000e+01  -2.1831895e+05  -1.2777437e+05
   9.7200000e+01  -2.5859547e+05  -1.5265392e+05
   9.7300000e+01  -2.8622819e+05  -1.5257753e+05
   9.7400000e+01  -2.8902525e+05  -1.3386327e+05
   9.7500000e+01  -2.6822578e+05  -1.1637654e+05
   9.7600000e+01  -2.3435148e+05  -1.1517016e+05
   9.7700000e+01  -1.9673680e+05  -1.2668107e+05
   9.7800000e+01  -1.5872592e+05  -1.3410864e+05
   9.7900000e+01  -1.2168462e+05  -1.2562546e+05
   9.8000000e+01  -8.9979023e+04  -1.0568195e+05
   9.8100000e+01  -6.8908422e+04  -8.8177648e+04
   9.8200000e+01  -5.7942090e+04  -8.0670914e+04
   9.8300000e+01  -4.9208812e+04  -7.8122836e+04
   9.8400000e+01  -3.5665125e+04  -7.2626055e+04
   9.8500000e+01  -2.0631973e+04  -6.6369328e+04
   9.8600000e+01  -1.6475941e+04  -7.1344828e+04
   9.8700000e+01  -3.1616881e+04  -9.5455688e+04
   9.8800000e+01  -5.9350441e+04  -1.3138169e+05
   9.8900000e+01  -8.1652766e+04  -1.6174011e+05
   9.9000000e+01  -8.5004281e+04  -1.7507772e+05
   9.9100000e+01  -7.1393812e+04  -1.7462856e+05
   9.9200000e+01  -5.2819188e+04  -1.7041331e+05
   9.9300000e+01  -3.6762891e+04  -1.6495692e+05
   9.9400000e+01  -2.0735469e+04  -1.5055647e+05
   9.9500000e+01  -2.0760579e+03  -1.2193472e+05
   9.9600000e+01   1.1928127e+04  -8.7817727e+04
   9.9700000e+01   1.1092734e+04  -6.3663582e+04
   9.9800000e+01  -1.2054785e+02  -5.1803184e+04
   9.9900000e+01  -2.8720854e+03  -3.7663238e+04
   1.0000000e+02   1.0462530e+04  -1.2382289e+04
