   1.1851270e+02   3.6301420e+01   1.8450000e+02
   1.1864690e+02   3.6650884e+01   7.5600000e+01
   0.0000000e+00   5.3978388e+05   5.3978388e+05
   1.0000000e-01   6.4590775e+05   4.4464050e+05
   2.0000000e-01   7.6208750e+05   3.5416581e+05
   3.0000000e-01   8.7947762e+05   2.5865158e+05
   4.0000000e-01   9.8423362e+05   1.5031005e+05
   5.0000000e-01   1.0624144e+06   2.8475463e+04
   6.0000000e-01   1.1046799e+06  -9.7635234e+04
   7.0000000e-01   1.1091796e+06  -2.1195353e+05
   8.0000000e-01   1.0809611e+06  -3.0082681e+05
   9.0000000e-01   1.0268764e+06  -3.6213422e+05
   1.0000000e+00   9.4876681e+05  -4.0523862e+05
   1.1000000e+00   8.4136500e+05  -4.4066516e+05
   1.2000000e+00   6.9828225e+05  -4.6975894e+05
   1.3000000e+00   5.2049628e+05  -4.8538119e+05
   1.4000000e+00   3.1789294e+05  -4.8240812e+05
   1.5000000e+00   1.0230285e+05  -4.6568288e+05
   1.6000000e+00  -1.1889959e+05  -4.4663972e+05
   1.7000000e+00  -3.4051178e+05  -4.3333953e+05
   1.8000000e+00  -5.5228050e+05  -4.2545469e+05
   1.9000000e+00  -7.3735975e+05  -4.1856088e+05
   2.0000000e+00  -8.7957181e+05  -4.1126966e+05
   2.1000000e+00  -9.7119231e+05  -4.0729916e+05
   2.2000000e+00  -1.0131009e+06  -4.1198144e+05
   2.3000000e+00  -1.0095585e+06  -4.2801738e+05
   2.4000000e+00  -9.6561300e+05  -4.5312434e+05
   2.5000000e+00  -8.8921031e+05  -4.7860416e+05
   2.6000000e+00  -7.9241338e+05  -4.8933994e+05
   2.7000000e+00  -6.8757369e+05  -4.6904125e+05
   2.8000000e+00  -5.8151756e+05  -4.1170747e+05
   2.9000000e+00  -4.7337338e+05  -3.3185012e+05
   3.0000000e+00  -3.5761606e+05  -2.6252047e+05
   3.1000000e+00  -2.3011000e+05  -2.3862800e+05
   3.2000000e+00  -9.4658125e+04  -2.7637516e+05
   3.3000000e+00   3.3050844e+04  -3.6391247e+05
   3.4000000e+00   1.2903722e+05  -4.6901650e+05
   3.5000000e+00   1.7415741e+05  -5.5641838e+05
   3.6000000e+00   1.6908575e+05  -6.0253288e+05
   3.7000000e+00   1.3725464e+05  -6.0040331e+05
   3.8000000e+00   1.0991138e+05  -5.5522431e+05
   3.9000000e+00   1.0444245e+05  -4.7491062e+05
   4.0000000e+00   1.1477970e+05  -3.6133991e+05
   4.1000000e+00   1.2162608e+05  -2.0781848e+05
   4.2000000e+00   1.1189066e+05  -5.4571035e+03
   4.3000000e+00   8.9941094e+04   2.4530950e+05
   4.4000000e+00   7.3005812e+04   5.2719781e+05
   4.5000000e+00   7.7282844e+04   8.0955488e+05
   4.6000000e+00   1.0679634e+05   1.0608631e+06
   4.7000000e+00   1.5219566e+05   1.2610060e+06
   4.8000000e+00   1.9870270e+05   1.4053746e+06
   4.9000000e+00   2.3716947e+05   1.5003295e+06
   5.0000000e+00   2.7081722e+05   1.5551234e+06
   5.1000000e+00   3.1259619e+05   1.5754325e+06
   5.2000000e+00   3.7429909e+05   1.5610634e+06
   5.3000000e+00   4.5549934e+05   1.5083200e+06
   5.4000000e+00   5.4164762e+05   1.4153744e+06
   5.5000000e+00   6.1312588e+05   1.2862450e+06
   5.6000000e+00   6.5681850e+05   1.1289816e+06
   5.7000000e+00   6.6948169e+05   9.4919188e+05
   5.8000000e+00   6.5104850e+05   7.4641700e+05
   5.9000000e+00   5.9684081e+05   5.1939669e+05
   6.0000000e+00   4.9847184e+05   2.7592447e+05
   6.1000000e+00   3.5309341e+05   3.5345723e+04
   6.2000000e+00   1.7105675e+05  -1.8218548e+05
   6.3000000e+00  -2.6277629e+04  -3.7050653e+05
   6.4000000e+00  -2.1632975e+05  -5.4068731e+05
   6.5000000e+00  -3.8327781e+05  -7.0846800e+05
   6.6000000e+00  -5.1850503e+05  -8.7862894e+05
   6.7000000e+00  -6.1686800e+05  -1.0417274e+06
   6.8000000e+00  -6.7537506e+05  -1.1841380e+06
   6.9000000e+00  -6.9517100e+05  -1.2984421e+06
   7.0000000e+00  -6.8153031e+05  -1.3838276e+06
   7.1000000e+00  -6.3890781e+05  -1.4396999e+06
   7.2000000e+00  -5.6635525e+05  -1.4622929e+06
   7.3000000e+00  -4.6097331e+05  -1.4473552e+06
   7.4000000e+00  -3.2791972e+05  -1.3935479e+06
   7.5000000e+00  -1.8514897e+05  -1.3023438e+06
   7.6000000e+00  -5.4332941e+04  -1.1769766e+06
   7.7000000e+00   5.4490012e+04  -1.0241007e+06
   7.8000000e+00   1.4714823e+05  -8.5615638e+05
   7.9000000e+00   2.3204430e+05  -6.8921938e+05
   8.0000000e+00   3.0387847e+05  -5.3563619e+05
   8.1000000e+00   3.4402794e+05  -3.9705816e+05
   8.2000000e+00   3.3817109e+05  -2.6386716e+05
   8.3000000e+00   2.9068328e+05  -1.2183927e+05
   8.4000000e+00   2.1869009e+05   3.7955371e+04
   8.5000000e+00   1.3317031e+05   2.1164203e+05
   8.6000000e+00   3.0014902e+04   3.8212503e+05
   8.7000000e+00  -9.8689352e+04   5.2714238e+05
   8.8000000e+00  -2.4762767e+05   6.3150256e+05
   8.9000000e+00  -3.9624406e+05   6.9505462e+05
   9.0000000e+00  -5.2388950e+05   7.3045406e+05
   9.1000000e+00  -6.2477894e+05   7.5298700e+05
   9.2000000e+00  -7.0759344e+05   7.7083212e+05
   9.3000000e+00  -7.8260406e+05   7.8246406e+05
   9.4000000e+00  -8.5030712e+05   7.8136894e+05
   9.5000000e+00  -8.9997300e+05   7.6349531e+05
   9.6000000e+00  -9.1570888e+05   7.3231331e+05
   9.7000000e+00  -8.8436950e+05   6.9803088e+05
   9.8000000e+00  -8.0234350e+05   6.7053456e+05
   9.9000000e+00  -6.7880912e+05   6.5035300e+05
   1.0000000e+01  -5.3200300e+05   6.2554006e+05
   1.0100000e+01  -3.7887531e+05   5.7930756e+05
   1.0200000e+01  -2.2615783e+05   5.0362991e+05
   1.0300000e+01  -7.2110117e+04   4.0689216e+05
   1.0400000e+01   8.1625938e+04   3.0782688e+05
   1.0500000e+01   2.1996897e+05   2.2068566e+05
   1.0600000e+01   3.1769503e+05   1.4513891e+05
   1.0700000e+01   3.5513647e+05   7.0012242e+04
   1.0800000e+01   3.3347225e+05  -1.2888304e+04
   1.0900000e+01   2.7717741e+05  -9.7613633e+04
   1.1000000e+01   2.2239588e+05  -1.6578030e+05
   1.1100000e+01   2.0087836e+05  -2.0009705e+05
   1.1200000e+01   2.3057077e+05  -1.9819159e+05
   1.1300000e+01   3.1643306e+05  -1.7427592e+05
   1.1400000e+01   4.5658678e+05  -1.4657956e+05
   1.1500000e+01   6.4678338e+05  -1.2227585e+05
   1.1600000e+01   8.8061469e+05  -9.5505859e+04
   1.1700000e+01   1.1477611e+06  -6.1670805e+04
   1.1800000e+01   1.4329365e+06  -3.2976934e+04
   1.1900000e+01   1.7157698e+06  -3.6144648e+04
   1.2000000e+01   1.9716082e+06  -9.0604516e+04
   1.2100000e+01   2.1753210e+06  -1.8746400e+05
   1.2200000e+01   2.3094042e+06  -2.9140738e+05
   1.2300000e+01   2.3720465e+06  -3.6571034e+05
   1.2400000e+01   2.3768690e+06  -3.9774650e+05
   1.2500000e+01   2.3412735e+06  -4.0280603e+05
   1.2600000e+01   2.2714792e+06  -4.0585488e+05
   1.2700000e+01   2.1571130e+06  -4.2008541e+05
   1.2800000e+01   1.9799659e+06  -4.3982562e+05
   1.2900000e+01   1.7285016e+06  -4.4916009e+05
   1.3000000e+01   1.4055455e+06  -4.3496966e+05
   1.3100000e+01   1.0245689e+06  -3.9383259e+05
   1.3200000e+01   6.0026094e+05  -3.3091891e+05
   1.3300000e+01   1.4159319e+05  -2.5530827e+05
   1.3400000e+01  -3.4903978e+05  -1.7603592e+05
   1.3500000e+01  -8.7164838e+05  -9.9775336e+04
   1.3600000e+01  -1.4219702e+06  -2.9123494e+04
   1.3700000e+01  -1.9856248e+06   3.8355074e+04
   1.3800000e+01  -2.5375365e+06   1.0823872e+05
   1.3900000e+01  -3.0489230e+06   1.8354338e+05
   1.4000000e+01  -3.4974982e+06   2.5877919e+05
   1.4100000e+01  -3.8717620e+06   3.2018603e+05
   1.4200000e+01  -4.1648665e+06   3.5432169e+05
   1.4300000e+01  -4.3644585e+06   3.5830934e+05
   1.4400000e+01  -4.4501075e+06   3.4150416e+05
   1.4500000e+01  -4.4021845e+06   3.1603141e+05
   1.4600000e+01  -4.2135500e+06   2.8542059e+05
   1.4700000e+01  -3.8924898e+06   2.4300284e+05
   1.4800000e+01  -3.4551198e+06   1.8143594e+05
   1.4900000e+01  -2.9163900e+06   1.0308246e+05
   1.5000000e+01  -2.2888928e+06   2.0883133e+04
   1.5100000e+01  -1.5892904e+06  -5.0115906e+04
   1.5200000e+01  -8.4478662e+05  -1.0177357e+05
   1.5300000e+01  -9.3426781e+04  -1.3523111e+05
   1.5400000e+01   6.2150981e+05  -1.5709400e+05
   1.5500000e+01   1.2587391e+06  -1.7416172e+05
   1.5600000e+01   1.7844110e+06  -1.8990486e+05
   1.5700000e+01   2.1753422e+06  -2.0316102e+05
   1.5800000e+01   2.4213750e+06  -2.0909122e+05
   1.5900000e+01   2.5276610e+06  -2.0258081e+05
   1.6000000e+01   2.5154590e+06  -1.8261739e+05
   1.6100000e+01   2.4184680e+06  -1.5436978e+05
   1.6200000e+01   2.2734338e+06  -1.2676688e+05
   1.6300000e+01   2.1087105e+06  -1.0692462e+05
   1.6400000e+01   1.9381415e+06  -9.5280867e+04
   1.6500000e+01   1.7651116e+06  -8.4689812e+04
   1.6600000e+01   1.5938121e+06  -6.4113484e+04
   1.6700000e+01   1.4384994e+06  -2.4951133e+04
   1.6800000e+01   1.3228500e+06   3.3532684e+04
   1.6900000e+01   1.2691958e+06   1.0309918e+05
   1.7000000e+01   1.2850041e+06   1.7069575e+05
   1.7100000e+01   1.3560590e+06   2.2509822e+05
   1.7200000e+01   1.4516494e+06   2.6137538e+05
   1.7300000e+01   1.5393300e+06   2.8051269e+05
   1.7400000e+01   1.5999212e+06   2.8550066e+05
   1.7500000e+01   1.6321242e+06   2.7731547e+05
   1.7600000e+01   1.6430522e+06   2.5328923e+05
   1.7700000e+01   1.6324648e+06   2.0853325e+05
   1.7800000e+01   1.5848949e+06   1.4005117e+05
   1.7900000e+01   1.4776945e+06   5.2039875e+04
   1.8000000e+01   1.2983109e+06  -4.1146398e+04
   1.8100000e+01   1.0548350e+06  -1.1836792e+05
   1.8200000e+01   7.7018362e+05  -1.6148766e+05
   1.8300000e+01   4.6616822e+05  -1.6546152e+05
   1.8400000e+01   1.5251695e+05  -1.4073302e+05
   1.8500000e+01  -1.7086500e+05  -1.0562464e+05
   1.8600000e+01  -5.0350734e+05  -7.4558508e+04
   1.8700000e+01  -8.3640250e+05  -5.0449082e+04
   1.8800000e+01  -1.1517021e+06  -2.4981344e+04
   1.8900000e+01  -1.4285232e+06   1.5243353e+04
   1.9000000e+01  -1.6513839e+06   8.0489781e+04
   1.9100000e+01  -1.8175289e+06   1.7072509e+05
   1.9200000e+01  -1.9377795e+06   2.7283453e+05
   1.9300000e+01  -2.0273936e+06   3.6522009e+05
   1.9400000e+01  -2.0922905e+06   4.2853488e+05
   1.9500000e+01  -2.1235478e+06   4.5530797e+05
   1.9600000e+01  -2.1070372e+06   4.5058350e+05
   1.9700000e+01  -2.0390904e+06   4.2300503e+05
   1.9800000e+01  -1.9315478e+06   3.7434716e+05
   1.9900000e+01  -1.8009652e+06   2.9686659e+05
   2.0000000e+01  -1.6540588e+06   1.8110531e+05
   2.0100000e+01  -1.4846569e+06   2.8192281e+04
   2.0200000e+01  -1.2842136e+06  -1.4336758e+05
   2.0300000e+01  -1.0547765e+06  -3.0333800e+05
   2.0400000e+01  -8.1302556e+05  -4.2557309e+05
   2.0500000e+01  -5.8307744e+05  -5.0220997e+05
   2.0600000e+01  -3.8373647e+05  -5.4373506e+05
   2.0700000e+01  -2.1864572e+05  -5.6435769e+05
   2.0800000e+01  -7.6260953e+04  -5.6667375e+05
   2.0900000e+01   5.9332938e+04  -5.4068519e+05
   2.1000000e+01   1.9454341e+05  -4.7716097e+05
   2.1100000e+01   3.2135081e+05  -3.8063338e+05
   2.1200000e+01   4.2632406e+05  -2.6938709e+05
   2.1300000e+01   5.0527928e+05  -1.6457581e+05
   2.1400000e+01   5.6952819e+05  -7.9814367e+04
   2.1500000e+01   6.3781006e+05  -1.8060062e+04
   2.1600000e+01   7.2131306e+05   2.5795225e+04
   2.1700000e+01   8.1469794e+05   5.9703980e+04
   2.1800000e+01   9.0023006e+05   8.7513992e+04
   2.1900000e+01   9.6162419e+05   1.0338095e+05
   2.2000000e+01   9.9686644e+05   9.4199695e+04
   2.2100000e+01   1.0195991e+06   5.1876219e+04
   2.2200000e+01   1.0471709e+06  -1.4449664e+04
   2.2300000e+01   1.0851334e+06  -7.9801562e+04
   2.2400000e+01   1.1223710e+06  -1.1961360e+05
   2.2500000e+01   1.1416881e+06  -1.2620533e+05
   2.2600000e+01   1.1351371e+06  -1.1021586e+05
   2.2700000e+01   1.1083464e+06  -8.7280031e+04
   2.2800000e+01   1.0699822e+06  -6.4078191e+04
   2.2900000e+01   1.0184431e+06  -3.5722797e+04
   2.3000000e+01   9.4005569e+05   6.4554414e+03
   2.3100000e+01   8.1989950e+05   6.5898703e+04
   2.3200000e+01   6.5365312e+05   1.3722405e+05
   2.3300000e+01   4.4997516e+05   2.0833919e+05
   2.3400000e+01   2.2417145e+05   2.6597384e+05
   2.3500000e+01  -8.6098867e+03   3.0244184e+05
   2.3600000e+01  -2.3556761e+05   3.2022622e+05
   2.3700000e+01  -4.4594519e+05   3.2997975e+05
   2.3800000e+01  -6.3199531e+05   3.4147059e+05
   2.3900000e+01  -7.9037969e+05   3.5428153e+05
   2.4000000e+01  -9.2028619e+05   3.5714638e+05
   2.4100000e+01  -1.0185294e+06   3.3723697e+05
   2.4200000e+01  -1.0775240e+06   2.9088653e+05
   2.4300000e+01  -1.0904196e+06   2.2618795e+05
   2.4400000e+01  -1.0588961e+06   1.5645075e+05
   2.4500000e+01  -9.9407438e+05   9.1445516e+04
   2.4600000e+01  -9.0768494e+05   3.2941012e+04
   2.4700000e+01  -8.0251638e+05  -2.4367207e+04
   2.4800000e+01  -6.7333506e+05  -8.8389844e+04
   2.4900000e+01  -5.1801753e+05  -1.6331133e+05
   2.5000000e+01  -3.4657691e+05  -2.4407848e+05
   2.5100000e+01  -1.7762823e+05  -3.1632141e+05
   2.5200000e+01  -2.5547779e+04  -3.6382425e+05
   2.5300000e+01   1.0861516e+05  -3.7844569e+05
   2.5400000e+01   2.3393839e+05  -3.6371888e+05
   2.5500000e+01   3.5838728e+05  -3.2920822e+05
   2.5600000e+01   4.8089344e+05  -2.8204759e+05
   2.5700000e+01   5.9329081e+05  -2.2390922e+05
   2.5800000e+01   6.8820650e+05  -1.5455105e+05
   2.5900000e+01   7.6379919e+05  -7.6545086e+04
   2.6000000e+01   8.2075356e+05   3.2557385e+03
   2.6100000e+01   8.5570962e+05   7.5243086e+04
   2.6200000e+01   8.5877056e+05   1.2980776e+05
   2.6300000e+01   8.1751762e+05   1.6101169e+05
   2.6400000e+01   7.2292725e+05   1.7021566e+05
   2.6500000e+01   5.7232988e+05   1.6609311e+05
   2.6600000e+01   3.7022000e+05   1.5875353e+05
   2.6700000e+01   1.3006470e+05   1.5207445e+05
   2.6800000e+01  -1.2458098e+05   1.4202494e+05
   2.6900000e+01  -3.6511225e+05   1.2325009e+05
   2.7000000e+01  -5.6887225e+05   9.6834781e+04
   2.7100000e+01  -7.2678250e+05   7.0553852e+04
   2.7200000e+01  -8.3946506e+05   5.1544633e+04
   2.7300000e+01  -9.0642506e+05   3.9808031e+04
   2.7400000e+01  -9.2130856e+05   2.9291104e+04
   2.7500000e+01  -8.7867469e+05   1.4485660e+04
   2.7600000e+01  -7.8338181e+05  -4.6456494e+03
   2.7700000e+01  -6.5113981e+05  -2.3446473e+04
   2.7800000e+01  -5.0040162e+05  -3.7175695e+04
   2.7900000e+01  -3.4545203e+05  -4.5284828e+04
   2.8000000e+01  -1.9649358e+05  -5.2435227e+04
   2.8100000e+01  -6.2496863e+04  -6.5236375e+04
   2.8200000e+01   4.9080410e+04  -8.6116961e+04
   2.8300000e+01   1.3456972e+05  -1.0900584e+05
   2.8400000e+01   1.9349442e+05  -1.2206248e+05
   2.8500000e+01   2.2528455e+05  -1.1702982e+05
   2.8600000e+01   2.2875938e+05  -9.6961508e+04
   2.8700000e+01   2.0637058e+05  -7.3719250e+04
   2.8800000e+01   1.6732664e+05  -5.6606453e+04
   2.8900000e+01   1.2313315e+05  -4.3756625e+04
   2.9000000e+01   7.8333664e+04  -2.6030514e+04
   2.9100000e+01   2.7227223e+04   5.4156250e+01
   2.9200000e+01  -3.7095133e+04   2.4113930e+04
   2.9300000e+01  -1.0872052e+05   2.7884359e+04
   2.9400000e+01  -1.6499561e+05   5.3037598e+02
   2.9500000e+01  -1.7953614e+05  -5.0828832e+04
   2.9600000e+01  -1.4181080e+05  -1.0472172e+05
   2.9700000e+01  -6.4934664e+04  -1.3951762e+05
   2.9800000e+01   2.6039441e+04  -1.4643575e+05
   2.9900000e+01   1.1395737e+05  -1.3216412e+05
   3.0000000e+01   1.9840959e+05  -1.1083764e+05
   3.0100000e+01   2.8621184e+05  -9.2385492e+04
   3.0200000e+01   3.7496438e+05  -7.5606516e+04
   3.0300000e+01   4.4744800e+05  -5.0369520e+04
   3.0400000e+01   4.8255703e+05  -6.8667930e+03
   3.0500000e+01   4.7148334e+05   5.5318535e+04
   3.0600000e+01   4.2349359e+05   1.2547907e+05
   3.0700000e+01   3.5708931e+05   1.8840158e+05
   3.0800000e+01   2.8636712e+05   2.3322706e+05
   3.0900000e+01   2.1486475e+05   2.5728167e+05
   3.1000000e+01   1.3994755e+05   2.6342322e+05
   3.1100000e+01   6.1419477e+04   2.5549273e+05
   3.1200000e+01  -1.2911719e+04   2.3635375e+05
   3.1300000e+01  -6.7436781e+04   2.0847433e+05
   3.1400000e+01  -8.4342344e+04   1.7462933e+05
   3.1500000e+01  -5.3072074e+04   1.3800938e+05
   3.1600000e+01   2.1011027e+04   1.0248548e+05
   3.1700000e+01   1.1662019e+05   7.2381508e+04
   3.1800000e+01   2.0880150e+05   5.0348836e+04
   3.1900000e+01   2.8522319e+05   3.4811180e+04
   3.2000000e+01   3.5148381e+05   2.0963414e+04
   3.2100000e+01   4.1955044e+05   6.0340254e+03
   3.2200000e+01   4.9084800e+05  -6.6337383e+03
   3.2300000e+01   5.5135644e+05  -1.0254312e+04
   3.2400000e+01   5.8262700e+05  -1.9382393e+03
   3.2500000e+01   5.7532481e+05   1.3306046e+04
   3.2600000e+01   5.3088388e+05   2.6006035e+04
   3.2700000e+01   4.5231172e+05   2.8669152e+04
   3.2800000e+01   3.3761622e+05   1.8988748e+04
   3.2900000e+01   1.8425269e+05  -3.5910690e+02
   3.3000000e+01  -1.9178776e+03  -2.1713164e+04
   3.3100000e+01  -2.0539933e+05  -3.2842273e+04
   3.3200000e+01  -4.0987259e+05  -2.2713867e+04
   3.3300000e+01  -6.0687844e+05   7.7191992e+03
   3.3400000e+01  -7.9453950e+05   4.0021820e+04
   3.3500000e+01  -9.6854494e+05   4.8001766e+04
   3.3600000e+01  -1.1162979e+06   1.7757828e+04
   3.3700000e+01  -1.2206391e+06  -4.0396480e+04
   3.3800000e+01  -1.2685869e+06  -1.0111927e+05
   3.3900000e+01  -1.2564074e+06  -1.4641012e+05
   3.4000000e+01  -1.1883274e+06  -1.7959316e+05
   3.4100000e+01  -1.0732635e+06  -2.1837767e+05
   3.4200000e+01  -9.2369144e+05  -2.7580062e+05
   3.4300000e+01  -7.5547912e+05  -3.4804834e+05
   3.4400000e+01  -5.8523238e+05  -4.1822788e+05
   3.4500000e+01  -4.2519181e+05  -4.6898359e+05
   3.4600000e+01  -2.7968153e+05  -4.9192272e+05
   3.4700000e+01  -1.4624028e+05  -4.8906194e+05
   3.4800000e+01  -2.0191840e+04  -4.6883406e+05
   3.4900000e+01   1.0109587e+05  -4.3979872e+05
   3.5000000e+01   2.1642928e+05  -4.0396606e+05
   3.5100000e+01   3.2104625e+05  -3.5352278e+05
   3.5200000e+01   4.0827809e+05  -2.7557731e+05
   3.5300000e+01   4.7305631e+05  -1.6363586e+05
   3.5400000e+01   5.1646625e+05  -2.6379121e+04
   3.5500000e+01   5.4725875e+05   1.1530977e+05
   3.5600000e+01   5.7627694e+05   2.4132128e+05
   3.5700000e+01   6.0628056e+05   3.4372991e+05
   3.5800000e+01   6.2680819e+05   4.2715450e+05
   3.5900000e+01   6.2149119e+05   4.9964406e+05
   3.6000000e+01   5.8293238e+05   5.6338712e+05
   3.6100000e+01   5.2071734e+05   6.1232612e+05
   3.6200000e+01   4.5382319e+05   6.3648469e+05
   3.6300000e+01   3.9500116e+05   6.2837388e+05
   3.6400000e+01   3.4325141e+05   5.8725544e+05
   3.6500000e+01   2.9092719e+05   5.1941634e+05
   3.6600000e+01   2.3565412e+05   4.3479912e+05
   3.6700000e+01   1.8344381e+05   3.4224328e+05
   3.6800000e+01   1.4150350e+05   2.4655847e+05
   3.6900000e+01   1.1120162e+05   1.4940572e+05
   3.7000000e+01   8.9317266e+04   5.3028371e+04
   3.7100000e+01   7.4214984e+04  -3.6340516e+04
   3.7200000e+01   6.8550211e+04  -1.0839734e+05
   3.7300000e+01   7.6300852e+04  -1.5293900e+05
   3.7400000e+01   9.8974789e+04  -1.6632791e+05
   3.7500000e+01   1.3462394e+05  -1.5576502e+05
   3.7600000e+01   1.7806391e+05  -1.3685305e+05
   3.7700000e+01   2.2049752e+05  -1.2428003e+05
   3.7800000e+01   2.5078975e+05  -1.2192475e+05
   3.7900000e+01   2.6045639e+05  -1.2083136e+05
   3.8000000e+01   2.4857166e+05  -1.0754788e+05
   3.8100000e+01   2.2052306e+05  -7.6130242e+04
   3.8200000e+01   1.8141473e+05  -3.3859273e+04
   3.8300000e+01   1.3243645e+05   3.3993936e+03
   3.8400000e+01   7.5068578e+04   2.1593773e+04
   3.8500000e+01   1.6774504e+04   1.6669352e+04
   3.8600000e+01  -3.1602457e+04  -4.1912168e+03
   3.8700000e+01  -6.5889359e+04  -2.7898854e+04
   3.8800000e+01  -9.3972141e+04  -4.3848953e+04
   3.8900000e+01  -1.2834134e+05  -5.0680262e+04
   3.9000000e+01  -1.7288255e+05  -5.6963930e+04
   3.9100000e+01  -2.1834620e+05  -7.4404336e+04
   3.9200000e+01  -2.5106308e+05  -1.0788291e+05
   3.9300000e+01  -2.6499488e+05  -1.5054230e+05
   3.9400000e+01  -2.6541319e+05  -1.8873741e+05
   3.9500000e+01  -2.6334775e+05  -2.1258062e+05
   3.9600000e+01  -2.6851356e+05  -2.2201469e+05
   3.9700000e+01  -2.8592644e+05  -2.2287794e+05
   3.9800000e+01  -3.1488100e+05  -2.1809544e+05
   3.9900000e+01  -3.4848103e+05  -2.0413606e+05
   4.0000000e+01  -3.7594919e+05  -1.7644191e+05
   4.0100000e+01  -3.8948203e+05  -1.3712612e+05
   4.0200000e+01  -3.9104950e+05  -9.5868961e+04
   4.0300000e+01  -3.9150109e+05  -6.2898113e+04
   4.0400000e+01  -4.0116088e+05  -4.1527219e+04
   4.0500000e+01  -4.2082472e+05  -2.7412039e+04
   4.0600000e+01  -4.4228762e+05  -1.3981843e+04
   4.0700000e+01  -4.5692175e+05   2.2131045e+03
   4.0800000e+01  -4.6196891e+05   2.0706135e+04
   4.0900000e+01  -4.5798703e+05   3.9700258e+04
   4.1000000e+01  -4.4239806e+05   5.8218680e+04
   4.1100000e+01  -4.0874288e+05   7.6130625e+04
   4.1200000e+01  -3.5338150e+05   9.3296562e+04
   4.1300000e+01  -2.8121894e+05   1.0919702e+05
   4.1400000e+01  -2.0249556e+05   1.2275103e+05
   4.1500000e+01  -1.2319059e+05   1.3187686e+05
   4.1600000e+01  -3.9376496e+04   1.3394308e+05
   4.1700000e+01   5.8127840e+04   1.2823190e+05
   4.1800000e+01   1.7340947e+05   1.1840834e+05
   4.1900000e+01   2.9979172e+05   1.1082258e+05
   4.2000000e+01   4.2409128e+05   1.0811145e+05
   4.2100000e+01   5.3593338e+05   1.0436168e+05
   4.2200000e+01   6.3263269e+05   8.8950062e+04
   4.2300000e+01   7.1550081e+05   5.7409992e+04
   4.2400000e+01   7.8301538e+05   1.8402461e+04
   4.2500000e+01   8.2966988e+05  -1.1808408e+04
   4.2600000e+01   8.5227025e+05  -2.3100871e+04
   4.2700000e+01   8.5552294e+05  -2.0215637e+04
   4.2800000e+01   8.4817081e+05  -1.8415359e+04
   4.2900000e+01   8.3197531e+05  -3.0987186e+04
   4.3000000e+01   7.9613419e+05  -5.9806980e+04
   4.3100000e+01   7.2565394e+05  -9.5165672e+04
   4.3200000e+01   6.1660738e+05  -1.2268861e+05
   4.3300000e+01   4.8203219e+05  -1.3173995e+05
   4.3400000e+01   3.4154481e+05  -1.2096498e+05
   4.3500000e+01   2.0573181e+05  -9.8444352e+04
   4.3600000e+01   7.2132359e+04  -7.5825188e+04
   4.3700000e+01  -6.3801875e+04  -5.9427961e+04
   4.3800000e+01  -1.9626242e+05  -4.4848098e+04
   4.3900000e+01  -3.0956041e+05  -2.0288746e+04
   4.4000000e+01  -3.9073091e+05   2.3043258e+04
   4.4100000e+01  -4.4036819e+05   8.1939391e+04
   4.4200000e+01  -4.7095878e+05   1.4189894e+05
   4.4300000e+01  -4.9592091e+05   1.8787519e+05
   4.4400000e+01  -5.2085606e+05   2.1608319e+05
   4.4500000e+01  -5.4373312e+05   2.3587870e+05
   4.4600000e+01  -5.6075088e+05   2.5910297e+05
   4.4700000e+01  -5.7082950e+05   2.8650631e+05
   4.4800000e+01  -5.7577412e+05   3.0486112e+05
   4.4900000e+01  -5.7822594e+05   2.9835338e+05
   4.5000000e+01  -5.8011569e+05   2.6284841e+05
   4.5100000e+01  -5.8197900e+05   2.0821245e+05
   4.5200000e+01  -5.8237038e+05   1.4711256e+05
   4.5300000e+01  -5.7768319e+05   8.3889133e+04
   4.5400000e+01  -5.6347625e+05   1.5845510e+04
   4.5500000e+01  -5.3710631e+05  -5.6975211e+04
   4.5600000e+01  -4.9950972e+05  -1.2787805e+05
   4.5700000e+01  -4.5408447e+05  -1.9068603e+05
   4.5800000e+01  -4.0336622e+05  -2.4692012e+05
   4.5900000e+01  -3.4672297e+05  -3.0121134e+05
   4.6000000e+01  -2.8142234e+05  -3.4994078e+05
   4.6100000e+01  -2.0561581e+05  -3.7945203e+05
   4.6200000e+01  -1.1951059e+05  -3.7911872e+05
   4.6300000e+01  -2.3393381e+04  -3.5437834e+05
   4.6400000e+01   8.4478484e+04  -3.2268419e+05
   4.6500000e+01   2.0653878e+05  -2.9560816e+05
   4.6600000e+01   3.4181938e+05  -2.6768400e+05
   4.6700000e+01   4.8338878e+05  -2.2473147e+05
   4.6800000e+01   6.1985456e+05  -1.6126402e+05
   4.6900000e+01   7.3907081e+05  -8.7023430e+04
   4.7000000e+01   8.3107562e+05  -1.7187652e+04
   4.7100000e+01   8.8983419e+05   4.0400715e+04
   4.7200000e+01   9.1458688e+05   8.7234477e+04
   4.7300000e+01   9.0968906e+05   1.2687380e+05
   4.7400000e+01   8.8126788e+05   1.5956767e+05
   4.7500000e+01   8.3267506e+05   1.8370180e+05
   4.7600000e+01   7.6371950e+05   1.9877103e+05
   4.7700000e+01   6.7533156e+05   2.0479088e+05
   4.7800000e+01   5.7458550e+05   2.0071956e+05
   4.7900000e+01   4.7380281e+05   1.8617536e+05
   4.8000000e+01   3.8391484e+05   1.6405964e+05
   4.8100000e+01   3.0837059e+05   1.3838809e+05
   4.8200000e+01   2.4257220e+05   1.0854772e+05
   4.8300000e+01   1.7792341e+05   6.8586344e+04
   4.8400000e+01   1.0663392e+05   1.5516650e+04
   4.8500000e+01   2.4969270e+04  -4.1780441e+04
   4.8600000e+01  -6.5647172e+04  -8.4867031e+04
   4.8700000e+01  -1.6027450e+05  -9.9291547e+04
   4.8800000e+01  -2.5441867e+05  -8.6189562e+04
   4.8900000e+01  -3.4712612e+05  -6.0300688e+04
   4.9000000e+01  -4.3965881e+05  -3.6931508e+04
   4.9100000e+01  -5.3070988e+05  -2.0667820e+04
   4.9200000e+01  -6.1368806e+05  -5.0223931e+03
   4.9300000e+01  -6.7987606e+05   1.8884410e+04
   4.9400000e+01  -7.2465712e+05   5.3207477e+04
   4.9500000e+01  -7.5041612e+05   9.0846641e+04
   4.9600000e+01  -7.6335250e+05   1.2071427e+05
   4.9700000e+01  -7.6759512e+05   1.3637617e+05
   4.9800000e+01  -7.6181112e+05   1.4082269e+05
   4.9900000e+01  -7.4029756e+05   1.4270759e+05
   5.0000000e+01  -6.9694931e+05   1.4711964e+05
   5.0100000e+01  -6.2948388e+05   1.5007369e+05
   5.0200000e+01  -5.4164688e+05   1.4270231e+05
   5.0300000e+01  -4.4165369e+05   1.2073149e+05
   5.0400000e+01  -3.3701662e+05   8.9050094e+04
   5.0500000e+01  -2.2944044e+05   5.7134691e+04
   5.0600000e+01  -1.1491935e+05   3.1285086e+04
   5.0700000e+01   9.9518838e+03   1.1553181e+04
   5.0800000e+01   1.4119809e+05  -6.0195781e+03
   5.0900000e+01   2.6752259e+05  -2.6724445e+04
   5.1000000e+01   3.7779584e+05  -5.6001070e+04
   5.1100000e+01   4.6845894e+05  -9.6959773e+04
   5.1200000e+01   5.4336369e+05  -1.4602428e+05
   5.1300000e+01   6.0691994e+05  -1.9199803e+05
   5.1400000e+01   6.5827406e+05  -2.2287962e+05
   5.1500000e+01   6.9179212e+05  -2.3563275e+05
   5.1600000e+01   7.0135938e+05  -2.3849152e+05
   5.1700000e+01   6.8296625e+05  -2.4219377e+05
   5.1800000e+01   6.3444938e+05  -2.4883961e+05
   5.1900000e+01   5.5572881e+05  -2.5009709e+05
   5.2000000e+01   4.5084778e+05  -2.3636988e+05
   5.2100000e+01   3.2837341e+05  -2.0693977e+05
   5.2200000e+01   1.9745066e+05  -1.7068230e+05
   5.2300000e+01   6.3087086e+04  -1.3714972e+05
   5.2400000e+01  -7.3062664e+04  -1.0723119e+05
   5.2500000e+01  -2.0634628e+05  -7.2399281e+04
   5.2600000e+01  -3.2498666e+05  -2.3222793e+04
   5.2700000e+01  -4.1455144e+05   4.0465574e+04
   5.2800000e+01  -4.6734681e+05   1.0677524e+05
   5.2900000e+01  -4.8680481e+05   1.5910884e+05
   5.3000000e+01  -4.8257128e+05   1.8771020e+05
   5.3100000e+01  -4.6238044e+05   1.9574148e+05
   5.3200000e+01  -4.2898016e+05   1.9505350e+05
   5.3300000e+01  -3.8272353e+05   1.9596467e+05
   5.3400000e+01  -3.2402375e+05   2.0017444e+05
   5.3500000e+01  -2.5268302e+05   2.0209259e+05
   5.3600000e+01  -1.6760345e+05   1.9580067e+05
   5.3700000e+01  -7.0272492e+04   1.8065577e+05
   5.3800000e+01   3.1243574e+04   1.6132992e+05
   5.3900000e+01   1.2405934e+05   1.4381502e+05
   5.4000000e+01   1.9814994e+05   1.3173673e+05
   5.4100000e+01   2.5244966e+05   1.2546721e+05
   5.4200000e+01   2.9303456e+05   1.2303588e+05
   5.4300000e+01   3.2599725e+05   1.2070983e+05
   5.4400000e+01   3.5306819e+05   1.1315163e+05
   5.4500000e+01   3.7350225e+05   9.5137930e+04
   5.4600000e+01   3.8773819e+05   6.5468070e+04
   5.4700000e+01   3.9719519e+05   2.9880391e+04
   5.4800000e+01   4.0083538e+05  -1.2543359e+03
   5.4900000e+01   3.9376519e+05  -2.0027301e+04
   5.5000000e+01   3.7029653e+05  -2.6596375e+04
   5.5100000e+01   3.2816709e+05  -2.7577469e+04
   5.5200000e+01   2.6976831e+05  -2.8964898e+04
   5.5300000e+01   2.0037984e+05  -3.1179264e+04
   5.5400000e+01   1.2607491e+05  -3.0947475e+04
   5.5500000e+01   5.2231691e+04  -2.6706270e+04
   5.5600000e+01  -1.8262635e+04  -2.0931855e+04
   5.5700000e+01  -8.6311070e+04  -1.7576236e+04
   5.5800000e+01  -1.5473672e+05  -1.8785154e+04
   5.5900000e+01  -2.2346433e+05  -2.4883285e+04
   5.6000000e+01  -2.8687622e+05  -3.6644004e+04
   5.6100000e+01  -3.3753322e+05  -5.6212555e+04
   5.6200000e+01  -3.7288203e+05  -8.5595523e+04
   5.6300000e+01  -3.9692488e+05  -1.2501606e+05
   5.6400000e+01  -4.1436450e+05  -1.7292869e+05
   5.6500000e+01  -4.2409197e+05  -2.2640545e+05
   5.6600000e+01  -4.1977353e+05  -2.7997441e+05
   5.6700000e+01  -3.9637431e+05  -3.2425212e+05
   5.6800000e+01  -3.5458406e+05  -3.4827519e+05
   5.6900000e+01  -2.9896709e+05  -3.4645772e+05
   5.7000000e+01  -2.3412411e+05  -3.2462791e+05
   5.7100000e+01  -1.6446933e+05  -2.9766872e+05
   5.7200000e+01  -9.6551438e+04  -2.7839062e+05
   5.7300000e+01  -3.8489418e+04  -2.6702100e+05
   5.7400000e+01   4.7136831e+03  -2.5156125e+05
   5.7500000e+01   3.4762090e+04  -2.1868453e+05
   5.7600000e+01   5.7809566e+04  -1.6421866e+05
   5.7700000e+01   7.8331641e+04  -9.3942508e+04
   5.7800000e+01   9.5372586e+04  -1.6927535e+04
   5.7900000e+01   1.0440928e+05   5.9513434e+04
   5.8000000e+01   1.0213953e+05   1.2954684e+05
   5.8100000e+01   8.9336586e+04   1.8790225e+05
   5.8200000e+01   6.9817016e+04   2.3235325e+05
   5.8300000e+01   4.7657438e+04   2.6611831e+05
   5.8400000e+01   2.6077369e+04   2.9496747e+05
   5.8500000e+01   9.0129404e+03   3.2133109e+05
   5.8600000e+01   2.7569355e+03   3.4302122e+05
   5.8700000e+01   1.4131213e+04   3.5822812e+05
   5.8800000e+01   4.5433168e+04   3.6920925e+05
   5.8900000e+01   9.1315484e+04   3.7856700e+05
   5.9000000e+01   1.4228372e+05   3.8307238e+05
   5.9100000e+01   1.9242011e+05   3.7478453e+05
   5.9200000e+01   2.4306238e+05   3.4991631e+05
   5.9300000e+01   2.9767347e+05   3.1477825e+05
   5.9400000e+01   3.5317094e+05   2.8074078e+05
   5.9500000e+01   3.9761062e+05   2.5351436e+05
   5.9600000e+01   4.1726738e+05   2.2868523e+05
   5.9700000e+01   4.0585959e+05   1.9746556e+05
   5.9800000e+01   3.6702503e+05   1.5520047e+05
   5.9900000e+01   3.0914875e+05   1.0419467e+05
   6.0000000e+01   2.3902095e+05   5.0464055e+04
   6.0100000e+01   1.5985808e+05  -5.1306628e+02
   6.0200000e+01   7.3282352e+04  -4.5859359e+04
   6.0300000e+01  -1.8345227e+04  -8.5436227e+04
   6.0400000e+01  -1.1122337e+05  -1.2055112e+05
   6.0500000e+01  -2.0049095e+05  -1.5138128e+05
   6.0600000e+01  -2.8076997e+05  -1.7505759e+05
   6.0700000e+01  -3.4689784e+05  -1.8706236e+05
   6.0800000e+01  -3.9517512e+05  -1.8517584e+05
   6.0900000e+01  -4.2470966e+05  -1.7175344e+05
   6.1000000e+01  -4.3753822e+05  -1.5216092e+05
   6.1100000e+01  -4.3644681e+05  -1.3208975e+05
   6.1200000e+01  -4.2153012e+05  -1.1676560e+05
   6.1300000e+01  -3.8899675e+05  -1.1058873e+05
   6.1400000e+01  -3.3495228e+05  -1.1456347e+05
   6.1500000e+01  -2.6181347e+05  -1.2395851e+05
   6.1600000e+01  -1.8066430e+05  -1.3157820e+05
   6.1700000e+01  -1.0564695e+05  -1.3574367e+05
   6.1800000e+01  -4.4834039e+04  -1.4388648e+05
   6.1900000e+01   3.7264668e+03  -1.6550831e+05
   6.2000000e+01   4.7677020e+04  -2.0094697e+05
   6.2100000e+01   9.3305391e+04  -2.3873803e+05
   6.2200000e+01   1.4242200e+05  -2.6505566e+05
   6.2300000e+01   1.9310217e+05  -2.7506338e+05
   6.2400000e+01   2.4007509e+05  -2.7499688e+05
   6.2500000e+01   2.7432641e+05  -2.7524991e+05
   6.2600000e+01   2.8595984e+05  -2.8291153e+05
   6.2700000e+01   2.7110016e+05  -2.9855944e+05
   6.2800000e+01   2.3645569e+05  -3.1555691e+05
   6.2900000e+01   1.9525075e+05  -3.2107075e+05
   6.3000000e+01   1.5740036e+05  -3.0203578e+05
   6.3100000e+01   1.2378086e+05  -2.5557242e+05
   6.3200000e+01   8.9965086e+04  -1.9448414e+05
   6.3300000e+01   5.4271840e+04  -1.3899847e+05
   6.3400000e+01   2.1184084e+04  -9.9943914e+04
   6.3500000e+01  -2.3569434e+03  -6.9936797e+04
   6.3600000e+01  -1.2567758e+04  -3.1836234e+04
   6.3700000e+01  -1.0803812e+04   2.5047928e+04
   6.3800000e+01  -1.5554688e+03   9.8000320e+04
   6.3900000e+01   1.0556875e+04   1.7776844e+05
   6.4000000e+01   2.2782811e+04   2.5801814e+05
   6.4100000e+01   3.4900496e+04   3.3627872e+05
   6.4200000e+01   4.8168906e+04   4.0862694e+05
   6.4300000e+01   6.2498523e+04   4.6794003e+05
   6.4400000e+01   7.3850891e+04   5.0859841e+05
   6.4500000e+01   7.4959469e+04   5.3060825e+05
   6.4600000e+01   5.9646297e+04   5.3723819e+05
   6.4700000e+01   2.6868283e+04   5.2973725e+05
   6.4800000e+01  -1.9386402e+04   5.0666366e+05
   6.4900000e+01  -7.3586078e+04   4.6862725e+05
   6.5000000e+01  -1.3131236e+05   4.2153188e+05
   6.5100000e+01  -1.8897623e+05   3.7311081e+05
   6.5200000e+01  -2.4280883e+05   3.2615916e+05
   6.5300000e+01  -2.8968706e+05   2.7638147e+05
   6.5400000e+01  -3.2865169e+05   2.1786525e+05
   6.5500000e+01  -3.6023575e+05   1.5084806e+05
   6.5600000e+01  -3.8377100e+05   8.3860336e+04
   6.5700000e+01  -3.9602216e+05   2.7811541e+04
   6.5800000e+01  -3.9291478e+05  -1.2636656e+04
   6.5900000e+01  -3.7209716e+05  -4.2426918e+04
   6.6000000e+01  -3.3350341e+05  -7.1043734e+04
   6.6100000e+01  -2.7822447e+05  -1.0376320e+05
   6.6200000e+01  -2.0766484e+05  -1.3743503e+05
   6.6300000e+01  -1.2323244e+05  -1.6442820e+05
   6.6400000e+01  -2.5777941e+04  -1.8007931e+05
   6.6500000e+01   8.3998906e+04  -1.8586189e+05
   6.6600000e+01   2.0224747e+05  -1.8617373e+05
   6.6700000e+01   3.1793747e+05  -1.8432761e+05
   6.6800000e+01   4.1417878e+05  -1.8327406e+05
   6.6900000e+01   4.7718834e+05  -1.8873584e+05
   6.7000000e+01   5.0614172e+05  -2.0759081e+05
   6.7100000e+01   5.1404941e+05  -2.4023141e+05
   6.7200000e+01   5.1781056e+05  -2.7538734e+05
   6.7300000e+01   5.2604825e+05  -2.9589550e+05
   6.7400000e+01   5.3471369e+05  -2.9215325e+05
   6.7500000e+01   5.3241688e+05  -2.7025491e+05
   6.7600000e+01   5.0955341e+05  -2.4643369e+05
   6.7700000e+01   4.6425969e+05  -2.3339325e+05
   6.7800000e+01   4.0225084e+05  -2.3147503e+05
   6.7900000e+01   3.3191100e+05  -2.3128747e+05
   6.8000000e+01   2.5859722e+05  -2.2314619e+05
   6.8100000e+01   1.8246928e+05  -2.0428334e+05
   6.8200000e+01   1.0138667e+05  -1.7899517e+05
   6.8300000e+01   1.5762686e+04  -1.5324644e+05
   6.8400000e+01  -6.9788617e+04  -1.2875041e+05
   6.8500000e+01  -1.4976511e+05  -1.0150681e+05
   6.8600000e+01  -2.2235127e+05  -6.6414797e+04
   6.8700000e+01  -2.9025428e+05  -2.3977670e+04
   6.8800000e+01  -3.5691022e+05   1.7984135e+04
   6.8900000e+01  -4.2180903e+05   5.0423539e+04
   6.9000000e+01  -4.7916778e+05   7.1107000e+04
   6.9100000e+01  -5.2082122e+05   8.5763664e+04
   6.9200000e+01  -5.4065444e+05   1.0101085e+05
   6.9300000e+01  -5.3704938e+05   1.1739388e+05
   6.9400000e+01  -5.1195016e+05   1.3062375e+05
   6.9500000e+01  -4.6833269e+05   1.3885680e+05
   6.9600000e+01  -4.0898756e+05   1.4637791e+05
   6.9700000e+01  -3.3737175e+05   1.5864361e+05
   6.9800000e+01  -2.5841348e+05   1.7435461e+05
   6.9900000e+01  -1.7744995e+05   1.8390825e+05
   7.0000000e+01  -9.8549562e+04   1.7648494e+05
   7.0100000e+01  -2.4659205e+04   1.4914622e+05
   7.0200000e+01   4.0738211e+04   1.1003452e+05
   7.0300000e+01   9.3341148e+04   7.3506945e+04
   7.0400000e+01   1.3008788e+05   5.1007574e+04
   7.0500000e+01   1.5072991e+05   4.3774277e+04
   7.0600000e+01   1.5639017e+05   4.2509949e+04
   7.0700000e+01   1.4688147e+05   3.5295391e+04
   7.0800000e+01   1.2054159e+05   1.8678574e+04
   7.0900000e+01   7.7077219e+04   2.4580042e+03
   7.1000000e+01   2.0222104e+04   2.4169556e+03
   7.1100000e+01  -4.2245102e+04   2.6235713e+04
   7.1200000e+01  -1.0055931e+05   6.5473801e+04
   7.1300000e+01  -1.4574409e+05   1.0168657e+05
   7.1400000e+01  -1.7257906e+05   1.2137690e+05
   7.1500000e+01  -1.8143342e+05   1.2619016e+05
   7.1600000e+01  -1.7648109e+05   1.2960031e+05
   7.1700000e+01  -1.6037016e+05   1.4369603e+05
   7.1800000e+01  -1.3015080e+05   1.6772284e+05
   7.1900000e+01  -7.9278359e+04   1.8772720e+05
   7.2000000e+01  -4.1192798e+03   1.8723041e+05
   7.2100000e+01   9.1738320e+04   1.6000050e+05
   7.2200000e+01   1.9920111e+05   1.1423748e+05
   7.2300000e+01   3.0829553e+05   6.4638609e+04
   7.2400000e+01   4.1050162e+05   1.9734922e+04
   7.2500000e+01   4.9802269e+05  -2.3383082e+04
   7.2600000e+01   5.6334356e+05  -7.2050906e+04
   7.2700000e+01   6.0121288e+05  -1.2657084e+05
   7.2800000e+01   6.1131406e+05  -1.7674625e+05
   7.2900000e+01   5.9846056e+05  -2.0976175e+05
   7.3000000e+01   5.6929975e+05  -2.2027300e+05
   7.3100000e+01   5.2766900e+05  -2.1215578e+05
   7.3200000e+01   4.7240988e+05  -1.9198428e+05
   7.3300000e+01   4.0011822e+05  -1.6334630e+05
   7.3400000e+01   3.1101062e+05  -1.2791107e+05
   7.3500000e+01   2.1214992e+05  -8.9310609e+04
   7.3600000e+01   1.1375937e+05  -5.2872090e+04
   7.3700000e+01   2.1530045e+04  -2.1256660e+04
   7.3800000e+01  -6.6880977e+04   7.4541777e+03
   7.3900000e+01  -1.5682567e+05   3.5873250e+04
   7.4000000e+01  -2.4843136e+05   6.2439547e+04
   7.4100000e+01  -3.3448509e+05   8.2054438e+04
   7.4200000e+01  -4.0678266e+05   9.1587828e+04
   7.4300000e+01  -4.6345641e+05   9.3323906e+04
   7.4400000e+01  -5.0893675e+05   9.2027133e+04
   7.4500000e+01  -5.4713600e+05   8.8969805e+04
   7.4600000e+01  -5.7622425e+05   7.9362070e+04
   7.4700000e+01  -5.9091262e+05   5.5511160e+04
   7.4800000e+01  -5.8895412e+05   1.2739188e+04
   7.4900000e+01  -5.7384194e+05  -4.6144410e+04
   7.5000000e+01  -5.5072769e+05  -1.1039409e+05
   7.5100000e+01  -5.2084306e+05  -1.6582372e+05
   7.5200000e+01  -4.8115459e+05  -2.0279597e+05
   7.5300000e+01  -4.2913609e+05  -2.2248161e+05
   7.5400000e+01  -3.6619438e+05  -2.3516108e+05
   7.5500000e+01  -2.9544366e+05  -2.5043428e+05
   7.5600000e+01  -2.1735769e+05  -2.6792872e+05
   7.5700000e+01  -1.2996952e+05  -2.7772828e+05
   7.5800000e+01  -3.4280094e+04  -2.6955844e+05
   7.5900000e+01   6.1932945e+04  -2.4032086e+05
   7.6000000e+01   1.4760062e+05  -1.9283575e+05
   7.6100000e+01   2.1618966e+05  -1.3037749e+05
   7.6200000e+01   2.6969675e+05  -5.5998086e+04
   7.6300000e+01   3.1516066e+05   2.2935113e+04
   7.6400000e+01   3.5803334e+05   9.3445430e+04
   7.6500000e+01   3.9862319e+05   1.4356102e+05
   7.6600000e+01   4.3323066e+05   1.7043648e+05
   7.6700000e+01   4.5767006e+05   1.8107328e+05
   7.6800000e+01   4.7087134e+05   1.8591325e+05
   7.6900000e+01   4.7680403e+05   1.9293412e+05
   7.7000000e+01   4.8240303e+05   2.0596269e+05
   7.7100000e+01   4.9114181e+05   2.2396688e+05
   7.7200000e+01   4.9737988e+05   2.3975933e+05
   7.7300000e+01   4.8861950e+05   2.4273011e+05
   7.7400000e+01   4.5569947e+05   2.2782941e+05
   7.7500000e+01   4.0134550e+05   2.0270191e+05
   7.7600000e+01   3.3787375e+05   1.8271811e+05
   7.7700000e+01   2.7626947e+05   1.7664377e+05
   7.7800000e+01   2.1796144e+05   1.7814673e+05
   7.7900000e+01   1.5672927e+05   1.7258964e+05
   7.8000000e+01   8.6938898e+04   1.5098486e+05
   7.8100000e+01   9.2233926e+03   1.1621812e+05
   7.8200000e+01  -7.0386250e+04   7.8011367e+04
   7.8300000e+01  -1.4510417e+05   4.5468445e+04
   7.8400000e+01  -2.1143519e+05   2.3891451e+04
   7.8500000e+01  -2.7031156e+05   1.3386019e+04
   7.8600000e+01  -3.2484759e+05   6.6248506e+03
   7.8700000e+01  -3.7601572e+05  -9.4919316e+03
   7.8800000e+01  -4.1995606e+05  -4.4177527e+04
   7.8900000e+01  -4.5041422e+05  -9.2328000e+04
   7.9000000e+01  -4.6470956e+05  -1.3586728e+05
   7.9100000e+01  -4.6673397e+05  -1.5795669e+05
   7.9200000e+01  -4.6299609e+05  -1.5625330e+05
   7.9300000e+01  -4.5588066e+05  -1.4258322e+05
   7.9400000e+01  -4.4184928e+05  -1.3171794e+05
   7.9500000e+01  -4.1630391e+05  -1.3154925e+05
   7.9600000e+01  -3.7887462e+05  -1.4125027e+05
   7.9700000e+01  -3.3317428e+05  -1.5429058e+05
   7.9800000e+01  -2.8252003e+05  -1.6200525e+05
   7.9900000e+01  -2.2761155e+05  -1.5748925e+05
   8.0000000e+01  -1.6848023e+05  -1.3951341e+05
   8.0100000e+01  -1.0718679e+05  -1.1310695e+05
   8.0200000e+01  -4.7556582e+04  -8.5272859e+04
   8.0300000e+01   7.2042666e+03  -6.0153969e+04
   8.0400000e+01   5.5832375e+04  -3.8665883e+04
   8.0500000e+01   9.8560484e+04  -2.1252916e+04
   8.0600000e+01   1.3683112e+05  -8.4236455e+03
   8.0700000e+01   1.7378534e+05   1.7841182e+03
   8.0800000e+01   2.1341544e+05   1.4352293e+04
   8.0900000e+01   2.5715398e+05   3.2864305e+04
   8.1000000e+01   3.0073431e+05   5.4533496e+04
   8.1100000e+01   3.3564422e+05   7.1161133e+04
   8.1200000e+01   3.5530481e+05   7.6118664e+04
   8.1300000e+01   3.6062025e+05   7.0677570e+04
   8.1400000e+01   3.5939653e+05   6.3496809e+04
   8.1500000e+01   3.5989822e+05   6.3323023e+04
   8.1600000e+01   3.6426697e+05   7.0629492e+04
   8.1700000e+01   3.6715428e+05   7.5246398e+04
   8.1800000e+01   3.5995016e+05   6.3413461e+04
   8.1900000e+01   3.3685275e+05   3.0207422e+04
   8.2000000e+01   2.9876462e+05  -1.3243699e+04
   8.2100000e+01   2.5309933e+05  -4.6281332e+04
   8.2200000e+01   2.0969180e+05  -5.5227242e+04
   8.2300000e+01   1.7480622e+05  -4.4720488e+04
   8.2400000e+01   1.4692652e+05  -3.2118531e+04
   8.2500000e+01   1.1791634e+05  -3.0313012e+04
   8.2600000e+01   7.9564812e+04  -3.6736594e+04
   8.2700000e+01   3.0467377e+04  -3.9231762e+04
   8.2800000e+01  -2.3196121e+04  -3.0603230e+04
   8.2900000e+01  -7.4364617e+04  -1.5109243e+04
   8.3000000e+01  -1.2315681e+05  -1.2659409e+03
   8.3100000e+01  -1.7790228e+05   8.3520146e+03
   8.3200000e+01  -2.4701848e+05   1.7823832e+04
   8.3300000e+01  -3.2887856e+05   2.9903516e+04
   8.3400000e+01  -4.0959769e+05   4.0813148e+04
   8.3500000e+01  -4.7148147e+05   4.4575789e+04
   8.3600000e+01  -5.0465438e+05   4.0920832e+04
   8.3700000e+01  -5.1163722e+05   3.6485887e+04
   8.3800000e+01  -5.0196247e+05   3.7754875e+04
   8.3900000e+01  -4.8315006e+05   4.4225062e+04
   8.4000000e+01  -4.5612000e+05   4.9476867e+04
   8.4100000e+01  -4.1727156e+05   4.8150129e+04
   8.4200000e+01  -3.6359759e+05   4.0620523e+04
   8.4300000e+01  -2.9652266e+05   3.1187639e+04
   8.4400000e+01  -2.2252831e+05   2.3604174e+04
   8.4500000e+01  -1.5029525e+05   1.9639814e+04
   8.4600000e+01  -8.5341695e+04   2.0927832e+04
   8.4700000e+01  -2.5619500e+04   2.9760992e+04
   8.4800000e+01   3.7258453e+04   4.6703688e+04
   8.4900000e+01   1.1039840e+05   6.8057531e+04
   8.5000000e+01   1.9162664e+05   8.6933266e+04
   8.5100000e+01   2.6881281e+05   9.7264438e+04
   8.5200000e+01   3.2749988e+05   9.6811109e+04
   8.5300000e+01   3.5975656e+05   8.7003172e+04
   8.5400000e+01   3.6694191e+05   7.1060922e+04
   8.5500000e+01   3.5618525e+05   5.2375777e+04
   8.5600000e+01   3.3573772e+05   3.3182695e+04
   8.5700000e+01   3.1253562e+05   1.3050131e+04
   8.5800000e+01   2.9090750e+05  -1.1617223e+04
   8.5900000e+01   2.7104600e+05  -4.5350812e+04
   8.6000000e+01   2.4888656e+05  -8.9387961e+04
   8.6100000e+01   2.1942680e+05  -1.3881203e+05
   8.6200000e+01   1.8173359e+05  -1.8385516e+05
   8.6300000e+01   1.4110719e+05  -2.1478602e+05
   8.6400000e+01   1.0626747e+05  -2.2703416e+05
   8.6500000e+01   8.4206914e+04  -2.2320078e+05
   8.6600000e+01   7.6919938e+04  -2.1080838e+05
   8.6700000e+01   8.1624555e+04  -1.9732059e+05
   8.6800000e+01   9.3177875e+04  -1.8561491e+05
   8.6900000e+01   1.0679023e+05  -1.7273800e+05
   8.7000000e+01   1.1972345e+05  -1.5256795e+05
   8.7100000e+01   1.3102491e+05  -1.2051327e+05
   8.7200000e+01   1.3933239e+05  -7.7254805e+04
   8.7300000e+01   1.4082366e+05  -2.9149336e+04
   8.7400000e+01   1.3009379e+05   1.5233455e+04
   8.7500000e+01   1.0403533e+05   5.0391293e+04
   8.7600000e+01   6.5063902e+04   7.6996727e+04
   8.7700000e+01   2.0011258e+04   9.9971961e+04
   8.7800000e+01  -2.4682939e+04   1.2326274e+05
   8.7900000e+01  -6.7048852e+04   1.4670903e+05
   8.8000000e+01  -1.0941254e+05   1.6807447e+05
   8.8100000e+01  -1.5465939e+05   1.8681605e+05
   8.8200000e+01  -2.0253066e+05   2.0385239e+05
   8.8300000e+01  -2.4890417e+05   2.1740203e+05
   8.8400000e+01  -2.8827662e+05   2.2160817e+05
   8.8500000e+01  -3.1722522e+05   2.1219167e+05
   8.8600000e+01  -3.3591028e+05   1.9349972e+05
   8.8700000e+01  -3.4633244e+05   1.7706853e+05
   8.8800000e+01  -3.4926478e+05   1.7062945e+05
   8.8900000e+01  -3.4348088e+05   1.6886944e+05
   8.9000000e+01  -3.2845184e+05   1.5743050e+05
   8.9100000e+01  -3.0716794e+05   1.2761538e+05
   8.9200000e+01  -2.8485700e+05   8.6584773e+04
   8.9300000e+01  -2.6418369e+05   5.1574203e+04
   8.9400000e+01  -2.4247400e+05   3.3375828e+04
   8.9500000e+01  -2.1483406e+05   2.5760896e+04
   8.9600000e+01  -1.8003508e+05   1.1299085e+04
   8.9700000e+01  -1.4236875e+05  -2.2707488e+04
   8.9800000e+01  -1.0732098e+05  -7.3740008e+04
   8.9900000e+01  -7.6291680e+04  -1.2763239e+05
   9.0000000e+01  -4.6412293e+04  -1.7058247e+05
   9.0100000e+01  -1.4896144e+04  -1.9772888e+05
   9.0200000e+01   1.7969400e+04  -2.1257111e+05
   9.0300000e+01   5.0344516e+04  -2.2101128e+05
   9.0400000e+01   8.1481719e+04  -2.2656892e+05
   9.0500000e+01   1.1110388e+05  -2.2926480e+05
   9.0600000e+01   1.3699344e+05  -2.2671339e+05
   9.0700000e+01   1.5613456e+05  -2.1588031e+05
   9.0800000e+01   1.7006638e+05  -1.9513322e+05
   9.0900000e+01   1.8773719e+05  -1.6576777e+05
   9.1000000e+01   2.2004328e+05  -1.3154989e+05
   9.1100000e+01   2.6987056e+05  -9.6442055e+04
   9.1200000e+01   3.2792181e+05  -6.3019176e+04
   9.1300000e+01   3.7915206e+05  -3.3389656e+04
   9.1400000e+01   4.1350259e+05  -1.0821816e+04
   9.1500000e+01   4.3089912e+05   1.3796543e+03
   9.1600000e+01   4.3741075e+05   3.7552441e+03
   9.1700000e+01   4.3789666e+05   2.6043086e+03
   9.1800000e+01   4.3181966e+05   5.9398013e+03
   9.1900000e+01   4.1448603e+05   1.6266817e+04
   9.2000000e+01   3.8181062e+05   2.7963510e+04
   9.2100000e+01   3.3511978e+05   3.3138316e+04
   9.2200000e+01   2.8242831e+05   3.0397908e+04
   9.2300000e+01   2.3440595e+05   2.7045223e+04
   9.2400000e+01   1.9741511e+05   3.2142760e+04
   9.2500000e+01   1.6923588e+05   4.7872727e+04
   9.2600000e+01   1.4101222e+05   6.7978922e+04
   9.2700000e+01   1.0300752e+05   8.3670883e+04
   9.2800000e+01   4.8814148e+04   8.9793648e+04
   9.2900000e+01  -2.4020350e+04   8.5827156e+04
   9.3000000e+01  -1.1435039e+05   7.3529688e+04
   9.3100000e+01  -2.1641823e+05   5.5925812e+04
   9.3200000e+01  -3.1920200e+05   3.8277348e+04
   9.3300000e+01  -4.0940828e+05   2.7539367e+04
   9.3400000e+01  -4.7773147e+05   2.8553059e+04
   9.3500000e+01  -5.2360188e+05   4.0133672e+04
   9.3600000e+01  -5.5404481e+05   5.5442246e+04
   9.3700000e+01  -5.7733550e+05   6.6916391e+04
   9.3800000e+01  -5.9662600e+05   7.1528727e+04
   9.3900000e+01  -6.0846350e+05   7.2047047e+04
   9.4000000e+01  -6.0678800e+05   7.3742141e+04
   9.4100000e+01  -5.8871769e+05   7.9595438e+04
   9.4200000e+01  -5.5738181e+05   8.7740422e+04
   9.4300000e+01  -5.1953159e+05   9.2869969e+04
   9.4400000e+01  -4.7971022e+05   9.0400125e+04
   9.4500000e+01  -4.3591153e+05   8.0108023e+04
   9.4600000e+01  -3.8138738e+05   6.6196961e+04
   9.4700000e+01  -3.1245338e+05   5.3556332e+04
   9.4800000e+01  -2.3566066e+05   4.3423789e+04
   9.4900000e+01  -1.6617475e+05   3.2516668e+04
   9.5000000e+01  -1.1647000e+05   1.6676199e+04
   9.5100000e+01  -8.4865438e+04  -4.2703271e+03
   9.5200000e+01  -5.5570062e+04  -2.5168951e+04
   9.5300000e+01  -1.1542291e+04  -3.9458422e+04
   9.5400000e+01   5.1418828e+04  -4.5309445e+04
   9.5500000e+01   1.2233738e+05  -4.8577660e+04
   9.5600000e+01   1.8571034e+05  -5.9261516e+04
   9.5700000e+01   2.3422491e+05  -8.3347859e+04
   9.5800000e+01   2.7229516e+05  -1.1643094e+05
   9.5900000e+01   3.0923297e+05  -1.4522797e+05
   9.6000000e+01   3.4994772e+05  -1.5696034e+05
   9.6100000e+01   3.9142400e+05  -1.4905855e+05
   9.6200000e+01   4.2680897e+05  -1.3044084e+05
   9.6300000e+01   4.5238547e+05  -1.1330719e+05
   9.6400000e+01   4.7074422e+05  -1.0362461e+05
   9.6500000e+01   4.8711134e+05  -9.9014031e+04
   9.6600000e+01   5.0239853e+05  -9.3970547e+04
   9.6700000e+01   5.1031016e+05  -8.4965016e+04
   9.6800000e+01   5.0208884e+05  -7.0575258e+04
   9.6900000e+01   4.7416275e+05  -4.9634766e+04
   9.7000000e+01   4.3046434e+05  -2.2262242e+04
   9.7100000e+01   3.7745531e+05   7.3724556e+03
   9.7200000e+01   3.1865300e+05   3.2010348e+04
   9.7300000e+01   2.5535611e+05   4.7243145e+04
   9.7400000e+01   1.9118094e+05   5.6561914e+04
   9.7500000e+01   1.3235233e+05   6.9456141e+04
   9.7600000e+01   8.1795367e+04   9.3695297e+04
   9.7700000e+01   3.4910234e+04   1.2876644e+05
   9.7800000e+01  -1.5689558e+04   1.6588589e+05
   9.7900000e+01  -7.0662188e+04   1.9392266e+05
   9.8000000e+01  -1.2110298e+05   2.0622478e+05
   9.8100000e+01  -1.5645973e+05   2.0342923e+05
   9.8200000e+01  -1.7413880e+05   1.9073969e+05
   9.8300000e+01  -1.7980014e+05   1.7248411e+05
   9.8400000e+01  -1.7902073e+05   1.4899359e+05
   9.8500000e+01  -1.7117759e+05   1.1856986e+05
   9.8600000e+01  -1.5257100e+05   8.2048570e+04
   9.8700000e+01  -1.2390398e+05   4.4683516e+04
   9.8800000e+01  -9.2604258e+04   1.3109982e+04
   9.8900000e+01  -6.7721180e+04  -9.4974727e+03
   9.9000000e+01  -5.3827094e+04  -2.5385018e+04
   9.9100000e+01  -5.0090523e+04  -3.9857863e+04
   9.9200000e+01  -5.3696406e+04  -5.6878156e+04
   9.9300000e+01  -6.2622176e+04  -7.5787625e+04
   9.9400000e+01  -7.5289961e+04  -9.1183961e+04
   9.9500000e+01  -8.8951602e+04  -9.6359172e+04
   9.9600000e+01  -9.9431945e+04  -8.8430367e+04
   9.9700000e+01  -1.0249648e+05  -7.1124266e+04
   9.9800000e+01  -9.5454547e+04  -5.2200488e+04
   9.9900000e+01  -7.8317773e+04  -3.7492090e+04
   1.0000000e+02  -5.4566855e+04  -2.7127242e+04
