   1.1851270e+02   3.6301420e+01   1.8450000e+02
   1.1921308e+02   3.6851583e+01   1.2200000e+01
   0.0000000e+00   7.1198484e+04   7.1198484e+04
   1.0000000e-01   1.2816153e+05   2.3937969e+04
   2.0000000e-01   1.8572206e+05  -1.1331820e+04
   3.0000000e-01   2.3412870e+05  -3.9870801e+04
   4.0000000e-01   2.7039100e+05  -6.9864109e+04
   5.0000000e-01   3.0144806e+05  -1.0649762e+05
   6.0000000e-01   3.4009447e+05  -1.4897491e+05
   7.0000000e-01   3.9553812e+05  -1.9145464e+05
   8.0000000e-01   4.6496181e+05  -2.2611786e+05
   9.0000000e-01   5.3287231e+05  -2.4665983e+05
   1.0000000e+00   5.7962531e+05  -2.5126469e+05
   1.1000000e+00   5.9287725e+05  -2.4324194e+05
   1.2000000e+00   5.7288925e+05  -2.2741409e+05
   1.3000000e+00   5.2797812e+05  -2.0426497e+05
   1.4000000e+00   4.6517784e+05  -1.6827183e+05
   1.5000000e+00   3.8475734e+05  -1.1421020e+05
   1.6000000e+00   2.8249934e+05  -4.5890520e+04
   1.7000000e+00   1.5604795e+05   2.2973623e+04
   1.8000000e+00   8.9347939e+03   7.8215062e+04
   1.9000000e+00  -1.5025739e+05   1.1506065e+05
   2.0000000e+00  -3.1096850e+05   1.3728480e+05
   2.1000000e+00  -4.6237156e+05   1.4707553e+05
   2.2000000e+00  -5.9325694e+05   1.3804195e+05
   2.3000000e+00  -6.9237044e+05   9.9826391e+04
   2.4000000e+00  -7.5067981e+05   2.9220578e+04
   2.5000000e+00  -7.6414125e+05  -6.3990734e+04
   2.6000000e+00  -7.3436388e+05  -1.6152998e+05
   2.7000000e+00  -6.6670094e+05  -2.4615584e+05
   2.8000000e+00  -5.6814250e+05  -3.0830194e+05
   2.9000000e+00  -4.4730844e+05  -3.4691072e+05
   3.0000000e+00  -3.1552206e+05  -3.6629534e+05
   3.1000000e+00  -1.8560639e+05  -3.7161694e+05
   3.2000000e+00  -6.7358484e+04  -3.6508006e+05
   3.3000000e+00   3.6431695e+04  -3.4512884e+05
   3.4000000e+00   1.2857903e+05  -3.0960047e+05
   3.5000000e+00   2.1134223e+05  -2.6007423e+05
   3.6000000e+00   2.8191600e+05  -2.0265833e+05
   3.7000000e+00   3.3440806e+05  -1.4395812e+05
   3.8000000e+00   3.6558025e+05  -8.6625133e+04
   3.9000000e+00   3.7755244e+05  -2.9494059e+04
   4.0000000e+00   3.7506547e+05   2.8354838e+04
   4.1000000e+00   3.6148838e+05   8.5028477e+04
   4.2000000e+00   3.3795650e+05   1.3777941e+05
   4.3000000e+00   3.0484559e+05   1.8635703e+05
   4.4000000e+00   2.6234209e+05   2.3313230e+05
   4.5000000e+00   2.0991130e+05   2.8030122e+05
   4.6000000e+00   1.4710634e+05   3.2845784e+05
   4.7000000e+00   7.5925094e+04   3.7810403e+05
   4.8000000e+00   1.7641709e+03   4.3046312e+05
   4.9000000e+00  -6.8588898e+04   4.8445206e+05
   5.0000000e+00  -1.2955573e+05   5.3284406e+05
   5.1000000e+00  -1.7717908e+05   5.6376350e+05
   5.2000000e+00  -2.0807883e+05   5.6828188e+05
   5.3000000e+00  -2.1957630e+05   5.4702400e+05
   5.4000000e+00  -2.1130762e+05   5.0844250e+05
   5.5000000e+00  -1.8603019e+05   4.5995847e+05
   5.6000000e+00  -1.4826267e+05   4.0103334e+05
   5.7000000e+00  -1.0209243e+05   3.2545894e+05
   5.8000000e+00  -5.0148250e+04   2.3045950e+05
   5.9000000e+00   5.7496895e+03   1.2293715e+05
   6.0000000e+00   6.2908762e+04   1.6061525e+04
   6.1000000e+00   1.1597032e+05  -8.0542484e+04
   6.2000000e+00   1.5651139e+05  -1.6704058e+05
   6.3000000e+00   1.7573939e+05  -2.4987955e+05
   6.4000000e+00   1.6967889e+05  -3.3258841e+05
   6.5000000e+00   1.4267378e+05  -4.1063566e+05
   6.6000000e+00   1.0496795e+05  -4.7528009e+05
   6.7000000e+00   6.5511805e+04  -5.2180197e+05
   6.8000000e+00   2.6653131e+04  -5.5364000e+05
   6.9000000e+00  -1.4013665e+04  -5.7894275e+05
   7.0000000e+00  -5.7116539e+04  -6.0337394e+05
   7.1000000e+00  -9.8158352e+04  -6.2540838e+05
   7.2000000e+00  -1.3148589e+05  -6.3728994e+05
   7.3000000e+00  -1.5683720e+05  -6.3046375e+05
   7.4000000e+00  -1.8030206e+05  -6.0161781e+05
   7.5000000e+00  -2.0790975e+05  -5.5506306e+05
   7.6000000e+00  -2.3872622e+05  -4.9938803e+05
   7.7000000e+00  -2.6491578e+05  -4.4070819e+05
   7.8000000e+00  -2.7825822e+05  -3.7803338e+05
   7.9000000e+00  -2.7588794e+05  -3.0468731e+05
   8.0000000e+00  -2.6016102e+05  -2.1434542e+05
   8.1000000e+00  -2.3482964e+05  -1.0655555e+05
   8.2000000e+00  -2.0276967e+05   1.2141143e+04
   8.3000000e+00  -1.6658416e+05   1.3145948e+05
   8.4000000e+00  -1.2892552e+05   2.4234789e+05
   8.5000000e+00  -9.0529039e+04   3.4068678e+05
   8.6000000e+00  -4.8493391e+04   4.2757303e+05
   8.7000000e+00   1.6025957e+03   5.0605050e+05
   8.8000000e+00   6.0466078e+04   5.7690625e+05
   8.9000000e+00   1.2164712e+05   6.3707588e+05
   9.0000000e+00   1.7352930e+05   6.8144631e+05
   9.1000000e+00   2.0522794e+05   7.0532738e+05
   9.2000000e+00   2.1170770e+05   7.0516144e+05
   9.3000000e+00   1.9508856e+05   6.7855462e+05
   9.4000000e+00   1.6268039e+05   6.2588181e+05
   9.5000000e+00   1.2381134e+05   5.5248438e+05
   9.6000000e+00   8.6712516e+04   4.6787106e+05
   9.7000000e+00   5.6117535e+04   3.8101522e+05
   9.8000000e+00   3.2776340e+04   2.9573238e+05
   9.9000000e+00   1.5896029e+04   2.1056128e+05
   1.0000000e+01   7.1960283e+03   1.2289895e+05
   1.0100000e+01   1.2832523e+04   3.3292188e+04
   1.0200000e+01   4.0471516e+04  -5.3246391e+04
   1.0300000e+01   9.3523336e+04  -1.2892255e+05
   1.0400000e+01   1.6824033e+05  -1.8644839e+05
   1.0500000e+01   2.5697750e+05  -2.2246319e+05
   1.0600000e+01   3.5378497e+05  -2.3908908e+05
   1.0700000e+01   4.5474778e+05  -2.4195591e+05
   1.0800000e+01   5.5124306e+05  -2.3601105e+05
   1.0900000e+01   6.2458581e+05  -2.2324453e+05
   1.1000000e+01   6.5239756e+05  -2.0446369e+05
   1.1100000e+01   6.2491850e+05  -1.8189053e+05
   1.1200000e+01   5.5535488e+05  -1.5809553e+05
   1.1300000e+01   4.7044109e+05  -1.3244495e+05
   1.1400000e+01   3.8728197e+05  -1.0130995e+05
   1.1500000e+01   2.9927375e+05  -6.4541145e+04
   1.1600000e+01   1.8670580e+05  -3.1724756e+04
   1.1700000e+01   4.2038699e+04  -1.9546971e+04
   1.1800000e+01  -1.1625295e+05  -4.0472992e+04
   1.1900000e+01  -2.5561523e+05  -9.2791922e+04
   1.2000000e+01  -3.5473769e+05  -1.6112069e+05
   1.2100000e+01  -4.1735756e+05  -2.2617256e+05
   1.2200000e+01  -4.6336150e+05  -2.7493316e+05
   1.2300000e+01  -5.0901225e+05  -3.0441266e+05
   1.2400000e+01  -5.5589275e+05  -3.1911516e+05
   1.2500000e+01  -5.9556081e+05  -3.2614234e+05
   1.2600000e+01  -6.2050575e+05  -3.3083044e+05
   1.2700000e+01  -6.2901869e+05  -3.3383703e+05
   1.2800000e+01  -6.2191788e+05  -3.3008862e+05
   1.2900000e+01  -5.9867194e+05  -3.1013544e+05
   1.3000000e+01  -5.5885750e+05  -2.6405844e+05
   1.3100000e+01  -5.0600397e+05  -1.8698534e+05
   1.3200000e+01  -4.4681781e+05  -8.3600594e+04
   1.3300000e+01  -3.8480956e+05   3.2127043e+04
   1.3400000e+01  -3.1574962e+05   1.4369936e+05
   1.3500000e+01  -2.3192125e+05   2.4116381e+05
   1.3600000e+01  -1.3217720e+05   3.2417119e+05
   1.3700000e+01  -2.6983477e+04   3.9505953e+05
   1.3800000e+01   6.7937141e+04   4.4876269e+05
   1.3900000e+01   1.4323948e+05   4.7141388e+05
   1.4000000e+01   2.0050239e+05   4.5104234e+05
   1.4100000e+01   2.4506261e+05   3.8990338e+05
   1.4200000e+01   2.7585519e+05   3.0489272e+05
   1.4300000e+01   2.8475278e+05   2.1453720e+05
   1.4400000e+01   2.6730409e+05   1.2508282e+05
   1.4500000e+01   2.3312417e+05   2.9112740e+04
   1.4600000e+01   2.0277814e+05  -8.2177438e+04
   1.4700000e+01   1.9160578e+05  -2.0444600e+05
   1.4800000e+01   1.9587000e+05  -3.1645162e+05
   1.4900000e+01   1.9627844e+05  -3.9090738e+05
   1.5000000e+01   1.7689111e+05  -4.1180034e+05
   1.5100000e+01   1.4087559e+05  -3.8436334e+05
   1.5200000e+01   1.0706610e+05  -3.2934900e+05
   1.5300000e+01   9.1370578e+04  -2.6656016e+05
   1.5400000e+01   9.2897016e+04  -2.0226728e+05
   1.5500000e+01   9.8316422e+04  -1.3097984e+05
   1.5600000e+01   9.7166203e+04  -4.7376406e+04
   1.5700000e+01   9.0093008e+04   4.5279320e+04
   1.5800000e+01   8.2899609e+04   1.3783980e+05
   1.5900000e+01   7.6569398e+04   2.2312531e+05
   1.6000000e+01   6.5845906e+04   2.9855322e+05
   1.6100000e+01   4.5972844e+04   3.6195750e+05
   1.6200000e+01   1.7500252e+04   4.0804184e+05
   1.6300000e+01  -1.5877068e+04   4.3053091e+05
   1.6400000e+01  -5.1225984e+04   4.2630094e+05
   1.6500000e+01  -8.6074750e+04   3.9582816e+05
   1.6600000e+01  -1.1589619e+05   3.4116050e+05
   1.6700000e+01  -1.3501028e+05   2.6679062e+05
   1.6800000e+01  -1.4086633e+05   1.8301883e+05
   1.6900000e+01  -1.3591412e+05   1.0441459e+05
   1.7000000e+01  -1.2417265e+05   4.0182328e+04
   1.7100000e+01  -1.0675875e+05  -1.4672877e+04
   1.7200000e+01  -8.1906938e+04  -7.5387938e+04
   1.7300000e+01  -4.9117781e+04  -1.5179986e+05
   1.7400000e+01  -1.2227734e+04  -2.3672181e+05
   1.7500000e+01   2.1954035e+04  -3.1104950e+05
   1.7600000e+01   4.7662250e+04  -3.5989734e+05
   1.7700000e+01   6.2825031e+04  -3.8226772e+05
   1.7800000e+01   6.8322422e+04  -3.8561506e+05
   1.7900000e+01   6.5212758e+04  -3.7436834e+05
   1.8000000e+01   5.3290906e+04  -3.4634766e+05
   1.8100000e+01   3.3399320e+04  -2.9903362e+05
   1.8200000e+01   1.1831719e+04  -2.3559856e+05
   1.8300000e+01   1.2022969e+03  -1.6285036e+05
   1.8400000e+01   1.3904488e+04  -8.4690070e+04
   1.8500000e+01   5.2330094e+04  -1.2011133e+02
   1.8600000e+01   1.0583413e+05   9.1278891e+04
   1.8700000e+01   1.5927125e+05   1.8259209e+05
   1.8800000e+01   2.0556242e+05   2.5945675e+05
   1.8900000e+01   2.4941952e+05   3.0785122e+05
   1.9000000e+01   2.9850825e+05   3.2317816e+05
   1.9100000e+01   3.5209828e+05   3.1245206e+05
   1.9200000e+01   3.9963394e+05   2.8766088e+05
   1.9300000e+01   4.3004591e+05   2.5679841e+05
   1.9400000e+01   4.4074131e+05   2.2110328e+05
   1.9500000e+01   4.3645453e+05   1.7998691e+05
   1.9600000e+01   4.2027934e+05   1.3647712e+05
   1.9700000e+01   3.8796641e+05   9.6069266e+04
   1.9800000e+01   3.3238278e+05   6.0773859e+04
   1.9900000e+01   2.5317181e+05   2.6621316e+04
   2.0000000e+01   1.6064975e+05  -1.1533787e+04
   2.0100000e+01   6.9323180e+04  -5.3535648e+04
   2.0200000e+01  -1.2354674e+04  -9.3450820e+04
   2.0300000e+01  -8.5881219e+04  -1.2510578e+05
   2.0400000e+01  -1.5767688e+05  -1.4679306e+05
   2.0500000e+01  -2.3176025e+05  -1.6062278e+05
   2.0600000e+01  -3.0730906e+05  -1.6891925e+05
   2.0700000e+01  -3.8104966e+05  -1.7195367e+05
   2.0800000e+01  -4.4924978e+05  -1.6743391e+05
   2.0900000e+01  -5.0685469e+05  -1.5011408e+05
   2.1000000e+01  -5.4703200e+05  -1.1264874e+05
   2.1100000e+01  -5.6470156e+05  -5.0249426e+04
   2.1200000e+01  -5.6189856e+05   3.2874508e+04
   2.1300000e+01  -5.4872788e+05   1.2219945e+05
   2.1400000e+01  -5.3729500e+05   2.0029572e+05
   2.1500000e+01  -5.3382975e+05   2.5715638e+05
   2.1600000e+01  -5.3690625e+05   2.9367456e+05
   2.1700000e+01  -5.4312581e+05   3.1546741e+05
   2.1800000e+01  -5.5279562e+05   3.2390412e+05
   2.1900000e+01  -5.6792056e+05   3.1261462e+05
   2.2000000e+01  -5.8462125e+05   2.7121178e+05
   2.2100000e+01  -5.9041012e+05   1.9231161e+05
   2.2200000e+01  -5.7214456e+05   7.7584609e+04
   2.2300000e+01  -5.2702200e+05  -5.9974859e+04
   2.2400000e+01  -4.6341647e+05  -1.9965314e+05
   2.2500000e+01  -3.8934250e+05  -3.2190950e+05
   2.2600000e+01  -3.0168800e+05  -4.1679578e+05
   2.2700000e+01  -1.8971173e+05  -4.8480144e+05
   2.2800000e+01  -4.9821875e+04  -5.2984312e+05
   2.2900000e+01   1.0525905e+05  -5.5238500e+05
   2.3000000e+01   2.5408752e+05  -5.4981875e+05
   2.3100000e+01   3.8314675e+05  -5.2194869e+05
   2.3200000e+01   4.9501681e+05  -4.7373859e+05
   2.3300000e+01   6.0041862e+05  -4.1239372e+05
   2.3400000e+01   7.0359325e+05  -3.4381438e+05
   2.3500000e+01   7.9579381e+05  -2.7334000e+05
   2.3600000e+01   8.6167769e+05  -2.0836834e+05
   2.3700000e+01   8.9104894e+05  -1.5689989e+05
   2.3800000e+01   8.8561150e+05  -1.2173738e+05
   2.3900000e+01   8.5659956e+05  -9.7173727e+04
   2.4000000e+01   8.1642775e+05  -7.3252859e+04
   2.4100000e+01   7.7085800e+05  -4.3473223e+04
   2.4200000e+01   7.1720288e+05  -7.0637720e+03
   2.4300000e+01   6.4963206e+05   3.6298004e+04
   2.4400000e+01   5.6673300e+05   9.1185062e+04
   2.4500000e+01   4.7416641e+05   1.6237734e+05
   2.4600000e+01   3.8017228e+05   2.4559136e+05
   2.4700000e+01   2.8952591e+05   3.2533341e+05
   2.4800000e+01   2.0296253e+05   3.8550406e+05
   2.4900000e+01   1.2185320e+05   4.2280919e+05
   2.5000000e+01   5.1192070e+04   4.4796491e+05
   2.5100000e+01  -3.2657930e+03   4.7259172e+05
   2.5200000e+01  -3.9506508e+04   4.9576706e+05
   2.5300000e+01  -5.9123816e+04   5.0443272e+05
   2.5400000e+01  -6.3602277e+04   4.8651756e+05
   2.5500000e+01  -5.4100930e+04   4.4292397e+05
   2.5600000e+01  -3.6969734e+04   3.8751419e+05
   2.5700000e+01  -2.7396002e+04   3.3697394e+05
   2.5800000e+01  -4.3107992e+04   3.0032319e+05
   2.5900000e+01  -9.1844719e+04   2.7535469e+05
   2.6000000e+01  -1.6602525e+05   2.5240375e+05
   2.6100000e+01  -2.5193923e+05   2.2159047e+05
   2.6200000e+01  -3.4427034e+05   1.7910175e+05
   2.6300000e+01  -4.4939372e+05   1.2919727e+05
   2.6400000e+01  -5.7265750e+05   8.0890258e+04
   2.6500000e+01  -7.0332444e+05   4.1575906e+04
   2.6600000e+01  -8.1491775e+05   1.2268429e+04
   2.6700000e+01  -8.8292750e+05  -1.1952308e+04
   2.6800000e+01  -9.0288444e+05  -3.6850086e+04
   2.6900000e+01  -8.9036006e+05  -6.3624305e+04
   2.7000000e+01  -8.6260200e+05  -8.7577242e+04
   2.7100000e+01  -8.2037050e+05  -1.0176780e+05
   2.7200000e+01  -7.4818494e+05  -1.0268700e+05
   2.7300000e+01  -6.3197312e+05  -9.3722883e+04
   2.7400000e+01  -4.7551850e+05  -8.3964250e+04
   2.7500000e+01  -2.9963297e+05  -8.3042375e+04
   2.7600000e+01  -1.2699487e+05  -9.5348797e+04
   2.7700000e+01   3.0451965e+04  -1.1777546e+05
   2.7800000e+01   1.7037470e+05  -1.4319869e+05
   2.7900000e+01   2.9079866e+05  -1.6758209e+05
   2.8000000e+01   3.8586831e+05  -1.9474634e+05
   2.8100000e+01   4.5091388e+05  -2.3366009e+05
   2.8200000e+01   4.8874597e+05  -2.8928900e+05
   2.8300000e+01   5.0834191e+05  -3.5451612e+05
   2.8400000e+01   5.1706812e+05  -4.1074975e+05
   2.8500000e+01   5.1511325e+05  -4.3763578e+05
   2.8600000e+01   4.9784762e+05  -4.2442647e+05
   2.8700000e+01   4.6335838e+05  -3.7458678e+05
   2.8800000e+01   4.1774669e+05  -3.0163522e+05
   2.8900000e+01   3.7322831e+05  -2.2119783e+05
   2.9000000e+01   3.4028419e+05  -1.4532327e+05
   2.9100000e+01   3.2020128e+05  -8.0857453e+04
   2.9200000e+01   3.0464338e+05  -2.9944379e+04
   2.9300000e+01   2.8329100e+05   8.9212812e+03
   2.9400000e+01   2.5304177e+05   3.8801176e+04
   2.9500000e+01   2.2025088e+05   6.0990125e+04
   2.9600000e+01   1.9426200e+05   7.2728445e+04
   2.9700000e+01   1.7929831e+05   6.8753648e+04
   2.9800000e+01   1.7264952e+05   4.6146156e+04
   2.9900000e+01   1.6914433e+05   8.1056938e+03
   3.0000000e+01   1.6508283e+05  -3.7234609e+04
   3.0100000e+01   1.5718455e+05  -8.2055938e+04
   3.0200000e+01   1.3962295e+05  -1.2317343e+05
   3.0300000e+01   1.0465970e+05  -1.6143561e+05
   3.0400000e+01   4.7204984e+04  -1.9718436e+05
   3.0500000e+01  -3.1520564e+04  -2.2654872e+05
   3.0600000e+01  -1.2450909e+05  -2.4233767e+05
   3.0700000e+01  -2.2184947e+05  -2.3881219e+05
   3.0800000e+01  -3.1279741e+05  -2.1605231e+05
   3.0900000e+01  -3.8709494e+05  -1.8004380e+05
   3.1000000e+01  -4.3743406e+05  -1.3834345e+05
   3.1100000e+01  -4.6225212e+05  -9.4964180e+04
   3.1200000e+01  -4.6532969e+05  -4.8844289e+04
   3.1300000e+01  -4.5112719e+05   2.7877300e+03
   3.1400000e+01  -4.2006500e+05   5.9412102e+04
   3.1500000e+01  -3.6893650e+05   1.1586250e+05
   3.1600000e+01  -2.9635416e+05   1.6666825e+05
   3.1700000e+01  -2.0768753e+05   2.1182852e+05
   3.1800000e+01  -1.1464959e+05   2.5695000e+05
   3.1900000e+01  -3.0237027e+04   3.0588591e+05
   3.2000000e+01   3.6336844e+04   3.5304009e+05
   3.2100000e+01   8.1283320e+04   3.8501666e+05
   3.2200000e+01   1.0481411e+05   3.9248097e+05
   3.2300000e+01   1.0916471e+05   3.8127897e+05
   3.2400000e+01   9.7836055e+04   3.7070066e+05
   3.2500000e+01   7.5869625e+04   3.7907625e+05
   3.2600000e+01   4.9781379e+04   4.0985619e+05
   3.2700000e+01   2.6210562e+04   4.5071338e+05
   3.2800000e+01   9.8958779e+03   4.8497116e+05
   3.2900000e+01   2.6918804e+03   5.0359897e+05
   3.3000000e+01   4.6114492e+03   5.0811362e+05
   3.3100000e+01   1.5844756e+04   5.0530956e+05
   3.3200000e+01   3.7515121e+04   5.0109544e+05
   3.3300000e+01   7.0026867e+04   4.9781469e+05
   3.3400000e+01   1.1032468e+05   4.9389562e+05
   3.3500000e+01   1.5095567e+05   4.8392856e+05
   3.3600000e+01   1.8289141e+05   4.6007150e+05
   3.3700000e+01   2.0085216e+05   4.1587941e+05
   3.3800000e+01   2.0676598e+05   3.5008916e+05
   3.3900000e+01   2.0747497e+05   2.6613647e+05
   3.4000000e+01   2.0787561e+05   1.6715630e+05
   3.4100000e+01   2.0589555e+05   5.1842859e+04
   3.4200000e+01   1.9458331e+05  -8.3548828e+04
   3.4300000e+01   1.6899670e+05  -2.3854230e+05
   3.4400000e+01   1.2996160e+05  -4.0442253e+05
   3.4500000e+01   8.0538398e+04  -5.6772081e+05
   3.4600000e+01   2.0249877e+04  -7.1763725e+05
   3.4700000e+01  -5.4698500e+04  -8.4928994e+05
   3.4800000e+01  -1.4426423e+05  -9.5977712e+05
   3.4900000e+01  -2.3855431e+05  -1.0429581e+06
   3.5000000e+01  -3.2068909e+05  -1.0905985e+06
   3.5100000e+01  -3.7687641e+05  -1.0994274e+06
   3.5200000e+01  -4.0432162e+05  -1.0754528e+06
   3.5300000e+01  -4.0972059e+05  -1.0291830e+06
   3.5400000e+01  -4.0016359e+05  -9.6610975e+05
   3.5500000e+01  -3.7503556e+05  -8.8295125e+05
   3.5600000e+01  -3.2612534e+05  -7.7391275e+05
   3.5700000e+01  -2.4563234e+05  -6.3995506e+05
   3.5800000e+01  -1.3490134e+05  -4.9114691e+05
   3.5900000e+01  -6.3412832e+03  -3.4049878e+05
   3.6000000e+01   1.2278689e+05  -1.9658552e+05
   3.6100000e+01   2.3906381e+05  -6.1883477e+04
   3.6200000e+01   3.3717544e+05   6.3633320e+04
   3.6300000e+01   4.1772747e+05   1.7887191e+05
   3.6400000e+01   4.8202888e+05   2.8130475e+05
   3.6500000e+01   5.2841881e+05   3.6909469e+05
   3.6600000e+01   5.5232825e+05   4.4307241e+05
   3.6700000e+01   5.4959475e+05   5.0658975e+05
   3.6800000e+01   5.2064125e+05   5.6264331e+05
   3.6900000e+01   4.7189450e+05   6.1012106e+05
   3.7000000e+01   4.1206978e+05   6.4345562e+05
   3.7100000e+01   3.4571506e+05   6.5813031e+05
   3.7200000e+01   2.7053900e+05   6.5748075e+05
   3.7300000e+01   1.8236597e+05   6.5200912e+05
   3.7400000e+01   8.3236086e+04   6.4916100e+05
   3.7500000e+01  -1.6291721e+04   6.4390644e+05
   3.7600000e+01  -1.0381406e+05   6.2253675e+05
   3.7700000e+01  -1.7397114e+05   5.7801738e+05
   3.7800000e+01  -2.3035141e+05   5.2039006e+05
   3.7900000e+01  -2.7903662e+05   4.6929203e+05
   3.8000000e+01  -3.2112112e+05   4.3531281e+05
   3.8100000e+01  -3.5152331e+05   4.0982297e+05
   3.8200000e+01  -3.6391844e+05   3.7384788e+05
   3.8300000e+01  -3.5591234e+05   3.1633478e+05
   3.8400000e+01  -3.3023988e+05   2.4347456e+05
   3.8500000e+01  -2.9312678e+05   1.7127267e+05
   3.8600000e+01  -2.5280666e+05   1.1008112e+05
   3.8700000e+01  -2.1821145e+05   5.5920375e+04
   3.8800000e+01  -1.9570867e+05  -4.2537617e+03
   3.8900000e+01  -1.8484553e+05  -7.8981625e+04
   3.9000000e+01  -1.7838416e+05  -1.6320019e+05
   3.9100000e+01  -1.6961973e+05  -2.4213512e+05
   3.9200000e+01  -1.6117841e+05  -3.0417869e+05
   3.9300000e+01  -1.6494425e+05  -3.4945609e+05
   3.9400000e+01  -1.9073931e+05  -3.8534375e+05
   3.9500000e+01  -2.3461370e+05  -4.1511694e+05
   3.9600000e+01  -2.7985325e+05  -4.3409659e+05
   3.9700000e+01  -3.1054359e+05  -4.3820931e+05
   3.9800000e+01  -3.2351744e+05  -4.3360412e+05
   3.9900000e+01  -3.2647053e+05  -4.3365897e+05
   4.0000000e+01  -3.2562141e+05  -4.4510709e+05
   4.0100000e+01  -3.1706666e+05  -4.5896366e+05
   4.0200000e+01  -2.9028322e+05  -4.5692956e+05
   4.0300000e+01  -2.3834630e+05  -4.2664628e+05
   4.0400000e+01  -1.6369359e+05  -3.7068672e+05
   4.0500000e+01  -7.5137719e+04  -3.0276056e+05
   4.0600000e+01   1.8865461e+04  -2.3749384e+05
   4.0700000e+01   1.1410648e+05  -1.8280372e+05
   4.0800000e+01   2.1006464e+05  -1.3771302e+05
   4.0900000e+01   3.0716000e+05  -9.4221188e+04
   4.1000000e+01   4.0375938e+05  -4.2738176e+04
   4.1100000e+01   4.9393219e+05   1.9799074e+04
   4.1200000e+01   5.6779512e+05   8.4439031e+04
   4.1300000e+01   6.1597150e+05   1.3414548e+05
   4.1400000e+01   6.3577050e+05   1.5647644e+05
   4.1500000e+01   6.3311956e+05   1.5422088e+05
   4.1600000e+01   6.1722375e+05   1.4303344e+05
   4.1700000e+01   5.9279700e+05   1.3743445e+05
   4.1800000e+01   5.5801162e+05   1.3874347e+05
   4.1900000e+01   5.0979256e+05   1.3676108e+05
   4.2000000e+01   4.4925394e+05   1.2269795e+05
   4.2100000e+01   3.8045069e+05   9.9472711e+04
   4.2200000e+01   3.0497319e+05   7.9226039e+04
   4.2300000e+01   2.2069894e+05   7.2053898e+04
   4.2400000e+01   1.2724470e+05   7.8653625e+04
   4.2500000e+01   3.1184062e+04   9.3671344e+04
   4.2600000e+01  -5.6080781e+04   1.1363178e+05
   4.2700000e+01  -1.2566477e+05   1.3875931e+05
   4.2800000e+01  -1.7557048e+05   1.6690473e+05
   4.2900000e+01  -2.0850030e+05   1.8896875e+05
   4.3000000e+01  -2.2750134e+05   1.9423697e+05
   4.3100000e+01  -2.3455114e+05   1.8120877e+05
   4.3200000e+01  -2.3158158e+05   1.6070183e+05
   4.3300000e+01  -2.2078520e+05   1.4564420e+05
   4.3400000e+01  -2.0420258e+05   1.3818638e+05
   4.3500000e+01  -1.8474269e+05   1.2936820e+05
   4.3600000e+01  -1.6774464e+05   1.1221900e+05
   4.3700000e+01  -1.5958750e+05   9.2481570e+04
   4.3800000e+01  -1.6351919e+05   8.3259156e+04
   4.3900000e+01  -1.7794845e+05   8.9275203e+04
   4.4000000e+01  -2.0001638e+05   9.9517297e+04
   4.4100000e+01  -2.2938356e+05   9.7392867e+04
   4.4200000e+01  -2.6580781e+05   7.6877297e+04
   4.4300000e+01  -3.0308406e+05   4.6649211e+04
   4.4400000e+01  -3.2899288e+05   1.9052863e+04
   4.4500000e+01  -3.3431759e+05  -1.9677827e+03
   4.4600000e+01  -3.2120294e+05  -2.0594846e+04
   4.4700000e+01  -3.0018781e+05  -3.9405688e+04
   4.4800000e+01  -2.7897784e+05  -5.4042719e+04
   4.4900000e+01  -2.5638916e+05  -5.9203375e+04
   4.5000000e+01  -2.2767675e+05  -5.7797297e+04
   4.5100000e+01  -1.9257911e+05  -6.0746328e+04
   4.5200000e+01  -1.5516562e+05  -7.6266227e+04
   4.5300000e+01  -1.1711991e+05  -1.0057688e+05
   4.5400000e+01  -7.5174070e+04  -1.2101494e+05
   4.5500000e+01  -2.6757420e+04  -1.2855968e+05
   4.5600000e+01   2.4144359e+04  -1.2627290e+05
   4.5700000e+01   6.9352016e+04  -1.2520223e+05
   4.5800000e+01   1.0441757e+05  -1.3338988e+05
   4.5900000e+01   1.3235852e+05  -1.5005380e+05
   4.6000000e+01   1.5905181e+05  -1.6936047e+05
   4.6100000e+01   1.8604869e+05  -1.8721956e+05
   4.6200000e+01   2.0858656e+05  -2.0326925e+05
   4.6300000e+01   2.2002995e+05  -2.1789238e+05
   4.6400000e+01   2.1772541e+05  -2.2949317e+05
   4.6500000e+01   2.0520198e+05  -2.3481003e+05
   4.6600000e+01   1.8978098e+05  -2.3043547e+05
   4.6700000e+01   1.7803195e+05  -2.1338855e+05
   4.6800000e+01   1.7210681e+05  -1.8101728e+05
   4.6900000e+01   1.6879042e+05  -1.3120828e+05
   4.7000000e+01   1.6162569e+05  -6.3131039e+04
   4.7100000e+01   1.4519909e+05   2.0994865e+04
   4.7200000e+01   1.1945736e+05   1.1293107e+05
   4.7300000e+01   9.1150258e+04   1.9728998e+05
   4.7400000e+01   7.0545141e+04   2.5717392e+05
   4.7500000e+01   6.5026469e+04   2.8565194e+05
   4.7600000e+01   7.4482031e+04   2.9260838e+05
   4.7700000e+01   9.2385336e+04   2.9695638e+05
   4.7800000e+01   1.1110706e+05   3.0885762e+05
   4.7900000e+01   1.2594611e+05   3.1964041e+05
   4.8000000e+01   1.3469938e+05   3.1070903e+05
   4.8100000e+01   1.3548117e+05   2.7207250e+05
   4.8200000e+01   1.2719805e+05   2.1063222e+05
   4.8300000e+01   1.1221364e+05   1.4092338e+05
   4.8400000e+01   9.6140484e+04   7.0938391e+04
   4.8500000e+01   8.2561094e+04  -1.0211660e+03
   4.8600000e+01   6.7996906e+04  -7.7753047e+04
   4.8700000e+01   4.4351676e+04  -1.5536889e+05
   4.8800000e+01   8.0063652e+03  -2.2493953e+05
   4.8900000e+01  -3.4453309e+04  -2.7907556e+05
   4.9000000e+01  -7.1880180e+04  -3.1432228e+05
   4.9100000e+01  -1.0057573e+05  -3.2804819e+05
   4.9200000e+01  -1.2859666e+05  -3.1642569e+05
   4.9300000e+01  -1.6565783e+05  -2.7780950e+05
   4.9400000e+01  -2.0896819e+05  -2.1756052e+05
   4.9500000e+01  -2.4186677e+05  -1.4742486e+05
   4.9600000e+01  -2.4871920e+05  -7.8474000e+04
   4.9700000e+01  -2.3068670e+05  -1.4127435e+04
   4.9800000e+01  -2.0498853e+05   4.9480336e+04
   4.9900000e+01  -1.8821181e+05   1.1531023e+05
   5.0000000e+01  -1.8153289e+05   1.7679200e+05
   5.0100000e+01  -1.7273503e+05   2.1772023e+05
   5.0200000e+01  -1.5095012e+05   2.2264572e+05
   5.0300000e+01  -1.1727366e+05   1.8956216e+05
   5.0400000e+01  -8.1158836e+04   1.3311994e+05
   5.0500000e+01  -4.9124270e+04   7.4664383e+04
   5.0600000e+01  -1.9445059e+04   2.8163160e+04
   5.0700000e+01   1.2323095e+04  -5.0576035e+03
   5.0800000e+01   4.5103539e+04  -2.9721871e+04
   5.0900000e+01   7.1751719e+04  -4.7605012e+04
   5.1000000e+01   8.6866664e+04  -5.6230969e+04
   5.1100000e+01   9.3775688e+04  -5.4432766e+04
   5.1200000e+01   1.0249084e+05  -4.5774660e+04
   5.1300000e+01   1.2048926e+05  -3.4987996e+04
   5.1400000e+01   1.4575233e+05  -2.2168221e+04
   5.1500000e+01   1.6856020e+05  -1.9031797e+03
   5.1600000e+01   1.7911355e+05   3.1878016e+04
   5.1700000e+01   1.7298172e+05   8.0443695e+04
   5.1800000e+01   1.5059120e+05   1.3846461e+05
   5.1900000e+01   1.1430445e+05   1.9602745e+05
   5.2000000e+01   6.7977078e+04   2.4262561e+05
   5.2100000e+01   1.8512859e+04   2.7144325e+05
   5.2200000e+01  -2.5167977e+04   2.8199241e+05
   5.2300000e+01  -5.7338348e+04   2.7916138e+05
   5.2400000e+01  -8.0228500e+04   2.6890775e+05
   5.2500000e+01  -1.0257308e+05   2.5364511e+05
   5.2600000e+01  -1.3203534e+05   2.3050259e+05
   5.2700000e+01  -1.6791609e+05   1.9318270e+05
   5.2800000e+01  -2.0058298e+05   1.3611972e+05
   5.2900000e+01  -2.1821681e+05   5.9057711e+04
   5.3000000e+01  -2.1554486e+05  -3.0422297e+04
   5.3100000e+01  -1.9781436e+05  -1.1902552e+05
   5.3200000e+01  -1.7683184e+05  -1.9430062e+05
   5.3300000e+01  -1.6186170e+05  -2.5079689e+05
   5.3400000e+01  -1.5246080e+05  -2.9042350e+05
   5.3500000e+01  -1.3918991e+05  -3.1753434e+05
   5.3600000e+01  -1.1167590e+05  -3.3507716e+05
   5.3700000e+01  -6.7095141e+04  -3.4587250e+05
   5.3800000e+01  -1.1928090e+04  -3.5519234e+05
   5.3900000e+01   4.3949316e+04  -3.6817759e+05
   5.4000000e+01   9.5137508e+04  -3.8282469e+05
   5.4100000e+01   1.4361400e+05  -3.8715900e+05
   5.4200000e+01   1.9435145e+05  -3.6662872e+05
   5.4300000e+01   2.4772488e+05  -3.1654225e+05
   5.4400000e+01   2.9590347e+05  -2.4765644e+05
   5.4500000e+01   3.2725512e+05  -1.7900900e+05
   5.4600000e+01   3.3513584e+05  -1.2429241e+05
   5.4700000e+01   3.2243444e+05  -8.3694344e+04
   5.4800000e+01   2.9726534e+05  -4.7243918e+04
   5.4900000e+01   2.6497331e+05  -5.1758086e+03
   5.5000000e+01   2.2564023e+05   4.4288094e+04
   5.5100000e+01   1.7892973e+05   9.5488734e+04
   5.5200000e+01   1.2854843e+05   1.4190948e+05
   5.5300000e+01   7.9814031e+04   1.8177559e+05
   5.5400000e+01   3.4342152e+04   2.1785364e+05
   5.5500000e+01  -9.3768623e+03   2.5270420e+05
   5.5600000e+01  -4.9374027e+04   2.8451541e+05
   5.5700000e+01  -7.7655609e+04   3.0730138e+05
   5.5800000e+01  -8.8022008e+04   3.1503022e+05
   5.5900000e+01  -8.6048516e+04   3.0624403e+05
   5.6000000e+01  -8.7320188e+04   2.8556038e+05
   5.6100000e+01  -1.0279527e+05   2.6038186e+05
   5.6200000e+01  -1.2676802e+05   2.3451123e+05
   5.6300000e+01  -1.4195394e+05   2.0385208e+05
   5.6400000e+01  -1.3731750e+05   1.5940128e+05
   5.6500000e+01  -1.1952040e+05   9.6738195e+04
   5.6600000e+01  -1.0596319e+05   2.3504834e+04
   5.6700000e+01  -1.0787396e+05  -4.3726828e+04
   5.6800000e+01  -1.2174338e+05  -9.1532250e+04
   5.6900000e+01  -1.3623892e+05  -1.1876714e+05
   5.7000000e+01  -1.4424694e+05  -1.3345570e+05
   5.7100000e+01  -1.4638789e+05  -1.4176986e+05
   5.7200000e+01  -1.4479272e+05  -1.4202239e+05
   5.7300000e+01  -1.3722044e+05  -1.2957448e+05
   5.7400000e+01  -1.1893229e+05  -1.0490507e+05
   5.7500000e+01  -8.8920703e+04  -7.4021125e+04
   5.7600000e+01  -5.2351398e+04  -4.1061699e+04
   5.7700000e+01  -1.6646055e+04  -3.0910127e+03
   5.7800000e+01   1.4017498e+04   4.5826539e+04
   5.7900000e+01   4.0230984e+04   1.0540259e+05
   5.8000000e+01   6.4211895e+04   1.6443173e+05
   5.8100000e+01   8.5650055e+04   2.0509586e+05
   5.8200000e+01   1.0058422e+05   2.1249219e+05
   5.8300000e+01   1.0444538e+05   1.8264694e+05
   5.8400000e+01   9.6564391e+04   1.2452810e+05
   5.8500000e+01   8.1637742e+04   5.5006852e+04
   5.8600000e+01   6.6208039e+04  -1.0832365e+04
   5.8700000e+01   5.3475266e+04  -6.8005562e+04
   5.8800000e+01   4.1895840e+04  -1.2180176e+05
   5.8900000e+01   2.8818023e+04  -1.7861694e+05
   5.9000000e+01   1.4590708e+04  -2.3503522e+05
   5.9100000e+01   2.5613574e+03  -2.7589241e+05
   5.9200000e+01  -3.9913633e+03  -2.8464588e+05
   5.9300000e+01  -3.5006328e+03  -2.5734481e+05
   5.9400000e+01   4.9417344e+03  -2.0680608e+05
   5.9500000e+01   2.2014520e+04  -1.5206759e+05
   5.9600000e+01   4.5861867e+04  -1.0257432e+05
   5.9700000e+01   7.0218859e+04  -5.2489781e+04
   5.9800000e+01   8.7162578e+04   9.1031250e+03
   5.9900000e+01   9.2921180e+04   8.2654719e+04
   6.0000000e+01   9.0177562e+04   1.5356852e+05
   6.0100000e+01   8.3489523e+04   2.0334442e+05
   6.0200000e+01   7.2581039e+04   2.2472786e+05
   6.0300000e+01   5.1287363e+04   2.2582748e+05
   6.0400000e+01   1.3875834e+04   2.2071391e+05
   6.0500000e+01  -3.7676797e+04   2.1729200e+05
   6.0600000e+01  -9.2959664e+04   2.1328958e+05
   6.0700000e+01  -1.3978380e+05   2.0096162e+05
   6.0800000e+01  -1.7205380e+05   1.7377577e+05
   6.0900000e+01  -1.9205506e+05   1.2996745e+05
   6.1000000e+01  -2.0573548e+05   7.2803719e+04
   6.1100000e+01  -2.1561455e+05   9.0580049e+03
   6.1200000e+01  -2.1783670e+05  -5.3793551e+04
   6.1300000e+01  -2.0628445e+05  -1.1101312e+05
   6.1400000e+01  -1.8008584e+05  -1.6270647e+05
   6.1500000e+01  -1.4670125e+05  -2.1278380e+05
   6.1600000e+01  -1.1599402e+05  -2.6515028e+05
   6.1700000e+01  -9.0051273e+04  -3.1952097e+05
   6.1800000e+01  -5.9914465e+04  -3.6951534e+05
   6.1900000e+01  -1.4984292e+04  -4.0441047e+05
   6.2000000e+01   4.3062883e+04  -4.1381878e+05
   6.2100000e+01   9.7310898e+04  -3.9256488e+05
   6.2200000e+01   1.2919361e+05  -3.4276891e+05
   6.2300000e+01   1.3607241e+05  -2.7232103e+05
   6.2400000e+01   1.3432067e+05  -1.9152144e+05
   6.2500000e+01   1.4385856e+05  -1.0999961e+05
   6.2600000e+01   1.6945391e+05  -3.4452535e+04
   6.2700000e+01   1.9703173e+05   3.2812617e+04
   6.2800000e+01   2.0731380e+05   9.3448430e+04
   6.2900000e+01   1.9254530e+05   1.4977384e+05
   6.3000000e+01   1.6139630e+05   2.0046367e+05
   6.3100000e+01   1.2995891e+05   2.3931745e+05
   6.3200000e+01   1.0850505e+05   2.5906384e+05
   6.3300000e+01   9.5052102e+04   2.5724375e+05
   6.3400000e+01   7.9900492e+04   2.3904514e+05
   6.3500000e+01   5.6656562e+04   2.1480736e+05
   6.3600000e+01   2.9994377e+04   1.9431350e+05
   6.3700000e+01   1.2431965e+04   1.8177894e+05
   6.3800000e+01   1.2110787e+04   1.7430305e+05
   6.3900000e+01   2.3363961e+04   1.6450106e+05
   6.4000000e+01   3.0505785e+04   1.4598056e+05
   6.4100000e+01   2.1891309e+04   1.1841010e+05
   6.4200000e+01   5.0312500e+01   8.8553414e+04
   6.4300000e+01  -2.1895785e+04   6.6284312e+04
   6.4400000e+01  -3.2283938e+04   5.8693688e+04
   6.4500000e+01  -2.8597051e+04   6.6932867e+04
   6.4600000e+01  -1.5708213e+04   8.7590625e+04
   6.4700000e+01  -7.0781641e+02   1.1609647e+05
   6.4800000e+01   9.4753750e+03   1.4838191e+05
   6.4900000e+01   9.2687100e+03   1.7987881e+05
   6.5000000e+01  -1.9546533e+03   2.0449784e+05
   6.5100000e+01  -1.7106719e+04   2.1643766e+05
   6.5200000e+01  -2.5848734e+04   2.1409134e+05
   6.5300000e+01  -2.4456391e+04   2.0183247e+05
   6.5400000e+01  -2.0078424e+04   1.8653352e+05
   6.5500000e+01  -2.2936904e+04   1.7110056e+05
   6.5600000e+01  -3.4650895e+04   1.5136225e+05
   6.5700000e+01  -4.6553891e+04   1.1994535e+05
   6.5800000e+01  -5.0121516e+04   7.3429539e+04
   6.5900000e+01  -4.7012996e+04   1.5467469e+04
   6.6000000e+01  -4.7239891e+04  -4.6704660e+04
   6.6100000e+01  -5.8524129e+04  -1.0754900e+05
   6.6200000e+01  -7.9130664e+04  -1.6462834e+05
   6.6300000e+01  -1.0031350e+05  -2.1663214e+05
   6.6400000e+01  -1.1330354e+05  -2.6276059e+05
   6.6500000e+01  -1.1370625e+05  -3.0462300e+05
   6.6600000e+01  -1.0246173e+05  -3.4619894e+05
   6.6700000e+01  -8.5876977e+04  -3.8903331e+05
   6.6800000e+01  -7.4096750e+04  -4.2748731e+05
   6.6900000e+01  -7.5640016e+04  -4.5146144e+05
   6.7000000e+01  -9.0389133e+04  -4.5595800e+05
   6.7100000e+01  -1.0806806e+05  -4.4727281e+05
   6.7200000e+01  -1.1543448e+05  -4.3745734e+05
   6.7300000e+01  -1.0626429e+05  -4.3150400e+05
   6.7400000e+01  -8.4877383e+04  -4.2075603e+05
   6.7500000e+01  -6.0684438e+04  -3.9007556e+05
   6.7600000e+01  -4.0023242e+04  -3.3165084e+05
   6.7700000e+01  -2.2815363e+04  -2.5162711e+05
   6.7800000e+01  -5.4081465e+03  -1.6410508e+05
   6.7900000e+01   1.4807443e+04  -8.0218102e+04
   6.8000000e+01   3.7484375e+04  -3.2788184e+03
   6.8100000e+01   6.0737746e+04   6.7553156e+04
   6.8200000e+01   8.3351750e+04   1.3171470e+05
   6.8300000e+01   1.0510554e+05   1.8626917e+05
   6.8400000e+01   1.2496191e+05   2.2905041e+05
   6.8500000e+01   1.3966586e+05   2.6102308e+05
   6.8600000e+01   1.4554067e+05   2.8514909e+05
   6.8700000e+01   1.4266945e+05   3.0349512e+05
   6.8800000e+01   1.3662656e+05   3.1565341e+05
   6.8900000e+01   1.3418253e+05   3.1967278e+05
   6.9000000e+01   1.3627023e+05   3.1462850e+05
   6.9100000e+01   1.3612998e+05   3.0302069e+05
   6.9200000e+01   1.2588018e+05   2.9087116e+05
   6.9300000e+01   1.0499984e+05   2.8424697e+05
   6.9400000e+01   8.1310703e+04   2.8395134e+05
   6.9500000e+01   6.3393375e+04   2.8326269e+05
   6.9600000e+01   5.3086680e+04   2.7236328e+05
   6.9700000e+01   4.5885082e+04   2.4674369e+05
   6.9800000e+01   3.7169375e+04   2.1167595e+05
   6.9900000e+01   2.6036270e+04   1.7774578e+05
   7.0000000e+01   1.3121684e+04   1.5156461e+05
   7.0100000e+01  -2.9346152e+03   1.3111894e+05
   7.0200000e+01  -2.4715467e+04   1.1022046e+05
   7.0300000e+01  -5.1774219e+04   8.6660633e+04
   7.0400000e+01  -7.8582609e+04   6.5203016e+04
   7.0500000e+01  -9.7863852e+04   5.2954297e+04
   7.0600000e+01  -1.0658006e+05   5.2868480e+04
   7.0700000e+01  -1.0915274e+05   6.1938680e+04
   7.0800000e+01  -1.1465995e+05   7.4475820e+04
   7.0900000e+01  -1.2930758e+05   8.5817688e+04
   7.1000000e+01  -1.4976281e+05   9.2942555e+04
   7.1100000e+01  -1.6402680e+05   9.2866258e+04
   7.1200000e+01  -1.6130450e+05   8.1780211e+04
   7.1300000e+01  -1.4290369e+05   5.6234012e+04
   7.1400000e+01  -1.2238159e+05   1.5208883e+04
   7.1500000e+01  -1.1248801e+05  -3.8709703e+04
   7.1600000e+01  -1.1134696e+05  -9.9825273e+04
   7.1700000e+01  -1.0317389e+05  -1.6112381e+05
   7.1800000e+01  -7.3833883e+04  -2.1665131e+05
   7.1900000e+01  -2.4967891e+04  -2.6381284e+05
   7.2000000e+01   2.7947658e+04  -3.0459897e+05
   7.2100000e+01   7.0254570e+04  -3.4426053e+05
   7.2200000e+01   9.9260125e+04  -3.8687197e+05
   7.2300000e+01   1.2187280e+05  -4.3021534e+05
   7.2400000e+01   1.4430814e+05  -4.6480200e+05
   7.2500000e+01   1.6570066e+05  -4.7951538e+05
   7.2600000e+01   1.8010155e+05  -4.6971381e+05
   7.2700000e+01   1.8213347e+05  -4.3971669e+05
   7.2800000e+01   1.7048567e+05  -3.9657522e+05
   7.2900000e+01   1.4793767e+05  -3.4196519e+05
   7.3000000e+01   1.1940834e+05  -2.7215541e+05
   7.3100000e+01   8.9272719e+04  -1.8700944e+05
   7.3200000e+01   5.9102559e+04  -9.7410109e+04
   7.3300000e+01   2.7620584e+04  -2.0737133e+04
   7.3400000e+01  -6.5025391e+03   3.2753455e+04
   7.3500000e+01  -4.1264297e+04   6.8479648e+04
   7.3600000e+01  -7.0651656e+04   1.0119568e+05
   7.3700000e+01  -8.7529680e+04   1.3977741e+05
   7.3800000e+01  -8.7957805e+04   1.7867072e+05
   7.3900000e+01  -7.4223672e+04   2.0410972e+05
   7.4000000e+01  -5.4954047e+04   2.0753748e+05
   7.4100000e+01  -4.1465094e+04   1.9229270e+05
   7.4200000e+01  -4.0967395e+04   1.6858822e+05
   7.4300000e+01  -5.0642547e+04   1.4458975e+05
   7.4400000e+01  -5.8718266e+04   1.2346009e+05
   7.4500000e+01  -5.4234633e+04   1.0700223e+05
   7.4600000e+01  -3.7951535e+04   9.8670656e+04
   7.4700000e+01  -2.3153648e+04   1.0147791e+05
   7.4800000e+01  -2.3895035e+04   1.1443735e+05
   7.4900000e+01  -4.1697699e+04   1.3313058e+05
   7.5000000e+01  -6.4247742e+04   1.5382412e+05
   7.5100000e+01  -7.7033516e+04   1.7569788e+05
   7.5200000e+01  -7.5180211e+04   1.9897480e+05
   7.5300000e+01  -6.3744875e+04   2.2274019e+05
   7.5400000e+01  -4.8545449e+04   2.4597241e+05
   7.5500000e+01  -2.9371322e+04   2.6954241e+05
   7.5600000e+01  -2.5204180e+03   2.9481503e+05
   7.5700000e+01   3.2303420e+04   3.1956462e+05
   7.5800000e+01   6.9872266e+04   3.3676122e+05
   7.5900000e+01   1.0416714e+05   3.3897747e+05
   7.6000000e+01   1.3377117e+05   3.2419619e+05
   7.6100000e+01   1.6179289e+05   2.9683134e+05
   7.6200000e+01   1.9082567e+05   2.6305044e+05
   7.6300000e+01   2.1824619e+05   2.2524216e+05
   7.6400000e+01   2.3596362e+05   1.8061389e+05
   7.6500000e+01   2.3454500e+05   1.2456804e+05
   7.6600000e+01   2.0876880e+05   5.5598000e+04
   7.6700000e+01   1.6118477e+05  -2.2286129e+04
   7.6800000e+01   1.0143429e+05  -1.0138402e+05
   7.6900000e+01   4.1530625e+04  -1.7470603e+05
   7.7000000e+01  -9.9076104e+03  -2.3910262e+05
   7.7100000e+01  -5.0723875e+04  -2.9461116e+05
   7.7200000e+01  -8.4265711e+04  -3.4139812e+05
   7.7300000e+01  -1.1616116e+05  -3.7793706e+05
   7.7400000e+01  -1.5098714e+05  -4.0207709e+05
   7.7500000e+01  -1.8936981e+05  -4.1300031e+05
   7.7600000e+01  -2.2606523e+05  -4.1128884e+05
   7.7700000e+01  -2.5143978e+05  -3.9712103e+05
   7.7800000e+01  -2.5787341e+05  -3.6922547e+05
   7.7900000e+01  -2.4694553e+05  -3.2653381e+05
   7.8000000e+01  -2.2923091e+05  -2.7145084e+05
   7.8100000e+01  -2.1406989e+05  -2.1159527e+05
   7.8200000e+01  -1.9856170e+05  -1.5775391e+05
   7.8300000e+01  -1.6910759e+05  -1.1889596e+05
   7.8400000e+01  -1.1683444e+05  -9.7743086e+04
   7.8500000e+01  -5.1380363e+04  -9.0180031e+04
   7.8600000e+01   3.7293484e+03  -8.8672906e+04
   7.8700000e+01   3.1918336e+04  -8.6710953e+04
   7.8800000e+01   3.9273281e+04  -8.1104484e+04
   7.8900000e+01   4.7490926e+04  -7.1509250e+04
   7.9000000e+01   7.0717414e+04  -5.8727887e+04
   7.9100000e+01   1.0097456e+05  -4.3280227e+04
   7.9200000e+01   1.1775757e+05  -2.4680188e+04
   7.9300000e+01   1.1105261e+05  -1.5370137e+03
   7.9400000e+01   9.2872914e+04   2.7349168e+04
   7.9500000e+01   8.5569688e+04   6.1383047e+04
   7.9600000e+01   1.0012411e+05   9.7355141e+04
   7.9700000e+01   1.2707694e+05   1.3035826e+05
   7.9800000e+01   1.4797281e+05   1.5608095e+05
   7.9900000e+01   1.5364914e+05   1.7309344e+05
   8.0000000e+01   1.5021550e+05   1.8348097e+05
   8.0100000e+01   1.4823342e+05   1.9073888e+05
   8.0200000e+01   1.4844342e+05   1.9587467e+05
   8.0300000e+01   1.3972275e+05   1.9544277e+05
   8.0400000e+01   1.1074487e+05   1.8502548e+05
   8.0500000e+01   6.2309562e+04   1.6606011e+05
   8.0600000e+01   7.7321328e+03   1.4808809e+05
   8.0700000e+01  -3.7887781e+04   1.4132762e+05
   8.0800000e+01  -6.7841938e+04   1.4567078e+05
   8.0900000e+01  -8.4472133e+04   1.4877653e+05
   8.1000000e+01  -9.2534734e+04   1.3741686e+05
   8.1100000e+01  -9.3817578e+04   1.1069499e+05
   8.1200000e+01  -8.7516023e+04   8.0321797e+04
   8.1300000e+01  -7.3424766e+04   5.7536898e+04
   8.1400000e+01  -5.3166297e+04   4.1684426e+04
   8.1500000e+01  -2.8907396e+04   2.3067080e+04
   8.1600000e+01  -2.5717148e+03  -4.3013477e+03
   8.1700000e+01   2.2971770e+04  -3.5110414e+04
   8.1800000e+01   4.3005047e+04  -5.7834352e+04
   8.1900000e+01   5.2979320e+04  -6.5126227e+04
   8.2000000e+01   5.2211441e+04  -5.8163867e+04
   8.2100000e+01   4.4889348e+04  -4.2882641e+04
   8.2200000e+01   3.6263078e+04  -2.4955410e+04
   8.2300000e+01   2.7547090e+04  -8.6625527e+03
   8.2400000e+01   1.5253460e+04   2.4621113e+03
   8.2500000e+01  -3.8580889e+03   7.1419697e+03
   8.2600000e+01  -2.7384836e+04   8.8847539e+03
   8.2700000e+01  -4.7371945e+04   1.4915493e+04
   8.2800000e+01  -5.6183852e+04   3.0605512e+04
   8.2900000e+01  -5.2876066e+04   5.4500438e+04
   8.3000000e+01  -4.4757809e+04   7.9201133e+04
   8.3100000e+01  -4.3157422e+04   9.7078211e+04
   8.3200000e+01  -5.6472754e+04   1.0463691e+05
   8.3300000e+01  -8.4977031e+04   1.0138065e+05
   8.3400000e+01  -1.2071086e+05   8.5716422e+04
   8.3500000e+01  -1.5262689e+05   5.3978750e+04
   8.3600000e+01  -1.7328414e+05   4.9176885e+03
   8.3700000e+01  -1.8206320e+05  -5.4912906e+04
   8.3800000e+01  -1.8312406e+05  -1.1174807e+05
   8.3900000e+01  -1.8112380e+05  -1.5263447e+05
   8.4000000e+01  -1.7875867e+05  -1.7423139e+05
   8.4100000e+01  -1.7686716e+05  -1.8356542e+05
   8.4200000e+01  -1.7496572e+05  -1.8903527e+05
   8.4300000e+01  -1.7099206e+05  -1.9011602e+05
   8.4400000e+01  -1.6120202e+05  -1.7671652e+05
   8.4500000e+01  -1.4103223e+05  -1.3996183e+05
   8.4600000e+01  -1.0630633e+05  -8.3783508e+04
   8.4700000e+01  -5.4400125e+04  -2.4578318e+04
   8.4800000e+01   1.3895102e+04   2.1886736e+04
   8.4900000e+01   9.2240039e+04   5.3129641e+04
   8.5000000e+01   1.6930719e+05   7.8629547e+04
   8.5100000e+01   2.3395161e+05   1.0585730e+05
   8.5200000e+01   2.8155347e+05   1.2910290e+05
   8.5300000e+01   3.1517112e+05   1.3371969e+05
   8.5400000e+01   3.4007025e+05   1.1129480e+05
   8.5500000e+01   3.5792312e+05   6.9084703e+04
   8.5600000e+01   3.6730728e+05   2.3602465e+04
   8.5700000e+01   3.6884878e+05  -1.4186154e+04
   8.5800000e+01   3.6707541e+05  -4.6029328e+04
   8.5900000e+01   3.6544769e+05  -7.9438648e+04
   8.6000000e+01   3.6067066e+05  -1.1610501e+05
   8.6100000e+01   3.4438838e+05  -1.4926622e+05
   8.6200000e+01   3.1159897e+05  -1.7195444e+05
   8.6300000e+01   2.6655172e+05  -1.8489652e+05
   8.6400000e+01   2.1937634e+05  -1.9374950e+05
   8.6500000e+01   1.7713664e+05  -1.9915588e+05
   8.6600000e+01   1.3872784e+05  -1.9300688e+05
   8.6700000e+01   9.7893570e+04  -1.6745591e+05
   8.6800000e+01   4.9768324e+04  -1.2687180e+05
   8.6900000e+01  -5.8250430e+03  -8.7226953e+04
   8.7000000e+01  -6.5675562e+04  -6.1167684e+04
   8.7100000e+01  -1.2555728e+05  -4.4959523e+04
   8.7200000e+01  -1.8135044e+05  -2.3236645e+04
   8.7300000e+01  -2.3018827e+05   1.2500740e+04
   8.7400000e+01  -2.7248947e+05   5.2220285e+04
   8.7500000e+01  -3.1201206e+05   7.5943406e+04
   8.7600000e+01  -3.5110506e+05   7.3241578e+04
   8.7700000e+01  -3.8460712e+05   5.2724922e+04
   8.7800000e+01  -4.0050347e+05   3.2924383e+04
   8.7900000e+01  -3.8988756e+05   2.6345270e+04
   8.8000000e+01  -3.5717128e+05   3.3377836e+04
   8.8100000e+01  -3.1848416e+05   4.9083016e+04
   8.8200000e+01  -2.8818272e+05   7.1793719e+04
   8.8300000e+01  -2.6748009e+05   1.0348527e+05
   8.8400000e+01  -2.4750178e+05   1.4372223e+05
   8.8500000e+01  -2.2232862e+05   1.8613572e+05
   8.8600000e+01  -1.9605884e+05   2.2180644e+05
   8.8700000e+01  -1.7608598e+05   2.4532680e+05
   8.8800000e+01  -1.6221172e+05   2.5719345e+05
   8.8900000e+01  -1.4587002e+05   2.6125792e+05
   8.9000000e+01  -1.2041030e+05   2.6075466e+05
   8.9100000e+01  -8.9581656e+04   2.5603217e+05
   8.9200000e+01  -6.3939141e+04   2.4426273e+05
   8.9300000e+01  -4.9403664e+04   2.2059973e+05
   8.9400000e+01  -4.0626453e+04   1.8109775e+05
   8.9500000e+01  -2.5640783e+04   1.2681206e+05
   8.9600000e+01   3.5111846e+03   6.5965227e+04
   8.9700000e+01   4.4068555e+04   1.1029285e+04
   8.9800000e+01   8.4732109e+04  -2.8272340e+04
   8.9900000e+01   1.1424155e+05  -5.0774730e+04
   9.0000000e+01   1.2991425e+05  -6.3804172e+04
   9.0100000e+01   1.4008773e+05  -7.7477555e+04
   9.0200000e+01   1.5793080e+05  -9.7902578e+04
   9.0300000e+01   1.8990066e+05  -1.2398752e+05
   9.0400000e+01   2.2753220e+05  -1.4944414e+05
   9.0500000e+01   2.5101081e+05  -1.6789022e+05
   9.0600000e+01   2.4439122e+05  -1.7698072e+05
   9.0700000e+01   2.1096553e+05  -1.7855919e+05
   9.0800000e+01   1.7431603e+05  -1.7552669e+05
   9.0900000e+01   1.6151858e+05  -1.6923495e+05
   9.1000000e+01   1.8145364e+05  -1.6009762e+05
   9.1100000e+01   2.1721745e+05  -1.4969095e+05
   9.1200000e+01   2.3983497e+05  -1.4045556e+05
   9.1300000e+01   2.3127333e+05  -1.3249812e+05
   9.1400000e+01   1.9669097e+05  -1.2172394e+05
   9.1500000e+01   1.5656320e+05  -1.0280359e+05
   9.1600000e+01   1.2775244e+05  -7.4367641e+04
   9.1700000e+01   1.1097905e+05  -4.0204883e+04
   9.1800000e+01   9.4025648e+04  -4.6408320e+03
   9.1900000e+01   6.5024375e+04   3.2207617e+04
   9.2000000e+01   2.2747037e+04   7.2798938e+04
   9.2100000e+01  -2.3963363e+04   1.1546114e+05
   9.2200000e+01  -6.4666902e+04   1.5092748e+05
   9.2300000e+01  -9.4853445e+04   1.6738059e+05
   9.2400000e+01  -1.1666255e+05   1.5928869e+05
   9.2500000e+01  -1.3418025e+05   1.3064020e+05
   9.2600000e+01  -1.4888223e+05   8.9757578e+04
   9.2700000e+01  -1.5898886e+05   4.2472559e+04
   9.2800000e+01  -1.6184942e+05  -8.8715771e+03
   9.2900000e+01  -1.5604822e+05  -6.1542039e+04
   9.3000000e+01  -1.4151203e+05  -1.1054830e+05
   9.3100000e+01  -1.1879963e+05  -1.5148794e+05
   9.3200000e+01  -8.9344312e+04  -1.8312772e+05
   9.3300000e+01  -5.6365656e+04  -2.0496195e+05
   9.3400000e+01  -2.4541057e+04  -2.1299422e+05
   9.3500000e+01   2.2375981e+03  -2.0095352e+05
   9.3600000e+01   2.3093062e+04  -1.6736934e+05
   9.3700000e+01   4.0070438e+04  -1.2008312e+05
   9.3800000e+01   5.6003234e+04  -7.1438297e+04
   9.3900000e+01   7.2745625e+04  -2.8376742e+04
   9.4000000e+01   9.0972047e+04   1.2014938e+04
   9.4100000e+01   1.1021812e+05   5.7326000e+04
   9.4200000e+01   1.2805905e+05   1.1134927e+05
   9.4300000e+01   1.4005292e+05   1.7038206e+05
   9.4400000e+01   1.4250628e+05   2.2515531e+05
   9.4500000e+01   1.3623933e+05   2.6420344e+05
   9.4600000e+01   1.2645579e+05   2.7705916e+05
   9.4700000e+01   1.1735264e+05   2.5886695e+05
   9.4800000e+01   1.0726388e+05   2.1496034e+05
   9.4900000e+01   9.1183000e+04   1.5966534e+05
   9.5000000e+01   6.9005922e+04   1.0729701e+05
   9.5100000e+01   4.9421082e+04   6.2760301e+04
   9.5200000e+01   4.2812137e+04   2.1548168e+04
   9.5300000e+01   4.9510770e+04  -2.1057137e+04
   9.5400000e+01   5.6692906e+04  -6.2635387e+04
   9.5500000e+01   4.8513766e+04  -9.6734672e+04
   9.5600000e+01   1.9321496e+04  -1.2169301e+05
   9.5700000e+01  -2.3381762e+04  -1.4304547e+05
   9.5800000e+01  -6.7627062e+04  -1.6565045e+05
   9.5900000e+01  -1.0661103e+05  -1.8536012e+05
   9.6000000e+01  -1.4023050e+05  -1.9172305e+05
   9.6100000e+01  -1.7056178e+05  -1.8009902e+05
   9.6200000e+01  -1.9878116e+05  -1.5934258e+05
   9.6300000e+01  -2.2566148e+05  -1.4499139e+05
   9.6400000e+01  -2.5148975e+05  -1.4404136e+05
   9.6500000e+01  -2.7333362e+05  -1.4752897e+05
   9.6600000e+01  -2.8385981e+05  -1.3936430e+05
   9.6700000e+01  -2.7599112e+05  -1.1252830e+05
   9.6800000e+01  -2.5042814e+05  -7.6060906e+04
   9.6900000e+01  -2.1800694e+05  -4.6454051e+04
   9.7000000e+01  -1.9308084e+05  -3.3260926e+04
   9.7100000e+01  -1.8308650e+05  -3.3075816e+04
   9.7200000e+01  -1.8326631e+05  -3.5275391e+04
   9.7300000e+01  -1.8061648e+05  -3.0930957e+04
   9.7400000e+01  -1.6321859e+05  -1.6290742e+04
   9.7500000e+01  -1.2768480e+05   8.7507422e+03
   9.7600000e+01  -8.0227570e+04   4.1784105e+04
   9.7700000e+01  -3.1976168e+04   7.7327789e+04
   9.7800000e+01   7.6804678e+03   1.0825875e+05
   9.7900000e+01   3.5735109e+04   1.3042541e+05
   9.8000000e+01   5.5748773e+04   1.4567411e+05
   9.8100000e+01   7.3662594e+04   1.5895934e+05
   9.8200000e+01   9.2314383e+04   1.7259456e+05
   9.8300000e+01   1.0918875e+05   1.8471400e+05
   9.8400000e+01   1.1942897e+05   1.9334212e+05
   9.8500000e+01   1.2100515e+05   1.9962320e+05
   9.8600000e+01   1.1662641e+05   2.0510817e+05
   9.8700000e+01   1.1077869e+05   2.0722688e+05
   9.8800000e+01   1.0592953e+05   2.0093570e+05
   9.8900000e+01   1.0234234e+05   1.8618589e+05
   9.9000000e+01   1.0067183e+05   1.7108583e+05
   9.9100000e+01   1.0285554e+05   1.6423334e+05
   9.9200000e+01   1.0975214e+05   1.6403336e+05
   9.9300000e+01   1.1913205e+05   1.5880164e+05
   9.9400000e+01   1.2743348e+05   1.3912895e+05
   9.9500000e+01   1.3316155e+05   1.0822527e+05
   9.9600000e+01   1.3672591e+05   7.8047492e+04
   9.9700000e+01   1.3588038e+05   5.6880352e+04
   9.9800000e+01   1.2298612e+05   4.3667535e+04
   9.9900000e+01   9.0687008e+04   3.3280992e+04
   1.0000000e+02   4.2469457e+04   2.2922221e+04
