   1.1851270e+02   3.6301420e+01   1.8450000e+02
   1.1874214e+02   3.6900297e+01   2.1200000e+01
   0.0000000e+00  -1.5751530e+05  -1.5751530e+05
   1.0000000e-01  -1.7439520e+05  -1.2711550e+05
   2.0000000e-01  -1.7642259e+05  -8.0452031e+04
   3.0000000e-01  -1.6098703e+05  -1.2267264e+04
   4.0000000e-01  -1.2804780e+05   8.0445555e+04
   5.0000000e-01  -8.1436797e+04   1.9495923e+05
   6.0000000e-01  -2.7617947e+04   3.2330956e+05
   7.0000000e-01   2.5691514e+04   4.5520584e+05
   8.0000000e-01   7.0066617e+04   5.8040925e+05
   9.0000000e-01   9.7414945e+04   6.8985106e+05
   1.0000000e+00   1.0227863e+05   7.7651450e+05
   1.1000000e+00   8.3649648e+04   8.3606281e+05
   1.2000000e+00   4.4096113e+04   8.6598369e+05
   1.3000000e+00  -1.3209240e+04   8.6344644e+05
   1.4000000e+00  -8.6280109e+04   8.2432312e+05
   1.5000000e+00  -1.7268562e+05   7.4510819e+05
   1.6000000e+00  -2.6629762e+05   6.2613125e+05
   1.7000000e+00  -3.5682134e+05   4.7284478e+05
   1.8000000e+00  -4.3432209e+05   2.9419497e+05
   1.9000000e+00  -4.9552697e+05   1.0003994e+05
   2.0000000e+00  -5.4556256e+05  -1.0039323e+05
   2.1000000e+00  -5.9221712e+05  -2.9903022e+05
   2.2000000e+00  -6.3736256e+05  -4.8899731e+05
   2.3000000e+00  -6.7388950e+05  -6.6348631e+05
   2.4000000e+00  -6.9130681e+05  -8.1296938e+05
   2.5000000e+00  -6.8398644e+05  -9.2331231e+05
   2.6000000e+00  -6.5342294e+05  -9.7910888e+05
   2.7000000e+00  -6.0326506e+05  -9.7266331e+05
   2.8000000e+00  -5.3435750e+05  -9.1178206e+05
   2.9000000e+00  -4.4606597e+05  -8.1733431e+05
   3.0000000e+00  -3.4125547e+05  -7.0952700e+05
   3.1000000e+00  -2.2726516e+05  -5.9390700e+05
   3.2000000e+00  -1.1072762e+05  -4.6108797e+05
   3.3000000e+00   7.2604141e+03  -3.0219809e+05
   3.4000000e+00   1.2874909e+05  -1.2538626e+05
   3.5000000e+00   2.5115073e+05   4.4436945e+04
   3.6000000e+00   3.6308097e+05   1.8417456e+05
   3.7000000e+00   4.4999053e+05   2.9086250e+05
   3.8000000e+00   5.0580381e+05   3.7969403e+05
   3.9000000e+00   5.3995269e+05   4.6277006e+05
   4.0000000e+00   5.7216938e+05   5.3132869e+05
   4.1000000e+00   6.1777600e+05   5.6176950e+05
   4.2000000e+00   6.7523831e+05   5.4027088e+05
   4.3000000e+00   7.2708631e+05   4.7994294e+05
   4.4000000e+00   7.5414519e+05   4.1184878e+05
   4.5000000e+00   7.5056050e+05   3.5885116e+05
   4.6000000e+00   7.2582125e+05   3.1859988e+05
   4.7000000e+00   6.9259325e+05   2.7092425e+05
   4.8000000e+00   6.5346594e+05   1.9946409e+05
   4.9000000e+00   6.0035969e+05   1.0563205e+05
   5.0000000e+00   5.2634175e+05   4.7989790e+03
   5.1000000e+00   4.3626850e+05  -8.6641664e+04
   5.2000000e+00   3.4460566e+05  -1.5934067e+05
   5.3000000e+00   2.6317584e+05  -2.0987075e+05
   5.4000000e+00   1.9208858e+05  -2.3633683e+05
   5.5000000e+00   1.2276891e+05  -2.3695956e+05
   5.6000000e+00   4.8827676e+04  -2.1184830e+05
   5.7000000e+00  -2.6802545e+04  -1.6475758e+05
   5.8000000e+00  -9.4674211e+04  -1.0310988e+05
   5.9000000e+00  -1.4701066e+05  -3.6627262e+04
   6.0000000e+00  -1.8238931e+05   2.5167086e+04
   6.1000000e+00  -2.0359208e+05   7.6421438e+04
   6.2000000e+00  -2.1314964e+05   1.1745439e+05
   6.3000000e+00  -2.1234736e+05   1.5308253e+05
   6.4000000e+00  -2.0391923e+05   1.8638081e+05
   6.5000000e+00  -1.9400320e+05   2.1276669e+05
   6.6000000e+00  -1.9051847e+05   2.2082350e+05
   6.7000000e+00  -1.9974409e+05   2.0061969e+05
   6.8000000e+00  -2.2412964e+05   1.5234948e+05
   6.9000000e+00  -2.6176066e+05   8.6764453e+04
   7.0000000e+00  -3.0655603e+05   1.6664365e+04
   7.1000000e+00  -3.5015184e+05  -5.2155117e+04
   7.2000000e+00  -3.8690247e+05  -1.2166713e+05
   7.3000000e+00  -4.1920053e+05  -1.9417105e+05
   7.4000000e+00  -4.5668009e+05  -2.6507444e+05
   7.5000000e+00  -5.0724181e+05  -3.2318209e+05
   7.6000000e+00  -5.6748519e+05  -3.5737616e+05
   7.7000000e+00  -6.2296219e+05  -3.6286922e+05
   7.8000000e+00  -6.5900706e+05  -3.4246322e+05
   7.9000000e+00  -6.7104850e+05  -3.0378988e+05
   8.0000000e+00  -6.6382525e+05  -2.5551927e+05
   8.1000000e+00  -6.4183900e+05  -2.0391883e+05
   8.2000000e+00  -6.0321144e+05  -1.5060219e+05
   8.3000000e+00  -5.4402062e+05  -9.3590461e+04
   8.4000000e+00  -4.6669216e+05  -3.2549893e+04
   8.5000000e+00  -3.8081838e+05   2.5958967e+04
   8.6000000e+00  -2.9420056e+05   6.9879117e+04
   8.7000000e+00  -2.0443044e+05   9.0570750e+04
   8.8000000e+00  -1.0166541e+05   9.0980219e+04
   8.9000000e+00   1.9402807e+04   8.3862938e+04
   9.0000000e+00   1.5133597e+05   8.1034539e+04
   9.1000000e+00   2.7869453e+05   8.4581719e+04
   9.2000000e+00   3.9050962e+05   8.8562469e+04
   9.3000000e+00   4.8687772e+05   8.7830430e+04
   9.4000000e+00   5.7348581e+05   8.3720492e+04
   9.5000000e+00   6.5194319e+05   8.1909531e+04
   9.6000000e+00   7.1755106e+05   8.7349508e+04
   9.7000000e+00   7.6573819e+05   1.0254478e+05
   9.8000000e+00   7.9760350e+05   1.2867812e+05
   9.9000000e+00   8.1728300e+05   1.6484803e+05
   1.0000000e+01   8.2522238e+05   2.0464680e+05
   1.0100000e+01   8.1656850e+05   2.3510983e+05
   1.0200000e+01   7.8675488e+05   2.4213728e+05
   1.0300000e+01   7.3717306e+05   2.1966064e+05
   1.0400000e+01   6.7440869e+05   1.7518012e+05
   1.0500000e+01   6.0486506e+05   1.2661624e+05
   1.0600000e+01   5.3126812e+05   9.2007859e+04
   1.0700000e+01   4.5356072e+05   7.8962109e+04
   1.0800000e+01   3.7092481e+05   8.1401164e+04
   1.0900000e+01   2.8180750e+05   8.6212789e+04
   1.1000000e+01   1.8335741e+05   8.4388297e+04
   1.1100000e+01   7.3401828e+04   7.6649648e+04
   1.1200000e+01  -4.5473918e+04   6.8321805e+04
   1.1300000e+01  -1.6397748e+05   5.9317273e+04
   1.1400000e+01  -2.6938809e+05   4.0820969e+04
   1.1500000e+01  -3.5230812e+05   3.0167610e+03
   1.1600000e+01  -4.1199275e+05  -5.4599531e+04
   1.1700000e+01  -4.5670388e+05  -1.2204029e+05
   1.1800000e+01  -4.9912106e+05  -1.8797791e+05
   1.1900000e+01  -5.4933844e+05  -2.4860334e+05
   1.2000000e+01  -6.0884662e+05  -3.0648453e+05
   1.2100000e+01  -6.6901450e+05  -3.6178162e+05
   1.2200000e+01  -7.1618512e+05  -4.0672869e+05
   1.2300000e+01  -7.4114538e+05  -4.2978978e+05
   1.2400000e+01  -7.4578731e+05  -4.2463434e+05
   1.2500000e+01  -7.4026406e+05  -3.9428556e+05
   1.2600000e+01  -7.3216881e+05  -3.4699569e+05
   1.2700000e+01  -7.1806931e+05  -2.8941491e+05
   1.2800000e+01  -6.8655819e+05  -2.2429556e+05
   1.2900000e+01  -6.3018869e+05  -1.5352322e+05
   1.3000000e+01  -5.5365950e+05  -8.1062734e+04
   1.3100000e+01  -4.6927547e+05  -1.1605873e+04
   1.3200000e+01  -3.8451222e+05   5.2851641e+04
   1.3300000e+01  -2.9489675e+05   1.1310269e+05
   1.3400000e+01  -1.8929397e+05   1.6846320e+05
   1.3500000e+01  -6.1785508e+04   2.1351233e+05
   1.3600000e+01   8.1118781e+04   2.4104748e+05
   1.3700000e+01   2.2317745e+05   2.4925403e+05
   1.3800000e+01   3.4729972e+05   2.4553358e+05
   1.3900000e+01   4.4373041e+05   2.4249366e+05
   1.4000000e+01   5.1323300e+05   2.4966891e+05
   1.4100000e+01   5.6441825e+05   2.6825247e+05
   1.4200000e+01   6.0681838e+05   2.9210012e+05
   1.4300000e+01   6.4368762e+05   3.1232072e+05
   1.4400000e+01   6.6966825e+05   3.2139172e+05
   1.4500000e+01   6.7554488e+05   3.1537744e+05
   1.4600000e+01   6.5636662e+05   2.9469662e+05
   1.4700000e+01   6.1610269e+05   2.6335034e+05
   1.4800000e+01   5.6547550e+05   2.2628872e+05
   1.4900000e+01   5.1596216e+05   1.8626806e+05
   1.5000000e+01   4.7520534e+05   1.4282714e+05
   1.5100000e+01   4.4580550e+05   9.4368195e+04
   1.5200000e+01   4.2594575e+05   4.1164930e+04
   1.5300000e+01   4.1071678e+05  -1.3723039e+04
   1.5400000e+01   3.9494712e+05  -6.6107922e+04
   1.5500000e+01   3.7714016e+05  -1.1261975e+05
   1.5600000e+01   3.6085669e+05  -1.5097647e+05
   1.5700000e+01   3.5053834e+05  -1.7916247e+05
   1.5800000e+01   3.4495141e+05  -1.9517258e+05
   1.5900000e+01   3.3586206e+05  -1.9732670e+05
   1.6000000e+01   3.1484978e+05  -1.8393995e+05
   1.6100000e+01   2.8129369e+05  -1.5297638e+05
   1.6200000e+01   2.4197139e+05  -1.0435838e+05
   1.6300000e+01   2.0223964e+05  -4.4895102e+04
   1.6400000e+01   1.5939905e+05   1.0014105e+04
   1.6500000e+01   1.0661247e+05   4.3987367e+04
   1.6600000e+01   4.2536180e+04   5.3225305e+04
   1.6700000e+01  -2.5746990e+04   5.2902910e+04
   1.6800000e+01  -9.0782094e+04   6.6745203e+04
   1.6900000e+01  -1.5435248e+05   1.0653043e+05
   1.7000000e+01  -2.2724747e+05   1.6024052e+05
   1.7100000e+01  -3.1960372e+05   2.0048667e+05
   1.7200000e+01  -4.3257928e+05   2.0526811e+05
   1.7300000e+01  -5.5888488e+05   1.7204097e+05
   1.7400000e+01  -6.8879231e+05   1.1439984e+05
   1.7500000e+01  -8.1397369e+05   4.7721922e+04
   1.7600000e+01  -9.2736044e+05  -2.2046168e+04
   1.7700000e+01  -1.0230944e+06  -9.8662023e+04
   1.7800000e+01  -1.0986040e+06  -1.8788642e+05
   1.7900000e+01  -1.1553142e+06  -2.8959631e+05
   1.8000000e+01  -1.1948055e+06  -3.9538147e+05
   1.8100000e+01  -1.2134809e+06  -4.9265028e+05
   1.8200000e+01  -1.2022598e+06  -5.7193344e+05
   1.8300000e+01  -1.1530050e+06  -6.3149712e+05
   1.8400000e+01  -1.0657598e+06  -6.7498088e+05
   1.8500000e+01  -9.4953719e+05  -7.0404994e+05
   1.8600000e+01  -8.1589169e+05  -7.1353756e+05
   1.8700000e+01  -6.7152544e+05  -6.9437825e+05
   1.8800000e+01  -5.1647459e+05  -6.4106831e+05
   1.8900000e+01  -3.4861353e+05  -5.5540262e+05
   1.9000000e+01  -1.6978450e+05  -4.4335244e+05
   1.9100000e+01   1.1426536e+04  -3.1084816e+05
   1.9200000e+01   1.8163659e+05  -1.6509497e+05
   1.9300000e+01   3.2741853e+05  -1.9353838e+04
   1.9400000e+01   4.4016322e+05   1.0750786e+05
   1.9500000e+01   5.1893291e+05   2.0027520e+05
   1.9600000e+01   5.6977006e+05   2.5774788e+05
   1.9700000e+01   6.0117050e+05   2.9326344e+05
   1.9800000e+01   6.1812106e+05   3.2386941e+05
   1.9900000e+01   6.1936331e+05   3.5794225e+05
   2.0000000e+01   6.0100719e+05   3.9172850e+05
   2.0100000e+01   5.6415838e+05   4.1583350e+05
   2.0200000e+01   5.1974272e+05   4.2425194e+05
   2.0300000e+01   4.8537803e+05   4.1874738e+05
   2.0400000e+01   4.7607084e+05   4.0730216e+05
   2.0500000e+01   4.9610188e+05   3.9973234e+05
   2.0600000e+01   5.3838069e+05   4.0364059e+05
   2.0700000e+01   5.9130825e+05   4.2205497e+05
   2.0800000e+01   6.4770269e+05   4.5301331e+05
   2.0900000e+01   7.0957700e+05   4.9109228e+05
   2.1000000e+01   7.8582850e+05   5.3036112e+05
   2.1100000e+01   8.8442350e+05   5.6732988e+05
   2.1200000e+01   1.0041964e+06   6.0205869e+05
   2.1300000e+01   1.1320615e+06   6.3658519e+05
   2.1400000e+01   1.2480618e+06   6.7187969e+05
   2.1500000e+01   1.3347999e+06   7.0577350e+05
   2.1600000e+01   1.3842375e+06   7.3311731e+05
   2.1700000e+01   1.3972186e+06   7.4692812e+05
   2.1800000e+01   1.3774244e+06   7.3875562e+05
   2.1900000e+01   1.3256518e+06   6.9897650e+05
   2.2000000e+01   1.2387865e+06   6.1960388e+05
   2.2100000e+01   1.1129800e+06   4.9967219e+05
   2.2200000e+01   9.4752781e+05   3.4850662e+05
   2.2300000e+01   7.4677775e+05   1.8193136e+05
   2.2400000e+01   5.1975469e+05   1.3022241e+04
   2.2500000e+01   2.7831841e+05  -1.5438459e+05
   2.2600000e+01   3.4542566e+04  -3.2295094e+05
   2.2700000e+01  -2.0192981e+05  -4.9266788e+05
   2.2800000e+01  -4.2527066e+05  -6.5480512e+05
   2.2900000e+01  -6.3267038e+05  -7.9507594e+05
   2.3000000e+01  -8.2208088e+05  -9.0236688e+05
   2.3100000e+01  -9.9051194e+05  -9.7411662e+05
   2.3200000e+01  -1.1342378e+06  -1.0138775e+06
   2.3300000e+01  -1.2504442e+06  -1.0250398e+06
   2.3400000e+01  -1.3390221e+06  -1.0078229e+06
   2.3500000e+01  -1.4037399e+06  -9.6197100e+05
   2.3600000e+01  -1.4523819e+06  -8.9127694e+05
   2.3700000e+01  -1.4949285e+06  -8.0483700e+05
   2.3800000e+01  -1.5392586e+06  -7.1392625e+05
   2.3900000e+01  -1.5864536e+06  -6.2736150e+05
   2.4000000e+01  -1.6300916e+06  -5.4862088e+05
   2.4100000e+01  -1.6618698e+06  -4.7604391e+05
   2.4200000e+01  -1.6797831e+06  -4.0581138e+05
   2.4300000e+01  -1.6911920e+06  -3.3627294e+05
   2.4400000e+01  -1.7068915e+06  -2.7079884e+05
   2.4500000e+01  -1.7310578e+06  -2.1625995e+05
   2.4600000e+01  -1.7564020e+06  -1.7764333e+05
   2.4700000e+01  -1.7687300e+06  -1.5382959e+05
   2.4800000e+01  -1.7557146e+06  -1.3920397e+05
   2.4900000e+01  -1.7113399e+06  -1.2929018e+05
   2.5000000e+01  -1.6334274e+06  -1.2339580e+05
   2.5100000e+01  -1.5193235e+06  -1.2071919e+05
   2.5200000e+01  -1.3653536e+06  -1.1498475e+05
   2.5300000e+01  -1.1695200e+06  -9.5194172e+04
   2.5400000e+01  -9.3274106e+05  -5.2634352e+04
   2.5500000e+01  -6.5684162e+05   1.3640890e+04
   2.5600000e+01  -3.4297206e+05   9.8507750e+04
   2.5700000e+01   5.8759746e+03   1.9618597e+05
   2.5800000e+01   3.8052381e+05   3.0221322e+05
   2.5900000e+01   7.6558331e+05   4.1107706e+05
   2.6000000e+01   1.1456289e+06   5.1528050e+05
   2.6100000e+01   1.5114139e+06   6.0900338e+05
   2.6200000e+01   1.8585841e+06   6.9167338e+05
   2.6300000e+01   2.1797072e+06   7.6555088e+05
   2.6400000e+01   2.4592980e+06   8.2929562e+05
   2.6500000e+01   2.6794985e+06   8.7554625e+05
   2.6600000e+01   2.8321440e+06   8.9600450e+05
   2.6700000e+01   2.9244772e+06   8.8819075e+05
   2.6800000e+01   2.9714610e+06   8.5636238e+05
   2.6900000e+01   2.9818132e+06   8.0693038e+05
   2.7000000e+01   2.9517025e+06   7.4498356e+05
   2.7100000e+01   2.8716885e+06   6.7508906e+05
   2.7200000e+01   2.7386685e+06   6.0235456e+05
   2.7300000e+01   2.5605622e+06   5.2978875e+05
   2.7400000e+01   2.3505918e+06   4.5510781e+05
   2.7500000e+01   2.1187490e+06   3.7315353e+05
   2.7600000e+01   1.8688869e+06   2.8323481e+05
   2.7700000e+01   1.6021845e+06   1.9280950e+05
   2.7800000e+01   1.3216091e+06   1.1171323e+05
   2.7900000e+01   1.0332005e+06   4.2550141e+04
   2.8000000e+01   7.4458862e+05  -2.1507809e+04
   2.8100000e+01   4.6297200e+05  -8.8432789e+04
   2.8200000e+01   1.9356364e+05  -1.5805220e+05
   2.8300000e+01  -6.1263160e+04  -2.2271570e+05
   2.8400000e+01  -3.0142334e+05  -2.7709438e+05
   2.8500000e+01  -5.2724375e+05  -3.2532206e+05
   2.8600000e+01  -7.3853306e+05  -3.7669316e+05
   2.8700000e+01  -9.3675888e+05  -4.3457522e+05
   2.8800000e+01  -1.1284915e+06  -4.9126544e+05
   2.8900000e+01  -1.3250776e+06  -5.3491825e+05
   2.9000000e+01  -1.5364622e+06  -5.6123594e+05
   2.9100000e+01  -1.7640190e+06  -5.7773488e+05
   2.9200000e+01  -1.9997414e+06  -5.9696675e+05
   2.9300000e+01  -2.2330605e+06  -6.2643000e+05
   2.9400000e+01  -2.4582415e+06  -6.6437788e+05
   2.9500000e+01  -2.6744748e+06  -7.0261456e+05
   2.9600000e+01  -2.8787332e+06  -7.3090669e+05
   2.9700000e+01  -3.0594240e+06  -7.3967506e+05
   2.9800000e+01  -3.1981420e+06  -7.2261712e+05
   2.9900000e+01  -3.2783452e+06  -6.8038581e+05
   3.0000000e+01  -3.2926758e+06  -6.2171556e+05
   3.0100000e+01  -3.2419998e+06  -5.5826425e+05
   3.0200000e+01  -3.1274205e+06  -4.9637306e+05
   3.0300000e+01  -2.9433465e+06  -4.3406081e+05
   3.0400000e+01  -2.6788698e+06  -3.6671672e+05
   3.0500000e+01  -2.3272510e+06  -2.9490156e+05
   3.0600000e+01  -1.8960746e+06  -2.2482992e+05
   3.0700000e+01  -1.4097320e+06  -1.6045002e+05
   3.0800000e+01  -9.0151650e+05  -9.5898508e+04
   3.0900000e+01  -4.0018600e+05  -1.7267207e+04
   3.1000000e+01   8.0122930e+04   8.6698133e+04
   3.1100000e+01   5.3976144e+05   2.1401833e+05
   3.1200000e+01   9.8337275e+05   3.4805512e+05
   3.1300000e+01   1.4073355e+06   4.6663016e+05
   3.1400000e+01   1.7947780e+06   5.5486400e+05
   3.1500000e+01   2.1222995e+06   6.1234519e+05
   3.1600000e+01   2.3729285e+06   6.4986075e+05
   3.1700000e+01   2.5450752e+06   6.7919075e+05
   3.1800000e+01   2.6514675e+06   7.0476362e+05
   3.1900000e+01   2.7105345e+06   7.2359238e+05
   3.2000000e+01   2.7370952e+06   7.3184388e+05
   3.2100000e+01   2.7372555e+06   7.3040319e+05
   3.2200000e+01   2.7086505e+06   7.2366981e+05
   3.2300000e+01   2.6452025e+06   7.1331681e+05
   3.2400000e+01   2.5443110e+06   6.9405075e+05
   3.2500000e+01   2.4121252e+06   6.5648538e+05
   3.2600000e+01   2.2621670e+06   5.9528256e+05
   3.2700000e+01   2.1072582e+06   5.1542231e+05
   3.2800000e+01   1.9513322e+06   4.3057659e+05
   3.2900000e+01   1.7885916e+06   3.5423294e+05
   3.3000000e+01   1.6104878e+06   2.9079022e+05
   3.3100000e+01   1.4132759e+06   2.3431547e+05
   3.3200000e+01   1.1990966e+06   1.7589283e+05
   3.3300000e+01   9.7097781e+05   1.1228930e+05
   3.3400000e+01   7.2832000e+05   4.7236785e+04
   3.3500000e+01   4.6799738e+05  -1.5745739e+04
   3.3600000e+01   1.8976961e+05  -8.0701344e+04
   3.3700000e+01  -9.9475680e+04  -1.5758356e+05
   3.3800000e+01  -3.8652269e+05  -2.5188539e+05
   3.3900000e+01  -6.5687831e+05  -3.5598300e+05
   3.4000000e+01  -9.0023975e+05  -4.5215456e+05
   3.4100000e+01  -1.1130601e+06  -5.2574894e+05
   3.4200000e+01  -1.2973905e+06  -5.7626075e+05
   3.4300000e+01  -1.4572264e+06  -6.1569888e+05
   3.4400000e+01  -1.5944114e+06  -6.5618300e+05
   3.4500000e+01  -1.7062459e+06  -6.9904175e+05
   3.4600000e+01  -1.7865001e+06  -7.3515181e+05
   3.4700000e+01  -1.8298004e+06  -7.5421769e+05
   3.4800000e+01  -1.8365692e+06  -7.5239569e+05
   3.4900000e+01  -1.8143420e+06  -7.3144112e+05
   3.5000000e+01  -1.7738085e+06  -6.9304731e+05
   3.5100000e+01  -1.7228081e+06  -6.3677725e+05
   3.5200000e+01  -1.6635509e+06  -5.6395450e+05
   3.5300000e+01  -1.5947916e+06  -4.8106444e+05
   3.5400000e+01  -1.5152752e+06  -3.9605122e+05
   3.5500000e+01  -1.4241482e+06  -3.1025678e+05
   3.5600000e+01  -1.3189458e+06  -2.1621884e+05
   3.5700000e+01  -1.1956630e+06  -1.0668953e+05
   3.5800000e+01  -1.0527396e+06   1.2988535e+04
   3.5900000e+01  -8.9472006e+05   1.2327816e+05
   3.6000000e+01  -7.3026312e+05   2.0415814e+05
   3.6100000e+01  -5.6536544e+05   2.5233295e+05
   3.6200000e+01  -3.9871891e+05   2.8498641e+05
   3.6300000e+01  -2.2420284e+05   3.2556825e+05
   3.6400000e+01  -3.7720336e+04   3.8430259e+05
   3.6500000e+01   1.5856459e+05   4.5049216e+05
   3.6600000e+01   3.5744847e+05   5.0198869e+05
   3.6700000e+01   5.4981862e+05   5.2224069e+05
   3.6800000e+01   7.2565706e+05   5.1077325e+05
   3.6900000e+01   8.7385012e+05   4.8048228e+05
   3.7000000e+01   9.8441500e+05   4.4616028e+05
   3.7100000e+01   1.0531804e+06   4.1430422e+05
   3.7200000e+01   1.0842255e+06   3.8156147e+05
   3.7300000e+01   1.0864755e+06   3.4129062e+05
   3.7400000e+01   1.0670442e+06   2.9115622e+05
   3.7500000e+01   1.0278189e+06   2.3490091e+05
   3.7600000e+01   9.6866531e+05   1.7801961e+05
   3.7700000e+01   8.9376425e+05   1.2319370e+05
   3.7800000e+01   8.1418338e+05   7.0633281e+04
   3.7900000e+01   7.4316175e+05   2.2165521e+04
   3.8000000e+01   6.8762169e+05  -1.6506514e+04
   3.8100000e+01   6.4370825e+05  -3.8619129e+04
   3.8200000e+01   6.0133106e+05  -4.1599891e+04
   3.8300000e+01   5.5433181e+05  -2.9448432e+04
   3.8400000e+01   5.0651003e+05  -9.9076475e+03
   3.8500000e+01   4.6664659e+05   1.1014953e+04
   3.8600000e+01   4.3666466e+05   3.2571830e+04
   3.8700000e+01   4.0531934e+05   5.8167988e+04
   3.8800000e+01   3.5539525e+05   9.0566656e+04
   3.8900000e+01   2.7855547e+05   1.2704390e+05
   3.9000000e+01   1.8329541e+05   1.5849488e+05
   3.9100000e+01   8.7915609e+04   1.7411270e+05
   3.9200000e+01   5.5293486e+03   1.6886186e+05
   3.9300000e+01  -6.4158312e+04   1.4750569e+05
   3.9400000e+01  -1.2907547e+05   1.2048380e+05
   3.9500000e+01  -1.9198617e+05   9.4102742e+04
   3.9600000e+01  -2.4383027e+05   6.4247426e+04
   3.9700000e+01  -2.6928644e+05   2.0949768e+04
   3.9800000e+01  -2.5865836e+05  -3.9664516e+04
   3.9900000e+01  -2.1514281e+05  -1.0845985e+05
   4.0000000e+01  -1.5198144e+05  -1.6972403e+05
   4.0100000e+01  -8.3270594e+04  -2.1501388e+05
   4.0200000e+01  -1.6583574e+04  -2.4974597e+05
   4.0300000e+01   4.7470734e+04  -2.8527922e+05
   4.0400000e+01   1.0984915e+05  -3.2490453e+05
   4.0500000e+01   1.6703058e+05  -3.5845638e+05
   4.0600000e+01   2.0944505e+05  -3.7067194e+05
   4.0700000e+01   2.2603078e+05  -3.5446422e+05
   4.0800000e+01   2.1169103e+05  -3.1679019e+05
   4.0900000e+01   1.7117972e+05  -2.7334025e+05
   4.1000000e+01   1.1488180e+05  -2.3810297e+05
   4.1100000e+01   4.9122340e+04  -2.1607853e+05
   4.1200000e+01  -2.9979785e+04  -2.0294544e+05
   4.1300000e+01  -1.3194477e+05  -1.9020292e+05
   4.1400000e+01  -2.5947441e+05  -1.7167222e+05
   4.1500000e+01  -3.9959003e+05  -1.4735136e+05
   4.1600000e+01  -5.2775956e+05  -1.2283030e+05
   4.1700000e+01  -6.2273944e+05  -1.0553637e+05
   4.1800000e+01  -6.7971200e+05  -1.0068050e+05
   4.1900000e+01  -7.1054712e+05  -1.0880148e+05
   4.2000000e+01  -7.3150600e+05  -1.2517712e+05
   4.2100000e+01  -7.4967012e+05  -1.4128205e+05
   4.2200000e+01  -7.5966881e+05  -1.4869302e+05
   4.2300000e+01  -7.5193906e+05  -1.4386627e+05
   4.2400000e+01  -7.2300931e+05  -1.2956617e+05
   4.2500000e+01  -6.7775262e+05  -1.1024445e+05
   4.2600000e+01  -6.2321825e+05  -8.5043734e+04
   4.2700000e+01  -5.6248725e+05  -4.6301621e+04
   4.2800000e+01  -4.9526078e+05   1.3254769e+04
   4.2900000e+01  -4.2248475e+05   9.1366086e+04
   4.3000000e+01  -3.4746156e+05   1.7547391e+05
   4.3100000e+01  -2.7172366e+05   2.5229598e+05
   4.3200000e+01  -1.9235317e+05   3.1800841e+05
   4.3300000e+01  -1.0652520e+05   3.7796631e+05
   4.3400000e+01  -1.9036537e+04   4.3630247e+05
   4.3500000e+01   5.7539855e+04   4.8723994e+05
   4.3600000e+01   1.1337266e+05   5.1818000e+05
   4.3700000e+01   1.5274409e+05   5.2136247e+05
   4.3800000e+01   1.9315842e+05   5.0137062e+05
   4.3900000e+01   2.5095492e+05   4.7073566e+05
   4.4000000e+01   3.2676272e+05   4.3896391e+05
   4.4100000e+01   4.0499797e+05   4.0611434e+05
   4.4200000e+01   4.6744038e+05   3.6529147e+05
   4.4300000e+01   5.0718753e+05   3.0917284e+05
   4.4400000e+01   5.3051300e+05   2.3480962e+05
   4.4500000e+01   5.4767181e+05   1.4602119e+05
   4.4600000e+01   5.6385881e+05   5.4141953e+04
   4.4700000e+01   5.7835681e+05  -2.5352859e+04
   4.4800000e+01   5.8949162e+05  -8.2020805e+04
   4.4900000e+01   5.9798231e+05  -1.1934959e+05
   4.5000000e+01   6.0541688e+05  -1.5303219e+05
   4.5100000e+01   6.1070650e+05  -1.9702316e+05
   4.5200000e+01   6.0850019e+05  -2.4987038e+05
   4.5300000e+01   5.9074750e+05  -2.9560772e+05
   4.5400000e+01   5.5048288e+05  -3.1876156e+05
   4.5500000e+01   4.8631725e+05  -3.1817409e+05
   4.5600000e+01   4.0515819e+05  -3.0640425e+05
   4.5700000e+01   3.2018606e+05  -2.9720428e+05
   4.5800000e+01   2.4403658e+05  -2.9466606e+05
   4.5900000e+01   1.8204453e+05  -2.9331075e+05
   4.6000000e+01   1.3139233e+05  -2.8613678e+05
   4.6100000e+01   8.6535773e+04  -2.7136462e+05
   4.6200000e+01   4.5124637e+04  -2.5260733e+05
   4.6300000e+01   8.9685469e+03  -2.3463384e+05
   4.6400000e+01  -1.9426559e+04  -2.1997394e+05
   4.6500000e+01  -4.0164734e+04  -2.0903631e+05
   4.6600000e+01  -5.6418234e+04  -2.0204886e+05
   4.6700000e+01  -7.3183141e+04  -1.9933891e+05
   4.6800000e+01  -9.6020836e+04  -1.9873931e+05
   4.6900000e+01  -1.2957814e+05  -1.9290325e+05
   4.7000000e+01  -1.7554553e+05  -1.7066964e+05
   4.7100000e+01  -2.3164819e+05  -1.2324867e+05
   4.7200000e+01  -2.9343069e+05  -5.0862395e+04
   4.7300000e+01  -3.5762825e+05   3.5985438e+04
   4.7400000e+01  -4.2358394e+05   1.2228260e+05
   4.7500000e+01  -4.9101788e+05   1.9703705e+05
   4.7600000e+01  -5.5648612e+05   2.5806178e+05
   4.7700000e+01  -6.1220819e+05   3.0982038e+05
   4.7800000e+01  -6.4827544e+05   3.5677250e+05
   4.7900000e+01  -6.5610669e+05   3.9785009e+05
   4.8000000e+01  -6.3076706e+05   4.2615438e+05
   4.8100000e+01  -5.7168450e+05   4.3344931e+05
   4.8200000e+01  -4.8250331e+05   4.1555384e+05
   4.8300000e+01  -3.7034656e+05   3.7489241e+05
   4.8400000e+01  -2.4426745e+05   3.1919038e+05
   4.8500000e+01  -1.1344780e+05   2.5763773e+05
   4.8600000e+01   1.3405536e+04   1.9658177e+05
   4.8700000e+01   1.2699520e+05   1.3697773e+05
   4.8800000e+01   2.1677850e+05   7.5645883e+04
   4.8900000e+01   2.7370562e+05   1.0268183e+04
   4.9000000e+01   2.9610794e+05  -5.5735176e+04
   4.9100000e+01   2.9351131e+05  -1.1353092e+05
   4.9200000e+01   2.8250475e+05  -1.5491002e+05
   4.9300000e+01   2.7538469e+05  -1.7819983e+05
   4.9400000e+01   2.7062419e+05  -1.8799250e+05
   4.9500000e+01   2.5473086e+05  -1.8963373e+05
   4.9600000e+01   2.1514547e+05  -1.8505222e+05
   4.9700000e+01   1.5272927e+05  -1.7359580e+05
   4.9800000e+01   8.2183242e+04  -1.5459514e+05
   4.9900000e+01   2.0547992e+04  -1.2737607e+05
   5.0000000e+01  -2.4498625e+04  -9.0263906e+04
   5.0100000e+01  -5.5787695e+04  -4.3093543e+04
   5.0200000e+01  -7.8395164e+04   7.6743120e+03
   5.0300000e+01  -9.2410469e+04   4.8303492e+04
   5.0400000e+01  -9.4119141e+04   6.5478422e+04
   5.0500000e+01  -8.2499047e+04   5.6268004e+04
   5.0600000e+01  -6.2687086e+04   3.0225215e+04
   5.0700000e+01  -4.2986531e+04   1.0323965e+03
   5.0800000e+01  -2.9538430e+04  -2.4457658e+04
   5.0900000e+01  -2.3854182e+04  -5.0094664e+04
   5.1000000e+01  -2.3636703e+04  -8.4899320e+04
   5.1100000e+01  -2.4277371e+04  -1.3370248e+05
   5.1200000e+01  -2.0344180e+04  -1.9138459e+05
   5.1300000e+01  -8.4634883e+03  -2.4463270e+05
   5.1400000e+01   9.1267764e+03  -2.7984934e+05
   5.1500000e+01   2.4261383e+04  -2.9150872e+05
   5.1600000e+01   2.8003977e+04  -2.8442038e+05
   5.1700000e+01   1.7662531e+04  -2.6791662e+05
   5.1800000e+01  -7.4420850e+02  -2.4723864e+05
   5.1900000e+01  -1.6775549e+04  -2.2028217e+05
   5.2000000e+01  -2.2345955e+04  -1.8243409e+05
   5.2100000e+01  -1.5265182e+04  -1.3367470e+05
   5.2200000e+01   1.9283438e+03  -7.9847500e+04
   5.2300000e+01   2.5071262e+04  -2.6712859e+04
   5.2400000e+01   5.0605168e+04   2.6332805e+04
   5.2500000e+01   7.6499609e+04   8.5363781e+04
   5.2600000e+01   1.0242301e+05   1.5411288e+05
   5.2700000e+01   1.2892312e+05   2.2729278e+05
   5.2800000e+01   1.5531484e+05   2.9243222e+05
   5.2900000e+01   1.7750475e+05   3.3882953e+05
   5.3000000e+01   1.8795780e+05   3.6458131e+05
   5.3100000e+01   1.7861506e+05   3.7471262e+05
   5.3200000e+01   1.4511466e+05   3.7334631e+05
   5.3300000e+01   8.9690734e+04   3.5940900e+05
   5.3400000e+01   2.1168873e+04   3.3057709e+05
   5.3500000e+01  -4.7937691e+04   2.8956666e+05
   5.3600000e+01  -1.0603059e+05   2.4373208e+05
   5.3700000e+01  -1.4652558e+05   1.9765898e+05
   5.3800000e+01  -1.6892800e+05   1.4808055e+05
   5.3900000e+01  -1.7607284e+05   8.8225922e+04
   5.4000000e+01  -1.6995542e+05   1.7062715e+04
   5.4100000e+01  -1.5004680e+05  -5.7255277e+04
   5.4200000e+01  -1.1537452e+05  -1.2321787e+05
   5.4300000e+01  -6.7513797e+04  -1.7354780e+05
   5.4400000e+01  -1.0865678e+04  -2.0628634e+05
   5.4500000e+01   4.9952633e+04  -2.2055648e+05
   5.4600000e+01   1.1253799e+05  -2.1468188e+05
   5.4700000e+01   1.7658331e+05  -1.8983803e+05
   5.4800000e+01   2.4185833e+05  -1.5390053e+05
   5.4900000e+01   3.0627541e+05  -1.1904177e+05
   5.5000000e+01   3.6495206e+05  -9.3884727e+04
   5.5100000e+01   4.1025744e+05  -7.7494805e+04
   5.5200000e+01   4.3324141e+05  -6.1169297e+04
   5.5300000e+01   4.2684881e+05  -3.6885855e+04
   5.5400000e+01   3.8965003e+05  -5.2042764e+03
   5.5500000e+01   3.2725184e+05   2.4650684e+04
   5.5600000e+01   2.4953830e+05   4.3330199e+04
   5.5700000e+01   1.6507727e+05   5.0855613e+04
   5.5800000e+01   7.6540250e+04   5.7040484e+04
   5.5900000e+01  -1.9429465e+04   7.1129109e+04
   5.6000000e+01  -1.2755238e+05   9.1018289e+04
   5.6100000e+01  -2.4761328e+05   1.0436834e+05
   5.6200000e+01  -3.7105053e+05   1.0141304e+05
   5.6300000e+01  -4.8301906e+05   8.5748648e+04
   5.6400000e+01  -5.6865625e+05   7.1122711e+04
   5.6500000e+01  -6.1944219e+05   6.7704227e+04
   5.6600000e+01  -6.3565006e+05   7.2348266e+04
   5.6700000e+01  -6.2354069e+05   7.1910375e+04
   5.6800000e+01  -5.8942800e+05   5.4803715e+04
   5.6900000e+01  -5.3515106e+05   1.9714566e+04
   5.7000000e+01  -4.5882491e+05  -2.4184568e+04
   5.7100000e+01  -3.6029512e+05  -6.3291914e+04
   5.7200000e+01  -2.4566983e+05  -8.7055375e+04
   5.7300000e+01  -1.2543844e+05  -9.3220016e+04
   5.7400000e+01  -7.5458477e+03  -8.8365883e+04
   5.7500000e+01   1.0673461e+05  -8.3084562e+04
   5.7600000e+01   2.1873164e+05  -8.4934422e+04
   5.7700000e+01   3.2439944e+05  -9.4676844e+04
   5.7800000e+01   4.1193675e+05  -1.0824679e+05
   5.7900000e+01   4.6814159e+05  -1.2112963e+05
   5.8000000e+01   4.8639128e+05  -1.3032766e+05
   5.8100000e+01   4.6797112e+05  -1.3351019e+05
   5.8200000e+01   4.1736512e+05  -1.2886755e+05
   5.8300000e+01   3.3887131e+05  -1.1715170e+05
   5.8400000e+01   2.3808827e+05  -1.0268059e+05
   5.8500000e+01   1.2404823e+05  -9.0150898e+04
   5.8600000e+01   7.3676201e+03  -7.9737078e+04
   5.8700000e+01  -1.0350036e+05  -6.6568461e+04
   5.8800000e+01  -2.0267197e+05  -4.6462855e+04
   5.8900000e+01  -2.8387216e+05  -2.2132105e+04
   5.9000000e+01  -3.3954644e+05  -2.5579053e+03
   5.9100000e+01  -3.6465997e+05   4.5739297e+03
   5.9200000e+01  -3.6058516e+05  -2.5425391e+02
   5.9300000e+01  -3.3353591e+05  -9.1368936e+03
   5.9400000e+01  -2.8900475e+05  -1.3875641e+04
   5.9500000e+01  -2.2881061e+05  -1.2050208e+04
   5.9600000e+01  -1.5362888e+05  -6.6422729e+03
   5.9700000e+01  -6.6786219e+04  -7.7239453e+02
   5.9800000e+01   2.5587402e+04   6.7438262e+03
   5.9900000e+01   1.1716240e+05   2.0978312e+04
   6.0000000e+01   2.0242705e+05   4.6000781e+04
   6.0100000e+01   2.7523309e+05   7.9332938e+04
   6.0200000e+01   3.2849078e+05   1.1059716e+05
   6.0300000e+01   3.5725106e+05   1.2717305e+05
   6.0400000e+01   3.6228366e+05   1.2423233e+05
   6.0500000e+01   3.4993762e+05   1.1084749e+05
   6.0600000e+01   3.2826731e+05   1.0456828e+05
   6.0700000e+01   3.0311941e+05   1.1655478e+05
   6.0800000e+01   2.7679881e+05   1.4016002e+05
   6.0900000e+01   2.4886341e+05   1.5523769e+05
   6.1000000e+01   2.1774336e+05   1.4606634e+05
   6.1100000e+01   1.8245212e+05   1.1625253e+05
   6.1200000e+01   1.4316055e+05   8.5608781e+04
   6.1300000e+01   9.9426141e+04   7.1744047e+04
   6.1400000e+01   4.7888094e+04   7.4678266e+04
   6.1500000e+01  -1.6096529e+04   7.9272625e+04
   6.1600000e+01  -9.1962430e+04   7.1473086e+04
   6.1700000e+01  -1.6911633e+05   5.0856043e+04
   6.1800000e+01  -2.3122330e+05   2.7715223e+04
   6.1900000e+01  -2.6755512e+05   1.0115375e+04
   6.2000000e+01  -2.8028459e+05  -4.3600986e+03
   6.2100000e+01  -2.8022850e+05  -2.4583449e+04
   6.2200000e+01  -2.7616178e+05  -5.5565715e+04
   6.2300000e+01  -2.6889956e+05  -9.2933734e+04
   6.2400000e+01  -2.5426148e+05  -1.2660480e+05
   6.2500000e+01  -2.2911058e+05  -1.4871484e+05
   6.2600000e+01  -1.9386747e+05  -1.5825944e+05
   6.2700000e+01  -1.5130234e+05  -1.5963733e+05
   6.2800000e+01  -1.0488456e+05  -1.5807033e+05
   6.2900000e+01  -5.7680289e+04  -1.5631325e+05
   6.3000000e+01  -1.0940225e+04  -1.5427069e+05
   6.3100000e+01   3.6568512e+04  -1.5014138e+05
   6.3200000e+01   8.6323180e+04  -1.4155225e+05
   6.3300000e+01   1.3602423e+05  -1.2673753e+05
   6.3400000e+01   1.7828192e+05  -1.0596889e+05
   6.3500000e+01   2.0426723e+05  -8.1815609e+04
   6.3600000e+01   2.0904420e+05  -5.6853699e+04
   6.3700000e+01   1.9375475e+05  -3.0799775e+04
   6.3800000e+01   1.6392134e+05  -1.3341802e+03
   6.3900000e+01   1.2682223e+05   3.0907527e+04
   6.4000000e+01   8.9740156e+04   5.9257891e+04
   6.4100000e+01   5.8105562e+04   7.5734648e+04
   6.4200000e+01   3.3165965e+04   8.0117523e+04
   6.4300000e+01   1.1529451e+04   8.2541445e+04
   6.4400000e+01  -1.1632227e+04   9.4519859e+04
   6.4500000e+01  -3.8177523e+04   1.1713560e+05
   6.4600000e+01  -6.5782133e+04   1.3980503e+05
   6.4700000e+01  -9.0532031e+04   1.5139470e+05
   6.4800000e+01  -1.0940627e+05   1.5115262e+05
   6.4900000e+01  -1.1993284e+05   1.4752509e+05
   6.5000000e+01  -1.1937177e+05   1.4744278e+05
   6.5100000e+01  -1.0684017e+05   1.4902408e+05
   6.5200000e+01  -8.6699867e+04   1.4514248e+05
   6.5300000e+01  -6.7725742e+04   1.3230362e+05
   6.5400000e+01  -5.6628609e+04   1.1463461e+05
   6.5500000e+01  -5.1985855e+04   9.9940398e+04
   6.5600000e+01  -4.5477008e+04   9.3215828e+04
   6.5700000e+01  -2.9691891e+04   9.3617562e+04
   6.5800000e+01  -4.8485093e+03   9.5807914e+04
   6.5900000e+01   2.1527867e+04   9.3094148e+04
   6.6000000e+01   4.0594777e+04   8.0357859e+04
   6.6100000e+01   4.8213973e+04   5.6288570e+04
   6.6200000e+01   4.7069145e+04   2.4378113e+04
   6.6300000e+01   4.4424238e+04  -8.4173047e+03
   6.6400000e+01   4.6932152e+04  -3.5451555e+04
   6.6500000e+01   5.5261691e+04  -5.4408484e+04
   6.6600000e+01   6.2700680e+04  -6.8233641e+04
   6.6700000e+01   6.0232777e+04  -8.1761148e+04
   6.6800000e+01   4.4703891e+04  -9.7027867e+04
   6.6900000e+01   2.2309111e+04  -1.1210698e+05
   6.7000000e+01   3.3300781e+03  -1.2464327e+05
   6.7100000e+01  -6.7893799e+03  -1.3545786e+05
   6.7200000e+01  -1.0883919e+04  -1.4708139e+05
   6.7300000e+01  -1.5252565e+04  -1.5874842e+05
   6.7400000e+01  -2.3089078e+04  -1.6508386e+05
   6.7500000e+01  -3.3542457e+04  -1.6185866e+05
   6.7600000e+01  -4.5741477e+04  -1.5247852e+05
   6.7700000e+01  -6.0800859e+04  -1.4624592e+05
   6.7800000e+01  -7.8242023e+04  -1.4886367e+05
   6.7900000e+01  -9.1655922e+04  -1.5587286e+05
   6.8000000e+01  -9.0745062e+04  -1.5720783e+05
   6.8100000e+01  -6.9781289e+04  -1.4823184e+05
   6.8200000e+01  -3.4264137e+04  -1.3512761e+05
   6.8300000e+01   2.0279980e+03  -1.2905975e+05
   6.8400000e+01   2.8162957e+04  -1.3552120e+05
   6.8500000e+01   4.5264066e+04  -1.4904838e+05
   6.8600000e+01   6.4611473e+04  -1.5691359e+05
   6.8700000e+01   9.5577672e+04  -1.4757750e+05
   6.8800000e+01   1.3443447e+05  -1.1771302e+05
   6.8900000e+01   1.6523362e+05  -7.4042570e+04
   6.9000000e+01   1.7296191e+05  -2.9106691e+04
   6.9100000e+01   1.5681489e+05   6.9393140e+03
   6.9200000e+01   1.3038680e+05   3.3021719e+04
   6.9300000e+01   1.0823484e+05   5.6465758e+04
   6.9400000e+01   9.2318336e+04   8.4835617e+04
   6.9500000e+01   7.2018211e+04   1.1798673e+05
   6.9600000e+01   3.7013586e+04   1.4869180e+05
   6.9700000e+01  -1.0992555e+04   1.7121161e+05
   6.9800000e+01  -5.9269512e+04   1.8795031e+05
   6.9900000e+01  -9.5012469e+04   2.0609545e+05
   7.0000000e+01  -1.1426771e+05   2.2771194e+05
   7.0100000e+01  -1.2182087e+05   2.4477917e+05
   7.0200000e+01  -1.2555438e+05   2.4541633e+05
   7.0300000e+01  -1.3178473e+05   2.2497731e+05
   7.0400000e+01  -1.4309914e+05   1.9037008e+05
   7.0500000e+01  -1.5692720e+05   1.5358153e+05
   7.0600000e+01  -1.6555294e+05   1.2166804e+05
   7.0700000e+01  -1.6003136e+05   9.2943953e+04
   7.0800000e+01  -1.3654517e+05   6.1473539e+04
   7.0900000e+01  -9.9448836e+04   2.3878943e+04
   7.1000000e+01  -5.7907301e+04  -1.7886398e+04
   7.1100000e+01  -1.9890062e+04  -5.8478137e+04
   7.1200000e+01   1.0812105e+04  -9.2221312e+04
   7.1300000e+01   3.3826941e+04  -1.1460497e+05
   7.1400000e+01   5.0997934e+04  -1.2271028e+05
   7.1500000e+01   6.5897195e+04  -1.1602029e+05
   7.1600000e+01   8.1783383e+04  -9.7265336e+04
   7.1700000e+01   9.7633656e+04  -7.1645398e+04
   7.1800000e+01   1.0652752e+05  -4.4139238e+04
   7.1900000e+01   1.0008866e+05  -1.6965371e+04
   7.2000000e+01   7.5996906e+04   1.0528195e+04
   7.2100000e+01   4.1087254e+04   3.9588578e+04
   7.2200000e+01   6.4397061e+03   6.9574328e+04
   7.2300000e+01  -2.1131812e+04   9.7221320e+04
   7.2400000e+01  -4.3468875e+04   1.1791891e+05
   7.2500000e+01  -6.7737109e+04   1.2807505e+05
   7.2600000e+01  -9.8431805e+04   1.2728946e+05
   7.2700000e+01  -1.3121939e+05   1.1880014e+05
   7.2800000e+01  -1.5361505e+05   1.0718745e+05
   7.2900000e+01  -1.5255764e+05   9.4589430e+04
   7.3000000e+01  -1.2359622e+05   7.9007500e+04
   7.3100000e+01  -7.4521680e+04   5.7161348e+04
   7.3200000e+01  -2.0226070e+04   2.9697404e+04
   7.3300000e+01   2.7272100e+04   3.3270127e+03
   7.3400000e+01   6.5796555e+04  -1.3050517e+04
   7.3500000e+01   1.0220870e+05  -1.5218912e+04
   7.3600000e+01   1.4571522e+05  -7.3637593e+03
   7.3700000e+01   2.0091838e+05   7.9552539e+02
   7.3800000e+01   2.6479684e+05   1.3544907e+03
   7.3900000e+01   3.2828772e+05  -5.6541968e+03
   7.4000000e+01   3.8090722e+05  -1.2401914e+04
   7.4100000e+01   4.1590541e+05  -1.0161584e+04
   7.4200000e+01   4.3287362e+05   2.3120181e+03
   7.4300000e+01   4.3566184e+05   1.6443150e+04
   7.4400000e+01   4.2707297e+05   2.0307656e+04
   7.4500000e+01   4.0537969e+05   8.2085830e+03
   7.4600000e+01   3.6641584e+05  -1.5662903e+04
   7.4700000e+01   3.0876916e+05  -4.2222852e+04
   7.4800000e+01   2.3541958e+05  -6.4903461e+04
   7.4900000e+01   1.4917970e+05  -8.2095023e+04
   7.5000000e+01   4.7856398e+04  -9.4588578e+04
   7.5100000e+01  -7.2834992e+04  -1.0367362e+05
   7.5200000e+01  -2.0947725e+05  -1.1246391e+05
   7.5300000e+01  -3.4539031e+05  -1.2659355e+05
   7.5400000e+01  -4.5833497e+05  -1.5044319e+05
   7.5500000e+01  -5.3622525e+05  -1.8170373e+05
   7.5600000e+01  -5.8513500e+05  -2.1086111e+05
   7.5700000e+01  -6.2060750e+05  -2.2739695e+05
   7.5800000e+01  -6.5068500e+05  -2.2702889e+05
   7.5900000e+01  -6.6765762e+05  -2.1342938e+05
   7.6000000e+01  -6.5595075e+05  -1.9402938e+05
   7.6100000e+01  -6.0725538e+05  -1.7481814e+05
   7.6200000e+01  -5.2847712e+05  -1.5810177e+05
   7.6300000e+01  -4.3688312e+05  -1.4306622e+05
   7.6400000e+01  -3.4845612e+05  -1.2728796e+05
   7.6500000e+01  -2.6912428e+05  -1.0849359e+05
   7.6600000e+01  -1.9432373e+05  -8.6447680e+04
   7.6700000e+01  -1.1623153e+05  -6.3840031e+04
   7.6800000e+01  -3.3335129e+04  -4.4991895e+04
   7.6900000e+01   4.5117688e+04  -3.3180863e+04
   7.7000000e+01   1.0446127e+05  -2.8765920e+04
   7.7100000e+01   1.3622791e+05  -2.9020117e+04
   7.7200000e+01   1.4546939e+05  -2.8788406e+04
   7.7300000e+01   1.4611023e+05  -2.1638123e+04
   7.7400000e+01   1.4859741e+05  -2.5705977e+03
   7.7500000e+01   1.5250703e+05   2.8042297e+04
   7.7600000e+01   1.5140433e+05   6.2989371e+04
   7.7700000e+01   1.4368184e+05   9.2726789e+04
   7.7800000e+01   1.3698189e+05   1.1357352e+05
   7.7900000e+01   1.4205236e+05   1.3189939e+05
   7.8000000e+01   1.6417231e+05   1.5894323e+05
   7.8100000e+01   2.0189708e+05   1.9985656e+05
   7.8200000e+01   2.5267211e+05   2.4690205e+05
   7.8300000e+01   3.1614919e+05   2.8352644e+05
   7.8400000e+01   3.8976275e+05   2.9628019e+05
   7.8500000e+01   4.6243481e+05   2.8463462e+05
   7.8600000e+01   5.1658697e+05   2.6072647e+05
   7.8700000e+01   5.3965012e+05   2.3965927e+05
   7.8800000e+01   5.3407650e+05   2.2854402e+05
   7.8900000e+01   5.1437978e+05   2.2289130e+05
   7.9000000e+01   4.9276281e+05   2.1251841e+05
   7.9100000e+01   4.6729934e+05   1.9147034e+05
   7.9200000e+01   4.2441050e+05   1.6365875e+05
   7.9300000e+01   3.5279141e+05   1.3973875e+05
   7.9400000e+01   2.5484712e+05   1.2787725e+05
   7.9500000e+01   1.4536377e+05   1.2609486e+05
   7.9600000e+01   4.0404230e+04   1.2293123e+05
   7.9700000e+01  -5.2238000e+04   1.0651933e+05
   7.9800000e+01  -1.3354314e+05   7.4666211e+04
   7.9900000e+01  -2.0705688e+05   3.6976121e+04
   8.0000000e+01  -2.7336109e+05   6.8790898e+03
   8.0100000e+01  -3.2957338e+05  -9.1563145e+03
   8.0200000e+01  -3.7243319e+05  -1.5435211e+04
   8.0300000e+01  -4.0113588e+05  -2.1345678e+04
   8.0400000e+01  -4.1773112e+05  -3.2907250e+04
   8.0500000e+01  -4.2534144e+05  -4.9684453e+04
   8.0600000e+01  -4.2557616e+05  -6.8160805e+04
   8.0700000e+01  -4.1681262e+05  -8.6118133e+04
   8.0800000e+01  -3.9500078e+05  -1.0350582e+05
   8.0900000e+01  -3.5732681e+05  -1.2084659e+05
   8.1000000e+01  -3.0627553e+05  -1.3862619e+05
   8.1100000e+01  -2.5008791e+05  -1.5804886e+05
   8.1200000e+01  -1.9821589e+05  -1.8039278e+05
   8.1300000e+01  -1.5548614e+05  -2.0401578e+05
   8.1400000e+01  -1.2053466e+05  -2.2254191e+05
   8.1500000e+01  -8.9755117e+04  -2.2828484e+05
   8.1600000e+01  -6.2118980e+04  -2.1943502e+05
   8.1700000e+01  -3.9808879e+04  -2.0386414e+05
   8.1800000e+01  -2.5028787e+04  -1.9403975e+05
   8.1900000e+01  -1.7593156e+04  -1.9626528e+05
   8.2000000e+01  -1.5848218e+04  -2.0437841e+05
   8.2100000e+01  -1.8691258e+04  -2.0487720e+05
   8.2200000e+01  -2.5668242e+04  -1.8938052e+05
   8.2300000e+01  -3.5629656e+04  -1.6259150e+05
   8.2400000e+01  -4.6317422e+04  -1.3792428e+05
   8.2500000e+01  -5.4921695e+04  -1.2486471e+05
   8.2600000e+01  -5.7625863e+04  -1.1997990e+05
   8.2700000e+01  -4.8463930e+04  -1.0980934e+05
   8.2800000e+01  -2.0807385e+04  -8.2907570e+04
   8.2900000e+01   2.7503943e+04  -4.0541078e+04
   8.3000000e+01   9.0165062e+04   2.8627236e+03
   8.3100000e+01   1.5516514e+05   2.9925512e+04
   8.3200000e+01   2.1294605e+05   3.3335457e+04
   8.3300000e+01   2.6194967e+05   2.1618836e+04
   8.3400000e+01   3.0610712e+05   1.2886032e+04
   8.3500000e+01   3.4796462e+05   2.1012785e+04
   8.3600000e+01   3.8561194e+05   4.5063902e+04
   8.3700000e+01   4.1596856e+05   7.0558945e+04
   8.3800000e+01   4.3856212e+05   8.1470320e+04
   8.3900000e+01   4.5339238e+05   7.2833805e+04
   8.4000000e+01   4.5465341e+05   5.3782812e+04
   8.4100000e+01   4.2900703e+05   3.9671168e+04
   8.4200000e+01   3.6367981e+05   4.1136641e+04
   8.4300000e+01   2.5862003e+05   5.8987379e+04
   8.4400000e+01   1.3053409e+05   8.6842391e+04
   8.4500000e+01   3.1889009e+03   1.1654392e+05
   8.4600000e+01  -1.0791295e+05   1.4126934e+05
   8.4700000e+01  -2.0230683e+05   1.5633841e+05
   8.4800000e+01  -2.8741759e+05   1.6066997e+05
   8.4900000e+01  -3.6632228e+05   1.5907923e+05
   8.5000000e+01  -4.3310322e+05   1.6157642e+05
   8.5100000e+01  -4.7856422e+05   1.7712755e+05
   8.5200000e+01  -4.9802147e+05   2.0575434e+05
   8.5300000e+01  -4.9310753e+05   2.3672931e+05
   8.5400000e+01  -4.6838875e+05   2.5602770e+05
   8.5500000e+01  -4.2868831e+05   2.5693255e+05
   8.5600000e+01  -3.7922188e+05   2.4391875e+05
   8.5700000e+01  -3.2542372e+05   2.2650383e+05
   8.5800000e+01  -2.7048850e+05   2.0991433e+05
   8.5900000e+01  -2.1351777e+05   1.9207233e+05
   8.6000000e+01  -1.5178391e+05   1.6876195e+05
   8.6100000e+01  -8.5686188e+04   1.3981914e+05
   8.6200000e+01  -2.1153311e+04   1.0907894e+05
   8.6300000e+01   3.3464508e+04   7.9120758e+04
   8.6400000e+01   7.3405945e+04   4.8074164e+04
   8.6500000e+01   1.0108477e+05   1.2469744e+04
   8.6600000e+01   1.2415738e+05  -2.7909617e+04
   8.6700000e+01   1.4944269e+05  -6.9507227e+04
   8.6800000e+01   1.7727734e+05  -1.0905234e+05
   8.6900000e+01   2.0093453e+05  -1.4638369e+05
   8.7000000e+01   2.1225883e+05  -1.8224967e+05
   8.7100000e+01   2.0943134e+05  -2.1456077e+05
   8.7200000e+01   2.0001033e+05  -2.3914672e+05
   8.7300000e+01   1.9569358e+05  -2.5516478e+05
   8.7400000e+01   2.0281597e+05  -2.6837722e+05
   8.7500000e+01   2.1730570e+05  -2.8682081e+05
   8.7600000e+01   2.2909184e+05  -3.1215734e+05
   8.7700000e+01   2.3165741e+05  -3.3602162e+05
   8.7800000e+01   2.2710339e+05  -3.4635375e+05
   8.7900000e+01   2.2193898e+05  -3.3812656e+05
   8.8000000e+01   2.1897092e+05  -3.1759197e+05
   8.8100000e+01   2.1469178e+05  -2.9542731e+05
   8.8200000e+01   2.0457317e+05  -2.7580500e+05
   8.8300000e+01   1.8892800e+05  -2.5300253e+05
   8.8400000e+01   1.7156434e+05  -2.1929072e+05
   8.8500000e+01   1.5302094e+05  -1.7543175e+05
   8.8600000e+01   1.2756827e+05  -1.3173967e+05
   8.8700000e+01   8.8676547e+04  -9.7695828e+04
   8.8800000e+01   3.6917598e+04  -7.1156523e+04
   8.8900000e+01  -1.8881293e+04  -3.9596141e+04
   8.9000000e+01  -6.8123547e+04   6.8797905e+03
   8.9100000e+01  -1.0476991e+05   6.4360598e+04
   8.9200000e+01  -1.2750788e+05   1.1822060e+05
   8.9300000e+01  -1.3652392e+05   1.5765417e+05
   8.9400000e+01  -1.3309167e+05   1.8610486e+05
   8.9500000e+01  -1.2236533e+05   2.1629788e+05
   8.9600000e+01  -1.1367527e+05   2.5543094e+05
   8.9700000e+01  -1.1509202e+05   2.9666678e+05
   8.9800000e+01  -1.2679373e+05   3.2558344e+05
   8.9900000e+01  -1.4048472e+05   3.3357753e+05
   9.0000000e+01  -1.4617178e+05   3.2356025e+05
   9.0100000e+01  -1.4015827e+05   3.0354434e+05
   9.0200000e+01  -1.2738647e+05   2.7779422e+05
   9.0300000e+01  -1.1703700e+05   2.4629212e+05
   9.0400000e+01  -1.1571612e+05   2.1120927e+05
   9.0500000e+01  -1.2301828e+05   1.7976733e+05
   9.0600000e+01  -1.3147508e+05   1.5805891e+05
   9.0700000e+01  -1.3069599e+05   1.4309731e+05
   9.0800000e+01  -1.1429453e+05   1.2406809e+05
   9.0900000e+01  -8.6108594e+04   9.3259062e+04
   9.1000000e+01  -6.0312312e+04   5.5099719e+04
   9.1100000e+01  -5.2638809e+04   2.2922123e+04
   9.1200000e+01  -6.7888109e+04   6.3775195e+03
   9.1300000e+01  -9.4813109e+04   2.5623982e+03
   9.1400000e+01  -1.1476284e+05  -3.0691846e+02
   9.1500000e+01  -1.1736817e+05  -1.0995777e+04
   9.1600000e+01  -1.0869819e+05  -2.7123900e+04
   9.1700000e+01  -1.0439428e+05  -3.8054551e+04
   9.1800000e+01  -1.1528494e+05  -3.5304891e+04
   9.1900000e+01  -1.3943616e+05  -2.0927777e+04
   9.2000000e+01  -1.6618914e+05  -6.9530703e+03
   9.2100000e+01  -1.8535933e+05  -6.5184194e+03
   9.2200000e+01  -1.9218853e+05  -2.3725377e+04
   9.2300000e+01  -1.8618630e+05  -5.0461988e+04
   9.2400000e+01  -1.6861939e+05  -7.3312320e+04
   9.2500000e+01  -1.4199914e+05  -8.5221438e+04
   9.2600000e+01  -1.0992405e+05  -9.1691859e+04
   9.2700000e+01  -7.4877062e+04  -1.0550678e+05
   9.2800000e+01  -3.5498164e+04  -1.3456109e+05
   9.2900000e+01   1.2858518e+04  -1.7413750e+05
   9.3000000e+01   7.3608445e+04  -2.1059005e+05
   9.3100000e+01   1.4464034e+05  -2.3217362e+05
   9.3200000e+01   2.1879508e+05  -2.3645389e+05
   9.3300000e+01   2.8865597e+05  -2.2856816e+05
   9.3400000e+01   3.5041925e+05  -2.1444717e+05
   9.3500000e+01   4.0281241e+05  -1.9693303e+05
   9.3600000e+01   4.4311572e+05  -1.7736367e+05
   9.3700000e+01   4.6615028e+05  -1.5821334e+05
   9.3800000e+01   4.6857431e+05  -1.4221184e+05
   9.3900000e+01   4.5363428e+05  -1.2918127e+05
   9.4000000e+01   4.2948119e+05  -1.1540271e+05
   9.4100000e+01   4.0093459e+05  -9.7027367e+04
   9.4200000e+01   3.6319075e+05  -7.3571727e+04
   9.4300000e+01   3.0591838e+05  -4.7280703e+04
   9.4400000e+01   2.2574520e+05  -1.9366715e+04
   9.4500000e+01   1.3479878e+05   1.2006844e+04
   9.4600000e+01   5.4789066e+04   4.9313059e+04
   9.4700000e+01   6.6098389e+01   9.1282359e+04
   9.4800000e+01  -3.4497664e+04   1.3114094e+05
   9.4900000e+01  -6.7848734e+04   1.5963652e+05
   9.5000000e+01  -1.1338298e+05   1.7116341e+05
   9.5100000e+01  -1.6431012e+05   1.6882538e+05
   9.5200000e+01  -1.9839153e+05   1.6411586e+05
   9.5300000e+01  -1.9762931e+05   1.6982853e+05
   9.5400000e+01  -1.6378345e+05   1.9044014e+05
   9.5500000e+01  -1.1564543e+05   2.1803180e+05
   9.5600000e+01  -7.2865586e+04   2.3829905e+05
   9.5700000e+01  -4.3260363e+04   2.4188112e+05
   9.5800000e+01  -2.4061648e+04   2.3072262e+05
   9.5900000e+01  -1.1802085e+04   2.1422402e+05
   9.6000000e+01  -8.4100293e+03   2.0015466e+05
   9.6100000e+01  -1.8301723e+04   1.8922705e+05
   9.6200000e+01  -4.2056840e+04   1.7664173e+05
   9.6300000e+01  -7.4455039e+04   1.5683988e+05
   9.6400000e+01  -1.0824241e+05   1.2689134e+05
   9.6500000e+01  -1.3901498e+05   8.7575211e+04
   9.6600000e+01  -1.6681617e+05   4.3026195e+04
   9.6700000e+01  -1.9405908e+05  -1.0972269e+03
   9.6800000e+01  -2.2229881e+05  -4.0681191e+04
   9.6900000e+01  -2.5052861e+05  -7.5070695e+04
   9.7000000e+01  -2.7609700e+05  -1.0556285e+05
   9.7100000e+01  -2.9708919e+05  -1.3210342e+05
   9.7200000e+01  -3.1335162e+05  -1.5251581e+05
   9.7300000e+01  -3.2434609e+05  -1.6558502e+05
   9.7400000e+01  -3.2589516e+05  -1.7391309e+05
   9.7500000e+01  -3.1063466e+05  -1.8211203e+05
   9.7600000e+01  -2.7411025e+05  -1.9169259e+05
   9.7700000e+01  -2.2160589e+05  -1.9863055e+05
   9.7800000e+01  -1.6779833e+05  -1.9691477e+05
   9.7900000e+01  -1.2719955e+05  -1.8463292e+05
   9.8000000e+01  -1.0299204e+05  -1.6644819e+05
   9.8100000e+01  -8.4689117e+04  -1.5026516e+05
   9.8200000e+01  -5.7151645e+04  -1.4127845e+05
   9.8300000e+01  -1.2769963e+04  -1.3805055e+05
   9.8400000e+01   4.3728605e+04  -1.3308477e+05
   9.8500000e+01   1.0040588e+05  -1.1765682e+05
   9.8600000e+01   1.4662127e+05  -8.8359320e+04
   9.8700000e+01   1.7753019e+05  -5.0766656e+04
   9.8800000e+01   1.9366448e+05  -1.6190160e+04
   9.8900000e+01   1.9943473e+05   7.1011826e+03
   9.9000000e+01   2.0219059e+05   2.0471662e+04
   9.9100000e+01   2.0933083e+05   3.2339477e+04
   9.9200000e+01   2.2254533e+05   4.8669793e+04
   9.9300000e+01   2.3432339e+05   6.6658898e+04
   9.9400000e+01   2.3281033e+05   7.8255211e+04
   9.9500000e+01   2.1263888e+05   7.8853938e+04
   9.9600000e+01   1.8072344e+05   7.1096859e+04
   9.9700000e+01   1.4961752e+05   6.0575949e+04
   9.9800000e+01   1.2527908e+05   5.0002203e+04
   9.9900000e+01   1.0395455e+05   3.8668816e+04
   1.0000000e+02   8.1306352e+04   2.5987727e+04
