   1.1851270e+02   3.6301420e+01   1.8450000e+02
   1.1876699e+02   3.6601554e+01   1.2760000e+02
   0.0000000e+00  -7.2259962e+05  -7.2259962e+05
   1.0000000e-01  -6.5468019e+05  -6.8729394e+05
   2.0000000e-01  -5.1126569e+05  -5.8331612e+05
   3.0000000e-01  -3.5840053e+05  -4.7623934e+05
   4.0000000e-01  -2.4625366e+05  -4.0750603e+05
   5.0000000e-01  -1.7740522e+05  -3.6914903e+05
   6.0000000e-01  -1.2145037e+05  -3.2692522e+05
   7.0000000e-01  -5.1260977e+04  -2.5981120e+05
   8.0000000e-01   3.8027625e+04  -1.7375978e+05
   9.0000000e-01   1.3794133e+05  -8.3202109e+04
   1.0000000e+00   2.4255280e+05   1.0550793e+04
   1.1000000e+00   3.5026391e+05   1.1768497e+05
   1.2000000e+00   4.5430944e+05   2.4027466e+05
   1.3000000e+00   5.3985862e+05   3.6079231e+05
   1.4000000e+00   5.9536819e+05   4.5361197e+05
   1.5000000e+00   6.2584481e+05   5.0737956e+05
   1.6000000e+00   6.5102550e+05   5.3418669e+05
   1.7000000e+00   6.8765306e+05   5.5586969e+05
   1.8000000e+00   7.3332562e+05   5.8147888e+05
   1.9000000e+00   7.6878094e+05   5.9805662e+05
   2.0000000e+00   7.7599500e+05   5.8227412e+05
   2.1000000e+00   7.5254800e+05   5.1977616e+05
   2.2000000e+00   7.0745444e+05   4.1379569e+05
   2.3000000e+00   6.4487300e+05   2.7839144e+05
   2.4000000e+00   5.5558225e+05   1.2752545e+05
   2.5000000e+00   4.2647609e+05  -2.8178703e+04
   2.6000000e+00   2.5717347e+05  -1.7795255e+05
   2.7000000e+00   6.4582641e+04  -3.1047484e+05
   2.8000000e+00  -1.3015655e+05  -4.2043688e+05
   2.9000000e+00  -3.1851944e+05  -5.1386800e+05
   3.0000000e+00  -5.0746400e+05  -6.0233412e+05
   3.1000000e+00  -7.0539344e+05  -6.8858231e+05
   3.2000000e+00  -9.0556875e+05  -7.5842169e+05
   3.3000000e+00  -1.0834319e+06  -7.8979444e+05
   3.4000000e+00  -1.2098910e+06  -7.7205131e+05
   3.5000000e+00  -1.2669592e+06  -7.1578569e+05
   3.6000000e+00  -1.2515114e+06  -6.4205006e+05
   3.7000000e+00  -1.1676142e+06  -5.6231756e+05
   3.8000000e+00  -1.0206709e+06  -4.7196819e+05
   3.9000000e+00  -8.2165656e+05  -3.6510512e+05
   4.0000000e+00  -5.9277819e+05  -2.5224455e+05
   4.1000000e+00  -3.5987156e+05  -1.5639441e+05
   4.2000000e+00  -1.3297244e+05  -8.7693953e+04
   4.3000000e+00   1.0357321e+05  -2.5002184e+04
   4.4000000e+00   3.7418862e+05   7.0343320e+04
   4.5000000e+00   6.7955444e+05   2.1769633e+05
   4.6000000e+00   9.8068294e+05   3.9348203e+05
   4.7000000e+00   1.2183162e+06   5.4541231e+05
   4.8000000e+00   1.3510398e+06   6.3120506e+05
   4.9000000e+00   1.3769634e+06   6.4573150e+05
   5.0000000e+00   1.3219818e+06   6.1516956e+05
   5.1000000e+00   1.2113030e+06   5.6951169e+05
   5.2000000e+00   1.0538664e+06   5.2114212e+05
   5.3000000e+00   8.5073038e+05   4.6521681e+05
   5.4000000e+00   6.1186231e+05   3.9463428e+05
   5.5000000e+00   3.5975134e+05   3.1166228e+05
   5.6000000e+00   1.1615751e+05   2.2640119e+05
   5.7000000e+00  -1.1184886e+05   1.4771253e+05
   5.8000000e+00  -3.3007016e+05   7.9035812e+04
   5.9000000e+00  -5.4103406e+05   2.3722246e+04
   6.0000000e+00  -7.3082038e+05  -8.4981191e+03
   6.1000000e+00  -8.7320044e+05  -4.9773599e+03
   6.2000000e+00  -9.4758444e+05   3.7428828e+04
   6.3000000e+00  -9.5365050e+05   1.0478853e+05
   6.4000000e+00  -9.0969944e+05   1.7396298e+05
   6.5000000e+00  -8.3806219e+05   2.2927017e+05
   6.6000000e+00  -7.5196594e+05   2.7054034e+05
   6.7000000e+00  -6.5391512e+05   3.0478416e+05
   6.8000000e+00  -5.4278106e+05   3.3254584e+05
   6.9000000e+00  -4.1991047e+05   3.4524178e+05
   7.0000000e+00  -2.8962144e+05   3.3531384e+05
   7.1000000e+00  -1.5808973e+05   3.0495678e+05
   7.2000000e+00  -3.5527949e+04   2.6122231e+05
   7.3000000e+00   6.0819234e+04   2.0290514e+05
   7.4000000e+00   1.1019438e+05   1.1640877e+05
   7.5000000e+00   9.9814641e+04  -1.1083111e+04
   7.6000000e+00   3.5006176e+04  -1.7317041e+05
   7.7000000e+00  -6.3111426e+04  -3.4101816e+05
   7.8000000e+00  -1.7178448e+05  -4.8117900e+05
   7.9000000e+00  -2.7925409e+05  -5.7761425e+05
   8.0000000e+00  -3.8412594e+05  -6.3621156e+05
   8.1000000e+00  -4.8490244e+05  -6.6959450e+05
   8.2000000e+00  -5.7396300e+05  -6.8169706e+05
   8.3000000e+00  -6.4332925e+05  -6.6957738e+05
   8.4000000e+00  -6.9300806e+05  -6.3675350e+05
   8.5000000e+00  -7.2759450e+05  -5.9706200e+05
   8.6000000e+00  -7.4115462e+05  -5.6055512e+05
   8.7000000e+00  -7.0789675e+05  -5.1804300e+05
   8.8000000e+00  -5.9454519e+05  -4.4630359e+05
   8.9000000e+00  -3.8834075e+05  -3.3303650e+05
   9.0000000e+00  -1.1518608e+05  -1.9589603e+05
   9.1000000e+00   1.7197748e+05  -7.3409820e+04
   9.2000000e+00   4.2743822e+05   5.4223408e+03
   9.3000000e+00   6.4054919e+05   4.3549367e+04
   9.4000000e+00   8.3346888e+05   6.9229945e+04
   9.5000000e+00   1.0328492e+06   1.0844388e+05
   9.6000000e+00   1.2424244e+06   1.6348283e+05
   9.7000000e+00   1.4399099e+06   2.1564442e+05
   9.8000000e+00   1.5967895e+06   2.4482531e+05
   9.9000000e+00   1.6992742e+06   2.4464336e+05
   1.0000000e+01   1.7521686e+06   2.2093184e+05
   1.0100000e+01   1.7676992e+06   1.8100572e+05
   1.0200000e+01   1.7550338e+06   1.2893133e+05
   1.0300000e+01   1.7199476e+06   7.1392266e+04
   1.0400000e+01   1.6689000e+06   2.3903496e+04
   1.0500000e+01   1.6074221e+06   5.8900156e+03
   1.0600000e+01   1.5331304e+06   2.6584338e+04
   1.0700000e+01   1.4334890e+06   7.5833125e+04
   1.0800000e+01   1.2942042e+06   1.3051339e+05
   1.0900000e+01   1.1112900e+06   1.7182038e+05
   1.1000000e+01   8.9480231e+05   1.9788520e+05
   1.1100000e+01   6.6095200e+05   2.2116150e+05
   1.1200000e+01   4.2106525e+05   2.5489464e+05
   1.1300000e+01   1.7775530e+05   3.0212347e+05
   1.1400000e+01  -6.9994227e+04   3.5572481e+05
   1.1500000e+01  -3.2013516e+05   4.0579091e+05
   1.1600000e+01  -5.6717794e+05   4.4460831e+05
   1.1700000e+01  -8.0854925e+05   4.6512303e+05
   1.1800000e+01  -1.0498900e+06   4.5831131e+05
   1.1900000e+01  -1.3008619e+06   4.1658625e+05
   1.2000000e+01  -1.5621841e+06   3.4204219e+05
   1.2100000e+01  -1.8158518e+06   2.5009238e+05
   1.2200000e+01  -2.0310675e+06   1.6179297e+05
   1.2300000e+01  -2.1845448e+06   9.0117297e+04
   1.2400000e+01  -2.2780750e+06   3.3139680e+04
   1.2500000e+01  -2.3365308e+06  -1.9367965e+04
   1.2600000e+01  -2.3876845e+06  -7.3591141e+04
   1.2700000e+01  -2.4427465e+06  -1.2689766e+05
   1.2800000e+01  -2.4941972e+06  -1.7426203e+05
   1.2900000e+01  -2.5283480e+06  -2.1594058e+05
   1.3000000e+01  -2.5360000e+06  -2.5551297e+05
   1.3100000e+01  -2.5108250e+06  -2.9062341e+05
   1.3200000e+01  -2.4424970e+06  -3.0997450e+05
   1.3300000e+01  -2.3182588e+06  -3.0453091e+05
   1.3400000e+01  -2.1341822e+06  -2.8316619e+05
   1.3500000e+01  -1.9015914e+06  -2.7361916e+05
   1.3600000e+01  -1.6362616e+06  -3.0182909e+05
   1.3700000e+01  -1.3381928e+06  -3.6601103e+05
   1.3800000e+01  -9.8467881e+05  -4.3123922e+05
   1.3900000e+01  -5.4869169e+05  -4.5312384e+05
   1.4000000e+01  -2.7386945e+04  -4.1087234e+05
   1.4100000e+01   5.4749619e+05  -3.1996528e+05
   1.4200000e+01   1.1278801e+06  -2.1441697e+05
   1.4300000e+01   1.6772898e+06  -1.1791073e+05
   1.4400000e+01   2.1814855e+06  -3.1276951e+04
   1.4500000e+01   2.6362518e+06   5.6295164e+04
   1.4600000e+01   3.0315328e+06   1.4939956e+05
   1.4700000e+01   3.3511028e+06   2.4143100e+05
   1.4800000e+01   3.5852518e+06   3.2325488e+05
   1.4900000e+01   3.7381732e+06   3.9073947e+05
   1.5000000e+01   3.8195102e+06   4.4115709e+05
   1.5100000e+01   3.8293852e+06   4.6478631e+05
   1.5200000e+01   3.7544538e+06   4.4487262e+05
   1.5300000e+01   3.5806435e+06   3.6911191e+05
   1.5400000e+01   3.3104502e+06   2.4192752e+05
   1.5500000e+01   2.9677692e+06   8.5016781e+04
   1.5600000e+01   2.5855295e+06  -7.4802461e+04
   1.5700000e+01   2.1876790e+06  -2.1932112e+05
   1.5800000e+01   1.7810759e+06  -3.4273072e+05
   1.5900000e+01   1.3617538e+06  -4.4473025e+05
   1.6000000e+01   9.2629556e+05  -5.2242428e+05
   1.6100000e+01   4.7714206e+05  -5.6970150e+05
   1.6200000e+01   2.0836914e+04  -5.8272731e+05
   1.6300000e+01  -4.3327334e+05  -5.6288350e+05
   1.6400000e+01  -8.7003412e+05  -5.1262162e+05
   1.6500000e+01  -1.2671569e+06  -4.2999709e+05
   1.6600000e+01  -1.6028921e+06  -3.1083525e+05
   1.6700000e+01  -1.8693132e+06  -1.5859991e+05
   1.6800000e+01  -2.0781842e+06   8.6440918e+03
   1.6900000e+01  -2.2512592e+06   1.6377436e+05
   1.7000000e+01  -2.4024522e+06   2.8547612e+05
   1.7100000e+01  -2.5283272e+06   3.6886225e+05
   1.7200000e+01  -2.6150758e+06   4.2242312e+05
   1.7300000e+01  -2.6531278e+06   4.5637569e+05
   1.7400000e+01  -2.6434038e+06   4.7599800e+05
   1.7500000e+01  -2.5901152e+06   4.8586656e+05
   1.7600000e+01  -2.4919340e+06   4.9561081e+05
   1.7700000e+01  -2.3461752e+06   5.1406559e+05
   1.7800000e+01  -2.1636082e+06   5.3392162e+05
   1.7900000e+01  -1.9736009e+06   5.2645812e+05
   1.8000000e+01  -1.8048125e+06   4.6125772e+05
   1.8100000e+01  -1.6548612e+06   3.3813128e+05
   1.8200000e+01  -1.4820831e+06   1.9809031e+05
   1.8300000e+01  -1.2358255e+06   9.5664172e+04
   1.8400000e+01  -9.0150906e+05   5.4756188e+04
   1.8500000e+01  -5.1735912e+05   5.0538469e+04
   1.8600000e+01  -1.4589934e+05   3.4929816e+04
   1.8700000e+01   1.7182848e+05  -2.0981332e+04
   1.8800000e+01   4.3671141e+05  -1.0864942e+05
   1.8900000e+01   6.7348938e+05  -1.9959644e+05
   1.9000000e+01   8.9930500e+05  -2.7318109e+05
   1.9100000e+01   1.1106990e+06  -3.2506725e+05
   1.9200000e+01   1.2948648e+06  -3.5502003e+05
   1.9300000e+01   1.4454229e+06  -3.5624409e+05
   1.9400000e+01   1.5638341e+06  -3.2186625e+05
   1.9500000e+01   1.6481009e+06  -2.5983530e+05
   1.9600000e+01   1.6854740e+06  -1.9594530e+05
   1.9700000e+01   1.6604229e+06  -1.5781439e+05
   1.9800000e+01   1.5710691e+06  -1.5389050e+05
   1.9900000e+01   1.4364601e+06  -1.6756559e+05
   2.0000000e+01   1.2853859e+06  -1.7195738e+05
   2.0100000e+01   1.1366869e+06  -1.5151266e+05
   2.0200000e+01   9.9045725e+05  -1.1140227e+05
   2.0300000e+01   8.3784119e+05  -6.8589125e+04
   2.0400000e+01   6.7699850e+05  -3.5591508e+04
   2.0500000e+01   5.1754025e+05  -1.2467668e+04
   2.0600000e+01   3.7121800e+05   8.4203242e+03
   2.0700000e+01   2.4323262e+05   3.3574688e+04
   2.0800000e+01   1.3546989e+05   6.5604000e+04
   2.0900000e+01   5.5283777e+04   1.0656511e+05
   2.1000000e+01   1.4938887e+04   1.5903489e+05
   2.1100000e+01   1.8888791e+04   2.2016934e+05
   2.1200000e+01   5.3098617e+04   2.7492488e+05
   2.1300000e+01   9.0591047e+04   2.9895150e+05
   2.1400000e+01   1.0973634e+05   2.7266028e+05
   2.1500000e+01   1.0744880e+05   1.9484628e+05
   2.1600000e+01   9.4990195e+04   8.2523953e+04
   2.1700000e+01   8.2792352e+04  -4.2845312e+04
   2.1800000e+01   7.1307516e+04  -1.6805997e+05
   2.1900000e+01   5.5914402e+04  -2.8716666e+05
   2.2000000e+01   3.6266156e+04  -3.9160209e+05
   2.2100000e+01   1.5268438e+04  -4.6823228e+05
   2.2200000e+01  -1.2688400e+04  -5.1150219e+05
   2.2300000e+01  -6.7245898e+04  -5.3415419e+05
   2.2400000e+01  -1.6715314e+05  -5.5689112e+05
   2.2500000e+01  -3.0473044e+05  -5.8109862e+05
   2.2600000e+01  -4.3803128e+05  -5.7403306e+05
   2.2700000e+01  -5.1653850e+05  -4.8903641e+05
   2.2800000e+01  -5.2151616e+05  -3.0678272e+05
   2.2900000e+01  -4.8284728e+05  -5.7721965e+04
   2.3000000e+01  -4.5450266e+05   1.9765483e+05
   2.3100000e+01  -4.7118806e+05   4.1179062e+05
   2.3200000e+01  -5.2615506e+05   5.7561150e+05
   2.3300000e+01  -5.8683125e+05   7.0713156e+05
   2.3400000e+01  -6.2747531e+05   8.2165244e+05
   2.3500000e+01  -6.4599306e+05   9.1554719e+05
   2.3600000e+01  -6.5406388e+05   9.7458744e+05
   2.3700000e+01  -6.5814425e+05   9.9033419e+05
   2.3800000e+01  -6.5376594e+05   9.6412056e+05
   2.3900000e+01  -6.3605881e+05   8.9715488e+05
   2.4000000e+01  -6.1025350e+05   7.8241038e+05
   2.4100000e+01  -5.8762506e+05   6.1070762e+05
   2.4200000e+01  -5.7064031e+05   3.8583200e+05
   2.4300000e+01  -5.4437569e+05   1.3229883e+05
   2.4400000e+01  -4.8512438e+05  -1.1375816e+05
   2.4500000e+01  -3.7896544e+05  -3.2324800e+05
   2.4600000e+01  -2.3288970e+05  -4.8606900e+05
   2.4700000e+01  -6.9141898e+04  -6.0751550e+05
   2.4800000e+01   9.0160031e+04  -6.9537888e+05
   2.4900000e+01   2.3401825e+05  -7.5098006e+05
   2.5000000e+01   3.6275809e+05  -7.7051962e+05
   2.5100000e+01   4.8219272e+05  -7.5160088e+05
   2.5200000e+01   5.9866075e+05  -6.9627500e+05
   2.5300000e+01   7.1583381e+05  -6.0867488e+05
   2.5400000e+01   8.3054650e+05  -4.9285400e+05
   2.5500000e+01   9.2868081e+05  -3.5566162e+05
   2.5600000e+01   9.8697169e+05  -2.1178256e+05
   2.5700000e+01   9.8394488e+05  -8.3204141e+04
   2.5800000e+01   9.1408731e+05   1.0049914e+04
   2.5900000e+01   7.9356388e+05   6.1319695e+04
   2.6000000e+01   6.5108162e+05   8.0258562e+04
   2.6100000e+01   5.1034791e+05   8.3976844e+04
   2.6200000e+01   3.7877834e+05   8.4520047e+04
   2.6300000e+01   2.5150222e+05   8.3929320e+04
   2.6400000e+01   1.2454211e+05   7.9109055e+04
   2.6500000e+01   1.9183916e+03   6.8070641e+04
   2.6600000e+01  -1.1074127e+05   4.9712934e+04
   2.6700000e+01  -2.1635850e+05   2.0173248e+04
   2.6800000e+01  -3.2444666e+05  -2.4717564e+04
   2.6900000e+01  -4.3539047e+05  -7.9211281e+04
   2.7000000e+01  -5.2863738e+05  -1.2136702e+05
   2.7100000e+01  -5.7263906e+05  -1.2310260e+05
   2.7200000e+01  -5.5182956e+05  -7.2428391e+04
   2.7300000e+01  -4.8482797e+05   1.2603717e+04
   2.7400000e+01  -4.1347241e+05   9.4550148e+04
   2.7500000e+01  -3.7052059e+05   1.4494642e+05
   2.7600000e+01  -3.5534391e+05   1.6502388e+05
   2.7700000e+01  -3.3910825e+05   1.7994459e+05
   2.7800000e+01  -2.9249647e+05   2.1323061e+05
   2.7900000e+01  -2.0944753e+05   2.6609175e+05
   2.8000000e+01  -1.0790376e+05   3.1896059e+05
   2.8100000e+01  -1.2469695e+04   3.4931688e+05
   2.8200000e+01   6.1534805e+04   3.4612981e+05
   2.8300000e+01   1.1050802e+05   3.0960481e+05
   2.8400000e+01   1.3655275e+05   2.4288330e+05
   2.8500000e+01   1.4449117e+05   1.4889530e+05
   2.8600000e+01   1.4407089e+05   3.5521281e+04
   2.8700000e+01   1.4924666e+05  -8.0081641e+04
   2.8800000e+01   1.6964384e+05  -1.7678133e+05
   2.8900000e+01   2.0153681e+05  -2.4175292e+05
   2.9000000e+01   2.2972094e+05  -2.7848234e+05
   2.9100000e+01   2.4060089e+05  -3.0263166e+05
   2.9200000e+01   2.3367223e+05  -3.2891169e+05
   2.9300000e+01   2.1980897e+05  -3.5957038e+05
   2.9400000e+01   2.0927653e+05  -3.8294450e+05
   2.9500000e+01   2.0303059e+05  -3.8184369e+05
   2.9600000e+01   1.9576881e+05  -3.4426953e+05
   2.9700000e+01   1.8536520e+05  -2.6883159e+05
   2.9800000e+01   1.7680853e+05  -1.6329480e+05
   2.9900000e+01   1.7590242e+05  -4.0436664e+04
   3.0000000e+01   1.7989456e+05   8.4887766e+04
   3.0100000e+01   1.7607378e+05   1.9827525e+05
   3.0200000e+01   1.5157694e+05   2.9047309e+05
   3.0300000e+01   1.0601976e+05   3.6236497e+05
   3.0400000e+01   5.4537062e+04   4.2391419e+05
   3.0500000e+01   1.6939336e+04   4.8453216e+05
   3.0600000e+01   1.8797156e+03   5.4222938e+05
   3.0700000e+01   1.2546387e+02   5.8272969e+05
   3.0800000e+01  -7.6826216e+03   5.9050831e+05
   3.0900000e+01  -3.7316441e+04   5.6050362e+05
   3.1000000e+01  -9.4029523e+04   4.9802506e+05
   3.1100000e+01  -1.7549886e+05   4.0807088e+05
   3.1200000e+01  -2.7629175e+05   2.8843056e+05
   3.1300000e+01  -3.8614431e+05   1.3709877e+05
   3.1400000e+01  -4.8563809e+05  -3.3411102e+04
   3.1500000e+01  -5.4972862e+05  -1.9359930e+05
   3.1600000e+01  -5.6198962e+05  -3.1473850e+05
   3.1700000e+01  -5.2821688e+05  -3.9234534e+05
   3.1800000e+01  -4.7424734e+05  -4.5073988e+05
   3.1900000e+01  -4.2603800e+05  -5.2041928e+05
   3.2000000e+01  -3.8806747e+05  -6.0780738e+05
   3.2100000e+01  -3.4005375e+05  -6.8670256e+05
   3.2200000e+01  -2.5603878e+05  -7.2031144e+05
   3.2300000e+01  -1.2865416e+05  -6.9245506e+05
   3.2400000e+01   2.3676072e+04  -6.1830188e+05
   3.2500000e+01   1.7173542e+05  -5.2722944e+05
   3.2600000e+01   2.9598422e+05  -4.3835647e+05
   3.2700000e+01   3.9247031e+05  -3.5284650e+05
   3.2800000e+01   4.6248328e+05  -2.6497775e+05
   3.2900000e+01   5.0252347e+05  -1.7357158e+05
   3.3000000e+01   5.0802441e+05  -7.9468484e+04
   3.3100000e+01   4.8453806e+05   2.4455826e+04
   3.3200000e+01   4.4906681e+05   1.5348556e+05
   3.3300000e+01   4.1613212e+05   3.1621453e+05
   3.3400000e+01   3.8322181e+05   4.9895322e+05
   3.3500000e+01   3.3321741e+05   6.6737000e+05
   3.3600000e+01   2.5293381e+05   7.8672838e+05
   3.3700000e+01   1.4869117e+05   8.4335081e+05
   3.3800000e+01   4.2944676e+04   8.4874238e+05
   3.3900000e+01  -4.3681867e+04   8.2469375e+05
   3.4000000e+01  -1.0625684e+05   7.8497425e+05
   3.4100000e+01  -1.5310383e+05   7.2983000e+05
   3.4200000e+01  -1.9316925e+05   6.5425244e+05
   3.4300000e+01  -2.2839134e+05   5.5699600e+05
   3.4400000e+01  -2.5741350e+05   4.3969909e+05
   3.4500000e+01  -2.8233600e+05   3.0029134e+05
   3.4600000e+01  -3.0753881e+05   1.3341094e+05
   3.4700000e+01  -3.3139378e+05  -5.8572703e+04
   3.4800000e+01  -3.4256678e+05  -2.5634650e+05
   3.4900000e+01  -3.2839925e+05  -4.3055688e+05
   3.5000000e+01  -2.8818503e+05  -5.6208419e+05
   3.5100000e+01  -2.3696238e+05  -6.5609419e+05
   3.5200000e+01  -1.9495280e+05  -7.3451694e+05
   3.5300000e+01  -1.7315202e+05  -8.1375481e+05
   3.5400000e+01  -1.6912755e+05  -8.8985981e+05
   3.5500000e+01  -1.7518569e+05  -9.4469994e+05
   3.5600000e+01  -1.8762922e+05  -9.6371169e+05
   3.5700000e+01  -2.0581886e+05  -9.4466762e+05
   3.5800000e+01  -2.2293708e+05  -8.8972269e+05
   3.5900000e+01  -2.2203819e+05  -7.9448681e+05
   3.6000000e+01  -1.8718692e+05  -6.5210200e+05
   3.6100000e+01  -1.2193639e+05  -4.7074653e+05
   3.6200000e+01  -5.4212125e+04  -2.8213875e+05
   3.6300000e+01  -1.5555835e+04  -1.2369909e+05
   3.6400000e+01  -9.4910020e+03  -6.6756655e+03
   3.6500000e+01  -8.8630176e+02   9.6361039e+04
   3.6600000e+01   5.7640879e+04   2.2679633e+05
   3.6700000e+01   1.8348256e+05   3.9919934e+05
   3.6800000e+01   3.4630025e+05   5.8474575e+05
   3.6900000e+01   4.9243872e+05   7.3482269e+05
   3.7000000e+01   5.8719162e+05   8.1953706e+05
   3.7100000e+01   6.3472569e+05   8.4351712e+05
   3.7200000e+01   6.6155481e+05   8.2939038e+05
   3.7300000e+01   6.8656481e+05   7.9298719e+05
   3.7400000e+01   7.0867956e+05   7.3664562e+05
   3.7500000e+01   7.1844119e+05   6.6096425e+05
   3.7600000e+01   7.1382019e+05   5.7483962e+05
   3.7700000e+01   7.0095275e+05   4.9025844e+05
   3.7800000e+01   6.8176044e+05   4.0948997e+05
   3.7900000e+01   6.4586850e+05   3.2160884e+05
   3.8000000e+01   5.7798462e+05   2.1387400e+05
   3.8100000e+01   4.7340822e+05   8.6460164e+04
   3.8200000e+01   3.4498831e+05  -4.4642312e+04
   3.8300000e+01   2.1421294e+05  -1.5917275e+05
   3.8400000e+01   9.5947562e+04  -2.4646928e+05
   3.8500000e+01  -8.1667275e+03  -3.0816191e+05
   3.8600000e+01  -1.0376937e+05  -3.4920356e+05
   3.8700000e+01  -1.9514697e+05  -3.6951212e+05
   3.8800000e+01  -2.8388744e+05  -3.6639584e+05
   3.8900000e+01  -3.7271862e+05  -3.4340928e+05
   3.9000000e+01  -4.6498884e+05  -3.1209403e+05
   3.9100000e+01  -5.5743125e+05  -2.8139950e+05
   3.9200000e+01  -6.3564712e+05  -2.4617862e+05
   3.9300000e+01  -6.8161281e+05  -1.9027089e+05
   3.9400000e+01  -6.8923150e+05  -1.0443930e+05
   3.9500000e+01  -6.7307688e+05  -1.4455469e+03
   3.9600000e+01  -6.6012550e+05   8.8861500e+04
   3.9700000e+01  -6.7017419e+05   1.4150295e+05
   3.9800000e+01  -7.0187812e+05   1.5423925e+05
   3.9900000e+01  -7.3677212e+05   1.4408745e+05
   4.0000000e+01  -7.5695450e+05   1.2765080e+05
   4.0100000e+01  -7.5879250e+05   1.0722764e+05
   4.0200000e+01  -7.4928794e+05   7.6766195e+04
   4.0300000e+01  -7.3130581e+05   3.7317598e+04
   4.0400000e+01  -6.9780319e+05  -6.8364600e+02
   4.0500000e+01  -6.4460650e+05  -3.4274723e+04
   4.0600000e+01  -5.8545056e+05  -8.2162836e+04
   4.0700000e+01  -5.4450838e+05  -1.7138836e+05
   4.0800000e+01  -5.2689538e+05  -3.0278094e+05
   4.0900000e+01  -4.9940825e+05  -4.3262575e+05
   4.1000000e+01  -4.0992791e+05  -4.9808147e+05
   4.1100000e+01  -2.3259361e+05  -4.6804172e+05
   4.1200000e+01   5.8943335e+03  -3.7024166e+05
   4.1300000e+01   2.4612358e+05  -2.6707938e+05
   4.1400000e+01   4.4131744e+05  -2.0442234e+05
   4.1500000e+01   5.8396119e+05  -1.8232928e+05
   4.1600000e+01   6.9417750e+05  -1.6953458e+05
   4.1700000e+01   7.9061062e+05  -1.3862403e+05
   4.1800000e+01   8.7536175e+05  -8.4956133e+04
   4.1900000e+01   9.4111581e+05  -1.7872195e+04
   4.2000000e+01   9.8396844e+05   5.6751246e+04
   4.2100000e+01   1.0054848e+06   1.4032148e+05
   4.2200000e+01   1.0050876e+06   2.3049600e+05
   4.2300000e+01   9.7551350e+05   3.1222500e+05
   4.2400000e+01   9.0889750e+05   3.6442600e+05
   4.2500000e+01   8.0781662e+05   3.7740741e+05
   4.2600000e+01   6.8915162e+05   3.6330159e+05
   4.2700000e+01   5.7515369e+05   3.4770831e+05
   4.2800000e+01   4.7906734e+05   3.4928522e+05
   4.2900000e+01   3.9884969e+05   3.6617216e+05
   4.3000000e+01   3.2469194e+05   3.8119156e+05
   4.3100000e+01   2.5174325e+05   3.7900053e+05
   4.3200000e+01   1.8457305e+05   3.5774478e+05
   4.3300000e+01   1.3032467e+05   3.2603500e+05
   4.3400000e+01   9.0715781e+04   2.9255356e+05
   4.3500000e+01   6.2860137e+04   2.6121930e+05
   4.3600000e+01   4.6122723e+04   2.3467217e+05
   4.3700000e+01   4.3739363e+04   2.1707777e+05
   4.3800000e+01   5.4934613e+04   2.0891269e+05
   4.3900000e+01   6.6778102e+04   1.9896422e+05
   4.4000000e+01   5.7605617e+04   1.6580094e+05
   4.4100000e+01   1.1539453e+04   9.2307008e+04
   4.4200000e+01  -6.9425289e+04  -1.8668621e+04
   4.4300000e+01  -1.6795189e+05  -1.4374111e+05
   4.4400000e+01  -2.6607959e+05  -2.5594742e+05
   4.4500000e+01  -3.5759131e+05  -3.4362438e+05
   4.4600000e+01  -4.4690088e+05  -4.1327166e+05
   4.4700000e+01  -5.3838469e+05  -4.7561044e+05
   4.4800000e+01  -6.2997912e+05  -5.3206025e+05
   4.4900000e+01  -7.1812925e+05  -5.7683856e+05
   4.5000000e+01  -8.0549125e+05  -6.0962156e+05
   4.5100000e+01  -8.9757969e+05  -6.3960931e+05
   4.5200000e+01  -9.8817681e+05  -6.7227406e+05
   4.5300000e+01  -1.0506541e+06  -6.9366900e+05
   4.5400000e+01  -1.0508144e+06  -6.7443738e+05
   4.5500000e+01  -9.7445244e+05  -5.9507400e+05
   4.5600000e+01  -8.4364112e+05  -4.6794247e+05
   4.5700000e+01  -7.0319569e+05  -3.3135447e+05
   4.5800000e+01  -5.8727681e+05  -2.1907817e+05
   4.5900000e+01  -4.9592247e+05  -1.3450809e+05
   4.6000000e+01  -4.0153556e+05  -5.3801574e+04
   4.6100000e+01  -2.7672281e+05   4.7599598e+04
   4.6200000e+01  -1.1681898e+05   1.7265672e+05
   4.6300000e+01   6.0656832e+04   3.0408894e+05
   4.6400000e+01   2.3345233e+05   4.2227616e+05
   4.6500000e+01   3.8899081e+05   5.1778116e+05
   4.6600000e+01   5.2383469e+05   5.8764294e+05
   4.6700000e+01   6.3447700e+05   6.2570206e+05
   4.6800000e+01   7.1361138e+05   6.2295575e+05
   4.6900000e+01   7.5665219e+05   5.7897531e+05
   4.7000000e+01   7.6937369e+05   5.0942353e+05
   4.7100000e+01   7.6572688e+05   4.3772119e+05
   4.7200000e+01   7.5657862e+05   3.7748822e+05
   4.7300000e+01   7.4084838e+05   3.2398834e+05
   4.7400000e+01   7.0792500e+05   2.6339794e+05
   4.7500000e+01   6.4833700e+05   1.8932664e+05
   4.7600000e+01   5.6235012e+05   1.0916821e+05
   4.7700000e+01   4.6032816e+05   3.5608648e+04
   4.7800000e+01   3.5746075e+05  -2.4799205e+04
   4.7900000e+01   2.6869853e+05  -7.2618484e+04
   4.8000000e+01   2.0586306e+05  -1.0665445e+05
   4.8100000e+01   1.7474311e+05  -1.1806115e+05
   4.8200000e+01   1.7117427e+05  -9.6804148e+04
   4.8300000e+01   1.7972503e+05  -4.4963312e+04
   4.8400000e+01   1.7985300e+05   1.8114045e+04
   4.8500000e+01   1.5847597e+05   6.6901719e+04
   4.8600000e+01   1.1960018e+05   8.8376609e+04
   4.8700000e+01   8.0932789e+04   9.0608789e+04
   4.8800000e+01   5.8303320e+04   9.2642305e+04
   4.8900000e+01   5.1650852e+04   1.0563753e+05
   4.9000000e+01   4.6171508e+04   1.2364004e+05
   4.9100000e+01   2.6668277e+04   1.3120884e+05
   4.9200000e+01  -1.1145592e+04   1.1703534e+05
   4.9300000e+01  -6.4230793e+04   7.8427914e+04
   4.9400000e+01  -1.3374625e+05   1.5351810e+04
   4.9500000e+01  -2.2729608e+05  -7.3368859e+04
   4.9600000e+01  -3.4645800e+05  -1.8314103e+05
   4.9700000e+01  -4.7426219e+05  -2.9445594e+05
   4.9800000e+01  -5.8070806e+05  -3.7749669e+05
   4.9900000e+01  -6.4538706e+05  -4.1269291e+05
   5.0000000e+01  -6.7579619e+05  -4.0896100e+05
   5.0100000e+01  -7.0146050e+05  -3.9892859e+05
   5.0200000e+01  -7.4713844e+05  -4.1158097e+05
   5.0300000e+01  -8.0934262e+05  -4.4630466e+05
   5.0400000e+01  -8.5775038e+05  -4.7292044e+05
   5.0500000e+01  -8.5940706e+05  -4.5803838e+05
   5.0600000e+01  -8.0270825e+05  -3.9302294e+05
   5.0700000e+01  -7.0057325e+05  -2.9833122e+05
   5.0800000e+01  -5.7429331e+05  -2.0311552e+05
   5.0900000e+01  -4.3743288e+05  -1.2243250e+05
   5.1000000e+01  -2.9461456e+05  -5.3313406e+04
   5.1100000e+01  -1.5043994e+05   1.1609555e+04
   5.1200000e+01  -1.3050591e+04   7.2265656e+04
   5.1300000e+01   1.1318610e+05   1.2464035e+05
   5.1400000e+01   2.3482666e+05   1.7235086e+05
   5.1500000e+01   3.6389169e+05   2.2871477e+05
   5.1600000e+01   5.0304625e+05   3.0360234e+05
   5.1700000e+01   6.3759562e+05   3.8862034e+05
   5.1800000e+01   7.4428525e+05   4.5799325e+05
   5.1900000e+01   8.0877750e+05   4.8659516e+05
   5.2000000e+01   8.3469956e+05   4.6878691e+05
   5.2100000e+01   8.3680338e+05   4.2095344e+05
   5.2200000e+01   8.2712588e+05   3.6679891e+05
   5.2300000e+01   8.0817525e+05   3.2021322e+05
   5.2400000e+01   7.7724212e+05   2.8046728e+05
   5.2500000e+01   7.3359500e+05   2.4041084e+05
   5.2600000e+01   6.7909656e+05   1.9601091e+05
   5.2700000e+01   6.1276106e+05   1.4744306e+05
   5.2800000e+01   5.2847094e+05   9.4136383e+04
   5.2900000e+01   4.2186341e+05   3.3450734e+04
   5.3000000e+01   3.0054700e+05  -3.3533938e+04
   5.3100000e+01   1.8523680e+05  -9.6898156e+04
   5.3200000e+01   9.7176867e+04  -1.4246592e+05
   5.3300000e+01   4.2128020e+04  -1.6376209e+05
   5.3400000e+01   6.5544570e+03  -1.6884170e+05
   5.3500000e+01  -2.9776891e+04  -1.7373312e+05
   5.3600000e+01  -7.7205742e+04  -1.8873991e+05
   5.3700000e+01  -1.3165064e+05  -2.1164669e+05
   5.3800000e+01  -1.8461888e+05  -2.3366931e+05
   5.3900000e+01  -2.3448117e+05  -2.4941780e+05
   5.4000000e+01  -2.8554025e+05  -2.5840922e+05
   5.4100000e+01  -3.3708912e+05  -2.5732625e+05
   5.4200000e+01  -3.7817953e+05  -2.3543256e+05
   5.4300000e+01  -3.9853669e+05  -1.8358886e+05
   5.4400000e+01  -4.0608756e+05  -1.1034341e+05
   5.4500000e+01  -4.2939144e+05  -4.5629051e+04
   5.4600000e+01  -4.9560647e+05  -2.1326957e+04
   5.4700000e+01  -6.0156881e+05  -4.2647469e+04
   5.4800000e+01  -7.0777875e+05  -7.8487094e+04
   5.4900000e+01  -7.6564294e+05  -8.3904984e+04
   5.5000000e+01  -7.5484438e+05  -3.6357793e+04
   5.5100000e+01  -6.9609444e+05   4.7416320e+04
   5.5200000e+01  -6.2866494e+05   1.2810024e+05
   5.5300000e+01  -5.7662881e+05   1.7566562e+05
   5.5400000e+01  -5.3575525e+05   1.8620134e+05
   5.5500000e+01  -4.8812316e+05   1.7296864e+05
   5.5600000e+01  -4.2341041e+05   1.4771556e+05
   5.5700000e+01  -3.4434416e+05   1.1346686e+05
   5.5800000e+01  -2.5607206e+05   7.1990516e+04
   5.5900000e+01  -1.5703169e+05   3.1575162e+04
   5.6000000e+01  -4.3518812e+04   2.9347136e+03
   5.6100000e+01   7.8714359e+04  -1.2487785e+04
   5.6200000e+01   1.9165527e+05  -2.7288410e+04
   5.6300000e+01   2.7666425e+05  -5.8508258e+04
   5.6400000e+01   3.2933428e+05  -1.1183030e+05
   5.6500000e+01   3.6207066e+05  -1.7462642e+05
   5.6600000e+01   3.9183403e+05  -2.2428388e+05
   5.6700000e+01   4.2612084e+05  -2.4367183e+05
   5.6800000e+01   4.6097097e+05  -2.3014375e+05
   5.6900000e+01   4.9017975e+05  -1.9267708e+05
   5.7000000e+01   5.1261472e+05  -1.4351419e+05
   5.7100000e+01   5.2932294e+05  -9.3096344e+04
   5.7200000e+01   5.3703838e+05  -4.9300809e+04
   5.7300000e+01   5.2980362e+05  -1.5555521e+04
   5.7400000e+01   5.0871872e+05   1.3805822e+04
   5.7500000e+01   4.8700753e+05   5.4221398e+04
   5.7600000e+01   4.8122553e+05   1.2107379e+05
   5.7700000e+01   4.9574956e+05   2.1430539e+05
   5.7800000e+01   5.1660947e+05   3.1221719e+05
   5.7900000e+01   5.2155719e+05   3.8367666e+05
   5.8000000e+01   4.9681672e+05   4.1030259e+05
   5.8100000e+01   4.4501262e+05   3.9863409e+05
   5.8200000e+01   3.7840634e+05   3.7057288e+05
   5.8300000e+01   3.0621375e+05   3.4187562e+05
   5.8400000e+01   2.3000898e+05   3.1107556e+05
   5.8500000e+01   1.5139150e+05   2.6990766e+05
   5.8600000e+01   8.0187648e+04   2.2118842e+05
   5.8700000e+01   2.7669740e+04   1.7953836e+05
   5.8800000e+01  -1.3255243e+04   1.5018281e+05
   5.8900000e+01  -7.6683781e+04   1.1153189e+05
   5.9000000e+01  -2.0019498e+05   2.9866086e+04
   5.9100000e+01  -3.8287344e+05  -1.0110379e+05
   5.9200000e+01  -5.6839650e+05  -2.3841445e+05
   5.9300000e+01  -6.8026756e+05  -3.1718931e+05
   5.9400000e+01  -6.8277550e+05  -3.0633056e+05
   5.9500000e+01  -6.0937912e+05  -2.3695570e+05
   5.9600000e+01  -5.3026612e+05  -1.7383430e+05
   5.9700000e+01  -4.9230494e+05  -1.5942461e+05
   5.9800000e+01  -4.8943006e+05  -1.8598023e+05
   5.9900000e+01  -4.8470547e+05  -2.1689909e+05
   6.0000000e+01  -4.5207375e+05  -2.2678775e+05
   6.0100000e+01  -3.9424084e+05  -2.1785216e+05
   6.0200000e+01  -3.2782144e+05  -2.0391906e+05
   6.0300000e+01  -2.6207770e+05  -1.8854683e+05
   6.0400000e+01  -1.9632273e+05  -1.6324953e+05
   6.0500000e+01  -1.3317800e+05  -1.2382377e+05
   6.0600000e+01  -8.6462609e+04  -8.2143414e+04
   6.0700000e+01  -7.1841711e+04  -5.7988652e+04
   6.0800000e+01  -9.0450953e+04  -5.9050117e+04
   6.0900000e+01  -1.2437843e+05  -7.0785086e+04
   6.1000000e+01  -1.4979473e+05  -6.7627719e+04
   6.1100000e+01  -1.5448531e+05  -3.4644766e+04
   6.1200000e+01  -1.4263889e+05   2.1734939e+04
   6.1300000e+01  -1.2444089e+05   8.2714141e+04
   6.1400000e+01  -1.0396742e+05   1.3374009e+05
   6.1500000e+01  -7.8083672e+04   1.7127941e+05
   6.1600000e+01  -4.3927305e+04   1.9699903e+05
   6.1700000e+01  -2.5123892e+03   2.1146167e+05
   6.1800000e+01   4.6879113e+04   2.1618150e+05
   6.1900000e+01   1.1265047e+05   2.1809538e+05
   6.2000000e+01   2.0597288e+05   2.2554928e+05
   6.2100000e+01   3.2686934e+05   2.3681698e+05
   6.2200000e+01   4.5580800e+05   2.3491036e+05
   6.2300000e+01   5.6198738e+05   1.9840698e+05
   6.2400000e+01   6.2316550e+05   1.2052989e+05
   6.2500000e+01   6.3980600e+05   1.7771832e+04
   6.2600000e+01   6.3099938e+05  -8.1870938e+04
   6.2700000e+01   6.1661356e+05  -1.6069641e+05
   6.2800000e+01   6.0269675e+05  -2.2202108e+05
   6.2900000e+01   5.8263962e+05  -2.7967506e+05
   6.3000000e+01   5.4932319e+05  -3.3856144e+05
   6.3100000e+01   5.0203891e+05  -3.8850294e+05
   6.3200000e+01   4.4006747e+05  -4.1846262e+05
   6.3300000e+01   3.5376284e+05  -4.3341491e+05
   6.3400000e+01   2.3003953e+05  -4.5086447e+05
   6.3500000e+01   7.1809164e+04  -4.7720581e+05
   6.3600000e+01  -9.0540961e+04  -4.9039400e+05
   6.3700000e+01  -2.1466809e+05  -4.5244666e+05
   6.3800000e+01  -2.7941650e+05  -3.4343297e+05
   6.3900000e+01  -3.0364341e+05  -1.8318225e+05
   6.4000000e+01  -3.3000434e+05  -1.7720691e+04
   6.4100000e+01  -3.8779703e+05   1.1666092e+05
   6.4200000e+01  -4.6976031e+05   2.1704245e+05
   6.4300000e+01  -5.4261200e+05   3.0523275e+05
   6.4400000e+01  -5.7768188e+05   3.9998138e+05
   6.4500000e+01  -5.7147575e+05   4.9910038e+05
   6.4600000e+01  -5.4050088e+05   5.8557712e+05
   6.4700000e+01  -5.0144497e+05   6.4560538e+05
   6.4800000e+01  -4.5888338e+05   6.7740875e+05
   6.4900000e+01  -4.0999081e+05   6.8426794e+05
   6.5000000e+01  -3.5599747e+05   6.6422438e+05
   6.5100000e+01  -3.0472544e+05   6.1104062e+05
   6.5200000e+01  -2.6138450e+05   5.2554400e+05
   6.5300000e+01  -2.1982430e+05   4.2262806e+05
   6.5400000e+01  -1.6627005e+05   3.2337947e+05
   6.5500000e+01  -9.2855555e+04   2.3899505e+05
   6.5600000e+01  -6.5629453e+03   1.6316481e+05
   6.5700000e+01   7.5859375e+04   8.0775656e+04
   6.5800000e+01   1.4104839e+05  -1.6503660e+04
   6.5900000e+01   1.8662586e+05  -1.2325230e+05
   6.6000000e+01   2.1762603e+05  -2.2644092e+05
   6.6100000e+01   2.3890084e+05  -3.1512566e+05
   6.6200000e+01   2.5301425e+05  -3.8304806e+05
   6.6300000e+01   2.6393728e+05  -4.2471631e+05
   6.6400000e+01   2.7869297e+05  -4.3405056e+05
   6.6500000e+01   3.0189625e+05  -4.1019747e+05
   6.6600000e+01   3.2797609e+05  -3.6400950e+05
   6.6700000e+01   3.4082303e+05  -3.1530403e+05
   6.6800000e+01   3.2442616e+05  -2.8027319e+05
   6.6900000e+01   2.7657316e+05  -2.6003127e+05
   6.7000000e+01   2.1283103e+05  -2.4172411e+05
   6.7100000e+01   1.5594653e+05  -2.1153480e+05
   6.7200000e+01   1.1972029e+05  -1.6703438e+05
   6.7300000e+01   1.0193834e+05  -1.1755190e+05
   6.7400000e+01   9.1239469e+04  -7.4277539e+04
   6.7500000e+01   7.7992016e+04  -4.2179559e+04
   6.7600000e+01   5.6718996e+04  -2.1985652e+04
   6.7700000e+01   2.0760832e+04  -1.7237604e+04
   6.7800000e+01  -3.8075945e+04  -3.4748867e+04
   6.7900000e+01  -1.1829341e+05  -7.5199922e+04
   6.8000000e+01  -1.9774219e+05  -1.2451592e+05
   6.8100000e+01  -2.4122323e+05  -1.5894452e+05
   6.8200000e+01  -2.2714230e+05  -1.6295292e+05
   6.8300000e+01  -1.6961181e+05  -1.4364181e+05
   6.8400000e+01  -1.1125407e+05  -1.2602711e+05
   6.8500000e+01  -8.9036922e+04  -1.3127103e+05
   6.8600000e+01  -1.0338902e+05  -1.5715134e+05
   6.8700000e+01  -1.1927297e+05  -1.7882386e+05
   6.8800000e+01  -9.7529227e+04  -1.6893419e+05
   6.8900000e+01  -2.6772803e+04  -1.1825083e+05
   6.9000000e+01   7.1677531e+04  -3.9029695e+04
   6.9100000e+01   1.6538989e+05   4.8483820e+04
   6.9200000e+01   2.3482741e+05   1.3025777e+05
   6.9300000e+01   2.7888753e+05   2.0021434e+05
   6.9400000e+01   3.0361959e+05   2.5311539e+05
   6.9500000e+01   3.1136428e+05   2.8229900e+05
   6.9600000e+01   3.0148384e+05   2.8756450e+05
   6.9700000e+01   2.7721069e+05   2.8264078e+05
   6.9800000e+01   2.4669236e+05   2.8895169e+05
   6.9900000e+01   2.1567806e+05   3.1750219e+05
   7.0000000e+01   1.8076461e+05   3.5618309e+05
   7.0100000e+01   1.3167252e+05   3.7682700e+05
   7.0200000e+01   6.0669883e+04   3.5719503e+05
   7.0300000e+01  -2.9981094e+04   2.9822681e+05
   7.0400000e+01  -1.2860482e+05   2.2173105e+05
   7.0500000e+01  -2.2064295e+05   1.5242053e+05
   7.0600000e+01  -2.9500378e+05   1.0159985e+05
   7.0700000e+01  -3.4660516e+05   6.5681508e+04
   7.0800000e+01  -3.7605272e+05   3.6923457e+04
   7.0900000e+01  -3.8901503e+05   1.2855652e+04
   7.1000000e+01  -3.9565966e+05  -4.8430952e+03
   7.1100000e+01  -4.0772609e+05  -1.7612842e+04
   7.1200000e+01  -4.3165206e+05  -3.1834369e+04
   7.1300000e+01  -4.6135891e+05  -5.1281949e+04
   7.1400000e+01  -4.7844309e+05  -6.9535602e+04
   7.1500000e+01  -4.6357859e+05  -7.3650039e+04
   7.1600000e+01  -4.1181997e+05  -5.7338094e+04
   7.1700000e+01  -3.3774250e+05  -2.9337252e+04
   7.1800000e+01  -2.6411766e+05  -6.8201963e+03
   7.1900000e+01  -2.0431164e+05  -7.4843066e+02
   7.2000000e+01  -1.5555591e+05  -9.4164600e+03
   7.2100000e+01  -1.0822333e+05  -2.6252297e+04
   7.2200000e+01  -5.8254586e+04  -5.0416543e+04
   7.2300000e+01  -7.4427793e+03  -8.5553992e+04
   7.2400000e+01   4.7056938e+04  -1.2773694e+05
   7.2500000e+01   1.1725670e+05  -1.5939945e+05
   7.2600000e+01   2.1224447e+05  -1.6169548e+05
   7.2700000e+01   3.2067000e+05  -1.3596616e+05
   7.2800000e+01   4.1015097e+05  -1.1021938e+05
   7.2900000e+01   4.5044303e+05  -1.1808859e+05
   7.3000000e+01   4.4035538e+05  -1.6668498e+05
   7.3100000e+01   4.1084350e+05  -2.2536141e+05
   7.3200000e+01   3.9919075e+05  -2.4981184e+05
   7.3300000e+01   4.1853009e+05  -2.2058322e+05
   7.3400000e+01   4.5130694e+05  -1.5920681e+05
   7.3500000e+01   4.7001234e+05  -1.0721397e+05
   7.3600000e+01   4.6163209e+05  -9.0392047e+04
   7.3700000e+01   4.3234881e+05  -1.0300777e+05
   7.3800000e+01   3.9332259e+05  -1.2255316e+05
   7.3900000e+01   3.4777609e+05  -1.3378548e+05
   7.4000000e+01   2.9352175e+05  -1.3627981e+05
   7.4100000e+01   2.3394041e+05  -1.3336631e+05
   7.4200000e+01   1.8057845e+05  -1.2156134e+05
   7.4300000e+01   1.4223488e+05  -9.4822742e+04
   7.4400000e+01   1.1292460e+05  -5.6707902e+04
   7.4500000e+01   7.3532180e+04  -2.3114057e+04
   7.4600000e+01   7.3713940e+03  -9.9845996e+03
   7.4700000e+01  -8.4839555e+04  -1.8464924e+04
   7.4800000e+01  -1.8448077e+05  -3.3088785e+04
   7.4900000e+01  -2.6874734e+05  -3.4372738e+04
   7.5000000e+01  -3.2559312e+05  -1.2757540e+04
   7.5100000e+01  -3.5757738e+05   2.8453484e+04
   7.5200000e+01  -3.7420522e+05   8.0457031e+04
   7.5300000e+01  -3.8275391e+05   1.3626158e+05
   7.5400000e+01  -3.8630131e+05   1.9115128e+05
   7.5500000e+01  -3.8745662e+05   2.3986345e+05
   7.5600000e+01  -3.8949003e+05   2.7769716e+05
   7.5700000e+01  -3.9124569e+05   3.0577044e+05
   7.5800000e+01  -3.8247566e+05   3.3281444e+05
   7.5900000e+01  -3.4862175e+05   3.6809762e+05
   7.6000000e+01  -2.8407062e+05   4.1052391e+05
   7.6100000e+01  -2.0146170e+05   4.4521969e+05
   7.6200000e+01  -1.2600302e+05   4.5276650e+05
   7.6300000e+01  -7.8231195e+04   4.2347522e+05
   7.6400000e+01  -6.0916691e+04   3.6337909e+05
   7.6500000e+01  -6.1827379e+04   2.8667938e+05
   7.6600000e+01  -6.7442414e+04   2.0337780e+05
   7.6700000e+01  -7.1782492e+04   1.1579225e+05
   7.6800000e+01  -7.2126117e+04   2.6968033e+04
   7.6900000e+01  -6.1150402e+04  -5.1553301e+04
   7.7000000e+01  -3.0977449e+04  -1.0668905e+05
   7.7100000e+01   1.1240403e+04  -1.4173150e+05
   7.7200000e+01   3.6780812e+04  -1.8315103e+05
   7.7300000e+01   1.5213963e+04  -2.6039564e+05
   7.7400000e+01  -5.1606387e+04  -3.7263188e+05
   7.7500000e+01  -1.1737244e+05  -4.7733131e+05
   7.7600000e+01  -1.2170973e+05  -5.1890041e+05
   7.7700000e+01  -3.9819652e+04  -4.7427594e+05
   7.7800000e+01   9.6456406e+04  -3.7194200e+05
   7.7900000e+01   2.2765475e+05  -2.6638906e+05
   7.8000000e+01   3.1639684e+05  -1.9464309e+05
   7.8100000e+01   3.6918100e+05  -1.5624583e+05
   7.8200000e+01   4.1439562e+05  -1.2931962e+05
   7.8300000e+01   4.6653553e+05  -9.8416492e+04
   7.8400000e+01   5.1500497e+05  -6.4628609e+04
   7.8500000e+01   5.4284444e+05  -3.4465977e+04
   7.8600000e+01   5.4796881e+05  -7.2621367e+03
   7.8700000e+01   5.4215150e+05   2.2874082e+04
   7.8800000e+01   5.3212756e+05   5.5322820e+04
   7.8900000e+01   5.0712125e+05   7.7817398e+04
   7.9000000e+01   4.4795478e+05   7.5656203e+04
   7.9100000e+01   3.4819375e+05   4.6408855e+04
   7.9200000e+01   2.2497520e+05   5.0976426e+03
   7.9300000e+01   1.0811722e+05  -2.5598693e+04
   7.9400000e+01   1.8092504e+04  -3.1080738e+04
   7.9500000e+01  -4.6229551e+04  -1.2654369e+04
   7.9600000e+01  -1.0024493e+05   1.7572955e+04
   7.9700000e+01  -1.5678375e+05   4.7358605e+04
   7.9800000e+01  -2.1728791e+05   7.0294094e+04
   7.9900000e+01  -2.7658631e+05   8.4941773e+04
   8.0000000e+01  -3.3095738e+05   9.2987547e+04
   8.0100000e+01  -3.7817525e+05   1.0041426e+05
   8.0200000e+01  -4.1168097e+05   1.1794139e+05
   8.0300000e+01  -4.2045062e+05   1.5513244e+05
   8.0400000e+01  -3.9904175e+05   2.1038091e+05
   8.0500000e+01  -3.5776869e+05   2.6683288e+05
   8.0600000e+01  -3.1971334e+05   3.0123469e+05
   8.0700000e+01  -3.0437303e+05   3.0023588e+05
   8.0800000e+01  -3.1275662e+05   2.6977559e+05
   8.0900000e+01  -3.2855847e+05   2.2829078e+05
   8.1000000e+01  -3.3408959e+05   1.8994402e+05
   8.1100000e+01  -3.2462931e+05   1.5452234e+05
   8.1200000e+01  -3.0733128e+05   1.1383097e+05
   8.1300000e+01  -2.8882062e+05   6.5722602e+04
   8.1400000e+01  -2.6880262e+05   1.7077775e+04
   8.1500000e+01  -2.4852005e+05  -2.9864428e+04
   8.1600000e+01  -2.4131689e+05  -9.0128195e+04
   8.1700000e+01  -2.6555772e+05  -1.8582236e+05
   8.1800000e+01  -3.2075881e+05  -3.1702166e+05
   8.1900000e+01  -3.7342734e+05  -4.4540125e+05
   8.2000000e+01  -3.7543972e+05  -5.1577994e+05
   8.2100000e+01  -3.0332438e+05  -5.0107231e+05
   8.2200000e+01  -1.8017869e+05  -4.2699262e+05
   8.2300000e+01  -5.6616301e+04  -3.5014884e+05
   8.2400000e+01   3.1170400e+04  -3.1019278e+05
   8.2500000e+01   8.5947422e+04  -3.0185059e+05
   8.2600000e+01   1.3692867e+05  -2.8956850e+05
   8.2700000e+01   2.0846438e+05  -2.4414848e+05
   8.2800000e+01   3.0194853e+05  -1.6412317e+05
   8.2900000e+01   4.0282266e+05  -6.7442977e+04
   8.3000000e+01   4.9764619e+05   2.9149797e+04
   8.3100000e+01   5.8105156e+05   1.1901180e+05
   8.3200000e+01   6.4914000e+05   1.9838398e+05
   8.3300000e+01   6.9233919e+05   2.5817691e+05
   8.3400000e+01   6.9948450e+05   2.8806769e+05
   8.3500000e+01   6.6974500e+05   2.8871841e+05
   8.3600000e+01   6.1801794e+05   2.7656569e+05
   8.3700000e+01   5.6517062e+05   2.7307788e+05
   8.3800000e+01   5.2115906e+05   2.8752425e+05
   8.3900000e+01   4.7805619e+05   3.0990888e+05
   8.4000000e+01   4.2035200e+05   3.2057997e+05
   8.4100000e+01   3.4145372e+05   3.0651006e+05
   8.4200000e+01   2.4901544e+05   2.6900094e+05
   8.4300000e+01   1.5510314e+05   2.1816980e+05
   8.4400000e+01   6.4534148e+04   1.6322448e+05
   8.4500000e+01  -2.4583150e+04   1.0944531e+05
   8.4600000e+01  -1.1042711e+05   6.2474531e+04
   8.4700000e+01  -1.8239670e+05   3.1067488e+04
   8.4800000e+01  -2.3004659e+05   2.1790291e+04
   8.4900000e+01  -2.5659409e+05   3.0124633e+04
   8.5000000e+01  -2.8018756e+05   3.9010188e+04
   8.5100000e+01  -3.1884897e+05   2.9705527e+04
   8.5200000e+01  -3.7344203e+05  -3.3442744e+03
   8.5300000e+01  -4.2610525e+05  -4.7900469e+04
   8.5400000e+01  -4.5576359e+05  -8.4822453e+04
   8.5500000e+01  -4.5500075e+05  -1.0409301e+05
   8.5600000e+01  -4.3232609e+05  -1.1041077e+05
   8.5700000e+01  -4.0024100e+05  -1.1453898e+05
   8.5800000e+01  -3.6411272e+05  -1.2226400e+05
   8.5900000e+01  -3.2374138e+05  -1.3380619e+05
   8.6000000e+01  -2.8281297e+05  -1.5161161e+05
   8.6100000e+01  -2.5101242e+05  -1.8268384e+05
   8.6200000e+01  -2.3261667e+05  -2.2888616e+05
   8.6300000e+01  -2.1417164e+05  -2.7646219e+05
   8.6400000e+01  -1.6938378e+05  -3.0096366e+05
   8.6500000e+01  -8.2170758e+04  -2.8737916e+05
   8.6600000e+01   3.3515414e+04  -2.4605627e+05
   8.6700000e+01   1.3950153e+05  -2.0652177e+05
   8.6800000e+01   2.0270564e+05  -1.9321739e+05
   8.6900000e+01   2.2101562e+05  -2.0555306e+05
   8.7000000e+01   2.2124295e+05  -2.1997666e+05
   8.7100000e+01   2.3251339e+05  -2.1009656e+05
   8.7200000e+01   2.6197947e+05  -1.6538869e+05
   8.7300000e+01   2.9449259e+05  -9.3858602e+04
   8.7400000e+01   3.1149888e+05  -1.1294258e+04
   8.7500000e+01   3.0659047e+05   6.9404180e+04
   8.7600000e+01   2.8358300e+05   1.4016008e+05
   8.7700000e+01   2.4498712e+05   1.9455550e+05
   8.7800000e+01   1.8801566e+05   2.2815431e+05
   8.7900000e+01   1.1285079e+05   2.4376634e+05
   8.8000000e+01   3.0913205e+04   2.5381684e+05
   8.8100000e+01  -3.9615254e+04   2.7298469e+05
   8.8200000e+01  -8.7962125e+04   3.0537684e+05
   8.8300000e+01  -1.1942263e+05   3.3865988e+05
   8.8400000e+01  -1.4928991e+05   3.5230419e+05
   8.8500000e+01  -1.8900169e+05   3.3334062e+05
   8.8600000e+01  -2.3846838e+05   2.8559319e+05
   8.8700000e+01  -2.8961512e+05   2.2506016e+05
   8.8800000e+01  -3.3365247e+05   1.6737558e+05
   8.8900000e+01  -3.6323650e+05   1.1937673e+05
   8.9000000e+01  -3.7004050e+05   8.0571969e+04
   8.9100000e+01  -3.4526169e+05   4.9492684e+04
   8.9200000e+01  -2.8650297e+05   2.6088264e+04
   8.9300000e+01  -2.0471722e+05   7.9425957e+03
   8.9400000e+01  -1.2171266e+05  -1.2878706e+04
   8.9500000e+01  -5.6919215e+04  -4.5179512e+04
   8.9600000e+01  -1.3735824e+04  -8.8842562e+04
   8.9700000e+01   2.1739086e+04  -1.3119006e+05
   8.9800000e+01   6.7392148e+04  -1.5620094e+05
   8.9900000e+01   1.2890606e+05  -1.5870709e+05
   9.0000000e+01   1.9532372e+05  -1.4837867e+05
   9.0100000e+01   2.4929742e+05  -1.3895206e+05
   9.0200000e+01   2.8062528e+05  -1.3533094e+05
   9.0300000e+01   2.8990947e+05  -1.3351155e+05
   9.0400000e+01   2.8141450e+05  -1.3176909e+05
   9.0500000e+01   2.5628205e+05  -1.3659656e+05
   9.0600000e+01   2.1542289e+05  -1.5331870e+05
   9.0700000e+01   1.6800438e+05  -1.7218925e+05
   9.0800000e+01   1.3238236e+05  -1.6979986e+05
   9.0900000e+01   1.2316923e+05  -1.2971416e+05
   9.1000000e+01   1.3481706e+05  -6.2673457e+04
   9.1100000e+01   1.4020138e+05  -3.3104814e+03
   9.1200000e+01   1.1081043e+05   1.7205203e+04
   9.1300000e+01   4.2835551e+04  -1.9559337e+03
   9.1400000e+01  -3.5943676e+04  -3.0458152e+04
   9.1500000e+01  -8.7327062e+04  -3.3037539e+04
   9.1600000e+01  -9.3257906e+04   1.5782607e+03
   9.1700000e+01  -6.7360953e+04   5.4611676e+04
   9.1800000e+01  -3.8525105e+04   9.6519961e+04
   9.1900000e+01  -2.5502623e+04   1.1088384e+05
   9.2000000e+01  -2.7423846e+04   1.0145449e+05
   9.2100000e+01  -3.4454023e+04   8.0842906e+04
   9.2200000e+01  -4.1288695e+04   5.7113461e+04
   9.2300000e+01  -4.7893289e+04   3.2202441e+04
   9.2400000e+01  -5.1183090e+04   9.3724395e+03
   9.2500000e+01  -4.2676887e+04  -3.4268022e+03
   9.2600000e+01  -1.7793902e+04  -4.3240430e+02
   9.2700000e+01   1.4048238e+04   1.2844075e+04
   9.2800000e+01   3.2349602e+04   2.0212117e+04
   9.2900000e+01   2.1544066e+04   6.5134180e+03
   9.3000000e+01  -1.4427321e+04  -3.0292020e+04
   9.3100000e+01  -5.3315168e+04  -7.7701461e+04
   9.3200000e+01  -7.1157406e+04  -1.1789929e+05
   9.3300000e+01  -5.9458852e+04  -1.3797392e+05
   9.3400000e+01  -2.8175676e+04  -1.3314370e+05
   9.3500000e+01   5.9755693e+03  -1.0451784e+05
   9.3600000e+01   3.2611797e+04  -5.8117781e+04
   9.3700000e+01   5.0082570e+04  -6.7103149e+03
   9.3800000e+01   5.8989664e+04   3.1934631e+04
   9.3900000e+01   5.8312824e+04   4.5290434e+04
   9.4000000e+01   4.9576383e+04   3.8326363e+04
   9.4100000e+01   4.1450484e+04   3.3815391e+04
   9.4200000e+01   4.5124438e+04   5.5391426e+04
   9.4300000e+01   6.3050289e+04   1.0623137e+05
   9.4400000e+01   8.4005820e+04   1.6368972e+05
   9.4500000e+01   9.1437727e+04   1.9641255e+05
   9.4600000e+01   7.6577164e+04   1.8852072e+05
   9.4700000e+01   4.2317355e+04   1.4861066e+05
   9.4800000e+01  -4.6858813e+03   9.7038516e+04
   9.4900000e+01  -6.1993453e+04   4.6588148e+04
   9.5000000e+01  -1.2833202e+05  -3.4955828e+03
   9.5100000e+01  -1.9346941e+05  -5.6572848e+04
   9.5200000e+01  -2.3654391e+05  -1.0684782e+05
   9.5300000e+01  -2.4122656e+05  -1.4368512e+05
   9.5400000e+01  -2.1562567e+05  -1.6890636e+05
   9.5500000e+01  -1.9351497e+05  -2.0505398e+05
   9.5600000e+01  -2.0780580e+05  -2.7846784e+05
   9.5700000e+01  -2.5685252e+05  -3.8908319e+05
   9.5800000e+01  -2.9779381e+05  -4.9871522e+05
   9.5900000e+01  -2.7901459e+05  -5.5531694e+05
   9.6000000e+01  -1.8451142e+05  -5.3373888e+05
   9.6100000e+01  -4.8267102e+04  -4.5411356e+05
   9.6200000e+01   7.4688508e+04  -3.6069684e+05
   9.6300000e+01   1.5120972e+05  -2.8407381e+05
   9.6400000e+01   1.8679291e+05  -2.2392106e+05
   9.6500000e+01   2.0671511e+05  -1.6386314e+05
   9.6600000e+01   2.2785441e+05  -9.5689836e+04
   9.6700000e+01   2.4989444e+05  -2.5445660e+04
   9.6800000e+01   2.6699681e+05   4.0329211e+04
   9.6900000e+01   2.7907016e+05   1.0674666e+05
   9.7000000e+01   2.8834753e+05   1.8464717e+05
   9.7100000e+01   2.8879856e+05   2.7383284e+05
   9.7200000e+01   2.6506069e+05   3.5604903e+05
   9.7300000e+01   2.0530984e+05   4.0735097e+05
   9.7400000e+01   1.1523339e+05   4.1820409e+05
   9.7500000e+01   1.7865264e+04   4.0156747e+05
   9.7600000e+01  -6.1591680e+04   3.8183647e+05
   9.7700000e+01  -1.1159187e+05   3.7634544e+05
   9.7800000e+01  -1.3645844e+05   3.8646991e+05
   9.7900000e+01  -1.4577375e+05   4.0320712e+05
   9.8000000e+01  -1.4483053e+05   4.1730759e+05
   9.8100000e+01  -1.3614439e+05   4.2288319e+05
   9.8200000e+01  -1.2622795e+05   4.1502944e+05
   9.8300000e+01  -1.2444667e+05   3.9017084e+05
   9.8400000e+01  -1.3212617e+05   3.5207550e+05
   9.8500000e+01  -1.3577038e+05   3.1524981e+05
   9.8600000e+01  -1.1657516e+05   2.9713531e+05
   9.8700000e+01  -6.9315961e+04   3.0336788e+05
   9.8800000e+01  -1.0435190e+04   3.2076669e+05
   9.8900000e+01   3.4834578e+04   3.2682831e+05
   9.9000000e+01   5.3931242e+04   3.0766153e+05
   9.9100000e+01   5.5305105e+04   2.6713844e+05
   9.9200000e+01   5.6104855e+04   2.1905978e+05
   9.9300000e+01   6.3485684e+04   1.7202069e+05
   9.9400000e+01   6.9864492e+04   1.2417973e+05
   9.9500000e+01   6.6237398e+04   7.3167461e+04
   9.9600000e+01   5.6138668e+04   2.7081541e+04
   9.9700000e+01   5.0820816e+04  -8.0193890e+02
   9.9800000e+01   5.0578742e+04  -9.6016338e+03
   9.9900000e+01   4.1112133e+04  -1.4563641e+04
   1.0000000e+02   1.6135645e+04  -2.6508926e+04
