   1.1851270e+02   3.6301420e+01   1.8450000e+02
   1.1914471e+02   3.6801325e+01   1.4600000e+01
   0.0000000e+00  -4.9676897e+05  -4.9676897e+05
   1.0000000e-01  -5.0145209e+05  -4.7484131e+05
   2.0000000e-01  -4.8431062e+05  -4.4086775e+05
   3.0000000e-01  -4.4795991e+05  -3.9675653e+05
   4.0000000e-01  -4.0260244e+05  -3.4325416e+05
   5.0000000e-01  -3.5777603e+05  -2.8289362e+05
   6.0000000e-01  -3.1403928e+05  -2.1858664e+05
   7.0000000e-01  -2.6427719e+05  -1.5010488e+05
   8.0000000e-01  -2.0322483e+05  -7.4379000e+04
   9.0000000e-01  -1.3410022e+05   9.5331465e+03
   1.0000000e+00  -6.4952809e+04   9.6447297e+04
   1.1000000e+00   3.7846729e+02   1.7675148e+05
   1.2000000e+00   6.6001188e+04   2.4183702e+05
   1.3000000e+00   1.3862291e+05   2.8761544e+05
   1.4000000e+00   2.1962655e+05   3.1365150e+05
   1.5000000e+00   3.0274350e+05   3.2039562e+05
   1.6000000e+00   3.7833494e+05   3.0777828e+05
   1.7000000e+00   4.3897731e+05   2.7558234e+05
   1.8000000e+00   4.8193884e+05   2.2416616e+05
   1.9000000e+00   5.0877625e+05   1.5485088e+05
   2.0000000e+00   5.2416159e+05   7.0187836e+04
   2.1000000e+00   5.3436088e+05  -2.6187402e+04
   2.2000000e+00   5.4470494e+05  -1.3058670e+05
   2.3000000e+00   5.5699300e+05  -2.4013712e+05
   2.4000000e+00   5.6921656e+05  -3.5144806e+05
   2.5000000e+00   5.7818238e+05  -4.5736466e+05
   2.6000000e+00   5.8221519e+05  -5.4580031e+05
   2.7000000e+00   5.8065962e+05  -6.0423475e+05
   2.8000000e+00   5.7074694e+05  -6.2737675e+05
   2.9000000e+00   5.4620725e+05  -6.2014219e+05
   3.0000000e+00   5.0071912e+05  -5.9118131e+05
   3.1000000e+00   4.3354303e+05  -5.4233400e+05
   3.2000000e+00   3.5107184e+05  -4.6558531e+05
   3.3000000e+00   2.6145453e+05  -3.5267519e+05
   3.4000000e+00   1.6690405e+05  -2.0869589e+05
   3.5000000e+00   6.1632109e+04  -5.4835406e+04
   3.6000000e+00  -6.1504078e+04   8.4728945e+04
   3.7000000e+00  -2.0085700e+05   2.0016822e+05
   3.8000000e+00  -3.4115059e+05   3.0055662e+05
   3.9000000e+00  -4.5866122e+05   4.0119584e+05
   4.0000000e+00  -5.3342150e+05   5.0669169e+05
   4.1000000e+00  -5.6019044e+05   6.0622888e+05
   4.2000000e+00  -5.5040581e+05   6.8374600e+05
   4.3000000e+00  -5.2324184e+05   7.3071975e+05
   4.4000000e+00  -4.9190656e+05   7.4925738e+05
   4.5000000e+00  -4.5574325e+05   7.4599175e+05
   4.6000000e+00  -4.0479725e+05   7.2634938e+05
   4.7000000e+00  -3.3304028e+05   6.9445400e+05
   4.8000000e+00  -2.4837352e+05   6.5458744e+05
   4.9000000e+00  -1.7017342e+05   6.0921650e+05
   5.0000000e+00  -1.1671034e+05   5.5620188e+05
   5.1000000e+00  -9.4051234e+04   4.9125822e+05
   5.2000000e+00  -9.5787352e+04   4.1471819e+05
   5.3000000e+00  -1.1185370e+05   3.3392691e+05
   5.4000000e+00  -1.3664620e+05   2.5649308e+05
   5.5000000e+00  -1.6955856e+05   1.8157538e+05
   5.6000000e+00  -2.1044586e+05   1.0039684e+05
   5.7000000e+00  -2.5703938e+05   6.6350557e+03
   5.8000000e+00  -3.0646884e+05  -9.4923617e+04
   5.9000000e+00  -3.5635894e+05  -1.9124430e+05
   6.0000000e+00  -4.0202231e+05  -2.7160903e+05
   6.1000000e+00  -4.3357512e+05  -3.3408203e+05
   6.2000000e+00  -4.3938784e+05  -3.8285391e+05
   6.3000000e+00  -4.1494128e+05  -4.2267616e+05
   6.4000000e+00  -3.6770866e+05  -4.5758581e+05
   6.5000000e+00  -3.1108103e+05  -4.9256288e+05
   6.6000000e+00  -2.5213550e+05  -5.3202231e+05
   6.7000000e+00  -1.8544228e+05  -5.7463206e+05
   6.8000000e+00  -9.9266531e+04  -6.1102044e+05
   6.9000000e+00   1.1766970e+04  -6.2886562e+05
   7.0000000e+00   1.3907059e+05  -6.2117869e+05
   7.1000000e+00   2.6364250e+05  -5.8982444e+05
   7.2000000e+00   3.6725347e+05  -5.4203931e+05
   7.3000000e+00   4.4239628e+05  -4.8503831e+05
   7.4000000e+00   4.9383453e+05  -4.2401984e+05
   7.5000000e+00   5.3130738e+05  -3.6322731e+05
   7.6000000e+00   5.5998006e+05  -3.0624191e+05
   7.7000000e+00   5.7688100e+05  -2.5395088e+05
   7.8000000e+00   5.7554662e+05  -2.0253447e+05
   7.9000000e+00   5.5298931e+05  -1.4441555e+05
   8.0000000e+00   5.1204897e+05  -7.2539141e+04
   8.1000000e+00   4.5918081e+05   1.4274776e+04
   8.2000000e+00   4.0299638e+05   1.0832688e+05
   8.3000000e+00   3.5482544e+05   1.9546455e+05
   8.4000000e+00   3.2583606e+05   2.6334316e+05
   8.5000000e+00   3.1800900e+05   3.1079831e+05
   8.6000000e+00   3.1732609e+05   3.5004591e+05
   8.7000000e+00   3.0081572e+05   3.9722956e+05
   8.8000000e+00   2.5571698e+05   4.5739294e+05
   8.9000000e+00   1.9288077e+05   5.1728059e+05
   9.0000000e+00   1.3896884e+05   5.5384444e+05
   9.1000000e+00   1.1326785e+05   5.5147738e+05
   9.2000000e+00   1.1130076e+05   5.1208147e+05
   9.3000000e+00   1.0995088e+05   4.4950606e+05
   9.4000000e+00   8.6711328e+04   3.7594884e+05
   9.5000000e+00   3.4053309e+04   2.9479012e+05
   9.6000000e+00  -4.1018855e+04   2.0496644e+05
   9.7000000e+00  -1.2649412e+05   1.0865320e+05
   9.8000000e+00  -2.1344427e+05   1.2720422e+04
   9.9000000e+00  -2.9857712e+05  -7.5193141e+04
   1.0000000e+01  -3.8306178e+05  -1.4837159e+05
   1.0100000e+01  -4.6934991e+05  -1.9869248e+05
   1.0200000e+01  -5.5671806e+05  -2.1720062e+05
   1.0300000e+01  -6.3822800e+05  -2.0178498e+05
   1.0400000e+01  -7.0265800e+05  -1.6430706e+05
   1.0500000e+01  -7.4076825e+05  -1.2575112e+05
   1.0600000e+01  -7.5027488e+05  -1.0033301e+05
   1.0700000e+01  -7.3499619e+05  -8.3952633e+04
   1.0800000e+01  -6.9988538e+05  -5.9928570e+04
   1.0900000e+01  -6.4731619e+05  -1.7008082e+04
   1.1000000e+01  -5.7726819e+05   3.8122945e+04
   1.1100000e+01  -4.8951544e+05   8.5118461e+04
   1.1200000e+01  -3.8506775e+05   1.0541331e+05
   1.1300000e+01  -2.6632522e+05   9.4559039e+04
   1.1400000e+01  -1.3664594e+05   6.2939203e+04
   1.1500000e+01   4.0265234e+02   2.6950283e+04
   1.1600000e+01   1.4170502e+05  -1.8745898e+03
   1.1700000e+01   2.8399072e+05  -2.2913533e+04
   1.1800000e+01   4.2178244e+05  -4.4158367e+04
   1.1900000e+01   5.4638181e+05  -7.3298258e+04
   1.2000000e+01   6.4870794e+05  -1.0942747e+05
   1.2100000e+01   7.2471525e+05  -1.4301608e+05
   1.2200000e+01   7.7792275e+05  -1.6434605e+05
   1.2300000e+01   8.1528006e+05  -1.7202942e+05
   1.2400000e+01   8.3954744e+05  -1.7324836e+05
   1.2500000e+01   8.4579194e+05  -1.7612083e+05
   1.2600000e+01   8.2582462e+05  -1.8198959e+05
   1.2700000e+01   7.7624694e+05  -1.8409241e+05
   1.2800000e+01   7.0227831e+05  -1.7257680e+05
   1.2900000e+01   6.1439394e+05  -1.4160283e+05
   1.3000000e+01   5.2190481e+05  -9.3994930e+04
   1.3100000e+01   4.2909850e+05  -4.0176832e+04
   1.3200000e+01   3.3526519e+05   8.8308828e+03
   1.3300000e+01   2.3647195e+05   4.9015816e+04
   1.3400000e+01   1.2796884e+05   8.3315148e+04
   1.3500000e+01   7.8243828e+03   1.1209355e+05
   1.3600000e+01  -1.1948198e+05   1.2427743e+05
   1.3700000e+01  -2.4343384e+05   1.0200241e+05
   1.3800000e+01  -3.5335750e+05   3.8072633e+04
   1.3900000e+01  -4.4506066e+05  -5.0863996e+04
   1.4000000e+01  -5.2158347e+05  -1.3131386e+05
   1.4100000e+01  -5.8765350e+05  -1.7586795e+05
   1.4200000e+01  -6.4442944e+05  -1.8067756e+05
   1.4300000e+01  -6.8975044e+05  -1.6155591e+05
   1.4400000e+01  -7.2150881e+05  -1.3461019e+05
   1.4500000e+01  -7.3859481e+05  -1.0129264e+05
   1.4600000e+01  -7.3918431e+05  -5.0372875e+04
   1.4700000e+01  -7.2148188e+05   2.8607424e+04
   1.4800000e+01  -6.8874725e+05   1.3467575e+05
   1.4900000e+01  -6.5258625e+05   2.5539920e+05
   1.5000000e+01  -6.2771656e+05   3.7410400e+05
   1.5100000e+01  -6.2068438e+05   4.7682350e+05
   1.5200000e+01  -6.2344738e+05   5.5524162e+05
   1.5300000e+01  -6.1924888e+05   6.0649181e+05
   1.5400000e+01  -5.9577631e+05   6.3144675e+05
   1.5500000e+01  -5.5312012e+05   6.3186925e+05
   1.5600000e+01  -4.9986494e+05   6.0692512e+05
   1.5700000e+01  -4.4291288e+05   5.5109550e+05
   1.5800000e+01  -3.8175641e+05   4.5582769e+05
   1.5900000e+01  -3.1118684e+05   3.1497312e+05
   1.6000000e+01  -2.2684784e+05   1.3097707e+05
   1.6100000e+01  -1.2676260e+05  -8.2325500e+04
   1.6200000e+01  -9.0582979e+03  -3.0258612e+05
   1.6300000e+01   1.2856341e+05  -5.0620259e+05
   1.6400000e+01   2.8532872e+05  -6.7582362e+05
   1.6500000e+01   4.5443122e+05  -8.0367919e+05
   1.6600000e+01   6.2578156e+05  -8.8895888e+05
   1.6700000e+01   7.9266862e+05  -9.3159100e+05
   1.6800000e+01   9.5488506e+05  -9.2758850e+05
   1.6900000e+01   1.1140921e+06  -8.7020888e+05
   1.7000000e+01   1.2657866e+06  -7.5655844e+05
   1.7100000e+01   1.3962644e+06  -5.9432138e+05
   1.7200000e+01   1.4881159e+06  -4.0245209e+05
   1.7300000e+01   1.5295085e+06  -2.0442373e+05
   1.7400000e+01   1.5192556e+06  -1.9067654e+04
   1.7500000e+01   1.4639581e+06   1.4395123e+05
   1.7600000e+01   1.3707395e+06   2.8163497e+05
   1.7700000e+01   1.2425444e+06   3.9230069e+05
   1.7800000e+01   1.0797265e+06   4.7319059e+05
   1.7900000e+01   8.8489838e+05   5.2235791e+05
   1.8000000e+01   6.6480719e+05   5.4117862e+05
   1.8100000e+01   4.2726509e+05   5.3393588e+05
   1.8200000e+01   1.7828653e+05   5.0498284e+05
   1.8300000e+01  -7.4812562e+04   4.5665303e+05
   1.8400000e+01  -3.1705975e+05   3.8982459e+05
   1.8500000e+01  -5.2636331e+05   3.0645294e+05
   1.8600000e+01  -6.8572200e+05   2.1227903e+05
   1.8700000e+01  -7.9699169e+05   1.1789860e+05
   1.8800000e+01  -8.7975888e+05   3.6364094e+04
   1.8900000e+01  -9.5244969e+05  -2.3068877e+04
   1.9000000e+01  -1.0134815e+06  -6.1448637e+04
   1.9100000e+01  -1.0432989e+06  -9.0310406e+04
   1.9200000e+01  -1.0269135e+06  -1.2252342e+05
   1.9300000e+01  -9.7377625e+05  -1.5996880e+05
   1.9400000e+01  -9.1382550e+05  -1.8967481e+05
   1.9500000e+01  -8.7372906e+05  -1.9385842e+05
   1.9600000e+01  -8.5728762e+05  -1.6579988e+05
   1.9700000e+01  -8.4753150e+05  -1.1648605e+05
   1.9800000e+01  -8.2506962e+05  -6.5077637e+04
   1.9900000e+01  -7.8398638e+05  -2.2262055e+04
   2.0000000e+01  -7.3374231e+05   1.7007527e+04
   2.0100000e+01  -6.9006181e+05   6.4291531e+04
   2.0200000e+01  -6.6386588e+05   1.2176537e+05
   2.0300000e+01  -6.5448800e+05   1.7629138e+05
   2.0400000e+01  -6.4996350e+05   2.0977452e+05
   2.0500000e+01  -6.3488794e+05   2.1555366e+05
   2.0600000e+01  -6.0147788e+05   2.0490662e+05
   2.0700000e+01  -5.5460844e+05   1.9792736e+05
   2.0800000e+01  -5.0502034e+05   2.0760548e+05
   2.0900000e+01  -4.5650753e+05   2.3055289e+05
   2.1000000e+01  -3.9989422e+05   2.5019434e+05
   2.1100000e+01  -3.1956206e+05   2.4790858e+05
   2.1200000e+01  -2.0515414e+05   2.1358944e+05
   2.1300000e+01  -5.7508078e+04   1.4976045e+05
   2.1400000e+01   1.1358314e+05   6.8150469e+04
   2.1500000e+01   2.9418944e+05  -1.8287115e+04
   2.1600000e+01   4.6973516e+05  -1.0233705e+05
   2.1700000e+01   6.2854606e+05  -1.8361928e+05
   2.1800000e+01   7.6597538e+05  -2.6404219e+05
   2.1900000e+01   8.8490806e+05  -3.4320544e+05
   2.2000000e+01   9.8967338e+05  -4.1854309e+05
   2.2100000e+01   1.0782961e+06  -4.8817709e+05
   2.2200000e+01   1.1416931e+06  -5.5045038e+05
   2.2300000e+01   1.1714050e+06  -5.9931044e+05
   2.2400000e+01   1.1679164e+06  -6.2279944e+05
   2.2500000e+01   1.1413151e+06  -6.1063712e+05
   2.2600000e+01   1.1045406e+06  -5.6542981e+05
   2.2700000e+01   1.0659458e+06  -5.0463056e+05
   2.2800000e+01   1.0262476e+06  -4.4849647e+05
   2.2900000e+01   9.7986881e+05  -4.0491662e+05
   2.3000000e+01   9.1858094e+05  -3.6612481e+05
   2.3100000e+01   8.3595975e+05  -3.1935069e+05
   2.3200000e+01   7.3108144e+05  -2.5893928e+05
   2.3300000e+01   6.0946819e+05  -1.8831228e+05
   2.3400000e+01   4.8080059e+05  -1.1339729e+05
   2.3500000e+01   3.5525112e+05  -3.7427793e+04
   2.3600000e+01   2.4035016e+05   3.8231367e+04
   2.3700000e+01   1.3872361e+05   1.1164173e+05
   2.3800000e+01   4.7189441e+04   1.8099614e+05
   2.3900000e+01  -4.0803918e+04   2.4652062e+05
   2.4000000e+01  -1.2900705e+05   3.0923200e+05
   2.4100000e+01  -2.1322123e+05   3.6777416e+05
   2.4200000e+01  -2.8380972e+05   4.1898716e+05
   2.4300000e+01  -3.3592166e+05   4.6322369e+05
   2.4400000e+01  -3.7810909e+05   5.0731478e+05
   2.4500000e+01  -4.2930125e+05   5.5864606e+05
   2.4600000e+01  -5.0476712e+05   6.1461531e+05
   2.4700000e+01  -6.0313125e+05   6.5986400e+05
   2.4800000e+01  -7.0647775e+05   6.7733488e+05
   2.4900000e+01  -7.9390331e+05   6.6380450e+05
   2.5000000e+01  -8.5701775e+05   6.3386006e+05
   2.5100000e+01  -9.0460919e+05   6.0741388e+05
   2.5200000e+01  -9.5329138e+05   5.9311231e+05
   2.5300000e+01  -1.0125681e+06   5.8396650e+05
   2.5400000e+01  -1.0767332e+06   5.6785312e+05
   2.5500000e+01  -1.1295350e+06   5.4009081e+05
   2.5600000e+01  -1.1564201e+06   5.0521084e+05
   2.5700000e+01  -1.1532422e+06   4.6877312e+05
   2.5800000e+01  -1.1247288e+06   4.3056541e+05
   2.5900000e+01  -1.0760429e+06   3.8639000e+05
   2.6000000e+01  -1.0063120e+06   3.3392984e+05
   2.6100000e+01  -9.0922381e+05   2.7406072e+05
   2.6200000e+01  -7.7820338e+05   2.0647603e+05
   2.6300000e+01  -6.1088512e+05   1.2678047e+05
   2.6400000e+01  -4.1099700e+05   3.0289203e+04
   2.6500000e+01  -1.8898722e+05  -8.1535172e+04
   2.6600000e+01   3.8561125e+04  -2.0042911e+05
   2.6700000e+01   2.5290716e+05  -3.1831244e+05
   2.6800000e+01   4.4033647e+05  -4.3425419e+05
   2.6900000e+01   5.9741062e+05  -5.5312850e+05
   2.7000000e+01   7.2902681e+05  -6.7693025e+05
   2.7100000e+01   8.4071831e+05  -7.9793631e+05
   2.7200000e+01   9.3253700e+05  -9.0075156e+05
   2.7300000e+01   9.9956944e+05  -9.7103106e+05
   2.7400000e+01   1.0366159e+06  -1.0031776e+06
   2.7500000e+01   1.0413311e+06  -1.0022534e+06
   2.7600000e+01   1.0143801e+06  -9.8096469e+05
   2.7700000e+01   9.5986475e+05  -9.5406112e+05
   2.7800000e+01   8.8741312e+05  -9.3117956e+05
   2.7900000e+01   8.1197925e+05  -9.1039725e+05
   2.8000000e+01   7.4734906e+05  -8.7792394e+05
   2.8100000e+01   6.9662669e+05  -8.1758469e+05
   2.8200000e+01   6.4899319e+05  -7.2492138e+05
   2.8300000e+01   5.8807650e+05  -6.1365225e+05
   2.8400000e+01   5.0594519e+05  -5.0693678e+05
   2.8500000e+01   4.1011053e+05  -4.2001044e+05
   2.8600000e+01   3.1700666e+05  -3.4975922e+05
   2.8700000e+01   2.3848869e+05  -2.8039234e+05
   2.8800000e+01   1.7423225e+05  -1.9881045e+05
   2.8900000e+01   1.1596407e+05  -1.0476070e+05
   2.9000000e+01   5.7188285e+04  -7.5857539e+03
   2.9100000e+01  -2.1509019e+03   8.4872359e+04
   2.9200000e+01  -5.9242164e+04   1.7338148e+05
   2.9300000e+01  -1.1389845e+05   2.6477259e+05
   2.9400000e+01  -1.6882273e+05   3.6428678e+05
   2.9500000e+01  -2.2503225e+05   4.7082069e+05
   2.9600000e+01  -2.7893944e+05   5.7813444e+05
   2.9700000e+01  -3.2531119e+05   6.7891706e+05
   2.9800000e+01  -3.6304825e+05   7.6750212e+05
   2.9900000e+01  -3.9710862e+05   8.4023294e+05
   3.0000000e+01  -4.3376081e+05   8.9514531e+05
   3.0100000e+01  -4.7333919e+05   9.3235731e+05
   3.0200000e+01  -5.0759934e+05   9.5480544e+05
   3.0300000e+01  -5.2486300e+05   9.6799588e+05
   3.0400000e+01  -5.1903766e+05   9.7789431e+05
   3.0500000e+01  -4.9467519e+05   9.8740025e+05
   3.0600000e+01  -4.6309997e+05   9.9333631e+05
   3.0700000e+01  -4.3221422e+05   9.8649106e+05
   3.0800000e+01  -3.9862278e+05   9.5589325e+05
   3.0900000e+01  -3.4964222e+05   8.9538150e+05
   3.1000000e+01  -2.7454284e+05   8.0789469e+05
   3.1100000e+01  -1.7566959e+05   7.0366569e+05
   3.1200000e+01  -6.9212641e+04   5.9320912e+05
   3.1300000e+01   2.5598152e+04   4.8114556e+05
   3.1400000e+01   9.9023961e+04   3.6693694e+05
   3.1500000e+01   1.5338244e+05   2.5179666e+05
   3.1600000e+01   1.9417586e+05   1.4350364e+05
   3.1700000e+01   2.2026670e+05   5.1784656e+04
   3.1800000e+01   2.2403134e+05  -2.2552021e+04
   3.1900000e+01   2.0058680e+05  -9.2667094e+04
   3.2000000e+01   1.5474839e+05  -1.7728128e+05
   3.2100000e+01   9.7642523e+04  -2.8567919e+05
   3.2200000e+01   3.7638730e+04  -4.1102988e+05
   3.2300000e+01  -2.3385541e+04  -5.3835569e+05
   3.2400000e+01  -8.5130109e+04  -6.5792950e+05
   3.2500000e+01  -1.4333567e+05  -7.7031356e+05
   3.2600000e+01  -1.9169609e+05  -8.7992719e+05
   3.2700000e+01  -2.2823781e+05  -9.8632400e+05
   3.2800000e+01  -2.5635317e+05  -1.0826990e+06
   3.2900000e+01  -2.7789241e+05  -1.1615702e+06
   3.3000000e+01  -2.8747634e+05  -1.2203592e+06
   3.3100000e+01  -2.7685562e+05  -1.2613204e+06
   3.3200000e+01  -2.4482067e+05  -1.2865735e+06
   3.3300000e+01  -1.9941077e+05  -1.2929504e+06
   3.3400000e+01  -1.4799852e+05  -1.2709112e+06
   3.3500000e+01  -8.7138094e+04  -1.2087529e+06
   3.3600000e+01  -6.2995996e+03  -1.0995228e+06
   3.3700000e+01   9.6895258e+04  -9.4554512e+05
   3.3800000e+01   2.0764123e+05  -7.5676381e+05
   3.3900000e+01   3.0309562e+05  -5.4438150e+05
   3.4000000e+01   3.7085875e+05  -3.1584262e+05
   3.4100000e+01   4.1699928e+05  -7.5813406e+04
   3.4200000e+01   4.5578991e+05   1.6879003e+05
   3.4300000e+01   4.9357175e+05   4.0633797e+05
   3.4400000e+01   5.2411503e+05   6.2431450e+05
   3.4500000e+01   5.3833325e+05   8.1556175e+05
   3.4600000e+01   5.3548912e+05   9.7949538e+05
   3.4700000e+01   5.2339341e+05   1.1160154e+06
   3.4800000e+01   5.0866259e+05   1.2184339e+06
   3.4900000e+01   4.8837322e+05   1.2738601e+06
   3.5000000e+01   4.5156353e+05   1.2719494e+06
   3.5100000e+01   3.8853634e+05   1.2136900e+06
   3.5200000e+01   2.9923784e+05   1.1114566e+06
   3.5300000e+01   1.9396875e+05   9.8059056e+05
   3.5400000e+01   8.6519859e+04   8.3107269e+05
   3.5500000e+01  -1.4513372e+04   6.6630456e+05
   3.5600000e+01  -1.0942232e+05   4.8760416e+05
   3.5700000e+01  -2.0313584e+05   2.9832119e+05
   3.5800000e+01  -2.9660969e+05   1.0502569e+05
   3.5900000e+01  -3.8178912e+05  -8.1783625e+04
   3.6000000e+01  -4.4561522e+05  -2.4630273e+05
   3.6100000e+01  -4.8012122e+05  -3.6923166e+05
   3.6200000e+01  -4.8900909e+05  -4.3610069e+05
   3.6300000e+01  -4.8372800e+05  -4.4738547e+05
   3.6400000e+01  -4.7240231e+05  -4.1995762e+05
   3.6500000e+01  -4.5256938e+05  -3.7553147e+05
   3.6600000e+01  -4.1522041e+05  -3.2517341e+05
   3.6700000e+01  -3.5634866e+05  -2.6459606e+05
   3.6800000e+01  -2.8470697e+05  -1.8502578e+05
   3.6900000e+01  -2.1822602e+05  -8.8694938e+04
   3.7000000e+01  -1.7230436e+05   6.6688516e+03
   3.7100000e+01  -1.5021625e+05   7.8647789e+04
   3.7200000e+01  -1.4314795e+05   1.1547680e+05
   3.7300000e+01  -1.3855084e+05   1.2183745e+05
   3.7400000e+01  -1.2911144e+05   1.1144545e+05
   3.7500000e+01  -1.1565910e+05   9.5050602e+04
   3.7600000e+01  -1.0350694e+05   7.4732891e+04
   3.7700000e+01  -9.6737000e+04   4.7447844e+04
   3.7800000e+01  -9.4827273e+04   1.2002740e+04
   3.7900000e+01  -9.2554773e+04  -2.7908566e+04
   3.8000000e+01  -8.1889328e+04  -6.6548805e+04
   3.8100000e+01  -5.5165555e+04  -1.0072362e+05
   3.8200000e+01  -9.2890098e+03  -1.3096470e+05
   3.8300000e+01   5.1082113e+04  -1.5849594e+05
   3.8400000e+01   1.1477024e+05  -1.8199512e+05
   3.8500000e+01   1.7014244e+05  -1.9821530e+05
   3.8600000e+01   2.1123844e+05  -2.0564912e+05
   3.8700000e+01   2.3852061e+05  -2.0633680e+05
   3.8800000e+01   2.5456292e+05  -2.0291000e+05
   3.8900000e+01   2.6035689e+05  -1.9411570e+05
   3.9000000e+01   2.5602845e+05  -1.7474439e+05
   3.9100000e+01   2.4346439e+05  -1.4122642e+05
   3.9200000e+01   2.2635514e+05  -9.7387539e+04
   3.9300000e+01   2.0772938e+05  -5.4080094e+04
   3.9400000e+01   1.8900861e+05  -2.2483660e+04
   3.9500000e+01   1.7210588e+05  -6.8089775e+03
   3.9600000e+01   1.6115017e+05  -2.1024844e+03
   3.9700000e+01   1.6067594e+05   1.8019453e+03
   3.9800000e+01   1.7222372e+05   1.3371316e+04
   3.9900000e+01   1.9360639e+05   3.4076539e+04
   4.0000000e+01   2.2119444e+05   5.8282223e+04
   4.0100000e+01   2.5137094e+05   7.8770969e+04
   4.0200000e+01   2.7912506e+05   9.3691227e+04
   4.0300000e+01   2.9688569e+05   1.0815559e+05
   4.0400000e+01   2.9733959e+05   1.2752834e+05
   4.0500000e+01   2.7861806e+05   1.4786281e+05
   4.0600000e+01   2.4606836e+05   1.5348877e+05
   4.0700000e+01   2.0784102e+05   1.2626248e+05
   4.0800000e+01   1.6832989e+05   5.9934234e+04
   4.0900000e+01   1.2587381e+05  -3.2430916e+04
   4.1000000e+01   7.6453336e+04  -1.2444075e+05
   4.1100000e+01   1.9090488e+04  -1.9124434e+05
   4.1200000e+01  -4.2264168e+04  -2.2245775e+05
   4.1300000e+01  -1.0138759e+05  -2.2500698e+05
   4.1400000e+01  -1.5381155e+05  -2.1554467e+05
   4.1500000e+01  -1.9864719e+05  -2.0860331e+05
   4.1600000e+01  -2.3731484e+05  -2.0827602e+05
   4.1700000e+01  -2.7098162e+05  -2.0802145e+05
   4.1800000e+01  -2.9918822e+05  -1.9748830e+05
   4.1900000e+01  -3.2085166e+05  -1.7065634e+05
   4.2000000e+01  -3.3672988e+05  -1.2937518e+05
   4.2100000e+01  -3.5087766e+05  -8.0662570e+04
   4.2200000e+01  -3.6894653e+05  -3.1074926e+04
   4.2300000e+01  -3.9381016e+05   1.7104670e+04
   4.2400000e+01  -4.2217828e+05   6.5538234e+04
   4.2500000e+01  -4.4616384e+05   1.1631370e+05
   4.2600000e+01  -4.5949012e+05   1.6799172e+05
   4.2700000e+01  -4.6257022e+05   2.1427730e+05
   4.2800000e+01  -4.6055338e+05   2.4711184e+05
   4.2900000e+01  -4.5554203e+05   2.6258891e+05
   4.3000000e+01  -4.4158156e+05   2.6455844e+05
   4.3100000e+01  -4.0920359e+05   2.6171556e+05
   4.3200000e+01  -3.5561156e+05   2.6035448e+05
   4.3300000e+01  -2.8901309e+05   2.6012714e+05
   4.3400000e+01  -2.2121556e+05   2.5693722e+05
   4.3500000e+01  -1.5595591e+05   2.4856059e+05
   4.3600000e+01  -8.5783203e+04   2.3568884e+05
   4.3700000e+01  -8.6800195e+02   2.1802297e+05
   4.3800000e+01   1.0000288e+05   1.9236784e+05
   4.3900000e+01   2.0751702e+05   1.5692352e+05
   4.4000000e+01   3.0948769e+05   1.1668680e+05
   4.4100000e+01   3.9888212e+05   8.2093750e+04
   4.4200000e+01   4.7476194e+05   6.0981066e+04
   4.4300000e+01   5.3755912e+05   5.2190184e+04
   4.4400000e+01   5.8519944e+05   4.7283164e+04
   4.4500000e+01   6.1382638e+05   3.8018469e+04
   4.4600000e+01   6.2140331e+05   2.2364631e+04
   4.4700000e+01   6.1020181e+05   4.9151318e+03
   4.4800000e+01   5.8585225e+05  -7.0284746e+03
   4.4900000e+01   5.5373344e+05  -8.2544609e+03
   4.5000000e+01   5.1569481e+05   1.4984746e+03
   4.5100000e+01   4.7000259e+05   1.8145482e+04
   4.5200000e+01   4.1458519e+05   3.6736789e+04
   4.5300000e+01   3.5034303e+05   5.4565859e+04
   4.5400000e+01   2.8116606e+05   7.0551422e+04
   4.5500000e+01   2.1100280e+05   8.1612562e+04
   4.5600000e+01   1.4167011e+05   8.0860945e+04
   4.5700000e+01   7.3907953e+04   6.0987664e+04
   4.5800000e+01   9.9263379e+03   2.0119631e+04
   4.5900000e+01  -4.6253562e+04  -3.6110195e+04
   4.6000000e+01  -9.1644258e+04  -9.8879391e+04
   4.6100000e+01  -1.2731892e+05  -1.6264222e+05
   4.6200000e+01  -1.5800666e+05  -2.2737514e+05
   4.6300000e+01  -1.8805473e+05  -2.9514044e+05
   4.6400000e+01  -2.1751508e+05  -3.6561791e+05
   4.6500000e+01  -2.4260991e+05  -4.3555962e+05
   4.6600000e+01  -2.6079288e+05  -5.0167022e+05
   4.6700000e+01  -2.7532228e+05  -5.6213150e+05
   4.6800000e+01  -2.9343753e+05  -6.1427712e+05
   4.6900000e+01  -3.1839053e+05  -6.5180644e+05
   4.7000000e+01  -3.4333831e+05  -6.6646619e+05
   4.7100000e+01  -3.5509031e+05  -6.5364450e+05
   4.7200000e+01  -3.4586438e+05  -6.1553069e+05
   4.7300000e+01  -3.2158444e+05  -5.5735288e+05
   4.7400000e+01  -2.9749681e+05  -4.8029200e+05
   4.7500000e+01  -2.8473341e+05  -3.7919056e+05
   4.7600000e+01  -2.8091272e+05  -2.4829683e+05
   4.7700000e+01  -2.7353800e+05  -8.9586156e+04
   4.7800000e+01  -2.5201491e+05   8.4384188e+04
   4.7900000e+01  -2.1659320e+05   2.5545238e+05
   4.8000000e+01  -1.7703925e+05   4.0806431e+05
   4.8100000e+01  -1.4390147e+05   5.3460112e+05
   4.8200000e+01  -1.2059797e+05   6.3515262e+05
   4.8300000e+01  -1.0205581e+05   7.1301006e+05
   4.8400000e+01  -7.9640969e+04   7.6915688e+05
   4.8500000e+01  -4.7955840e+04   7.9928869e+05
   4.8600000e+01  -8.6060439e+03   7.9548612e+05
   4.8700000e+01   3.1505934e+04   7.5154925e+05
   4.8800000e+01   6.5920219e+04   6.6816356e+05
   4.8900000e+01   9.3781250e+04   5.5433481e+05
   4.9000000e+01   1.1992395e+05   4.2471275e+05
   4.9100000e+01   1.4956533e+05   2.9506116e+05
   4.9200000e+01   1.8243159e+05   1.7801066e+05
   4.9300000e+01   2.1213183e+05   7.9975977e+04
   4.9400000e+01   2.3163384e+05   7.1915649e+01
   4.9500000e+01   2.3947338e+05  -6.7819000e+04
   4.9600000e+01   2.4059498e+05  -1.3021706e+05
   4.9700000e+01   2.4142895e+05  -1.8945775e+05
   4.9800000e+01   2.4443644e+05  -2.4252833e+05
   4.9900000e+01   2.4674575e+05  -2.8330438e+05
   5.0000000e+01   2.4248355e+05  -3.0535272e+05
   5.0100000e+01   2.2573581e+05  -3.0352219e+05
   5.0200000e+01   1.9300117e+05  -2.7542653e+05
   5.0300000e+01   1.4575773e+05  -2.2383633e+05
   5.0400000e+01   9.1841086e+04  -1.5778270e+05
   5.0500000e+01   4.2524684e+04  -8.9239695e+04
   5.0600000e+01   5.5929243e+03  -2.6643910e+04
   5.0700000e+01  -1.9656307e+04   2.8707650e+04
   5.0800000e+01  -3.9964152e+04   7.9247547e+04
   5.0900000e+01  -6.0523000e+04   1.2419009e+05
   5.1000000e+01  -8.0424938e+04   1.5688638e+05
   5.1100000e+01  -9.5309531e+04   1.6973433e+05
   5.1200000e+01  -1.0240877e+05   1.6151341e+05
   5.1300000e+01  -1.0102950e+05   1.3949881e+05
   5.1400000e+01  -8.8810500e+04   1.1439145e+05
   5.1500000e+01  -6.0663016e+04   9.2974406e+04
   5.1600000e+01  -1.4024158e+04   7.4402883e+04
   5.1700000e+01   4.4864941e+04   5.1690297e+04
   5.1800000e+01   1.0173364e+05   1.5963449e+04
   5.1900000e+01   1.4301017e+05  -3.9209078e+04
   5.2000000e+01   1.6475738e+05  -1.1435855e+05
   5.2100000e+01   1.7369672e+05  -2.0193034e+05
   5.2200000e+01   1.7987064e+05  -2.8695459e+05
   5.2300000e+01   1.8770795e+05  -3.5245581e+05
   5.2400000e+01   1.9249458e+05  -3.8846378e+05
   5.2500000e+01   1.8385738e+05  -3.9865334e+05
   5.2600000e+01   1.5271006e+05  -3.9756425e+05
   5.2700000e+01   9.7022789e+04  -3.9797044e+05
   5.2800000e+01   2.3874344e+04  -3.9802744e+05
   5.2900000e+01  -5.2631988e+04  -3.8061525e+05
   5.3000000e+01  -1.1722101e+05  -3.2725784e+05
   5.3100000e+01  -1.6155736e+05  -2.3457214e+05
   5.3200000e+01  -1.9026572e+05  -1.1782775e+05
   5.3300000e+01  -2.1891958e+05   1.3010410e+03
   5.3400000e+01  -2.6254334e+05   1.1012627e+05
   5.3500000e+01  -3.2241431e+05   2.0889286e+05
   5.3600000e+01  -3.8326944e+05   3.0175088e+05
   5.3700000e+01  -4.2483756e+05   3.8613981e+05
   5.3800000e+01  -4.3735459e+05   4.5134550e+05
   5.3900000e+01  -4.2623188e+05   4.8593231e+05
   5.4000000e+01  -4.0262512e+05   4.8573094e+05
   5.4100000e+01  -3.7154809e+05   4.5595872e+05
   5.4200000e+01  -3.3020403e+05   4.0751506e+05
   5.4300000e+01  -2.7602256e+05   3.5087756e+05
   5.4400000e+01  -2.1308591e+05   2.9084525e+05
   5.4500000e+01  -1.4945505e+05   2.2502464e+05
   5.4600000e+01  -8.9715570e+04   1.4810314e+05
   5.4700000e+01  -3.1831375e+04   5.9815613e+04
   5.4800000e+01   2.8964918e+04  -3.0508492e+04
   5.4900000e+01   9.4324758e+04  -1.0867596e+05
   5.5000000e+01   1.6042197e+05  -1.6647491e+05
   5.5100000e+01   2.1964394e+05  -2.0800034e+05
   5.5200000e+01   2.6406825e+05  -2.4457973e+05
   5.5300000e+01   2.8933872e+05  -2.8321281e+05
   5.5400000e+01   2.9809619e+05  -3.1995928e+05
   5.5500000e+01   3.0059881e+05  -3.4378003e+05
   5.5600000e+01   3.1000772e+05  -3.4547544e+05
   5.5700000e+01   3.3374044e+05  -3.2276969e+05
   5.5800000e+01   3.6713912e+05  -2.7855078e+05
   5.5900000e+01   3.9555503e+05  -2.1651038e+05
   5.6000000e+01   4.0449119e+05  -1.3948978e+05
   5.6100000e+01   3.9008575e+05  -5.1623695e+04
   5.6200000e+01   3.6111928e+05   3.8720367e+04
   5.6300000e+01   3.3070300e+05   1.1891513e+05
   5.6400000e+01   3.0501609e+05   1.7621477e+05
   5.6500000e+01   2.7921944e+05   2.0362200e+05
   5.6600000e+01   2.4384730e+05   2.0290498e+05
   5.6700000e+01   1.9492689e+05   1.8204977e+05
   5.6800000e+01   1.3793020e+05   1.4932675e+05
   5.6900000e+01   8.2469805e+04   1.0913318e+05
   5.7000000e+01   3.3881688e+04   6.2307945e+04
   5.7100000e+01  -1.0136974e+04   8.6551172e+03
   5.7200000e+01  -5.5800211e+04  -5.1785531e+04
   5.7300000e+01  -1.0705345e+05  -1.1850708e+05
   5.7400000e+01  -1.6239541e+05  -1.8850241e+05
   5.7500000e+01  -2.1635316e+05  -2.5270077e+05
   5.7600000e+01  -2.6375419e+05  -2.9604850e+05
   5.7700000e+01  -3.0365112e+05  -3.0500416e+05
   5.7800000e+01  -3.3983419e+05  -2.7781400e+05
   5.7900000e+01  -3.7659894e+05  -2.2721858e+05
   5.8000000e+01  -4.1244828e+05  -1.7084019e+05
   5.8100000e+01  -4.3775359e+05  -1.1703506e+05
   5.8200000e+01  -4.4016850e+05  -5.9569543e+04
   5.8300000e+01  -4.1424644e+05   1.3886210e+04
   5.8400000e+01  -3.6676741e+05   1.0794701e+05
   5.8500000e+01  -3.1274906e+05   2.1304736e+05
   5.8600000e+01  -2.6550369e+05   3.1060606e+05
   5.8700000e+01  -2.2864272e+05   3.8363331e+05
   5.8800000e+01  -1.9518850e+05   4.2434681e+05
   5.8900000e+01  -1.5348014e+05   4.3536822e+05
   5.9000000e+01  -9.6084844e+04   4.2582766e+05
   5.9100000e+01  -2.6503275e+04   4.0514384e+05
   5.9200000e+01   4.1452188e+04   3.7786212e+05
   5.9300000e+01   9.2825961e+04   3.4318994e+05
   5.9400000e+01   1.2283906e+05   2.9983634e+05
   5.9500000e+01   1.3999848e+05   2.5112170e+05
   5.9600000e+01   1.5734214e+05   2.0397008e+05
   5.9700000e+01   1.8039841e+05   1.6213214e+05
   5.9800000e+01   2.0405433e+05   1.2179234e+05
   5.9900000e+01   2.2028225e+05   7.6095297e+04
   6.0000000e+01   2.2664556e+05   2.4583789e+04
   6.0100000e+01   2.2632084e+05  -2.3360225e+04
   6.0200000e+01   2.2203816e+05  -5.6104578e+04
   6.0300000e+01   2.1322116e+05  -7.1049867e+04
   6.0400000e+01   1.9961977e+05  -7.7683047e+04
   6.0500000e+01   1.8526130e+05  -8.8837719e+04
   6.0600000e+01   1.7638702e+05  -1.0859665e+05
   6.0700000e+01   1.7527356e+05  -1.2852272e+05
   6.0800000e+01   1.7695305e+05  -1.3590606e+05
   6.0900000e+01   1.7221278e+05  -1.2667830e+05
   6.1000000e+01   1.5387833e+05  -1.1138406e+05
   6.1100000e+01   1.2153768e+05  -1.0837428e+05
   6.1200000e+01   8.2138844e+04  -1.2934842e+05
   6.1300000e+01   4.6216871e+04  -1.6950167e+05
   6.1400000e+01   2.1349461e+04  -2.1128398e+05
   6.1500000e+01   6.9257305e+03  -2.3903358e+05
   6.1600000e+01  -5.0473789e+03  -2.5168830e+05
   6.1700000e+01  -2.2899180e+04  -2.6223725e+05
   6.1800000e+01  -4.8277316e+04  -2.8481938e+05
   6.1900000e+01  -7.5899820e+04  -3.2169147e+05
   6.2000000e+01  -9.9555258e+04  -3.6155734e+05
   6.2100000e+01  -1.1727012e+05  -3.8922497e+05
   6.2200000e+01  -1.3072934e+05  -3.9634194e+05
   6.2300000e+01  -1.4154997e+05  -3.8393566e+05
   6.2400000e+01  -1.4982206e+05  -3.5711928e+05
   6.2500000e+01  -1.5566722e+05  -3.1960497e+05
   6.2600000e+01  -1.6009717e+05  -2.7353994e+05
   6.2700000e+01  -1.6353002e+05  -2.2257672e+05
   6.2800000e+01  -1.6492502e+05  -1.7219859e+05
   6.2900000e+01  -1.6391286e+05  -1.2518806e+05
   6.3000000e+01  -1.6306164e+05  -7.6909117e+04
   6.3100000e+01  -1.6573886e+05  -1.6922539e+04
   6.3200000e+01  -1.7060845e+05   6.2161594e+04
   6.3300000e+01  -1.6968898e+05   1.5559248e+05
   6.3400000e+01  -1.5433503e+05   2.4624630e+05
   6.3500000e+01  -1.2414203e+05   3.1539200e+05
   6.3600000e+01  -8.8820719e+04   3.5613781e+05
   6.3700000e+01  -5.9733691e+04   3.7758859e+05
   6.3800000e+01  -3.9451754e+04   3.9572809e+05
   6.3900000e+01  -2.0700566e+04   4.1955203e+05
   6.4000000e+01   4.1338857e+03   4.4508400e+05
   6.4100000e+01   3.4029023e+04   4.6118984e+05
   6.4200000e+01   6.1543750e+04   4.5944269e+05
   6.4300000e+01   8.3493289e+04   4.3852022e+05
   6.4400000e+01   1.0677153e+05   4.0203203e+05
   6.4500000e+01   1.4154155e+05   3.5549569e+05
   6.4600000e+01   1.8934634e+05   3.0561675e+05
   6.4700000e+01   2.3998512e+05   2.5900055e+05
   6.4800000e+01   2.8050375e+05   2.1792852e+05
   6.4900000e+01   3.0568153e+05   1.7707480e+05
   6.5000000e+01   3.1910397e+05   1.2684839e+05
   6.5100000e+01   3.2628050e+05   6.2207754e+04
   6.5200000e+01   3.2960234e+05  -1.1304936e+04
   6.5300000e+01   3.2970653e+05  -8.0490367e+04
   6.5400000e+01   3.2812759e+05  -1.3367714e+05
   6.5500000e+01   3.2561944e+05  -1.6813562e+05
   6.5600000e+01   3.1852944e+05  -1.9055592e+05
   6.5700000e+01   2.9963712e+05  -2.1137388e+05
   6.5800000e+01   2.6405853e+05  -2.3697361e+05
   6.5900000e+01   2.1361862e+05  -2.6442931e+05
   6.6000000e+01   1.5465986e+05  -2.8297591e+05
   6.6100000e+01   9.2304703e+04  -2.8288041e+05
   6.6200000e+01   2.7866926e+04  -2.6535731e+05
   6.6300000e+01  -3.8856871e+04  -2.4347172e+05
   6.6400000e+01  -1.0688009e+05  -2.3101370e+05
   6.6500000e+01  -1.7464050e+05  -2.2936648e+05
   6.6600000e+01  -2.4202344e+05  -2.2634873e+05
   6.6700000e+01  -3.0973869e+05  -2.0896753e+05
   6.6800000e+01  -3.7613938e+05  -1.7661936e+05
   6.6900000e+01  -4.3575200e+05  -1.4082419e+05
   6.7000000e+01  -4.8198853e+05  -1.1293755e+05
   6.7100000e+01  -5.1130550e+05  -9.4123328e+04
   6.7200000e+01  -5.2455531e+05  -7.7515086e+04
   6.7300000e+01  -5.2500144e+05  -5.7682516e+04
   6.7400000e+01  -5.1594772e+05  -3.5540926e+04
   6.7500000e+01  -4.9989516e+05  -1.4433239e+04
   6.7600000e+01  -4.7823188e+05   5.9426045e+03
   6.7700000e+01  -4.5034747e+05   2.9883422e+04
   6.7800000e+01  -4.1334641e+05   6.0397094e+04
   6.7900000e+01  -3.6393400e+05   9.4748305e+04
   6.8000000e+01  -3.0143209e+05   1.2553505e+05
   6.8100000e+01  -2.2911733e+05   1.4583572e+05
   6.8200000e+01  -1.5286244e+05   1.5356214e+05
   6.8300000e+01  -7.8977867e+04   1.5184744e+05
   6.8400000e+01  -1.3211271e+04   1.4616072e+05
   6.8500000e+01   3.9651773e+04   1.4114530e+05
   6.8600000e+01   7.7390141e+04   1.3953141e+05
   6.8700000e+01   1.0294997e+05   1.4296672e+05
   6.8800000e+01   1.2505524e+05   1.5273817e+05
   6.8900000e+01   1.5415278e+05   1.6897397e+05
   6.9000000e+01   1.9519317e+05   1.8918423e+05
   6.9100000e+01   2.4307653e+05   2.0810736e+05
   6.9200000e+01   2.8603603e+05   2.1952561e+05
   6.9300000e+01   3.1562256e+05   2.1893288e+05
   6.9400000e+01   3.3478875e+05   2.0575828e+05
   6.9500000e+01   3.5586375e+05   1.8444094e+05
   6.9600000e+01   3.8941600e+05   1.6324459e+05
   6.9700000e+01   4.3427584e+05   1.4957416e+05
   6.9800000e+01   4.7806822e+05   1.4343086e+05
   6.9900000e+01   5.0712709e+05   1.3477317e+05
   7.0000000e+01   5.1608966e+05   1.0957443e+05
   7.0100000e+01   5.0941634e+05   6.1215656e+04
   7.0200000e+01   4.9567612e+05  -3.3975781e+03
   7.0300000e+01   4.8071803e+05  -6.9974562e+04
   7.0400000e+01   4.6429450e+05  -1.2967436e+05
   7.0500000e+01   4.4097141e+05  -1.8554470e+05
   7.0600000e+01   4.0425853e+05  -2.4636481e+05
   7.0700000e+01   3.5166488e+05  -3.1538181e+05
   7.0800000e+01   2.8687009e+05  -3.8605750e+05
   7.0900000e+01   2.1641491e+05  -4.4792162e+05
   7.1000000e+01   1.4365877e+05  -4.9467244e+05
   7.1100000e+01   6.6703977e+04  -5.2625362e+05
   7.1200000e+01  -1.6815668e+04  -5.4500594e+05
   7.1300000e+01  -1.0359112e+05  -5.5156688e+05
   7.1400000e+01  -1.8503862e+05  -5.4374931e+05
   7.1500000e+01  -2.5446772e+05  -5.1717472e+05
   7.1600000e+01  -3.1263950e+05  -4.6651322e+05
   7.1700000e+01  -3.6491528e+05  -3.8838919e+05
   7.1800000e+01  -4.1326834e+05  -2.8564594e+05
   7.1900000e+01  -4.5252681e+05  -1.6893216e+05
   7.2000000e+01  -4.7510822e+05  -5.2132117e+04
   7.2100000e+01  -4.7892066e+05   5.5701016e+04
   7.2200000e+01  -4.7023941e+05   1.5474627e+05
   7.2300000e+01  -4.5922972e+05   2.5118388e+05
   7.2400000e+01  -4.5267031e+05   3.4965797e+05
   7.2500000e+01  -4.4969766e+05   4.4792812e+05
   7.2600000e+01  -4.4299256e+05   5.3700706e+05
   7.2700000e+01  -4.2417919e+05   6.0553488e+05
   7.2800000e+01  -3.9014547e+05   6.4548906e+05
   7.2900000e+01  -3.4621166e+05   6.5656412e+05
   7.3000000e+01  -3.0326538e+05   6.4662944e+05
   7.3100000e+01  -2.7003247e+05   6.2678525e+05
   7.3200000e+01  -2.4609031e+05   6.0325788e+05
   7.3300000e+01  -2.2146620e+05   5.7222088e+05
   7.3400000e+01  -1.8349588e+05   5.2279016e+05
   7.3500000e+01  -1.2564381e+05   4.4704653e+05
   7.3600000e+01  -5.1775492e+04   3.4915625e+05
   7.3700000e+01   2.6550672e+04   2.4520662e+05
   7.3800000e+01   9.7121758e+04   1.5274559e+05
   7.3900000e+01   1.5366323e+05   7.8426359e+04
   7.4000000e+01   1.9833311e+05   1.4630079e+04
   7.4100000e+01   2.3903098e+05  -5.1985414e+04
   7.4200000e+01   2.8315391e+05  -1.2838865e+05
   7.4300000e+01   3.3161641e+05  -2.1083494e+05
   7.4400000e+01   3.7732709e+05  -2.9066694e+05
   7.4500000e+01   4.0964478e+05  -3.6199500e+05
   7.4600000e+01   4.2176341e+05  -4.2296188e+05
   7.4700000e+01   4.1528438e+05  -4.7188725e+05
   7.4800000e+01   3.9838691e+05  -5.0567266e+05
   7.4900000e+01   3.7946606e+05  -5.2278050e+05
   7.5000000e+01   3.6178134e+05  -5.2522775e+05
   7.5100000e+01   3.4303203e+05  -5.1546209e+05
   7.5200000e+01   3.1885422e+05  -4.9264806e+05
   7.5300000e+01   2.8628059e+05  -4.5511888e+05
   7.5400000e+01   2.4481734e+05  -4.0679803e+05
   7.5500000e+01   1.9608744e+05  -3.5786216e+05
   7.5600000e+01   1.4368272e+05  -3.1617450e+05
   7.5700000e+01   9.2797273e+04  -2.7900016e+05
   7.5800000e+01   4.8126816e+04  -2.3606019e+05
   7.5900000e+01   1.0600767e+04  -1.8138612e+05
   7.6000000e+01  -2.3878586e+04  -1.2010238e+05
   7.6100000e+01  -6.1432852e+04  -6.2480828e+04
   7.6200000e+01  -1.0495559e+05  -1.3303358e+04
   7.6300000e+01  -1.5152091e+05   3.0742076e+04
   7.6400000e+01  -1.9520872e+05   7.4341219e+04
   7.6500000e+01  -2.3278428e+05   1.1750646e+05
   7.6600000e+01  -2.6663919e+05   1.5703144e+05
   7.6700000e+01  -3.0184581e+05   1.9114812e+05
   7.6800000e+01  -3.3982191e+05   2.2014722e+05
   7.6900000e+01  -3.7455275e+05   2.4355736e+05
   7.7000000e+01  -3.9529059e+05   2.6019752e+05
   7.7100000e+01  -3.9395253e+05   2.7250441e+05
   7.7200000e+01  -3.7119181e+05   2.8862822e+05
   7.7300000e+01  -3.3607038e+05   3.1686241e+05
   7.7400000e+01  -2.9948647e+05   3.5642541e+05
   7.7500000e+01  -2.6651938e+05   3.9452903e+05
   7.7600000e+01  -2.3360623e+05   4.1443900e+05
   7.7700000e+01  -1.9263230e+05   4.0827544e+05
   7.7800000e+01  -1.3866239e+05   3.8307766e+05
   7.7900000e+01  -7.5159484e+04   3.5434925e+05
   7.8000000e+01  -1.2317918e+04   3.3259381e+05
   7.8100000e+01   4.0442184e+04   3.1482222e+05
   7.8200000e+01   8.1745484e+04   2.8845988e+05
   7.8300000e+01   1.1900037e+05   2.4344931e+05
   7.8400000e+01   1.6173811e+05   1.8080281e+05
   7.8500000e+01   2.1329484e+05   1.1008791e+05
   7.8600000e+01   2.6810628e+05   3.9897078e+04
   7.8700000e+01   3.1658688e+05  -2.8112211e+04
   7.8800000e+01   3.5250884e+05  -9.6158969e+04
   7.8900000e+01   3.7598769e+05  -1.6311003e+05
   7.9000000e+01   3.9023781e+05  -2.2180547e+05
   7.9100000e+01   3.9661550e+05  -2.6378916e+05
   7.9200000e+01   3.9339500e+05  -2.8619944e+05
   7.9300000e+01   3.7870419e+05  -2.9384238e+05
   7.9400000e+01   3.5323331e+05  -2.9477125e+05
   7.9500000e+01   3.1924491e+05  -2.9379728e+05
   7.9600000e+01   2.7749097e+05  -2.8966125e+05
   7.9700000e+01   2.2636597e+05  -2.7782425e+05
   7.9800000e+01   1.6477586e+05  -2.5596995e+05
   7.9900000e+01   9.5564547e+04  -2.2741492e+05
   8.0000000e+01   2.5586984e+04  -1.9975119e+05
   8.0100000e+01  -3.7826461e+04  -1.7999427e+05
   8.0200000e+01  -9.0771055e+04  -1.7006234e+05
   8.0300000e+01  -1.3399805e+05  -1.6593642e+05
   8.0400000e+01  -1.7114261e+05  -1.6104369e+05
   8.0500000e+01  -2.0557177e+05  -1.5125303e+05
   8.0600000e+01  -2.3762272e+05  -1.3751344e+05
   8.0700000e+01  -2.6358162e+05  -1.2395777e+05
   8.0800000e+01  -2.7737156e+05  -1.1331192e+05
   8.0900000e+01  -2.7470169e+05  -1.0412145e+05
   8.1000000e+01  -2.5722825e+05  -9.2433086e+04
   8.1100000e+01  -2.3309016e+05  -7.5689930e+04
   8.1200000e+01  -2.1222842e+05  -5.4282520e+04
   8.1300000e+01  -1.9945750e+05  -2.9439535e+04
   8.1400000e+01  -1.9124616e+05  -8.9323926e+02
   8.1500000e+01  -1.7973395e+05   3.2199195e+04
   8.1600000e+01  -1.6074433e+05   6.8249797e+04
   8.1700000e+01  -1.3794086e+05   1.0228686e+05
   8.1800000e+01  -1.1864928e+05   1.2855994e+05
   8.1900000e+01  -1.0588386e+05   1.4388909e+05
   8.2000000e+01  -9.5863234e+04   1.4873522e+05
   8.2100000e+01  -8.4205430e+04   1.4629619e+05
   8.2200000e+01  -7.3129695e+04   1.4142741e+05
   8.2300000e+01  -6.9659344e+04   1.3921692e+05
   8.2400000e+01  -7.5329508e+04   1.4196777e+05
   8.2500000e+01  -7.9467383e+04   1.4617509e+05
   8.2600000e+01  -6.5956781e+04   1.4389780e+05
   8.2700000e+01  -2.8422215e+04   1.2993874e+05
   8.2800000e+01   2.1990598e+04   1.0903061e+05
   8.2900000e+01   6.5339016e+04   9.4538516e+04
   8.3000000e+01   8.9857984e+04   9.7338594e+04
   8.3100000e+01   1.0035083e+05   1.1445972e+05
   8.3200000e+01   1.1066280e+05   1.2968332e+05
   8.3300000e+01   1.2931388e+05   1.2788287e+05
   8.3400000e+01   1.5275870e+05   1.1061302e+05
   8.3500000e+01   1.7088142e+05   9.7117367e+04
   8.3600000e+01   1.7674936e+05   1.0759518e+05
   8.3700000e+01   1.7067836e+05   1.4308972e+05
   8.3800000e+01   1.5696734e+05   1.8127958e+05
   8.3900000e+01   1.3920314e+05   1.9355688e+05
   8.4000000e+01   1.1921995e+05   1.6856067e+05
   8.4100000e+01   9.8863289e+04   1.2062896e+05
   8.4200000e+01   8.0635672e+04   7.5704688e+04
   8.4300000e+01   6.5891969e+04   4.8605887e+04
   8.4400000e+01   5.3205363e+04   3.3057312e+04
   8.4500000e+01   3.9733297e+04   1.2253832e+04
   8.4600000e+01   2.4790254e+04  -2.2681328e+04
   8.4700000e+01   1.1698945e+04  -6.5276008e+04
   8.4800000e+01   5.1383369e+03  -1.0296117e+05
   8.4900000e+01   5.9524199e+03  -1.3098805e+05
   8.5000000e+01   8.9073379e+03  -1.5580658e+05
   8.5100000e+01   6.7352798e+03  -1.8581319e+05
   8.5200000e+01  -2.8466089e+03  -2.2094122e+05
   8.5300000e+01  -1.4613889e+04  -2.5210216e+05
   8.5400000e+01  -2.1245602e+04  -2.6969278e+05
   8.5500000e+01  -2.1210191e+04  -2.7173816e+05
   8.5600000e+01  -2.0184020e+04  -2.6486756e+05
   8.5700000e+01  -2.4142279e+04  -2.5928733e+05
   8.5800000e+01  -3.2186164e+04  -2.6255841e+05
   8.5900000e+01  -3.7665727e+04  -2.7519850e+05
   8.6000000e+01  -3.6079906e+04  -2.8939978e+05
   8.6100000e+01  -3.0044715e+04  -2.9231662e+05
   8.6200000e+01  -2.5713094e+04  -2.7365125e+05
   8.6300000e+01  -2.5904375e+04  -2.3268256e+05
   8.6400000e+01  -2.8593711e+04  -1.7822884e+05
   8.6500000e+01  -3.1436545e+04  -1.2080634e+05
   8.6600000e+01  -3.5118090e+04  -6.4318832e+04
   8.6700000e+01  -4.1128219e+04  -5.3566289e+03
   8.6800000e+01  -4.8200461e+04   5.9936316e+04
   8.6900000e+01  -5.3332145e+04   1.2926646e+05
   8.7000000e+01  -5.5886680e+04   1.9456766e+05
   8.7100000e+01  -5.8068738e+04   2.4814045e+05
   8.7200000e+01  -6.0058078e+04   2.8794069e+05
   8.7300000e+01  -5.6295039e+04   3.1746603e+05
   8.7400000e+01  -3.8970840e+04   3.4141906e+05
   8.7500000e+01  -5.8589448e+03   3.6138494e+05
   8.7600000e+01   3.6040121e+04   3.7447541e+05
   8.7700000e+01   7.4947625e+04   3.7507906e+05
   8.7800000e+01   1.0224527e+05   3.5824447e+05
   8.7900000e+01   1.1693780e+05   3.2289041e+05
   8.8000000e+01   1.2433004e+05   2.7318934e+05
   8.8100000e+01   1.3129494e+05   2.1714662e+05
   8.8200000e+01   1.4121334e+05   1.6294703e+05
   8.8300000e+01   1.5093438e+05   1.1530151e+05
   8.8400000e+01   1.5213784e+05   7.4217594e+04
   8.8500000e+01   1.3781598e+05   3.6795605e+04
   8.8600000e+01   1.0963338e+05   3.4873779e+02
   8.8700000e+01   7.8635648e+04  -3.5501160e+04
   8.8800000e+01   5.6430922e+04  -6.8739797e+04
   8.8900000e+01   4.3995312e+04  -9.6265148e+04
   8.9000000e+01   2.9582674e+04  -1.1559926e+05
   8.9100000e+01  -7.9637402e+02  -1.2638558e+05
   8.9200000e+01  -4.9805535e+04  -1.3092768e+05
   8.9300000e+01  -1.0531002e+05  -1.3289461e+05
   8.9400000e+01  -1.5014975e+05  -1.3459525e+05
   8.9500000e+01  -1.7530431e+05  -1.3527317e+05
   8.9600000e+01  -1.8437269e+05  -1.3273138e+05
   8.9700000e+01  -1.8717361e+05  -1.2712012e+05
   8.9800000e+01  -1.9065959e+05  -1.2249775e+05
   8.9900000e+01  -1.9568469e+05  -1.2342186e+05
   9.0000000e+01  -2.0016691e+05  -1.2951933e+05
   9.0100000e+01  -2.0290367e+05  -1.3425666e+05
   9.0200000e+01  -2.0376502e+05  -1.3039981e+05
   9.0300000e+01  -2.0148042e+05  -1.1738845e+05
   9.0400000e+01  -1.9269947e+05  -1.0316893e+05
   9.0500000e+01  -1.7366172e+05  -9.8279797e+04
   9.0600000e+01  -1.4272481e+05  -1.0765402e+05
   9.0700000e+01  -1.0174556e+05  -1.2750530e+05
   9.0800000e+01  -5.5921402e+04  -1.4910716e+05
   9.0900000e+01  -1.2389187e+04  -1.6470111e+05
   9.1000000e+01   2.2507838e+04  -1.7016828e+05
   9.1100000e+01   4.6680707e+04  -1.6413056e+05
   9.1200000e+01   6.3884438e+04  -1.4709378e+05
   9.1300000e+01   8.0728688e+04  -1.2242197e+05
   9.1400000e+01   1.0034709e+05  -9.6442320e+04
   9.1500000e+01   1.1859264e+05  -7.4643820e+04
   9.1600000e+01   1.2769730e+05  -5.6141586e+04
   9.1700000e+01   1.2489611e+05  -3.2813156e+04
   9.1800000e+01   1.1710149e+05   3.7998120e+03
   9.1900000e+01   1.1560835e+05   5.3250234e+04
   9.2000000e+01   1.2530907e+05   1.0413348e+05
   9.2100000e+01   1.3955628e+05   1.4260119e+05
   9.2200000e+01   1.4632497e+05   1.6395572e+05
   9.2300000e+01   1.3924508e+05   1.7590283e+05
   9.2400000e+01   1.2211977e+05   1.8998027e+05
   9.2500000e+01   1.0333680e+05   2.0971573e+05
   9.2600000e+01   8.7698922e+04   2.2744608e+05
   9.2700000e+01   7.4638703e+04   2.3252531e+05
   9.2800000e+01   6.2829859e+04   2.2161430e+05
   9.2900000e+01   5.3728617e+04   2.0014673e+05
   9.3000000e+01   4.9584633e+04   1.7473206e+05
   9.3100000e+01   4.9860328e+04   1.4677844e+05
   9.3200000e+01   5.1992008e+04   1.1539551e+05
   9.3300000e+01   5.5549492e+04   8.5248234e+04
   9.3400000e+01   6.3156047e+04   6.7813203e+04
   9.3500000e+01   7.5573656e+04   7.1946586e+04
   9.3600000e+01   8.7106422e+04   9.3215195e+04
   9.3700000e+01   8.8680555e+04   1.1451212e+05
   9.3800000e+01   7.6819305e+04   1.1887888e+05
   9.3900000e+01   5.8428406e+04   1.0247452e+05
   9.4000000e+01   4.4957586e+04   7.5786539e+04
   9.4100000e+01   4.1552293e+04   5.3407664e+04
   9.4200000e+01   4.2897227e+04   4.3029570e+04
   9.4300000e+01   4.0036484e+04   4.2724609e+04
   9.4400000e+01   3.0081498e+04   4.5977777e+04
   9.4500000e+01   1.7780586e+04   4.7360598e+04
   9.4600000e+01   7.6711582e+03   4.3756996e+04
   9.4700000e+01  -3.4533149e+03   3.2442469e+04
   9.4800000e+01  -2.4385895e+04   1.0485094e+04
   9.4900000e+01  -5.9454438e+04  -2.2797018e+04
   9.5000000e+01  -1.0163146e+05  -6.3157875e+04
   9.5100000e+01  -1.3686698e+05  -1.0220372e+05
   9.5200000e+01  -1.5585970e+05  -1.3167936e+05
   9.5300000e+01  -1.6168142e+05  -1.4775111e+05
   9.5400000e+01  -1.6592159e+05  -1.5225936e+05
   9.5500000e+01  -1.7729791e+05  -1.5100180e+05
   9.5600000e+01  -1.9338316e+05  -1.5064236e+05
   9.5700000e+01  -2.0249002e+05  -1.5514223e+05
   9.5800000e+01  -1.9352711e+05  -1.6274695e+05
   9.5900000e+01  -1.6540672e+05  -1.6619042e+05
   9.6000000e+01  -1.2866627e+05  -1.5796452e+05
   9.6100000e+01  -9.8344414e+04  -1.3742927e+05
   9.6200000e+01  -8.3779273e+04  -1.1273478e+05
   9.6300000e+01  -8.3227289e+04  -9.4497711e+04
   9.6400000e+01  -8.7171578e+04  -8.6980797e+04
   9.6500000e+01  -8.6727742e+04  -8.5559984e+04
   9.6600000e+01  -7.9352719e+04  -8.2099508e+04
   9.6700000e+01  -6.7649867e+04  -7.1191508e+04
   9.6800000e+01  -5.4765613e+04  -5.0933031e+04
   9.6900000e+01  -4.2685801e+04  -2.0410609e+04
   9.7000000e+01  -3.4283141e+04   1.9653508e+04
   9.7100000e+01  -3.3731246e+04   6.2523820e+04
   9.7200000e+01  -4.2008570e+04   9.4445875e+04
   9.7300000e+01  -5.2473078e+04   1.0218748e+05
   9.7400000e+01  -5.4059555e+04   8.3984508e+04
   9.7500000e+01  -4.1143004e+04   5.2801941e+04
   9.7600000e+01  -1.9547496e+04   2.7329262e+04
   9.7700000e+01  -8.5385950e+02   1.8276977e+04
   9.7800000e+01   9.6572148e+03   2.1968551e+04
   9.7900000e+01   1.8278988e+04   2.5686525e+04
   9.8000000e+01   3.5666195e+04   1.8525523e+04
   9.8100000e+01   6.5207195e+04  -1.6473096e+03
   9.8200000e+01   9.8970367e+04  -2.8924879e+04
   9.8300000e+01   1.2405926e+05  -5.4713852e+04
   9.8400000e+01   1.3202270e+05  -7.2853250e+04
   9.8500000e+01   1.2340744e+05  -8.2156211e+04
   9.8600000e+01   1.0600835e+05  -8.6249555e+04
   9.8700000e+01   8.9915156e+04  -9.0747430e+04
   9.8800000e+01   8.2357008e+04  -9.8270703e+04
   9.8900000e+01   8.4461445e+04  -1.0428985e+05
   9.9000000e+01   9.1957992e+04  -9.8414289e+04
   9.9100000e+01   9.9771461e+04  -7.2389742e+04
   9.9200000e+01   1.0634688e+05  -2.8986871e+04
   9.9300000e+01   1.1290270e+05   1.7127957e+04
   9.9400000e+01   1.1848316e+05   4.9024496e+04
   9.9500000e+01   1.1747511e+05   5.9421855e+04
   9.9600000e+01   1.0400350e+05   5.3678980e+04
   9.9700000e+01   7.9047453e+04   4.1881105e+04
   9.9800000e+01   5.1725906e+04   2.9425443e+04
   9.9900000e+01   3.1828141e+04   1.5747294e+04
   1.0000000e+02   2.0535355e+04  -3.9711594e+01
