   1.1851270e+02   3.6301420e+01   1.8450000e+02
   1.1954165e+02   3.6551169e+01   1.3000000e+01
   0.0000000e+00   2.5987080e+05   2.5987080e+05
   1.0000000e-01   2.7785388e+05   1.8220767e+05
   2.0000000e-01   2.2819792e+05   9.0890367e+04
   3.0000000e-01   1.4743762e+05   3.0720047e+04
   4.0000000e-01   8.7511414e+04   1.0071413e+04
   5.0000000e-01   8.0255492e+04   3.4553682e+03
   6.0000000e-01   1.2298482e+05  -1.4525762e+04
   7.0000000e-01   1.8808931e+05  -4.2374617e+04
   8.0000000e-01   2.4224372e+05  -5.9043160e+04
   9.0000000e-01   2.6257838e+05  -5.2651711e+04
   1.0000000e+00   2.4545983e+05  -3.6262848e+04
   1.1000000e+00   2.0607655e+05  -3.4650586e+04
   1.2000000e+00   1.6732809e+05  -5.8975578e+04
   1.3000000e+00   1.4247917e+05  -9.6495562e+04
   1.4000000e+00   1.2401017e+05  -1.2323019e+05
   1.5000000e+00   8.9613281e+04  -1.2427505e+05
   1.6000000e+00   2.2698406e+04  -1.0291668e+05
   1.7000000e+00  -6.9175398e+04  -7.4033945e+04
   1.8000000e+00  -1.5478906e+05  -5.1271285e+04
   1.9000000e+00  -2.0046355e+05  -3.9208520e+04
   2.0000000e+00  -1.9594353e+05  -3.4163105e+04
   2.1000000e+00  -1.6374427e+05  -2.9802498e+04
   2.2000000e+00  -1.4322288e+05  -2.2061572e+04
   2.3000000e+00  -1.6110577e+05  -1.1058298e+04
   2.4000000e+00  -2.1184531e+05  -1.1960444e+03
   2.5000000e+00  -2.6379550e+05  -6.6672327e+02
   2.6000000e+00  -2.8622631e+05  -1.8957328e+04
   2.7000000e+00  -2.7484216e+05  -6.0668141e+04
   2.8000000e+00  -2.5443077e+05  -1.1871983e+05
   2.9000000e+00  -2.5624922e+05  -1.7485619e+05
   3.0000000e+00  -2.8926100e+05  -2.1172855e+05
   3.1000000e+00  -3.3008031e+05  -2.2859830e+05
   3.2000000e+00  -3.4078794e+05  -2.4436091e+05
   3.3000000e+00  -2.9945756e+05  -2.8006678e+05
   3.4000000e+00  -2.1682502e+05  -3.3409191e+05
   3.5000000e+00  -1.2499466e+05  -3.7507575e+05
   3.6000000e+00  -4.9317637e+04  -3.6411216e+05
   3.7000000e+00   1.1124414e+04  -2.8841931e+05
   3.8000000e+00   7.8577945e+04  -1.7400772e+05
   3.9000000e+00   1.7399459e+05  -6.3265812e+04
   4.0000000e+00   2.9688794e+05   2.1535979e+04
   4.1000000e+00   4.2208409e+05   9.2893039e+04
   4.2000000e+00   5.1305006e+05   1.7728608e+05
   4.3000000e+00   5.4231150e+05   2.8178422e+05
   4.4000000e+00   5.0846362e+05   3.8243766e+05
   4.5000000e+00   4.4051338e+05   4.4460419e+05
   4.6000000e+00   3.8344025e+05   4.5318697e+05
   4.7000000e+00   3.6939456e+05   4.2424100e+05
   4.8000000e+00   3.9365584e+05   3.9080525e+05
   4.9000000e+00   4.1715766e+05   3.7876684e+05
   5.0000000e+00   3.9775606e+05   3.9171753e+05
   5.1000000e+00   3.2500653e+05   4.1141706e+05
   5.2000000e+00   2.2674359e+05   4.0957569e+05
   5.3000000e+00   1.4080977e+05   3.6403341e+05
   5.4000000e+00   7.8785562e+04   2.7244509e+05
   5.5000000e+00   1.6518992e+04   1.5574148e+05
   5.6000000e+00  -7.9865750e+04   4.6700895e+04
   5.7000000e+00  -2.1781923e+05  -3.0998131e+04
   5.8000000e+00  -3.6614025e+05  -7.8286320e+04
   5.9000000e+00  -4.7727153e+05  -1.1781168e+05
   6.0000000e+00  -5.2318988e+05  -1.7409984e+05
   6.1000000e+00  -5.1371156e+05  -2.5272039e+05
   6.2000000e+00  -4.8384881e+05  -3.3538050e+05
   6.3000000e+00  -4.6374662e+05  -3.9409525e+05
   6.4000000e+00  -4.5667406e+05  -4.1157950e+05
   6.5000000e+00  -4.4039831e+05  -3.9107119e+05
   6.6000000e+00  -3.8746291e+05  -3.4954281e+05
   6.7000000e+00  -2.8745875e+05  -3.0277412e+05
   6.8000000e+00  -1.5610006e+05  -2.5583041e+05
   6.9000000e+00  -2.6672619e+04  -2.0528484e+05
   7.0000000e+00   6.9384062e+04  -1.4851967e+05
   7.1000000e+00   1.1989072e+05  -9.0559977e+04
   7.2000000e+00   1.3581434e+05  -4.2545094e+04
   7.3000000e+00   1.3890170e+05  -1.3528137e+04
   7.4000000e+00   1.4228747e+05  -2.8320674e+03
   7.5000000e+00   1.3955564e+05  -8.0799805e+01
   7.6000000e+00   1.1150366e+05   6.0101631e+03
   7.7000000e+00   4.4813656e+04   1.7019352e+04
   7.8000000e+00  -5.3852770e+04   2.2323008e+04
   7.9000000e+00  -1.6067647e+05   8.4741943e+03
   8.0000000e+00  -2.5126520e+05  -2.6752842e+04
   8.1000000e+00  -3.1557538e+05  -6.8242883e+04
   8.2000000e+00  -3.5810262e+05  -9.1796602e+04
   8.3000000e+00  -3.8459697e+05  -8.0757281e+04
   8.4000000e+00  -3.8925409e+05  -3.7614328e+04
   8.5000000e+00  -3.5577388e+05   1.8615059e+04
   8.6000000e+00  -2.7249584e+05   6.6642602e+04
   8.7000000e+00  -1.4793236e+05   9.7130648e+04
   8.8000000e+00  -1.1243746e+04   1.1622805e+05
   8.9000000e+00   1.0516848e+05   1.3733717e+05
   9.0000000e+00   1.8754738e+05   1.6931433e+05
   9.1000000e+00   2.4870472e+05   2.1047200e+05
   9.2000000e+00   3.1488547e+05   2.5124608e+05
   9.3000000e+00   4.0236484e+05   2.8149531e+05
   9.4000000e+00   5.0295447e+05   2.9673797e+05
   9.5000000e+00   5.8934194e+05   3.0003675e+05
   9.6000000e+00   6.3457950e+05   2.9878709e+05
   9.7000000e+00   6.2998988e+05   2.9776450e+05
   9.8000000e+00   5.8934994e+05   2.9287081e+05
   9.9000000e+00   5.3867200e+05   2.7183694e+05
   1.0000000e+01   4.9982600e+05   2.2390055e+05
   1.0100000e+01   4.7806606e+05   1.5126392e+05
   1.0200000e+01   4.6043719e+05   7.0559102e+04
   1.0300000e+01   4.2645941e+05   2.7290576e+02
   1.0400000e+01   3.6487422e+05  -5.5568449e+04
   1.0500000e+01   2.8393034e+05  -1.1134751e+05
   1.0600000e+01   2.0510706e+05  -1.8585775e+05
   1.0700000e+01   1.4370456e+05  -2.8219372e+05
   1.0800000e+01   9.3559258e+04  -3.8018650e+05
   1.0900000e+01   3.1621117e+04  -4.4909425e+05
   1.1000000e+01  -6.0343516e+04  -4.6992975e+05
   1.1100000e+01  -1.7721859e+05  -4.4835856e+05
   1.1200000e+01  -2.9323991e+05  -4.0791716e+05
   1.1300000e+01  -3.8372619e+05  -3.7050622e+05
   1.1400000e+01  -4.4587912e+05  -3.4093859e+05
   1.1500000e+01  -5.0016203e+05  -3.0706512e+05
   1.1600000e+01  -5.7121525e+05  -2.5306316e+05
   1.1700000e+01  -6.6414338e+05  -1.7382880e+05
   1.1800000e+01  -7.5540394e+05  -7.9967266e+04
   1.1900000e+01  -8.0644088e+05   8.3111484e+03
   1.2000000e+01  -7.9076219e+05   7.2663125e+04
   1.2100000e+01  -7.1356144e+05   1.0615062e+05
   1.2200000e+01  -6.0734425e+05   1.1612565e+05
   1.2300000e+01  -5.0642562e+05   1.1932646e+05
   1.2400000e+01  -4.2195119e+05   1.3170748e+05
   1.2500000e+01  -3.3882906e+05   1.5897966e+05
   1.2600000e+01  -2.3550842e+05   1.9478528e+05
   1.2700000e+01  -1.0680016e+05   2.2897941e+05
   1.2800000e+01   3.0624828e+04   2.5987600e+05
   1.2900000e+01   1.5205225e+05   2.9866641e+05
   1.3000000e+01   2.4280342e+05   3.5903984e+05
   1.3100000e+01   3.0542969e+05   4.3914356e+05
   1.3200000e+01   3.5350606e+05   5.1386397e+05
   1.3300000e+01   3.9991331e+05   5.4946088e+05
   1.3400000e+01   4.4821866e+05   5.3136825e+05
   1.3500000e+01   4.9118744e+05   4.7944362e+05
   1.3600000e+01   5.1647444e+05   4.3296784e+05
   1.3700000e+01   5.1636247e+05   4.1618294e+05
   1.3800000e+01   4.9497959e+05   4.1589431e+05
   1.3900000e+01   4.6613619e+05   3.9234478e+05
   1.4000000e+01   4.4164594e+05   3.1239438e+05
   1.4100000e+01   4.1976444e+05   1.7357348e+05
   1.4200000e+01   3.8568681e+05  -4.0526221e+02
   1.4300000e+01   3.2582972e+05  -1.8266502e+05
   1.4400000e+01   2.4354039e+05  -3.6007209e+05
   1.4500000e+01   1.6066100e+05  -5.3170862e+05
   1.4600000e+01   1.0175950e+05  -6.9739606e+05
   1.4700000e+01   7.4290648e+04  -8.5068331e+05
   1.4800000e+01   6.2297609e+04  -9.8025675e+05
   1.4900000e+01   3.9320480e+04  -1.0736764e+06
   1.5000000e+01  -1.0456236e+04  -1.1187114e+06
   1.5100000e+01  -8.0063422e+04  -1.1045039e+06
   1.5200000e+01  -1.4552067e+05  -1.0260558e+06
   1.5300000e+01  -1.8404986e+05  -8.8992319e+05
   1.5400000e+01  -1.9064588e+05  -7.1471112e+05
   1.5500000e+01  -1.8128353e+05  -5.2317256e+05
   1.5600000e+01  -1.8113080e+05  -3.3081844e+05
   1.5700000e+01  -2.0653092e+05  -1.4080827e+05
   1.5800000e+01  -2.5358592e+05   4.9408199e+04
   1.5900000e+01  -3.0130497e+05   2.3538514e+05
   1.6000000e+01  -3.2668862e+05   4.0023053e+05
   1.6100000e+01  -3.2051412e+05   5.2420881e+05
   1.6200000e+01  -2.9264809e+05   6.0148588e+05
   1.6300000e+01  -2.6409678e+05   6.4640056e+05
   1.6400000e+01  -2.5252200e+05   6.8071831e+05
   1.6500000e+01  -2.6137436e+05   7.1356719e+05
   1.6600000e+01  -2.7900709e+05   7.3476219e+05
   1.6700000e+01  -2.8735988e+05   7.2847925e+05
   1.6800000e+01  -2.7437088e+05   6.9215306e+05
   1.6900000e+01  -2.4214869e+05   6.3993750e+05
   1.7000000e+01  -2.0499472e+05   5.8745306e+05
   1.7100000e+01  -1.7785709e+05   5.3518062e+05
   1.7200000e+01  -1.6369284e+05   4.6869222e+05
   1.7300000e+01  -1.5080497e+05   3.7465884e+05
   1.7400000e+01  -1.2390837e+05   2.5443503e+05
   1.7500000e+01  -7.9882039e+04   1.2124721e+05
   1.7600000e+01  -3.2861539e+04  -1.3007987e+04
   1.7700000e+01  -1.7247571e+03  -1.4364419e+05
   1.7800000e+01   9.7395107e+03  -2.6491188e+05
   1.7900000e+01   2.0324816e+04  -3.6087434e+05
   1.8000000e+01   5.6708004e+04  -4.1209312e+05
   1.8100000e+01   1.2821581e+05  -4.1502166e+05
   1.8200000e+01   2.1490308e+05  -3.9172772e+05
   1.8300000e+01   2.8192128e+05  -3.7456609e+05
   1.8400000e+01   3.0835269e+05  -3.7814584e+05
   1.8500000e+01   3.0423569e+05  -3.8694509e+05
   1.8600000e+01   3.0024112e+05  -3.7126841e+05
   1.8700000e+01   3.2001497e+05  -3.1453906e+05
   1.8800000e+01   3.6050366e+05  -2.2496308e+05
   1.8900000e+01   3.9663781e+05  -1.2377945e+05
   1.9000000e+01   4.0387156e+05  -2.6653521e+04
   1.9100000e+01   3.7763944e+05   6.2360094e+04
   1.9200000e+01   3.3429959e+05   1.4277623e+05
   1.9300000e+01   2.9549941e+05   2.0978927e+05
   1.9400000e+01   2.7064475e+05   2.5765031e+05
   1.9500000e+01   2.5142928e+05   2.8969881e+05
   1.9600000e+01   2.2153762e+05   3.2108291e+05
   1.9700000e+01   1.7287523e+05   3.6760822e+05
   1.9800000e+01   1.1486863e+05   4.3006572e+05
   1.9900000e+01   6.8673039e+04   4.9017144e+05
   2.0000000e+01   5.0283422e+04   5.2353484e+05
   2.0100000e+01   5.6344316e+04   5.1751300e+05
   2.0200000e+01   6.4920727e+04   4.7663138e+05
   2.0300000e+01   5.1085855e+04   4.1175366e+05
   2.0400000e+01   4.9191641e+03   3.2646366e+05
   2.0500000e+01  -6.1739250e+04   2.1563392e+05
   2.0600000e+01  -1.2384211e+05   7.5942219e+04
   2.0700000e+01  -1.6002538e+05  -8.5247000e+04
   2.0800000e+01  -1.6627602e+05  -2.5249444e+05
   2.0900000e+01  -1.5751595e+05  -4.1171738e+05
   2.1000000e+01  -1.5561720e+05  -5.5484025e+05
   2.1100000e+01  -1.7162108e+05  -6.7601244e+05
   2.1200000e+01  -1.9596348e+05  -7.6706812e+05
   2.1300000e+01  -2.0638186e+05  -8.2014888e+05
   2.1400000e+01  -1.8857514e+05  -8.3493431e+05
   2.1500000e+01  -1.5151725e+05  -8.2026569e+05
   2.1600000e+01  -1.2222453e+05  -7.8528725e+05
   2.1700000e+01  -1.2370683e+05  -7.2824156e+05
   2.1800000e+01  -1.5657600e+05  -6.3678100e+05
   2.1900000e+01  -2.0129955e+05  -5.0344253e+05
   2.2000000e+01  -2.3720667e+05  -3.4235266e+05
   2.2100000e+01  -2.5811264e+05  -1.8742839e+05
   2.2200000e+01  -2.7010619e+05  -6.8400648e+04
   2.2300000e+01  -2.7761878e+05   1.4403398e+04
   2.2400000e+01  -2.7586031e+05   8.9406586e+04
   2.2500000e+01  -2.5803203e+05   1.8388714e+05
   2.2600000e+01  -2.2687270e+05   2.9334778e+05
   2.2700000e+01  -1.9486780e+05   3.8296712e+05
   2.2800000e+01  -1.7167406e+05   4.2193766e+05
   2.2900000e+01  -1.5314789e+05   4.1591222e+05
   2.3000000e+01  -1.2466497e+05   4.0350662e+05
   2.3100000e+01  -7.4942477e+04   4.2026903e+05
   2.3200000e+01  -5.5016558e+03   4.6666775e+05
   2.3300000e+01   7.2543727e+04   5.1014225e+05
   2.3400000e+01   1.4805869e+05   5.1527606e+05
   2.3500000e+01   2.1451731e+05   4.7124925e+05
   2.3600000e+01   2.6711084e+05   3.9466006e+05
   2.3700000e+01   2.9967694e+05   3.1223897e+05
   2.3800000e+01   3.0776325e+05   2.4245458e+05
   2.3900000e+01   2.9453016e+05   1.8882198e+05
   2.4000000e+01   2.7064250e+05   1.4457581e+05
   2.4100000e+01   2.4524294e+05   1.0168462e+05
   2.4200000e+01   2.1628220e+05   5.7768035e+04
   2.4300000e+01   1.7174358e+05   1.7619461e+04
   2.4400000e+01   1.0320113e+05  -1.0357780e+04
   2.4500000e+01   1.9225365e+04  -1.9625760e+04
   2.4600000e+01  -5.6030668e+04  -9.7361738e+03
   2.4700000e+01  -9.9907367e+04   1.1788576e+04
   2.4800000e+01  -1.0862680e+05   3.0772094e+04
   2.4900000e+01  -9.8700141e+04   3.2955973e+04
   2.5000000e+01  -9.1768586e+04   1.4619790e+04
   2.5100000e+01  -9.7715492e+04  -1.1707189e+04
   2.5200000e+01  -1.1029099e+05  -2.6149799e+04
   2.5300000e+01  -1.1576534e+05  -2.0873250e+04
   2.5400000e+01  -1.0428304e+05  -1.0494028e+04
   2.5500000e+01  -7.5066391e+04  -1.9126564e+04
   2.5600000e+01  -3.4844262e+04  -5.4742863e+04
   2.5700000e+01   6.4284170e+03  -9.8143758e+04
   2.5800000e+01   3.9726109e+04  -1.1970694e+05
   2.5900000e+01   6.0408938e+04  -1.0685588e+05
   2.6000000e+01   7.0269766e+04  -7.4100812e+04
   2.6100000e+01   7.6506781e+04  -4.7496250e+04
   2.6200000e+01   8.6872750e+04  -4.1580320e+04
   2.6300000e+01   1.0315534e+05  -5.0663016e+04
   2.6400000e+01   1.1784058e+05  -5.8553164e+04
   2.6500000e+01   1.1834637e+05  -5.4457234e+04
   2.6600000e+01   9.7900727e+04  -4.1934633e+04
   2.6700000e+01   6.4724211e+04  -3.6448246e+04
   2.6800000e+01   3.9354668e+04  -5.4614590e+04
   2.6900000e+01   3.9065227e+04  -1.0232116e+05
   2.7000000e+01   6.2119891e+04  -1.6997564e+05
   2.7100000e+01   8.8046562e+04  -2.3867486e+05
   2.7200000e+01   9.6113828e+04  -2.9185481e+05
   2.7300000e+01   8.5268438e+04  -3.2218531e+05
   2.7400000e+01   7.5682773e+04  -3.2976031e+05
   2.7500000e+01   8.9816852e+04  -3.1748366e+05
   2.7600000e+01   1.3128789e+05  -2.9003850e+05
   2.7700000e+01   1.8125016e+05  -2.5458834e+05
   2.7800000e+01   2.1384420e+05  -2.1806850e+05
   2.7900000e+01   2.1478488e+05  -1.8300480e+05
   2.8000000e+01   1.8749764e+05  -1.4902759e+05
   2.8100000e+01   1.4553380e+05  -1.1989591e+05
   2.8200000e+01   1.0118598e+05  -1.0550681e+05
   2.8300000e+01   5.9039500e+04  -1.1241781e+05
   2.8400000e+01   1.5879680e+04  -1.3238841e+05
   2.8500000e+01  -3.5348766e+04  -1.4426889e+05
   2.8600000e+01  -9.9394570e+04  -1.2970341e+05
   2.8700000e+01  -1.7303516e+05  -8.5869617e+04
   2.8800000e+01  -2.4478023e+05  -2.1902750e+04
   2.8900000e+01  -3.0253038e+05   5.4631789e+04
   2.9000000e+01  -3.4375862e+05   1.4457717e+05
   2.9100000e+01  -3.7774584e+05   2.5142175e+05
   2.9200000e+01  -4.1557331e+05   3.7225812e+05
   2.9300000e+01  -4.5632947e+05   4.9548825e+05
   2.9400000e+01  -4.8342194e+05   6.0508569e+05
   2.9500000e+01  -4.7613216e+05   6.8619194e+05
   2.9600000e+01  -4.2703619e+05   7.3004556e+05
   2.9700000e+01  -3.4994369e+05   7.3743894e+05
   2.9800000e+01  -2.7088034e+05   7.1661788e+05
   2.9900000e+01  -2.0887702e+05   6.7383056e+05
   3.0000000e+01  -1.6200053e+05   6.0488756e+05
   3.0100000e+01  -1.1036822e+05   4.9939816e+05
   3.0200000e+01  -3.4360875e+04   3.5578741e+05
   3.0300000e+01   6.6745773e+04   1.8988694e+05
   3.0400000e+01   1.7157730e+05   2.5356896e+04
   3.0500000e+01   2.5165425e+05  -1.2349658e+05
   3.0600000e+01   2.9149350e+05  -2.5588122e+05
   3.0700000e+01   2.9722844e+05  -3.7180578e+05
   3.0800000e+01   2.8886675e+05  -4.6038319e+05
   3.0900000e+01   2.8543803e+05  -5.0473694e+05
   3.1000000e+01   2.9518572e+05  -4.9682859e+05
   3.1100000e+01   3.1491784e+05  -4.4398534e+05
   3.1200000e+01   3.3479331e+05  -3.6204831e+05
   3.1300000e+01   3.4419731e+05  -2.6704188e+05
   3.1400000e+01   3.3725178e+05  -1.7452520e+05
   3.1500000e+01   3.1675541e+05  -1.0052928e+05
   3.1600000e+01   2.9354222e+05  -5.5160055e+04
   3.1700000e+01   2.7958891e+05  -3.3942379e+04
   3.1800000e+01   2.7871841e+05  -2.0480398e+04
   3.1900000e+01   2.8274850e+05  -1.9821631e+03
   3.2000000e+01   2.7757806e+05   1.8031455e+04
   3.2100000e+01   2.5462927e+05   2.3843875e+04
   3.2200000e+01   2.1701462e+05   3.2824526e+03
   3.2300000e+01   1.7412355e+05  -4.2265352e+04
   3.2400000e+01   1.3007920e+05  -1.0193744e+05
   3.2500000e+01   7.8704062e+04  -1.6544831e+05
   3.2600000e+01   1.1350521e+04  -2.2729889e+05
   3.2700000e+01  -7.0323992e+04  -2.8338191e+05
   3.2800000e+01  -1.5120864e+05  -3.2676453e+05
   3.2900000e+01  -2.1442248e+05  -3.4791388e+05
   3.3000000e+01  -2.5711175e+05  -3.3901578e+05
   3.3100000e+01  -2.9439875e+05  -2.9957078e+05
   3.3200000e+01  -3.4652116e+05  -2.4006658e+05
   3.3300000e+01  -4.1982012e+05  -1.7983856e+05
   3.3400000e+01  -4.9757906e+05  -1.3755008e+05
   3.3500000e+01  -5.4854381e+05  -1.1997343e+05
   3.3600000e+01  -5.4752988e+05  -1.1930498e+05
   3.3700000e+01  -4.9353472e+05  -1.2253473e+05
   3.3800000e+01  -4.1155934e+05  -1.2364865e+05
   3.3900000e+01  -3.3534850e+05  -1.2614610e+05
   3.4000000e+01  -2.8352866e+05  -1.3454733e+05
   3.4100000e+01  -2.4867370e+05  -1.4557112e+05
   3.4200000e+01  -2.0851753e+05  -1.4789936e+05
   3.4300000e+01  -1.4822075e+05  -1.2809476e+05
   3.4400000e+01  -7.2722758e+04  -7.5324977e+04
   3.4500000e+01   1.9068359e+02   1.6326475e+04
   3.4600000e+01   5.5581621e+04   1.4417639e+05
   3.4700000e+01   8.9550875e+04   2.9307512e+05
   3.4800000e+01   1.0610683e+05   4.3868794e+05
   3.4900000e+01   1.1150590e+05   5.5988488e+05
   3.5000000e+01   1.1272454e+05   6.4996581e+05
   3.5100000e+01   1.1689506e+05   7.1477338e+05
   3.5200000e+01   1.2722398e+05   7.5952938e+05
   3.5300000e+01   1.3920647e+05   7.7892312e+05
   3.5400000e+01   1.4444569e+05   7.6043188e+05
   3.5500000e+01   1.4067186e+05   6.9535500e+05
   3.5600000e+01   1.3681647e+05   5.8518800e+05
   3.5700000e+01   1.4551450e+05   4.3925334e+05
   3.5800000e+01   1.6961331e+05   2.6982041e+05
   3.5900000e+01   1.9751238e+05   9.0603266e+04
   3.6000000e+01   2.1411228e+05  -8.2649430e+04
   3.6100000e+01   2.1761884e+05  -2.3348212e+05
   3.6200000e+01   2.2455519e+05  -3.4833850e+05
   3.6300000e+01   2.5509888e+05  -4.1983209e+05
   3.6400000e+01   3.1041138e+05  -4.4812169e+05
   3.6500000e+01   3.6433109e+05  -4.4024962e+05
   3.6600000e+01   3.8091147e+05  -4.0703534e+05
   3.6700000e+01   3.4434138e+05  -3.5808000e+05
   3.6800000e+01   2.7322922e+05  -2.9816759e+05
   3.6900000e+01   2.0452072e+05  -2.2811686e+05
   3.7000000e+01   1.6222780e+05  -1.4826855e+05
   3.7100000e+01   1.4121006e+05  -5.9862695e+04
   3.7200000e+01   1.1951131e+05   3.6152523e+04
   3.7300000e+01   8.2732203e+04   1.3788178e+05
   3.7400000e+01   3.4086340e+04   2.3687597e+05
   3.7500000e+01  -1.6622443e+04   3.1516472e+05
   3.7600000e+01  -6.7723461e+04   3.5305831e+05
   3.7700000e+01  -1.2578555e+05   3.4405519e+05
   3.7800000e+01  -1.9306594e+05   3.0202028e+05
   3.7900000e+01  -2.5944698e+05   2.5102602e+05
   3.8000000e+01  -3.0907203e+05   2.0616080e+05
   3.8100000e+01  -3.3374716e+05   1.6374855e+05
   3.8200000e+01  -3.3821188e+05   1.0964473e+05
   3.8300000e+01  -3.3299491e+05   3.5493449e+04
   3.8400000e+01  -3.2422634e+05  -5.4105688e+04
   3.8500000e+01  -3.1084575e+05  -1.4910733e+05
   3.8600000e+01  -2.8926003e+05  -2.4574569e+05
   3.8700000e+01  -2.5757409e+05  -3.4877459e+05
   3.8800000e+01  -2.1481059e+05  -4.6223003e+05
   3.8900000e+01  -1.5916473e+05  -5.7963900e+05
   3.9000000e+01  -9.1220961e+04  -6.8492012e+05
   3.9100000e+01  -2.0303875e+04  -7.6335144e+05
   3.9200000e+01   3.5202289e+04  -8.1122831e+05
   3.9300000e+01   5.8791863e+04  -8.3454431e+05
   3.9400000e+01   5.0441809e+04  -8.3876269e+05
   3.9500000e+01   3.0028416e+04  -8.2045900e+05
   3.9600000e+01   2.3209312e+04  -7.6857500e+05
   3.9700000e+01   4.0754070e+04  -6.7291375e+05
   3.9800000e+01   7.0370750e+04  -5.3178456e+05
   3.9900000e+01   8.9115180e+04  -3.5386231e+05
   4.0000000e+01   8.4598875e+04  -1.5542716e+05
   4.0100000e+01   6.4647715e+04   4.4050777e+04
   4.0200000e+01   4.6971766e+04   2.2710970e+05
   4.0300000e+01   4.0836199e+04   3.8409006e+05
   4.0400000e+01   4.0458879e+04   5.1690075e+05
   4.0500000e+01   3.6517438e+04   6.3652919e+05
   4.0600000e+01   3.1691631e+04   7.5315400e+05
   4.0700000e+01   4.0924008e+04   8.6415000e+05
   4.0800000e+01   7.3729797e+04   9.4946462e+05
   4.0900000e+01   1.1703966e+05   9.8074606e+05
   4.1000000e+01   1.3914130e+05   9.4030062e+05
   4.1100000e+01   1.1452368e+05   8.3577112e+05
   4.1200000e+01   4.7110926e+04   6.9694950e+05
   4.1300000e+01  -3.0645854e+04   5.5546769e+05
   4.1400000e+01  -8.2499695e+04   4.2466891e+05
   4.1500000e+01  -9.4327758e+04   2.9806425e+05
   4.1600000e+01  -7.9127109e+04   1.6672708e+05
   4.1700000e+01  -6.0407453e+04   3.6614422e+04
   4.1800000e+01  -5.2746535e+04  -7.2501961e+04
   4.1900000e+01  -5.6728352e+04  -1.4438167e+05
   4.2000000e+01  -6.7278742e+04  -1.8041539e+05
   4.2100000e+01  -8.1036898e+04  -1.9581748e+05
   4.2200000e+01  -9.3988086e+04  -2.0376044e+05
   4.2300000e+01  -9.6185867e+04  -2.0550478e+05
   4.2400000e+01  -7.5292883e+04  -1.9557936e+05
   4.2500000e+01  -2.8294674e+04  -1.7313053e+05
   4.2600000e+01   3.2434566e+04  -1.4502627e+05
   4.2700000e+01   8.7966844e+04  -1.1817969e+05
   4.2800000e+01   1.2801051e+05  -9.1974156e+04
   4.2900000e+01   1.5581723e+05  -6.0361973e+04
   4.3000000e+01   1.7883669e+05  -2.0235166e+04
   4.3100000e+01   1.9826373e+05   2.4723883e+04
   4.3200000e+01   2.1003997e+05   6.8352484e+04
   4.3300000e+01   2.1341336e+05   1.0699812e+05
   4.3400000e+01   2.1354569e+05   1.3792722e+05
   4.3500000e+01   2.1410091e+05   1.5462309e+05
   4.3600000e+01   2.1016878e+05   1.4798958e+05
   4.3700000e+01   1.9157286e+05   1.1441287e+05
   4.3800000e+01   1.5301277e+05   6.1018852e+04
   4.3900000e+01   9.9318594e+04   5.6387695e+02
   4.4000000e+01   4.1067332e+04  -5.8986633e+04
   4.4100000e+01  -1.2814626e+04  -1.1874969e+05
   4.4200000e+01  -5.7591598e+04  -1.8354509e+05
   4.4300000e+01  -9.0743523e+04  -2.5437872e+05
   4.4400000e+01  -1.1118730e+05  -3.2664881e+05
   4.4500000e+01  -1.2168862e+05  -3.9340134e+05
   4.4600000e+01  -1.3017168e+05  -4.4812853e+05
   4.4700000e+01  -1.4562475e+05  -4.8502069e+05
   4.4800000e+01  -1.7053866e+05  -4.9874425e+05
   4.4900000e+01  -1.9684334e+05  -4.8501488e+05
   4.5000000e+01  -2.1048697e+05  -4.4136338e+05
   4.5100000e+01  -2.0258241e+05  -3.6874469e+05
   4.5200000e+01  -1.7861227e+05  -2.7514497e+05
   4.5300000e+01  -1.5714834e+05  -1.7792927e+05
   4.5400000e+01  -1.5702512e+05  -9.8336031e+04
   4.5500000e+01  -1.8206092e+05  -4.7982328e+04
   4.5600000e+01  -2.1652978e+05  -1.8868703e+04
   4.5700000e+01  -2.3691805e+05   1.0736854e+04
   4.5800000e+01  -2.3077691e+05   5.7348996e+04
   4.5900000e+01  -2.0555366e+05   1.1811300e+05
   4.6000000e+01  -1.7896767e+05   1.7525708e+05
   4.6100000e+01  -1.6080078e+05   2.1324886e+05
   4.6200000e+01  -1.4478528e+05   2.3027603e+05
   4.6300000e+01  -1.1811112e+05   2.3431848e+05
   4.6400000e+01  -7.6785203e+04   2.3202683e+05
   4.6500000e+01  -2.9439516e+04   2.2435647e+05
   4.6600000e+01   1.3659127e+04   2.1175431e+05
   4.6700000e+01   5.2697250e+04   1.9936778e+05
   4.6800000e+01   9.7505891e+04   1.9412548e+05
   4.6900000e+01   1.5520698e+05   1.9712888e+05
   4.7000000e+01   2.2016045e+05   2.0132445e+05
   4.7100000e+01   2.7667212e+05   1.9822878e+05
   4.7200000e+01   3.1142225e+05   1.8661225e+05
   4.7300000e+01   3.2372912e+05   1.7349814e+05
   4.7400000e+01   3.2472403e+05   1.6639111e+05
   4.7500000e+01   3.2663212e+05   1.6549200e+05
   4.7600000e+01   3.3162672e+05   1.6468459e+05
   4.7700000e+01   3.3001712e+05   1.6009147e+05
   4.7800000e+01   3.0941597e+05   1.5594967e+05
   4.7900000e+01   2.6637012e+05   1.5989573e+05
   4.8000000e+01   2.0943973e+05   1.7171084e+05
   4.8100000e+01   1.5144675e+05   1.7817645e+05
   4.8200000e+01   9.9781609e+04   1.6157333e+05
   4.8300000e+01   5.4499156e+04   1.1491036e+05
   4.8400000e+01   1.3712006e+04   4.8701770e+04
   4.8500000e+01  -2.2363768e+04  -1.8247719e+04
   4.8600000e+01  -5.3371617e+04  -7.5481758e+04
   4.8700000e+01  -8.1784789e+04  -1.2878941e+05
   4.8800000e+01  -1.1042677e+05  -1.9207475e+05
   4.8900000e+01  -1.3677789e+05  -2.7176088e+05
   4.9000000e+01  -1.5253231e+05  -3.5879388e+05
   4.9100000e+01  -1.5109453e+05  -4.3471978e+05
   4.9200000e+01  -1.3489455e+05  -4.8446984e+05
   4.9300000e+01  -1.1308157e+05  -5.0349141e+05
   4.9400000e+01  -9.1291773e+04  -4.9451003e+05
   4.9500000e+01  -6.5751828e+04  -4.6030169e+05
   4.9600000e+01  -3.0440691e+04  -4.0160175e+05
   4.9700000e+01   9.1546582e+03  -3.2153625e+05
   4.9800000e+01   3.2227434e+04  -2.2922922e+05
   4.9900000e+01   1.7322479e+04  -1.3594984e+05
   5.0000000e+01  -3.5821484e+04  -4.6812320e+04
   5.0100000e+01  -9.9423320e+04   4.2041695e+04
   5.0200000e+01  -1.3604547e+05   1.3597262e+05
   5.0300000e+01  -1.2779217e+05   2.3144672e+05
   5.0400000e+01  -8.9906023e+04   3.1468616e+05
   5.0500000e+01  -5.6558598e+04   3.7179953e+05
   5.0600000e+01  -5.2810160e+04   3.9967097e+05
   5.0700000e+01  -7.7927914e+04   4.0585597e+05
   5.0800000e+01  -1.1156283e+05   3.9845481e+05
   5.0900000e+01  -1.3237116e+05   3.7836866e+05
   5.1000000e+01  -1.3114939e+05   3.4284100e+05
   5.1100000e+01  -1.1113747e+05   2.9516553e+05
   5.1200000e+01  -8.1435844e+04   2.4780605e+05
   5.1300000e+01  -5.1739406e+04   2.1388342e+05
   5.1400000e+01  -2.9949145e+04   1.9569925e+05
   5.1500000e+01  -1.9786172e+04   1.8282633e+05
   5.1600000e+01  -1.8118148e+04   1.6229372e+05
   5.1700000e+01  -1.5715056e+04   1.3098223e+05
   5.1800000e+01  -3.6639006e+03   9.8551484e+04
   5.1900000e+01   1.8515434e+04   7.8777312e+04
   5.2000000e+01   4.0648629e+04   7.7595734e+04
   5.2100000e+01   4.9139793e+04   8.7906789e+04
   5.2200000e+01   3.8446648e+04   9.4376156e+04
   5.2300000e+01   1.6577928e+04   8.3334844e+04
   5.2400000e+01  -1.1093369e+03   4.9934098e+04
   5.2500000e+01  -4.8572363e+03  -1.8608804e+03
   5.2600000e+01   1.5787393e+03  -6.4565430e+04
   5.2700000e+01   5.6500879e+03  -1.3197512e+05
   5.2800000e+01  -8.7170361e+02  -1.9956895e+05
   5.2900000e+01  -1.2929582e+04  -2.6243603e+05
   5.3000000e+01  -1.6382852e+04  -3.1581059e+05
   5.3100000e+01  -2.0289604e+03  -3.5934084e+05
   5.3200000e+01   2.3568037e+04  -3.9949059e+05
   5.3300000e+01   4.1195512e+04  -4.4438831e+05
   5.3400000e+01   3.4386957e+04  -4.9414766e+05
   5.3500000e+01   4.0525791e+03  -5.3710169e+05
   5.3600000e+01  -3.0568084e+04  -5.5781062e+05
   5.3700000e+01  -4.5856398e+04  -5.4965362e+05
   5.3800000e+01  -3.1177139e+04  -5.1872278e+05
   5.3900000e+01   4.1595347e+03  -4.7500631e+05
   5.4000000e+01   3.8584273e+04  -4.2122697e+05
   5.4100000e+01   5.3044922e+04  -3.5199447e+05
   5.4200000e+01   4.1934184e+04  -2.6320391e+05
   5.4300000e+01   1.5067381e+04  -1.5932819e+05
   5.4400000e+01  -7.6707485e+03  -4.9453332e+04
   5.4500000e+01  -5.9545596e+03   6.2393668e+04
   5.4600000e+01   2.9460248e+04   1.7926578e+05
   5.4700000e+01   8.8440773e+04   3.0159312e+05
   5.4800000e+01   1.4456636e+05   4.1713888e+05
   5.4900000e+01   1.7210597e+05   5.0439625e+05
   5.5000000e+01   1.6552670e+05   5.4853862e+05
   5.5100000e+01   1.4328438e+05   5.5408369e+05
   5.5200000e+01   1.3018390e+05   5.4092431e+05
   5.5300000e+01   1.3464517e+05   5.2772331e+05
   5.5400000e+01   1.4383600e+05   5.1907912e+05
   5.5500000e+01   1.4087762e+05   5.0709509e+05
   5.5600000e+01   1.2425533e+05   4.8218884e+05
   5.5700000e+01   1.0787837e+05   4.4048900e+05
   5.5800000e+01   1.0282001e+05   3.8259669e+05
   5.5900000e+01   1.0225373e+05   3.0965881e+05
   5.6000000e+01   8.6599547e+04   2.2394917e+05
   5.6100000e+01   4.3130676e+04   1.3262114e+05
   5.6200000e+01  -2.0514961e+04   4.7217074e+04
   5.6300000e+01  -8.1672211e+04  -2.3680928e+04
   5.6400000e+01  -1.2017600e+05  -8.1415984e+04
   5.6500000e+01  -1.3135608e+05  -1.3471162e+05
   5.6600000e+01  -1.2491560e+05  -1.8861812e+05
   5.6700000e+01  -1.1420966e+05  -2.3690928e+05
   5.6800000e+01  -1.0706633e+05  -2.6762525e+05
   5.6900000e+01  -1.0443472e+05  -2.7675462e+05
   5.7000000e+01  -1.0434262e+05  -2.7459222e+05
   5.7100000e+01  -1.0517001e+05  -2.7651238e+05
   5.7200000e+01  -1.0582015e+05  -2.8756897e+05
   5.7300000e+01  -1.0520443e+05  -2.9793825e+05
   5.7400000e+01  -1.0365685e+05  -2.9433100e+05
   5.7500000e+01  -1.0487288e+05  -2.7469156e+05
   5.7600000e+01  -1.1438786e+05  -2.5019725e+05
   5.7700000e+01  -1.3357655e+05  -2.3301142e+05
   5.7800000e+01  -1.5423269e+05  -2.2357878e+05
   5.7900000e+01  -1.6095905e+05  -2.1085894e+05
   5.8000000e+01  -1.4249822e+05  -1.8445466e+05
   5.8100000e+01  -1.0303388e+05  -1.4528984e+05
   5.8200000e+01  -6.1286184e+04  -1.0377802e+05
   5.8300000e+01  -3.5413434e+04  -6.8023516e+04
   5.8400000e+01  -2.7227520e+04  -3.5061305e+04
   5.8500000e+01  -2.2347250e+04   5.5415391e+03
   5.8600000e+01  -6.7246172e+03   6.0458520e+04
   5.8700000e+01   1.9084988e+04   1.2724684e+05
   5.8800000e+01   4.4689352e+04   2.0073409e+05
   5.8900000e+01   6.7121383e+04   2.8107047e+05
   5.9000000e+01   9.7135578e+04   3.6958338e+05
   5.9100000e+01   1.4374550e+05   4.5461553e+05
   5.9200000e+01   1.9492405e+05   5.0673806e+05
   5.9300000e+01   2.2071786e+05   4.9656956e+05
   5.9400000e+01   1.9995358e+05   4.2181441e+05
   5.9500000e+01   1.4260841e+05   3.1465203e+05
   5.9600000e+01   8.2765180e+04   2.1835947e+05
   5.9700000e+01   4.9104184e+04   1.5500144e+05
   5.9800000e+01   4.3301762e+04   1.1563655e+05
   5.9900000e+01   4.5751223e+04   7.9246953e+04
   6.0000000e+01   3.8282016e+04   3.6566594e+04
   6.0100000e+01   1.9273602e+04  -5.8338770e+03
   6.0200000e+01  -4.4201123e+02  -4.0138367e+04
   6.0300000e+01  -1.1436034e+04  -6.9679992e+04
   6.0400000e+01  -1.3558975e+04  -1.0503208e+05
   6.0500000e+01  -1.2473812e+04  -1.5045595e+05
   6.0600000e+01  -1.1647302e+04  -1.9696150e+05
   6.0700000e+01  -8.7382266e+03  -2.2910230e+05
   6.0800000e+01   1.2634523e+03  -2.3809975e+05
   6.0900000e+01   2.0505945e+04  -2.2884464e+05
   6.1000000e+01   4.5663582e+04  -2.1504325e+05
   6.1100000e+01   6.9693344e+04  -2.0752322e+05
   6.1200000e+01   8.5670391e+04  -2.0646800e+05
   6.1300000e+01   9.0032023e+04  -2.0444055e+05
   6.1400000e+01   8.4150531e+04  -1.9644398e+05
   6.1500000e+01   7.3677695e+04  -1.8600572e+05
   6.1600000e+01   6.4835816e+04  -1.8072559e+05
   6.1700000e+01   5.8688840e+04  -1.8285902e+05
   6.1800000e+01   4.8000949e+04  -1.8629448e+05
   6.1900000e+01   2.1307836e+04  -1.8336378e+05
   6.2000000e+01  -2.7400223e+04  -1.7278641e+05
   6.2100000e+01  -9.1611898e+04  -1.5889505e+05
   6.2200000e+01  -1.5482853e+05  -1.4358686e+05
   6.2300000e+01  -2.0103089e+05  -1.2184372e+05
   6.2400000e+01  -2.2455591e+05  -8.7239500e+04
   6.2500000e+01  -2.3222391e+05  -4.1196836e+04
   6.2600000e+01  -2.3711523e+05   5.3073984e+03
   6.2700000e+01  -2.4871242e+05   4.0116633e+04
   6.2800000e+01  -2.6586091e+05   5.9104465e+04
   6.2900000e+01  -2.7756516e+05   6.6523078e+04
   6.3000000e+01  -2.7158628e+05   6.7969992e+04
   6.3100000e+01  -2.4393738e+05   6.6140930e+04
   6.3200000e+01  -2.0054302e+05   6.4605430e+04
   6.3300000e+01  -1.5003361e+05   7.2507828e+04
   6.3400000e+01  -9.6626750e+04   9.9983297e+04
   6.3500000e+01  -4.1612402e+04   1.4599275e+05
   6.3600000e+01   9.6890645e+03   1.9294636e+05
   6.3700000e+01   4.6775152e+04   2.1817311e+05
   6.3800000e+01   6.3017656e+04   2.1340103e+05
   6.3900000e+01   6.5421180e+04   1.9206192e+05
   6.4000000e+01   7.2485656e+04   1.7565128e+05
   6.4100000e+01   9.9885008e+04   1.7285473e+05
   6.4200000e+01   1.4705666e+05   1.7300472e+05
   6.4300000e+01   1.9720700e+05   1.5965873e+05
   6.4400000e+01   2.3016847e+05   1.2883727e+05
   6.4500000e+01   2.3622547e+05   9.3015078e+04
   6.4600000e+01   2.1981312e+05   6.8382539e+04
   6.4700000e+01   1.9228497e+05   5.9963695e+04
   6.4800000e+01   1.6222542e+05   5.9454285e+04
   6.4900000e+01   1.3209145e+05   5.6087148e+04
   6.5000000e+01   1.0220359e+05   4.7821133e+04
   6.5100000e+01   7.5588711e+04   4.1302883e+04
   6.5200000e+01   5.7549191e+04   4.1756840e+04
   6.5300000e+01   5.0964961e+04   4.4557398e+04
   6.5400000e+01   5.3429184e+04   3.7934770e+04
   6.5500000e+01   5.9496754e+04   1.3885302e+04
   6.5600000e+01   6.4950012e+04  -2.4489611e+04
   6.5700000e+01   6.8490250e+04  -6.6501641e+04
   6.5800000e+01   7.0636578e+04  -1.0318292e+05
   6.5900000e+01   7.2846055e+04  -1.3180130e+05
   6.6000000e+01   7.7742297e+04  -1.5241233e+05
   6.6100000e+01   8.8266320e+04  -1.6341722e+05
   6.6200000e+01   1.0496818e+05  -1.6281530e+05
   6.6300000e+01   1.2432310e+05  -1.5239019e+05
   6.6400000e+01   1.4071595e+05  -1.3709498e+05
   6.6500000e+01   1.5038461e+05  -1.1856308e+05
   6.6600000e+01   1.5326102e+05  -9.0766820e+04
   6.6700000e+01   1.5147564e+05  -4.4558594e+04
   6.6800000e+01   1.4710608e+05   2.2648312e+04
   6.6900000e+01   1.4153319e+05   1.0207639e+05
   6.7000000e+01   1.3567484e+05   1.7818145e+05
   6.7100000e+01   1.2916838e+05   2.3734012e+05
   6.7200000e+01   1.1861102e+05   2.7268269e+05
   6.7300000e+01   9.7157711e+04   2.8296825e+05
   6.7400000e+01   5.7442828e+04   2.6944484e+05
   6.7500000e+01  -2.7643281e+03   2.3483081e+05
   6.7600000e+01  -7.5774000e+04   1.8466019e+05
   6.7700000e+01  -1.4495172e+05   1.2804882e+05
   6.7800000e+01  -1.9348072e+05   7.4856641e+04
   6.7900000e+01  -2.1607883e+05   2.9391695e+04
   6.8000000e+01  -2.2374078e+05  -1.4432593e+04
   6.8100000e+01  -2.3538494e+05  -6.9831219e+04
   6.8200000e+01  -2.6195475e+05  -1.4501206e+05
   6.8300000e+01  -2.9680053e+05  -2.3173203e+05
   6.8400000e+01  -3.2128441e+05  -3.0712616e+05
   6.8500000e+01  -3.2052891e+05  -3.5010169e+05
   6.8600000e+01  -2.9529084e+05  -3.5783516e+05
   6.8700000e+01  -2.6058362e+05  -3.4595884e+05
   6.8800000e+01  -2.3391442e+05  -3.3214359e+05
   6.8900000e+01  -2.2356869e+05  -3.1979650e+05
   6.9000000e+01  -2.2503678e+05  -2.9749353e+05
   6.9100000e+01  -2.2614605e+05  -2.5256234e+05
   6.9200000e+01  -2.1583056e+05  -1.8375327e+05
   6.9300000e+01  -1.9060089e+05  -1.0167707e+05
   6.9400000e+01  -1.5542805e+05  -1.9638086e+04
   6.9500000e+01  -1.1955091e+05   5.4530070e+04
   6.9600000e+01  -9.0517680e+04   1.1912133e+05
   6.9700000e+01  -7.0234234e+04   1.7394270e+05
   6.9800000e+01  -5.5027508e+04   2.1661731e+05
   6.9900000e+01  -3.9104031e+04   2.4325436e+05
   7.0000000e+01  -1.8755848e+04   2.5181212e+05
   7.0100000e+01   5.7489863e+03   2.4383759e+05
   7.0200000e+01   3.1881404e+04   2.2220225e+05
   7.0300000e+01   5.8216961e+04   1.8722680e+05
   7.0400000e+01   8.5549344e+04   1.3623830e+05
   7.0500000e+01   1.1387734e+05   6.8342039e+04
   7.0600000e+01   1.3821877e+05  -1.0262394e+04
   7.0700000e+01   1.4873247e+05  -8.6970203e+04
   7.0800000e+01   1.3725219e+05  -1.4996250e+05
   7.0900000e+01   1.0571338e+05  -1.9501523e+05
   7.1000000e+01   6.8728023e+04  -2.2541233e+05
   7.1100000e+01   4.6400625e+04  -2.4621084e+05
   7.1200000e+01   5.1439859e+04  -2.5956362e+05
   7.1300000e+01   8.0124914e+04  -2.6467506e+05
   7.1400000e+01   1.1492558e+05  -2.5954133e+05
   7.1500000e+01   1.3796400e+05  -2.4087898e+05
   7.1600000e+01   1.4504630e+05  -2.0362262e+05
   7.1700000e+01   1.4803666e+05  -1.4375527e+05
   7.1800000e+01   1.6262119e+05  -6.3686414e+04
   7.1900000e+01   1.9229239e+05   2.5913021e+04
   7.2000000e+01   2.2411761e+05   1.1179150e+05
   7.2100000e+01   2.4081938e+05   1.8694122e+05
   7.2200000e+01   2.3684348e+05   2.5344564e+05
   7.2300000e+01   2.2172767e+05   3.1556847e+05
   7.2400000e+01   2.0811670e+05   3.6981772e+05
   7.2500000e+01   1.9884889e+05   4.0309253e+05
   7.2600000e+01   1.8768895e+05   4.0262941e+05
   7.2700000e+01   1.7121288e+05   3.6897725e+05
   7.2800000e+01   1.5585809e+05   3.1860159e+05
   7.2900000e+01   1.5077067e+05   2.7201197e+05
   7.3000000e+01   1.5526327e+05   2.3796639e+05
   7.3100000e+01   1.5652561e+05   2.0883247e+05
   7.3200000e+01   1.4060559e+05   1.7089934e+05
   7.3300000e+01   1.0405394e+05   1.1828525e+05
   7.3400000e+01   5.4207070e+04   5.6841383e+04
   7.3500000e+01   6.4401172e+02  -3.0253828e+03
   7.3600000e+01  -5.0304344e+04  -5.3990539e+04
   7.3700000e+01  -9.2730984e+04  -9.1933414e+04
   7.3800000e+01  -1.1721378e+05  -1.1224006e+05
   7.3900000e+01  -1.1486123e+05  -1.1052988e+05
   7.4000000e+01  -8.7741484e+04  -8.8285328e+04
   7.4100000e+01  -5.4138625e+04  -5.5542133e+04
   7.4200000e+01  -3.9861086e+04  -2.5570717e+04
   7.4300000e+01  -5.9990219e+04  -6.3144863e+03
   7.4400000e+01  -1.0595473e+05   2.8014937e+03
   7.4500000e+01  -1.5017919e+05   6.4743457e+03
   7.4600000e+01  -1.6628347e+05   7.2320625e+03
   7.4700000e+01  -1.4904319e+05   3.4155674e+03
   7.4800000e+01  -1.1764063e+05  -8.1004697e+03
   7.4900000e+01  -9.9703523e+04  -2.8523826e+04
   7.5000000e+01  -1.1008407e+05  -5.6664176e+04
   7.5100000e+01  -1.4202809e+05  -9.1244609e+04
   7.5200000e+01  -1.7613375e+05  -1.3275522e+05
   7.5300000e+01  -1.9675711e+05  -1.8168152e+05
   7.5400000e+01  -2.0135455e+05  -2.3382673e+05
   7.5500000e+01  -1.9775783e+05  -2.7799016e+05
   7.5600000e+01  -1.9583703e+05  -3.0075356e+05
   7.5700000e+01  -2.0195653e+05  -2.9600147e+05
   7.5800000e+01  -2.1792008e+05  -2.7012862e+05
   7.5900000e+01  -2.4077342e+05  -2.3659883e+05
   7.6000000e+01  -2.6197469e+05  -2.0441825e+05
   7.6100000e+01  -2.6932703e+05  -1.7205683e+05
   7.6200000e+01  -2.5417355e+05  -1.3266402e+05
   7.6300000e+01  -2.1915883e+05  -8.4069672e+04
   7.6400000e+01  -1.7762883e+05  -3.2217691e+04
   7.6500000e+01  -1.4231084e+05   1.5224064e+04
   7.6600000e+01  -1.1325509e+05   5.6850105e+04
   7.6700000e+01  -7.8590984e+04   9.7071500e+04
   7.6800000e+01  -2.9319936e+04   1.3709067e+05
   7.6900000e+01   2.7293799e+04   1.6792467e+05
   7.7000000e+01   7.2374172e+04   1.7563958e+05
   7.7100000e+01   9.5906383e+04   1.5628797e+05
   7.7200000e+01   1.1132112e+05   1.2545033e+05
   7.7300000e+01   1.4575734e+05   1.0934612e+05
   7.7400000e+01   2.1287758e+05   1.2232509e+05
   7.7500000e+01   2.9551531e+05   1.5202270e+05
   7.7600000e+01   3.5726372e+05   1.6892300e+05
   7.7700000e+01   3.7284291e+05   1.5283889e+05
   7.7800000e+01   3.4806647e+05   1.1019364e+05
   7.7900000e+01   3.1161025e+05   6.5126219e+04
   7.8000000e+01   2.8920975e+05   3.5497645e+04
   7.8100000e+01   2.8577041e+05   1.9898105e+04
   7.8200000e+01   2.8873000e+05   6.7785469e+03
   7.8300000e+01   2.8341191e+05  -9.0025508e+03
   7.8400000e+01   2.6296962e+05  -2.2433746e+04
   7.8500000e+01   2.2691888e+05  -2.8594957e+04
   7.8600000e+01   1.7624638e+05  -3.0661391e+04
   7.8700000e+01   1.1348922e+05  -3.4906574e+04
   7.8800000e+01   4.5952688e+04  -4.0503047e+04
   7.8900000e+01  -1.5404327e+04  -3.8442605e+04
   7.9000000e+01  -6.2806801e+04  -2.1395807e+04
   7.9100000e+01  -9.6828031e+04   7.4977158e+03
   7.9200000e+01  -1.2325855e+05   3.6934652e+04
   7.9300000e+01  -1.4497648e+05   5.7388863e+04
   7.9400000e+01  -1.5871509e+05   6.7482984e+04
   7.9500000e+01  -1.6108091e+05   7.1343969e+04
   7.9600000e+01  -1.5652550e+05   7.1921805e+04
   7.9700000e+01  -1.5638306e+05   6.8130023e+04
   7.9800000e+01  -1.6799675e+05   5.7458238e+04
   7.9900000e+01  -1.8564795e+05   3.9039953e+04
   8.0000000e+01  -1.9504822e+05   1.2702323e+04
   8.0100000e+01  -1.8865530e+05  -2.4138297e+04
   8.0200000e+01  -1.7559892e+05  -7.5923484e+04
   8.0300000e+01  -1.7384989e+05  -1.4279789e+05
   8.0400000e+01  -1.9101125e+05  -2.1472347e+05
   8.0500000e+01  -2.1354169e+05  -2.7396291e+05
   8.0600000e+01  -2.1665989e+05  -3.0640356e+05
   8.0700000e+01  -1.8592214e+05  -3.1192169e+05
   8.0800000e+01  -1.2933338e+05  -3.0289619e+05
   8.0900000e+01  -6.8810641e+04  -2.9098078e+05
   8.1000000e+01  -2.0840455e+04  -2.7474266e+05
   8.1100000e+01   1.4195932e+04  -2.4112311e+05
   8.1200000e+01   4.5613434e+04  -1.8010161e+05
   8.1300000e+01   7.9222438e+04  -9.7658820e+04
   8.1400000e+01   1.1341600e+05  -1.2645561e+04
   8.1500000e+01   1.4765514e+05   6.0389387e+04
   8.1600000e+01   1.9002306e+05   1.2431730e+05
   8.1700000e+01   2.5047538e+05   1.9295409e+05
   8.1800000e+01   3.2432347e+05   2.7017681e+05
   8.1900000e+01   3.8576972e+05   3.3727178e+05
   8.2000000e+01   4.0379012e+05   3.6478250e+05
   8.2100000e+01   3.6800816e+05   3.3953984e+05
   8.2200000e+01   2.9841031e+05   2.7997122e+05
   8.2300000e+01   2.2784119e+05   2.2328305e+05
   8.2400000e+01   1.7473150e+05   1.9614214e+05
   8.2500000e+01   1.3315016e+05   1.9625144e+05
   8.2600000e+01   8.7303797e+04   2.0007438e+05
   8.2700000e+01   3.1688338e+04   1.8649105e+05
   8.2800000e+01  -2.4678543e+04   1.5374605e+05
   8.2900000e+01  -7.0810812e+04   1.1706979e+05
   8.3000000e+01  -1.0581514e+05   9.3165562e+04
   8.3100000e+01  -1.3707584e+05   8.6921844e+04
   8.3200000e+01  -1.6901011e+05   9.0228070e+04
   8.3300000e+01  -1.9657795e+05   9.1080148e+04
   8.3400000e+01  -2.1027472e+05   8.3717164e+04
   8.3500000e+01  -2.0588738e+05   7.1580938e+04
   8.3600000e+01  -1.8824125e+05   6.1934641e+04
   8.3700000e+01  -1.6604967e+05   5.7913887e+04
   8.3800000e+01  -1.4450556e+05   5.5153965e+04
   8.3900000e+01  -1.2327911e+05   4.5364113e+04
   8.4000000e+01  -1.0049277e+05   2.3153766e+04
   8.4100000e+01  -7.6980852e+04  -9.5990312e+03
   8.4200000e+01  -5.6426445e+04  -4.4875234e+04
   8.4300000e+01  -4.2924668e+04  -7.4138133e+04
   8.4400000e+01  -3.9938824e+04  -9.4727609e+04
   8.4500000e+01  -5.0812641e+04  -1.1244827e+05
   8.4600000e+01  -7.7373047e+04  -1.3744495e+05
   8.4700000e+01  -1.1595930e+05  -1.7528886e+05
   8.4800000e+01  -1.5584706e+05  -2.2038855e+05
   8.4900000e+01  -1.8441227e+05  -2.5847100e+05
   8.5000000e+01  -1.9549036e+05  -2.7707016e+05
   8.5100000e+01  -1.9229108e+05  -2.7470212e+05
   8.5200000e+01  -1.8163559e+05  -2.6012002e+05
   8.5300000e+01  -1.6617372e+05  -2.4294486e+05
   8.5400000e+01  -1.4329406e+05  -2.2555403e+05
   8.5500000e+01  -1.1124253e+05  -2.0398936e+05
   8.5600000e+01  -7.4653938e+04  -1.7557277e+05
   8.5700000e+01  -4.2556695e+04  -1.4415988e+05
   8.5800000e+01  -1.9940521e+04  -1.1721745e+05
   8.5900000e+01  -5.9303857e+02  -9.7746758e+04
   8.6000000e+01   3.1215469e+04  -7.9353945e+04
   8.6100000e+01   8.9013516e+04  -5.0205723e+04
   8.6200000e+01   1.7013392e+05  -4.0021799e+03
   8.6300000e+01   2.5215536e+05   5.0665531e+04
   8.6400000e+01   3.0649819e+05   9.1853633e+04
   8.6500000e+01   3.2035962e+05   9.8412195e+04
   8.6600000e+01   3.0732806e+05   6.6934172e+04
   8.6700000e+01   2.9505556e+05   1.6616975e+04
   8.6800000e+01   3.0032997e+05  -2.3968338e+04
   8.6900000e+01   3.1504059e+05  -3.7468641e+04
   8.7000000e+01   3.1572997e+05  -2.7395717e+04
   8.7100000e+01   2.8601025e+05  -9.5664922e+03
   8.7200000e+01   2.3005720e+05   3.5932590e+03
   8.7300000e+01   1.6662828e+05   9.7618027e+03
   8.7400000e+01   1.1227823e+05   1.1473960e+04
   8.7500000e+01   7.0050406e+04   1.0066684e+04
   8.7600000e+01   3.1699744e+04   7.6812617e+03
   8.7700000e+01  -1.1399979e+04   1.2226135e+04
   8.7800000e+01  -5.9438176e+04   3.4479051e+04
   8.7900000e+01  -1.0456562e+05   7.7126430e+04
   8.8000000e+01  -1.3910439e+05   1.2815113e+05
   8.8100000e+01  -1.6345869e+05   1.6822900e+05
   8.8200000e+01  -1.8585164e+05   1.8617845e+05
   8.8300000e+01  -2.1349061e+05   1.8688081e+05
   8.8400000e+01  -2.4331167e+05   1.8386572e+05
   8.8500000e+01  -2.6174558e+05   1.8483059e+05
   8.8600000e+01  -2.5491709e+05   1.8502916e+05
   8.8700000e+01  -2.2073094e+05   1.7442284e+05
   8.8800000e+01  -1.7216291e+05   1.5009806e+05
   8.8900000e+01  -1.2878400e+05   1.2053291e+05
   8.9000000e+01  -1.0358796e+05   9.7315523e+04
   8.9100000e+01  -9.5432305e+04   8.3299898e+04
   8.9200000e+01  -9.1921586e+04   7.0015555e+04
   8.9300000e+01  -7.9225414e+04   4.7233102e+04
   8.9400000e+01  -5.1171918e+04   1.4394609e+04
   8.9500000e+01  -1.2051059e+04  -1.8415025e+04
   8.9600000e+01   2.7295010e+04  -4.0822617e+04
   8.9700000e+01   5.6568637e+04  -5.2602898e+04
   8.9800000e+01   7.1787570e+04  -6.3474000e+04
   8.9900000e+01   7.6558438e+04  -8.3208711e+04
   9.0000000e+01   7.8332391e+04  -1.1236711e+05
   9.0100000e+01   8.2297438e+04  -1.4183984e+05
   9.0200000e+01   8.7638688e+04  -1.6013125e+05
   9.0300000e+01   8.9577977e+04  -1.6117002e+05
   9.0400000e+01   8.5654195e+04  -1.4675666e+05
   9.0500000e+01   8.0032664e+04  -1.2314462e+05
   9.0600000e+01   8.0582766e+04  -9.5670523e+04
   9.0700000e+01   9.0623641e+04  -6.6159266e+04
   9.0800000e+01   1.0387216e+05  -3.4744691e+04
   9.0900000e+01   1.0923605e+05  -3.0547104e+03
   9.1000000e+01   1.0201595e+05   2.5894855e+04
   9.1100000e+01   9.0120188e+04   5.1600000e+04
   9.1200000e+01   8.7749180e+04   7.8598172e+04
   9.1300000e+01   1.0180240e+05   1.1284566e+05
   9.1400000e+01   1.2432455e+05   1.5443856e+05
   9.1500000e+01   1.3836555e+05   1.9461942e+05
   9.1600000e+01   1.3106626e+05   2.2103372e+05
   9.1700000e+01   1.0156559e+05   2.2602686e+05
   9.1800000e+01   5.8437852e+04   2.0973434e+05
   9.1900000e+01   1.2250025e+04   1.7648786e+05
   9.2000000e+01  -2.8976125e+04   1.3069362e+05
   9.2100000e+01  -6.0273977e+04   7.7188570e+04
   9.2200000e+01  -8.0097625e+04   2.3382668e+04
   9.2300000e+01  -9.1697625e+04  -2.2839732e+04
   9.2400000e+01  -1.0210396e+05  -5.9509289e+04
   9.2500000e+01  -1.1703316e+05  -9.3671383e+04
   9.2600000e+01  -1.3608883e+05  -1.3503844e+05
   9.2700000e+01  -1.5386203e+05  -1.8441419e+05
   9.2800000e+01  -1.6608405e+05  -2.2872069e+05
   9.2900000e+01  -1.7378152e+05  -2.4946958e+05
   9.3000000e+01  -1.8055580e+05  -2.3807702e+05
   9.3100000e+01  -1.8619488e+05  -2.0388461e+05
   9.3200000e+01  -1.8427355e+05  -1.6754248e+05
   9.3300000e+01  -1.6735462e+05  -1.4626856e+05
   9.3400000e+01  -1.3546267e+05  -1.4381127e+05
   9.3500000e+01  -9.9489406e+04  -1.5140197e+05
   9.3600000e+01  -7.4733344e+04  -1.5553589e+05
   9.3700000e+01  -6.8412297e+04  -1.4523098e+05
   9.3800000e+01  -7.1958930e+04  -1.1591030e+05
   9.3900000e+01  -6.6973039e+04  -7.1046656e+04
   9.4000000e+01  -4.1776066e+04  -2.1687262e+04
   9.4100000e+01  -3.4817925e+03   1.7942914e+04
   9.4200000e+01   2.7693699e+04   3.8327418e+04
   9.4300000e+01   3.7928109e+04   4.1097469e+04
   9.4400000e+01   3.3512297e+04   3.8458570e+04
   9.4500000e+01   3.3858172e+04   4.5226848e+04
   9.4600000e+01   5.0874398e+04   6.9289133e+04
   9.4700000e+01   7.7069570e+04   1.0752648e+05
   9.4800000e+01   9.5213305e+04   1.4945175e+05
   9.4900000e+01   9.8221750e+04   1.8443533e+05
   9.5000000e+01   9.6713172e+04   2.0622147e+05
   9.5100000e+01   1.0626688e+05   2.1245869e+05
   9.5200000e+01   1.2982421e+05   2.0292916e+05
   9.5300000e+01   1.5582497e+05   1.8108472e+05
   9.5400000e+01   1.7378972e+05   1.5754489e+05
   9.5500000e+01   1.8818891e+05   1.4846170e+05
   9.5600000e+01   2.1301898e+05   1.6493511e+05
   9.5700000e+01   2.5216116e+05   2.0064189e+05
   9.5800000e+01   2.8832872e+05   2.3098184e+05
   9.5900000e+01   2.9521044e+05   2.2861425e+05
   9.6000000e+01   2.6174939e+05   1.8385148e+05
   9.6100000e+01   2.0321039e+05   1.1165672e+05
   9.6200000e+01   1.4721014e+05   3.8789340e+04
   9.6300000e+01   1.0936040e+05  -1.6400332e+04
   9.6400000e+01   8.3397789e+04  -5.2805770e+04
   9.6500000e+01   5.4048461e+04  -7.8309227e+04
   9.6600000e+01   1.6520816e+04  -9.6617758e+04
   9.6700000e+01  -1.8944219e+04  -1.0474662e+05
   9.6800000e+01  -4.0852875e+04  -1.0243986e+05
   9.6900000e+01  -5.1202449e+04  -9.9635086e+04
   9.7000000e+01  -6.3439656e+04  -1.0991810e+05
   9.7100000e+01  -8.5716445e+04  -1.3523570e+05
   9.7200000e+01  -1.0898033e+05  -1.5974597e+05
   9.7300000e+01  -1.1453737e+05  -1.6258675e+05
   9.7400000e+01  -9.3638719e+04  -1.3829212e+05
   9.7500000e+01  -5.7517484e+04  -1.0353687e+05
   9.7600000e+01  -2.6746969e+04  -8.2318484e+04
   9.7700000e+01  -1.1996062e+04  -8.4282078e+04
   9.7800000e+01  -7.1783203e+03  -9.7705930e+04
   9.7900000e+01  -6.2309473e+02  -1.0285039e+05
   9.8000000e+01   1.0640571e+04  -9.1024219e+04
   9.8100000e+01   1.9674594e+04  -7.1073414e+04
   9.8200000e+01   2.0050059e+04  -5.9408469e+04
   9.8300000e+01   1.3069401e+04  -6.5269848e+04
   9.8400000e+01   3.4148809e+03  -8.4856719e+04
   9.8500000e+01  -9.3975273e+03  -1.0732502e+05
   9.8600000e+01  -3.1839568e+04  -1.2469886e+05
   9.8700000e+01  -6.8196375e+04  -1.3619920e+05
   9.8800000e+01  -1.1311870e+05  -1.4488725e+05
   9.8900000e+01  -1.5329216e+05  -1.5236892e+05
   9.9000000e+01  -1.7656242e+05  -1.5766803e+05
   9.9100000e+01  -1.8000686e+05  -1.5975978e+05
   9.9200000e+01  -1.7043619e+05  -1.5840447e+05
   9.9300000e+01  -1.5790394e+05  -1.5148181e+05
   9.9400000e+01  -1.4835677e+05  -1.3403344e+05
   9.9500000e+01  -1.4138767e+05  -1.0350862e+05
   9.9600000e+01  -1.3341070e+05  -6.6126906e+04
   9.9700000e+01  -1.2109724e+05  -3.4338500e+04
   9.9800000e+01  -1.0147794e+05  -1.5555372e+04
   9.9900000e+01  -7.2155867e+04  -6.2099463e+03
   1.0000000e+02  -3.5232652e+04   6.3587018e+02
