   1.1851270e+02   3.6301420e+01   1.8450000e+02
   1.1894981e+02   3.6952748e+01   9.8000000e+00
   0.0000000e+00   2.3435911e+05   2.3435911e+05
   1.0000000e-01   1.7864138e+05   2.4002425e+05
   2.0000000e-01   8.0049961e+04   2.2214519e+05
   3.0000000e-01  -2.4172680e+04   2.1534123e+05
   4.0000000e-01  -9.7142789e+04   2.3294533e+05
   5.0000000e-01  -1.3069218e+05   2.6005911e+05
   6.0000000e-01  -1.4589950e+05   2.7147491e+05
   7.0000000e-01  -1.6874380e+05   2.5478192e+05
   8.0000000e-01  -2.0679947e+05   2.1861155e+05
   9.0000000e-01  -2.4740897e+05   1.8268684e+05
   1.0000000e+00  -2.7361516e+05   1.6160406e+05
   1.1000000e+00  -2.7885234e+05   1.5626834e+05
   1.2000000e+00  -2.6802919e+05   1.5775345e+05
   1.3000000e+00  -2.4895306e+05   1.5754783e+05
   1.4000000e+00  -2.2533908e+05   1.5406341e+05
   1.5000000e+00  -1.9693061e+05   1.5056772e+05
   1.6000000e+00  -1.6373686e+05   1.4907248e+05
   1.7000000e+00  -1.2902812e+05   1.4827103e+05
   1.8000000e+00  -9.8776938e+04   1.4708853e+05
   1.9000000e+00  -7.8554438e+04   1.4703202e+05
   2.0000000e+00  -7.0231648e+04   1.4816344e+05
   2.1000000e+00  -7.0757945e+04   1.4397567e+05
   2.2000000e+00  -7.4022609e+04   1.2475316e+05
   2.3000000e+00  -7.4539859e+04   8.8584344e+04
   2.4000000e+00  -7.0160969e+04   4.6548539e+04
   2.5000000e+00  -6.1957629e+04   1.2703624e+04
   2.6000000e+00  -5.2021062e+04  -1.1438022e+04
   2.7000000e+00  -4.1555336e+04  -3.8314719e+04
   2.8000000e+00  -3.0947816e+04  -7.6984227e+04
   2.9000000e+00  -2.1366855e+04  -1.1644925e+05
   3.0000000e+00  -1.5588911e+04  -1.3159769e+05
   3.1000000e+00  -1.5844199e+04  -1.0866861e+05
   3.2000000e+00  -1.9414719e+04  -6.2948828e+04
   3.3000000e+00  -1.6660129e+04  -2.7694666e+04
   3.4000000e+00   3.8624688e+03  -2.4423141e+04
   3.5000000e+00   4.5062801e+04  -4.5454465e+04
   3.6000000e+00   9.5153969e+04  -6.6254359e+04
   3.7000000e+00   1.3390075e+05  -7.2940375e+04
   3.8000000e+00   1.4820742e+05  -7.5183227e+04
   3.9000000e+00   1.4355195e+05  -9.2286062e+04
   4.0000000e+00   1.4019753e+05  -1.2970036e+05
   4.1000000e+00   1.5680556e+05  -1.7231336e+05
   4.2000000e+00   1.9529019e+05  -2.0118483e+05
   4.3000000e+00   2.3905344e+05  -2.1473056e+05
   4.4000000e+00   2.6515662e+05  -2.3115258e+05
   4.5000000e+00   2.6047589e+05  -2.6940716e+05
   4.6000000e+00   2.2987855e+05  -3.2850738e+05
   4.7000000e+00   1.9083669e+05  -3.8606622e+05
   4.8000000e+00   1.5897341e+05  -4.1680491e+05
   4.9000000e+00   1.3627517e+05  -4.1232712e+05
   5.0000000e+00   1.1195612e+05  -3.8438525e+05
   5.1000000e+00   7.4963391e+04  -3.5190128e+05
   5.2000000e+00   2.6013072e+04  -3.2657888e+05
   5.3000000e+00  -2.2647795e+04  -3.0899750e+05
   5.4000000e+00  -5.9142988e+04  -2.9351228e+05
   5.5000000e+00  -8.3178938e+04  -2.7313838e+05
   5.6000000e+00  -1.0566068e+05  -2.4080672e+05
   5.7000000e+00  -1.3830880e+05  -1.9077423e+05
   5.8000000e+00  -1.8437541e+05  -1.2287223e+05
   5.9000000e+00  -2.3845162e+05  -4.5629078e+04
   6.0000000e+00  -2.9267631e+05   2.7017525e+04
   6.1000000e+00  -3.4099266e+05   8.3983461e+04
   6.2000000e+00  -3.7787419e+05   1.2313130e+05
   6.3000000e+00  -3.9617172e+05   1.5085459e+05
   6.4000000e+00  -3.8998534e+05   1.7768200e+05
   6.5000000e+00  -3.6109503e+05   2.1414253e+05
   6.6000000e+00  -3.2070591e+05   2.6720178e+05
   6.7000000e+00  -2.8153188e+05   3.3599894e+05
   6.8000000e+00  -2.4642059e+05   4.0958684e+05
   6.9000000e+00  -2.0587088e+05   4.7162559e+05
   7.0000000e+00  -1.4879925e+05   5.1108284e+05
   7.1000000e+00  -7.6032586e+04   5.2988569e+05
   7.2000000e+00  -1.5982388e+03   5.3964244e+05
   7.3000000e+00   6.0130945e+04   5.5042844e+05
   7.4000000e+00   1.0704026e+05   5.6247700e+05
   7.5000000e+00   1.4728488e+05   5.6727688e+05
   7.6000000e+00   1.8574270e+05   5.5450631e+05
   7.7000000e+00   2.1590947e+05   5.1774216e+05
   7.8000000e+00   2.2732705e+05   4.5651422e+05
   7.9000000e+00   2.1912067e+05   3.7614578e+05
   8.0000000e+00   2.0263253e+05   2.8570259e+05
   8.1000000e+00   1.9019547e+05   1.9372147e+05
   8.2000000e+00   1.8471111e+05   1.0485769e+05
   8.3000000e+00   1.8302717e+05   2.1980301e+04
   8.4000000e+00   1.8735177e+05  -4.8097109e+04
   8.5000000e+00   2.0779261e+05  -9.4086602e+04
   8.6000000e+00   2.5056231e+05  -1.0953010e+05
   8.7000000e+00   3.0596912e+05  -1.0328881e+05
   8.8000000e+00   3.5262688e+05  -9.7183141e+04
   8.9000000e+00   3.7570722e+05  -1.0901052e+05
   9.0000000e+00   3.8008850e+05  -1.3647591e+05
   9.1000000e+00   3.8416338e+05  -1.5904086e+05
   9.2000000e+00   4.0062816e+05  -1.5716875e+05
   9.3000000e+00   4.2342509e+05  -1.3083838e+05
   9.4000000e+00   4.3259062e+05  -1.0023439e+05
   9.5000000e+00   4.1110269e+05  -8.9105906e+04
   9.6000000e+00   3.5797869e+05  -1.0684071e+05
   9.7000000e+00   2.8702959e+05  -1.4459838e+05
   9.8000000e+00   2.1383148e+05  -1.8668066e+05
   9.9000000e+00   1.4303772e+05  -2.2491839e+05
   1.0000000e+01   6.6979117e+04  -2.6273331e+05
   1.0100000e+01  -2.4130111e+04  -3.0648106e+05
   1.0200000e+01  -1.3095476e+05  -3.5411981e+05
   1.0300000e+01  -2.4378842e+05  -3.9355100e+05
   1.0400000e+01  -3.5112784e+05  -4.1293022e+05
   1.0500000e+01  -4.4711088e+05  -4.1275416e+05
   1.0600000e+01  -5.2935556e+05  -4.0738472e+05
   1.0700000e+01  -5.9189294e+05  -4.1408362e+05
   1.0800000e+01  -6.2497856e+05  -4.3956869e+05
   1.0900000e+01  -6.2459925e+05  -4.7539222e+05
   1.1000000e+01  -6.0021888e+05  -5.0416509e+05
   1.1100000e+01  -5.6876738e+05  -5.0975850e+05
   1.1200000e+01  -5.3869419e+05  -4.8437106e+05
   1.1300000e+01  -5.0151300e+05  -4.3072081e+05
   1.1400000e+01  -4.4209331e+05  -3.6064975e+05
   1.1500000e+01  -3.5853238e+05  -2.9031012e+05
   1.1600000e+01  -2.7067091e+05  -2.3196438e+05
   1.1700000e+01  -2.0703131e+05  -1.8612952e+05
   1.1800000e+01  -1.8201370e+05  -1.4066944e+05
   1.1900000e+01  -1.8515834e+05  -7.9635117e+04
   1.2000000e+01  -1.9211877e+05   3.9394878e+03
   1.2100000e+01  -1.8592583e+05   1.0168832e+05
   1.2200000e+01  -1.6850342e+05   1.9538336e+05
   1.2300000e+01  -1.5346259e+05   2.6935044e+05
   1.2400000e+01  -1.4926000e+05   3.1947875e+05
   1.2500000e+01  -1.4907320e+05   3.5262181e+05
   1.2600000e+01  -1.3522623e+05   3.7897109e+05
   1.2700000e+01  -9.2229367e+04   4.0469222e+05
   1.2800000e+01  -1.6723049e+04   4.2962975e+05
   1.2900000e+01   8.2104789e+04   4.4967381e+05
   1.3000000e+01   1.8917330e+05   4.6084997e+05
   1.3100000e+01   2.9071894e+05   4.6287016e+05
   1.3200000e+01   3.7793006e+05   4.6084125e+05
   1.3300000e+01   4.4734834e+05   4.6395169e+05
   1.3400000e+01   5.0024997e+05   4.8092941e+05
   1.3500000e+01   5.4167606e+05   5.1449456e+05
   1.3600000e+01   5.7770306e+05   5.5856175e+05
   1.3700000e+01   6.1028425e+05   6.0036019e+05
   1.3800000e+01   6.3267688e+05   6.2615669e+05
   1.3900000e+01   6.3084588e+05   6.2692912e+05
   1.4000000e+01   5.9278731e+05   6.0059700e+05
   1.4100000e+01   5.1980497e+05   5.4979375e+05
   1.4200000e+01   4.2939891e+05   4.7754978e+05
   1.4300000e+01   3.4503347e+05   3.8555569e+05
   1.4400000e+01   2.7995716e+05   2.7768091e+05
   1.4500000e+01   2.2865511e+05   1.6494380e+05
   1.4600000e+01   1.7319242e+05   6.3812953e+04
   1.4700000e+01   9.8582766e+04  -1.4840182e+04
   1.4800000e+01   4.3208115e+03  -7.6758234e+04
   1.4900000e+01  -9.5760086e+04  -1.4163067e+05
   1.5000000e+01  -1.8258952e+05  -2.2543853e+05
   1.5100000e+01  -2.4156081e+05  -3.2401097e+05
   1.5200000e+01  -2.6710575e+05  -4.1533072e+05
   1.5300000e+01  -2.6226453e+05  -4.7892153e+05
   1.5400000e+01  -2.3624417e+05  -5.1208844e+05
   1.5500000e+01  -2.0176784e+05  -5.2704819e+05
   1.5600000e+01  -1.7198152e+05  -5.3512812e+05
   1.5700000e+01  -1.5664497e+05  -5.3746844e+05
   1.5800000e+01  -1.5888092e+05  -5.3098944e+05
   1.5900000e+01  -1.7457259e+05  -5.1880622e+05
   1.6000000e+01  -1.9521630e+05  -5.1043925e+05
   1.6100000e+01  -2.1262741e+05  -5.1202747e+05
   1.6200000e+01  -2.2258867e+05  -5.1963656e+05
   1.6300000e+01  -2.2555386e+05  -5.2367225e+05
   1.6400000e+01  -2.2490989e+05  -5.1785472e+05
   1.6500000e+01  -2.2479841e+05  -5.0169778e+05
   1.6600000e+01  -2.2874445e+05  -4.7539403e+05
   1.6700000e+01  -2.3843725e+05  -4.3583053e+05
   1.6800000e+01  -2.5161936e+05  -3.7956534e+05
   1.6900000e+01  -2.6027795e+05  -3.0830141e+05
   1.7000000e+01  -2.5247731e+05  -2.2892825e+05
   1.7100000e+01  -2.1917995e+05  -1.4752047e+05
   1.7200000e+01  -1.6165009e+05  -6.4568281e+04
   1.7300000e+01  -9.2002250e+04   2.2708508e+04
   1.7400000e+01  -2.4654719e+04   1.1361448e+05
   1.7500000e+01   3.4104898e+04   2.0079558e+05
   1.7600000e+01   8.8415844e+04   2.7503625e+05
   1.7700000e+01   1.4527944e+05   3.3389322e+05
   1.7800000e+01   2.0579809e+05   3.8501344e+05
   1.7900000e+01   2.6413125e+05   4.3883909e+05
   1.8000000e+01   3.1334762e+05   4.9578097e+05
   1.8100000e+01   3.4996350e+05   5.4045912e+05
   1.8200000e+01   3.7239444e+05   5.5118588e+05
   1.8300000e+01   3.7715122e+05   5.1816291e+05
   1.8400000e+01   3.5918653e+05   4.5322909e+05
   1.8500000e+01   3.1703559e+05   3.8067644e+05
   1.8600000e+01   2.5706995e+05   3.1769712e+05
   1.8700000e+01   1.9144486e+05   2.6388094e+05
   1.8800000e+01   1.3027837e+05   2.0897323e+05
   1.8900000e+01   7.4351523e+04   1.4833473e+05
   1.9000000e+01   1.5228672e+04   8.8899258e+04
   1.9100000e+01  -5.6007297e+04   4.1348312e+04
   1.9200000e+01  -1.3832395e+05   9.8746260e+03
   1.9300000e+01  -2.1835609e+05  -8.8071113e+03
   1.9400000e+01  -2.7879553e+05  -1.8433301e+04
   1.9500000e+01  -3.0950684e+05  -1.8281688e+04
   1.9600000e+01  -3.1099238e+05  -5.9134814e+03
   1.9700000e+01  -2.8918378e+05   1.7027867e+04
   1.9800000e+01  -2.5000202e+05   4.3339484e+04
   1.9900000e+01  -1.9976731e+05   6.4138434e+04
   2.0000000e+01  -1.4753703e+05   7.2898461e+04
   2.0100000e+01  -1.0246087e+05   6.5739406e+04
   2.0200000e+01  -6.7532711e+04   4.0015945e+04
   2.0300000e+01  -3.8277758e+04  -4.5111118e+03
   2.0400000e+01  -9.8028359e+03  -6.2162227e+04
   2.0500000e+01   1.5344270e+04  -1.2093069e+05
   2.0600000e+01   2.7927877e+04  -1.6889725e+05
   2.0700000e+01   2.0853277e+04  -2.0329416e+05
   2.0800000e+01  -3.5369111e+03  -2.3308945e+05
   2.0900000e+01  -3.4905520e+04  -2.7071931e+05
   2.1000000e+01  -6.2698023e+04  -3.1903047e+05
   2.1100000e+01  -8.2528906e+04  -3.6496956e+05
   2.1200000e+01  -9.6540375e+04  -3.8651959e+05
   2.1300000e+01  -1.0906909e+05  -3.6846403e+05
   2.1400000e+01  -1.2178077e+05  -3.1490794e+05
   2.1500000e+01  -1.3152772e+05  -2.4795853e+05
   2.1600000e+01  -1.3190425e+05  -1.9203744e+05
   2.1700000e+01  -1.1729880e+05  -1.5547289e+05
   2.1800000e+01  -8.6822961e+04  -1.2517965e+05
   2.1900000e+01  -4.5471762e+04  -8.0111781e+04
   2.2000000e+01  -1.2752192e+03  -1.1549779e+04
   2.2100000e+01   4.0524828e+04   6.9273086e+04
   2.2200000e+01   8.2600859e+04   1.4311081e+05
   2.2300000e+01   1.3473944e+05   2.0040356e+05
   2.2400000e+01   2.0456784e+05   2.4536495e+05
   2.2500000e+01   2.8515147e+05   2.8360925e+05
   2.2600000e+01   3.5155244e+05   3.0980141e+05
   2.2700000e+01   3.7421500e+05   3.1109347e+05
   2.2800000e+01   3.4159819e+05   2.8269044e+05
   2.2900000e+01   2.7242606e+05   2.3723159e+05
   2.3000000e+01   2.0446506e+05   1.9659859e+05
   2.3100000e+01   1.6800459e+05   1.7422472e+05
   2.3200000e+01   1.6670344e+05   1.6567098e+05
   2.3300000e+01   1.8076192e+05   1.5580048e+05
   2.3400000e+01   1.8614788e+05   1.3426844e+05
   2.3500000e+01   1.7126802e+05   1.0461286e+05
   2.3600000e+01   1.3962936e+05   8.0243836e+04
   2.3700000e+01   1.0243848e+05   7.2931016e+04
   2.3800000e+01   7.1360664e+04   8.4321859e+04
   2.3900000e+01   5.5357641e+04   1.0626088e+05
   2.4000000e+01   5.8052242e+04   1.2758933e+05
   2.4100000e+01   7.3466562e+04   1.4089300e+05
   2.4200000e+01   8.4930242e+04   1.4450555e+05
   2.4300000e+01   7.3190484e+04   1.3996805e+05
   2.4400000e+01   3.0957684e+04   1.2851485e+05
   2.4500000e+01  -2.8658305e+04   1.0966144e+05
   2.4600000e+01  -8.0404812e+04   8.2052742e+04
   2.4700000e+01  -1.0765687e+05   4.4784867e+04
   2.4800000e+01  -1.1788229e+05  -1.8603936e+03
   2.4900000e+01  -1.3754578e+05  -5.5671648e+04
   2.5000000e+01  -1.8940119e+05  -1.1136832e+05
   2.5100000e+01  -2.7185469e+05  -1.6064686e+05
   2.5200000e+01  -3.5871425e+05  -1.9549086e+05
   2.5300000e+01  -4.1919103e+05  -2.1384356e+05
   2.5400000e+01  -4.4013378e+05  -2.2295998e+05
   2.5500000e+01  -4.3174903e+05  -2.3603459e+05
   2.5600000e+01  -4.1414262e+05  -2.6314991e+05
   2.5700000e+01  -3.9883972e+05  -3.0337253e+05
   2.5800000e+01  -3.8148003e+05  -3.4478734e+05
   2.5900000e+01  -3.4901559e+05  -3.7268803e+05
   2.6000000e+01  -2.9139475e+05  -3.7907497e+05
   2.6100000e+01  -2.0713478e+05  -3.6598438e+05
   2.6200000e+01  -1.0220608e+05  -3.4158762e+05
   2.6300000e+01   1.1673266e+04  -3.1459759e+05
   2.6400000e+01   1.1763825e+05  -2.9214016e+05
   2.6500000e+01   1.9843489e+05  -2.7992069e+05
   2.6600000e+01   2.4724898e+05  -2.7989566e+05
   2.6700000e+01   2.7516575e+05  -2.8534066e+05
   2.6800000e+01   3.0329284e+05  -2.8030512e+05
   2.6900000e+01   3.4235166e+05  -2.4893048e+05
   2.7000000e+01   3.7950412e+05  -1.8896094e+05
   2.7100000e+01   3.8879141e+05  -1.1585827e+05
   2.7200000e+01   3.5738325e+05  -5.0996848e+04
   2.7300000e+01   3.0100975e+05  -3.9018242e+03
   2.7400000e+01   2.5133292e+05   3.4001375e+04
   2.7500000e+01   2.2705142e+05   7.7826055e+04
   2.7600000e+01   2.1773738e+05   1.3201611e+05
   2.7700000e+01   1.9612939e+05   1.8540664e+05
   2.7800000e+01   1.4561492e+05   2.2339828e+05
   2.7900000e+01   7.5677336e+04   2.4431458e+05
   2.8000000e+01   1.2208863e+04   2.6300006e+05
   2.8100000e+01  -2.5038771e+04   2.9792281e+05
   2.8200000e+01  -3.5480172e+04   3.5430119e+05
   2.8300000e+01  -3.1954396e+04   4.1886916e+05
   2.8400000e+01  -2.6758889e+04   4.6994506e+05
   2.8500000e+01  -2.5202656e+04   4.9266938e+05
   2.8600000e+01  -3.0021066e+04   4.8692538e+05
   2.8700000e+01  -4.6460441e+04   4.6426150e+05
   2.8800000e+01  -7.8925766e+04   4.3895934e+05
   2.8900000e+01  -1.2291860e+05   4.1973153e+05
   2.9000000e+01  -1.6378367e+05   4.0545006e+05
   2.9100000e+01  -1.8666323e+05   3.8650306e+05
   2.9200000e+01  -1.8869677e+05   3.5200134e+05
   2.9300000e+01  -1.8103059e+05   2.9884822e+05
   2.9400000e+01  -1.7872195e+05   2.3505336e+05
   2.9500000e+01  -1.8890456e+05   1.7349459e+05
   2.9600000e+01  -2.0807569e+05   1.2181210e+05
   2.9700000e+01  -2.2866481e+05   7.8171219e+04
   2.9800000e+01  -2.4601284e+05   3.5723062e+04
   2.9900000e+01  -2.5893823e+05  -1.0489424e+04
   3.0000000e+01  -2.6594062e+05  -6.0616258e+04
   3.0100000e+01  -2.6347059e+05  -1.1085610e+05
   3.0200000e+01  -2.4833831e+05  -1.5505380e+05
   3.0300000e+01  -2.2024114e+05  -1.8737942e+05
   3.0400000e+01  -1.8080531e+05  -2.0738423e+05
   3.0500000e+01  -1.3118433e+05  -2.2349178e+05
   3.0600000e+01  -7.2666477e+04  -2.4845405e+05
   3.0700000e+01  -1.0140440e+04  -2.8803956e+05
   3.0800000e+01   4.7137273e+04  -3.3397581e+05
   3.0900000e+01   9.1214391e+04  -3.6966816e+05
   3.1000000e+01   1.2330951e+05  -3.8341888e+05
   3.1100000e+01   1.5501141e+05  -3.7569253e+05
   3.1200000e+01   1.9921809e+05  -3.5465284e+05
   3.1300000e+01   2.5771667e+05  -3.2737428e+05
   3.1400000e+01   3.1704331e+05  -2.9640575e+05
   3.1500000e+01   3.5774544e+05  -2.6225425e+05
   3.1600000e+01   3.7002519e+05  -2.2567159e+05
   3.1700000e+01   3.6224303e+05  -1.8700141e+05
   3.1800000e+01   3.5423472e+05  -1.4568181e+05
   3.1900000e+01   3.6045906e+05  -1.0204503e+05
   3.2000000e+01   3.7726812e+05  -5.8661555e+04
   3.2100000e+01   3.8553600e+05  -1.8488465e+04
   3.2200000e+01   3.6656928e+05   1.7817992e+04
   3.2300000e+01   3.1727431e+05   5.1274754e+04
   3.2400000e+01   2.5121725e+05   8.1262664e+04
   3.2500000e+01   1.8548566e+05   1.0431807e+05
   3.2600000e+01   1.2667694e+05   1.1689873e+05
   3.2700000e+01   6.9366391e+04   1.1842847e+05
   3.2800000e+01   6.7824854e+03   1.1108592e+05
   3.2900000e+01  -5.9317254e+04   9.7984680e+04
   3.3000000e+01  -1.2029468e+05   8.3059734e+04
   3.3100000e+01  -1.7009530e+05   7.1544031e+04
   3.3200000e+01  -2.0966352e+05   6.7188773e+04
   3.3300000e+01  -2.4087289e+05   6.7193289e+04
   3.3400000e+01  -2.5905945e+05   6.1668141e+04
   3.3500000e+01  -2.5583456e+05   4.1268914e+04
   3.3600000e+01  -2.3048116e+05   6.5040586e+03
   3.3700000e+01  -1.9590414e+05  -3.1578047e+04
   3.3800000e+01  -1.7027723e+05  -6.0656719e+04
   3.3900000e+01  -1.6237672e+05  -7.6351422e+04
   3.4000000e+01  -1.6621475e+05  -8.1897953e+04
   3.4100000e+01  -1.6982792e+05  -8.0525086e+04
   3.4200000e+01  -1.6766645e+05  -7.0884891e+04
   3.4300000e+01  -1.6409180e+05  -5.0763191e+04
   3.4400000e+01  -1.6709059e+05  -2.3302037e+04
   3.4500000e+01  -1.8100255e+05   2.9463599e+03
   3.4600000e+01  -2.0492403e+05   2.0903230e+04
   3.4700000e+01  -2.3540455e+05   3.1253746e+04
   3.4800000e+01  -2.6878697e+05   4.1406109e+04
   3.4900000e+01  -3.0162328e+05   5.8140660e+04
   3.5000000e+01  -3.3072581e+05   8.0749258e+04
   3.5100000e+01  -3.5375941e+05   1.0044796e+05
   3.5200000e+01  -3.6922119e+05   1.0654122e+05
   3.5300000e+01  -3.7459944e+05   9.4933867e+04
   3.5400000e+01  -3.6358394e+05   7.2728773e+04
   3.5500000e+01  -3.2532738e+05   5.4640320e+04
   3.5600000e+01  -2.4878152e+05   5.2473270e+04
   3.5700000e+01  -1.3161309e+05   6.5048504e+04
   3.5800000e+01   1.2582678e+04   7.7427148e+04
   3.5900000e+01   1.5738916e+05   7.2037641e+04
   3.6000000e+01   2.7892709e+05   4.4071008e+04
   3.6100000e+01   3.7287434e+05   8.0988042e+03
   3.6200000e+01   4.5698003e+05  -1.1468719e+04
   3.6300000e+01   5.5350394e+05   1.6144824e+02
   3.6400000e+01   6.6522375e+05   3.5073531e+04
   3.6500000e+01   7.6707706e+05   6.8181094e+04
   3.6600000e+01   8.2259000e+05   7.7299492e+04
   3.6700000e+01   8.1141281e+05   5.9881516e+04
   3.6800000e+01   7.4399906e+05   3.1835293e+04
   3.6900000e+01   6.5169625e+05   1.1699801e+04
   3.7000000e+01   5.6271550e+05   6.9937500e+03
   3.7100000e+01   4.8523422e+05   1.4246856e+04
   3.7200000e+01   4.0966622e+05   2.7552404e+04
   3.7300000e+01   3.2389738e+05   4.3029008e+04
   3.7400000e+01   2.2576522e+05   5.6046664e+04
   3.7500000e+01   1.2316896e+05   5.9802031e+04
   3.7600000e+01   2.5424268e+04   5.1169988e+04
   3.7700000e+01  -6.3667215e+04   3.6976590e+04
   3.7800000e+01  -1.4501692e+05   3.0037223e+04
   3.7900000e+01  -2.1880917e+05   3.6467438e+04
   3.8000000e+01  -2.8151344e+05   4.8322801e+04
   3.8100000e+01  -3.2850653e+05   5.1147703e+04
   3.8200000e+01  -3.5912059e+05   3.8911109e+04
   3.8300000e+01  -3.7892650e+05   1.9927312e+04
   3.8400000e+01  -3.9730675e+05   7.4470957e+03
   3.8500000e+01  -4.2237972e+05   5.4512129e+03
   3.8600000e+01  -4.5639275e+05   4.5128857e+03
   3.8700000e+01  -4.9362544e+05  -9.0655205e+03
   3.8800000e+01  -5.2214797e+05  -4.0974742e+04
   3.8900000e+01  -5.3007700e+05  -8.4783656e+04
   3.9000000e+01  -5.1394816e+05  -1.2758330e+05
   3.9100000e+01  -4.8284544e+05  -1.5840727e+05
   3.9200000e+01  -4.5279722e+05  -1.7282720e+05
   3.9300000e+01  -4.3420066e+05  -1.7299734e+05
   3.9400000e+01  -4.2339247e+05  -1.6576389e+05
   3.9500000e+01  -4.0727962e+05  -1.5989047e+05
   3.9600000e+01  -3.7712291e+05  -1.6157917e+05
   3.9700000e+01  -3.3750438e+05  -1.6936050e+05
   3.9800000e+01  -3.0117888e+05  -1.7269078e+05
   3.9900000e+01  -2.7538059e+05  -1.5772680e+05
   4.0000000e+01  -2.5391619e+05  -1.1779128e+05
   4.0100000e+01  -2.2285642e+05  -6.0626727e+04
   4.0200000e+01  -1.7355172e+05  -5.5762031e+03
   4.0300000e+01  -1.0978583e+05   2.8853977e+04
   4.0400000e+01  -4.2230180e+04   3.8774633e+04
   4.0500000e+01   2.3982838e+04   3.9402707e+04
   4.0600000e+01   9.5701125e+04   5.5002582e+04
   4.0700000e+01   1.8457888e+05   9.9686047e+04
   4.0800000e+01   2.9218891e+05   1.6341673e+05
   4.0900000e+01   4.0263188e+05   2.1623931e+05
   4.1000000e+01   4.9233141e+05   2.2991192e+05
   4.1100000e+01   5.4970262e+05   1.9994525e+05
   4.1200000e+01   5.8584956e+05   1.4863008e+05
   4.1300000e+01   6.2478650e+05   1.0591309e+05
   4.1400000e+01   6.8150344e+05   8.5425156e+04
   4.1500000e+01   7.4795094e+05   7.7071539e+04
   4.1600000e+01   7.9886625e+05   6.1033242e+04
   4.1700000e+01   8.1080706e+05   2.7876086e+04
   4.1800000e+01   7.7769388e+05  -1.4253419e+04
   4.1900000e+01   7.1207631e+05  -4.9664344e+04
   4.2000000e+01   6.3450744e+05  -7.0096797e+04
   4.2100000e+01   5.6114444e+05  -8.0030812e+04
   4.2200000e+01   4.9765128e+05  -8.9559594e+04
   4.2300000e+01   4.4036766e+05  -1.0412962e+05
   4.2400000e+01   3.8057656e+05  -1.2109387e+05
   4.2500000e+01   3.0814331e+05  -1.3408986e+05
   4.2600000e+01   2.1463545e+05  -1.3885814e+05
   4.2700000e+01   9.7657508e+04  -1.3522906e+05
   4.2800000e+01  -3.5196586e+04  -1.2574478e+05
   4.2900000e+01  -1.6801536e+05  -1.1383974e+05
   4.3000000e+01  -2.8597778e+05  -1.0227712e+05
   4.3100000e+01  -3.8570362e+05  -9.1039984e+04
   4.3200000e+01  -4.7581444e+05  -7.6118898e+04
   4.3300000e+01  -5.6557694e+05  -5.2310875e+04
   4.3400000e+01  -6.5293000e+05  -1.9504160e+04
   4.3500000e+01  -7.2532975e+05   1.3748586e+04
   4.3600000e+01  -7.7317588e+05   3.5038203e+04
   4.3700000e+01  -8.0088919e+05   3.8585078e+04
   4.3800000e+01  -8.2250144e+05   3.1380715e+04
   4.3900000e+01  -8.4569506e+05   2.7994096e+04
   4.4000000e+01  -8.6130312e+05   3.8293309e+04
   4.4100000e+01  -8.4960181e+05   5.9834426e+04
   4.4200000e+01  -7.9697144e+05   8.2051820e+04
   4.4300000e+01  -7.0641944e+05   9.7312312e+04
   4.4400000e+01  -5.9310588e+05   1.0710342e+05
   4.4500000e+01  -4.7159472e+05   1.1732923e+05
   4.4600000e+01  -3.4808309e+05   1.2882695e+05
   4.4700000e+01  -2.2299270e+05   1.3463094e+05
   4.4800000e+01  -9.7565016e+04   1.2791885e+05
   4.4900000e+01   2.4425367e+04   1.1197215e+05
   4.5000000e+01   1.4073062e+05   1.0013416e+05
   4.5100000e+01   2.5340211e+05   1.0424141e+05
   4.5200000e+01   3.6488638e+05   1.2311301e+05
   4.5300000e+01   4.7104534e+05   1.4339600e+05
   4.5400000e+01   5.5997056e+05   1.5202119e+05
   4.5500000e+01   6.2018588e+05   1.4716030e+05
   4.5600000e+01   6.5134638e+05   1.3666281e+05
   4.5700000e+01   6.6638219e+05   1.2686158e+05
   4.5800000e+01   6.8124375e+05   1.1476788e+05
   4.5900000e+01   7.0030319e+05   9.2307586e+04
   4.6000000e+01   7.1056275e+05   5.7742141e+04
   4.6100000e+01   6.9099031e+05   2.1350250e+04
   4.6200000e+01   6.3017050e+05  -1.9574786e+03
   4.6300000e+01   5.3742644e+05  -6.9049634e+03
   4.6400000e+01   4.3731753e+05  -4.8555176e+03
   4.6500000e+01   3.5173566e+05  -1.5361387e+04
   4.6600000e+01   2.8505888e+05  -4.8964883e+04
   4.6700000e+01   2.2490836e+05  -9.7370516e+04
   4.6800000e+01   1.5619138e+05  -1.4076475e+05
   4.6900000e+01   7.4132594e+04  -1.6535628e+05
   4.7000000e+01  -1.4942616e+04  -1.7418823e+05
   4.7100000e+01  -1.0245316e+05  -1.8169819e+05
   4.7200000e+01  -1.8462561e+05  -1.9927973e+05
   4.7300000e+01  -2.6146702e+05  -2.2689800e+05
   4.7400000e+01  -3.3220931e+05  -2.5705777e+05
   4.7500000e+01  -3.9459166e+05  -2.8355831e+05
   4.7600000e+01  -4.4806269e+05  -3.0451984e+05
   4.7700000e+01  -4.9483500e+05  -3.1870978e+05
   4.7800000e+01  -5.3620094e+05  -3.2289625e+05
   4.7900000e+01  -5.6909356e+05  -3.1509897e+05
   4.8000000e+01  -5.8824631e+05  -2.9902462e+05
   4.8100000e+01  -5.9153125e+05  -2.8196041e+05
   4.8200000e+01  -5.8102306e+05  -2.6647509e+05
   4.8300000e+01  -5.5769219e+05  -2.4537278e+05
   4.8400000e+01  -5.1671069e+05  -2.0733402e+05
   4.8500000e+01  -4.5069178e+05  -1.4864912e+05
   4.8600000e+01  -3.5836988e+05  -7.8349648e+04
   4.8700000e+01  -2.4854534e+05  -1.0275436e+04
   4.8800000e+01  -1.3388533e+05   4.9949570e+04
   4.8900000e+01  -2.1135043e+04   1.0884674e+05
   4.9000000e+01   9.1166469e+04   1.7548669e+05
   4.9100000e+01   2.0501547e+05   2.4912988e+05
   4.9200000e+01   3.1453728e+05   3.1819338e+05
   4.9300000e+01   4.0705738e+05   3.7194738e+05
   4.9400000e+01   4.7306306e+05   4.1178578e+05
   4.9500000e+01   5.1415562e+05   4.4896147e+05
   4.9600000e+01   5.3975169e+05   4.9043769e+05
   4.9700000e+01   5.5528281e+05   5.2774444e+05
   4.9800000e+01   5.5434956e+05   5.4117238e+05
   4.9900000e+01   5.2419350e+05   5.1626672e+05
   5.0000000e+01   4.6026794e+05   4.5749138e+05
   5.0100000e+01   3.7516666e+05   3.8656550e+05
   5.0200000e+01   2.9140791e+05   3.2668034e+05
   5.0300000e+01   2.2364895e+05   2.8555097e+05
   5.0400000e+01   1.6749680e+05   2.5086427e+05
   5.0500000e+01   1.0612120e+05   2.0185391e+05
   5.0600000e+01   2.7882027e+04   1.2808567e+05
   5.0700000e+01  -6.2505148e+04   4.0071930e+04
   5.0800000e+01  -1.4862631e+05  -3.8140172e+04
   5.0900000e+01  -2.1526856e+05  -8.9105422e+04
   5.1000000e+01  -2.5571178e+05  -1.1699582e+05
   5.1100000e+01  -2.6951600e+05  -1.4297433e+05
   5.1200000e+01  -2.5881386e+05  -1.8491803e+05
   5.1300000e+01  -2.2988567e+05  -2.4125509e+05
   5.1400000e+01  -1.9574212e+05  -2.9427731e+05
   5.1500000e+01  -1.7109725e+05  -3.2771625e+05
   5.1600000e+01  -1.6074319e+05  -3.3928662e+05
   5.1700000e+01  -1.5371933e+05  -3.3662194e+05
   5.1800000e+01  -1.3260658e+05  -3.2439222e+05
   5.1900000e+01  -9.1029258e+04  -2.9874009e+05
   5.2000000e+01  -4.1704090e+04  -2.5452112e+05
   5.2100000e+01  -5.9956621e+03  -1.9569438e+05
   5.2200000e+01   4.5905771e+03  -1.3694492e+05
   5.2300000e+01  -3.8747847e+03  -9.5308453e+04
   5.2400000e+01  -1.7373014e+04  -8.0193586e+04
   5.2500000e+01  -2.8655514e+04  -8.9346641e+04
   5.2600000e+01  -4.0867719e+04  -1.1131133e+05
   5.2700000e+01  -5.8258703e+04  -1.3101927e+05
   5.2800000e+01  -7.6957805e+04  -1.3632995e+05
   5.2900000e+01  -8.7022430e+04  -1.2449282e+05
   5.3000000e+01  -8.2419320e+04  -1.0548996e+05
   5.3100000e+01  -6.6646547e+04  -9.7717422e+04
   5.3200000e+01  -4.8073465e+04  -1.1560185e+05
   5.3300000e+01  -3.1363139e+04  -1.5687955e+05
   5.3400000e+01  -1.4596789e+04  -2.0078767e+05
   5.3500000e+01   6.2568594e+03  -2.2107478e+05
   5.3600000e+01   3.2048885e+04  -2.0445839e+05
   5.3700000e+01   5.9996719e+04  -1.5905144e+05
   5.3800000e+01   8.6769906e+04  -1.0587050e+05
   5.3900000e+01   1.1009416e+05  -6.2101496e+04
   5.4000000e+01   1.2717652e+05  -3.1426891e+04
   5.4100000e+01   1.3348341e+05  -7.8564492e+03
   5.4200000e+01   1.2563242e+05   1.4446066e+04
   5.4300000e+01   1.0675303e+05   3.6691285e+04
   5.4400000e+01   8.7791695e+04   5.8921078e+04
   5.4500000e+01   8.0323438e+04   8.4336477e+04
   5.4600000e+01   8.5081875e+04   1.1781227e+05
   5.4700000e+01   8.7332172e+04   1.6005403e+05
   5.4800000e+01   6.6514656e+04   2.0422916e+05
   5.4900000e+01   1.4194025e+04   2.3912939e+05
   5.5000000e+01  -5.6001598e+04   2.5638378e+05
   5.5100000e+01  -1.1748672e+05   2.5594772e+05
   5.5200000e+01  -1.5189886e+05   2.4597898e+05
   5.5300000e+01  -1.6271919e+05   2.3741111e+05
   5.5400000e+01  -1.6868647e+05   2.3685672e+05
   5.5500000e+01  -1.8427936e+05   2.4242506e+05
   5.5600000e+01  -2.0628253e+05   2.4529825e+05
   5.5700000e+01  -2.1743233e+05   2.3624848e+05
   5.5800000e+01  -2.0088183e+05   2.1287853e+05
   5.5900000e+01  -1.5151352e+05   1.8257350e+05
   5.6000000e+01  -7.7124969e+04   1.5861980e+05
   5.6100000e+01   7.1590928e+03   1.5129945e+05
   5.6200000e+01   8.5400578e+04   1.5962241e+05
   5.6300000e+01   1.4627478e+05   1.7011136e+05
   5.6400000e+01   1.8739511e+05   1.6503439e+05
   5.6500000e+01   2.1654261e+05   1.3521861e+05
   5.6600000e+01   2.4704028e+05   8.7680234e+04
   5.6700000e+01   2.8829275e+05   4.1229852e+04
   5.6800000e+01   3.3734072e+05   1.2881543e+04
   5.6900000e+01   3.7777481e+05   6.0012339e+03
   5.7000000e+01   3.8765050e+05   9.7123154e+03
   5.7100000e+01   3.5190753e+05   9.0518008e+03
   5.7200000e+01   2.7162838e+05  -3.8027090e+03
   5.7300000e+01   1.6427916e+05  -2.6602789e+04
   5.7400000e+01   5.4708406e+04  -5.2872250e+04
   5.7500000e+01  -3.7465684e+04  -7.8871328e+04
   5.7600000e+01  -1.0635538e+05  -1.0469288e+05
   5.7700000e+01  -1.5941434e+05  -1.3032757e+05
   5.7800000e+01  -2.0909331e+05  -1.5323148e+05
   5.7900000e+01  -2.6224306e+05  -1.7101767e+05
   5.8000000e+01  -3.1419791e+05  -1.8530052e+05
   5.8100000e+01  -3.5139616e+05  -2.0038017e+05
   5.8200000e+01  -3.6050128e+05  -2.1712808e+05
   5.8300000e+01  -3.3737372e+05  -2.3008745e+05
   5.8400000e+01  -2.8982972e+05  -2.3362581e+05
   5.8500000e+01  -2.3320853e+05  -2.3158030e+05
   5.8600000e+01  -1.8222456e+05  -2.3765112e+05
   5.8700000e+01  -1.4330044e+05  -2.6172834e+05
   5.8800000e+01  -1.1081371e+05  -2.9397003e+05
   5.8900000e+01  -7.0646938e+04  -3.0496984e+05
   5.9000000e+01  -1.1939992e+04  -2.6679562e+05
   5.9100000e+01   5.9698855e+04  -1.7819341e+05
   5.9200000e+01   1.2035020e+05  -7.0522695e+04
   5.9300000e+01   1.4350231e+05   1.2607209e+04
   5.9400000e+01   1.2196908e+05   4.5346586e+04
   5.9500000e+01   7.5019023e+04   3.4883250e+04
   5.9600000e+01   3.2630814e+04   1.1984439e+04
   5.9700000e+01   1.2551541e+04   7.4901016e+03
   5.9800000e+01   1.2929109e+04   3.3379496e+04
   5.9900000e+01   2.4443912e+04   7.8988617e+04
   6.0000000e+01   4.3865207e+04   1.2056834e+05
   6.0100000e+01   7.2615086e+04   1.3629028e+05
   6.0200000e+01   1.0575814e+05   1.1908513e+05
   6.0300000e+01   1.2976132e+05   8.1429258e+04
   6.0400000e+01   1.3488381e+05   4.8586434e+04
   6.0500000e+01   1.2728189e+05   4.2449449e+04
   6.0600000e+01   1.2440715e+05   6.5641609e+04
   6.0700000e+01   1.3714645e+05   9.8044852e+04
   6.0800000e+01   1.5831488e+05   1.1049836e+05
   6.0900000e+01   1.6999044e+05   8.7092578e+04
   6.1000000e+01   1.6124398e+05   3.9079453e+04
   6.1100000e+01   1.3762827e+05  -1.7449099e+03
   6.1200000e+01   1.1395209e+05  -6.4080176e+03
   6.1300000e+01   9.8912164e+04   2.9420400e+04
   6.1400000e+01   8.6509711e+04   8.3200570e+04
   6.1500000e+01   6.1498273e+04   1.2431912e+05
   6.1600000e+01   1.3722770e+04   1.3668158e+05
   6.1700000e+01  -5.0927613e+04   1.2535398e+05
   6.1800000e+01  -1.1283248e+05   1.0420020e+05
   6.1900000e+01  -1.5346916e+05   8.0190969e+04
   6.2000000e+01  -1.7038267e+05   5.1080609e+04
   6.2100000e+01  -1.7820712e+05   1.6246205e+04
   6.2200000e+01  -1.9407455e+05  -1.4690033e+04
   6.2300000e+01  -2.2150136e+05  -2.7453629e+04
   6.2400000e+01  -2.4868169e+05  -1.7727383e+04
   6.2500000e+01  -2.6174764e+05   1.6147231e+03
   6.2600000e+01  -2.5788689e+05   1.0008786e+04
   6.2700000e+01  -2.4508080e+05  -2.6239795e+03
   6.2800000e+01  -2.3146222e+05  -2.6530008e+04
   6.2900000e+01  -2.1777934e+05  -4.0857566e+04
   6.3000000e+01  -1.9975028e+05  -3.1990799e+04
   6.3100000e+01  -1.7389281e+05  -3.6144893e+03
   6.3200000e+01  -1.3815042e+05   3.0514840e+04
   6.3300000e+01  -8.8531031e+04   6.1862336e+04
   6.3400000e+01  -2.0070773e+04   9.3160148e+04
   6.3500000e+01   6.5426340e+04   1.2929251e+05
   6.3600000e+01   1.5337686e+05   1.6518045e+05
   6.3700000e+01   2.2175545e+05   1.8628125e+05
   6.3800000e+01   2.5599636e+05   1.8191583e+05
   6.3900000e+01   2.6042078e+05   1.5611000e+05
   6.4000000e+01   2.5491297e+05   1.2375611e+05
   6.4100000e+01   2.5905158e+05   9.7081234e+04
   6.4200000e+01   2.7761988e+05   7.7214938e+04
   6.4300000e+01   2.9980575e+05   5.7476914e+04
   6.4400000e+01   3.1119972e+05   3.1248875e+04
   6.4500000e+01   3.0602822e+05  -4.7989688e+03
   6.4600000e+01   2.8849559e+05  -5.2031594e+04
   6.4700000e+01   2.6463756e+05  -1.0957854e+05
   6.4800000e+01   2.3580848e+05  -1.7118584e+05
   6.4900000e+01   2.0107003e+05  -2.2497095e+05
   6.5000000e+01   1.6352522e+05  -2.5989422e+05
   6.5100000e+01   1.3047241e+05  -2.7396812e+05
   6.5200000e+01   1.0581062e+05  -2.7559747e+05
   6.5300000e+01   8.4273070e+04  -2.7620947e+05
   6.5400000e+01   5.5824574e+04  -2.8135206e+05
   6.5500000e+01   1.5915940e+04  -2.8822934e+05
   6.5600000e+01  -3.0463021e+04  -2.9021450e+05
   6.5700000e+01  -7.5516484e+04  -2.8245353e+05
   6.5800000e+01  -1.1750302e+05  -2.6363641e+05
   6.5900000e+01  -1.6099806e+05  -2.3441380e+05
   6.6000000e+01  -2.0916628e+05  -1.9589852e+05
   6.6100000e+01  -2.5841383e+05  -1.4992839e+05
   6.6200000e+01  -3.0180059e+05  -9.9696969e+04
   6.6300000e+01  -3.3591128e+05  -4.8818102e+04
   6.6400000e+01  -3.6197109e+05   8.8521582e+02
   6.6500000e+01  -3.8031591e+05   5.0345781e+04
   6.6600000e+01  -3.8640672e+05   1.0098781e+05
   6.6700000e+01  -3.7454106e+05   1.5073028e+05
   6.6800000e+01  -3.4520325e+05   1.9277527e+05
   6.6900000e+01  -3.0682747e+05   2.2000241e+05
   6.7000000e+01  -2.6908078e+05   2.3164670e+05
   6.7100000e+01  -2.3470666e+05   2.3493062e+05
   6.7200000e+01  -1.9860353e+05   2.3858438e+05
   6.7300000e+01  -1.5460377e+05   2.4451162e+05
   6.7400000e+01  -1.0215094e+05   2.4723448e+05
   6.7500000e+01  -4.5765965e+04   2.4252281e+05
   6.7600000e+01   1.1548953e+04   2.3537278e+05
   6.7700000e+01   7.3070438e+04   2.3706836e+05
   6.7800000e+01   1.4491206e+05   2.5315836e+05
   6.7900000e+01   2.2634017e+05   2.7509700e+05
   6.8000000e+01   3.0323444e+05   2.8514062e+05
   6.8100000e+01   3.5320322e+05   2.7034975e+05
   6.8200000e+01   3.6092378e+05   2.3250305e+05
   6.8300000e+01   3.3136569e+05   1.8537594e+05
   6.8400000e+01   2.8797256e+05   1.4290502e+05
   6.8500000e+01   2.5550347e+05   1.0886672e+05
   6.8600000e+01   2.4181173e+05   7.5780609e+04
   6.8700000e+01   2.3414905e+05   3.2601656e+04
   6.8800000e+01   2.1175455e+05  -2.5416342e+04
   6.8900000e+01   1.6211916e+05  -9.2058273e+04
   6.9000000e+01   8.7865953e+04  -1.5384333e+05
   6.9100000e+01   2.5497578e+03  -1.9892712e+05
   6.9200000e+01  -7.7328273e+04  -2.2410641e+05
   6.9300000e+01  -1.3813153e+05  -2.3476044e+05
   6.9400000e+01  -1.7256352e+05  -2.3905388e+05
   6.9500000e+01  -1.8212398e+05  -2.4254817e+05
   6.9600000e+01  -1.7708666e+05  -2.4760969e+05
   6.9700000e+01  -1.7175812e+05  -2.5589811e+05
   6.9800000e+01  -1.7623228e+05  -2.6897088e+05
   6.9900000e+01  -1.8955614e+05  -2.8539512e+05
   7.0000000e+01  -1.9923566e+05  -2.9842541e+05
   7.0100000e+01  -1.8843881e+05  -2.9895750e+05
   7.0200000e+01  -1.4730306e+05  -2.8257788e+05
   7.0300000e+01  -8.0988219e+04  -2.5366034e+05
   7.0400000e+01  -7.7919072e+03  -2.2109312e+05
   7.0500000e+01   5.2580402e+04  -1.8887275e+05
   7.0600000e+01   9.1879781e+04  -1.5152645e+05
   7.0700000e+01   1.1662627e+05  -1.0077921e+05
   7.0800000e+01   1.3931506e+05  -3.8042445e+04
   7.0900000e+01   1.6598534e+05   2.0799863e+04
   7.1000000e+01   1.9150388e+05   5.6030328e+04
   7.1100000e+01   2.0598072e+05   6.2044926e+04
   7.1200000e+01   2.0528505e+05   5.4877824e+04
   7.1300000e+01   1.9558298e+05   6.0135254e+04
   7.1400000e+01   1.8794003e+05   9.1756891e+04
   7.1500000e+01   1.8792147e+05   1.4192492e+05
   7.1600000e+01   1.8933473e+05   1.9101444e+05
   7.1700000e+01   1.7799241e+05   2.2575544e+05
   7.1800000e+01   1.4334500e+05   2.4681916e+05
   7.1900000e+01   8.9047695e+04   2.6102991e+05
   7.2000000e+01   3.3498828e+04   2.7086969e+05
   7.2100000e+01  -1.2630732e+03   2.7415762e+05
   7.2200000e+01  -4.7705488e+03   2.7128416e+05
   7.2300000e+01   1.3682896e+04   2.6729997e+05
   7.2400000e+01   3.0323875e+04   2.6446631e+05
   7.2500000e+01   2.2744650e+04   2.5566003e+05
   7.2600000e+01  -1.4299631e+04   2.2970466e+05
   7.2700000e+01  -6.4742547e+04   1.8449981e+05
   7.2800000e+01  -1.0290293e+05   1.3234878e+05
   7.2900000e+01  -1.1306191e+05   8.9582602e+04
   7.3000000e+01  -1.0129823e+05   6.0808168e+04
   7.3100000e+01  -8.9349984e+04   3.4976180e+04
   7.3200000e+01  -9.6135164e+04  -2.1946133e+03
   7.3300000e+01  -1.2400718e+05  -5.2438223e+04
   7.3400000e+01  -1.6126677e+05  -1.0192276e+05
   7.3500000e+01  -1.9532925e+05  -1.3353403e+05
   7.3600000e+01  -2.2126014e+05  -1.4202191e+05
   7.3700000e+01  -2.3848003e+05  -1.3797273e+05
   7.3800000e+01  -2.4335711e+05  -1.3804091e+05
   7.3900000e+01  -2.2897402e+05  -1.5092209e+05
   7.4000000e+01  -1.9275436e+05  -1.7062641e+05
   7.4100000e+01  -1.4236169e+05  -1.8118266e+05
   7.4200000e+01  -9.2397406e+04  -1.6819111e+05
   7.4300000e+01  -5.4553156e+04  -1.2921163e+05
   7.4400000e+01  -2.9725326e+04  -7.7001586e+04
   7.4500000e+01  -7.8678735e+03  -3.3832141e+04
   7.4600000e+01   2.4610307e+04  -1.9411139e+04
   7.4700000e+01   7.4344039e+04  -3.8751102e+04
   7.4800000e+01   1.3398617e+05  -7.7836336e+04
   7.4900000e+01   1.8456378e+05  -1.1137641e+05
   7.5000000e+01   2.0728720e+05  -1.1881002e+05
   7.5100000e+01   1.9636030e+05  -9.7915102e+04
   7.5200000e+01   1.6196864e+05  -6.6223188e+04
   7.5300000e+01   1.2108353e+05  -4.8949258e+04
   7.5400000e+01   8.5057938e+04  -6.1654410e+04
   7.5500000e+01   5.4763875e+04  -9.9363203e+04
   7.5600000e+01   2.4949617e+04  -1.3951227e+05
   7.5700000e+01  -9.0916016e+03  -1.5706453e+05
   7.5800000e+01  -4.8534766e+04  -1.4169744e+05
   7.5900000e+01  -9.1255359e+04  -1.0461992e+05
   7.6000000e+01  -1.3228339e+05  -6.9349055e+04
   7.6100000e+01  -1.6454955e+05  -5.3273918e+04
   7.6200000e+01  -1.8199105e+05  -5.4951887e+04
   7.6300000e+01  -1.8397614e+05  -5.7321773e+04
   7.6400000e+01  -1.7632462e+05  -4.2670590e+04
   7.6500000e+01  -1.6625377e+05  -5.2071050e+03
   7.6600000e+01  -1.5529169e+05   4.8374551e+04
   7.6700000e+01  -1.3764898e+05   1.0661078e+05
   7.6800000e+01  -1.0654227e+05   1.5888958e+05
   7.6900000e+01  -6.2047355e+04   1.9548602e+05
   7.7000000e+01  -1.1520987e+04   2.0850614e+05
   7.7100000e+01   3.8250074e+04   1.9885025e+05
   7.7200000e+01   8.7688211e+04   1.8249503e+05
   7.7300000e+01   1.4077272e+05   1.8384473e+05
   7.7400000e+01   1.9446927e+05   2.1570903e+05
   7.7500000e+01   2.3466608e+05   2.6342278e+05
   7.7600000e+01   2.4598105e+05   2.9207406e+05
   7.7700000e+01   2.2622367e+05   2.7465409e+05
   7.7800000e+01   1.8934030e+05   2.1615827e+05
   7.7900000e+01   1.5303245e+05   1.5003647e+05
   7.8000000e+01   1.2462685e+05   1.0943771e+05
   7.8100000e+01   1.0009276e+05   9.9803766e+04
   7.8200000e+01   7.4995156e+04   9.7085719e+04
   7.8300000e+01   5.2573875e+04   7.0876781e+04
   7.8400000e+01   3.9042848e+04   1.0047810e+04
   7.8500000e+01   3.2628023e+04  -7.0345117e+04
   7.8600000e+01   2.0842973e+04  -1.4290434e+05
   7.8700000e+01  -8.7176270e+03  -1.8762469e+05
   7.8800000e+01  -5.4194188e+04  -2.0192838e+05
   7.8900000e+01  -9.6789266e+04  -1.9716414e+05
   7.9000000e+01  -1.1387604e+05  -1.8851656e+05
   7.9100000e+01  -9.6844445e+04  -1.8658300e+05
   7.9200000e+01  -5.7566805e+04  -1.9357003e+05
   7.9300000e+01  -1.7590939e+04  -2.0312869e+05
   7.9400000e+01   9.8232295e+03  -2.0338544e+05
   7.9500000e+01   2.8379354e+04  -1.8363706e+05
   7.9600000e+01   5.1211969e+04  -1.4237489e+05
   7.9700000e+01   8.5795055e+04  -9.0491625e+04
   7.9800000e+01   1.2589000e+05  -4.5099238e+04
   7.9900000e+01   1.5665144e+05  -1.7273090e+04
   8.0000000e+01   1.6637667e+05  -3.7799121e+03
   8.0100000e+01   1.5417092e+05   9.4052568e+03
   8.0200000e+01   1.2863208e+05   3.4146141e+04
   8.0300000e+01   1.0053281e+05   6.8792703e+04
   8.0400000e+01   7.5642562e+04   9.8497219e+04
   8.0500000e+01   5.2205941e+04   1.0735859e+05
   8.0600000e+01   2.4059119e+04   9.2233766e+04
   8.0700000e+01  -1.3222744e+04   6.6286906e+04
   8.0800000e+01  -5.7819414e+04   4.9067812e+04
   8.0900000e+01  -1.0213147e+05   5.1685199e+04
   8.1000000e+01  -1.3740098e+05   6.9501523e+04
   8.1100000e+01  -1.5859916e+05   8.7067758e+04
   8.1200000e+01  -1.6640094e+05   8.9130016e+04
   8.1300000e+01  -1.6567002e+05   6.8816516e+04
   8.1400000e+01  -1.6133769e+05   3.0242840e+04
   8.1500000e+01  -1.5337411e+05  -1.2305090e+04
   8.1600000e+01  -1.3445164e+05  -3.8714859e+04
   8.1700000e+01  -9.4513555e+04  -3.3438609e+04
   8.1800000e+01  -3.1544492e+04   1.5033677e+03
   8.1900000e+01   4.0173586e+04   4.2922105e+04
   8.2000000e+01   9.4452883e+04   6.0811191e+04
   8.2100000e+01   1.1011824e+05   4.2002695e+04
   8.2200000e+01   8.7197508e+04   1.8105674e+03
   8.2300000e+01   4.7617605e+04  -2.8838184e+04
   8.2400000e+01   1.8842031e+04  -3.0009369e+04
   8.2500000e+01   1.3959093e+04  -9.0410195e+03
   8.2600000e+01   2.4110383e+04   7.2490034e+03
   8.2700000e+01   2.7755699e+04  -4.0798672e+03
   8.2800000e+01   7.7819565e+03  -4.3848699e+04
   8.2900000e+01  -3.6878941e+04  -9.1342891e+04
   8.3000000e+01  -9.2278594e+04  -1.2073537e+05
   8.3100000e+01  -1.4027125e+05  -1.1907459e+05
   8.3200000e+01  -1.7001248e+05  -9.2968594e+04
   8.3300000e+01  -1.8205489e+05  -6.1432703e+04
   8.3400000e+01  -1.8357358e+05  -4.2322004e+04
   8.3500000e+01  -1.8010072e+05  -4.2262230e+04
   8.3600000e+01  -1.7098641e+05  -5.5144961e+04
   8.3700000e+01  -1.5165686e+05  -6.7897602e+04
   8.3800000e+01  -1.1967856e+05  -6.9209156e+04
   8.3900000e+01  -7.8899750e+04  -5.6783082e+04
   8.4000000e+01  -3.8168113e+04  -3.9146875e+04
   8.4100000e+01  -5.7531001e+03  -2.9822143e+04
   8.4200000e+01   1.6088327e+04  -3.6706664e+04
   8.4300000e+01   3.2014297e+04  -5.4941914e+04
   8.4400000e+01   4.8901516e+04  -7.0418766e+04
   8.4500000e+01   6.9099547e+04  -7.1768422e+04
   8.4600000e+01   8.7560070e+04  -5.9879441e+04
   8.4700000e+01   9.5924578e+04  -4.5902492e+04
   8.4800000e+01   9.0057711e+04  -4.0250516e+04
   8.4900000e+01   7.3574289e+04  -4.3811984e+04
   8.5000000e+01   5.3788895e+04  -4.9019316e+04
   8.5100000e+01   3.4906352e+04  -4.7358832e+04
   8.5200000e+01   1.6463527e+04  -3.4434215e+04
   8.5300000e+01  -1.5478652e+03  -9.1865586e+03
   8.5400000e+01  -1.4220798e+04   2.7988158e+04
   8.5500000e+01  -1.4914635e+04   7.3523641e+04
   8.5600000e+01  -3.2336797e+03   1.1818246e+05
   8.5700000e+01   1.2117447e+04   1.5044889e+05
   8.5800000e+01   2.0342346e+04   1.6604459e+05
   8.5900000e+01   1.8598945e+04   1.7436912e+05
   8.6000000e+01   1.4472114e+04   1.9296841e+05
   8.6100000e+01   1.8741344e+04   2.3281056e+05
   8.6200000e+01   3.6526129e+04   2.8756778e+05
   8.6300000e+01   6.5122195e+04   3.3713175e+05
   8.6400000e+01   9.8365000e+04   3.6216091e+05
   8.6500000e+01   1.3118200e+05   3.5683988e+05
   8.6600000e+01   1.6031689e+05   3.3017794e+05
   8.6700000e+01   1.8307800e+05   2.9695662e+05
   8.6800000e+01   1.9752555e+05   2.6682762e+05
   8.6900000e+01   2.0403314e+05   2.3933070e+05
   8.7000000e+01   2.0532827e+05   2.0701986e+05
   8.7100000e+01   2.0375647e+05   1.6327980e+05
   8.7200000e+01   1.9819888e+05   1.0855261e+05
   8.7300000e+01   1.8400523e+05   5.0196891e+04
   8.7400000e+01   1.5635052e+05  -3.3187017e+03
   8.7500000e+01   1.1407105e+05  -4.8254422e+04
   8.7600000e+01   6.0946836e+04  -8.6695844e+04
   8.7700000e+01   4.1591938e+03  -1.2367228e+05
   8.7800000e+01  -4.8319340e+04  -1.6421220e+05
   8.7900000e+01  -9.0335461e+04  -2.1161608e+05
   8.8000000e+01  -1.2030573e+05  -2.6518575e+05
   8.8100000e+01  -1.4306248e+05  -3.1790722e+05
   8.8200000e+01  -1.6773362e+05  -3.5839419e+05
   8.8300000e+01  -2.0047970e+05  -3.7868400e+05
   8.8400000e+01  -2.3699075e+05  -3.8145431e+05
   8.8500000e+01  -2.6274816e+05  -3.7806947e+05
   8.8600000e+01  -2.6301238e+05  -3.7796500e+05
   8.8700000e+01  -2.3422211e+05  -3.8025506e+05
   8.8800000e+01  -1.8610444e+05  -3.7664172e+05
   8.8900000e+01  -1.3322619e+05  -3.6194931e+05
   8.9000000e+01  -8.5269766e+04  -3.4003553e+05
   8.9100000e+01  -4.4745684e+04  -3.1855203e+05
   8.9200000e+01  -1.1112440e+04  -2.9891300e+05
   8.9300000e+01   1.5776096e+04  -2.7306653e+05
   8.9400000e+01   3.6140531e+04  -2.3112616e+05
   8.9500000e+01   5.1624844e+04  -1.7244844e+05
   8.9600000e+01   6.4495574e+04  -1.0908927e+05
   8.9700000e+01   7.5928117e+04  -5.7702719e+04
   8.9800000e+01   8.5654711e+04  -2.6686848e+04
   8.9900000e+01   9.2436688e+04  -9.8651572e+03
   9.0000000e+01   9.4002867e+04   7.7534092e+03
   9.0100000e+01   8.7602547e+04   3.7430973e+04
   9.0200000e+01   7.2669219e+04   7.8684172e+04
   9.0300000e+01   5.3226234e+04   1.2253794e+05
   9.0400000e+01   3.5830895e+04   1.6189662e+05
   9.0500000e+01   2.3749816e+04   1.9820683e+05
   9.0600000e+01   1.3854730e+04   2.3771506e+05
   9.0700000e+01   5.9007568e+02   2.8161138e+05
   9.0800000e+01  -1.6979758e+04   3.2131828e+05
   9.0900000e+01  -3.2858383e+04   3.4556941e+05
   9.1000000e+01  -3.8887836e+04   3.5328088e+05
   9.1100000e+01  -3.1552457e+04   3.5816919e+05
   9.1200000e+01  -1.4973808e+04   3.7756053e+05
   9.1300000e+01   1.1201602e+03   4.1436772e+05
   9.1400000e+01   6.3174648e+03   4.5063291e+05
   9.1500000e+01  -4.9401519e+03   4.6108881e+05
   9.1600000e+01  -2.9559367e+04   4.3459984e+05
   9.1700000e+01  -5.6689996e+04   3.8258919e+05
   9.1800000e+01  -7.4173367e+04   3.2718731e+05
   9.1900000e+01  -7.6537625e+04   2.8256100e+05
   9.2000000e+01  -6.8271578e+04   2.4736922e+05
   9.2100000e+01  -6.0006461e+04   2.1151764e+05
   9.2200000e+01  -6.1330570e+04   1.6606358e+05
   9.2300000e+01  -7.5763766e+04   1.0714415e+05
   9.2400000e+01  -1.0014111e+05   3.5927254e+04
   9.2500000e+01  -1.2697805e+05  -4.0387934e+04
   9.2600000e+01  -1.4759662e+05  -1.0869827e+05
   9.2700000e+01  -1.5481859e+05  -1.5673500e+05
   9.2800000e+01  -1.4483383e+05  -1.8363892e+05
   9.2900000e+01  -1.1808197e+05  -2.0296138e+05
   9.3000000e+01  -7.8921211e+04  -2.3178977e+05
   9.3100000e+01  -3.3604398e+04  -2.7476009e+05
   9.3200000e+01   1.3347047e+04  -3.1886816e+05
   9.3300000e+01   6.2092895e+04  -3.4501169e+05
   9.3400000e+01   1.1605716e+05  -3.4564788e+05
   9.3500000e+01   1.7569738e+05  -3.3209450e+05
   9.3600000e+01   2.3337098e+05  -3.2492791e+05
   9.3700000e+01   2.7651203e+05  -3.3627422e+05
   9.3800000e+01   2.9807978e+05  -3.5956353e+05
   9.3900000e+01   3.0361653e+05  -3.7526109e+05
   9.4000000e+01   3.0608925e+05  -3.6687641e+05
   9.4100000e+01   3.1295441e+05  -3.3286919e+05
   9.4200000e+01   3.1906559e+05  -2.8480622e+05
   9.4300000e+01   3.1235791e+05  -2.3555522e+05
   9.4400000e+01   2.8470884e+05  -1.8986780e+05
   9.4500000e+01   2.3606558e+05  -1.4512384e+05
   9.4600000e+01   1.7019322e+05  -9.8440516e+04
   9.4700000e+01   9.0678031e+04  -5.1008328e+04
   9.4800000e+01   2.7963604e+03  -6.0643184e+03
   9.4900000e+01  -8.3768438e+04   3.4856641e+04
   9.5000000e+01  -1.5870880e+05   7.1674844e+04
   9.5100000e+01  -2.1904539e+05   1.0199891e+05
   9.5200000e+01  -2.7075250e+05   1.1978033e+05
   9.5300000e+01  -3.1922666e+05   1.2069712e+05
   9.5400000e+01  -3.5769528e+05   1.1100135e+05
   9.5500000e+01  -3.6782822e+05   1.1021124e+05
   9.5600000e+01  -3.3543509e+05   1.4047538e+05
   9.5700000e+01  -2.6740206e+05   2.0756066e+05
   9.5800000e+01  -1.9220319e+05   2.9017991e+05
   9.5900000e+01  -1.4089272e+05   3.5148956e+05
   9.6000000e+01  -1.2460259e+05   3.6689878e+05
   9.6100000e+01  -1.2874658e+05   3.4378516e+05
   9.6200000e+01  -1.2856152e+05   3.1322550e+05
   9.6300000e+01  -1.1082315e+05   3.0064050e+05
   9.6400000e+01  -8.2387250e+04   3.0406578e+05
   9.6500000e+01  -6.0663586e+04   3.0091159e+05
   9.6600000e+01  -5.7987273e+04   2.7412931e+05
   9.6700000e+01  -7.4405336e+04   2.2936528e+05
   9.6800000e+01  -1.0205180e+05   1.8656792e+05
   9.6900000e+01  -1.3314881e+05   1.5791628e+05
   9.7000000e+01  -1.6312423e+05   1.3687758e+05
   9.7100000e+01  -1.8772539e+05   1.0821061e+05
   9.7200000e+01  -1.9937912e+05   6.5136426e+04
   9.7300000e+01  -1.8832089e+05   1.4440121e+04
   9.7400000e+01  -1.4918722e+05  -3.3383883e+04
   9.7500000e+01  -8.7825945e+04  -7.4816867e+04
   9.7600000e+01  -2.1006777e+04  -1.1243177e+05
   9.7700000e+01   3.3207855e+04  -1.4606914e+05
   9.7800000e+01   6.7514688e+04  -1.6925098e+05
   9.7900000e+01   8.8991242e+04  -1.7613581e+05
   9.8000000e+01   1.1056026e+05  -1.7026075e+05
   9.8100000e+01   1.3840791e+05  -1.6393933e+05
   9.8200000e+01   1.6718530e+05  -1.6849006e+05
   9.8300000e+01   1.8633784e+05  -1.8564066e+05
   9.8400000e+01   1.8997711e+05  -2.0781277e+05
   9.8500000e+01   1.8089559e+05  -2.2475969e+05
   9.8600000e+01   1.6669370e+05  -2.2924647e+05
   9.8700000e+01   1.5322697e+05  -2.1878894e+05
   9.8800000e+01   1.4118056e+05  -1.9585886e+05
   9.8900000e+01   1.2745360e+05  -1.6843684e+05
   9.9000000e+01   1.0923463e+05  -1.4883592e+05
   9.9100000e+01   8.7346273e+04  -1.4815827e+05
   9.9200000e+01   6.6199172e+04  -1.6832381e+05
   9.9300000e+01   5.0081375e+04  -1.9830189e+05
   9.9400000e+01   3.8722906e+04  -2.1986698e+05
   9.9500000e+01   2.6679559e+04  -2.2008133e+05
   9.9600000e+01   8.7154932e+03  -1.9962911e+05
   9.9700000e+01  -1.2302740e+04  -1.6809959e+05
   9.9800000e+01  -2.3269986e+04  -1.3120708e+05
   9.9900000e+01  -1.0825091e+04  -8.6451883e+04
   1.0000000e+02   2.2779139e+04  -3.3270645e+04
