   1.1851270e+02   3.6301420e+01   1.8450000e+02
   1.1977996e+02   3.7001901e+01   3.1000000e+01
   0.0000000e+00   4.3360656e+05   4.3360656e+05
   1.0000000e-01   4.7774862e+05   4.0261325e+05
   2.0000000e-01   5.1653400e+05   3.8630994e+05
   3.0000000e-01   5.2645312e+05   3.6999509e+05
   4.0000000e-01   4.9314831e+05   3.3670703e+05
   5.0000000e-01   4.1844091e+05   2.8249156e+05
   6.0000000e-01   3.1865925e+05   2.1923680e+05
   7.0000000e-01   2.1759450e+05   1.6337170e+05
   8.0000000e-01   1.3710334e+05   1.2239767e+05
   9.0000000e-01   8.7850383e+04   9.2258672e+04
   1.0000000e+00   6.4613160e+04   6.6178898e+04
   1.1000000e+00   5.0679723e+04   4.3574934e+04
   1.2000000e+00   3.0055090e+04   2.8796727e+04
   1.3000000e+00  -1.3700850e+03   2.1651924e+04
   1.4000000e+00  -3.4943660e+04   1.1040490e+04
   1.5000000e+00  -5.8978633e+04  -2.0161652e+04
   1.6000000e+00  -6.9717000e+04  -8.2313844e+04
   1.7000000e+00  -7.3812672e+04  -1.6937752e+05
   1.8000000e+00  -8.1614477e+04  -2.6076967e+05
   1.9000000e+00  -9.9127930e+04  -3.3364388e+05
   2.0000000e+00  -1.2619195e+05  -3.7679119e+05
   2.1000000e+00  -1.6063053e+05  -3.9638816e+05
   2.2000000e+00  -2.0192970e+05  -4.0954322e+05
   2.3000000e+00  -2.4976200e+05  -4.3028869e+05
   2.4000000e+00  -2.9964594e+05  -4.5853175e+05
   2.5000000e+00  -3.4179494e+05  -4.8043644e+05
   2.6000000e+00  -3.6554969e+05  -4.7934441e+05
   2.7000000e+00  -3.6547188e+05  -4.4756950e+05
   2.8000000e+00  -3.4393934e+05  -3.8970653e+05
   2.9000000e+00  -3.0965972e+05  -3.1694378e+05
   3.0000000e+00  -2.7499028e+05  -2.3958219e+05
   3.1000000e+00  -2.5286519e+05  -1.6384689e+05
   3.2000000e+00  -2.5119586e+05  -9.2405711e+04
   3.3000000e+00  -2.6555003e+05  -2.4892564e+04
   3.4000000e+00  -2.7709250e+05   4.2031711e+04
   3.5000000e+00  -2.6215341e+05   1.1229737e+05
   3.6000000e+00  -2.0931844e+05   1.8529323e+05
   3.7000000e+00  -1.3013094e+05   2.5237747e+05
   3.8000000e+00  -5.2631184e+04   2.9955688e+05
   3.9000000e+00  -1.6447510e+03   3.1529975e+05
   4.0000000e+00   1.8255061e+04   2.9749519e+05
   4.1000000e+00   2.3308035e+04   2.5440805e+05
   4.2000000e+00   3.4775918e+04   1.9946688e+05
   4.3000000e+00   6.0450863e+04   1.4386608e+05
   4.4000000e+00   8.9311609e+04   9.1843961e+04
   4.5000000e+00   1.0404068e+05   4.1642875e+04
   4.6000000e+00   9.9963039e+04  -8.5733750e+03
   4.7000000e+00   9.1870773e+04  -5.4781816e+04
   4.8000000e+00   1.0074242e+05  -8.7241148e+04
   4.9000000e+00   1.3260773e+05  -9.8019219e+04
   5.0000000e+00   1.7121959e+05  -8.9418102e+04
   5.1000000e+00   1.9286397e+05  -7.4127953e+04
   5.2000000e+00   1.8844677e+05  -6.4969199e+04
   5.3000000e+00   1.7052397e+05  -6.3004523e+04
   5.4000000e+00   1.5960056e+05  -5.6050797e+04
   5.5000000e+00   1.6537455e+05  -3.0441447e+04
   5.6000000e+00   1.8090573e+05   1.4372731e+04
   5.7000000e+00   1.9139352e+05   6.2594988e+04
   5.8000000e+00   1.8570784e+05   9.4201273e+04
   5.9000000e+00   1.6164275e+05   1.0174763e+05
   6.0000000e+00   1.2587595e+05   9.6488117e+04
   6.1000000e+00   9.1839016e+04   9.8195695e+04
   6.2000000e+00   7.3974719e+04   1.1778248e+05
   6.3000000e+00   7.7487023e+04   1.4763395e+05
   6.4000000e+00   9.0871680e+04   1.6700688e+05
   6.5000000e+00   9.1436977e+04   1.5706075e+05
   6.6000000e+00   6.3075672e+04   1.1361211e+05
   6.7000000e+00   1.1246079e+04   4.9351352e+04
   6.8000000e+00  -3.9860648e+04  -1.4306829e+04
   6.9000000e+00  -6.6617234e+04  -5.9497469e+04
   7.0000000e+00  -6.4577801e+04  -8.0948258e+04
   7.1000000e+00  -5.0234484e+04  -8.6937797e+04
   7.2000000e+00  -4.5578430e+04  -9.1814266e+04
   7.3000000e+00  -5.9926246e+04  -1.0494741e+05
   7.4000000e+00  -8.4295391e+04  -1.2409110e+05
   7.5000000e+00  -1.0143898e+05  -1.3848647e+05
   7.6000000e+00  -1.0115620e+05  -1.3897411e+05
   7.7000000e+00  -8.7205469e+04  -1.2563625e+05
   7.8000000e+00  -7.1098141e+04  -1.0562534e+05
   7.9000000e+00  -6.0386453e+04  -8.4042930e+04
   8.0000000e+00  -5.3096836e+04  -5.8505605e+04
   8.1000000e+00  -4.2526145e+04  -2.4091594e+04
   8.2000000e+00  -2.6143023e+04   1.6706883e+04
   8.3000000e+00  -9.4552119e+03   5.0995473e+04
   8.4000000e+00  -1.8651702e+03   6.4535957e+04
   8.5000000e+00  -8.9358994e+03   5.4919223e+04
   8.6000000e+00  -2.7240393e+04   3.6001547e+04
   8.7000000e+00  -4.4883570e+04   2.8812457e+04
   8.8000000e+00  -4.7376430e+04   4.6333207e+04
   8.9000000e+00  -2.6326102e+04   8.4285219e+04
   9.0000000e+00   1.3684861e+04   1.2452142e+05
   9.1000000e+00   5.5503008e+04   1.4784031e+05
   9.2000000e+00   7.9045336e+04   1.4664202e+05
   9.3000000e+00   7.4763516e+04   1.2864368e+05
   9.4000000e+00   5.0621543e+04   1.0984173e+05
   9.5000000e+00   2.5932223e+04   1.0288602e+05
   9.6000000e+00   1.5976924e+04   1.0978242e+05
   9.7000000e+00   1.9797787e+04   1.2335463e+05
   9.8000000e+00   2.1742947e+04   1.3466502e+05
   9.9000000e+00   5.8713130e+03   1.3987375e+05
   1.0000000e+01  -2.9203258e+04   1.4165612e+05
   1.0100000e+01  -6.8397266e+04   1.4469675e+05
   1.0200000e+01  -9.3099945e+04   1.4906630e+05
   1.0300000e+01  -9.6986125e+04   1.4749878e+05
   1.0400000e+01  -8.9813586e+04   1.3039071e+05
   1.0500000e+01  -8.6087195e+04   9.5388086e+04
   1.0600000e+01  -9.0591125e+04   5.2265375e+04
   1.0700000e+01  -9.5541797e+04   1.6361549e+04
   1.0800000e+01  -9.1266156e+04  -5.0594453e+03
   1.0900000e+01  -7.7637102e+04  -2.0667250e+04
   1.1000000e+01  -6.3237793e+04  -4.8672352e+04
   1.1100000e+01  -5.3681125e+04  -1.0127107e+05
   1.1200000e+01  -4.3222422e+04  -1.7361644e+05
   1.1300000e+01  -2.0109354e+04  -2.4631692e+05
   1.1400000e+01   1.9829242e+04  -2.9843706e+05
   1.1500000e+01   6.6635117e+04  -3.2035244e+05
   1.1600000e+01   1.0425231e+05  -3.1754312e+05
   1.1700000e+01   1.2435128e+05  -3.0372728e+05
   1.1800000e+01   1.3108194e+05  -2.8887709e+05
   1.1900000e+01   1.3285208e+05  -2.7118916e+05
   1.2000000e+01   1.3211575e+05  -2.3986844e+05
   1.2100000e+01   1.2546785e+05  -1.8732412e+05
   1.2200000e+01   1.1283580e+05  -1.2021683e+05
   1.2300000e+01   1.0274427e+05  -5.7895656e+04
   1.2400000e+01   1.0508936e+05  -1.7799271e+04
   1.2500000e+01   1.1853756e+05  -1.0351855e+03
   1.2600000e+01   1.2758589e+05   7.2012285e+03
   1.2700000e+01   1.1445329e+05   2.1893383e+04
   1.2800000e+01   7.4608703e+04   4.2437289e+04
   1.2900000e+01   2.0839779e+04   5.2544434e+04
   1.3000000e+01  -2.6921840e+04   3.6018074e+04
   1.3100000e+01  -5.5283527e+04  -6.5182783e+03
   1.3200000e+01  -6.3444059e+04  -5.4978371e+04
   1.3300000e+01  -6.0297973e+04  -8.3174031e+04
   1.3400000e+01  -5.8048891e+04  -7.7131523e+04
   1.3500000e+01  -6.6227891e+04  -4.4486363e+04
   1.3600000e+01  -8.6872820e+04  -8.2457754e+03
   1.3700000e+01  -1.1258720e+05   1.0599375e+04
   1.3800000e+01  -1.3036041e+05   8.7055938e+03
   1.3900000e+01  -1.3012476e+05   1.7467345e+03
   1.4000000e+01  -1.1160174e+05   9.9669727e+03
   1.4100000e+01  -8.3729070e+04   4.0250035e+04
   1.4200000e+01  -5.7777523e+04   8.0657594e+04
   1.4300000e+01  -4.0214691e+04   1.1173038e+05
   1.4400000e+01  -2.9949828e+04   1.2301579e+05
   1.4500000e+01  -2.0604496e+04   1.1959941e+05
   1.4600000e+01  -6.2059658e+03   1.1488845e+05
   1.4700000e+01   1.2804836e+04   1.1907274e+05
   1.4800000e+01   2.8158012e+04   1.3398962e+05
   1.4900000e+01   3.0040090e+04   1.5583978e+05
   1.5000000e+01   1.6628289e+04   1.7954345e+05
   1.5100000e+01  -3.4381699e+03   1.9992094e+05
   1.5200000e+01  -2.0372971e+04   2.1093312e+05
   1.5300000e+01  -3.5385086e+04   2.0670905e+05
   1.5400000e+01  -6.1068766e+04   1.8514084e+05
   1.5500000e+01  -1.0698952e+05   1.5105284e+05
   1.5600000e+01  -1.6447723e+05   1.1547335e+05
   1.5700000e+01  -2.0745678e+05   9.0245047e+04
   1.5800000e+01  -2.1061405e+05   8.0721211e+04
   1.5900000e+01  -1.6882262e+05   8.1465969e+04
   1.6000000e+01  -1.0053333e+05   7.8919766e+04
   1.6100000e+01  -3.2965270e+04   6.0300238e+04
   1.6200000e+01   1.7297314e+04   2.2457025e+04
   1.6300000e+01   5.2536043e+04  -2.6458148e+04
   1.6400000e+01   8.6506414e+04  -7.3630852e+04
   1.6500000e+01   1.2999579e+05  -1.1016270e+05
   1.6600000e+01   1.8159633e+05  -1.3422136e+05
   1.6700000e+01   2.2934166e+05  -1.4793070e+05
   1.6800000e+01   2.5972373e+05  -1.5354014e+05
   1.6900000e+01   2.6660812e+05  -1.5340580e+05
   1.7000000e+01   2.5459047e+05  -1.5199752e+05
   1.7100000e+01   2.3547959e+05  -1.5492931e+05
   1.7200000e+01   2.2016788e+05  -1.6387059e+05
   1.7300000e+01   2.1102520e+05  -1.7218089e+05
   1.7400000e+01   2.0072922e+05  -1.6692491e+05
   1.7500000e+01   1.7922388e+05  -1.3747092e+05
   1.7600000e+01   1.4273923e+05  -8.4702141e+04
   1.7700000e+01   9.5628461e+04  -2.3667004e+04
   1.7800000e+01   4.3016391e+04   2.3065113e+04
   1.7900000e+01  -1.6569998e+04   3.7711766e+04
   1.8000000e+01  -8.8106531e+04   1.7709518e+04
   1.8100000e+01  -1.6829630e+05  -2.2475895e+04
   1.8200000e+01  -2.3910848e+05  -5.9797336e+04
   1.8300000e+01  -2.7706838e+05  -7.6310883e+04
   1.8400000e+01  -2.7180428e+05  -6.9087570e+04
   1.8500000e+01  -2.3607280e+05  -4.9506422e+04
   1.8600000e+01  -1.9695817e+05  -3.2880062e+04
   1.8700000e+01  -1.7590475e+05  -2.7039750e+04
   1.8800000e+01  -1.7461577e+05  -2.9012619e+04
   1.8900000e+01  -1.7674128e+05  -3.1059486e+04
   1.9000000e+01  -1.6140780e+05  -2.8536062e+04
   1.9100000e+01  -1.1739138e+05  -2.1412887e+04
   1.9200000e+01  -4.9270516e+04  -9.3324727e+03
   1.9300000e+01   2.6454621e+04   1.2504691e+04
   1.9400000e+01   9.1665398e+04   5.0821410e+04
   1.9500000e+01   1.3656197e+05   1.0720914e+05
   1.9600000e+01   1.6272631e+05   1.7349109e+05
   1.9700000e+01   1.7765041e+05   2.3377325e+05
   1.9800000e+01   1.8595300e+05   2.7178222e+05
   1.9900000e+01   1.8534316e+05   2.7929134e+05
   2.0000000e+01   1.7078105e+05   2.6152475e+05
   2.0100000e+01   1.4235892e+05   2.3586236e+05
   2.0200000e+01   1.0883891e+05   2.2201792e+05
   2.0300000e+01   8.2834594e+04   2.2768875e+05
   2.0400000e+01   7.1278734e+04   2.4012233e+05
   2.0500000e+01   6.9178469e+04   2.3280005e+05
   2.0600000e+01   6.2206340e+04   1.8488094e+05
   2.0700000e+01   3.6688156e+04   9.8633719e+04
   2.0800000e+01  -1.0217666e+04  -2.0326196e+02
   2.0900000e+01  -6.7460922e+04  -8.0349344e+04
   2.1000000e+01  -1.1620153e+05  -1.2673503e+05
   2.1100000e+01  -1.4086959e+05  -1.4859841e+05
   2.1200000e+01  -1.3819067e+05  -1.6849734e+05
   2.1300000e+01  -1.1886314e+05  -2.0264789e+05
   2.1400000e+01  -1.0083937e+05  -2.4886042e+05
   2.1500000e+01  -9.7838125e+04  -2.9036450e+05
   2.1600000e+01  -1.1000539e+05  -3.1021594e+05
   2.1700000e+01  -1.2336466e+05  -3.0357519e+05
   2.1800000e+01  -1.1952830e+05  -2.7893962e+05
   2.1900000e+01  -8.9517891e+04  -2.4947309e+05
   2.2000000e+01  -4.1459574e+04  -2.2291938e+05
   2.2100000e+01   4.1827261e+03  -1.9808725e+05
   2.2200000e+01   2.8565684e+04  -1.6938619e+05
   2.2300000e+01   2.6919969e+04  -1.3415222e+05
   2.2400000e+01   1.0088994e+04  -9.5716789e+04
   2.2500000e+01  -5.2648052e+03  -5.9569051e+04
   2.2600000e+01  -9.2950361e+03  -2.6932934e+04
   2.2700000e+01  -4.6227168e+03   6.8053545e+03
   2.2800000e+01  -1.8720537e+03   4.5916051e+04
   2.2900000e+01  -1.0176723e+04   8.5985688e+04
   2.3000000e+01  -3.0560398e+04   1.1262438e+05
   2.3100000e+01  -5.6395531e+04   1.1037206e+05
   2.3200000e+01  -7.9276062e+04   7.4883508e+04
   2.3300000e+01  -9.5185055e+04   1.7912729e+04
   2.3400000e+01  -1.0618538e+05  -3.8852574e+04
   2.3500000e+01  -1.1616384e+05  -7.5670008e+04
   2.3600000e+01  -1.2399118e+05  -8.3783992e+04
   2.3700000e+01  -1.2085298e+05  -6.7199852e+04
   2.3800000e+01  -9.6328016e+04  -3.8041402e+04
   2.3900000e+01  -4.9580828e+04  -8.6468105e+03
   2.4000000e+01   5.1268301e+03   1.5750657e+04
   2.4100000e+01   4.6468203e+04   3.9320914e+04
   2.4200000e+01   6.2774379e+04   7.0366969e+04
   2.4300000e+01   6.2464691e+04   1.1186588e+05
   2.4400000e+01   6.7505523e+04   1.5628789e+05
   2.4500000e+01   9.4927000e+04   1.9031205e+05
   2.4600000e+01   1.4276880e+05   2.0523398e+05
   2.4700000e+01   1.9234680e+05   2.0249298e+05
   2.4800000e+01   2.2352777e+05   1.8884517e+05
   2.4900000e+01   2.2901075e+05   1.6718431e+05
   2.5000000e+01   2.1655681e+05   1.3379500e+05
   2.5100000e+01   1.9982614e+05   8.5354367e+04
   2.5200000e+01   1.8741216e+05   2.7938510e+04
   2.5300000e+01   1.7900675e+05  -2.1947105e+04
   2.5400000e+01   1.6990373e+05  -4.6019043e+04
   2.5500000e+01   1.5777628e+05  -3.5263148e+04
   2.5600000e+01   1.4472903e+05   4.8713662e+03
   2.5700000e+01   1.3319838e+05   5.7683016e+04
   2.5800000e+01   1.2096573e+05   1.0400498e+05
   2.5900000e+01   1.0164589e+05   1.3185369e+05
   2.6000000e+01   7.0982398e+04   1.4200469e+05
   2.6100000e+01   3.2308914e+04   1.4542653e+05
   2.6200000e+01  -5.3038525e+03   1.5285402e+05
   2.6300000e+01  -3.4922938e+04   1.6377573e+05
   2.6400000e+01  -5.7647902e+04   1.6471041e+05
   2.6500000e+01  -8.0729359e+04   1.3952556e+05
   2.6600000e+01  -1.1045330e+05   8.3213914e+04
   2.6700000e+01  -1.4688166e+05   6.8972876e+03
   2.6800000e+01  -1.8393128e+05  -6.9876680e+04
   2.6900000e+01  -2.1259175e+05  -1.3213267e+05
   2.7000000e+01  -2.2443105e+05  -1.7724184e+05
   2.7100000e+01  -2.1528291e+05  -2.1309116e+05
   2.7200000e+01  -1.8882755e+05  -2.4970530e+05
   2.7300000e+01  -1.5663034e+05  -2.9029247e+05
   2.7400000e+01  -1.3175208e+05  -3.2700600e+05
   2.7500000e+01  -1.1953188e+05  -3.4451706e+05
   2.7600000e+01  -1.1394156e+05  -3.3008612e+05
   2.7700000e+01  -1.0341259e+05  -2.8306769e+05
   2.7800000e+01  -8.0327391e+04  -2.1541091e+05
   2.7900000e+01  -4.5072363e+04  -1.4192866e+05
   2.8000000e+01  -2.6704131e+03  -6.9300766e+04
   2.8100000e+01   4.1687438e+04   5.3220410e+03
   2.8200000e+01   8.2706578e+04   8.5018852e+04
   2.8300000e+01   1.1296538e+05   1.6326941e+05
   2.8400000e+01   1.2467041e+05   2.2414442e+05
   2.8500000e+01   1.1535661e+05   2.5253398e+05
   2.8600000e+01   9.0809047e+04   2.4482656e+05
   2.8700000e+01   6.0456434e+04   2.1121094e+05
   2.8800000e+01   2.9487047e+04   1.6913289e+05
   2.8900000e+01  -3.7519014e+03   1.3388692e+05
   2.9000000e+01  -4.2803160e+04   1.1221909e+05
   2.9100000e+01  -8.7200086e+04   1.0127230e+05
   2.9200000e+01  -1.3226783e+05   9.2398016e+04
   2.9300000e+01  -1.7299623e+05   7.7634766e+04
   2.9400000e+01  -2.0531294e+05   5.5137621e+04
   2.9500000e+01  -2.2298956e+05   2.9931773e+04
   2.9600000e+01  -2.1607900e+05   9.5620449e+03
   2.9700000e+01  -1.7617495e+05  -1.6804570e+03
   2.9800000e+01  -1.0514312e+05  -5.4991172e+03
   2.9900000e+01  -1.8283467e+04  -8.0959463e+03
   3.0000000e+01   6.2650352e+04  -1.6576062e+04
   3.0100000e+01   1.2165802e+05  -3.5592516e+04
   3.0200000e+01   1.5651053e+05  -6.5040797e+04
   3.0300000e+01   1.7702300e+05  -9.9274797e+04
   3.0400000e+01   1.9555631e+05  -1.2887887e+05
   3.0500000e+01   2.1691655e+05  -1.4505998e+05
   3.0600000e+01   2.3490256e+05  -1.4433244e+05
   3.0700000e+01   2.3788198e+05  -1.3034326e+05
   3.0800000e+01   2.1875566e+05  -1.1173208e+05
   3.0900000e+01   1.8085452e+05  -9.7504320e+04
   3.1000000e+01   1.3480981e+05  -9.2238047e+04
   3.1100000e+01   8.9732219e+04  -9.3231594e+04
   3.1200000e+01   4.7132715e+04  -9.1501812e+04
   3.1300000e+01   2.8970522e+03  -7.7074789e+04
   3.1400000e+01  -4.5263574e+04  -4.5547824e+04
   3.1500000e+01  -9.2320570e+04  -8.5527441e+02
   3.1600000e+01  -1.2767225e+05   4.7631816e+04
   3.1700000e+01  -1.4283008e+05   8.9793391e+04
   3.1800000e+01  -1.3841541e+05   1.1643232e+05
   3.1900000e+01  -1.2394288e+05   1.1879284e+05
   3.2000000e+01  -1.0972372e+05   9.1182891e+04
   3.2100000e+01  -9.7482203e+04   3.7757020e+04
   3.2200000e+01  -7.8358766e+04  -2.3818270e+04
   3.2300000e+01  -4.1008207e+04  -6.9725766e+04
   3.2400000e+01   1.6624416e+04  -8.5764664e+04
   3.2500000e+01   8.2015398e+04  -7.8299500e+04
   3.2600000e+01   1.3426928e+05  -6.9418219e+04
   3.2700000e+01   1.5751445e+05  -7.9379242e+04
   3.2800000e+01   1.5143638e+05  -1.1100316e+05
   3.2900000e+01   1.3075488e+05  -1.4839706e+05
   3.3000000e+01   1.1355198e+05  -1.6953747e+05
   3.3100000e+01   1.0735292e+05  -1.6157027e+05
   3.3200000e+01   1.0458587e+05  -1.2768326e+05
   3.3300000e+01   9.1413195e+04  -8.2597812e+04
   3.3400000e+01   6.1324883e+04  -4.1892949e+04
   3.3500000e+01   2.0127816e+04  -1.2976845e+04
   3.3600000e+01  -2.1481312e+04   7.2892549e+03
   3.3700000e+01  -5.7775672e+04   2.8236504e+04
   3.3800000e+01  -8.8760305e+04   5.8080910e+04
   3.3900000e+01  -1.1296041e+05   9.8463742e+04
   3.4000000e+01  -1.2382392e+05   1.4378597e+05
   3.4100000e+01  -1.1589790e+05   1.8501758e+05
   3.4200000e+01  -9.3077508e+04   2.1500083e+05
   3.4300000e+01  -6.7704117e+04   2.3163155e+05
   3.4400000e+01  -5.0805219e+04   2.3701277e+05
   3.4500000e+01  -4.4855441e+04   2.3384688e+05
   3.4600000e+01  -4.6618082e+04   2.2277228e+05
   3.4700000e+01  -5.4562383e+04   2.0360698e+05
   3.4800000e+01  -7.0426523e+04   1.7942059e+05
   3.4900000e+01  -9.3459609e+04   1.5861070e+05
   3.5000000e+01  -1.1624230e+05   1.5106048e+05
   3.5100000e+01  -1.2924259e+05   1.6009712e+05
   3.5200000e+01  -1.3001817e+05   1.7711420e+05
   3.5300000e+01  -1.2653051e+05   1.8483012e+05
   3.5400000e+01  -1.3007752e+05   1.6825511e+05
   3.5500000e+01  -1.4444189e+05   1.2537759e+05
   3.5600000e+01  -1.6147989e+05   6.8756578e+04
   3.5700000e+01  -1.6659731e+05   1.6018723e+04
   3.5800000e+01  -1.4870195e+05  -2.3388973e+04
   3.5900000e+01  -1.0699985e+05  -5.4047160e+04
   3.6000000e+01  -5.1342148e+04  -8.7898023e+04
   3.6100000e+01   2.5383516e+03  -1.3114780e+05
   3.6200000e+01   4.0335363e+04  -1.7669756e+05
   3.6300000e+01   5.6546602e+04  -2.0863105e+05
   3.6400000e+01   5.8367359e+04  -2.1398380e+05
   3.6500000e+01   6.2383137e+04  -1.9122609e+05
   3.6600000e+01   8.4453898e+04  -1.4947950e+05
   3.6700000e+01   1.2941433e+05  -1.0123916e+05
   3.6800000e+01   1.8854905e+05  -5.5390461e+04
   3.6900000e+01   2.4624473e+05  -1.4728073e+04
   3.7000000e+01   2.8907019e+05   2.2143182e+04
   3.7100000e+01   3.0970406e+05   5.6768727e+04
   3.7200000e+01   3.0520122e+05   8.7139953e+04
   3.7300000e+01   2.7533550e+05   1.0653262e+05
   3.7400000e+01   2.2482378e+05   1.0601262e+05
   3.7500000e+01   1.6607378e+05   7.9457461e+04
   3.7600000e+01   1.1616554e+05   2.7889539e+04
   3.7700000e+01   8.7310273e+04  -4.0092969e+04
   3.7800000e+01   7.8029914e+04  -1.1274789e+05
   3.7900000e+01   7.3538117e+04  -1.8207689e+05
   3.8000000e+01   5.6400215e+04  -2.4809127e+05
   3.8100000e+01   1.9697055e+04  -3.1587722e+05
   3.8200000e+01  -2.7137791e+04  -3.8611012e+05
   3.8300000e+01  -6.3792094e+04  -4.4669253e+05
   3.8400000e+01  -7.1846969e+04  -4.7486038e+05
   3.8500000e+01  -4.6634633e+04  -4.5122600e+05
   3.8600000e+01  -1.0369674e+03  -3.7543466e+05
   3.8700000e+01   4.1327762e+04  -2.6923538e+05
   3.8800000e+01   6.0005293e+04  -1.6237153e+05
   3.8900000e+01   5.0078590e+04  -7.1869453e+04
   3.9000000e+01   2.4134656e+04   8.1796279e+03
   3.9100000e+01   1.7700496e+03   9.7770828e+04
   3.9200000e+01  -5.5049121e+03   2.1050112e+05
   3.9300000e+01  -1.9448843e+03   3.3834566e+05
   3.9400000e+01  -2.2317983e+03   4.5373147e+05
   3.9500000e+01  -1.8845865e+04   5.2643581e+05
   3.9600000e+01  -5.3172891e+04   5.4120031e+05
   3.9700000e+01  -9.6278156e+04   5.0278469e+05
   3.9800000e+01  -1.3624211e+05   4.2694644e+05
   3.9900000e+01  -1.6505503e+05   3.2757991e+05
   4.0000000e+01  -1.8103725e+05   2.1159820e+05
   4.0100000e+01  -1.8724345e+05   8.4051711e+04
   4.0200000e+01  -1.8806972e+05  -4.4072340e+04
   4.0300000e+01  -1.8618583e+05  -1.5462642e+05
   4.0400000e+01  -1.8186627e+05  -2.2991359e+05
   4.0500000e+01  -1.7560884e+05  -2.6301838e+05
   4.0600000e+01  -1.7147023e+05  -2.6212330e+05
   4.0700000e+01  -1.7622989e+05  -2.4459656e+05
   4.0800000e+01  -1.9301053e+05  -2.2448970e+05
   4.0900000e+01  -2.1519417e+05  -2.0263088e+05
   4.1000000e+01  -2.2847927e+05  -1.6728864e+05
   4.1100000e+01  -2.2132350e+05  -1.0533591e+05
   4.1200000e+01  -1.9443614e+05  -1.5047218e+04
   4.1300000e+01  -1.6000388e+05   8.9693492e+04
   4.1400000e+01  -1.3157297e+05   1.8606280e+05
   4.1500000e+01  -1.1429834e+05   2.5290741e+05
   4.1600000e+01  -1.0327789e+05   2.7731150e+05
   4.1700000e+01  -8.8963797e+04   2.5591780e+05
   4.1800000e+01  -6.3642258e+04   1.9485352e+05
   4.1900000e+01  -2.4964482e+04   1.0958905e+05
   4.2000000e+01   2.3870441e+04   2.1472152e+04
   4.2100000e+01   7.6440648e+04  -5.0535477e+04
   4.2200000e+01   1.2653932e+05  -9.7762086e+04
   4.2300000e+01   1.7016927e+05  -1.2247352e+05
   4.2400000e+01   2.0449739e+05  -1.3125498e+05
   4.2500000e+01   2.2607536e+05  -1.2831861e+05
   4.2600000e+01   2.3231762e+05  -1.1444244e+05
   4.2700000e+01   2.2576600e+05  -8.9844609e+04
   4.2800000e+01   2.1529439e+05  -5.6075891e+04
   4.2900000e+01   2.1054186e+05  -1.5902732e+04
   4.3000000e+01   2.1419386e+05   2.6223152e+04
   4.3100000e+01   2.2035253e+05   6.2833461e+04
   4.3200000e+01   2.2069597e+05   8.4702812e+04
   4.3300000e+01   2.1163458e+05   8.6130086e+04
   4.3400000e+01   1.9589589e+05   6.9754094e+04
   4.3500000e+01   1.7943341e+05   4.5274410e+04
   4.3600000e+01   1.6855350e+05   2.2681551e+04
   4.3700000e+01   1.6843559e+05   6.4826396e+03
   4.3800000e+01   1.8023158e+05  -4.4251504e+03
   4.3900000e+01   1.9679192e+05  -1.3101080e+04
   4.4000000e+01   2.0262856e+05  -2.1658094e+04
   4.4100000e+01   1.8240377e+05  -3.0415449e+04
   4.4200000e+01   1.3321006e+05  -3.7430387e+04
   4.4300000e+01   6.9502141e+04  -3.8269109e+04
   4.4400000e+01   1.4512435e+04  -2.8190148e+04
   4.4500000e+01  -1.5691355e+04  -6.7671255e+03
   4.4600000e+01  -2.2351385e+04   1.9485047e+04
   4.4700000e+01  -2.0641488e+04   4.0672035e+04
   4.4800000e+01  -2.6964979e+04   5.1005070e+04
   4.4900000e+01  -4.7779359e+04   5.2710164e+04
   4.5000000e+01  -7.7277539e+04   5.2029578e+04
   4.5100000e+01  -1.0312981e+05   5.1741805e+04
   4.5200000e+01  -1.1472569e+05   4.8775609e+04
   4.5300000e+01  -1.0892018e+05   3.9725457e+04
   4.5400000e+01  -9.0951445e+04   2.7761953e+04
   4.5500000e+01  -7.0620406e+04   2.2374934e+04
   4.5600000e+01  -5.6198770e+04   3.1109145e+04
   4.5700000e+01  -5.0213391e+04   5.1296465e+04
   4.5800000e+01  -4.9960352e+04   7.0118172e+04
   4.5900000e+01  -5.1514445e+04   7.3335648e+04
   4.6000000e+01  -5.3251875e+04   5.5488703e+04
   4.6100000e+01  -5.6511461e+04   2.4069086e+04
   4.6200000e+01  -6.4406988e+04  -4.5579756e+03
   4.6300000e+01  -8.0507031e+04  -1.4689411e+04
   4.6400000e+01  -1.0726475e+05  -1.2270879e+03
   4.6500000e+01  -1.4373327e+05   2.5630121e+04
   4.6600000e+01  -1.8427048e+05   4.5257898e+04
   4.6700000e+01  -2.2068897e+05   3.9940711e+04
   4.6800000e+01  -2.4708825e+05   7.9373711e+03
   4.6900000e+01  -2.6301159e+05  -3.4714070e+04
   4.7000000e+01  -2.7165778e+05  -6.6420969e+04
   4.7100000e+01  -2.7489597e+05  -7.6389133e+04
   4.7200000e+01  -2.7005262e+05  -7.0977445e+04
   4.7300000e+01  -2.5157067e+05  -6.5366465e+04
   4.7400000e+01  -2.1622019e+05  -6.9532062e+04
   4.7500000e+01  -1.6770197e+05  -8.1522867e+04
   4.7600000e+01  -1.1665645e+05  -9.2344711e+04
   4.7700000e+01  -7.4831383e+04  -9.5546672e+04
   4.7800000e+01  -4.6633547e+04  -9.2001258e+04
   4.7900000e+01  -2.4867121e+04  -8.6982617e+04
   4.8000000e+01   4.2787881e+03  -8.4216445e+04
   4.8100000e+01   4.9754469e+04  -8.3088773e+04
   4.8200000e+01   1.0744881e+05  -8.0959812e+04
   4.8300000e+01   1.6281775e+05  -7.7567625e+04
   4.8400000e+01   2.0156397e+05  -7.6967922e+04
   4.8500000e+01   2.1827466e+05  -8.4954148e+04
   4.8600000e+01   2.1665734e+05  -1.0404988e+05
   4.8700000e+01   2.0449105e+05  -1.3046892e+05
   4.8800000e+01   1.8992322e+05  -1.5583105e+05
   4.8900000e+01   1.8048891e+05  -1.7231184e+05
   4.9000000e+01   1.8113066e+05  -1.7715930e+05
   4.9100000e+01   1.9002436e+05  -1.7347755e+05
   4.9200000e+01   1.9692442e+05  -1.6728025e+05
   4.9300000e+01   1.8865441e+05  -1.6297194e+05
   4.9400000e+01   1.5915180e+05  -1.5970862e+05
   4.9500000e+01   1.1564692e+05  -1.5066122e+05
   4.9600000e+01   7.5102125e+04  -1.2630306e+05
   4.9700000e+01   5.3258297e+04  -8.0559477e+04
   4.9800000e+01   5.4506738e+04  -1.5815095e+04
   4.9900000e+01   6.9789922e+04   5.7391738e+04
   5.0000000e+01   8.3588047e+04   1.2617484e+05
   5.0100000e+01   8.4474234e+04   1.8211639e+05
   5.0200000e+01   7.1222031e+04   2.2408120e+05
   5.0300000e+01   5.0285102e+04   2.5585898e+05
   5.0400000e+01   2.8159311e+04   2.8129381e+05
   5.0500000e+01   6.5778447e+03   3.0027909e+05
   5.0600000e+01  -1.5380725e+04   3.0774244e+05
   5.0700000e+01  -3.6466750e+04   2.9643088e+05
   5.0800000e+01  -5.2856305e+04   2.6252891e+05
   5.0900000e+01  -6.3177070e+04   2.1057195e+05
   5.1000000e+01  -7.2364984e+04   1.5338972e+05
   5.1100000e+01  -8.8442266e+04   1.0627044e+05
   5.1200000e+01  -1.1462763e+05   7.9491844e+04
   5.1300000e+01  -1.4488553e+05   7.4438016e+04
   5.1400000e+01  -1.6739861e+05   8.4833570e+04
   5.1500000e+01  -1.7236212e+05   1.0089293e+05
   5.1600000e+01  -1.5733973e+05   1.1385072e+05
   5.1700000e+01  -1.2740051e+05   1.1944401e+05
   5.1800000e+01  -9.2149023e+04   1.1875445e+05
   5.1900000e+01  -6.2137414e+04   1.1505294e+05
   5.2000000e+01  -4.4833359e+04   1.0851768e+05
   5.2100000e+01  -4.0346668e+04   9.4204484e+04
   5.2200000e+01  -3.9904793e+04   6.6726875e+04
   5.2300000e+01  -3.0639363e+04   2.7884713e+04
   5.2400000e+01  -5.3401426e+03  -1.1158273e+04
   5.2500000e+01   3.0451215e+04  -3.7231016e+04
   5.2600000e+01   6.1454961e+04  -4.6435395e+04
   5.2700000e+01   7.4540422e+04  -4.8687934e+04
   5.2800000e+01   6.9075570e+04  -6.0036094e+04
   5.2900000e+01   5.6053219e+04  -8.8270211e+04
   5.3000000e+01   4.7421570e+04  -1.2423523e+05
   5.3100000e+01   4.6909742e+04  -1.4730064e+05
   5.3200000e+01   5.1090250e+04  -1.4121578e+05
   5.3300000e+01   5.7345625e+04  -1.0670762e+05
   5.3400000e+01   6.8016703e+04  -5.9618855e+04
   5.3500000e+01   8.5863078e+04  -1.6944867e+04
   5.3600000e+01   1.0746319e+05   1.5406085e+04
   5.3700000e+01   1.2396131e+05   4.2116348e+04
   5.3800000e+01   1.2928302e+05   6.8242344e+04
   5.3900000e+01   1.2621460e+05   9.1777633e+04
   5.4000000e+01   1.2269198e+05   1.0632212e+05
   5.4100000e+01   1.2208895e+05   1.0877118e+05
   5.4200000e+01   1.1856636e+05   1.0231411e+05
   5.4300000e+01   1.0292088e+05   9.2091312e+04
   5.4400000e+01   7.2398969e+04   7.9259500e+04
   5.4500000e+01   3.3592234e+04   5.9354312e+04
   5.4600000e+01  -4.2664277e+03   2.5216549e+04
   5.4700000e+01  -3.7396344e+04  -2.8438363e+04
   5.4800000e+01  -6.7948641e+04  -1.0077920e+05
   5.4900000e+01  -9.7520172e+04  -1.8245425e+05
   5.5000000e+01  -1.2234147e+05  -2.5776320e+05
   5.5100000e+01  -1.3588048e+05  -3.1256894e+05
   5.5200000e+01  -1.3547603e+05  -3.4335850e+05
   5.5300000e+01  -1.2568834e+05  -3.5943775e+05
   5.5400000e+01  -1.1569341e+05  -3.7519038e+05
   5.5500000e+01  -1.1394357e+05  -3.9859006e+05
   5.5600000e+01  -1.2392008e+05  -4.2549541e+05
   5.5700000e+01  -1.4223703e+05  -4.4323719e+05
   5.5800000e+01  -1.5959120e+05  -4.3891544e+05
   5.5900000e+01  -1.6543134e+05  -4.0591362e+05
   5.6000000e+01  -1.5493181e+05  -3.4604853e+05
   5.6100000e+01  -1.3313670e+05  -2.6831662e+05
   5.6200000e+01  -1.1177202e+05  -1.8534858e+05
   5.6300000e+01  -1.0050248e+05  -1.0812607e+05
   5.6400000e+01  -9.9816477e+04  -4.0825410e+04
   5.6500000e+01  -1.0114899e+05   2.0835176e+04
   5.6600000e+01  -9.3405711e+04   8.5741352e+04
   5.6700000e+01  -7.0643195e+04   1.5994858e+05
   5.6800000e+01  -3.6224355e+04   2.4059475e+05
   5.6900000e+01  -1.5749109e+03   3.1551525e+05
   5.7000000e+01   1.9959475e+04   3.6938778e+05
   5.7100000e+01   2.1355986e+04   3.9305556e+05
   5.7200000e+01   7.1901572e+03   3.9002662e+05
   5.7300000e+01  -8.5785371e+03   3.7494050e+05
   5.7400000e+01  -1.1636864e+04   3.6394722e+05
   5.7500000e+01   3.6503291e+03   3.6375712e+05
   5.7600000e+01   3.2491941e+04   3.6827362e+05
   5.7700000e+01   6.5732906e+04   3.6547494e+05
   5.7800000e+01   9.6899219e+04   3.4767341e+05
   5.7900000e+01   1.2349212e+05   3.1560209e+05
   5.8000000e+01   1.4328378e+05   2.7418831e+05
   5.8100000e+01   1.5242716e+05   2.2676262e+05
   5.8200000e+01   1.4937134e+05   1.7450977e+05
   5.8300000e+01   1.4009711e+05   1.2017384e+05
   5.8400000e+01   1.3665572e+05   6.9813016e+04
   5.8500000e+01   1.4758942e+05   2.9699643e+04
   5.8600000e+01   1.6849994e+05   1.8123590e+03
   5.8700000e+01   1.8257794e+05  -1.7411215e+04
   5.8800000e+01   1.7210528e+05  -3.4430484e+04
   5.8900000e+01   1.3186356e+05  -5.4669473e+04
   5.9000000e+01   7.3777531e+04  -7.9534062e+04
   5.9100000e+01   1.9574074e+04  -1.0538173e+05
   5.9200000e+01  -1.2585092e+04  -1.2530329e+05
   5.9300000e+01  -1.7826516e+04  -1.3364636e+05
   5.9400000e+01  -4.6414863e+03  -1.3054091e+05
   5.9500000e+01   1.2993191e+04  -1.2250863e+05
   5.9600000e+01   2.4182461e+04  -1.1832402e+05
   5.9700000e+01   2.4355660e+04  -1.2378669e+05
   5.9800000e+01   1.3653699e+04  -1.3960406e+05
   5.9900000e+01  -4.7723770e+03  -1.6266400e+05
   6.0000000e+01  -2.4602848e+04  -1.8772988e+05
   6.0100000e+01  -3.7686102e+04  -2.0774856e+05
   6.0200000e+01  -3.9298758e+04  -2.1422844e+05
   6.0300000e+01  -3.2712463e+04  -1.9982605e+05
   6.0400000e+01  -2.5993279e+04  -1.6252756e+05
   6.0500000e+01  -2.2465043e+04  -1.0823719e+05
   6.0600000e+01  -1.6128955e+04  -4.9317387e+04
   6.0700000e+01   2.7175098e+02   3.1009180e+02
   6.0800000e+01   2.2604881e+04   3.0800689e+04
   6.0900000e+01   3.4727469e+04   4.0445523e+04
   6.1000000e+01   2.4363793e+04   3.6974523e+04
   6.1100000e+01  -7.1163763e+02   3.4954453e+04
   6.1200000e+01  -1.6184779e+04   4.8399477e+04
   6.1300000e+01  -4.0883540e+03   8.0988562e+04
   6.1400000e+01   2.7727160e+04   1.2102552e+05
   6.1500000e+01   5.0639070e+04   1.4781275e+05
   6.1600000e+01   4.0776910e+04   1.4702014e+05
   6.1700000e+01  -1.1443164e+02   1.2251943e+05
   6.1800000e+01  -4.8005879e+04   9.3357359e+04
   6.1900000e+01  -7.8646430e+04   7.8351797e+04
   6.2000000e+01  -8.5966672e+04   8.2915172e+04
   6.2100000e+01  -8.1674773e+04   9.9227719e+04
   6.2200000e+01  -8.1156672e+04   1.1600751e+05
   6.2300000e+01  -9.1438664e+04   1.2555715e+05
   6.2400000e+01  -1.0988239e+05   1.2257838e+05
   6.2500000e+01  -1.2957195e+05   1.0105923e+05
   6.2600000e+01  -1.4369603e+05   5.7008066e+04
   6.2700000e+01  -1.4702294e+05  -4.6684014e+03
   6.2800000e+01  -1.3731992e+05  -6.7996539e+04
   6.2900000e+01  -1.1742874e+05  -1.1315417e+05
   6.3000000e+01  -9.4836664e+04  -1.2797984e+05
   6.3100000e+01  -7.7019844e+04  -1.1468001e+05
   6.3200000e+01  -6.6185203e+04  -8.7482508e+04
   6.3300000e+01  -5.8784824e+04  -6.4108023e+04
   6.3400000e+01  -5.0302617e+04  -5.6840230e+04
   6.3500000e+01  -3.9929375e+04  -6.7523422e+04
   6.3600000e+01  -2.9923816e+04  -8.8237617e+04
   6.3700000e+01  -2.0623258e+04  -1.0712088e+05
   6.3800000e+01  -7.3127148e+03  -1.1632781e+05
   6.3900000e+01   1.6398242e+04  -1.1716625e+05
   6.4000000e+01   5.1052930e+04  -1.1848947e+05
   6.4100000e+01   8.7356805e+04  -1.2917666e+05
   6.4200000e+01   1.1112083e+05  -1.5054158e+05
   6.4300000e+01   1.1408120e+05  -1.7482464e+05
   6.4400000e+01   1.0109736e+05  -1.9071038e+05
   6.4500000e+01   8.6835391e+04  -1.9096483e+05
   6.4600000e+01   8.4622789e+04  -1.7638341e+05
   6.4700000e+01   9.6990438e+04  -1.5430517e+05
   6.4800000e+01   1.1481982e+05  -1.3397988e+05
   6.4900000e+01   1.2384840e+05  -1.2168890e+05
   6.5000000e+01   1.1265110e+05  -1.1739970e+05
   6.5100000e+01   7.8121078e+04  -1.1448616e+05
   6.5200000e+01   2.7691711e+04  -1.0355452e+05
   6.5300000e+01  -2.2381439e+04  -7.8505672e+04
   6.5400000e+01  -5.3781660e+04  -3.9934191e+04
   6.5500000e+01  -5.5909801e+04   7.2978701e+03
   6.5600000e+01  -3.2409516e+04   5.9390918e+04
   6.5700000e+01   9.5976318e+02   1.1566184e+05
   6.5800000e+01   2.5931016e+04   1.7535988e+05
   6.5900000e+01   3.2017449e+04   2.3389920e+05
   6.6000000e+01   2.1189936e+04   2.8361691e+05
   6.6100000e+01   5.2641162e+03   3.1822581e+05
   6.6200000e+01  -1.7265347e+03   3.3598853e+05
   6.6300000e+01   8.0715391e+03   3.3918112e+05
   6.6400000e+01   3.2027807e+04   3.3186394e+05
   6.6500000e+01   5.9771176e+04   3.1807816e+05
   6.6600000e+01   8.0731672e+04   2.9999550e+05
   6.6700000e+01   8.9865922e+04   2.7600569e+05
   6.6800000e+01   8.7053648e+04   2.4162230e+05
   6.6900000e+01   7.2902781e+04   1.9496411e+05
   6.7000000e+01   4.7448977e+04   1.4238752e+05
   6.7100000e+01   1.3426670e+04   9.6931117e+04
   6.7200000e+01  -2.1413887e+04   6.8784484e+04
   6.7300000e+01  -4.8145734e+04   5.6496984e+04
   6.7400000e+01  -6.3839422e+04   4.8018629e+04
   6.7500000e+01  -7.3941609e+04   3.0499791e+04
   6.7600000e+01  -8.6507641e+04  -1.0114387e+03
   6.7700000e+01  -1.0419302e+05  -4.3181734e+04
   6.7800000e+01  -1.2223065e+05  -8.9728852e+04
   6.7900000e+01  -1.3349022e+05  -1.3516944e+05
   6.8000000e+01  -1.3427619e+05  -1.7433295e+05
   6.8100000e+01  -1.2530620e+05  -2.0147145e+05
   6.8200000e+01  -1.0885056e+05  -2.1272616e+05
   6.8300000e+01  -8.6531883e+04  -2.1022131e+05
   6.8400000e+01  -5.9675543e+04  -2.0274730e+05
   6.8500000e+01  -3.0531193e+04  -2.0088236e+05
   6.8600000e+01  -2.8163816e+03  -2.0995481e+05
   6.8700000e+01   1.8222188e+04  -2.2646516e+05
   6.8800000e+01   2.6579523e+04  -2.4053989e+05
   6.8900000e+01   1.8768615e+04  -2.4196581e+05
   6.9000000e+01  -1.0510703e+03  -2.2505869e+05
   6.9100000e+01  -1.9498301e+04  -1.8970091e+05
   6.9200000e+01  -2.1145059e+04  -1.3964959e+05
   6.9300000e+01  -1.2794932e+03  -8.0730625e+04
   6.9400000e+01   2.7407176e+04  -1.9926188e+04
   6.9500000e+01   4.3184191e+04   3.5541055e+04
   6.9600000e+01   3.3705090e+04   7.9753703e+04
   6.9700000e+01   8.0637656e+03   1.0952223e+05
   6.9800000e+01  -9.6527832e+03   1.2487597e+05
   6.9900000e+01  -2.8623291e+02   1.2878259e+05
   7.0000000e+01   3.4960547e+04   1.2608188e+05
   7.0100000e+01   7.7000227e+04   1.2075630e+05
   7.0200000e+01   1.0549221e+05   1.1213312e+05
   7.0300000e+01   1.1367246e+05   9.4057828e+04
   7.0400000e+01   1.0959448e+05   6.0844156e+04
   7.0500000e+01   1.0628347e+05   1.6780465e+04
   7.0600000e+01   1.1209531e+05  -2.1018748e+04
   7.0700000e+01   1.2840474e+05  -3.3000941e+04
   7.0800000e+01   1.5206777e+05  -1.3741986e+04
   7.0900000e+01   1.7674609e+05   2.1385180e+04
   7.1000000e+01   1.9236428e+05   4.7651914e+04
   7.1100000e+01   1.8716930e+05   5.0744949e+04
   7.1200000e+01   1.5450125e+05   3.6633719e+04
   7.1300000e+01   9.9326211e+04   2.3863584e+04
   7.1400000e+01   3.7232672e+04   2.7894172e+04
   7.1500000e+01  -1.4992676e+04   5.2100957e+04
   7.1600000e+01  -4.9541934e+04   8.9712234e+04
   7.1700000e+01  -6.9901109e+04   1.2985881e+05
   7.1800000e+01  -8.4651047e+04   1.6132684e+05
   7.1900000e+01  -1.0007902e+05   1.7489919e+05
   7.2000000e+01  -1.1824639e+05   1.6707781e+05
   7.2100000e+01  -1.3951619e+05   1.4276598e+05
   7.2200000e+01  -1.6369973e+05   1.1216214e+05
   7.2300000e+01  -1.8755548e+05   8.3116328e+04
   7.2400000e+01  -2.0302097e+05   5.6477266e+04
   7.2500000e+01  -2.0097548e+05   2.8770578e+04
   7.2600000e+01  -1.7847525e+05  -2.4229316e+03
   7.2700000e+01  -1.4209573e+05  -3.7342938e+04
   7.2800000e+01  -1.0349234e+05  -7.6703969e+04
   7.2900000e+01  -7.1650141e+04  -1.2162068e+05
   7.3000000e+01  -4.9278887e+04  -1.6884042e+05
   7.3100000e+01  -3.5053254e+04  -2.0787984e+05
   7.3200000e+01  -2.6693504e+04  -2.2611738e+05
   7.3300000e+01  -2.0779004e+04  -2.1790970e+05
   7.3400000e+01  -1.1649291e+04  -1.8811033e+05
   7.3500000e+01   5.9029507e+03  -1.4723405e+05
   7.3600000e+01   3.1022473e+04  -1.0552875e+05
   7.3700000e+01   5.4998883e+04  -7.2440828e+04
   7.3800000e+01   6.7339141e+04  -5.8059570e+04
   7.3900000e+01   6.4861664e+04  -6.9215242e+04
   7.4000000e+01   5.4759441e+04  -1.0162113e+05
   7.4100000e+01   4.8449883e+04  -1.3851806e+05
   7.4200000e+01   5.2169750e+04  -1.6134597e+05
   7.4300000e+01   6.2622289e+04  -1.6358678e+05
   7.4400000e+01   7.0188281e+04  -1.5367138e+05
   7.4500000e+01   6.5622828e+04  -1.4441219e+05
   7.4600000e+01   4.4965414e+04  -1.4082559e+05
   7.4700000e+01   1.0647891e+04  -1.3811856e+05
   7.4800000e+01  -3.0068723e+04  -1.2866841e+05
   7.4900000e+01  -6.7552086e+04  -1.0802673e+05
   7.5000000e+01  -9.2447375e+04  -7.4681422e+04
   7.5100000e+01  -9.8792578e+04  -2.7758488e+04
   7.5200000e+01  -8.7372289e+04   3.1799861e+04
   7.5300000e+01  -6.7120633e+04   9.7734742e+04
   7.5400000e+01  -5.1474699e+04   1.5829559e+05
   7.5500000e+01  -4.9764168e+04   2.0181472e+05
   7.5600000e+01  -5.9570406e+04   2.2427934e+05
   7.5700000e+01  -6.7703453e+04   2.3278753e+05
   7.5800000e+01  -6.0591609e+04   2.4148250e+05
   7.5900000e+01  -3.5206180e+04   2.6170542e+05
   7.6000000e+01  -3.2355029e+02   2.9282856e+05
   7.6100000e+01   3.2333166e+04   3.2128444e+05
   7.6200000e+01   5.7372609e+04   3.2993041e+05
   7.6300000e+01   7.6689562e+04   3.1080756e+05
   7.6400000e+01   9.3523859e+04   2.7037216e+05
   7.6500000e+01   1.0789196e+05   2.2297473e+05
   7.6600000e+01   1.1796570e+05   1.7959670e+05
   7.6700000e+01   1.2391523e+05   1.4248645e+05
   7.6800000e+01   1.2846598e+05   1.0876525e+05
   7.6900000e+01   1.3338522e+05   7.6602039e+04
   7.7000000e+01   1.3617477e+05   4.6642078e+04
   7.7100000e+01   1.3082893e+05   1.8558225e+04
   7.7200000e+01   1.1225750e+05  -1.1348334e+04
   7.7300000e+01   8.0741961e+04  -4.7097773e+04
   7.7400000e+01   4.2892312e+04  -8.6819508e+04
   7.7500000e+01   8.1022783e+03  -1.2023492e+05
   7.7600000e+01  -1.7311684e+04  -1.3428439e+05
   7.7700000e+01  -3.4038137e+04  -1.2357609e+05
   7.7800000e+01  -4.8324078e+04  -9.6350188e+04
   7.7900000e+01  -6.5679203e+04  -6.9338680e+04
   7.8000000e+01  -8.4689008e+04  -5.5203004e+04
   7.8100000e+01  -9.6656297e+04  -5.4065742e+04
   7.8200000e+01  -9.2265695e+04  -5.6851031e+04
   7.8300000e+01  -7.0003953e+04  -5.6035367e+04
   7.8400000e+01  -3.8707117e+04  -5.2321992e+04
   7.8500000e+01  -1.1389715e+04  -5.1453133e+04
   7.8600000e+01   4.3793174e+03  -5.6573336e+04
   7.8700000e+01   1.0776215e+04  -6.5232969e+04
   7.8800000e+01   1.5042812e+04  -7.3430203e+04
   7.8900000e+01   2.1034180e+04  -8.1219086e+04
   7.9000000e+01   2.5627689e+04  -9.3787617e+04
   7.9100000e+01   2.3201168e+04  -1.1710070e+05
   7.9200000e+01   1.3150679e+04  -1.5176658e+05
   7.9300000e+01   2.7863582e+03  -1.8982033e+05
   7.9400000e+01   2.6627637e+03  -2.1755567e+05
   7.9500000e+01   1.8118133e+04  -2.2390350e+05
   7.9600000e+01   4.3845938e+04  -2.0891361e+05
   7.9700000e+01   6.6246766e+04  -1.8480302e+05
   7.9800000e+01   7.2761055e+04  -1.6706797e+05
   7.9900000e+01   6.1506281e+04  -1.6234453e+05
   8.0000000e+01   4.2896680e+04  -1.6358136e+05
   8.0100000e+01   3.0784441e+04  -1.5659323e+05
   8.0200000e+01   3.0524273e+04  -1.3163248e+05
   8.0300000e+01   3.5332805e+04  -9.0031938e+04
   8.0400000e+01   3.4487031e+04  -4.1883691e+04
   8.0500000e+01   2.4503059e+04   1.2603005e+03
   8.0600000e+01   1.1446095e+04   3.2291607e+04
   8.0700000e+01   2.8690283e+03   5.0151246e+04
   8.0800000e+01  -5.0774805e+02   5.8426586e+04
   8.0900000e+01  -4.0801680e+03   6.3317918e+04
   8.1000000e+01  -1.1822947e+04   7.1795297e+04
   8.1100000e+01  -2.1790150e+04   8.9301227e+04
   8.1200000e+01  -2.9599766e+04   1.1692563e+05
   8.1300000e+01  -3.4787613e+04   1.4984414e+05
   8.1400000e+01  -4.2343402e+04   1.7914634e+05
   8.1500000e+01  -5.8335141e+04   1.9652847e+05
   8.1600000e+01  -8.4817719e+04   1.9831689e+05
   8.1700000e+01  -1.1830884e+05   1.8597688e+05
   8.1800000e+01  -1.5144891e+05   1.6416853e+05
   8.1900000e+01  -1.7569072e+05   1.3933334e+05
   8.2000000e+01  -1.8437828e+05   1.1918475e+05
   8.2100000e+01  -1.7596691e+05   1.1072017e+05
   8.2200000e+01  -1.5535506e+05   1.1636565e+05
   8.2300000e+01  -1.3119694e+05   1.3193462e+05
   8.2400000e+01  -1.1064637e+05   1.4943616e+05
   8.2500000e+01  -9.6192617e+04   1.6225012e+05
   8.2600000e+01  -8.7289172e+04   1.6746464e+05
   8.2700000e+01  -8.3889164e+04   1.6438038e+05
   8.2800000e+01  -8.6627641e+04   1.5321328e+05
   8.2900000e+01  -9.2736297e+04   1.3640434e+05
   8.3000000e+01  -9.3071445e+04   1.1930041e+05
   8.3100000e+01  -7.5965141e+04   1.0640512e+05
   8.3200000e+01  -3.6499441e+04   9.5775188e+04
   8.3300000e+01   1.7245090e+04   7.8671320e+04
   8.3400000e+01   6.8033883e+04   4.7023547e+04
   8.3500000e+01   1.0124239e+05   2.3090371e+03
   8.3600000e+01   1.1471301e+05  -4.3143477e+04
   8.3700000e+01   1.1865296e+05  -7.4360617e+04
   8.3800000e+01   1.2642877e+05  -8.4491641e+04
   8.3900000e+01   1.4409525e+05  -7.9449773e+04
   8.4000000e+01   1.6616275e+05  -7.3612094e+04
   8.4100000e+01   1.7986584e+05  -8.0552172e+04
   8.4200000e+01   1.7483686e+05  -1.0503129e+05
   8.4300000e+01   1.5169412e+05  -1.4051177e+05
   8.4400000e+01   1.2267851e+05  -1.7328667e+05
   8.4500000e+01   1.0234027e+05  -1.9120944e+05
   8.4600000e+01   9.5211859e+04  -1.9191745e+05
   8.4700000e+01   9.2154586e+04  -1.8434928e+05
   8.4800000e+01   8.0013680e+04  -1.8136394e+05
   8.4900000e+01   5.5449027e+04  -1.8905778e+05
   8.5000000e+01   2.8620521e+04  -2.0241075e+05
   8.5100000e+01   1.3041578e+04  -2.1125342e+05
   8.5200000e+01   1.2861387e+04  -2.0994036e+05
   8.5300000e+01   2.0878043e+04  -2.0048912e+05
   8.5400000e+01   2.7960326e+04  -1.8701241e+05
   8.5500000e+01   3.2565781e+04  -1.6946497e+05
   8.5600000e+01   4.0629773e+04  -1.4462250e+05
   8.5700000e+01   5.7344961e+04  -1.1245005e+05
   8.5800000e+01   7.9935625e+04  -7.9298617e+04
   8.5900000e+01   9.8119180e+04  -5.3648680e+04
   8.6000000e+01   1.0139441e+05  -3.8995312e+04
   8.6100000e+01   8.6982641e+04  -3.0894057e+04
   8.6200000e+01   6.2103398e+04  -1.9866416e+04
   8.6300000e+01   3.8516871e+04   3.1962864e+03
   8.6400000e+01   2.3391312e+04   4.2302320e+04
   8.6500000e+01   1.4031056e+04   9.3406117e+04
   8.6600000e+01   8.9327344e+02   1.4456278e+05
   8.6700000e+01  -2.4268094e+04   1.8100331e+05
   8.6800000e+01  -6.2542117e+04   1.9373316e+05
   8.6900000e+01  -1.0806979e+05   1.8549947e+05
   8.7000000e+01  -1.5156633e+05   1.6837497e+05
   8.7100000e+01  -1.8303966e+05   1.5443723e+05
   8.7200000e+01  -1.9375025e+05   1.4777927e+05
   8.7300000e+01  -1.7983044e+05   1.4450577e+05
   8.7400000e+01  -1.4656148e+05   1.3895241e+05
   8.7500000e+01  -1.0833912e+05   1.2868062e+05
   8.7600000e+01  -8.1652039e+04   1.1392034e+05
   8.7700000e+01  -7.5364141e+04   9.4442047e+04
   8.7800000e+01  -8.6000211e+04   6.9148617e+04
   8.7900000e+01  -1.0141629e+05   3.8860586e+04
   8.8000000e+01  -1.0905023e+05   7.9663867e+03
   8.8100000e+01  -1.0227488e+05  -1.7721865e+04
   8.8200000e+01  -8.1668625e+04  -3.4254277e+04
   8.8300000e+01  -5.2585531e+04  -4.0101258e+04
   8.8400000e+01  -2.1942904e+04  -3.4545973e+04
   8.8500000e+01   4.1631973e+03  -1.7748303e+04
   8.8600000e+01   2.1900648e+04   6.7395264e+03
   8.8700000e+01   3.0453754e+04   3.1305479e+04
   8.8800000e+01   3.2144350e+04   4.8838859e+04
   8.8900000e+01   3.1795410e+04   5.8995477e+04
   8.9000000e+01   3.5000836e+04   6.8783703e+04
   8.9100000e+01   4.5128398e+04   8.5409930e+04
   8.9200000e+01   6.0176531e+04   1.0817221e+05
   8.9300000e+01   7.2232391e+04   1.2782297e+05
   8.9400000e+01   7.1639102e+04   1.3407316e+05
   8.9500000e+01   5.4069035e+04   1.2383754e+05
   8.9600000e+01   2.4951934e+04   1.0309600e+05
   8.9700000e+01  -3.0719541e+03   8.2057031e+04
   8.9800000e+01  -1.7975961e+04   6.8373836e+04
   8.9900000e+01  -1.5019668e+04   6.2685922e+04
   9.0000000e+01   2.4581055e+03   5.8106680e+04
   9.0100000e+01   2.6906609e+04   4.3856211e+04
   9.0200000e+01   5.0470305e+04   1.1923585e+04
   9.0300000e+01   6.6458484e+04  -3.6949273e+04
   9.0400000e+01   6.9759117e+04  -9.2681984e+04
   9.0500000e+01   5.8223883e+04  -1.4158405e+05
   9.0600000e+01   3.4567039e+04  -1.7358169e+05
   9.0700000e+01   6.5437090e+03  -1.8524608e+05
   9.0800000e+01  -1.5830141e+04  -1.7824856e+05
   9.0900000e+01  -2.5025076e+04  -1.5754380e+05
   9.1000000e+01  -2.0252762e+04  -1.3156334e+05
   9.1100000e+01  -8.3911172e+03  -1.1135273e+05
   9.1200000e+01   3.2477930e+02  -1.0529475e+05
   9.1300000e+01   5.1124609e+02  -1.1226521e+05
   9.1400000e+01  -2.1315703e+03  -1.2058170e+05
   9.1500000e+01   6.5175703e+03  -1.1591220e+05
   9.1600000e+01   3.6948164e+04  -9.2356695e+04
   9.1700000e+01   8.4000266e+04  -5.7402191e+04
   9.1800000e+01   1.2704763e+05  -2.7115145e+04
   9.1900000e+01   1.4446369e+05  -1.6093725e+04
   9.2000000e+01   1.3002502e+05  -2.9386336e+04
   9.2100000e+01   9.5730359e+04  -6.0431352e+04
   9.2200000e+01   5.8580453e+04  -9.5043062e+04
   9.2300000e+01   2.5119684e+04  -1.1912591e+05
   9.2400000e+01  -1.0618047e+04  -1.2608508e+05
   9.2500000e+01  -5.4863109e+04  -1.1920635e+05
   9.2600000e+01  -1.0195563e+05  -1.0722853e+05
   9.2700000e+01  -1.3607977e+05  -9.7122633e+04
   9.2800000e+01  -1.4540869e+05  -9.0600375e+04
   9.2900000e+01  -1.3397470e+05  -8.6242609e+04
   9.3000000e+01  -1.1902763e+05  -8.2500797e+04
   9.3100000e+01  -1.1629077e+05  -7.6827422e+04
   9.3200000e+01  -1.2695952e+05  -6.3013070e+04
   9.3300000e+01  -1.3779269e+05  -3.2906844e+04
   9.3400000e+01  -1.3306606e+05   1.6484455e+04
   9.3500000e+01  -1.0723383e+05   7.7803578e+04
   9.3600000e+01  -6.8142500e+04   1.3724189e+05
   9.3700000e+01  -2.9631449e+04   1.8493383e+05
   9.3800000e+01  -4.7584766e+02   2.2133162e+05
   9.3900000e+01   2.1799104e+04   2.5304844e+05
   9.4000000e+01   4.8052430e+04   2.8321847e+05
   9.4100000e+01   8.7914477e+04   3.0692081e+05
   9.4200000e+01   1.4057070e+05   3.1558744e+05
   9.4300000e+01   1.9320005e+05   3.0419869e+05
   9.4400000e+01   2.2874319e+05   2.7345978e+05
   9.4500000e+01   2.3700947e+05   2.2661492e+05
   9.4600000e+01   2.2022147e+05   1.6662334e+05
   9.4700000e+01   1.8922555e+05   9.7026609e+04
   9.4800000e+01   1.5484097e+05   2.3777164e+04
   9.4900000e+01   1.2193765e+05  -4.5638906e+04
   9.5000000e+01   8.9576719e+04  -1.0496433e+05
   9.5100000e+01   5.4644309e+04  -1.5049241e+05
   9.5200000e+01   1.4883048e+04  -1.8058569e+05
   9.5300000e+01  -3.0226600e+04  -1.9600873e+05
   9.5400000e+01  -7.9859391e+04  -2.0140691e+05
   9.5500000e+01  -1.3229812e+05  -2.0436042e+05
   9.5600000e+01  -1.8473291e+05  -2.1010378e+05
   9.5700000e+01  -2.3220242e+05  -2.1618062e+05
   9.5800000e+01  -2.6659269e+05  -2.1320420e+05
   9.5900000e+01  -2.7782538e+05  -1.9179606e+05
   9.6000000e+01  -2.5850164e+05  -1.4917772e+05
   9.6100000e+01  -2.0993222e+05  -9.0228023e+04
   9.6200000e+01  -1.4488922e+05  -2.4516850e+04
   9.6300000e+01  -8.3742289e+04   3.6525883e+04
   9.6400000e+01  -4.5184332e+04   8.1912219e+04
   9.6500000e+01  -3.6693238e+04   1.0510087e+05
   9.6600000e+01  -5.0489141e+04   1.0833366e+05
   9.6700000e+01  -6.7960047e+04   1.0196552e+05
   9.6800000e+01  -7.0724422e+04   9.7084125e+04
   9.6900000e+01  -5.1900594e+04   9.7793258e+04
   9.7000000e+01  -2.0025635e+04   1.0080686e+05
   9.7100000e+01   7.4083379e+03   1.0140762e+05
   9.7200000e+01   1.6154953e+04   9.7309258e+04
   9.7300000e+01   4.1744521e+03   8.6046773e+04
   9.7400000e+01  -1.8491746e+04   6.2011289e+04
   9.7500000e+01  -3.7296879e+04   2.1186730e+04
   9.7600000e+01  -4.1818773e+04  -2.9263004e+04
   9.7700000e+01  -3.0333223e+04  -6.9401594e+04
   9.7800000e+01  -9.4344863e+03  -7.9915281e+04
   9.7900000e+01   9.7199512e+03  -6.0082648e+04
   9.8000000e+01   1.6953957e+04  -3.1347053e+04
   9.8100000e+01   8.7467471e+03  -2.0017375e+04
   9.8200000e+01  -8.8082070e+03  -3.4167984e+04
   9.8300000e+01  -2.2614135e+04  -5.6796629e+04
   9.8400000e+01  -2.0323082e+04  -6.1486414e+04
   9.8500000e+01   1.8302073e+03  -3.4931918e+04
   9.8600000e+01   3.7264688e+04   1.4417096e+04
   9.8700000e+01   7.4769258e+04   6.6785133e+04
   9.8800000e+01   1.0643461e+05   1.0745847e+05
   9.8900000e+01   1.3076983e+05   1.3354256e+05
   9.9000000e+01   1.4931577e+05   1.4845869e+05
   9.9100000e+01   1.6186708e+05   1.5386480e+05
   9.9200000e+01   1.6607977e+05   1.4816778e+05
   9.9300000e+01   1.6124055e+05   1.3110239e+05
   9.9400000e+01   1.5071497e+05   1.0728625e+05
   9.9500000e+01   1.3941598e+05   8.4250211e+04
   9.9600000e+01   1.2897887e+05   6.7233656e+04
   9.9700000e+01   1.1623573e+05   5.6036426e+04
   9.9800000e+01   9.6691898e+04   4.6485457e+04
   9.9900000e+01   6.9044891e+04   3.4664047e+04
   1.0000000e+02   3.6357391e+04   2.0118393e+04
