   1.1851270e+02   3.6301420e+01   1.8450000e+02
   1.1884723e+02   3.7001657e+01   1.2100000e+01
   0.0000000e+00   4.1861875e+05   4.1861875e+05
   1.0000000e-01   3.6009238e+05   4.1242297e+05
   2.0000000e-01   2.6698831e+05   3.5522925e+05
   3.0000000e-01   1.8668773e+05   2.8951422e+05
   4.0000000e-01   1.4321462e+05   2.4642662e+05
   5.0000000e-01   1.2279697e+05   2.2317819e+05
   6.0000000e-01   9.4974938e+04   1.9752645e+05
   7.0000000e-01   4.3093707e+04   1.5656584e+05
   8.0000000e-01  -2.4780516e+04   1.0580291e+05
   9.0000000e-01  -8.8031180e+04   5.4022246e+04
   1.0000000e+00  -1.3118889e+05  -5.8876538e+02
   1.1000000e+00  -1.5166322e+05  -6.3683684e+04
   1.2000000e+00  -1.5663125e+05  -1.2818185e+05
   1.3000000e+00  -1.5658602e+05  -1.7227345e+05
   1.4000000e+00  -1.6072844e+05  -1.7740558e+05
   1.5000000e+00  -1.7438102e+05  -1.4619667e+05
   1.6000000e+00  -1.9732075e+05  -1.0015426e+05
   1.7000000e+00  -2.2344678e+05  -6.0599566e+04
   1.8000000e+00  -2.4312780e+05  -3.3816332e+04
   1.9000000e+00  -2.4840666e+05  -1.3968593e+04
   2.0000000e+00  -2.3858506e+05   3.4581543e+03
   2.1000000e+00  -2.2182633e+05   1.4377120e+04
   2.2000000e+00  -2.1021019e+05   1.1706527e+04
   2.3000000e+00  -2.1111753e+05  -4.5529844e+03
   2.4000000e+00  -2.2187197e+05  -2.4675836e+04
   2.5000000e+00  -2.3209933e+05  -3.6509258e+04
   2.6000000e+00  -2.3115227e+05  -3.4967328e+04
   2.7000000e+00  -2.1383398e+05  -2.5018008e+04
   2.8000000e+00  -1.8074689e+05  -1.6716771e+04
   2.9000000e+00  -1.3551639e+05  -1.7895439e+04
   3.0000000e+00  -8.2868641e+04  -3.0638141e+04
   3.1000000e+00  -2.8192088e+04  -5.2613328e+04
   3.2000000e+00   2.3686133e+04  -7.9731586e+04
   3.3000000e+00   7.1078328e+04  -1.0717761e+05
   3.4000000e+00   1.1620876e+05  -1.3001921e+05
   3.5000000e+00   1.6113631e+05  -1.4613480e+05
   3.6000000e+00   2.0133388e+05  -1.6008542e+05
   3.7000000e+00   2.2471328e+05  -1.8197250e+05
   3.8000000e+00   2.2116212e+05  -2.1817205e+05
   3.9000000e+00   1.9652875e+05  -2.6063125e+05
   4.0000000e+00   1.7610542e+05  -2.8703138e+05
   4.1000000e+00   1.8852833e+05  -2.7611831e+05
   4.2000000e+00   2.4024703e+05  -2.2646647e+05
   4.3000000e+00   3.0445262e+05  -1.6012114e+05
   4.4000000e+00   3.3868356e+05  -1.0496664e+05
   4.5000000e+00   3.1814462e+05  -7.0748172e+04
   4.6000000e+00   2.5470656e+05  -4.1582477e+04
   4.7000000e+00   1.8433506e+05   7.2539238e+03
   4.8000000e+00   1.3612070e+05   8.4226562e+04
   4.9000000e+00   1.1225502e+05   1.7225269e+05
   5.0000000e+00   9.4470805e+04   2.4328006e+05
   5.1000000e+00   6.5778453e+04   2.8131603e+05
   5.2000000e+00   2.5153977e+04   2.9185581e+05
   5.3000000e+00  -1.5188366e+04   2.9148656e+05
   5.4000000e+00  -4.2440629e+04   2.9132653e+05
   5.5000000e+00  -5.2850805e+04   2.9088988e+05
   5.6000000e+00  -5.2700195e+04   2.8448166e+05
   5.7000000e+00  -5.2919168e+04   2.6887328e+05
   5.8000000e+00  -6.1742051e+04   2.4328438e+05
   5.9000000e+00  -7.9123594e+04   2.0505027e+05
   6.0000000e+00  -9.6467312e+04   1.5013420e+05
   6.1000000e+00  -1.0319256e+05   8.0266258e+04
   6.2000000e+00  -9.6073672e+04   8.2523203e+03
   6.3000000e+00  -8.3177305e+04  -4.6890207e+04
   6.4000000e+00  -7.7929938e+04  -7.2624570e+04
   6.5000000e+00  -8.8184586e+04  -7.1924125e+04
   6.6000000e+00  -1.1028527e+05  -5.9752039e+04
   6.7000000e+00  -1.3318055e+05  -5.0037023e+04
   6.8000000e+00  -1.4802194e+05  -4.5503609e+04
   6.9000000e+00  -1.5443303e+05  -3.9908461e+04
   7.0000000e+00  -1.5889503e+05  -2.9554359e+04
   7.1000000e+00  -1.6778217e+05  -2.0973039e+04
   7.2000000e+00  -1.8097594e+05  -2.5468164e+04
   7.3000000e+00  -1.9062623e+05  -4.5986691e+04
   7.4000000e+00  -1.8598150e+05  -7.1562039e+04
   7.5000000e+00  -1.6125612e+05  -8.6997180e+04
   7.6000000e+00  -1.2078609e+05  -8.7788969e+04
   7.7000000e+00  -7.6797078e+04  -8.3372320e+04
   7.8000000e+00  -4.0853441e+04  -8.5100641e+04
   7.9000000e+00  -1.6159154e+04  -9.3554555e+04
   8.0000000e+00   2.3517104e+03  -1.0010975e+05
   8.1000000e+00   2.0732381e+04  -9.9394469e+04
   8.2000000e+00   3.9440902e+04  -9.5656953e+04
   8.3000000e+00   5.4193738e+04  -9.4856711e+04
   8.4000000e+00   6.2369176e+04  -9.3991234e+04
   8.5000000e+00   6.6670906e+04  -8.3606625e+04
   8.6000000e+00   7.1056438e+04  -6.2162238e+04
   8.7000000e+00   7.3496719e+04  -4.4029238e+04
   8.8000000e+00   6.5084672e+04  -4.8582207e+04
   8.9000000e+00   3.8952309e+04  -7.9977633e+04
   9.0000000e+00   1.0539023e+03  -1.1928579e+05
   9.1000000e+00  -2.9394016e+04  -1.3848447e+05
   9.2000000e+00  -3.3155320e+04  -1.2345351e+05
   9.3000000e+00  -7.2053516e+03  -8.4583219e+04
   9.4000000e+00   3.1322338e+04  -4.6155145e+04
   9.5000000e+00   5.8075199e+04  -2.5035977e+04
   9.6000000e+00   6.0082422e+04  -1.7385754e+04
   9.7000000e+00   4.3784988e+04  -3.8355742e+03
   9.8000000e+00   2.6940221e+04   3.2321068e+04
   9.9000000e+00   2.3761939e+04   8.9813297e+04
   1.0000000e+01   3.6688508e+04   1.4983056e+05
   1.0100000e+01   5.8954246e+04   1.9116169e+05
   1.0200000e+01   8.1451961e+04   2.0610305e+05
   1.0300000e+01   9.6532500e+04   2.0335556e+05
   1.0400000e+01   9.8572898e+04   1.9727403e+05
   1.0500000e+01   8.5575797e+04   1.9555034e+05
   1.0600000e+01   6.2359969e+04   1.9671750e+05
   1.0700000e+01   4.0360695e+04   1.9675550e+05
   1.0800000e+01   3.0640844e+04   1.9496683e+05
   1.0900000e+01   3.4813617e+04   1.9266075e+05
   1.1000000e+01   4.3240289e+04   1.8814828e+05
   1.1100000e+01   4.3996805e+04   1.7557834e+05
   1.1200000e+01   3.4761961e+04   1.4962098e+05
   1.1300000e+01   2.5432033e+04   1.1090770e+05
   1.1400000e+01   2.7944941e+04   6.6736555e+04
   1.1500000e+01   4.3400395e+04   2.6889762e+04
   1.1600000e+01   6.0413406e+04  -1.4284873e+03
   1.1700000e+01   6.7339992e+04  -1.6276937e+04
   1.1800000e+01   6.5712547e+04  -2.1112137e+04
   1.1900000e+01   6.9785812e+04  -2.3594762e+04
   1.2000000e+01   9.1412930e+04  -3.3342852e+04
   1.2100000e+01   1.2569736e+05  -5.8039008e+04
   1.2200000e+01   1.5291948e+05  -9.8529688e+04
   1.2300000e+01   1.5534983e+05  -1.4615353e+05
   1.2400000e+01   1.3195936e+05  -1.8623561e+05
   1.2500000e+01   9.6662422e+04  -2.0767667e+05
   1.2600000e+01   6.3271926e+04  -2.1174648e+05
   1.2700000e+01   3.3480945e+04  -2.1097139e+05
   1.2800000e+01  -5.4564697e+02  -2.1697075e+05
   1.2900000e+01  -4.3612980e+04  -2.2853747e+05
   1.3000000e+01  -8.9553289e+04  -2.3360756e+05
   1.3100000e+01  -1.2631987e+05  -2.2460581e+05
   1.3200000e+01  -1.4774947e+05  -2.0981805e+05
   1.3300000e+01  -1.5825108e+05  -2.0529036e+05
   1.3400000e+01  -1.6477722e+05  -2.1403655e+05
   1.3500000e+01  -1.6552739e+05  -2.1712597e+05
   1.3600000e+01  -1.4992716e+05  -1.9074345e+05
   1.3700000e+01  -1.1220382e+05  -1.3334195e+05
   1.3800000e+01  -6.3892020e+04  -7.2341227e+04
   1.3900000e+01  -2.9193883e+04  -4.0177129e+04
   1.4000000e+01  -2.5259354e+04  -4.3413395e+04
   1.4100000e+01  -4.7235090e+04  -5.7079945e+04
   1.4200000e+01  -7.3788125e+04  -4.9346133e+04
   1.4300000e+01  -8.6639195e+04  -1.0059023e+04
   1.4400000e+01  -8.3411438e+04   4.4584867e+04
   1.4500000e+01  -7.2981562e+04   9.1408391e+04
   1.4600000e+01  -6.3039379e+04   1.2045452e+05
   1.4700000e+01  -5.5630430e+04   1.3741722e+05
   1.4800000e+01  -5.3014500e+04   1.5189177e+05
   1.4900000e+01  -6.2325645e+04   1.6767447e+05
   1.5000000e+01  -9.0319844e+04   1.8371192e+05
   1.5100000e+01  -1.3349320e+05   2.0006688e+05
   1.5200000e+01  -1.7575409e+05   2.1959073e+05
   1.5300000e+01  -1.9794577e+05   2.4388458e+05
   1.5400000e+01  -1.9092877e+05   2.6968300e+05
   1.5500000e+01  -1.6049062e+05   2.9048953e+05
   1.5600000e+01  -1.2057998e+05   3.0140369e+05
   1.5700000e+01  -8.2090148e+04   3.0143041e+05
   1.5800000e+01  -4.7374047e+04   2.9109859e+05
   1.5900000e+01  -1.3859010e+04   2.6930853e+05
   1.6000000e+01   1.9082496e+04   2.3444977e+05
   1.6100000e+01   4.8065672e+04   1.8919236e+05
   1.6200000e+01   6.9866547e+04   1.4261750e+05
   1.6300000e+01   8.5778281e+04   1.0518459e+05
   1.6400000e+01   1.0050141e+05   8.0286016e+04
   1.6500000e+01   1.1716850e+05   6.1147672e+04
   1.6600000e+01   1.3463266e+05   3.6918773e+04
   1.6700000e+01   1.4940105e+05   2.0197441e+03
   1.6800000e+01   1.5830105e+05  -4.0692289e+04
   1.6900000e+01   1.5808433e+05  -8.5613078e+04
   1.7000000e+01   1.4428197e+05  -1.3198530e+05
   1.7100000e+01   1.1430995e+05  -1.8422453e+05
   1.7200000e+01   7.3974086e+04  -2.4347475e+05
   1.7300000e+01   3.9234738e+04  -2.9917500e+05
   1.7400000e+01   2.7188254e+04  -3.3177266e+05
   1.7500000e+01   4.1849438e+04  -3.2774388e+05
   1.7600000e+01   6.8946531e+04  -2.9367172e+05
   1.7700000e+01   8.7933281e+04  -2.5307427e+05
   1.7800000e+01   9.2220523e+04  -2.2542753e+05
   1.7900000e+01   9.7451469e+04  -2.0751406e+05
   1.8000000e+01   1.2646635e+05  -1.7838714e+05
   1.8100000e+01   1.8279089e+05  -1.2502760e+05
   1.8200000e+01   2.3916953e+05  -6.1418480e+04
   1.8300000e+01   2.5606805e+05  -1.8879488e+04
   1.8400000e+01   2.1560470e+05  -1.6780949e+04
   1.8500000e+01   1.3865700e+05  -4.4626164e+04
   1.8600000e+01   6.7382625e+04  -7.3325859e+04
   1.8700000e+01   2.9177051e+04  -8.1273820e+04
   1.8800000e+01   1.6359531e+04  -6.7439102e+04
   1.8900000e+01  -5.7882227e+02  -4.2387969e+04
   1.9000000e+01  -4.1790539e+04  -1.3604603e+04
   1.9100000e+01  -1.0011323e+05   1.6516406e+04
   1.9200000e+01  -1.5113116e+05   4.1778414e+04
   1.9300000e+01  -1.7758266e+05   4.8989016e+04
   1.9400000e+01  -1.8324006e+05   2.8812520e+04
   1.9500000e+01  -1.8540036e+05  -1.0333346e+04
   1.9600000e+01  -1.9665559e+05  -4.2458789e+04
   1.9700000e+01  -2.1429881e+05  -4.1175430e+04
   1.9800000e+01  -2.2532727e+05   1.1586055e+03
   1.9900000e+01  -2.1948561e+05   6.9378352e+04
   2.0000000e+01  -1.9696812e+05   1.3861395e+05
   2.0100000e+01  -1.6480291e+05   1.9126622e+05
   2.0200000e+01  -1.2778659e+05   2.2381742e+05
   2.0300000e+01  -8.4367062e+04   2.4148142e+05
   2.0400000e+01  -3.1330168e+04   2.4936822e+05
   2.0500000e+01   2.8895086e+04   2.4845230e+05
   2.0600000e+01   8.7086539e+04   2.3705433e+05
   2.0700000e+01   1.3365164e+05   2.1371872e+05
   2.0800000e+01   1.6547180e+05   1.7884927e+05
   2.0900000e+01   1.8600803e+05   1.3552681e+05
   2.1000000e+01   1.9941847e+05   8.9919945e+04
   2.1100000e+01   2.0556039e+05   4.9937078e+04
   2.1200000e+01   2.0055262e+05   2.1118047e+04
   2.1300000e+01   1.8098081e+05   1.7921206e+03
   2.1400000e+01   1.4701995e+05  -1.7936781e+04
   2.1500000e+01   1.0261343e+05  -5.0098172e+04
   2.1600000e+01   5.3999723e+04  -9.8053555e+04
   2.1700000e+01   7.4359639e+03  -1.4977191e+05
   2.1800000e+01  -3.4262145e+04  -1.8392358e+05
   2.1900000e+01  -7.4697945e+04  -1.8699136e+05
   2.2000000e+01  -1.2176162e+05  -1.6614669e+05
   2.2100000e+01  -1.7844059e+05  -1.4246084e+05
   2.2200000e+01  -2.3334773e+05  -1.2801981e+05
   2.2300000e+01  -2.6274450e+05  -1.1079768e+05
   2.2400000e+01  -2.4770453e+05  -6.6923719e+04
   2.2500000e+01  -1.9361914e+05   9.3429824e+03
   2.2600000e+01  -1.3208531e+05   9.0244281e+04
   2.2700000e+01  -9.8737727e+04   1.3330634e+05
   2.2800000e+01  -1.0424035e+05   1.1735145e+05
   2.2900000e+01  -1.2509241e+05   5.9799516e+04
   2.3000000e+01  -1.2405991e+05  -6.2771680e+02
   2.3100000e+01  -8.2212031e+04  -3.6286023e+04
   2.3200000e+01  -1.3640423e+04  -4.7028047e+04
   2.3300000e+01   4.9081152e+04  -5.0528906e+04
   2.3400000e+01   8.3385766e+04  -6.2213812e+04
   2.3500000e+01   9.3118258e+04  -8.4383469e+04
   2.3600000e+01   1.0084032e+05  -1.0883274e+05
   2.3700000e+01   1.2636784e+05  -1.2433155e+05
   2.3800000e+01   1.7115338e+05  -1.2152419e+05
   2.3900000e+01   2.1914159e+05  -9.5570734e+04
   2.4000000e+01   2.4965836e+05  -4.9238512e+04
   2.4100000e+01   2.5063386e+05   5.1563330e+03
   2.4200000e+01   2.2387398e+05   4.9646902e+04
   2.4300000e+01   1.8155728e+05   7.1073977e+04
   2.4400000e+01   1.3802912e+05   7.0910398e+04
   2.4500000e+01   1.0191070e+05   6.4411336e+04
   2.4600000e+01   7.2403016e+04   6.6899031e+04
   2.4700000e+01   4.1601551e+04   7.8169281e+04
   2.4800000e+01   1.5761406e+03   8.0802297e+04
   2.4900000e+01  -4.8313336e+04   5.6474820e+04
   2.5000000e+01  -9.9389578e+04   5.6309404e+03
   2.5100000e+01  -1.3911386e+05  -4.9681320e+04
   2.5200000e+01  -1.6012988e+05  -8.3854789e+04
   2.5300000e+01  -1.6534897e+05  -8.8800031e+04
   2.5400000e+01  -1.6452444e+05  -7.7016492e+04
   2.5500000e+01  -1.6545944e+05  -6.5362828e+04
   2.5600000e+01  -1.6797436e+05  -5.8562910e+04
   2.5700000e+01  -1.6568612e+05  -4.9411371e+04
   2.5800000e+01  -1.5262533e+05  -3.1894350e+04
   2.5900000e+01  -1.2739935e+05  -9.4169277e+03
   2.6000000e+01  -9.1557312e+04   1.1143869e+04
   2.6100000e+01  -4.6139219e+04   2.9942180e+04
   2.6200000e+01   7.5981328e+03   5.4164594e+04
   2.6300000e+01   6.3154227e+04   8.6487531e+04
   2.6400000e+01   1.0646048e+05   1.1643962e+05
   2.6500000e+01   1.2275445e+05   1.2692691e+05
   2.6600000e+01   1.0965437e+05   1.1071826e+05
   2.6700000e+01   8.3950523e+04   7.9255539e+04
   2.6800000e+01   7.1808898e+04   5.3146227e+04
   2.6900000e+01   8.7198234e+04   4.2812969e+04
   2.7000000e+01   1.1763792e+05   3.8578340e+04
   2.7100000e+01   1.3292352e+05   2.0521348e+04
   2.7200000e+01   1.1106935e+05  -2.1033680e+04
   2.7300000e+01   5.7297578e+04  -7.3844805e+04
   2.7400000e+01  -2.3923210e+03  -1.1170307e+05
   2.7500000e+01  -4.5866543e+04  -1.1455362e+05
   2.7600000e+01  -7.2314695e+04  -8.3194195e+04
   2.7700000e+01  -9.6360664e+04  -3.7081836e+04
   2.7800000e+01  -1.2824594e+05   1.3767451e+03
   2.7900000e+01  -1.6250270e+05   2.2589688e+04
   2.8000000e+01  -1.8520642e+05   3.3653133e+04
   2.8100000e+01  -1.8884361e+05   4.8551742e+04
   2.8200000e+01  -1.7799206e+05   7.3678453e+04
   2.8300000e+01  -1.6188062e+05   1.0123262e+05
   2.8400000e+01  -1.4416470e+05   1.1619689e+05
   2.8500000e+01  -1.2071634e+05   1.1026731e+05
   2.8600000e+01  -8.5740234e+04   8.9494344e+04
   2.8700000e+01  -3.8474949e+04   6.8628617e+04
   2.8800000e+01   1.5646008e+04   5.8350086e+04
   2.8900000e+01   6.8734461e+04   5.7758559e+04
   2.9000000e+01   1.1451840e+05   5.7671938e+04
   2.9100000e+01   1.4969991e+05   4.9278070e+04
   2.9200000e+01   1.7321603e+05   2.9796078e+04
   2.9300000e+01   1.8559870e+05   2.7885840e+03
   2.9400000e+01   1.8910344e+05  -2.3935814e+04
   2.9500000e+01   1.8715183e+05  -4.1007590e+04
   2.9600000e+01   1.8212169e+05  -4.1748184e+04
   2.9700000e+01   1.7355139e+05  -2.7313688e+04
   2.9800000e+01   1.6012462e+05  -8.2834287e+03
   2.9900000e+01   1.4482222e+05   7.4253162e+02
   3.0000000e+01   1.3684138e+05  -9.3530508e+03
   3.0100000e+01   1.4477878e+05  -3.5972750e+04
   3.0200000e+01   1.6553053e+05  -6.6613742e+04
   3.0300000e+01   1.8188119e+05  -8.6894258e+04
   3.0400000e+01   1.7580956e+05  -8.8973914e+04
   3.0500000e+01   1.4683678e+05  -7.5436211e+04
   3.0600000e+01   1.1525595e+05  -5.7063773e+04
   3.0700000e+01   1.0346440e+05  -4.6260656e+04
   3.0800000e+01   1.1310055e+05  -5.0131312e+04
   3.0900000e+01   1.2300702e+05  -6.7254828e+04
   3.1000000e+01   1.1187834e+05  -8.9390281e+04
   3.1100000e+01   8.1853000e+04  -1.0600145e+05
   3.1200000e+01   5.6925602e+04  -1.0894436e+05
   3.1300000e+01   5.6859004e+04  -9.6468047e+04
   3.1400000e+01   7.4009570e+04  -7.5827875e+04
   3.1500000e+01   7.7880719e+04  -6.1470156e+04
   3.1600000e+01   4.3570945e+04  -6.6175047e+04
   3.1700000e+01  -2.3868068e+04  -8.9386117e+04
   3.1800000e+01  -9.2900500e+04  -1.1385120e+05
   3.1900000e+01  -1.3374562e+05  -1.1770691e+05
   3.2000000e+01  -1.4534027e+05  -9.4140867e+04
   3.2100000e+01  -1.5631394e+05  -5.9971816e+04
   3.2200000e+01  -1.9889203e+05  -4.2425512e+04
   3.2300000e+01  -2.7942775e+05  -5.4745672e+04
   3.2400000e+01  -3.7272559e+05  -8.3834961e+04
   3.2500000e+01  -4.4509928e+05  -1.0217094e+05
   3.2600000e+01  -4.8331447e+05  -9.2325406e+04
   3.2700000e+01  -5.0105856e+05  -6.0534637e+04
   3.2800000e+01  -5.1825353e+05  -2.7764520e+04
   3.2900000e+01  -5.3700756e+05  -8.9085449e+03
   3.3000000e+01  -5.4023825e+05  -2.2201562e+02
   3.3100000e+01  -5.1254438e+05   1.5484563e+04
   3.3200000e+01  -4.5805344e+05   5.3512086e+04
   3.3300000e+01  -3.9499228e+05   1.1599605e+05
   3.3400000e+01  -3.3475997e+05   1.9171848e+05
   3.3500000e+01  -2.7085384e+05   2.6350400e+05
   3.3600000e+01  -1.9005486e+05   3.1603341e+05
   3.3700000e+01  -9.1344609e+04   3.4046241e+05
   3.3800000e+01   1.0510337e+04   3.3634591e+05
   3.3900000e+01   1.0046020e+05   3.1153025e+05
   3.4000000e+01   1.7825675e+05   2.7888591e+05
   3.4100000e+01   2.5442430e+05   2.4948856e+05
   3.4200000e+01   3.3204775e+05   2.2569842e+05
   3.4300000e+01   3.9711231e+05   1.9995286e+05
   3.4400000e+01   4.3045094e+05   1.6168188e+05
   3.4500000e+01   4.2847372e+05   1.0746495e+05
   3.4600000e+01   4.0862459e+05   4.5634211e+04
   3.4700000e+01   3.9252572e+05  -9.1382559e+03
   3.4800000e+01   3.8519653e+05  -4.6681715e+04
   3.4900000e+01   3.7305659e+05  -6.8054531e+04
   3.5000000e+01   3.4216506e+05  -8.2693508e+04
   3.5100000e+01   2.9610184e+05  -9.9443680e+04
   3.5200000e+01   2.5446644e+05  -1.1983321e+05
   3.5300000e+01   2.3471634e+05  -1.3854567e+05
   3.5400000e+01   2.3688806e+05  -1.4875425e+05
   3.5500000e+01   2.4547539e+05  -1.4667630e+05
   3.5600000e+01   2.4376717e+05  -1.3284756e+05
   3.5700000e+01   2.2492694e+05  -1.1195656e+05
   3.5800000e+01   1.9121528e+05  -9.2587883e+04
   3.5900000e+01   1.4734514e+05  -8.4395219e+04
   3.6000000e+01   9.8624914e+04  -9.0535469e+04
   3.6100000e+01   5.5095508e+04  -1.0028669e+05
   3.6200000e+01   3.2188195e+04  -9.2088117e+04
   3.6300000e+01   4.0885797e+04  -5.0295066e+04
   3.6400000e+01   7.4349281e+04   1.6861988e+04
   3.6500000e+01   1.0675534e+05   7.7418594e+04
   3.6600000e+01   1.1091670e+05   9.8835906e+04
   3.6700000e+01   8.1580320e+04   7.5165023e+04
   3.6800000e+01   4.2250730e+04   3.1946078e+04
   3.6900000e+01   2.6621408e+04   2.9226631e+03
   3.7000000e+01   4.9496492e+04   7.4980615e+02
   3.7100000e+01   9.2936273e+04   9.5302773e+03
   3.7200000e+01   1.2015395e+05   3.9926313e+03
   3.7300000e+01   1.0472655e+05  -2.6283219e+04
   3.7400000e+01   4.9348723e+04  -7.1040227e+04
   3.7500000e+01  -2.1211164e+04  -1.1325952e+05
   3.7600000e+01  -8.4224430e+04  -1.4448419e+05
   3.7700000e+01  -1.3657600e+05  -1.6644294e+05
   3.7800000e+01  -1.9051059e+05  -1.8240109e+05
   3.7900000e+01  -2.5497481e+05  -1.9194889e+05
   3.8000000e+01  -3.2356294e+05  -1.9460978e+05
   3.8100000e+01  -3.8074247e+05  -1.9407950e+05
   3.8200000e+01  -4.1714703e+05  -1.9436448e+05
   3.8300000e+01  -4.3621078e+05  -1.9155631e+05
   3.8400000e+01  -4.4675012e+05  -1.7320883e+05
   3.8500000e+01  -4.5275341e+05  -1.2951270e+05
   3.8600000e+01  -4.5234925e+05  -6.5669172e+04
   3.8700000e+01  -4.4409409e+05  -1.5228311e+03
   3.8800000e+01  -4.2988472e+05   4.2595598e+04
   3.8900000e+01  -4.1073584e+05   6.0481891e+04
   3.9000000e+01  -3.8289609e+05   6.1975785e+04
   3.9100000e+01  -3.4114750e+05   6.2419684e+04
   3.9200000e+01  -2.8538350e+05   7.0991078e+04
   3.9300000e+01  -2.2155111e+05   8.7438695e+04
   3.9400000e+01  -1.5565573e+05   1.0677436e+05
   3.9500000e+01  -8.8697086e+04   1.2490925e+05
   3.9600000e+01  -1.8637768e+04   1.4007067e+05
   3.9700000e+01   5.4062676e+04   1.5081327e+05
   3.9800000e+01   1.2500816e+05   1.5489036e+05
   3.9900000e+01   1.9004958e+05   1.5132850e+05
   4.0000000e+01   2.4888981e+05   1.4303412e+05
   4.0100000e+01   3.0256872e+05   1.3492855e+05
   4.0200000e+01   3.4742216e+05   1.2736484e+05
   4.0300000e+01   3.7395716e+05   1.1276042e+05
   4.0400000e+01   3.7516550e+05   8.3732688e+04
   4.0500000e+01   3.5781797e+05   4.8157168e+04
   4.0600000e+01   3.4348388e+05   3.3051227e+04
   4.0700000e+01   3.5309272e+05   6.5132582e+04
   4.0800000e+01   3.8612131e+05   1.4160898e+05
   4.0900000e+01   4.1534791e+05   2.2235825e+05
   4.1000000e+01   4.0629053e+05   2.5829269e+05
   4.1100000e+01   3.4548122e+05   2.3260325e+05
   4.1200000e+01   2.5056023e+05   1.7420744e+05
   4.1300000e+01   1.5278439e+05   1.2917590e+05
   4.1400000e+01   7.0981398e+04   1.1896768e+05
   4.1500000e+01   3.0089570e+03   1.2626143e+05
   4.1600000e+01  -6.1048695e+04   1.1803739e+05
   4.1700000e+01  -1.2342945e+05   7.7965172e+04
   4.1800000e+01  -1.7842755e+05   1.6346574e+04
   4.1900000e+01  -2.2276894e+05  -4.5678875e+04
   4.2000000e+01  -2.5969070e+05  -9.5793375e+04
   4.2100000e+01  -2.9113547e+05  -1.3506361e+05
   4.2200000e+01  -3.0999884e+05  -1.6901653e+05
   4.2300000e+01  -3.0446231e+05  -1.9912069e+05
   4.2400000e+01  -2.7025528e+05  -2.2284142e+05
   4.2500000e+01  -2.1620567e+05  -2.3866661e+05
   4.2600000e+01  -1.5656081e+05  -2.4872922e+05
   4.2700000e+01  -9.8995508e+04  -2.5668984e+05
   4.2800000e+01  -4.1166512e+04  -2.6408019e+05
   4.2900000e+01   2.1926400e+04  -2.6887906e+05
   4.3000000e+01   8.9015906e+04  -2.6709788e+05
   4.3100000e+01   1.5159717e+05  -2.5542019e+05
   4.3200000e+01   2.0124902e+05  -2.3254514e+05
   4.3300000e+01   2.3742108e+05  -1.9873672e+05
   4.3400000e+01   2.6781872e+05  -1.5538019e+05
   4.3500000e+01   3.0041609e+05  -1.0630351e+05
   4.3600000e+01   3.3383622e+05  -5.9429891e+04
   4.3700000e+01   3.5520144e+05  -2.4748232e+04
   4.3800000e+01   3.4902056e+05  -7.4996416e+03
   4.3900000e+01   3.1072525e+05  -2.2222822e+03
   4.4000000e+01   2.5275461e+05   4.8168325e+03
   4.4100000e+01   1.9643083e+05   2.5185438e+04
   4.4200000e+01   1.5586391e+05   6.0041344e+04
   4.4300000e+01   1.2809935e+05   1.0294367e+05
   4.4400000e+01   9.7647250e+04   1.4952072e+05
   4.4500000e+01   4.9422430e+04   2.0064225e+05
   4.4600000e+01  -2.2399764e+04   2.5365781e+05
   4.4700000e+01  -1.1431438e+05   2.9321547e+05
   4.4800000e+01  -2.1592861e+05   2.9743122e+05
   4.4900000e+01  -3.0932291e+05   2.5839064e+05
   4.5000000e+01  -3.7026994e+05   1.9620288e+05
   4.5100000e+01  -3.7952303e+05   1.4787352e+05
   4.5200000e+01  -3.3993834e+05   1.3731712e+05
   4.5300000e+01  -2.8172784e+05   1.5452823e+05
   4.5400000e+01  -2.4430162e+05   1.6518130e+05
   4.5500000e+01  -2.4680223e+05   1.4207894e+05
   4.5600000e+01  -2.7441891e+05   8.8075656e+04
   4.5700000e+01  -2.9450219e+05   2.9429049e+04
   4.5800000e+01  -2.8750000e+05  -1.1344744e+04
   4.5900000e+01  -2.6348022e+05  -3.5065691e+04
   4.6000000e+01  -2.5001217e+05  -6.0448762e+04
   4.6100000e+01  -2.6485925e+05  -1.0254433e+05
   4.6200000e+01  -2.9951403e+05  -1.5786864e+05
   4.6300000e+01  -3.2709428e+05  -2.0870622e+05
   4.6400000e+01  -3.2515997e+05  -2.3896294e+05
   4.6500000e+01  -2.9238584e+05  -2.4528827e+05
   4.6600000e+01  -2.4613956e+05  -2.3538438e+05
   4.6700000e+01  -2.0591831e+05  -2.1856041e+05
   4.6800000e+01  -1.7842791e+05  -1.9853041e+05
   4.6900000e+01  -1.5567208e+05  -1.7346859e+05
   4.7000000e+01  -1.2433666e+05  -1.4091194e+05
   4.7100000e+01  -7.6202633e+04  -1.0210764e+05
   4.7200000e+01  -1.1691367e+04  -6.2534816e+04
   4.7300000e+01   6.3324562e+04  -2.8976617e+04
   4.7400000e+01   1.4255245e+05  -5.4732231e+03
   4.7500000e+01   2.2240336e+05   9.5818320e+03
   4.7600000e+01   3.0242800e+05   2.3588848e+04
   4.7700000e+01   3.8356831e+05   4.6160992e+04
   4.7800000e+01   4.6512566e+05   8.2514500e+04
   4.7900000e+01   5.4238619e+05   1.2759362e+05
   4.8000000e+01   6.0724200e+05   1.6648584e+05
   4.8100000e+01   6.5203969e+05   1.8348797e+05
   4.8200000e+01   6.7374231e+05   1.7452717e+05
   4.8300000e+01   6.7494406e+05   1.5227497e+05
   4.8400000e+01   6.6131525e+05   1.3732797e+05
   4.8500000e+01   6.3843494e+05   1.4105120e+05
   4.8600000e+01   6.1083969e+05   1.5512844e+05
   4.8700000e+01   5.8261612e+05   1.5868894e+05
   4.8800000e+01   5.5619344e+05   1.3770722e+05
   4.8900000e+01   5.2809388e+05   9.8433938e+04
   4.9000000e+01   4.8581156e+05   6.1325844e+04
   4.9100000e+01   4.1215381e+05   4.1333266e+04
   4.9200000e+01   2.9751659e+05   3.4712148e+04
   4.9300000e+01   1.5098297e+05   2.5772760e+04
   4.9400000e+01  -1.2998809e+03   5.6640215e+03
   4.9500000e+01  -1.3212994e+05  -1.7477498e+04
   4.9600000e+01  -2.3156495e+05  -2.7892518e+04
   4.9700000e+01  -3.1214866e+05  -2.0615307e+04
   4.9800000e+01  -3.9677062e+05  -8.9124922e+03
   4.9900000e+01  -4.9945588e+05  -1.2502229e+04
   5.0000000e+01  -6.1403912e+05  -3.8128129e+04
   5.0100000e+01  -7.1819906e+05  -7.1664469e+04
   5.0200000e+01  -7.8881644e+05  -8.9835602e+04
   5.0300000e+01  -8.1739600e+05  -8.1185516e+04
   5.0400000e+01  -8.1453662e+05  -5.7061172e+04
   5.0500000e+01  -7.9997925e+05  -4.2011367e+04
   5.0600000e+01  -7.8589181e+05  -5.1989617e+04
   5.0700000e+01  -7.6735150e+05  -8.0894344e+04
   5.0800000e+01  -7.2812781e+05  -1.0852862e+05
   5.0900000e+01  -6.5579206e+05  -1.2158708e+05
   5.1000000e+01  -5.5207188e+05  -1.2548818e+05
   5.1100000e+01  -4.3077503e+05  -1.3477030e+05
   5.1200000e+01  -3.0834947e+05  -1.5374233e+05
   5.1300000e+01  -1.9650378e+05  -1.7000850e+05
   5.1400000e+01  -9.9936117e+04  -1.6807691e+05
   5.1500000e+01  -1.6333157e+04  -1.4649834e+05
   5.1600000e+01   6.2274242e+04  -1.1848634e+05
   5.1700000e+01   1.4434220e+05  -9.6635281e+04
   5.1800000e+01   2.3087784e+05  -8.1181086e+04
   5.1900000e+01   3.1198900e+05  -6.5094996e+04
   5.2000000e+01   3.7325081e+05  -4.7094438e+04
   5.2100000e+01   4.0693181e+05  -3.4320297e+04
   5.2200000e+01   4.1704825e+05  -3.1323494e+04
   5.2300000e+01   4.1370062e+05  -3.0806299e+04
   5.2400000e+01   4.0356166e+05  -1.9526348e+04
   5.2500000e+01   3.8626653e+05   7.0789688e+03
   5.2600000e+01   3.5870019e+05   3.9566305e+04
   5.2700000e+01   3.2108766e+05   6.5043559e+04
   5.2800000e+01   2.7873106e+05   8.0840695e+04
   5.2900000e+01   2.3878556e+05   9.5646508e+04
   5.3000000e+01   2.0553078e+05   1.1843407e+05
   5.3100000e+01   1.7767628e+05   1.4923100e+05
   5.3200000e+01   1.4947188e+05   1.8107492e+05
   5.3300000e+01   1.1532628e+05   2.0770139e+05
   5.3400000e+01   7.5203203e+04   2.2636888e+05
   5.3500000e+01   3.6633840e+04   2.3451358e+05
   5.3600000e+01   1.1181590e+04   2.2821022e+05
   5.3700000e+01   7.8717266e+03   2.0695827e+05
   5.3800000e+01   2.8750693e+04   1.7872492e+05
   5.3900000e+01   6.9242570e+04   1.5654888e+05
   5.4000000e+01   1.2122192e+05   1.4759158e+05
   5.4100000e+01   1.7532823e+05   1.4567272e+05
   5.4200000e+01   2.2224264e+05   1.3642625e+05
   5.4300000e+01   2.5552342e+05   1.1162830e+05
   5.4400000e+01   2.7634712e+05   7.9140297e+04
   5.4500000e+01   2.9524756e+05   5.7846188e+04
   5.4600000e+01   3.2533259e+05   6.0610105e+04
   5.4700000e+01   3.6922522e+05   8.0186414e+04
   5.4800000e+01   4.1121462e+05   9.1852148e+04
   5.4900000e+01   4.2501128e+05   7.2280219e+04
   5.5000000e+01   3.9359884e+05   1.8955598e+04
   5.5100000e+01   3.2393828e+05  -4.7323160e+04
   5.5200000e+01   2.4175592e+05  -9.9663445e+04
   5.5300000e+01   1.7020619e+05  -1.2670591e+05
   5.5400000e+01   1.1208851e+05  -1.3921459e+05
   5.5500000e+01   5.1304543e+04  -1.5651270e+05
   5.5600000e+01  -3.0252258e+04  -1.8665725e+05
   5.5700000e+01  -1.3784083e+05  -2.1941261e+05
   5.5800000e+01  -2.6280553e+05  -2.3777481e+05
   5.5900000e+01  -3.9103347e+05  -2.3560217e+05
   5.6000000e+01  -5.0943838e+05  -2.2370489e+05
   5.6100000e+01  -6.0647225e+05  -2.1901059e+05
   5.6200000e+01  -6.7248900e+05  -2.2830731e+05
   5.6300000e+01  -7.0470369e+05  -2.4263556e+05
   5.6400000e+01  -7.1208356e+05  -2.4673867e+05
   5.6500000e+01  -7.1164619e+05  -2.3283969e+05
   5.6600000e+01  -7.1580469e+05  -2.0518256e+05
   5.6700000e+01  -7.2139325e+05  -1.7314730e+05
   5.6800000e+01  -7.1121738e+05  -1.4270778e+05
   5.6900000e+01  -6.6733894e+05  -1.1532664e+05
   5.7000000e+01  -5.8435038e+05  -9.2523422e+04
   5.7100000e+01  -4.7201541e+05  -7.7593859e+04
   5.7200000e+01  -3.4729325e+05  -7.1281188e+04
   5.7300000e+01  -2.2391031e+05  -6.7670422e+04
   5.7400000e+01  -1.0661035e+05  -5.7322137e+04
   5.7500000e+01   8.4553271e+03  -3.5680188e+04
   5.7600000e+01   1.2877971e+05  -7.7145391e+03
   5.7700000e+01   2.5781908e+05   1.6487445e+04
   5.7800000e+01   3.8796231e+05   3.0597410e+04
   5.7900000e+01   4.9983116e+05   3.6550473e+04
   5.8000000e+01   5.7119300e+05   4.1469770e+04
   5.8100000e+01   5.9077112e+05   5.1966801e+04
   5.8200000e+01   5.6624081e+05   7.2059602e+04
   5.8300000e+01   5.1903841e+05   1.0471943e+05
   5.8400000e+01   4.6911303e+05   1.5156356e+05
   5.8500000e+01   4.2115831e+05   2.0797628e+05
   5.8600000e+01   3.6350347e+05   2.5953439e+05
   5.8700000e+01   2.8191403e+05   2.8876584e+05
   5.8800000e+01   1.7823198e+05   2.9139691e+05
   5.8900000e+01   7.6766031e+04   2.8661038e+05
   5.9000000e+01   8.5012617e+03   3.0535753e+05
   5.9100000e+01  -1.6415039e+04   3.6135891e+05
   5.9200000e+01  -2.1688953e+04   4.3170291e+05
   5.9300000e+01  -4.6564898e+04   4.7005394e+05
   5.9400000e+01  -1.1025753e+05   4.4399403e+05
   5.9500000e+01  -1.9374272e+05   3.6158906e+05
   5.9600000e+01  -2.5770947e+05   2.6197697e+05
   5.9700000e+01  -2.7780250e+05   1.8137459e+05
   5.9800000e+01  -2.6091636e+05   1.2878670e+05
   5.9900000e+01  -2.2912520e+05   9.0850789e+04
   6.0000000e+01  -1.9357084e+05   5.2982852e+04
   6.0100000e+01  -1.4797308e+05   1.1725373e+04
   6.0200000e+01  -8.4779234e+04  -2.9804031e+04
   6.0300000e+01  -1.0566940e+04  -7.0708008e+04
   6.0400000e+01   5.8522926e+04  -1.1257255e+05
   6.0500000e+01   1.1431338e+05  -1.5370367e+05
   6.0600000e+01   1.6475711e+05  -1.8800583e+05
   6.0700000e+01   2.2267391e+05  -2.1130142e+05
   6.0800000e+01   2.8829362e+05  -2.2689025e+05
   6.0900000e+01   3.4583825e+05  -2.4278805e+05
   6.1000000e+01   3.7825184e+05  -2.6351250e+05
   6.1100000e+01   3.8394531e+05  -2.8589450e+05
   6.1200000e+01   3.7739659e+05  -3.0350306e+05
   6.1300000e+01   3.7323022e+05  -3.1418675e+05
   6.1400000e+01   3.7112275e+05  -3.2171144e+05
   6.1500000e+01   3.5733100e+05  -3.2947778e+05
   6.1600000e+01   3.2011209e+05  -3.3392866e+05
   6.1700000e+01   2.6184675e+05  -3.2629856e+05
   6.1800000e+01   1.9592144e+05  -3.0189122e+05
   6.1900000e+01   1.3390655e+05  -2.6658512e+05
   6.2000000e+01   7.7523656e+04  -2.3240842e+05
   6.2100000e+01   2.1615260e+04  -2.0640036e+05
   6.2200000e+01  -3.8578379e+04  -1.8521523e+05
   6.2300000e+01  -1.0406623e+05  -1.6146542e+05
   6.2400000e+01  -1.7232591e+05  -1.3366994e+05
   6.2500000e+01  -2.3640073e+05  -1.0710020e+05
   6.2600000e+01  -2.8388656e+05  -8.4160055e+04
   6.2700000e+01  -3.0189300e+05  -5.6898180e+04
   6.2800000e+01  -2.8805053e+05  -1.3217174e+04
   6.2900000e+01  -2.5703575e+05   4.7979629e+04
   6.3000000e+01  -2.3250647e+05   1.1027002e+05
   6.3100000e+01  -2.2857869e+05   1.5222088e+05
   6.3200000e+01  -2.3766527e+05   1.6826745e+05
   6.3300000e+01  -2.3737773e+05   1.7589795e+05
   6.3400000e+01  -2.1152705e+05   1.9985238e+05
   6.3500000e+01  -1.6676098e+05   2.4845341e+05
   6.3600000e+01  -1.2982435e+05   3.0616759e+05
   6.3700000e+01  -1.2700645e+05   3.4931912e+05
   6.3800000e+01  -1.6242500e+05   3.6748488e+05
   6.3900000e+01  -2.1326584e+05   3.6871134e+05
   6.4000000e+01  -2.4678328e+05   3.6610825e+05
   6.4100000e+01  -2.4582070e+05   3.6318169e+05
   6.4200000e+01  -2.2154944e+05   3.5345856e+05
   6.4300000e+01  -2.0221100e+05   3.3138097e+05
   6.4400000e+01  -2.0757225e+05   2.9944278e+05
   6.4500000e+01  -2.3176366e+05   2.6378228e+05
   6.4600000e+01  -2.4923336e+05   2.2559267e+05
   6.4700000e+01  -2.3696056e+05   1.7994428e+05
   6.4800000e+01  -1.9205117e+05   1.2338038e+05
   6.4900000e+01  -1.3060988e+05   6.0598207e+04
   6.5000000e+01  -7.2727156e+04   1.6575078e+03
   6.5100000e+01  -2.9417453e+04  -4.7599383e+04
   6.5200000e+01  -1.0601021e+03  -9.1114570e+04
   6.5300000e+01   1.6695779e+04  -1.3751152e+05
   6.5400000e+01   2.8792441e+04  -1.8950789e+05
   6.5500000e+01   4.1062289e+04  -2.3953938e+05
   6.5600000e+01   6.0050625e+04  -2.7705812e+05
   6.5700000e+01   8.8817070e+04  -3.0035066e+05
   6.5800000e+01   1.2265316e+05  -3.2018575e+05
   6.5900000e+01   1.5126616e+05  -3.5032941e+05
   6.6000000e+01   1.6726680e+05  -3.9321206e+05
   6.6100000e+01   1.7283334e+05  -4.3452753e+05
   6.6200000e+01   1.7758823e+05  -4.5288219e+05
   6.6300000e+01   1.9022123e+05  -4.3700166e+05
   6.6400000e+01   2.1275998e+05  -3.9568609e+05
   6.6500000e+01   2.4195927e+05  -3.5122466e+05
   6.6600000e+01   2.7328353e+05  -3.2100847e+05
   6.6700000e+01   3.0138625e+05  -3.0273044e+05
   6.6800000e+01   3.1839034e+05  -2.7604772e+05
   6.6900000e+01   3.1639284e+05  -2.1931077e+05
   6.7000000e+01   2.9502938e+05  -1.2680471e+05
   6.7100000e+01   2.6558947e+05  -1.2486010e+04
   6.7200000e+01   2.4393931e+05   1.0052630e+05
   6.7300000e+01   2.3692008e+05   1.9346538e+05
   6.7400000e+01   2.3626747e+05   2.5813350e+05
   6.7500000e+01   2.2761877e+05   2.9570397e+05
   6.7600000e+01   2.0590656e+05   3.1413731e+05
   6.7700000e+01   1.8095616e+05   3.2636134e+05
   6.7800000e+01   1.6727581e+05   3.4551016e+05
   6.7900000e+01   1.6863530e+05   3.7589534e+05
   6.8000000e+01   1.7311006e+05   4.0677766e+05
   6.8100000e+01   1.6322681e+05   4.1803547e+05
   6.8200000e+01   1.3104338e+05   3.9651328e+05
   6.8300000e+01   8.4010672e+04   3.4917794e+05
   6.8400000e+01   3.6753656e+04   2.9948338e+05
   6.8500000e+01  -3.1895740e+03   2.6863766e+05
   6.8600000e+01  -4.2498875e+04   2.5863659e+05
   6.8700000e+01  -9.5366266e+04   2.5270059e+05
   6.8800000e+01  -1.6879077e+05   2.3188666e+05
   6.8900000e+01  -2.5362181e+05   1.9145445e+05
   6.9000000e+01  -3.3053847e+05   1.4228922e+05
   6.9100000e+01  -3.8594097e+05   9.8546625e+04
   6.9200000e+01  -4.2228425e+05   6.5648023e+04
   6.9300000e+01  -4.5246109e+05   4.0039406e+04
   6.9400000e+01  -4.8452059e+05   1.8134641e+04
   6.9500000e+01  -5.1338581e+05   2.3633384e+03
   6.9600000e+01  -5.2797175e+05  -2.9136406e+03
   6.9700000e+01  -5.2412281e+05   4.0093018e+01
   6.9800000e+01  -5.0719369e+05   8.4000024e+02
   6.9900000e+01  -4.8106294e+05  -1.0163090e+04
   7.0000000e+01  -4.3755425e+05  -3.2430199e+04
   7.0100000e+01  -3.6080925e+05  -5.6995500e+04
   7.0200000e+01  -2.4400378e+05  -7.8451773e+04
   7.0300000e+01  -1.0092645e+05  -1.0288394e+05
   7.0400000e+01   4.0371527e+04  -1.4073269e+05
   7.0500000e+01   1.5593730e+05  -1.9161317e+05
   7.0600000e+01   2.3867536e+05  -2.3978133e+05
   7.0700000e+01   2.9529784e+05  -2.6821800e+05
   7.0800000e+01   3.3414494e+05  -2.7688506e+05
   7.0900000e+01   3.5803234e+05  -2.8363500e+05
   7.1000000e+01   3.6759809e+05  -3.0502659e+05
   7.1100000e+01   3.6744838e+05  -3.3793688e+05
   7.1200000e+01   3.6518856e+05  -3.6285859e+05
   7.1300000e+01   3.6373134e+05  -3.6519231e+05
   7.1400000e+01   3.5683259e+05  -3.5043888e+05
   7.1500000e+01   3.3479072e+05  -3.3692350e+05
   7.1600000e+01   2.9510969e+05  -3.3575316e+05
   7.1700000e+01   2.4623411e+05  -3.4106206e+05
   7.1800000e+01   1.9960473e+05  -3.3952606e+05
   7.1900000e+01   1.5858334e+05  -3.2498756e+05
   7.2000000e+01   1.1701193e+05  -2.9987328e+05
   7.2100000e+01   6.9783930e+04  -2.6384038e+05
   7.2200000e+01   2.3672531e+04  -2.0764231e+05
   7.2300000e+01  -5.2295742e+03  -1.2413250e+05
   7.2400000e+01  -7.1099502e+03  -2.5179730e+04
   7.2500000e+01   9.0702715e+03   5.8445055e+04
   7.2600000e+01   2.1755246e+04   1.0077927e+05
   7.2700000e+01   1.8118398e+04   1.0655403e+05
   7.2800000e+01   8.5868740e+03   1.1074196e+05
   7.2900000e+01   1.6710469e+04   1.4816859e+05
   7.3000000e+01   5.2073512e+04   2.2128909e+05
   7.3100000e+01   9.4312898e+04   2.9785900e+05
   7.3200000e+01   1.0716834e+05   3.4059184e+05
   7.3300000e+01   7.0320766e+04   3.3930497e+05
   7.3400000e+01  -2.7472710e+03   3.1567656e+05
   7.3500000e+01  -7.8285148e+04   3.0005250e+05
   7.3600000e+01  -1.3205798e+05   3.0601188e+05
   7.3700000e+01  -1.6539988e+05   3.2547516e+05
   7.3800000e+01  -1.9518175e+05   3.4277866e+05
   7.3900000e+01  -2.3324984e+05   3.4904578e+05
   7.4000000e+01  -2.7778759e+05   3.4408947e+05
   7.4100000e+01  -3.2087316e+05   3.3007431e+05
   7.4200000e+01  -3.5795169e+05   3.0815678e+05
   7.4300000e+01  -3.8732431e+05   2.8115241e+05
   7.4400000e+01  -4.0423056e+05   2.5540466e+05
   7.4500000e+01  -4.0146297e+05   2.3635059e+05
   7.4600000e+01  -3.7781084e+05   2.2183761e+05
   7.4700000e+01  -3.4267031e+05   2.0186272e+05
   7.4800000e+01  -3.0825778e+05   1.6685494e+05
   7.4900000e+01  -2.7667931e+05   1.1678063e+05
   7.5000000e+01  -2.3703177e+05   6.1832105e+04
   7.5100000e+01  -1.7685445e+05   1.3845449e+04
   7.5200000e+01  -9.5640297e+04  -2.3439797e+04
   7.5300000e+01  -6.0068931e+03  -5.6571219e+04
   7.5400000e+01   7.7465703e+04  -9.5573781e+04
   7.5500000e+01   1.4863912e+05  -1.4426575e+05
   7.5600000e+01   2.0937453e+05  -1.9563333e+05
   7.5700000e+01   2.6162662e+05  -2.3595944e+05
   7.5800000e+01   3.0259100e+05  -2.5475989e+05
   7.5900000e+01   3.2749816e+05  -2.5300097e+05
   7.6000000e+01   3.3509725e+05  -2.4298473e+05
   7.6100000e+01   3.2918509e+05  -2.3974991e+05
   7.6200000e+01   3.1552416e+05  -2.5082047e+05
   7.6300000e+01   2.9839572e+05  -2.7199241e+05
   7.6400000e+01   2.7995312e+05  -2.9073538e+05
   7.6500000e+01   2.6169573e+05  -2.9275128e+05
   7.6600000e+01   2.4553600e+05  -2.6775794e+05
   7.6700000e+01   2.3275916e+05  -2.1469766e+05
   7.6800000e+01   2.2129147e+05  -1.4607169e+05
   7.6900000e+01   2.0434716e+05  -8.5801641e+04
   7.7000000e+01   1.7467872e+05  -5.5426207e+04
   7.7100000e+01   1.3441220e+05  -5.5396781e+04
   7.7200000e+01   1.0173616e+05  -5.9754730e+04
   7.7300000e+01   1.0279833e+05  -3.5281074e+04
   7.7400000e+01   1.4925316e+05   2.8281854e+04
   7.7500000e+01   2.2061220e+05   1.0607580e+05
   7.7600000e+01   2.7304503e+05   1.5845984e+05
   7.7700000e+01   2.7267741e+05   1.6529288e+05
   7.7800000e+01   2.2359359e+05   1.4048623e+05
   7.7900000e+01   1.6177253e+05   1.1393299e+05
   7.8000000e+01   1.1958979e+05   1.0198113e+05
   7.8100000e+01   9.6148602e+04   9.7246398e+04
   7.8200000e+01   6.2042391e+04   8.4677711e+04
   7.8300000e+01  -9.3029004e+03   6.2066176e+04
   7.8400000e+01  -1.1699141e+05   4.1371355e+04
   7.8500000e+01  -2.3656573e+05   3.1621043e+04
   7.8600000e+01  -3.4292522e+05   2.5375363e+04
   7.8700000e+01  -4.2707038e+05   5.5969434e+03
   7.8800000e+01  -4.9401469e+05  -3.4290562e+04
   7.8900000e+01  -5.5032325e+05  -7.9760633e+04
   7.9000000e+01  -5.9612312e+05  -1.0655279e+05
   7.9100000e+01  -6.2650750e+05  -1.0280388e+05
   7.9200000e+01  -6.3644038e+05  -7.9308875e+04
   7.9300000e+01  -6.2260325e+05  -5.8282672e+04
   7.9400000e+01  -5.8199125e+05  -5.3248039e+04
   7.9500000e+01  -5.1143722e+05  -5.9868703e+04
   7.9600000e+01  -4.1053528e+05  -6.3814898e+04
   7.9700000e+01  -2.8576356e+05  -5.4623723e+04
   7.9800000e+01  -1.5118164e+05  -3.2320809e+04
   7.9900000e+01  -2.3460883e+04  -4.6224521e+03
   8.0000000e+01   8.5822766e+04   1.8840234e+04
   8.0100000e+01   1.7464875e+05   3.0591734e+04
   8.0200000e+01   2.4813312e+05   2.8118652e+04
   8.0300000e+01   3.1141616e+05   1.5927878e+04
   8.0400000e+01   3.6380031e+05   4.5147178e+03
   8.0500000e+01   3.9855106e+05   4.8584395e+03
   8.0600000e+01   4.0810438e+05   2.1618973e+04
   8.0700000e+01   3.9086362e+05   5.0139004e+04
   8.0800000e+01   3.5506550e+05   7.9283680e+04
   8.0900000e+01   3.1649791e+05   9.7993617e+04
   8.1000000e+01   2.8980338e+05   1.0151981e+05
   8.1100000e+01   2.7789003e+05   9.3313766e+04
   8.1200000e+01   2.6803062e+05   8.0652133e+04
   8.1300000e+01   2.4096038e+05   6.7447148e+04
   8.1400000e+01   1.8885708e+05   5.2360391e+04
   8.1500000e+01   1.2731898e+05   3.6158707e+04
   8.1600000e+01   8.7768703e+04   2.9875721e+04
   8.1700000e+01   9.2933727e+04   4.9774758e+04
   8.1800000e+01   1.3556514e+05   9.8389352e+04
   8.1900000e+01   1.8073738e+05   1.5125288e+05
   8.2000000e+01   1.9184142e+05   1.6956941e+05
   8.2100000e+01   1.5817577e+05   1.3285262e+05
   8.2200000e+01   1.0010589e+05   6.0106684e+04
   8.2300000e+01   4.8593133e+04  -4.3567432e+03
   8.2400000e+01   1.9054834e+04  -2.8456852e+04
   8.2500000e+01   2.7290049e+03  -1.6499707e+04
   8.2600000e+01  -1.9611643e+04   2.0517363e+03
   8.2700000e+01  -5.7417676e+04   3.9490317e+03
   8.2800000e+01  -1.0296927e+05  -9.6043262e+03
   8.2900000e+01  -1.4156081e+05  -2.2432525e+04
   8.3000000e+01  -1.6699042e+05  -2.4343930e+04
   8.3100000e+01  -1.8662134e+05  -1.9219797e+04
   8.3200000e+01  -2.1189702e+05  -1.5454042e+04
   8.3300000e+01  -2.4457338e+05  -1.4696942e+04
   8.3400000e+01  -2.7251844e+05  -1.3129184e+04
   8.3500000e+01  -2.7921484e+05  -1.1089912e+04
   8.3600000e+01  -2.5804755e+05  -1.6316623e+04
   8.3700000e+01  -2.1844853e+05  -3.5440008e+04
   8.3800000e+01  -1.7901695e+05  -6.4323102e+04
   8.3900000e+01  -1.5432081e+05  -8.9917094e+04
   8.4000000e+01  -1.4636022e+05  -1.0245080e+05
   8.4100000e+01  -1.4605517e+05  -1.0451697e+05
   8.4200000e+01  -1.4154306e+05  -1.0752210e+05
   8.4300000e+01  -1.2639180e+05  -1.2029779e+05
   8.4400000e+01  -1.0318623e+05  -1.4207247e+05
   8.4500000e+01  -8.1770500e+04  -1.6523412e+05
   8.4600000e+01  -7.3320602e+04  -1.8234000e+05
   8.4700000e+01  -8.2493406e+04  -1.8949442e+05
   8.4800000e+01  -1.0210008e+05  -1.8489161e+05
   8.4900000e+01  -1.1587698e+05  -1.6713878e+05
   8.5000000e+01  -1.1040596e+05  -1.3652395e+05
   8.5100000e+01  -8.7854375e+04  -9.7223141e+04
   8.5200000e+01  -6.6380250e+04  -5.6640824e+04
   8.5300000e+01  -6.3836051e+04  -2.1389283e+04
   8.5400000e+01  -7.8004016e+04   6.5276997e+03
   8.5500000e+01  -8.4402094e+04   2.9654855e+04
   8.5600000e+01  -5.7811098e+04   5.1433512e+04
   8.5700000e+01   2.1027007e+03   7.3042742e+04
   8.5800000e+01   6.8801000e+04   9.4136781e+04
   8.5900000e+01   1.1553059e+05   1.1604548e+05
   8.6000000e+01   1.4399880e+05   1.4247720e+05
   8.6100000e+01   1.8370231e+05   1.7536572e+05
   8.6200000e+01   2.6068056e+05   2.0995081e+05
   8.6300000e+01   3.6751550e+05   2.3555642e+05
   8.6400000e+01   4.6571884e+05   2.4288627e+05
   8.6500000e+01   5.1804341e+05   2.3103288e+05
   8.6600000e+01   5.1858672e+05   2.0713922e+05
   8.6700000e+01   4.9319178e+05   1.7948764e+05
   8.6800000e+01   4.7332062e+05   1.5142339e+05
   8.6900000e+01   4.6982769e+05   1.2138156e+05
   8.7000000e+01   4.6839778e+05   8.7005680e+04
   8.7100000e+01   4.4584409e+05   4.8212902e+04
   8.7200000e+01   3.8973219e+05   7.5371064e+03
   8.7300000e+01   3.0530991e+05  -3.0358271e+04
   8.7400000e+01   2.0756917e+05  -5.9422078e+04
   8.7500000e+01   1.0861691e+05  -7.5082477e+04
   8.7600000e+01   1.2076282e+04  -7.8907414e+04
   8.7700000e+01  -8.2481406e+04  -8.0094086e+04
   8.7800000e+01  -1.7218111e+05  -8.9607125e+04
   8.7900000e+01  -2.4945681e+05  -1.1048359e+05
   8.8000000e+01  -3.0777531e+05  -1.3359405e+05
   8.8100000e+01  -3.4736566e+05  -1.4388494e+05
   8.8200000e+01  -3.7437506e+05  -1.3176594e+05
   8.8300000e+01  -3.9483784e+05  -9.9563750e+04
   8.8400000e+01  -4.1023459e+05  -5.8720914e+04
   8.8500000e+01  -4.1844416e+05  -2.2189957e+04
   8.8600000e+01  -4.1747844e+05   1.3289004e+03
   8.8700000e+01  -4.0763350e+05   9.1223779e+03
   8.8800000e+01  -3.9118025e+05   3.8630879e+03
   8.8900000e+01  -3.7143353e+05  -8.1359844e+03
   8.9000000e+01  -3.5185494e+05  -2.0060807e+04
   8.9100000e+01  -3.3418369e+05  -2.8164787e+04
   8.9200000e+01  -3.1612678e+05  -3.3002777e+04
   8.9300000e+01  -2.9166650e+05  -3.7079723e+04
   8.9400000e+01  -2.5577119e+05  -4.1485352e+04
   8.9500000e+01  -2.1029867e+05  -4.5220914e+04
   8.9600000e+01  -1.6493430e+05  -4.7487305e+04
   8.9700000e+01  -1.3063916e+05  -4.9385676e+04
   8.9800000e+01  -1.1057048e+05  -5.2299469e+04
   8.9900000e+01  -9.7039641e+04  -5.4967785e+04
   9.0000000e+01  -7.8190891e+04  -5.3917625e+04
   9.0100000e+01  -4.8665898e+04  -4.8256363e+04
   9.0200000e+01  -1.3925756e+04  -4.3223180e+04
   9.0300000e+01   1.6391283e+04  -4.5864629e+04
   9.0400000e+01   3.9569367e+04  -5.4560961e+04
   9.0500000e+01   6.3722469e+04  -5.4010391e+04
   9.0600000e+01   9.9882344e+04  -2.5454830e+04
   9.0700000e+01   1.5017648e+05   3.3894852e+04
   9.0800000e+01   2.0467412e+05   1.0218561e+05
   9.0900000e+01   2.5064158e+05   1.4818734e+05
   9.1000000e+01   2.8461881e+05   1.5889553e+05
   9.1100000e+01   3.1438494e+05   1.5144914e+05
   9.1200000e+01   3.4858519e+05   1.5486005e+05
   9.1300000e+01   3.8526322e+05   1.7907098e+05
   9.1400000e+01   4.1206916e+05   2.0405833e+05
   9.1500000e+01   4.1848462e+05   2.0111808e+05
   9.1600000e+01   4.0728656e+05   1.6366806e+05
   9.1700000e+01   3.9288381e+05   1.1467169e+05
   9.1800000e+01   3.8776803e+05   8.3481766e+04
   9.1900000e+01   3.9053088e+05   7.7447383e+04
   9.2000000e+01   3.8697522e+05   7.7453406e+04
   9.2100000e+01   3.6256256e+05   5.9566621e+04
   9.2200000e+01   3.1405366e+05   1.8429070e+04
   9.2300000e+01   2.5051745e+05  -3.0489141e+04
   9.2400000e+01   1.8466050e+05  -6.8424492e+04
   9.2500000e+01   1.2326229e+05  -9.0297547e+04
   9.2600000e+01   6.4364125e+04  -1.0517472e+05
   9.2700000e+01   1.9963516e+03  -1.2334735e+05
   9.2800000e+01  -6.6685391e+04  -1.4533142e+05
   9.2900000e+01  -1.3799136e+05  -1.6294431e+05
   9.3000000e+01  -2.0427897e+05  -1.6882202e+05
   9.3100000e+01  -2.5922719e+05  -1.6344047e+05
   9.3200000e+01  -3.0018616e+05  -1.5354595e+05
   9.3300000e+01  -3.2573347e+05  -1.4559206e+05
   9.3400000e+01  -3.3283750e+05  -1.4165286e+05
   9.3500000e+01  -3.1916369e+05  -1.4053761e+05
   9.3600000e+01  -2.8947866e+05  -1.4036541e+05
   9.3700000e+01  -2.5814633e+05  -1.3849547e+05
   9.3800000e+01  -2.4179305e+05  -1.3004252e+05
   9.3900000e+01  -2.4667406e+05  -1.0943608e+05
   9.4000000e+01  -2.6271225e+05  -7.5646062e+04
   9.4100000e+01  -2.7134091e+05  -3.5554938e+04
   9.4200000e+01  -2.6109088e+05  -1.8256982e+02
   9.4300000e+01  -2.3668838e+05   2.3946002e+04
   9.4400000e+01  -2.1304028e+05   3.9856898e+04
   9.4500000e+01  -1.9989198e+05   5.6290734e+04
   9.4600000e+01  -1.9210628e+05   7.8923312e+04
   9.4700000e+01  -1.7510216e+05   1.0556346e+05
   9.4800000e+01  -1.4003442e+05   1.2956173e+05
   9.4900000e+01  -9.3781844e+04   1.4693220e+05
   9.5000000e+01  -5.4374039e+04   1.5943198e+05
   9.5100000e+01  -3.6871148e+04   1.7091736e+05
   9.5200000e+01  -4.2568469e+04   1.8168280e+05
   9.5300000e+01  -5.8800766e+04   1.8734209e+05
   9.5400000e+01  -6.6263016e+04   1.8348536e+05
   9.5500000e+01  -4.7637117e+04   1.7076672e+05
   9.5600000e+01   4.6781548e+03   1.5450434e+05
   9.5700000e+01   8.2408008e+04   1.3906467e+05
   9.5800000e+01   1.6144945e+05   1.2333070e+05
   9.5900000e+01   2.1324081e+05   1.0241508e+05
   9.6000000e+01   2.2303081e+05   7.3730133e+04
   9.6100000e+01   2.0021744e+05   4.0713938e+04
   9.6200000e+01   1.6986138e+05   1.0211053e+04
   9.6300000e+01   1.5230239e+05  -1.3713592e+04
   9.6400000e+01   1.5022419e+05  -3.3250727e+04
   9.6500000e+01   1.5426775e+05  -5.4138152e+04
   9.6600000e+01   1.5822494e+05  -7.9153109e+04
   9.6700000e+01   1.6603345e+05  -1.0390859e+05
   9.6800000e+01   1.8445070e+05  -1.1944144e+05
   9.6900000e+01   2.1219188e+05  -1.1980196e+05
   9.7000000e+01   2.3864077e+05  -1.0718383e+05
   9.7100000e+01   2.5244983e+05  -8.8835234e+04
   9.7200000e+01   2.4951619e+05  -6.9137977e+04
   9.7300000e+01   2.3294477e+05  -4.6795332e+04
   9.7400000e+01   2.0813886e+05  -2.1408984e+04
   9.7500000e+01   1.8002964e+05  -9.2282129e+02
   9.7600000e+01   1.5366688e+05   1.9545879e+03
   9.7700000e+01   1.3374875e+05  -1.6659510e+04
   9.7800000e+01   1.2104191e+05  -4.3623699e+04
   9.7900000e+01   1.0985530e+05  -5.7892566e+04
   9.8000000e+01   9.1407102e+04  -4.9502832e+04
   9.8100000e+01   6.1424426e+04  -2.8639793e+04
   9.8200000e+01   2.4599131e+04  -1.5249061e+04
   9.8300000e+01  -9.1467871e+03  -2.0720184e+04
   9.8400000e+01  -3.3503297e+04  -4.0518742e+04
   9.8500000e+01  -5.1485000e+04  -6.2914746e+04
   9.8600000e+01  -7.2821734e+04  -8.1491172e+04
   9.8700000e+01  -1.0557059e+05  -9.7673688e+04
   9.8800000e+01  -1.4924492e+05  -1.1339624e+05
   9.8900000e+01  -1.9464861e+05  -1.2522505e+05
   9.9000000e+01  -2.2952866e+05  -1.2721002e+05
   9.9100000e+01  -2.4494619e+05  -1.1731880e+05
   9.9200000e+01  -2.3813681e+05  -9.8071953e+04
   9.9300000e+01  -2.1186267e+05  -7.1201727e+04
   9.9400000e+01  -1.7312973e+05  -3.5908258e+04
   9.9500000e+01  -1.3256033e+05   4.2552832e+03
   9.9600000e+01  -1.0193122e+05   3.5584668e+04
   9.9700000e+01  -8.7636945e+04   4.2785387e+04
   9.9800000e+01  -8.4638906e+04   2.6377738e+04
   9.9900000e+01  -8.0598453e+04   4.0759893e+03
   1.0000000e+02  -6.9925945e+04  -1.1719267e+04
