   1.1851270e+02   3.6301420e+01   1.8450000e+02
   1.1941787e+02   3.6602345e+01   3.4800000e+01
   0.0000000e+00  -1.8808109e+05  -1.8808109e+05
   1.0000000e-01  -1.7149742e+05  -1.9150111e+05
   2.0000000e-01  -1.4923805e+05  -1.7794253e+05
   3.0000000e-01  -1.2816707e+05  -1.5018739e+05
   4.0000000e-01  -1.1025519e+05  -1.1913295e+05
   5.0000000e-01  -9.1694867e+04  -1.0151460e+05
   6.0000000e-01  -6.6878336e+04  -1.1032172e+05
   7.0000000e-01  -3.4409871e+04  -1.4107083e+05
   8.0000000e-01  -2.1609497e+02  -1.6685419e+05
   9.0000000e-01   2.5320883e+04  -1.5335214e+05
   1.0000000e+00   3.5042945e+04  -8.6780109e+04
   1.1000000e+00   3.2013191e+04   9.9378232e+03
   1.2000000e+00   2.8948328e+04   9.1661945e+04
   1.3000000e+00   3.8162797e+04   1.2653004e+05
   1.4000000e+00   5.9718828e+04   1.2036590e+05
   1.5000000e+00   7.9975227e+04   1.0746719e+05
   1.6000000e+00   8.3862047e+04   1.1805920e+05
   1.7000000e+00   6.8894273e+04   1.5391873e+05
   1.8000000e+00   4.5401512e+04   1.9200878e+05
   1.9000000e+00   2.2689406e+04   2.0707423e+05
   2.0000000e+00  -1.9360952e+03   1.8985344e+05
   2.1000000e+00  -3.7136090e+04   1.4858955e+05
   2.2000000e+00  -8.1324633e+04   9.9638234e+04
   2.3000000e+00  -1.1662801e+05   5.7910094e+04
   2.4000000e+00  -1.2201738e+05   3.0933379e+04
   2.5000000e+00  -9.1951383e+04   1.5977391e+04
   2.6000000e+00  -4.0465582e+04   2.3424983e+03
   2.7000000e+00   1.2608759e+04  -1.9077770e+04
   2.8000000e+00   5.7735750e+04  -4.4912523e+04
   2.9000000e+00   9.8760820e+04  -5.9024746e+04
   3.0000000e+00   1.4356286e+05  -4.6712145e+04
   3.1000000e+00   1.9432383e+05  -1.0923818e+04
   3.2000000e+00   2.4601514e+05   2.7266236e+04
   3.3000000e+00   2.9148716e+05   4.6861746e+04
   3.4000000e+00   3.2681519e+05   4.6584809e+04
   3.5000000e+00   3.5304662e+05   4.5888762e+04
   3.6000000e+00   3.7421747e+05   6.5819297e+04
   3.7000000e+00   3.9315966e+05   1.0840066e+05
   3.8000000e+00   4.0755853e+05   1.5396466e+05
   3.9000000e+00   4.0932047e+05   1.7757377e+05
   4.0000000e+00   3.8858978e+05   1.6820373e+05
   4.1000000e+00   3.3990259e+05   1.3424311e+05
   4.2000000e+00   2.6585228e+05   9.3392555e+04
   4.3000000e+00   1.7576742e+05   5.8216461e+04
   4.4000000e+00   8.0818062e+04   2.9213328e+04
   4.5000000e+00  -1.1259041e+04  -1.7258027e+03
   4.6000000e+00  -9.9325477e+04  -4.2880047e+04
   4.7000000e+00  -1.8825092e+05  -9.6084953e+04
   4.8000000e+00  -2.8377275e+05  -1.5523631e+05
   4.9000000e+00  -3.8491169e+05  -2.0958161e+05
   5.0000000e+00  -4.7995053e+05  -2.4953933e+05
   5.1000000e+00  -5.5142325e+05  -2.7158884e+05
   5.2000000e+00  -5.8794600e+05  -2.7850009e+05
   5.3000000e+00  -5.9266462e+05  -2.7390359e+05
   5.4000000e+00  -5.7965712e+05  -2.5570573e+05
   5.5000000e+00  -5.6120200e+05  -2.1586069e+05
   5.6000000e+00  -5.3824581e+05  -1.4913106e+05
   5.7000000e+00  -5.0265916e+05  -6.3426578e+04
   5.8000000e+00  -4.4724047e+05   2.0056195e+04
   5.9000000e+00  -3.7269425e+05   8.0218984e+04
   6.0000000e+00  -2.8659197e+05   1.1202932e+05
   6.1000000e+00  -1.9855503e+05   1.2949371e+05
   6.2000000e+00  -1.1708627e+05   1.5145244e+05
   6.3000000e+00  -4.7987160e+04   1.8250378e+05
   6.4000000e+00   7.8010874e+03   2.0643038e+05
   6.5000000e+00   5.5093738e+04   1.9854612e+05
   6.6000000e+00   1.0038443e+05   1.4702655e+05
   6.7000000e+00   1.4465991e+05   6.5531016e+04
   6.8000000e+00   1.8097266e+05  -1.4032013e+04
   6.9000000e+00   2.0119742e+05  -6.3943680e+04
   7.0000000e+00   2.0578055e+05  -8.0434281e+04
   7.1000000e+00   2.0539314e+05  -8.3813250e+04
   7.2000000e+00   2.1139936e+05  -9.8643336e+04
   7.3000000e+00   2.2467902e+05  -1.3217358e+05
   7.4000000e+00   2.3517322e+05  -1.7095562e+05
   7.5000000e+00   2.3364058e+05  -1.9722153e+05
   7.6000000e+00   2.2384598e+05  -2.0697848e+05
   7.7000000e+00   2.2208550e+05  -2.1178512e+05
   7.8000000e+00   2.4355558e+05  -2.2457144e+05
   7.9000000e+00   2.8859188e+05  -2.4537961e+05
   8.0000000e+00   3.4186653e+05  -2.6015681e+05
   8.1000000e+00   3.8419034e+05  -2.5144078e+05
   8.2000000e+00   4.0444216e+05  -2.1072030e+05
   8.3000000e+00   4.0137391e+05  -1.4433261e+05
   8.4000000e+00   3.7771400e+05  -7.0740164e+04
   8.5000000e+00   3.3627612e+05  -1.0645210e+04
   8.6000000e+00   2.8173669e+05   2.5687570e+04
   8.7000000e+00   2.2186769e+05   4.5827336e+04
   8.8000000e+00   1.6235428e+05   6.9873117e+04
   8.9000000e+00   9.9621797e+04   1.1425058e+05
   9.0000000e+00   2.1998625e+04   1.7755222e+05
   9.1000000e+00  -7.8393875e+04   2.4174452e+05
   9.2000000e+00  -1.9386578e+05   2.8867906e+05
   9.3000000e+00  -3.0246800e+05   3.1718925e+05
   9.4000000e+00  -3.8253378e+05   3.4512916e+05
   9.5000000e+00  -4.2672200e+05   3.9441019e+05
   9.6000000e+00  -4.4243125e+05   4.7178572e+05
   9.7000000e+00  -4.3979825e+05   5.6076488e+05
   9.8000000e+00  -4.2075697e+05   6.3027288e+05
   9.9000000e+00  -3.7999672e+05   6.5328175e+05
   1.0000000e+01  -3.1511194e+05   6.2255938e+05
   1.0100000e+01  -2.3402717e+05   5.5323206e+05
   1.0200000e+01  -1.5197331e+05   4.7052456e+05
   1.0300000e+01  -8.1753852e+04   3.9116291e+05
   1.0400000e+01  -2.6974506e+04   3.1209938e+05
   1.0500000e+01   1.6589936e+04   2.1545841e+05
   1.0600000e+01   5.4646109e+04   8.6035352e+04
   1.0700000e+01   8.9512375e+04  -7.2679742e+04
   1.0800000e+01   1.1989868e+05  -2.3674427e+05
   1.0900000e+01   1.4368633e+05  -3.7526834e+05
   1.1000000e+01   1.6040870e+05  -4.6841019e+05
   1.1100000e+01   1.7180892e+05  -5.1681631e+05
   1.1200000e+01   1.8106275e+05  -5.3689694e+05
   1.1300000e+01   1.9171191e+05  -5.4651538e+05
   1.1400000e+01   2.0620427e+05  -5.5169250e+05
   1.1500000e+01   2.2345058e+05  -5.4374250e+05
   1.1600000e+01   2.3665739e+05  -5.0877456e+05
   1.1700000e+01   2.3483286e+05  -4.4232466e+05
   1.1800000e+01   2.0944777e+05  -3.5756369e+05
   1.1900000e+01   1.6163202e+05  -2.8009431e+05
   1.2000000e+01   1.0206746e+05  -2.3266286e+05
   1.2100000e+01   4.1759832e+04  -2.2087056e+05
   1.2200000e+01  -1.7681215e+04  -2.3001800e+05
   1.2300000e+01  -8.3475797e+04  -2.3497155e+05
   1.2400000e+01  -1.6071894e+05  -2.1621456e+05
   1.2500000e+01  -2.4279520e+05  -1.7189047e+05
   1.2600000e+01  -3.1362194e+05  -1.1862611e+05
   1.2700000e+01  -3.5912062e+05  -8.0591125e+04
   1.2800000e+01  -3.7606359e+05  -7.3173359e+04
   1.2900000e+01  -3.7089447e+05  -9.1573305e+04
   1.3000000e+01  -3.5221159e+05  -1.1263006e+05
   1.3100000e+01  -3.2520997e+05  -1.0978911e+05
   1.3200000e+01  -2.9153972e+05  -7.1046789e+04
   1.3300000e+01  -2.5177397e+05  -6.3521372e+03
   1.3400000e+01  -2.0678791e+05   6.1206836e+04
   1.3500000e+01  -1.5747038e+05   1.1281766e+05
   1.3600000e+01  -1.0436599e+05   1.4560844e+05
   1.3700000e+01  -4.8194891e+04   1.7022288e+05
   1.3800000e+01   9.4479883e+03   1.9847261e+05
   1.3900000e+01   6.6361445e+04   2.3247597e+05
   1.4000000e+01   1.2086279e+05   2.6356300e+05
   1.4100000e+01   1.7214617e+05   2.8050000e+05
   1.4200000e+01   2.1870597e+05   2.7975594e+05
   1.4300000e+01   2.5630005e+05   2.6934222e+05
   1.4400000e+01   2.7863725e+05   2.6238178e+05
   1.4500000e+01   2.8168794e+05   2.6494853e+05
   1.4600000e+01   2.6809809e+05   2.6915762e+05
   1.4700000e+01   2.4706980e+05   2.5965066e+05
   1.4800000e+01   2.2917262e+05   2.2919130e+05
   1.4900000e+01   2.2030486e+05   1.8840702e+05
   1.5000000e+01   2.1926291e+05   1.5860181e+05
   1.5100000e+01   2.1973766e+05   1.5314095e+05
   1.5200000e+01   2.1454748e+05   1.6503825e+05
   1.5300000e+01   1.9954441e+05   1.7261911e+05
   1.5400000e+01   1.7535984e+05   1.5765089e+05
   1.5500000e+01   1.4612478e+05   1.1953716e+05
   1.5600000e+01   1.1627804e+05   7.4606852e+04
   1.5700000e+01   8.8486719e+04   4.3213977e+04
   1.5800000e+01   6.4523527e+04   3.5664621e+04
   1.5900000e+01   4.6898625e+04   4.6273277e+04
   1.6000000e+01   3.7389379e+04   5.8051004e+04
   1.6100000e+01   3.2820461e+04   5.4211594e+04
   1.6200000e+01   2.3836887e+04   2.8990309e+04
   1.6300000e+01   1.0503521e+03  -9.4876035e+03
   1.6400000e+01  -3.5310387e+04  -4.6312996e+04
   1.6500000e+01  -7.1873023e+04  -7.1286773e+04
   1.6600000e+01  -8.9874578e+04  -8.5511891e+04
   1.6700000e+01  -7.8623516e+04  -9.7778234e+04
   1.6800000e+01  -4.3478246e+04  -1.1390830e+05
   1.6900000e+01  -2.2806738e+03  -1.2825588e+05
   1.7000000e+01   2.5849828e+04  -1.2561530e+05
   1.7100000e+01   3.0443164e+04  -9.4210258e+04
   1.7200000e+01   1.2455450e+04  -4.0565605e+04
   1.7300000e+01  -1.9709637e+04   7.6066719e+03
   1.7400000e+01  -5.6760762e+04   1.7245705e+04
   1.7500000e+01  -9.3395172e+04  -2.5340590e+04
   1.7600000e+01  -1.2911826e+05  -1.0232359e+05
   1.7700000e+01  -1.6531195e+05  -1.7821722e+05
   1.7800000e+01  -2.0161184e+05  -2.2923686e+05
   1.7900000e+01  -2.3544455e+05  -2.6098034e+05
   1.8000000e+01  -2.6550853e+05  -2.9733172e+05
   1.8100000e+01  -2.9507400e+05  -3.5201972e+05
   1.8200000e+01  -3.2993256e+05  -4.1159853e+05
   1.8300000e+01  -3.7143278e+05  -4.4622378e+05
   1.8400000e+01  -4.1190603e+05  -4.3613834e+05
   1.8500000e+01  -4.3900175e+05  -3.8756469e+05
   1.8600000e+01  -4.4597628e+05  -3.2484400e+05
   1.8700000e+01  -4.3716888e+05  -2.6965609e+05
   1.8800000e+01  -4.2209488e+05  -2.2773672e+05
   1.8900000e+01  -4.0418709e+05  -1.9203912e+05
   1.9000000e+01  -3.7644450e+05  -1.5436967e+05
   1.9100000e+01  -3.2829431e+05  -1.1268668e+05
   1.9200000e+01  -2.5552038e+05  -6.9842398e+04
   1.9300000e+01  -1.6313834e+05  -2.9078654e+04
   1.9400000e+01  -6.0635449e+04   7.9775527e+03
   1.9500000e+01   4.3241289e+04   4.1044703e+04
   1.9600000e+01   1.4182561e+05   7.1728305e+04
   1.9700000e+01   2.3060409e+05   1.0445413e+05
   1.9800000e+01   3.0886981e+05   1.4417647e+05
   1.9900000e+01   3.8047553e+05   1.9079081e+05
   2.0000000e+01   4.5019931e+05   2.3640059e+05
   2.0100000e+01   5.1809872e+05   2.7062422e+05
   2.0200000e+01   5.7811119e+05   2.8992166e+05
   2.0300000e+01   6.2261712e+05   3.0083256e+05
   2.0400000e+01   6.4768675e+05   3.1305888e+05
   2.0500000e+01   6.5372081e+05   3.2980366e+05
   2.0600000e+01   6.4245212e+05   3.4547841e+05
   2.0700000e+01   6.1486769e+05   3.5201391e+05
   2.0800000e+01   5.7177306e+05   3.4629588e+05
   2.0900000e+01   5.1498822e+05   3.3232166e+05
   2.1000000e+01   4.4765478e+05   3.1835512e+05
   2.1100000e+01   3.7431800e+05   3.1245934e+05
   2.1200000e+01   3.0091438e+05   3.1842631e+05
   2.1300000e+01   2.3307716e+05   3.3356497e+05
   2.1400000e+01   1.7263856e+05   3.5043609e+05
   2.1500000e+01   1.1581360e+05   3.6220181e+05
   2.1600000e+01   5.6473945e+04   3.6681688e+05
   2.1700000e+01  -7.2856309e+03   3.6574431e+05
   2.1800000e+01  -6.9463516e+04   3.5945644e+05
   2.1900000e+01  -1.1949450e+05   3.4593259e+05
   2.2000000e+01  -1.5041833e+05   3.2347466e+05
   2.2100000e+01  -1.6553455e+05   2.9232706e+05
   2.2200000e+01  -1.7833995e+05   2.5151462e+05
   2.2300000e+01  -2.0501648e+05   1.9580042e+05
   2.2400000e+01  -2.5373609e+05   1.1958686e+05
   2.2500000e+01  -3.1833131e+05   2.5228893e+04
   2.2600000e+01  -3.8241828e+05  -7.4962070e+04
   2.2700000e+01  -4.3238238e+05  -1.6789227e+05
   2.2800000e+01  -4.6881212e+05  -2.5085048e+05
   2.2900000e+01  -5.0539400e+05  -3.3158159e+05
   2.3000000e+01  -5.5496194e+05  -4.1675600e+05
   2.3100000e+01  -6.1489238e+05  -5.0230656e+05
   2.3200000e+01  -6.6533819e+05  -5.7703288e+05
   2.3300000e+01  -6.8213750e+05  -6.3503925e+05
   2.3400000e+01  -6.5329031e+05  -6.8195475e+05
   2.3500000e+01  -5.8585594e+05  -7.2682562e+05
   2.3600000e+01  -4.9920581e+05  -7.6791856e+05
   2.3700000e+01  -4.1125847e+05  -7.8825025e+05
   2.3800000e+01  -3.2804022e+05  -7.6743931e+05
   2.3900000e+01  -2.4288944e+05  -6.9982006e+05
   2.4000000e+01  -1.4425331e+05  -6.0129138e+05
   2.4100000e+01  -2.5590703e+04  -4.9712544e+05
   2.4200000e+01   1.0944470e+05  -4.0151894e+05
   2.4300000e+01   2.4897277e+05  -3.0877503e+05
   2.4400000e+01   3.7920116e+05  -2.0504384e+05
   2.4500000e+01   4.9028219e+05  -8.8353883e+04
   2.4600000e+01   5.7855494e+05   2.4379449e+04
   2.4700000e+01   6.4464638e+05   1.1085900e+05
   2.4800000e+01   6.8889469e+05   1.6292442e+05
   2.4900000e+01   7.0737419e+05   1.9190116e+05
   2.5000000e+01   6.9262556e+05   2.1589984e+05
   2.5100000e+01   6.4025188e+05   2.4390198e+05
   2.5200000e+01   5.5633312e+05   2.7196553e+05
   2.5300000e+01   4.5761709e+05   2.9156525e+05
   2.5400000e+01   3.6219253e+05   2.9864522e+05
   2.5500000e+01   2.7828719e+05   2.9556503e+05
   2.5600000e+01   2.0165812e+05   2.8797609e+05
   2.5700000e+01   1.2354397e+05   2.8153966e+05
   2.5800000e+01   4.0607945e+04   2.7938203e+05
   2.5900000e+01  -4.2504648e+04   2.7972578e+05
   2.6000000e+01  -1.1851003e+05   2.7628447e+05
   2.6100000e+01  -1.8363191e+05   2.6381156e+05
   2.6200000e+01  -2.3874733e+05   2.4447048e+05
   2.6300000e+01  -2.8620209e+05   2.2671659e+05
   2.6400000e+01  -3.2643981e+05   2.1556247e+05
   2.6500000e+01  -3.5688262e+05   2.0418491e+05
   2.6600000e+01  -3.7278603e+05   1.7694748e+05
   2.6700000e+01  -3.6926347e+05   1.2170609e+05
   2.6800000e+01  -3.4415753e+05   3.9756340e+04
   2.6900000e+01  -3.0089159e+05  -5.4269270e+04
   2.7000000e+01  -2.4939061e+05  -1.4014642e+05
   2.7100000e+01  -2.0338283e+05  -2.0148033e+05
   2.7200000e+01  -1.7428728e+05  -2.3348455e+05
   2.7300000e+01  -1.6446639e+05  -2.4576469e+05
   2.7400000e+01  -1.6441809e+05  -2.5470509e+05
   2.7500000e+01  -1.5760188e+05  -2.6616372e+05
   2.7600000e+01  -1.3165953e+05  -2.6263091e+05
   2.7700000e+01  -8.8252344e+04  -2.1179536e+05
   2.7800000e+01  -4.2282477e+04  -9.4454016e+04
   2.7900000e+01  -9.1955459e+03   7.3585117e+04
   2.8000000e+01   9.2138115e+03   2.4931003e+05
   2.8100000e+01   2.6808674e+04   3.9453828e+05
   2.8200000e+01   5.9896465e+04   5.0158766e+05
   2.8300000e+01   1.1085358e+05   5.8964556e+05
   2.8400000e+01   1.6453348e+05   6.7987075e+05
   2.8500000e+01   2.0130900e+05   7.7610562e+05
   2.8600000e+01   2.1434902e+05   8.6636838e+05
   2.8700000e+01   2.1453236e+05   9.3595769e+05
   2.8800000e+01   2.1832469e+05   9.7480019e+05
   2.8900000e+01   2.3033609e+05   9.7465044e+05
   2.9000000e+01   2.3747622e+05   9.2578362e+05
   2.9100000e+01   2.2068214e+05   8.2090731e+05
   2.9200000e+01   1.7331792e+05   6.6179269e+05
   2.9300000e+01   1.0865006e+05   4.5915759e+05
   2.9400000e+01   4.9181211e+04   2.2464723e+05
   2.9500000e+01   8.3151836e+03  -3.6049828e+04
   2.9600000e+01  -1.7932305e+04  -3.2071250e+05
   2.9700000e+01  -4.2194402e+04  -6.2111531e+05
   2.9800000e+01  -7.0359383e+04  -9.1697806e+05
   2.9900000e+01  -9.5492562e+04  -1.1807400e+06
   3.0000000e+01  -1.0571759e+05  -1.3902711e+06
   3.0100000e+01  -9.5920141e+04  -1.5391450e+06
   3.0200000e+01  -7.1015047e+04  -1.6355150e+06
   3.0300000e+01  -3.9591602e+04  -1.6895811e+06
   3.0400000e+01  -6.9516289e+03  -1.6994655e+06
   3.0500000e+01   2.5141004e+04  -1.6482840e+06
   3.0600000e+01   5.4174961e+04  -1.5170685e+06
   3.0700000e+01   7.5288352e+04  -1.3039894e+06
   3.0800000e+01   8.5081656e+04  -1.0328118e+06
   3.0900000e+01   8.6216312e+04  -7.4169062e+05
   3.1000000e+01   8.6683922e+04  -4.6111669e+05
   3.1100000e+01   9.3056742e+04  -1.9996552e+05
   3.1200000e+01   1.0331761e+05   4.9094625e+04
   3.1300000e+01   1.0618866e+05   2.9153600e+05
   3.1400000e+01   8.9007359e+04   5.1790806e+05
   3.1500000e+01   4.8557070e+04   7.0767662e+05
   3.1600000e+01  -4.8463374e+03   8.4551825e+05
   3.1700000e+01  -5.4977039e+04   9.3389644e+05
   3.1800000e+01  -9.2689914e+04   9.8947594e+05
   3.1900000e+01  -1.2123866e+05   1.0269042e+06
   3.2000000e+01  -1.4805075e+05   1.0461977e+06
   3.2100000e+01  -1.7215980e+05   1.0359769e+06
   3.2200000e+01  -1.8204170e+05   9.8785794e+05
   3.2300000e+01  -1.6676494e+05   9.0615925e+05
   3.2400000e+01  -1.2776659e+05   8.0414294e+05
   3.2500000e+01  -7.8329797e+04   6.9367856e+05
   3.2600000e+01  -3.2733094e+04   5.8014625e+05
   3.2700000e+01   2.2642244e+03   4.6469294e+05
   3.2800000e+01   2.6773477e+04   3.4712862e+05
   3.2900000e+01   4.3222902e+04   2.2633944e+05
   3.3000000e+01   5.4852492e+04   1.0249690e+05
   3.3100000e+01   6.6019914e+04  -1.7294799e+04
   3.3200000e+01   7.9496727e+04  -1.1732512e+05
   3.3300000e+01   9.2340672e+04  -1.8230150e+05
   3.3400000e+01   9.7029938e+04  -2.1057231e+05
   3.3500000e+01   8.8797109e+04  -2.1667767e+05
   3.3600000e+01   7.0956516e+04  -2.1825328e+05
   3.3700000e+01   5.1075848e+04  -2.1974831e+05
   3.3800000e+01   3.1770824e+04  -2.0914477e+05
   3.3900000e+01   6.8034839e+03  -1.7009627e+05
   3.4000000e+01  -3.2474480e+04  -9.7527305e+04
   3.4100000e+01  -8.6487133e+04  -4.1260576e+03
   3.4200000e+01  -1.4323944e+05   8.5348477e+04
   3.4300000e+01  -1.8529612e+05   1.4691659e+05
   3.4400000e+01  -2.0264048e+05   1.6952314e+05
   3.4500000e+01  -2.0043419e+05   1.5883147e+05
   3.4600000e+01  -1.9406950e+05   1.2908379e+05
   3.4700000e+01  -1.9470986e+05   8.8685867e+04
   3.4800000e+01  -1.9812384e+05   3.2633758e+04
   3.4900000e+01  -1.8788883e+05  -4.9948695e+04
   3.5000000e+01  -1.5055597e+05  -1.6022525e+05
   3.5100000e+01  -8.8288992e+04  -2.8243944e+05
   3.5200000e+01  -1.7290996e+04  -3.9306666e+05
   3.5300000e+01   4.4857641e+04  -4.7703612e+05
   3.5400000e+01   8.9747609e+04  -5.3516875e+05
   3.5500000e+01   1.1837317e+05  -5.7738738e+05
   3.5600000e+01   1.3493200e+05  -6.1030862e+05
   3.5700000e+01   1.4260980e+05  -6.3064819e+05
   3.5800000e+01   1.4390603e+05  -6.2789725e+05
   3.5900000e+01   1.4164398e+05  -5.9200812e+05
   3.6000000e+01   1.3758042e+05  -5.2055438e+05
   3.6100000e+01   1.3031635e+05  -4.2170888e+05
   3.6200000e+01   1.1585177e+05  -3.1087269e+05
   3.6300000e+01   9.1243828e+04  -2.0166731e+05
   3.6400000e+01   5.8557637e+04  -9.7413797e+04
   3.6500000e+01   2.5752887e+04   8.5728330e+03
   3.6600000e+01   3.1023613e+03   1.2261725e+05
   3.6700000e+01  -3.1924854e+03   2.4032758e+05
   3.6800000e+01   4.1931768e+03   3.4818794e+05
   3.6900000e+01   1.4908200e+04   4.3633619e+05
   3.7000000e+01   1.8470326e+04   5.0798359e+05
   3.7100000e+01   1.2803191e+04   5.7366912e+05
   3.7200000e+01   6.5631797e+03   6.3629075e+05
   3.7300000e+01   1.2653337e+04   6.8438481e+05
   3.7400000e+01   3.7648082e+04   7.0160312e+05
   3.7500000e+01   7.5336641e+04   6.8117150e+05
   3.7600000e+01   1.0938994e+05   6.2915862e+05
   3.7700000e+01   1.2337090e+05   5.5515688e+05
   3.7800000e+01   1.1130969e+05   4.6376966e+05
   3.7900000e+01   8.1888820e+04   3.5660047e+05
   3.8000000e+01   5.3328328e+04   2.3902077e+05
   3.8100000e+01   4.1747715e+04   1.2043374e+05
   3.8200000e+01   5.0254078e+04   7.6025869e+03
   3.8300000e+01   6.6542633e+04  -9.8511500e+04
   3.8400000e+01   7.1764992e+04  -1.9673372e+05
   3.8500000e+01   5.4838508e+04  -2.7852359e+05
   3.8600000e+01   2.0793258e+04  -3.3093019e+05
   3.8700000e+01  -1.4462172e+04  -3.4828078e+05
   3.8800000e+01  -3.8845109e+04  -3.3898294e+05
   3.8900000e+01  -5.4885633e+04  -3.1836891e+05
   3.9000000e+01  -7.6280055e+04  -2.9495962e+05
   3.9100000e+01  -1.1332204e+05  -2.6561788e+05
   3.9200000e+01  -1.6098356e+05  -2.2462983e+05
   3.9300000e+01  -2.0070955e+05  -1.7538147e+05
   3.9400000e+01  -2.1414428e+05  -1.3070302e+05
   3.9500000e+01  -1.9686241e+05  -1.0190273e+05
   3.9600000e+01  -1.6124698e+05  -8.9675828e+04
   3.9700000e+01  -1.2706718e+05  -8.6758781e+04
   3.9800000e+01  -1.0737201e+05  -8.7591195e+04
   3.9900000e+01  -1.0011851e+05  -9.3047953e+04
   4.0000000e+01  -9.1584203e+04  -1.0641070e+05
   4.0100000e+01  -6.8740945e+04  -1.2795100e+05
   4.0200000e+01  -3.0256109e+04  -1.5507900e+05
   4.0300000e+01   1.3425729e+04  -1.8555061e+05
   4.0400000e+01   5.0320465e+04  -2.1733958e+05
   4.0500000e+01   7.6576258e+04  -2.4543430e+05
   4.0600000e+01   9.5808016e+04  -2.6188612e+05
   4.0700000e+01   1.1050365e+05  -2.6115369e+05
   4.0800000e+01   1.1715008e+05  -2.4442309e+05
   4.0900000e+01   1.1154648e+05  -2.1678728e+05
   4.1000000e+01   9.7262922e+04  -1.8021755e+05
   4.1100000e+01   8.5376312e+04  -1.3085031e+05
   4.1200000e+01   8.4054164e+04  -6.3985938e+04
   4.1300000e+01   8.9579180e+04   1.8724992e+04
   4.1400000e+01   8.9710031e+04   1.0763100e+05
   4.1500000e+01   7.6282391e+04   1.9096961e+05
   4.1600000e+01   5.3311855e+04   2.6340166e+05
   4.1700000e+01   3.2057402e+04   3.2971753e+05
   4.1800000e+01   1.9159047e+04   3.9918425e+05
   4.1900000e+01   1.1062104e+04   4.7331441e+05
   4.2000000e+01   5.1271484e+01   5.3733294e+05
   4.2100000e+01  -1.5784150e+04   5.6549731e+05
   4.2200000e+01  -2.9769668e+04   5.3906081e+05
   4.2300000e+01  -3.3342648e+04   4.6206872e+05
   4.2400000e+01  -2.4398684e+04   3.5972462e+05
   4.2500000e+01  -8.9222910e+03   2.5993406e+05
   4.2600000e+01   4.5257949e+03   1.7498828e+05
   4.2700000e+01   1.1309850e+04   9.9329438e+04
   4.2800000e+01   1.2901350e+04   2.2358770e+04
   4.2900000e+01   1.4420412e+04  -5.8640297e+04
   4.3000000e+01   2.0179131e+04  -1.3720602e+05
   4.3100000e+01   2.9733469e+04  -2.0571872e+05
   4.3200000e+01   3.6572035e+04  -2.6204748e+05
   4.3300000e+01   3.1347654e+04  -3.0847562e+05
   4.3400000e+01   8.9033535e+03  -3.4590709e+05
   4.3500000e+01  -2.6154824e+04  -3.7018412e+05
   4.3600000e+01  -6.1323727e+04  -3.7379075e+05
   4.3700000e+01  -8.5260125e+04  -3.5089856e+05
   4.3800000e+01  -9.6148742e+04  -3.0164050e+05
   4.3900000e+01  -1.0142202e+05  -2.3297589e+05
   4.4000000e+01  -1.0932648e+05  -1.5621284e+05
   4.4100000e+01  -1.2081183e+05  -8.3034516e+04
   4.4200000e+01  -1.2925455e+05  -2.1937938e+04
   4.4300000e+01  -1.2731548e+05   2.4013145e+04
   4.4400000e+01  -1.1375008e+05   5.7740434e+04
   4.4500000e+01  -9.4079719e+04   8.6155867e+04
   4.4600000e+01  -7.5305328e+04   1.1506062e+05
   4.4700000e+01  -5.9978770e+04   1.4308030e+05
   4.4800000e+01  -4.5071715e+04   1.5977227e+05
   4.4900000e+01  -2.6765889e+04   1.5158642e+05
   4.5000000e+01  -6.8317188e+03   1.1256849e+05
   4.5100000e+01   6.1082002e+03   5.0937984e+04
   4.5200000e+01   3.4897637e+03  -1.4690230e+04
   4.5300000e+01  -1.3089476e+04  -6.6125727e+04
   4.5400000e+01  -2.8836135e+04  -9.3913891e+04
   4.5500000e+01  -2.5522516e+04  -9.7615180e+04
   4.5600000e+01   2.6974763e+03  -8.1418812e+04
   4.5700000e+01   4.2430387e+04  -5.1221938e+04
   4.5800000e+01   7.1455703e+04  -1.3879682e+04
   4.5900000e+01   7.7621508e+04   2.5061398e+04
   4.6000000e+01   6.8029945e+04   6.5247906e+04
   4.6100000e+01   6.0231395e+04   1.1141748e+05
   4.6200000e+01   6.5961281e+04   1.6626375e+05
   4.6300000e+01   8.4013992e+04   2.2281512e+05
   4.6400000e+01   1.0600708e+05   2.6633781e+05
   4.6500000e+01   1.2440311e+05   2.8596262e+05
   4.6600000e+01   1.3397147e+05   2.8384238e+05
   4.6700000e+01   1.3039588e+05   2.7092031e+05
   4.6800000e+01   1.1331941e+05   2.5351505e+05
   4.6900000e+01   9.0984844e+04   2.2606134e+05
   4.7000000e+01   7.6701180e+04   1.7849939e+05
   4.7100000e+01   7.6558445e+04   1.0975879e+05
   4.7200000e+01   8.1517930e+04   3.1919523e+04
   4.7300000e+01   7.4897422e+04  -3.9147863e+04
   4.7400000e+01   4.8822965e+04  -9.5495820e+04
   4.7500000e+01   1.2249452e+04  -1.3873961e+05
   4.7600000e+01  -1.7467645e+04  -1.7237672e+05
   4.7700000e+01  -2.9704879e+04  -1.9618186e+05
   4.7800000e+01  -2.7412781e+04  -2.0954041e+05
   4.7900000e+01  -2.1519922e+04  -2.1774017e+05
   4.8000000e+01  -2.0865795e+04  -2.3084820e+05
   4.8100000e+01  -2.6682738e+04  -2.5427778e+05
   4.8200000e+01  -3.3647359e+04  -2.8141241e+05
   4.8300000e+01  -3.4372281e+04  -2.9755700e+05
   4.8400000e+01  -2.4257391e+04  -2.9212972e+05
   4.8500000e+01  -4.8893438e+03  -2.6684441e+05
   4.8600000e+01   1.6013175e+04  -2.3206786e+05
   4.8700000e+01   2.9377465e+04  -1.9624403e+05
   4.8800000e+01   3.1721471e+04  -1.5997033e+05
   4.8900000e+01   2.8073164e+04  -1.2001688e+05
   4.9000000e+01   2.6804477e+04  -7.6921578e+04
   4.9100000e+01   3.0115471e+04  -3.6169281e+04
   4.9200000e+01   2.9586666e+04  -1.5286677e+03
   4.9300000e+01   1.2508785e+04   3.0279379e+04
   4.9400000e+01  -2.5831725e+04   6.5113094e+04
   4.9500000e+01  -7.5274805e+04   1.0111578e+05
   4.9600000e+01  -1.1613355e+05   1.2587482e+05
   4.9700000e+01  -1.3260614e+05   1.2727935e+05
   4.9800000e+01  -1.2346002e+05   1.0738696e+05
   4.9900000e+01  -1.0209258e+05   8.2670391e+04
   5.0000000e+01  -8.6503375e+04   6.8589711e+04
   5.0100000e+01  -8.6710109e+04   6.5168008e+04
   5.0200000e+01  -9.8675250e+04   5.9673027e+04
   5.0300000e+01  -1.0919346e+05   4.2460723e+04
   5.0400000e+01  -1.0768380e+05   1.7206129e+04
   5.0500000e+01  -9.4594359e+04  -4.8436753e+03
   5.0600000e+01  -7.8905305e+04  -1.7195564e+04
   5.0700000e+01  -6.7970234e+04  -2.1849318e+04
   5.0800000e+01  -6.0781461e+04  -2.2765410e+04
   5.0900000e+01  -5.1289270e+04  -2.0209793e+04
   5.1000000e+01  -3.6440156e+04  -1.2927591e+04
   5.1100000e+01  -1.8668637e+04  -2.3522981e+03
   5.1200000e+01  -6.9807031e+02   9.2266719e+03
   5.1300000e+01   1.9181998e+04   2.4181646e+04
   5.1400000e+01   4.4327188e+04   4.9397910e+04
   5.1500000e+01   7.3174766e+04   8.8109156e+04
   5.1600000e+01   9.8235062e+04   1.3283188e+05
   5.1700000e+01   1.1274248e+05   1.6877086e+05
   5.1800000e+01   1.1692998e+05   1.8544114e+05
   5.1900000e+01   1.1658575e+05   1.8497803e+05
   5.2000000e+01   1.1676032e+05   1.7911848e+05
   5.2100000e+01   1.1895835e+05   1.7818723e+05
   5.2200000e+01   1.2381123e+05   1.8227188e+05
   5.2300000e+01   1.3286688e+05   1.8164095e+05
   5.2400000e+01   1.4504262e+05   1.6512034e+05
   5.2500000e+01   1.5258300e+05   1.2929898e+05
   5.2600000e+01   1.4417919e+05   8.1749891e+04
   5.2700000e+01   1.1431495e+05   3.6529770e+04
   5.2800000e+01   6.9132312e+04   5.8927168e+03
   5.2900000e+01   2.2014311e+04  -5.7549531e+03
   5.3000000e+01  -1.6849285e+04  -2.3347825e+03
   5.3100000e+01  -4.6855688e+04   7.8829971e+03
   5.3200000e+01  -7.4427672e+04   1.7514623e+04
   5.3300000e+01  -1.0517059e+05   2.4018127e+04
   5.3400000e+01  -1.3756833e+05   3.0583074e+04
   5.3500000e+01  -1.6252306e+05   4.2430949e+04
   5.3600000e+01  -1.6931175e+05   5.9538402e+04
   5.3700000e+01  -1.5489225e+05   7.1717289e+04
   5.3800000e+01  -1.2967420e+05   6.3068875e+04
   5.3900000e+01  -1.1259313e+05   2.4950285e+04
   5.4000000e+01  -1.1602473e+05  -3.4132434e+04
   5.4100000e+01  -1.3247114e+05  -9.3376547e+04
   5.4200000e+01  -1.3743948e+05  -1.3679208e+05
   5.4300000e+01  -1.0985575e+05  -1.6601891e+05
   5.4400000e+01  -5.3268242e+04  -1.9540978e+05
   5.4500000e+01   2.8342881e+03  -2.3444173e+05
   5.4600000e+01   2.5435631e+04  -2.7607112e+05
   5.4700000e+01   5.5768418e+03  -3.0290531e+05
   5.4800000e+01  -3.3258371e+04  -3.0383225e+05
   5.4900000e+01  -5.3471391e+04  -2.8347997e+05
   5.5000000e+01  -3.2488838e+04  -2.5583730e+05
   5.5100000e+01   2.1572529e+04  -2.3024884e+05
   5.5200000e+01   7.9094383e+04  -2.0445639e+05
   5.5300000e+01   1.1325048e+05  -1.7024580e+05
   5.5400000e+01   1.1870174e+05  -1.2399792e+05
   5.5500000e+01   1.1083542e+05  -7.0876117e+04
   5.5600000e+01   1.0889452e+05  -1.9570826e+04
   5.5700000e+01   1.1916034e+05   2.5446031e+04
   5.5800000e+01   1.3253275e+05   6.5614906e+04
   5.5900000e+01   1.3657116e+05   1.0277673e+05
   5.6000000e+01   1.2854807e+05   1.3317047e+05
   5.6100000e+01   1.1631988e+05   1.4795920e+05
   5.6200000e+01   1.0752150e+05   1.4034931e+05
   5.6300000e+01   1.0013079e+05   1.1259899e+05
   5.6400000e+01   8.5101891e+04   7.6157898e+04
   5.6500000e+01   5.7553168e+04   4.4403605e+04
   5.6600000e+01   2.3537367e+04   2.3882904e+04
   5.6700000e+01  -4.7645386e+03   1.1079083e+04
   5.6800000e+01  -1.9379777e+04  -2.9769492e+03
   5.6900000e+01  -2.1536121e+04  -2.4225008e+04
   5.7000000e+01  -1.8160525e+04  -4.9968328e+04
   5.7100000e+01  -1.6005595e+04  -7.0153789e+04
   5.7200000e+01  -1.9481445e+04  -7.3920969e+04
   5.7300000e+01  -3.1322949e+04  -5.6140586e+04
   5.7400000e+01  -5.1791676e+04  -1.9667883e+04
   5.7500000e+01  -7.6096125e+04   2.7074303e+04
   5.7600000e+01  -9.4471516e+04   7.4649688e+04
   5.7700000e+01  -9.7734406e+04   1.1658034e+05
   5.7800000e+01  -8.4756953e+04   1.5126614e+05
   5.7900000e+01  -6.4877641e+04   1.8136755e+05
   5.8000000e+01  -5.2008320e+04   2.1091648e+05
   5.8100000e+01  -5.4575867e+04   2.4162931e+05
   5.8200000e+01  -6.9392859e+04   2.7092653e+05
   5.8300000e+01  -8.4409375e+04   2.9342769e+05
   5.8400000e+01  -8.7820516e+04   3.0496775e+05
   5.8500000e+01  -7.5891367e+04   3.0560272e+05
   5.8600000e+01  -5.3704988e+04   2.9833028e+05
   5.8700000e+01  -2.9762141e+04   2.8389238e+05
   5.8800000e+01  -1.0142082e+04   2.5642209e+05
   5.8900000e+01   3.4807930e+03   2.0551586e+05
   5.9000000e+01   1.2472262e+04   1.2525612e+05
   5.9100000e+01   1.9447617e+04   2.3069523e+04
   5.9200000e+01   2.7457770e+04  -8.1114797e+04
   5.9300000e+01   3.9497051e+04  -1.6738330e+05
   5.9400000e+01   5.7648094e+04  -2.3009319e+05
   5.9500000e+01   8.1947328e+04  -2.8025547e+05
   5.9600000e+01   1.0912074e+05  -3.3287744e+05
   5.9700000e+01   1.3179969e+05  -3.9100819e+05
   5.9800000e+01   1.4021103e+05  -4.4168606e+05
   5.9900000e+01   1.2777812e+05  -4.6699381e+05
   6.0000000e+01   9.7630727e+04  -4.5895566e+05
   6.0100000e+01   6.3206898e+04  -4.2490925e+05
   6.0200000e+01   3.9617641e+04  -3.8040866e+05
   6.0300000e+01   3.1850080e+04  -3.3739328e+05
   6.0400000e+01   3.0820982e+04  -2.9700378e+05
   6.0500000e+01   2.1765637e+04  -2.5097666e+05
   6.0600000e+01  -2.3902119e+03  -1.8950206e+05
   6.0700000e+01  -3.4636852e+04  -1.0982934e+05
   6.0800000e+01  -5.9579289e+04  -1.9310670e+04
   6.0900000e+01  -6.5827188e+04   6.9671766e+04
   6.1000000e+01  -5.5085480e+04   1.4834545e+05
   6.1100000e+01  -4.1303570e+04   2.1542436e+05
   6.1200000e+01  -4.0448043e+04   2.7302122e+05
   6.1300000e+01  -5.8113754e+04   3.2053153e+05
   6.1400000e+01  -8.4700359e+04   3.5415003e+05
   6.1500000e+01  -1.0307284e+05   3.7146053e+05
   6.1600000e+01  -1.0290045e+05   3.7357250e+05
   6.1700000e+01  -8.8490039e+04   3.6155300e+05
   6.1800000e+01  -7.2401211e+04   3.3338859e+05
   6.1900000e+01  -6.1986910e+04   2.8821647e+05
   6.2000000e+01  -5.3905871e+04   2.3406691e+05
   6.2100000e+01  -4.2103117e+04   1.8807695e+05
   6.2200000e+01  -2.8318562e+04   1.6527500e+05
   6.2300000e+01  -2.1299348e+04   1.6584022e+05
   6.2400000e+01  -2.5610379e+04   1.7399327e+05
   6.2500000e+01  -3.4504484e+04   1.7003739e+05
   6.2600000e+01  -3.6161523e+04   1.4421969e+05
   6.2700000e+01  -2.5651287e+04   1.0101311e+05
   6.2800000e+01  -8.3780869e+03   5.3026000e+04
   6.2900000e+01   7.6636807e+03   1.1850559e+04
   6.3000000e+01   1.9904195e+04  -1.8090410e+04
   6.3100000e+01   3.0287770e+04  -4.1560160e+04
   6.3200000e+01   3.8983805e+04  -7.0434320e+04
   6.3300000e+01   4.2097523e+04  -1.1666023e+05
   6.3400000e+01   3.5527102e+04  -1.8250986e+05
   6.3500000e+01   1.8888529e+04  -2.5613833e+05
   6.3600000e+01  -4.7858198e+03  -3.1927594e+05
   6.3700000e+01  -3.1120584e+04  -3.6231109e+05
   6.3800000e+01  -5.5048094e+04  -3.9174341e+05
   6.3900000e+01  -7.1634828e+04  -4.2059262e+05
   6.4000000e+01  -7.9271086e+04  -4.5084012e+05
   6.4100000e+01  -8.1808008e+04  -4.6748675e+05
   6.4200000e+01  -8.4338500e+04  -4.5206716e+05
   6.4300000e+01  -8.5041945e+04  -4.0151794e+05
   6.4400000e+01  -7.3297805e+04  -3.3185709e+05
   6.4500000e+01  -3.9346492e+04  -2.6318066e+05
   6.4600000e+01   1.3325156e+04  -2.0289958e+05
   6.4700000e+01   6.7296367e+04  -1.4431423e+05
   6.4800000e+01   1.0484495e+05  -7.9073844e+04
   6.4900000e+01   1.2224727e+05  -7.8495029e+03
   6.5000000e+01   1.2990348e+05   6.1132832e+04
   6.5100000e+01   1.3916800e+05   1.2086476e+05
   6.5200000e+01   1.5106020e+05   1.7089019e+05
   6.5300000e+01   1.5858292e+05   2.1582978e+05
   6.5400000e+01   1.5805744e+05   2.6164327e+05
   6.5500000e+01   1.5506205e+05   3.1306256e+05
   6.5600000e+01   1.5798459e+05   3.7087688e+05
   6.5700000e+01   1.6718083e+05   4.2865181e+05
   6.5800000e+01   1.7262253e+05   4.7307938e+05
   6.5900000e+01   1.6284119e+05   4.9101600e+05
   6.6000000e+01   1.3553302e+05   4.7843334e+05
   6.6100000e+01   9.9490000e+04   4.4259219e+05
   6.6200000e+01   6.7669023e+04   3.9545119e+05
   6.6300000e+01   4.9193098e+04   3.4564738e+05
   6.6400000e+01   4.5932508e+04   2.9637056e+05
   6.6500000e+01   5.2825082e+04   2.4814369e+05
   6.6600000e+01   5.9602598e+04   2.0085506e+05
   6.6700000e+01   5.4630121e+04   1.5344606e+05
   6.6800000e+01   3.1358629e+04   1.0425113e+05
   6.6900000e+01  -6.9734043e+03   5.2681320e+04
   6.7000000e+01  -5.0068711e+04  -1.0934438e+03
   6.7100000e+01  -8.9295195e+04  -5.9125211e+04
   6.7200000e+01  -1.2338369e+05  -1.2601693e+05
   6.7300000e+01  -1.5499992e+05  -2.0292481e+05
   6.7400000e+01  -1.8325136e+05  -2.8101056e+05
   6.7500000e+01  -2.0238931e+05  -3.4403609e+05
   6.7600000e+01  -2.0884444e+05  -3.8043328e+05
   6.7700000e+01  -2.0743631e+05  -3.9330294e+05
   6.7800000e+01  -2.0790053e+05  -3.9783025e+05
   6.7900000e+01  -2.1462372e+05  -4.0856547e+05
   6.8000000e+01  -2.2086252e+05  -4.2831906e+05
   6.8100000e+01  -2.1368289e+05  -4.4686512e+05
   6.8200000e+01  -1.8438931e+05  -4.4815991e+05
   6.8300000e+01  -1.3496584e+05  -4.1997238e+05
   6.8400000e+01  -7.6813609e+04  -3.6068316e+05
   6.8500000e+01  -2.4760166e+04  -2.7980728e+05
   6.8600000e+01   9.8240537e+03  -1.9122120e+05
   6.8700000e+01   2.4658514e+04  -1.0328730e+05
   6.8800000e+01   2.8122729e+04  -1.4375189e+04
   6.8900000e+01   3.3714176e+04   8.1396938e+04
   6.9000000e+01   4.9541559e+04   1.8371191e+05
   6.9100000e+01   7.1690766e+04   2.8207056e+05
   6.9200000e+01   8.8519344e+04   3.6285800e+05
   6.9300000e+01   9.1881672e+04   4.2007062e+05
   6.9400000e+01   8.3623703e+04   4.5852062e+05
   6.9500000e+01   7.1602672e+04   4.8657688e+05
   6.9600000e+01   6.1797125e+04   5.0616041e+05
   6.9700000e+01   5.5944434e+04   5.0966859e+05
   6.9800000e+01   5.4739586e+04   4.8602688e+05
   6.9900000e+01   5.8972332e+04   4.2968425e+05
   7.0000000e+01   6.5838539e+04   3.4483581e+05
   7.0100000e+01   6.7157531e+04   2.4252023e+05
   7.0200000e+01   5.5413625e+04   1.3441016e+05
   7.0300000e+01   3.2472934e+04   2.8488896e+04
   7.0400000e+01   1.0037594e+04  -7.1647812e+04
   7.0500000e+01  -5.1509863e+02  -1.6560194e+05
   7.0600000e+01   1.3166621e+03  -2.5453672e+05
   7.0700000e+01   5.1403364e+03  -3.3839216e+05
   7.0800000e+01  -4.7216211e+02  -4.1202597e+05
   7.0900000e+01  -1.8323248e+04  -4.6406003e+05
   7.1000000e+01  -4.0814867e+04  -4.8258297e+05
   7.1100000e+01  -5.5360820e+04  -4.6513584e+05
   7.1200000e+01  -5.2222387e+04  -4.2320966e+05
   7.1300000e+01  -3.1066664e+04  -3.7443434e+05
   7.1400000e+01  -2.9760928e+03  -3.2838900e+05
   7.1500000e+01   1.5609868e+04  -2.8032862e+05
   7.1600000e+01   1.5653938e+04  -2.1967684e+05
   7.1700000e+01   4.7939209e+03  -1.4404902e+05
   7.1800000e+01   1.9659277e+03  -6.3532215e+04
   7.1900000e+01   1.9534285e+04   8.7333232e+03
   7.2000000e+01   5.0097824e+04   6.8371484e+04
   7.2100000e+01   7.2518781e+04   1.2103697e+05
   7.2200000e+01   7.1475773e+04   1.7281589e+05
   7.2300000e+01   4.9996242e+04   2.2099398e+05
   7.2400000e+01   2.3157680e+04   2.5476005e+05
   7.2500000e+01   2.6535195e+03   2.6430881e+05
   7.2600000e+01  -1.0206769e+04   2.4894427e+05
   7.2700000e+01  -1.9042445e+04   2.1708131e+05
   7.2800000e+01  -2.5623062e+04   1.7942559e+05
   7.2900000e+01  -3.0378873e+04   1.4247897e+05
   7.3000000e+01  -3.5445250e+04   1.0800398e+05
   7.3100000e+01  -4.2191223e+04   7.7322891e+04
   7.3200000e+01  -4.6012586e+04   5.4190266e+04
   7.3300000e+01  -3.8379094e+04   4.1993406e+04
   7.3400000e+01  -1.7201637e+04   3.8483055e+04
   7.3500000e+01   6.6324912e+03   3.5603215e+04
   7.3600000e+01   1.6694707e+04   2.7017180e+04
   7.3700000e+01   6.2392432e+03   1.6175789e+04
   7.3800000e+01  -1.4810910e+04   1.5016853e+04
   7.3900000e+01  -2.8036432e+04   3.2638633e+04
   7.4000000e+01  -2.0612498e+04   6.5059137e+04
   7.4100000e+01   7.7927285e+03   9.7382492e+04
   7.4200000e+01   4.8042855e+04   1.1683471e+05
   7.4300000e+01   8.7646281e+04   1.2328744e+05
   7.4400000e+01   1.1466481e+05   1.2660205e+05
   7.4500000e+01   1.2064780e+05   1.3430800e+05
   7.4600000e+01   1.0451634e+05   1.4284902e+05
   7.4700000e+01   7.4442781e+04   1.4088633e+05
   7.4800000e+01   4.3497242e+04   1.2048898e+05
   7.4900000e+01   2.0831895e+04   8.5191156e+04
   7.5000000e+01   6.1036592e+03   4.8102887e+04
   7.5100000e+01  -7.5446157e+03   2.2327732e+04
   7.5200000e+01  -2.5313516e+04   1.1622812e+04
   7.5300000e+01  -4.5812617e+04   8.5421260e+03
   7.5400000e+01  -6.3524887e+04   1.5675718e+03
   7.5500000e+01  -7.4587094e+04  -1.4685070e+04
   7.5600000e+01  -7.9221703e+04  -3.5633953e+04
   7.5700000e+01  -7.9511367e+04  -5.3481906e+04
   7.5800000e+01  -7.6991781e+04  -6.7734328e+04
   7.5900000e+01  -7.3300859e+04  -8.7414867e+04
   7.6000000e+01  -7.1274492e+04  -1.2122436e+05
   7.6100000e+01  -7.2533453e+04  -1.6591345e+05
   7.6200000e+01  -7.3612258e+04  -2.0627981e+05
   7.6300000e+01  -6.7327930e+04  -2.2762009e+05
   7.6400000e+01  -5.0693270e+04  -2.2762238e+05
   7.6500000e+01  -3.0594588e+04  -2.1596447e+05
   7.6600000e+01  -1.8225143e+04  -2.0401806e+05
   7.6700000e+01  -1.6328266e+04  -1.9650561e+05
   7.6800000e+01  -1.4108983e+04  -1.9168142e+05
   7.6900000e+01   2.3885422e+03  -1.8571777e+05
   7.7000000e+01   3.4916734e+04  -1.7469283e+05
   7.7100000e+01   7.0003445e+04  -1.5431372e+05
   7.7200000e+01   9.1619867e+04  -1.2169696e+05
   7.7300000e+01   9.5114367e+04  -7.9293297e+04
   7.7400000e+01   8.8124383e+04  -3.5764758e+04
   7.7500000e+01   8.0549578e+04  -9.9048926e+02
   7.7600000e+01   7.6757938e+04   2.0353801e+04
   7.7700000e+01   7.6716930e+04   2.9970279e+04
   7.7800000e+01   8.0134859e+04   3.1216650e+04
   7.7900000e+01   8.6149859e+04   2.4612109e+04
   7.8000000e+01   9.0331719e+04   9.0358428e+03
   7.8100000e+01   8.5993008e+04  -1.3016580e+04
   7.8200000e+01   7.0681719e+04  -3.2954914e+04
   7.8300000e+01   5.0470656e+04  -4.0628672e+04
   7.8400000e+01   3.5947848e+04  -3.2388406e+04
   7.8500000e+01   3.3058152e+04  -1.4654678e+04
   7.8600000e+01   3.7629516e+04   1.0898228e+03
   7.8700000e+01   3.8389625e+04   7.2824478e+03
   7.8800000e+01   2.5141551e+04   4.6537344e+03
   7.8900000e+01  -4.6708823e+03  -1.1569316e+03
   7.9000000e+01  -4.4802504e+04  -5.3150293e+03
   7.9100000e+01  -8.3877086e+04  -5.0026240e+03
   7.9200000e+01  -1.1147479e+05   3.5734346e+03
   7.9300000e+01  -1.2395612e+05   2.6060424e+04
   7.9400000e+01  -1.2682149e+05   6.5499305e+04
   7.9500000e+01  -1.3106893e+05   1.1717797e+05
   7.9600000e+01  -1.4495414e+05   1.6948050e+05
   7.9700000e+01  -1.6730262e+05   2.1086223e+05
   7.9800000e+01  -1.8831509e+05   2.3626358e+05
   7.9900000e+01  -1.9723548e+05   2.4734736e+05
   8.0000000e+01  -1.8972650e+05   2.4797430e+05
   8.0100000e+01  -1.6863381e+05   2.4076072e+05
   8.0200000e+01  -1.3915159e+05   2.2787830e+05
   8.0300000e+01  -1.0477239e+05   2.1342867e+05
   8.0400000e+01  -6.7909062e+04   2.0273008e+05
   8.0500000e+01  -3.2301707e+04   1.9790936e+05
   8.0600000e+01  -1.9343164e+03   1.9457125e+05
   8.0700000e+01   2.3648469e+04   1.8434736e+05
   8.0800000e+01   5.1378512e+04   1.6178444e+05
   8.0900000e+01   8.8972641e+04   1.2832767e+05
   8.1000000e+01   1.3534459e+05   8.8804141e+04
   8.1100000e+01   1.7755783e+05   4.4930223e+04
   8.1200000e+01   1.9968750e+05  -5.2493584e+03
   8.1300000e+01   1.9602477e+05  -6.0338641e+04
   8.1400000e+01   1.7506223e+05  -1.1024695e+05
   8.1500000e+01   1.5009623e+05  -1.4181289e+05
   8.1600000e+01   1.2710380e+05  -1.5175261e+05
   8.1700000e+01   1.0308136e+05  -1.5252381e+05
   8.1800000e+01   7.5061477e+04  -1.6243312e+05
   8.1900000e+01   4.7670223e+04  -1.8835064e+05
   8.2000000e+01   3.0218156e+04  -2.1827975e+05
   8.2100000e+01   2.7657947e+04  -2.3137214e+05
   8.2200000e+01   3.6020555e+04  -2.1562744e+05
   8.2300000e+01   4.6050141e+04  -1.7705103e+05
   8.2400000e+01   4.9691570e+04  -1.3357614e+05
   8.2500000e+01   4.3676250e+04  -1.0083262e+05
   8.2600000e+01   2.9736305e+04  -8.1677469e+04
   8.2700000e+01   1.3113885e+04  -6.6015320e+04
   8.2800000e+01  -5.8778027e+02  -3.9553098e+04
   8.2900000e+01  -9.6112451e+03   4.5373198e+03
   8.3000000e+01  -1.7642494e+04   5.8393586e+04
   8.3100000e+01  -2.9942090e+04   1.0243891e+05
   8.3200000e+01  -4.7290039e+04   1.1845752e+05
   8.3300000e+01  -6.4560195e+04   1.0407581e+05
   8.3400000e+01  -7.5731055e+04   7.6186633e+04
   8.3500000e+01  -7.9472953e+04   5.8441609e+04
   8.3600000e+01  -7.9211523e+04   6.2322789e+04
   8.3700000e+01  -7.8749406e+04   7.8416953e+04
   8.3800000e+01  -7.9262844e+04   8.5629430e+04
   8.3900000e+01  -8.0171102e+04   6.9203672e+04
   8.4000000e+01  -8.0836781e+04   3.0875488e+04
   8.4100000e+01  -8.0172297e+04  -1.6290343e+04
   8.4200000e+01  -7.5726000e+04  -6.0696656e+04
   8.4300000e+01  -6.5237227e+04  -9.9951703e+04
   8.4400000e+01  -4.9749684e+04  -1.3887648e+05
   8.4500000e+01  -3.4078582e+04  -1.8267233e+05
   8.4600000e+01  -2.2930943e+04  -2.3138866e+05
   8.4700000e+01  -1.6410473e+04  -2.7766609e+05
   8.4800000e+01  -1.0000808e+04  -3.0817725e+05
   8.4900000e+01   6.0461426e+02  -3.1018644e+05
   8.5000000e+01   1.4860265e+04  -2.8158006e+05
   8.5100000e+01   2.7779180e+04  -2.3599423e+05
   8.5200000e+01   3.4756781e+04  -1.9477175e+05
   8.5300000e+01   3.5611930e+04  -1.6966070e+05
   8.5400000e+01   3.4112633e+04  -1.5234241e+05
   8.5500000e+01   3.4731121e+04  -1.2244794e+05
   8.5600000e+01   4.0978680e+04  -6.6793648e+04
   8.5700000e+01   5.6073328e+04   9.4085342e+03
   8.5800000e+01   8.1984594e+04   8.9164391e+04
   8.5900000e+01   1.1465301e+05   1.5863611e+05
   8.6000000e+01   1.4060477e+05   2.1457406e+05
   8.6100000e+01   1.4297144e+05   2.6016106e+05
   8.6200000e+01   1.1612888e+05   2.9806797e+05
   8.6300000e+01   7.5761609e+04   3.2864912e+05
   8.6400000e+01   5.1056734e+04   3.5173672e+05
   8.6500000e+01   6.1900348e+04   3.6678891e+05
   8.6600000e+01   1.0062122e+05   3.7120366e+05
   8.6700000e+01   1.3607995e+05   3.6082091e+05
   8.6800000e+01   1.3784534e+05   3.3369597e+05
   8.6900000e+01   9.9682250e+04   2.9317900e+05
   8.7000000e+01   4.2638641e+04   2.4649583e+05
   8.7100000e+01  -3.4147910e+03   1.9980044e+05
   8.7200000e+01  -2.2935322e+04   1.5411481e+05
   8.7300000e+01  -2.3590779e+04   1.0561632e+05
   8.7400000e+01  -2.5604562e+04   5.0104723e+04
   8.7500000e+01  -4.2872387e+04  -1.1930089e+04
   8.7600000e+01  -7.2730047e+04  -7.4149180e+04
   8.7700000e+01  -1.0176584e+05  -1.2861474e+05
   8.7800000e+01  -1.1964465e+05  -1.7153561e+05
   8.7900000e+01  -1.2643840e+05  -2.0427802e+05
   8.8000000e+01  -1.2776022e+05  -2.2815566e+05
   8.8100000e+01  -1.2608095e+05  -2.3914823e+05
   8.8200000e+01  -1.1976438e+05  -2.2997789e+05
   8.8300000e+01  -1.1017899e+05  -1.9897580e+05
   8.8400000e+01  -1.0598204e+05  -1.5646480e+05
   8.8500000e+01  -1.1684362e+05  -1.2054327e+05
   8.8600000e+01  -1.4263603e+05  -1.0472219e+05
   8.8700000e+01  -1.7087417e+05  -1.0837125e+05
   8.8800000e+01  -1.8618375e+05  -1.1822531e+05
   8.8900000e+01  -1.8199195e+05  -1.1870480e+05
   8.9000000e+01  -1.6299422e+05  -1.0175484e+05
   8.9100000e+01  -1.3824252e+05  -6.9396008e+04
   8.9200000e+01  -1.1422509e+05  -2.9683959e+04
   8.9300000e+01  -9.4244289e+04   8.8373213e+03
   8.9400000e+01  -8.0821258e+04   4.0383746e+04
   8.9500000e+01  -7.5052133e+04   6.2379879e+04
   8.9600000e+01  -7.3398992e+04   7.4272398e+04
   8.9700000e+01  -6.7930469e+04   7.5911227e+04
   8.9800000e+01  -5.2247742e+04   6.6622289e+04
   8.9900000e+01  -2.7331285e+04   4.5899074e+04
   9.0000000e+01  -4.6357227e+02   1.5504824e+04
   9.0100000e+01   2.1871486e+04  -1.8794908e+04
   9.0200000e+01   3.9389578e+04  -4.7962344e+04
   9.0300000e+01   5.6414852e+04  -6.3398961e+04
   9.0400000e+01   7.6123195e+04  -6.1798758e+04
   9.0500000e+01   9.7298250e+04  -4.7749703e+04
   9.0600000e+01   1.1632393e+05  -3.1253266e+04
   9.0700000e+01   1.3130522e+05  -2.0651719e+04
   9.0800000e+01   1.4400636e+05  -1.5980562e+04
   9.0900000e+01   1.5835942e+05  -9.0901660e+03
   9.1000000e+01   1.7721505e+05   8.3212627e+03
   9.1100000e+01   1.9971195e+05   3.5839348e+04
   9.1200000e+01   2.2109972e+05   6.3849703e+04
   9.1300000e+01   2.3565833e+05   8.2485695e+04
   9.1400000e+01   2.4113042e+05   9.0551672e+04
   9.1500000e+01   2.4104753e+05   9.4653961e+04
   9.1600000e+01   2.4217272e+05   1.0000888e+05
   9.1700000e+01   2.4838017e+05   1.0410811e+05
   9.1800000e+01   2.5600566e+05   1.0072871e+05
   9.1900000e+01   2.5511934e+05   8.9222508e+04
   9.2000000e+01   2.3649534e+05   7.7931594e+04
   9.2100000e+01   1.9927600e+05   7.7649125e+04
   9.2200000e+01   1.5331125e+05   9.1856961e+04
   9.2300000e+01   1.1375103e+05   1.1276945e+05
   9.2400000e+01   9.1344344e+04   1.2565541e+05
   9.2500000e+01   8.5732531e+04   1.1735041e+05
   9.2600000e+01   8.7047805e+04   8.3462727e+04
   9.2700000e+01   8.4002422e+04   3.0427980e+04
   9.2800000e+01   7.0769859e+04  -2.8893482e+04
   9.2900000e+01   4.6821203e+04  -8.3283508e+04
   9.3000000e+01   1.2007828e+04  -1.2833894e+05
   9.3100000e+01  -3.5683270e+04  -1.6419834e+05
   9.3200000e+01  -9.6441375e+04  -1.8932656e+05
   9.3300000e+01  -1.6404025e+05  -1.9886058e+05
   9.3400000e+01  -2.2712192e+05  -1.9037178e+05
   9.3500000e+01  -2.7603072e+05  -1.6966903e+05
   9.3600000e+01  -3.0811559e+05  -1.4797369e+05
   9.3700000e+01  -3.2650684e+05  -1.3214817e+05
   9.3800000e+01  -3.3506991e+05  -1.1875151e+05
   9.3900000e+01  -3.3558119e+05  -9.8700227e+04
   9.4000000e+01  -3.2888331e+05  -6.7126648e+04
   9.4100000e+01  -3.1660216e+05  -2.7733287e+04
   9.4200000e+01  -3.0049588e+05   1.1727120e+04
   9.4300000e+01  -2.8074312e+05   4.6249895e+04
   9.4400000e+01  -2.5607942e+05   7.5263969e+04
   9.4500000e+01  -2.2591338e+05   9.9343805e+04
   9.4600000e+01  -1.9167447e+05   1.1746582e+05
   9.4700000e+01  -1.5555591e+05   1.2780355e+05
   9.4800000e+01  -1.1827711e+05   1.2969594e+05
   9.4900000e+01  -7.9107984e+04   1.2368865e+05
   9.5000000e+01  -3.8884168e+04   1.1030422e+05
   9.5100000e+01  -2.5429238e+03   9.0267203e+04
   9.5200000e+01   2.3066824e+04   6.6362414e+04
   9.5300000e+01   3.5457500e+04   4.3935395e+04
   9.5400000e+01   4.0329371e+04   2.8017801e+04
   9.5500000e+01   4.7415355e+04   1.9170613e+04
   9.5600000e+01   6.1634109e+04   1.2322442e+04
   9.5700000e+01   7.9473062e+04   5.4474854e+02
   9.5800000e+01   9.5145430e+04  -1.8785961e+04
   9.5900000e+01   1.0866951e+05  -4.0576312e+04
   9.6000000e+01   1.2479909e+05  -5.4958449e+04
   9.6100000e+01   1.4367536e+05  -5.5128035e+04
   9.6200000e+01   1.5621278e+05  -4.3584727e+04
   9.6300000e+01   1.5216644e+05  -3.0480885e+04
   9.6400000e+01   1.3178611e+05  -2.4868873e+04
   9.6500000e+01   1.0597725e+05  -2.7318041e+04
   9.6600000e+01   8.4323039e+04  -3.1468266e+04
   9.6700000e+01   6.6288141e+04  -3.2208482e+04
   9.6800000e+01   4.6412461e+04  -3.0572145e+04
   9.6900000e+01   2.5188596e+04  -2.9919645e+04
   9.7000000e+01   9.8359170e+03  -2.9284488e+04
   9.7100000e+01   3.5738086e+03  -2.3241621e+04
   9.7200000e+01  -1.7188164e+03  -8.6224805e+03
   9.7300000e+01  -1.8571078e+04   1.1003690e+04
   9.7400000e+01  -5.0256242e+04   2.9135518e+04
   9.7500000e+01  -8.6217148e+04   4.3183023e+04
   9.7600000e+01  -1.1099652e+05   5.5090070e+04
   9.7700000e+01  -1.1616324e+05   6.5305008e+04
   9.7800000e+01  -1.0413142e+05   6.9184391e+04
   9.7900000e+01  -8.3686344e+04   6.1909570e+04
   9.8000000e+01  -6.4078312e+04   4.6203406e+04
   9.8100000e+01  -5.1744695e+04   3.2213707e+04
   9.8200000e+01  -4.8794199e+04   2.7776855e+04
   9.8300000e+01  -5.2231949e+04   2.9201326e+04
   9.8400000e+01  -5.4905199e+04   2.3225105e+04
   9.8500000e+01  -4.8486508e+04  -8.0868555e+02
   9.8600000e+01  -2.6754424e+04  -4.0213891e+04
   9.8700000e+01   1.2220495e+04  -7.9887969e+04
   9.8800000e+01   6.4531711e+04  -1.0385723e+05
   9.8900000e+01   1.1957278e+05  -1.0704277e+05
   9.9000000e+01   1.6224427e+05  -9.7843547e+04
   9.9100000e+01   1.7994731e+05  -9.1031008e+04
   9.9200000e+01   1.7095383e+05  -9.7891695e+04
   9.9300000e+01   1.4688714e+05  -1.2029732e+05
   9.9400000e+01   1.2545930e+05  -1.5013367e+05
   9.9500000e+01   1.1816477e+05  -1.7249848e+05
   9.9600000e+01   1.2266935e+05  -1.7238936e+05
   9.9700000e+01   1.2578220e+05  -1.4445598e+05
   9.9800000e+01   1.1394383e+05  -9.9369172e+04
   9.9900000e+01   8.2596633e+04  -5.6167996e+04
   1.0000000e+02   3.8299078e+04  -2.2948615e+04
