   1.1851270e+02   3.6301420e+01   1.8450000e+02
   1.1924956e+02   3.6549728e+01   7.0700000e+01
   0.0000000e+00   7.7394272e+03   7.7394272e+03
   1.0000000e-01   4.1284648e+04  -3.2230377e+04
   2.0000000e-01   7.6562297e+04  -8.4804312e+04
   3.0000000e-01   1.1605895e+05  -1.4665925e+05
   4.0000000e-01   1.5607283e+05  -2.0540356e+05
   5.0000000e-01   1.9267412e+05  -2.4840734e+05
   6.0000000e-01   2.2694292e+05  -2.7256791e+05
   7.0000000e-01   2.6395253e+05  -2.8653631e+05
   8.0000000e-01   3.0701672e+05  -3.0338050e+05
   9.0000000e-01   3.5292991e+05  -3.2976216e+05
   1.0000000e+00   3.9200834e+05  -3.6055328e+05
   1.1000000e+00   4.1264400e+05  -3.8292172e+05
   1.2000000e+00   4.0788897e+05  -3.8561800e+05
   1.3000000e+00   3.8077544e+05  -3.6538003e+05
   1.4000000e+00   3.4457447e+05  -3.2667188e+05
   1.5000000e+00   3.1619362e+05  -2.7813631e+05
   1.6000000e+00   3.0640775e+05  -2.3057989e+05
   1.7000000e+00   3.1445053e+05  -1.9599108e+05
   1.8000000e+00   3.3083078e+05  -1.8344869e+05
   1.9000000e+00   3.4427141e+05  -1.9229128e+05
   2.0000000e+00   3.4608716e+05  -2.1002006e+05
   2.1000000e+00   3.3087572e+05  -2.2073472e+05
   2.2000000e+00   2.9744453e+05  -2.1857853e+05
   2.3000000e+00   2.5098645e+05  -2.1273861e+05
   2.4000000e+00   2.0190555e+05  -2.1729005e+05
   2.5000000e+00   1.5851547e+05  -2.3481153e+05
   2.6000000e+00   1.1917353e+05  -2.5003547e+05
   2.7000000e+00   7.2646312e+04  -2.4025850e+05
   2.8000000e+00   7.7694155e+03  -1.9279341e+05
   2.9000000e+00  -7.6447539e+04  -1.1339264e+05
   3.0000000e+00  -1.6957178e+05  -1.9116293e+04
   3.1000000e+00  -2.5776898e+05   7.5768695e+04
   3.2000000e+00  -3.3347122e+05   1.6663216e+05
   3.3000000e+00  -3.9887288e+05   2.5272386e+05
   3.4000000e+00  -4.6108128e+05   3.2747816e+05
   3.5000000e+00  -5.2292900e+05   3.7791275e+05
   3.6000000e+00  -5.7693975e+05   3.9563469e+05
   3.7000000e+00  -6.0866375e+05   3.8747891e+05
   3.8000000e+00  -6.0850562e+05   3.7213006e+05
   3.9000000e+00  -5.8235781e+05   3.6379766e+05
   4.0000000e+00  -5.4973450e+05   3.5936594e+05
   4.1000000e+00  -5.2814988e+05   3.4324231e+05
   4.2000000e+00  -5.1626516e+05   3.0553134e+05
   4.3000000e+00  -4.9168756e+05   2.5460400e+05
   4.4000000e+00  -4.2725991e+05   2.1091214e+05
   4.5000000e+00  -3.1299847e+05   1.8844662e+05
   4.6000000e+00  -1.6531912e+05   1.8223594e+05
   4.7000000e+00  -1.5865492e+04   1.7306181e+05
   4.8000000e+00   1.1067516e+05   1.4350431e+05
   4.9000000e+00   2.1156159e+05   9.0388430e+04
   5.0000000e+00   3.0178816e+05   2.4652203e+04
   5.1000000e+00   3.9455797e+05  -3.8033660e+04
   5.2000000e+00   4.8334547e+05  -8.6447109e+04
   5.3000000e+00   5.4207669e+05  -1.1709358e+05
   5.4000000e+00   5.4538294e+05  -1.3281850e+05
   5.5000000e+00   4.9291578e+05  -1.4020808e+05
   5.6000000e+00   4.1587031e+05  -1.4632666e+05
   5.7000000e+00   3.5741306e+05  -1.5364834e+05
   5.8000000e+00   3.4177109e+05  -1.5550380e+05
   5.9000000e+00   3.5838003e+05  -1.3824391e+05
   6.0000000e+00   3.7500716e+05  -9.2657336e+04
   6.1000000e+00   3.6728319e+05  -2.6614801e+04
   6.2000000e+00   3.3705625e+05   3.4854824e+04
   6.3000000e+00   3.0390609e+05   6.6998023e+04
   6.4000000e+00   2.8119469e+05   6.7646461e+04
   6.5000000e+00   2.6238284e+05   6.3500461e+04
   6.6000000e+00   2.3063731e+05   9.1382398e+04
   6.7000000e+00   1.7943200e+05   1.6795517e+05
   6.8000000e+00   1.2108909e+05   2.7313003e+05
   6.9000000e+00   7.4370477e+04   3.6169950e+05
   7.0000000e+00   4.4812523e+04   3.9408122e+05
   7.1000000e+00   1.8457324e+04   3.6149772e+05
   7.2000000e+00  -2.4830064e+04   2.8650984e+05
   7.3000000e+00  -9.1729938e+04   2.0083870e+05
   7.4000000e+00  -1.6790131e+05   1.2055559e+05
   7.5000000e+00  -2.2872795e+05   3.9140770e+04
   7.6000000e+00  -2.5859714e+05  -5.7758797e+04
   7.7000000e+00  -2.6307209e+05  -1.7094552e+05
   7.8000000e+00  -2.6517884e+05  -2.7964575e+05
   7.9000000e+00  -2.8901516e+05  -3.5414838e+05
   8.0000000e+00  -3.4221159e+05  -3.7799672e+05
   8.1000000e+00  -4.0924431e+05  -3.6077906e+05
   8.2000000e+00  -4.6072131e+05  -3.3131228e+05
   8.3000000e+00  -4.7316500e+05  -3.1743938e+05
   8.4000000e+00  -4.4563609e+05  -3.2826256e+05
   8.5000000e+00  -4.0027438e+05  -3.5074609e+05
   8.6000000e+00  -3.6511959e+05  -3.6086050e+05
   8.7000000e+00  -3.5220872e+05  -3.4022091e+05
   8.8000000e+00  -3.4936125e+05  -2.8778791e+05
   8.9000000e+00  -3.3334525e+05  -2.2056672e+05
   9.0000000e+00  -2.9284600e+05  -1.6332275e+05
   9.1000000e+00  -2.3972325e+05  -1.3314888e+05
   9.2000000e+00  -1.9759336e+05  -1.2865610e+05
   9.3000000e+00  -1.7887241e+05  -1.3206098e+05
   9.4000000e+00  -1.7295395e+05  -1.2359367e+05
   9.5000000e+00  -1.5690427e+05  -9.6891734e+04
   9.6000000e+00  -1.1760161e+05  -6.1941910e+04
   9.7000000e+00  -6.3836574e+04  -3.3068074e+04
   9.8000000e+00  -1.7993434e+04  -1.4149999e+04
   9.9000000e+00   3.6179243e+03   3.5543521e+03
   1.0000000e+01   4.1687744e+03   2.8433434e+04
   1.0100000e+01   3.4180898e+03   5.4076574e+04
   1.0200000e+01   2.2147043e+04   5.9615938e+04
   1.0300000e+01   6.6008781e+04   2.6848303e+04
   1.0400000e+01   1.2066463e+05  -4.0726395e+04
   1.0500000e+01   1.6288422e+05  -1.1455791e+05
   1.0600000e+01   1.8112073e+05  -1.5736719e+05
   1.0700000e+01   1.8993916e+05  -1.4639622e+05
   1.0800000e+01   2.2419594e+05  -8.5903609e+04
   1.0900000e+01   3.1372103e+05  -8.8742822e+02
   1.1000000e+01   4.5702597e+05   8.1329117e+04
   1.1100000e+01   6.1658319e+05   1.4735848e+05
   1.1200000e+01   7.4223562e+05   2.0137206e+05
   1.1300000e+01   8.0571494e+05   2.5616997e+05
   1.1400000e+01   8.1874512e+05   3.2045375e+05
   1.1500000e+01   8.1980519e+05   3.9193434e+05
   1.1600000e+01   8.4024881e+05   4.5967356e+05
   1.1700000e+01   8.7767538e+05   5.1173841e+05
   1.1800000e+01   8.9848612e+05   5.4169819e+05
   1.1900000e+01   8.6691388e+05   5.5037994e+05
   1.2000000e+01   7.7511469e+05   5.4338675e+05
   1.2100000e+01   6.4787612e+05   5.2638525e+05
   1.2200000e+01   5.1789562e+05   4.9984253e+05
   1.2300000e+01   3.9435641e+05   4.5568247e+05
   1.2400000e+01   2.5454012e+05   3.7978209e+05
   1.2500000e+01   6.7804125e+04   2.6215378e+05
   1.2600000e+01  -1.6911230e+05   1.0963902e+05
   1.2700000e+01  -4.1865631e+05  -4.9821680e+04
   1.2800000e+01  -6.2529075e+05  -1.7844734e+05
   1.2900000e+01  -7.5559525e+05  -2.4958744e+05
   1.3000000e+01  -8.2026094e+05  -2.6243197e+05
   1.3100000e+01  -8.5927662e+05  -2.3854312e+05
   1.3200000e+01  -9.0520900e+05  -2.0402477e+05
   1.3300000e+01  -9.5761912e+05  -1.7317131e+05
   1.3400000e+01  -9.8862031e+05  -1.4596981e+05
   1.3500000e+01  -9.7078919e+05  -1.1756755e+05
   1.3600000e+01  -9.0198175e+05  -8.8103953e+04
   1.3700000e+01  -8.0861819e+05  -6.4523035e+04
   1.3800000e+01  -7.2796069e+05  -5.5739066e+04
   1.3900000e+01  -6.8359862e+05  -6.7441961e+04
   1.4000000e+01  -6.7040594e+05  -1.0002598e+05
   1.4100000e+01  -6.5870562e+05  -1.4887750e+05
   1.4200000e+01  -6.1579525e+05  -2.0576422e+05
   1.4300000e+01  -5.3038175e+05  -2.6147609e+05
   1.4400000e+01  -4.2082106e+05  -3.0919550e+05
   1.4500000e+01  -3.1923409e+05  -3.4605931e+05
   1.4600000e+01  -2.4435648e+05  -3.7103162e+05
   1.4700000e+01  -1.8689261e+05  -3.8112031e+05
   1.4800000e+01  -1.1971195e+05  -3.7054884e+05
   1.4900000e+01  -2.2178277e+04  -3.3489088e+05
   1.5000000e+01   1.0337084e+05  -2.7662819e+05
   1.5100000e+01   2.3474411e+05  -2.0619892e+05
   1.5200000e+01   3.4609291e+05  -1.3643711e+05
   1.5300000e+01   4.2304666e+05  -7.4976219e+04
   1.5400000e+01   4.6861428e+05  -2.1989768e+04
   1.5500000e+01   4.9990309e+05   2.3994631e+04
   1.5600000e+01   5.3832825e+05   5.8010828e+04
   1.5700000e+01   5.9658344e+05   6.8019039e+04
   1.5800000e+01   6.6888288e+05   4.5125445e+04
   1.5900000e+01   7.3270369e+05  -3.9089932e+03
   1.6000000e+01   7.6365688e+05  -5.5540645e+04
   1.6100000e+01   7.5335169e+05  -8.3989008e+04
   1.6200000e+01   7.1551681e+05  -7.9853094e+04
   1.6300000e+01   6.7485081e+05  -5.5950969e+04
   1.6400000e+01   6.4807550e+05  -3.5705598e+04
   1.6500000e+01   6.3300119e+05  -3.5863039e+04
   1.6600000e+01   6.1358038e+05  -5.8071879e+04
   1.6700000e+01   5.7504681e+05  -9.1982375e+04
   1.6800000e+01   5.1569347e+05  -1.2231348e+05
   1.6900000e+01   4.4603484e+05  -1.3471998e+05
   1.7000000e+01   3.7745888e+05  -1.2203080e+05
   1.7100000e+01   3.1126753e+05  -9.0414195e+04
   1.7200000e+01   2.3809188e+05  -5.7685035e+04
   1.7300000e+01   1.4789133e+05  -3.8731301e+04
   1.7400000e+01   4.0910297e+04  -2.8296355e+04
   1.7500000e+01  -7.0690578e+04  -1.2307568e+02
   1.7600000e+01  -1.7169814e+05   7.2095359e+04
   1.7700000e+01  -2.5467580e+05   1.9037027e+05
   1.7800000e+01  -3.2335459e+05   3.2896703e+05
   1.7900000e+01  -3.8692241e+05   4.5513275e+05
   1.8000000e+01  -4.5134678e+05   5.5268531e+05
   1.8100000e+01  -5.1483219e+05   6.2642212e+05
   1.8200000e+01  -5.6974269e+05   6.8725238e+05
   1.8300000e+01  -6.0834262e+05   7.3642169e+05
   1.8400000e+01  -6.2801331e+05   7.6379575e+05
   1.8500000e+01  -6.3282938e+05   7.5832356e+05
   1.8600000e+01  -6.3087275e+05   7.1863200e+05
   1.8700000e+01  -6.2897806e+05   6.5537406e+05
   1.8800000e+01  -6.2769319e+05   5.8544950e+05
   1.8900000e+01  -6.1897781e+05   5.2240484e+05
   1.9000000e+01  -5.8839219e+05   4.6780722e+05
   1.9100000e+01  -5.2232962e+05   4.0874934e+05
   1.9200000e+01  -4.1794338e+05   3.2530741e+05
   1.9300000e+01  -2.8933188e+05   2.0549902e+05
   1.9400000e+01  -1.6304994e+05   5.7545539e+04
   1.9500000e+01  -6.3182859e+04  -9.1324359e+04
   1.9600000e+01   3.3687153e+03  -2.1056878e+05
   1.9700000e+01   4.8376000e+04  -2.8526269e+05
   1.9800000e+01   8.8392438e+04  -3.2363025e+05
   1.9900000e+01   1.2794612e+05  -3.4783659e+05
   2.0000000e+01   1.5535781e+05  -3.7661116e+05
   2.0100000e+01   1.5461156e+05  -4.1441900e+05
   2.0200000e+01   1.2174175e+05  -4.5495072e+05
   2.0300000e+01   7.0920164e+04  -4.9336519e+05
   2.0400000e+01   2.5582309e+04  -5.3450731e+05
   2.0500000e+01   2.8171689e+03  -5.8952238e+05
   2.0600000e+01   3.8443555e+03  -6.6509944e+05
   2.0700000e+01   1.7423525e+04  -7.5627925e+05
   2.0800000e+01   3.2314898e+04  -8.4965875e+05
   2.0900000e+01   4.7828867e+04  -9.3392206e+05
   2.1000000e+01   7.3523820e+04  -1.0082879e+06
   2.1100000e+01   1.1890734e+05  -1.0814096e+06
   2.1200000e+01   1.8325816e+05  -1.1610514e+06
   2.1300000e+01   2.5557167e+05  -1.2425751e+06
   2.1400000e+01   3.2464794e+05  -1.3062276e+06
   2.1500000e+01   3.8907850e+05  -1.3270665e+06
   2.1600000e+01   4.5682072e+05  -1.2904418e+06
   2.1700000e+01   5.3453150e+05  -1.1995329e+06
   2.1800000e+01   6.1726119e+05  -1.0673526e+06
   2.1900000e+01   6.8871112e+05  -9.0042150e+05
   2.2000000e+01   7.3140925e+05  -6.9037694e+05
   2.2100000e+01   7.3635506e+05  -4.2245766e+05
   2.2200000e+01   7.0337394e+05  -9.2437773e+04
   2.2300000e+01   6.3446606e+05   2.8516184e+05
   2.2400000e+01   5.2996344e+05   6.8521481e+05
   2.2500000e+01   3.9247312e+05   1.0870309e+06
   2.2600000e+01   2.3243986e+05   1.4810562e+06
   2.2700000e+01   6.6089047e+04   1.8623505e+06
   2.2800000e+01  -9.3907922e+04   2.2193152e+06
   2.2900000e+01  -2.4438362e+05   2.5285962e+06
   2.3000000e+01  -3.8637575e+05   2.7594718e+06
   2.3100000e+01  -5.1428522e+05   2.8837492e+06
   2.3200000e+01  -6.1283100e+05   2.8858038e+06
   2.3300000e+01  -6.6665262e+05   2.7681422e+06
   2.3400000e+01  -6.7246481e+05   2.5486738e+06
   2.3500000e+01  -6.4030300e+05   2.2495672e+06
   2.3600000e+01  -5.8283788e+05   1.8852405e+06
   2.3700000e+01  -5.0530169e+05   1.4603804e+06
   2.3800000e+01  -4.0735306e+05   9.8076081e+05
   2.3900000e+01  -2.9384084e+05   4.6592678e+05
   2.4000000e+01  -1.8060011e+05  -5.0701062e+04
   2.4100000e+01  -8.6501398e+04  -5.3604388e+05
   2.4200000e+01  -1.8365117e+04  -9.7220306e+05
   2.4300000e+01   3.5691117e+04  -1.3576755e+06
   2.4400000e+01   9.6037133e+04  -1.6954990e+06
   2.4500000e+01   1.7207230e+05  -1.9815676e+06
   2.4600000e+01   2.5025933e+05  -2.2033345e+06
   2.4700000e+01   3.0018100e+05  -2.3463878e+06
   2.4800000e+01   2.9417903e+05  -2.4002235e+06
   2.4900000e+01   2.2597370e+05  -2.3601325e+06
   2.5000000e+01   1.1560764e+05  -2.2289850e+06
   2.5100000e+01  -1.7176045e+03  -2.0206020e+06
   2.5200000e+01  -9.5305422e+04  -1.7597850e+06
   2.5300000e+01  -1.5500995e+05  -1.4744778e+06
   2.5400000e+01  -1.9373625e+05  -1.1845859e+06
   2.5500000e+01  -2.3460528e+05  -8.9770225e+05
   2.5600000e+01  -2.9154725e+05  -6.1568231e+05
   2.5700000e+01  -3.5766656e+05  -3.4440809e+05
   2.5800000e+01  -4.1022450e+05  -9.6264508e+04
   2.5900000e+01  -4.2767634e+05   1.1623827e+05
   2.6000000e+01  -4.0462256e+05   2.8777947e+05
   2.6100000e+01  -3.5349616e+05   4.2104800e+05
   2.6200000e+01  -2.9364478e+05   5.2164534e+05
   2.6300000e+01  -2.3794209e+05   5.9318738e+05
   2.6400000e+01  -1.8706262e+05   6.3710612e+05
   2.6500000e+01  -1.3424442e+05   6.5650162e+05
   2.6600000e+01  -7.5230031e+04   6.5979612e+05
   2.6700000e+01  -1.4474731e+04   6.5973175e+05
   2.6800000e+01   3.7958238e+04   6.6656594e+05
   2.6900000e+01   7.6038883e+04   6.8006969e+05
   2.7000000e+01   1.0468648e+05   6.8851925e+05
   2.7100000e+01   1.3695048e+05   6.7849869e+05
   2.7200000e+01   1.8391762e+05   6.4842712e+05
   2.7300000e+01   2.4648472e+05   6.1248425e+05
   2.7400000e+01   3.1507206e+05   5.8911256e+05
   2.7500000e+01   3.7539550e+05   5.8374100e+05
   2.7600000e+01   4.1522944e+05   5.8226925e+05
   2.7700000e+01   4.2987653e+05   5.6185519e+05
   2.7800000e+01   4.2559209e+05   5.0904312e+05
   2.7900000e+01   4.1787056e+05   4.2932566e+05
   2.8000000e+01   4.2197219e+05   3.4148872e+05
   2.8100000e+01   4.4063831e+05   2.6350378e+05
   2.8200000e+01   4.6044075e+05   2.0178519e+05
   2.8300000e+01   4.6255356e+05   1.5059853e+05
   2.8400000e+01   4.3903284e+05   1.0006573e+05
   2.8500000e+01   3.9856369e+05   4.5724168e+04
   2.8600000e+01   3.5587866e+05  -7.8782227e+03
   2.8700000e+01   3.1615819e+05  -5.2492055e+04
   2.8800000e+01   2.7065056e+05  -8.5762141e+04
   2.8900000e+01   2.0728220e+05  -1.1575672e+05
   2.9000000e+01   1.2438649e+05  -1.5491575e+05
   2.9100000e+01   3.3546992e+04  -2.0828328e+05
   2.9200000e+01  -5.0199070e+04  -2.6761203e+05
   2.9300000e+01  -1.2008289e+05  -3.1804484e+05
   2.9400000e+01  -1.8037686e+05  -3.5172384e+05
   2.9500000e+01  -2.3955356e+05  -3.7536512e+05
   2.9600000e+01  -3.0167888e+05  -4.0419456e+05
   2.9700000e+01  -3.6299675e+05  -4.4738234e+05
   2.9800000e+01  -4.1433116e+05  -4.9796028e+05
   2.9900000e+01  -4.4629306e+05  -5.3607500e+05
   3.0000000e+01  -4.5479584e+05  -5.4258338e+05
   3.0100000e+01  -4.4448034e+05  -5.1132619e+05
   3.0200000e+01  -4.2644294e+05  -4.5032881e+05
   3.0300000e+01  -4.0934381e+05  -3.7234144e+05
   3.0400000e+01  -3.9066053e+05  -2.8408212e+05
   3.0500000e+01  -3.5832497e+05  -1.8362642e+05
   3.0600000e+01  -3.0390425e+05  -6.7442164e+04
   3.0700000e+01  -2.3448970e+05   5.9792359e+04
   3.0800000e+01  -1.6941061e+05   1.8153277e+05
   3.0900000e+01  -1.2410650e+05   2.7593316e+05
   3.1000000e+01  -9.8519797e+04   3.2892631e+05
   3.1100000e+01  -8.1955742e+04   3.4450622e+05
   3.1200000e+01  -6.6621570e+04   3.4330359e+05
   3.1300000e+01  -5.2951273e+04   3.4821984e+05
   3.1400000e+01  -4.2556852e+04   3.6680797e+05
   3.1500000e+01  -3.1504824e+04   3.8507562e+05
   3.1600000e+01  -1.4829205e+04   3.7944609e+05
   3.1700000e+01   4.2657329e+03   3.3739228e+05
   3.1800000e+01   1.5553120e+04   2.6789569e+05
   3.1900000e+01   1.5189138e+04   1.9140717e+05
   3.2000000e+01   1.5407276e+04   1.1885777e+05
   3.2100000e+01   3.6239605e+04   4.0853387e+04
   3.2200000e+01   8.5835117e+04  -6.1205281e+04
   3.2300000e+01   1.5065019e+05  -1.9212564e+05
   3.2400000e+01   2.0697417e+05  -3.3034603e+05
   3.2500000e+01   2.4198345e+05  -4.3822691e+05
   3.2600000e+01   2.6247712e+05  -4.8588044e+05
   3.2700000e+01   2.8340022e+05  -4.6755444e+05
   3.2800000e+01   3.0982019e+05  -3.9871597e+05
   3.2900000e+01   3.3167034e+05  -3.0063562e+05
   3.3000000e+01   3.3558981e+05  -1.8806645e+05
   3.3100000e+01   3.1994950e+05  -6.8113297e+04
   3.3200000e+01   2.9684700e+05   5.4060230e+04
   3.3300000e+01   2.7949972e+05   1.7086900e+05
   3.3400000e+01   2.6855588e+05   2.7208122e+05
   3.3500000e+01   2.5102198e+05   3.4650575e+05
   3.3600000e+01   2.1210595e+05   3.8413631e+05
   3.3700000e+01   1.4818906e+05   3.7945366e+05
   3.3800000e+01   6.9757047e+04   3.3488981e+05
   3.3900000e+01  -6.5153076e+03   2.6061377e+05
   3.4000000e+01  -6.8741789e+04   1.6894977e+05
   3.4100000e+01  -1.1588897e+05   6.7927055e+04
   3.4200000e+01  -1.5618645e+05  -3.9499273e+04
   3.4300000e+01  -1.9998461e+05  -1.5007058e+05
   3.4400000e+01  -2.5163277e+05  -2.5554805e+05
   3.4500000e+01  -3.0554862e+05  -3.4482900e+05
   3.4600000e+01  -3.4953509e+05  -4.1057503e+05
   3.4700000e+01  -3.7316672e+05  -4.5227862e+05
   3.4800000e+01  -3.7445984e+05  -4.7167803e+05
   3.4900000e+01  -3.5933050e+05  -4.6557584e+05
   3.5000000e+01  -3.3516431e+05  -4.2471550e+05
   3.5100000e+01  -3.0513262e+05  -3.4114253e+05
   3.5200000e+01  -2.6810647e+05  -2.1712053e+05
   3.5300000e+01  -2.2277573e+05  -6.6216477e+04
   3.5400000e+01  -1.7105658e+05   9.5395039e+04
   3.5500000e+01  -1.1787556e+05   2.5923153e+05
   3.5600000e+01  -6.8220359e+04   4.2573234e+05
   3.5700000e+01  -2.3895826e+04   5.9429119e+05
   3.5800000e+01   1.7997709e+04   7.5186062e+05
   3.5900000e+01   6.3408148e+04   8.7283650e+05
   3.6000000e+01   1.1637275e+05   9.3259269e+05
   3.6100000e+01   1.7382594e+05   9.2300612e+05
   3.6200000e+01   2.2555156e+05   8.5553244e+05
   3.6300000e+01   2.6144375e+05   7.4960581e+05
   3.6400000e+01   2.8049562e+05   6.1875562e+05
   3.6500000e+01   2.9196166e+05   4.6793169e+05
   3.6600000e+01   3.0547359e+05   3.0203253e+05
   3.6700000e+01   3.1871653e+05   1.3297572e+05
   3.6800000e+01   3.1577694e+05  -2.4702539e+04
   3.6900000e+01   2.7992756e+05  -1.6523194e+05
   3.7000000e+01   2.0998891e+05  -2.9636928e+05
   3.7100000e+01   1.2485127e+05  -4.3087159e+05
   3.7200000e+01   5.1500887e+04  -5.7268025e+05
   3.7300000e+01   7.0484482e+03  -7.1123394e+05
   3.7400000e+01  -1.0331713e+04  -8.2823356e+05
   3.7500000e+01  -1.6020783e+04  -9.0913462e+05
   3.7600000e+01  -2.5848469e+04  -9.4969081e+05
   3.7700000e+01  -4.5693230e+04  -9.5507912e+05
   3.7800000e+01  -6.9277156e+04  -9.3484238e+05
   3.7900000e+01  -8.3616234e+04  -8.9634225e+05
   3.8000000e+01  -7.8590398e+04  -8.3832206e+05
   3.8100000e+01  -5.5251574e+04  -7.4879681e+05
   3.8200000e+01  -2.6486377e+04  -6.1234288e+05
   3.8300000e+01  -7.6115625e+03  -4.2479972e+05
   3.8400000e+01  -3.6771904e+03  -2.0383597e+05
   3.8500000e+01  -5.6255215e+03   1.5743980e+04
   3.8600000e+01  -3.6658691e+02   2.0017911e+05
   3.8700000e+01   1.4426429e+04   3.3398784e+05
   3.8800000e+01   2.5739504e+04   4.2282206e+05
   3.8900000e+01   1.5850535e+04   4.8171431e+05
   3.9000000e+01  -2.1728215e+04   5.2041972e+05
   3.9100000e+01  -7.5214977e+04   5.3789775e+05
   3.9200000e+01  -1.2189055e+05   5.2842950e+05
   3.9300000e+01  -1.4374458e+05   4.9177194e+05
   3.9400000e+01  -1.4022128e+05   4.3714262e+05
   3.9500000e+01  -1.2893838e+05   3.7736847e+05
   3.9600000e+01  -1.3235339e+05   3.1944266e+05
   3.9700000e+01  -1.5848736e+05   2.6158958e+05
   3.9800000e+01  -1.9116464e+05   2.0013944e+05
   3.9900000e+01  -2.0067369e+05   1.3866942e+05
   4.0000000e+01  -1.6850967e+05   8.9095148e+04
   4.0100000e+01  -1.0470621e+05   6.3266227e+04
   4.0200000e+01  -4.0637461e+04   6.3975258e+04
   4.0300000e+01  -2.7516719e+03   8.4154984e+04
   4.0400000e+01   8.6527070e+03   1.1336793e+05
   4.0500000e+01   1.6375698e+04   1.4370227e+05
   4.0600000e+01   4.3222258e+04   1.7051733e+05
   4.0700000e+01   9.1174633e+04   1.9118328e+05
   4.0800000e+01   1.4078805e+05   2.0635920e+05
   4.0900000e+01   1.6852431e+05   2.2221036e+05
   4.1000000e+01   1.6447744e+05   2.4755111e+05
   4.1100000e+01   1.3577036e+05   2.8460809e+05
   4.1200000e+01   9.6116844e+04   3.2139469e+05
   4.1300000e+01   5.3735141e+04   3.3576228e+05
   4.1400000e+01   8.3439492e+03   3.1110125e+05
   4.1500000e+01  -4.2498160e+04   2.5069114e+05
   4.1600000e+01  -9.5702078e+04   1.7643931e+05
   4.1700000e+01  -1.4106052e+05   1.1168934e+05
   4.1800000e+01  -1.6670486e+05   6.3578262e+04
   4.1900000e+01  -1.6704617e+05   2.1271770e+04
   4.2000000e+01  -1.4768038e+05  -2.9384551e+04
   4.2100000e+01  -1.2390344e+05  -9.0413711e+04
   4.2200000e+01  -1.1262935e+05  -1.5078502e+05
   4.2300000e+01  -1.2134555e+05  -1.9948880e+05
   4.2400000e+01  -1.4119405e+05  -2.3776773e+05
   4.2500000e+01  -1.5061291e+05  -2.7748594e+05
   4.2600000e+01  -1.2897837e+05  -3.2769153e+05
   4.2700000e+01  -7.0887867e+04  -3.8367328e+05
   4.2800000e+01   1.0155826e+04  -4.3007012e+05
   4.2900000e+01   9.1639188e+04  -4.5528078e+05
   4.3000000e+01   1.5723428e+05  -4.6311203e+05
   4.3100000e+01   2.0522916e+05  -4.7030588e+05
   4.3200000e+01   2.4462828e+05  -4.9219166e+05
   4.3300000e+01   2.8344534e+05  -5.2960438e+05
   4.3400000e+01   3.1908412e+05  -5.6819375e+05
   4.3500000e+01   3.3852953e+05  -5.8943825e+05
   4.3600000e+01   3.2868772e+05  -5.8320200e+05
   4.3700000e+01   2.8917778e+05  -5.5241856e+05
   4.3800000e+01   2.3656194e+05  -5.0819734e+05
   4.3900000e+01   1.9455386e+05  -4.6011191e+05
   4.4000000e+01   1.7677359e+05  -4.0801506e+05
   4.4100000e+01   1.7674138e+05  -3.4037375e+05
   4.4200000e+01   1.7460412e+05  -2.4143069e+05
   4.4300000e+01   1.5485800e+05  -1.0440343e+05
   4.4400000e+01   1.1898383e+05   5.8323043e+04
   4.4500000e+01   8.2266195e+04   2.1809986e+05
   4.4600000e+01   5.9391477e+04   3.4709259e+05
   4.4700000e+01   5.2780691e+04   4.3712819e+05
   4.4800000e+01   5.2699758e+04   5.0361038e+05
   4.4900000e+01   4.6266801e+04   5.6979050e+05
   4.5000000e+01   2.6121289e+04   6.4501112e+05
   4.5100000e+01  -7.3718672e+03   7.1660244e+05
   4.5200000e+01  -4.9867699e+04   7.6183444e+05
   4.5300000e+01  -9.8285305e+04   7.6706662e+05
   4.5400000e+01  -1.5284080e+05   7.3586662e+05
   4.5500000e+01  -2.1355744e+05   6.8093756e+05
   4.5600000e+01  -2.7387916e+05   6.1113162e+05
   4.5700000e+01  -3.1890241e+05   5.2738725e+05
   4.5800000e+01  -3.3406006e+05   4.2938450e+05
   4.5900000e+01  -3.1947459e+05   3.2284909e+05
   4.6000000e+01  -2.9539238e+05   2.1833889e+05
   4.6100000e+01  -2.8897872e+05   1.2332835e+05
   4.6200000e+01  -3.1134300e+05   3.7289227e+04
   4.6300000e+01  -3.4641344e+05  -4.4212582e+04
   4.6400000e+01  -3.6359703e+05  -1.2082968e+05
   4.6500000e+01  -3.4268562e+05  -1.8392141e+05
   4.6600000e+01  -2.8791706e+05  -2.2240630e+05
   4.6700000e+01  -2.2067794e+05  -2.3202877e+05
   4.6800000e+01  -1.6135839e+05  -2.1868580e+05
   4.6900000e+01  -1.1730523e+05  -1.9332336e+05
   4.7000000e+01  -8.2973031e+04  -1.6480552e+05
   4.7100000e+01  -4.6928738e+04  -1.3786880e+05
   4.7200000e+01   2.4565430e+02  -1.1584436e+05
   4.7300000e+01   5.9126930e+04  -1.0219058e+05
   4.7400000e+01   1.1853320e+05  -9.8010547e+04
   4.7500000e+01   1.6151047e+05  -9.9756125e+04
   4.7600000e+01   1.7932666e+05  -1.0218013e+05
   4.7700000e+01   1.8164148e+05  -1.0455579e+05
   4.7800000e+01   1.9012534e+05  -1.1247157e+05
   4.7900000e+01   2.1814247e+05  -1.3146845e+05
   4.8000000e+01   2.5570789e+05  -1.5869269e+05
   4.8100000e+01   2.7644853e+05  -1.8257636e+05
   4.8200000e+01   2.6169697e+05  -1.9252881e+05
   4.8300000e+01   2.1868786e+05  -1.8897756e+05
   4.8400000e+01   1.7513645e+05  -1.8244880e+05
   4.8500000e+01   1.5585261e+05  -1.8187398e+05
   4.8600000e+01   1.6384641e+05  -1.8470066e+05
   4.8700000e+01   1.8204578e+05  -1.8010652e+05
   4.8800000e+01   1.9068795e+05  -1.6207962e+05
   4.8900000e+01   1.8209367e+05  -1.3762180e+05
   4.9000000e+01   1.6074909e+05  -1.2052947e+05
   4.9100000e+01   1.3303434e+05  -1.1747294e+05
   4.9200000e+01   9.9616523e+04  -1.2158497e+05
   4.9300000e+01   5.7481730e+04  -1.1987674e+05
   4.9400000e+01   6.9553291e+03  -1.0553750e+05
   4.9500000e+01  -4.5169547e+04  -8.2263125e+04
   4.9600000e+01  -8.9376781e+04  -5.8263934e+04
   4.9700000e+01  -1.1942212e+05  -3.8683004e+04
   4.9800000e+01  -1.3503391e+05  -2.4281506e+04
   4.9900000e+01  -1.4065516e+05  -1.4831648e+04
   5.0000000e+01  -1.4297542e+05  -1.0622438e+04
   5.0100000e+01  -1.4848027e+05  -1.0063424e+04
   5.0200000e+01  -1.6004591e+05  -7.8099839e+03
   5.0300000e+01  -1.7351239e+05   2.7542354e+03
   5.0400000e+01  -1.7853181e+05   2.4840934e+04
   5.0500000e+01  -1.6594659e+05   5.6374461e+04
   5.0600000e+01  -1.3642647e+05   9.2288711e+04
   5.0700000e+01  -1.0130830e+05   1.2793043e+05
   5.0800000e+01  -7.3369477e+04   1.6071514e+05
   5.0900000e+01  -5.6197312e+04   1.9024191e+05
   5.1000000e+01  -4.2766789e+04   2.1797461e+05
   5.1100000e+01  -2.3837648e+04   2.4611483e+05
   5.1200000e+01   3.3911807e+03   2.7525994e+05
   5.1300000e+01   3.4585199e+04   3.0255056e+05
   5.1400000e+01   6.3854586e+04   3.2248988e+05
   5.1500000e+01   8.8149336e+04   3.2983403e+05
   5.1600000e+01   1.0697121e+05   3.2165728e+05
   5.1700000e+01   1.2048623e+05   2.9720259e+05
   5.1800000e+01   1.2960442e+05   2.5698772e+05
   5.1900000e+01   1.3685156e+05   2.0265270e+05
   5.2000000e+01   1.4445612e+05   1.3695973e+05
   5.2100000e+01   1.4968330e+05   6.3145414e+04
   5.2200000e+01   1.4272153e+05  -1.5340953e+04
   5.2300000e+01   1.1240993e+05  -9.3654578e+04
   5.2400000e+01   5.7920891e+04  -1.6450525e+05
   5.2500000e+01  -3.8541689e+03  -2.1992397e+05
   5.2600000e+01  -4.5413043e+04  -2.5558383e+05
   5.2700000e+01  -4.8432355e+04  -2.7399306e+05
   5.2800000e+01  -2.0048723e+04  -2.8339928e+05
   5.2900000e+01   1.1145791e+04  -2.9274359e+05
   5.3000000e+01   1.8429832e+04  -3.0557581e+05
   5.3100000e+01  -1.0120293e+03  -3.1650091e+05
   5.3200000e+01  -2.5794777e+04  -3.1337488e+05
   5.3300000e+01  -3.0956121e+04  -2.8581962e+05
   5.3400000e+01  -8.8731445e+03  -2.3474542e+05
   5.3500000e+01   2.7744506e+04  -1.7379214e+05
   5.3600000e+01   5.9268984e+04  -1.1919864e+05
   5.3700000e+01   7.3307039e+04  -7.6712516e+04
   5.3800000e+01   6.8423695e+04  -3.8967910e+04
   5.3900000e+01   4.9899645e+04   3.6688604e+03
   5.4000000e+01   2.5850693e+04   5.0734078e+04
   5.4100000e+01   6.3406045e+03   9.1381891e+04
   5.4200000e+01   1.2489324e+03   1.1586091e+05
   5.4300000e+01   1.4023820e+04   1.2556467e+05
   5.4400000e+01   3.5711055e+04   1.3126241e+05
   5.4500000e+01   4.7055617e+04   1.4272148e+05
   5.4600000e+01   3.0581648e+04   1.6091347e+05
   5.4700000e+01  -1.5669973e+04   1.7900586e+05
   5.4800000e+01  -7.4961469e+04   1.8865053e+05
   5.4900000e+01  -1.2347197e+05   1.8481536e+05
   5.5000000e+01  -1.4751828e+05   1.6667066e+05
   5.5100000e+01  -1.5161109e+05   1.3670338e+05
   5.5200000e+01  -1.5120373e+05   1.0025977e+05
   5.5300000e+01  -1.5846259e+05   6.4911805e+04
   5.5400000e+01  -1.7482019e+05   3.7912887e+04
   5.5500000e+01  -1.9532819e+05   2.2157211e+04
   5.5600000e+01  -2.1707919e+05   1.3981619e+04
   5.5700000e+01  -2.4105606e+05   6.0597275e+03
   5.5800000e+01  -2.6594841e+05  -5.6814360e+03
   5.5900000e+01  -2.8269922e+05  -1.7274336e+04
   5.6000000e+01  -2.7822850e+05  -1.9991965e+04
   5.6100000e+01  -2.4637077e+05  -1.0014323e+04
   5.6200000e+01  -1.9512019e+05   5.5234653e+03
   5.6300000e+01  -1.4183388e+05   1.4566288e+04
   5.6400000e+01  -9.9803703e+04   1.3873557e+04
   5.6500000e+01  -6.8323906e+04   1.5134867e+04
   5.6600000e+01  -3.5015828e+04   3.3943441e+04
   5.6700000e+01   1.2503413e+04   7.1378219e+04
   5.6800000e+01   7.6476344e+04   1.0900672e+05
   5.6900000e+01   1.4839564e+05   1.2541069e+05
   5.7000000e+01   2.1663153e+05   1.1792173e+05
   5.7100000e+01   2.7462822e+05   1.0562076e+05
   5.7200000e+01   3.2310266e+05   1.0956126e+05
   5.7300000e+01   3.6557659e+05   1.3153061e+05
   5.7400000e+01   4.0201831e+05   1.5389530e+05
   5.7500000e+01   4.2660925e+05   1.5899562e+05
   5.7600000e+01   4.3176597e+05   1.4570428e+05
   5.7700000e+01   4.1441375e+05   1.2649109e+05
   5.7800000e+01   3.7800881e+05   1.1155981e+05
   5.7900000e+01   3.2833316e+05   9.9178328e+04
   5.8000000e+01   2.6823616e+05   8.0762477e+04
   5.8100000e+01   1.9773816e+05   5.1408016e+04
   5.8200000e+01   1.1922686e+05   1.2993614e+04
   5.8300000e+01   4.0925816e+04  -3.1136410e+04
   5.8400000e+01  -2.6342984e+04  -8.0870250e+04
   5.8500000e+01  -7.6167734e+04  -1.3786658e+05
   5.8600000e+01  -1.1017018e+05  -2.0197242e+05
   5.8700000e+01  -1.3512277e+05  -2.7127319e+05
   5.8800000e+01  -1.5712930e+05  -3.4441722e+05
   5.8900000e+01  -1.7822616e+05  -4.1984175e+05
   5.9000000e+01  -1.9713922e+05  -4.9212953e+05
   5.9100000e+01  -2.1199578e+05  -5.5209975e+05
   5.9200000e+01  -2.2202402e+05  -5.9330800e+05
   5.9300000e+01  -2.2703120e+05  -6.1751800e+05
   5.9400000e+01  -2.2573717e+05  -6.3052000e+05
   5.9500000e+01  -2.1537169e+05  -6.3153569e+05
   5.9600000e+01  -1.9404800e+05  -6.0945862e+05
   5.9700000e+01  -1.6437267e+05  -5.5261288e+05
   5.9800000e+01  -1.3438477e+05  -4.6223209e+05
   5.9900000e+01  -1.1354439e+05  -3.5421231e+05
   6.0000000e+01  -1.0625850e+05  -2.4657442e+05
   6.0100000e+01  -1.0838384e+05  -1.4591447e+05
   6.0200000e+01  -1.0995020e+05  -4.6152012e+04
   6.0300000e+01  -1.0215256e+05   6.1500555e+04
   6.0400000e+01  -8.3349852e+04   1.7932773e+05
   6.0500000e+01  -5.9761191e+04   3.0278012e+05
   6.0600000e+01  -4.0453117e+04   4.2581653e+05
   6.0700000e+01  -3.0278824e+04   5.4385538e+05
   6.0800000e+01  -2.6079824e+04   6.5150850e+05
   6.0900000e+01  -1.9194559e+04   7.3944919e+05
   6.1000000e+01  -2.3128438e+03   7.9570688e+05
   6.1100000e+01   2.4911318e+04   8.1165600e+05
   6.1200000e+01   5.5842969e+04   7.8795112e+05
   6.1300000e+01   8.1954156e+04   7.3514825e+05
   6.1400000e+01   9.8862391e+04   6.6767531e+05
   6.1500000e+01   1.0940980e+05   5.9496075e+05
   6.1600000e+01   1.2227970e+05   5.1630697e+05
   6.1700000e+01   1.4670466e+05   4.2409250e+05
   6.1800000e+01   1.8565066e+05   3.1358697e+05
   6.1900000e+01   2.3187930e+05   1.9138603e+05
   6.2000000e+01   2.7101794e+05   7.4341961e+04
   6.2100000e+01   2.9077241e+05  -2.1289949e+04
   6.2200000e+01   2.8903269e+05  -9.1291109e+04
   6.2300000e+01   2.7341788e+05  -1.4485628e+05
   6.2400000e+01   2.5297875e+05  -1.9451145e+05
   6.2500000e+01   2.3103277e+05  -2.4426628e+05
   6.2600000e+01   2.0627142e+05  -2.8703912e+05
   6.2700000e+01   1.7878731e+05  -3.1263644e+05
   6.2800000e+01   1.5147342e+05  -3.1729800e+05
   6.2900000e+01   1.2395217e+05  -3.0565900e+05
   6.3000000e+01   8.7719281e+04  -2.8499650e+05
   6.3100000e+01   3.1862529e+04  -2.5930712e+05
   6.3200000e+01  -4.4072258e+04  -2.2920217e+05
   6.3300000e+01  -1.2426073e+05  -1.9580669e+05
   6.3400000e+01  -1.8620630e+05  -1.6231309e+05
   6.3500000e+01  -2.1743473e+05  -1.3068737e+05
   6.3600000e+01  -2.2299270e+05  -9.8279859e+04
   6.3700000e+01  -2.1757291e+05  -6.0377277e+04
   6.3800000e+01  -2.1192753e+05  -1.7518342e+04
   6.3900000e+01  -2.0685100e+05   2.0983773e+04
   6.4000000e+01  -1.9747402e+05   4.3371469e+04
   6.4100000e+01  -1.8009334e+05   4.6493734e+04
   6.4200000e+01  -1.5448811e+05   3.9447883e+04
   6.4300000e+01  -1.2254235e+05   3.4546219e+04
   6.4400000e+01  -8.7811953e+04   3.4467656e+04
   6.4500000e+01  -5.6981867e+04   2.9465500e+04
   6.4600000e+01  -3.9686965e+04   7.8825464e+03
   6.4700000e+01  -4.4328246e+04  -3.1214150e+04
   6.4800000e+01  -7.2523023e+04  -7.6383883e+04
   6.4900000e+01  -1.1716330e+05  -1.1399793e+05
   6.5000000e+01  -1.6594608e+05  -1.3895667e+05
   6.5100000e+01  -2.0738914e+05  -1.5551694e+05
   6.5200000e+01  -2.3489239e+05  -1.6922053e+05
   6.5300000e+01  -2.4709338e+05  -1.7965778e+05
   6.5400000e+01  -2.4593430e+05  -1.8151575e+05
   6.5500000e+01  -2.3446561e+05  -1.7206905e+05
   6.5600000e+01  -2.1520723e+05  -1.5690714e+05
   6.5700000e+01  -1.8927469e+05  -1.4763284e+05
   6.5800000e+01  -1.5667709e+05  -1.5278206e+05
   6.5900000e+01  -1.1758777e+05  -1.6951884e+05
   6.6000000e+01  -7.3109039e+04  -1.8360697e+05
   6.6100000e+01  -2.4447283e+04  -1.7870208e+05
   6.6200000e+01   2.8093949e+04  -1.4814705e+05
   6.6300000e+01   8.3766570e+04  -9.9798719e+04
   6.6400000e+01   1.3812031e+05  -4.9758133e+04
   6.6500000e+01   1.8227292e+05  -1.0030871e+04
   6.6600000e+01   2.0806355e+05   1.9839250e+04
   6.6700000e+01   2.1573683e+05   5.0739090e+04
   6.6800000e+01   2.1594244e+05   9.4039180e+04
   6.6900000e+01   2.2185392e+05   1.5236100e+05
   6.7000000e+01   2.3727630e+05   2.1795945e+05
   6.7100000e+01   2.5204145e+05   2.7839897e+05
   6.7200000e+01   2.5005594e+05   3.2361038e+05
   6.7300000e+01   2.2328322e+05   3.4909219e+05
   6.7400000e+01   1.7882738e+05   3.5492572e+05
   6.7500000e+01   1.3264159e+05   3.4363753e+05
   6.7600000e+01   9.6193031e+04   3.1896584e+05
   6.7700000e+01   6.8934320e+04   2.8491334e+05
   6.7800000e+01   4.3063656e+04   2.4408473e+05
   6.7900000e+01   1.4468461e+04   1.9632036e+05
   6.8000000e+01  -1.1858412e+04   1.3967492e+05
   6.8100000e+01  -2.6796771e+04   7.3878055e+04
   6.8200000e+01  -2.6230643e+04   3.5094883e+03
   6.8300000e+01  -1.4839548e+04  -6.2368590e+04
   6.8400000e+01  -1.8508689e+03  -1.1455813e+05
   6.8500000e+01   6.0180249e+03  -1.4883200e+05
   6.8600000e+01   8.2718701e+03  -1.6749170e+05
   6.8700000e+01   9.4845195e+03  -1.7583958e+05
   6.8800000e+01   1.5463608e+04  -1.7657097e+05
   6.8900000e+01   2.9308062e+04  -1.6731091e+05
   6.9000000e+01   4.9405289e+04  -1.4392028e+05
   6.9100000e+01   7.0949508e+04  -1.0678972e+05
   6.9200000e+01   9.0392297e+04  -6.4226551e+04
   6.9300000e+01   1.0896091e+05  -2.9321525e+04
   6.9400000e+01   1.3127186e+05  -1.2197424e+04
   6.9500000e+01   1.5972677e+05  -1.3374661e+04
   6.9600000e+01   1.8993134e+05  -2.3278617e+04
   6.9700000e+01   2.1151592e+05  -2.8652896e+04
   6.9800000e+01   2.1383273e+05  -2.1821207e+04
   6.9900000e+01   1.9259505e+05  -6.3414253e+03
   7.0000000e+01   1.5358455e+05   5.4059160e+03
   7.0100000e+01   1.1085473e+05   1.2926880e+03
   7.0200000e+01   7.8824836e+04  -2.1714262e+04
   7.0300000e+01   6.2049320e+04  -5.5736145e+04
   7.0400000e+01   5.0944961e+04  -8.7738828e+04
   7.0500000e+01   2.9319605e+04  -1.0705272e+05
   7.0600000e+01  -1.1224211e+04  -1.0881969e+05
   7.0700000e+01  -6.3414090e+04  -9.3087727e+04
   7.0800000e+01  -1.1103800e+05  -6.3365504e+04
   7.0900000e+01  -1.4326338e+05  -2.6595561e+04
   7.1000000e+01  -1.6180350e+05   7.7659824e+03
   7.1100000e+01  -1.7500411e+05   3.2082594e+04
   7.1200000e+01  -1.8737088e+05   4.6181297e+04
   7.1300000e+01  -1.9615703e+05   5.8648891e+04
   7.1400000e+01  -1.9665639e+05   8.0778750e+04
   7.1500000e+01  -1.8859259e+05   1.1712180e+05
   7.1600000e+01  -1.7738822e+05   1.6073367e+05
   7.1700000e+01  -1.7111945e+05   1.9769855e+05
   7.1800000e+01  -1.7679409e+05   2.1708527e+05
   7.1900000e+01  -1.9740262e+05   2.1733834e+05
   7.2000000e+01  -2.2998322e+05   2.0378308e+05
   7.2100000e+01  -2.6629750e+05   1.8097636e+05
   7.2200000e+01  -2.9717719e+05   1.4852844e+05
   7.2300000e+01  -3.1776391e+05   1.0450074e+05
   7.2400000e+01  -3.2891659e+05   5.1886414e+04
   7.2500000e+01  -3.3373456e+05   6.1858398e+02
   7.2600000e+01  -3.3320081e+05  -3.7432363e+04
   7.2700000e+01  -3.2502275e+05  -5.6390824e+04
   7.2800000e+01  -3.0547547e+05  -6.1257414e+04
   7.2900000e+01  -2.7164788e+05  -6.6203305e+04
   7.3000000e+01  -2.2316841e+05  -8.6243828e+04
   7.3100000e+01  -1.6393598e+05  -1.2619145e+05
   7.3200000e+01  -1.0256196e+05  -1.7463255e+05
   7.3300000e+01  -4.8840070e+04  -2.0978641e+05
   7.3400000e+01  -7.0159150e+03  -2.1509469e+05
   7.3500000e+01   2.8197633e+04  -1.9200814e+05
   7.3600000e+01   6.7662398e+04  -1.5817095e+05
   7.3700000e+01   1.1839538e+05  -1.3285059e+05
   7.3800000e+01   1.7721861e+05  -1.2366625e+05
   7.3900000e+01   2.3299778e+05  -1.2553939e+05
   7.4000000e+01   2.7454112e+05  -1.2889534e+05
   7.4100000e+01   2.9714869e+05  -1.2657574e+05
   7.4200000e+01   3.0424725e+05  -1.1494707e+05
   7.4300000e+01   3.0521138e+05  -9.3517969e+04
   7.4400000e+01   3.1087778e+05  -6.6589070e+04
   7.4500000e+01   3.2723938e+05  -4.3194555e+04
   7.4600000e+01   3.5011488e+05  -3.0740141e+04
   7.4700000e+01   3.6639241e+05  -2.6414738e+04
   7.4800000e+01   3.6375134e+05  -1.6743875e+04
   7.4900000e+01   3.4162294e+05   1.1011720e+04
   7.5000000e+01   3.1247238e+05   5.5485520e+04
   7.5100000e+01   2.9106328e+05   9.9956148e+04
   7.5200000e+01   2.8191447e+05   1.2583531e+05
   7.5300000e+01   2.7714878e+05   1.2828575e+05
   7.5400000e+01   2.6576875e+05   1.1900634e+05
   7.5500000e+01   2.4397394e+05   1.1415980e+05
   7.5600000e+01   2.1680630e+05   1.1980244e+05
   7.5700000e+01   1.9161562e+05   1.2857917e+05
   7.5800000e+01   1.7110139e+05   1.2958012e+05
   7.5900000e+01   1.5154527e+05   1.2064722e+05
   7.6000000e+01   1.2567742e+05   1.1091669e+05
   7.6100000e+01   8.7052359e+04   1.1148980e+05
   7.6200000e+01   3.4045949e+04   1.2382912e+05
   7.6300000e+01  -2.7940512e+04   1.3767498e+05
   7.6400000e+01  -8.8371148e+04   1.4059839e+05
   7.6500000e+01  -1.3807914e+05   1.2909095e+05
   7.6600000e+01  -1.7575602e+05   1.0943497e+05
   7.6700000e+01  -2.0756953e+05   8.8313000e+04
   7.6800000e+01  -2.3901753e+05   6.5333555e+04
   7.6900000e+01  -2.6729959e+05   3.7028047e+04
   7.7000000e+01  -2.8351169e+05   6.4043931e+03
   7.7100000e+01  -2.8349784e+05  -1.6503959e+04
   7.7200000e+01  -2.7524872e+05  -2.6473266e+04
   7.7300000e+01  -2.7293862e+05  -3.2708303e+04
   7.7400000e+01  -2.8230559e+05  -5.1463156e+04
   7.7500000e+01  -2.9313831e+05  -8.7595266e+04
   7.7600000e+01  -2.8860462e+05  -1.2697034e+05
   7.7700000e+01  -2.6324466e+05  -1.5061233e+05
   7.7800000e+01  -2.3093014e+05  -1.5520855e+05
   7.7900000e+01  -2.1328466e+05  -1.5579680e+05
   7.8000000e+01  -2.1917989e+05  -1.6719295e+05
   7.8100000e+01  -2.3574344e+05  -1.8604509e+05
   7.8200000e+01  -2.3999328e+05  -1.9445761e+05
   7.8300000e+01  -2.1942055e+05  -1.8045784e+05
   7.8400000e+01  -1.8147878e+05  -1.5126898e+05
   7.8500000e+01  -1.4429148e+05  -1.2459713e+05
   7.8600000e+01  -1.1979438e+05  -1.0869600e+05
   7.8700000e+01  -1.0579988e+05  -9.3809453e+04
   7.8800000e+01  -9.1554398e+04  -6.3507035e+04
   7.8900000e+01  -6.7756688e+04  -1.2163272e+04
   7.9000000e+01  -3.1291523e+04   5.0337816e+04
   7.9100000e+01   1.5841703e+04   1.0953965e+05
   7.9200000e+01   6.8452328e+04   1.5843567e+05
   7.9300000e+01   1.1937382e+05   1.9714116e+05
   7.9400000e+01   1.6231884e+05   2.2374220e+05
   7.9500000e+01   1.9590792e+05   2.3119642e+05
   7.9600000e+01   2.2404345e+05   2.1659548e+05
   7.9700000e+01   2.5069920e+05   1.9125088e+05
   7.9800000e+01   2.7485081e+05   1.7605684e+05
   7.9900000e+01   2.9230188e+05   1.8318569e+05
   8.0000000e+01   3.0239341e+05   2.0294616e+05
   8.0100000e+01   3.1034322e+05   2.1110398e+05
   8.0200000e+01   3.2088347e+05   1.8996792e+05
   8.0300000e+01   3.3036616e+05   1.4175925e+05
   8.0400000e+01   3.2759225e+05   8.2319859e+04
   8.0500000e+01   3.0386038e+05   2.4912596e+04
   8.0600000e+01   2.6200753e+05  -2.7857291e+04
   8.0700000e+01   2.1510248e+05  -7.8673641e+04
   8.0800000e+01   1.7620917e+05  -1.2726128e+05
   8.0900000e+01   1.4898259e+05  -1.6996680e+05
   8.1000000e+01   1.2700193e+05  -2.0514350e+05
   8.1100000e+01   1.0113141e+05  -2.3485475e+05
   8.1200000e+01   6.7454516e+04  -2.6001891e+05
   8.1300000e+01   2.8710160e+04  -2.7633991e+05
   8.1400000e+01  -1.1329746e+04  -2.7797241e+05
   8.1500000e+01  -5.4160348e+04  -2.6550597e+05
   8.1600000e+01  -1.0624712e+05  -2.4825350e+05
   8.1700000e+01  -1.7161548e+05  -2.3673050e+05
   8.1800000e+01  -2.4481130e+05  -2.3260662e+05
   8.1900000e+01  -3.1201159e+05  -2.2667855e+05
   8.2000000e+01  -3.5962866e+05  -2.0686988e+05
   8.2100000e+01  -3.8198141e+05  -1.6801319e+05
   8.2200000e+01  -3.8145344e+05  -1.1454584e+05
   8.2300000e+01  -3.6330881e+05  -5.5824156e+04
   8.2400000e+01  -3.3214116e+05  -8.7947266e+02
   8.2500000e+01  -2.9267594e+05   4.2646746e+04
   8.2600000e+01  -2.5094409e+05   6.7981055e+04
   8.2700000e+01  -2.1179661e+05   7.2117969e+04
   8.2800000e+01  -1.7494825e+05   6.1224699e+04
   8.2900000e+01  -1.3537306e+05   5.1255863e+04
   8.3000000e+01  -8.9403500e+04   5.9152090e+04
   8.3100000e+01  -4.0527031e+04   9.0328148e+04
   8.3200000e+01   1.9484968e+03   1.3425286e+05
   8.3300000e+01   3.0727656e+04   1.7335381e+05
   8.3400000e+01   4.6901566e+04   1.9732748e+05
   8.3500000e+01   5.8338961e+04   2.0957231e+05
   8.3600000e+01   7.2198422e+04   2.2076673e+05
   8.3700000e+01   8.9570430e+04   2.3720605e+05
   8.3800000e+01   1.0701478e+05   2.5515742e+05
   8.3900000e+01   1.2181558e+05   2.6500575e+05
   8.4000000e+01   1.3451008e+05   2.5974412e+05
   8.4100000e+01   1.4661020e+05   2.4017850e+05
   8.4200000e+01   1.5733703e+05   2.1373634e+05
   8.4300000e+01   1.6374397e+05   1.8913041e+05
   8.4400000e+01   1.6407316e+05   1.7133295e+05
   8.4500000e+01   1.6044780e+05   1.6011970e+05
   8.4600000e+01   1.5798955e+05   1.5222530e+05
   8.4700000e+01   1.6127397e+05   1.4424341e+05
   8.4800000e+01   1.7128180e+05   1.3355575e+05
   8.4900000e+01   1.8487888e+05   1.1780272e+05
   8.5000000e+01   1.9637894e+05   9.5494094e+04
   8.5100000e+01   1.9966881e+05   6.7985805e+04
   8.5200000e+01   1.9004888e+05   3.9487922e+04
   8.5300000e+01   1.6561038e+05   1.3114924e+04
   8.5400000e+01   1.2772131e+05  -1.3287211e+04
   8.5500000e+01   8.0171578e+04  -4.5683414e+04
   8.5600000e+01   2.7628902e+04  -8.6814633e+04
   8.5700000e+01  -2.5124838e+04  -1.3098491e+05
   8.5800000e+01  -7.3015195e+04  -1.6717970e+05
   8.5900000e+01  -1.1146540e+05  -1.8815103e+05
   8.6000000e+01  -1.3927630e+05  -1.9653186e+05
   8.6100000e+01  -1.6086094e+05  -2.0214739e+05
   8.6200000e+01  -1.8344516e+05  -2.1350170e+05
   8.6300000e+01  -2.0950245e+05  -2.3143398e+05
   8.6400000e+01  -2.3146227e+05  -2.5007898e+05
   8.6500000e+01  -2.3565511e+05  -2.6334822e+05
   8.6600000e+01  -2.1353286e+05  -2.7052034e+05
   8.6700000e+01  -1.6978450e+05  -2.7564184e+05
   8.6800000e+01  -1.1929914e+05  -2.8139272e+05
   8.6900000e+01  -7.6078016e+04  -2.8390784e+05
   8.7000000e+01  -4.4750664e+04  -2.7487222e+05
   8.7100000e+01  -2.1326201e+04  -2.4991642e+05
   8.7200000e+01   8.2149170e+01  -2.1481083e+05
   8.7300000e+01   2.2070426e+04  -1.8192856e+05
   8.7400000e+01   4.3386965e+04  -1.5919202e+05
   8.7500000e+01   6.0638023e+04  -1.4215489e+05
   8.7600000e+01   7.0057297e+04  -1.1747272e+05
   8.7700000e+01   7.0026461e+04  -7.4928523e+04
   8.7800000e+01   6.4170434e+04  -1.6965586e+04
   8.7900000e+01   6.1202879e+04   4.2590148e+04
   8.8000000e+01   6.8678797e+04   8.8790688e+04
   8.8100000e+01   8.5112703e+04   1.1557298e+05
   8.8200000e+01   9.9494906e+04   1.2771752e+05
   8.8300000e+01   1.0078842e+05   1.3470417e+05
   8.8400000e+01   8.8236719e+04   1.4305820e+05
   8.8500000e+01   7.0906312e+04   1.5384272e+05
   8.8600000e+01   5.6482121e+04   1.6602792e+05
   8.8700000e+01   4.1895531e+04   1.8048897e+05
   8.8800000e+01   1.6634320e+04   1.9935861e+05
   8.8900000e+01  -2.4647127e+04   2.2135795e+05
   8.9000000e+01  -7.3646523e+04   2.3897959e+05
   8.9100000e+01  -1.1248256e+05   2.4189453e+05
   8.9200000e+01  -1.2581556e+05   2.2426130e+05
   8.9300000e+01  -1.1022575e+05   1.8934781e+05
   8.9400000e+01  -7.4790531e+04   1.4754180e+05
   8.9500000e+01  -3.4737738e+04   1.0986574e+05
   8.9600000e+01  -3.4310771e+03   8.2056844e+04
   8.9700000e+01   1.3019600e+04   6.2636285e+04
   8.9800000e+01   1.6208718e+04   4.5497957e+04
   8.9900000e+01   1.1276654e+04   2.5568197e+04
   9.0000000e+01   2.0116777e+03   4.1592881e+03
   9.0100000e+01  -9.8974062e+03  -1.0681401e+04
   9.0200000e+01  -2.1182000e+04  -1.0893398e+04
   9.0300000e+01  -2.4737676e+04   2.5833145e+03
   9.0400000e+01  -1.3942504e+04   1.7596727e+04
   9.0500000e+01   9.6416641e+03   1.9440174e+04
   9.0600000e+01   3.4244875e+04   3.4617002e+03
   9.0700000e+01   4.5449613e+04  -2.0377242e+04
   9.0800000e+01   3.6534797e+04  -3.5705418e+04
   9.0900000e+01   1.1826408e+04  -3.3160504e+04
   9.1000000e+01  -1.8438436e+04  -1.7120928e+04
   9.1100000e+01  -4.4631102e+04  -9.7588733e+02
   9.1200000e+01  -5.9956914e+04   3.6660125e+03
   9.1300000e+01  -6.0216516e+04  -5.2519556e+03
   9.1400000e+01  -4.5153172e+04  -2.0441561e+04
   9.1500000e+01  -2.0255201e+04  -3.1707949e+04
   9.1600000e+01   5.3817754e+03  -3.2798465e+04
   9.1700000e+01   2.4913615e+04  -2.3578949e+04
   9.1800000e+01   3.7207770e+04  -7.1356357e+03
   9.1900000e+01   4.3938762e+04   1.3909764e+04
   9.2000000e+01   4.4532453e+04   3.7721766e+04
   9.2100000e+01   3.6319305e+04   6.1162395e+04
   9.2200000e+01   2.0533715e+04   7.9853172e+04
   9.2300000e+01   6.3797183e+03   9.1648562e+04
   9.2400000e+01   6.0547686e+03   9.8750516e+04
   9.2500000e+01   2.3432342e+04   1.0423777e+05
   9.2600000e+01   4.7373629e+04   1.0659914e+05
   9.2700000e+01   5.7944172e+04   1.0008306e+05
   9.2800000e+01   4.1952156e+04   8.1761273e+04
   9.2900000e+01   4.5361074e+03   5.6458148e+04
   9.3000000e+01  -3.4015879e+04   3.2245959e+04
   9.3100000e+01  -5.3866066e+04   1.1444600e+04
   9.3200000e+01  -4.9875121e+04  -1.1353723e+04
   9.3300000e+01  -3.2541090e+04  -4.1578066e+04
   9.3400000e+01  -1.6816555e+04  -7.7510695e+04
   9.3500000e+01  -1.0646073e+04  -1.1309423e+05
   9.3600000e+01  -1.2806568e+04  -1.4643491e+05
   9.3700000e+01  -1.8750164e+04  -1.8172262e+05
   9.3800000e+01  -2.6317193e+04  -2.2116033e+05
   9.3900000e+01  -3.6182812e+04  -2.5758409e+05
   9.4000000e+01  -4.8726301e+04  -2.7886722e+05
   9.4100000e+01  -6.1584594e+04  -2.8077688e+05
   9.4200000e+01  -6.9876781e+04  -2.7357641e+05
   9.4300000e+01  -6.8482469e+04  -2.7356275e+05
   9.4400000e+01  -5.4910332e+04  -2.8729459e+05
   9.4500000e+01  -3.1054414e+04  -3.0460875e+05
   9.4600000e+01  -2.4284988e+03  -3.0754547e+05
   9.4700000e+01   2.4586068e+04  -2.8618088e+05
   9.4800000e+01   4.4913734e+04  -2.4618334e+05
   9.4900000e+01   5.5004848e+04  -2.0213766e+05
   9.5000000e+01   5.3174445e+04  -1.6453506e+05
   9.5100000e+01   4.2235953e+04  -1.3274692e+05
   9.5200000e+01   3.1689973e+04  -9.8695484e+04
   9.5300000e+01   3.3815770e+04  -5.5868262e+04
   9.5400000e+01   5.3754078e+04  -5.3540283e+03
   9.5500000e+01   8.2756781e+04   4.5021023e+04
   9.5600000e+01   1.0353292e+05   8.6682102e+04
   9.5700000e+01   1.0447468e+05   1.1682367e+05
   9.5800000e+01   8.9057055e+04   1.4090128e+05
   9.5900000e+01   7.1251195e+04   1.6886384e+05
   9.6000000e+01   6.2651684e+04   2.0731025e+05
   9.6100000e+01   6.4630500e+04   2.5365062e+05
   9.6200000e+01   7.1168391e+04   2.9735569e+05
   9.6300000e+01   7.6008523e+04   3.2725022e+05
   9.6400000e+01   7.5909016e+04   3.3848438e+05
   9.6500000e+01   6.9579086e+04   3.3383191e+05
   9.6600000e+01   5.7086828e+04   3.1962991e+05
   9.6700000e+01   4.1107656e+04   3.0069791e+05
   9.6800000e+01   2.6524271e+04   2.7795331e+05
   9.6900000e+01   1.6727029e+04   2.4954291e+05
   9.7000000e+01   1.0533574e+04   2.1404880e+05
   9.7100000e+01   4.0727178e+03   1.7313905e+05
   9.7200000e+01  -4.0661787e+03   1.3114788e+05
   9.7300000e+01  -1.0573604e+04   9.1644234e+04
   9.7400000e+01  -1.1067541e+04   5.4688992e+04
   9.7500000e+01  -5.8759204e+03   1.8483473e+04
   9.7600000e+01  -1.7945234e+03  -1.6132375e+04
   9.7700000e+01  -7.7276787e+03  -4.4223988e+04
   9.7800000e+01  -2.7656367e+04  -6.0876406e+04
   9.7900000e+01  -5.6383715e+04  -6.5734438e+04
   9.8000000e+01  -8.1407477e+04  -6.1733160e+04
   9.8100000e+01  -9.0118148e+04  -5.0042523e+04
   9.8200000e+01  -7.7623422e+04  -2.9477441e+04
   9.8300000e+01  -4.9523266e+04  -2.5513545e+03
   9.8400000e+01  -1.7728982e+04   2.0777746e+04
   9.8500000e+01   6.5705566e+03   3.0089148e+04
   9.8600000e+01   1.6697904e+04   2.6405654e+04
   9.8700000e+01   9.6240430e+03   2.3766178e+04
   9.8800000e+01  -1.5256955e+04   3.5470645e+04
   9.8900000e+01  -5.4251539e+04   5.9132988e+04
   9.9000000e+01  -9.7160672e+04   7.8010930e+04
   9.9100000e+01  -1.3011587e+05   7.7701719e+04
   9.9200000e+01  -1.4327962e+05   5.9326445e+04
   9.9300000e+01  -1.3654972e+05   3.5103109e+04
   9.9400000e+01  -1.1777496e+05   1.3521934e+04
   9.9500000e+01  -9.5908312e+04  -7.3845913e+03
   9.9600000e+01  -7.5952062e+04  -3.1924316e+04
   9.9700000e+01  -5.8826449e+04  -5.5749410e+04
   9.9800000e+01  -4.3635191e+04  -6.6472211e+04
   9.9900000e+01  -2.9283059e+04  -5.5461891e+04
   1.0000000e+02  -1.5157599e+04  -2.7741496e+04
