   1.1851270e+02   3.6301420e+01   1.8450000e+02
   1.1891317e+02   3.6851241e+01   1.5500000e+01
   0.0000000e+00  -1.0523520e+06  -1.0523520e+06
   1.0000000e-01  -9.5476075e+05  -9.4983875e+05
   2.0000000e-01  -7.3174294e+05  -7.0491038e+05
   3.0000000e-01  -5.2613256e+05  -4.5625144e+05
   4.0000000e-01  -4.3151862e+05  -3.0721975e+05
   5.0000000e-01  -4.3088694e+05  -2.5519133e+05
   6.0000000e-01  -4.3717844e+05  -2.2315619e+05
   7.0000000e-01  -3.8233600e+05  -1.4619147e+05
   8.0000000e-01  -2.6829122e+05  -2.3157477e+04
   9.0000000e-01  -1.4657922e+05   1.0313114e+05
   1.0000000e+00  -6.4252547e+04   1.9689933e+05
   1.1000000e+00  -3.1640922e+04   2.5341003e+05
   1.2000000e+00  -2.9983719e+04   2.8364950e+05
   1.3000000e+00  -3.5537734e+04   2.9266662e+05
   1.4000000e+00  -3.1948250e+04   2.8026069e+05
   1.5000000e+00  -7.3263750e+03   2.5583978e+05
   1.6000000e+00   4.8148805e+04   2.4048823e+05
   1.7000000e+00   1.3438570e+05   2.4890025e+05
   1.8000000e+00   2.3292516e+05   2.7302738e+05
   1.9000000e+00   3.1389106e+05   2.9015088e+05
   2.0000000e+00   3.5823897e+05   2.8940216e+05
   2.1000000e+00   3.7469984e+05   2.8724759e+05
   2.2000000e+00   3.9167216e+05   3.1270469e+05
   2.3000000e+00   4.2939919e+05   3.7629194e+05
   2.4000000e+00   4.8055859e+05   4.5558803e+05
   2.5000000e+00   5.2037272e+05   5.1342969e+05
   2.6000000e+00   5.3552981e+05   5.3058712e+05
   2.7000000e+00   5.3973619e+05   5.2013500e+05
   2.8000000e+00   5.5823012e+05   5.1042850e+05
   2.9000000e+00   5.9842788e+05   5.1544138e+05
   3.0000000e+00   6.3897444e+05   5.2180938e+05
   3.1000000e+00   6.4776056e+05   5.0240116e+05
   3.2000000e+00   6.0747925e+05   4.3939862e+05
   3.3000000e+00   5.2259322e+05   3.3391994e+05
   3.4000000e+00   4.0699803e+05   1.9773100e+05
   3.5000000e+00   2.7338141e+05   4.2497633e+04
   3.6000000e+00   1.3657302e+05  -1.1971309e+05
   3.7000000e+00   1.8179865e+04  -2.7064669e+05
   3.8000000e+00  -6.5515445e+04  -3.9159272e+05
   3.9000000e+00  -1.2576244e+05  -4.8218672e+05
   4.0000000e+00  -2.0373459e+05  -5.6958312e+05
   4.1000000e+00  -3.3642234e+05  -6.8655662e+05
   4.2000000e+00  -5.1132538e+05  -8.3119275e+05
   4.3000000e+00  -6.5828475e+05  -9.5072162e+05
   4.4000000e+00  -6.9756538e+05  -9.7633812e+05
   4.5000000e+00  -6.0631994e+05  -8.8325112e+05
   4.6000000e+00  -4.4145819e+05  -7.1773962e+05
   4.7000000e+00  -2.9536062e+05  -5.6148156e+05
   4.8000000e+00  -2.2446634e+05  -4.6587762e+05
   4.9000000e+00  -2.1437498e+05  -4.1828206e+05
   5.0000000e+00  -2.0665986e+05  -3.6730538e+05
   5.1000000e+00  -1.5487380e+05  -2.7548759e+05
   5.2000000e+00  -5.7965996e+04  -1.4721894e+05
   5.3000000e+00   4.9850168e+04  -1.3281629e+04
   5.4000000e+00   1.3184628e+05   1.0166078e+05
   5.5000000e+00   1.7128258e+05   1.9307403e+05
   5.6000000e+00   1.7117208e+05   2.6498006e+05
   5.7000000e+00   1.4277817e+05   3.1472712e+05
   5.8000000e+00   9.8512938e+04   3.3495281e+05
   5.9000000e+00   5.2184109e+04   3.2884347e+05
   6.0000000e+00   1.8359703e+04   3.1707241e+05
   6.1000000e+00   5.0046992e+03   3.2382322e+05
   6.2000000e+00   4.8431641e+03   3.5419888e+05
   6.3000000e+00  -3.0671641e+03   3.8779681e+05
   6.4000000e+00  -3.8005047e+04   3.9810153e+05
   6.5000000e+00  -1.0020895e+05   3.7945856e+05
   6.6000000e+00  -1.6881483e+05   3.5323581e+05
   6.7000000e+00  -2.1934731e+05   3.4554000e+05
   6.8000000e+00  -2.4458347e+05   3.5979844e+05
   6.9000000e+00  -2.5741797e+05   3.7434322e+05
   7.0000000e+00  -2.7255541e+05   3.6824338e+05
   7.1000000e+00  -2.8707131e+05   3.4665584e+05
   7.2000000e+00  -2.8191831e+05   3.3643175e+05
   7.3000000e+00  -2.4357128e+05   3.5573694e+05
   7.4000000e+00  -1.8211328e+05   3.9108288e+05
   7.5000000e+00  -1.2517644e+05   4.0712838e+05
   7.6000000e+00  -9.3309094e+04   3.7802931e+05
   7.7000000e+00  -8.2276359e+04   3.0652153e+05
   7.8000000e+00  -6.9392445e+04   2.1376708e+05
   7.9000000e+00  -3.4704332e+04   1.1716999e+05
   8.0000000e+00   2.5752268e+04   2.2992512e+04
   8.1000000e+00   1.0395671e+05  -6.3771965e+04
   8.2000000e+00   1.8859264e+05  -1.3409739e+05
   8.3000000e+00   2.6376775e+05  -1.8731503e+05
   8.4000000e+00   3.0292050e+05  -2.4433925e+05
   8.5000000e+00   2.7695325e+05  -3.3559975e+05
   8.6000000e+00   1.8103325e+05  -4.6615222e+05
   8.7000000e+00   5.5534797e+04  -5.9426100e+05
   8.8000000e+00  -2.9317484e+04  -6.5466288e+05
   8.9000000e+00  -2.3507188e+04  -6.1323812e+05
   9.0000000e+00   5.9238609e+04  -5.0286862e+05
   9.1000000e+00   1.4781392e+05  -4.0287522e+05
   9.2000000e+00   1.7001942e+05  -3.7655528e+05
   9.3000000e+00   1.1120077e+05  -4.2146431e+05
   9.4000000e+00   2.3924766e+04  -4.7575419e+05
   9.5000000e+00  -1.8256453e+04  -4.7262350e+05
   9.6000000e+00   1.9294906e+04  -3.9292612e+05
   9.7000000e+00   1.0929552e+05  -2.7174800e+05
   9.8000000e+00   1.9044786e+05  -1.6020103e+05
   9.9000000e+00   2.1631153e+05  -8.3385953e+04
   1.0000000e+01   1.8318394e+05  -3.1974090e+04
   1.0100000e+01   1.2035213e+05   1.4135752e+04
   1.0200000e+01   6.0377094e+04   6.2528492e+04
   1.0300000e+01   1.8773072e+04   1.0904231e+05
   1.0400000e+01  -4.3404219e+03   1.5283344e+05
   1.0500000e+01  -1.1978492e+04   1.9993341e+05
   1.0600000e+01  -5.1751641e+03   2.4897259e+05
   1.0700000e+01   1.1621203e+04   2.8051219e+05
   1.0800000e+01   2.6824703e+04   2.7010622e+05
   1.0900000e+01   2.9324414e+04   2.1515134e+05
   1.1000000e+01   2.0277094e+04   1.4482444e+05
   1.1100000e+01   1.3283078e+04   9.8667734e+04
   1.1200000e+01   1.9861188e+04   9.4621766e+04
   1.1300000e+01   3.6709090e+04   1.1950786e+05
   1.1400000e+01   5.1616488e+04   1.4959406e+05
   1.1500000e+01   6.2397508e+04   1.7611186e+05
   1.1600000e+01   8.4766305e+04   2.0814044e+05
   1.1700000e+01   1.3606358e+05   2.5370569e+05
   1.1800000e+01   2.1154803e+05   3.0428512e+05
   1.1900000e+01   2.8187206e+05   3.4091150e+05
   1.2000000e+01   3.1734391e+05   3.5303131e+05
   1.2100000e+01   3.1322672e+05   3.4737991e+05
   1.2200000e+01   2.8904512e+05   3.3796806e+05
   1.2300000e+01   2.6518541e+05   3.3089681e+05
   1.2400000e+01   2.4442441e+05   3.2190188e+05
   1.2500000e+01   2.1578970e+05   3.0696184e+05
   1.2600000e+01   1.6935153e+05   2.8948584e+05
   1.2700000e+01   1.0095745e+05   2.7210272e+05
   1.2800000e+01   5.2938438e+03   2.4196323e+05
   1.2900000e+01  -1.2502884e+05   1.7100841e+05
   1.3000000e+01  -2.8494422e+05   3.9832195e+04
   1.3100000e+01  -4.4295544e+05  -1.3401016e+05
   1.3200000e+01  -5.5178656e+05  -2.9545731e+05
   1.3300000e+01  -5.8403900e+05  -3.9050719e+05
   1.3400000e+01  -5.6213738e+05  -4.1513584e+05
   1.3500000e+01  -5.4909144e+05  -4.2646712e+05
   1.3600000e+01  -5.9965981e+05  -4.9617625e+05
   1.3700000e+01  -7.1063700e+05  -6.4181481e+05
   1.3800000e+01  -8.1564694e+05  -8.0037375e+05
   1.3900000e+01  -8.3388562e+05  -8.7469275e+05
   1.4000000e+01  -7.3389994e+05  -8.1439750e+05
   1.4100000e+01  -5.5772312e+05  -6.5739438e+05
   1.4200000e+01  -3.8497666e+05  -4.9453984e+05
   1.4300000e+01  -2.7041891e+05  -3.9341806e+05
   1.4400000e+01  -2.1023497e+05  -3.5256847e+05
   1.4500000e+01  -1.6117548e+05  -3.2127347e+05
   1.4600000e+01  -8.5626461e+04  -2.5439408e+05
   1.4700000e+01   2.2600379e+04  -1.4579084e+05
   1.4800000e+01   1.4769177e+05  -1.7560875e+04
   1.4900000e+01   2.7326756e+05   1.0932308e+05
   1.5000000e+01   3.8811938e+05   2.2737950e+05
   1.5100000e+01   4.7783419e+05   3.3277719e+05
   1.5200000e+01   5.2513562e+05   4.1584291e+05
   1.5300000e+01   5.2693931e+05   4.6781838e+05
   1.5400000e+01   5.0678291e+05   4.9335950e+05
   1.5500000e+01   4.9975056e+05   5.0895966e+05
   1.5600000e+01   5.1958622e+05   5.2628656e+05
   1.5700000e+01   5.4394269e+05   5.4024200e+05
   1.5800000e+01   5.3748075e+05   5.3689788e+05
   1.5900000e+01   4.8989612e+05   5.1219006e+05
   1.6000000e+01   4.2764584e+05   4.7877731e+05
   1.6100000e+01   3.8705794e+05   4.5225306e+05
   1.6200000e+01   3.7898169e+05   4.3218819e+05
   1.6300000e+01   3.8225875e+05   3.9988381e+05
   1.6400000e+01   3.6932038e+05   3.3656231e+05
   1.6500000e+01   3.3348044e+05   2.4373653e+05
   1.6600000e+01   2.9060228e+05   1.4504278e+05
   1.6700000e+01   2.5889586e+05   6.7439141e+04
   1.6800000e+01   2.4175869e+05   1.9858070e+04
   1.6900000e+01   2.2928803e+05  -1.0809266e+04
   1.7000000e+01   2.1046528e+05  -4.4536844e+04
   1.7100000e+01   1.7855141e+05  -9.1288422e+04
   1.7200000e+01   1.2530105e+05  -1.4968062e+05
   1.7300000e+01   3.7497586e+04  -2.1780728e+05
   1.7400000e+01  -9.0720977e+04  -2.9613659e+05
   1.7500000e+01  -2.3742912e+05  -3.7349000e+05
   1.7600000e+01  -3.5166112e+05  -4.1637219e+05
   1.7700000e+01  -3.8846506e+05  -3.8945534e+05
   1.7800000e+01  -3.5755744e+05  -2.9974775e+05
   1.7900000e+01  -3.3349591e+05  -2.1484725e+05
   1.8000000e+01  -3.9967881e+05  -2.1653083e+05
   1.8100000e+01  -5.6614719e+05  -3.1957581e+05
   1.8200000e+01  -7.4227738e+05  -4.3859659e+05
   1.8300000e+01  -8.0343912e+05  -4.5076859e+05
   1.8400000e+01  -6.9751438e+05  -3.0436100e+05
   1.8500000e+01  -4.9107988e+05  -6.8407969e+04
   1.8600000e+01  -3.1125625e+05   1.2614130e+05
   1.8700000e+01  -2.4096747e+05   1.9527064e+05
   1.8800000e+01  -2.6510150e+05   1.5761744e+05
   1.8900000e+01  -3.0604925e+05   9.5775984e+04
   1.9000000e+01  -2.9965469e+05   7.5745734e+04
   1.9100000e+01  -2.3748748e+05   1.0386880e+05
   1.9200000e+01  -1.5067672e+05   1.4639545e+05
   1.9300000e+01  -6.9469703e+04   1.7294522e+05
   1.9400000e+01  -2.4401406e+03   1.7650834e+05
   1.9500000e+01   5.4954641e+04   1.6222255e+05
   1.9600000e+01   1.0443520e+05   1.3133981e+05
   1.9700000e+01   1.4259503e+05   8.2316727e+04
   1.9800000e+01   1.7040753e+05   2.3143023e+04
   1.9900000e+01   1.9763262e+05  -2.6183320e+04
   2.0000000e+01   2.3317838e+05  -4.9165562e+04
   2.0100000e+01   2.7208631e+05  -5.0425070e+04
   2.0200000e+01   2.9703181e+05  -5.3128094e+04
   2.0300000e+01   2.9661112e+05  -7.4508391e+04
   2.0400000e+01   2.8093506e+05  -1.0406219e+05
   2.0500000e+01   2.7437975e+05  -1.1007100e+05
   2.0600000e+01   2.9033500e+05  -7.0806555e+04
   2.0700000e+01   3.1550994e+05   2.0646328e+03
   2.0800000e+01   3.2285525e+05   7.4259906e+04
   2.0900000e+01   2.9982988e+05   1.2299553e+05
   2.1000000e+01   2.6042647e+05   1.5675294e+05
   2.1100000e+01   2.2775445e+05   1.9865616e+05
   2.1200000e+01   2.0785853e+05   2.5294847e+05
   2.1300000e+01   1.8483553e+05   2.9359534e+05
   2.1400000e+01   1.4157198e+05   2.8842356e+05
   2.1500000e+01   8.0457703e+04   2.3107269e+05
   2.1600000e+01   1.9562992e+04   1.4473994e+05
   2.1700000e+01  -2.9602352e+04   5.5980965e+04
   2.1800000e+01  -7.3280062e+04  -2.7711234e+04
   2.1900000e+01  -1.1955356e+05  -1.0988862e+05
   2.2000000e+01  -1.5566353e+05  -1.8151719e+05
   2.2100000e+01  -1.5336311e+05  -2.1971116e+05
   2.2200000e+01  -1.0589030e+05  -2.1860419e+05
   2.2300000e+01  -5.5041336e+04  -2.1452009e+05
   2.2400000e+01  -6.5558273e+04  -2.6318325e+05
   2.2500000e+01  -1.5971592e+05  -3.8006203e+05
   2.2600000e+01  -2.7907719e+05  -5.0671212e+05
   2.2700000e+01  -3.2410281e+05  -5.4958462e+05
   2.2800000e+01  -2.4277852e+05  -4.6281722e+05
   2.2900000e+01  -8.2187203e+04  -2.9473941e+05
   2.3000000e+01   5.0122766e+04  -1.4993061e+05
   2.3100000e+01   7.7456312e+04  -1.0246897e+05
   2.3200000e+01   1.0334203e+04  -1.4220500e+05
   2.3300000e+01  -7.8134938e+04  -1.9850138e+05
   2.3400000e+01  -1.2175487e+05  -2.0932144e+05
   2.3500000e+01  -1.0555884e+05  -1.6752828e+05
   2.3600000e+01  -5.5011473e+04  -1.0951770e+05
   2.3700000e+01   8.8706641e+02  -7.0352625e+04
   2.3800000e+01   4.9104520e+04  -5.3924602e+04
   2.3900000e+01   8.4407734e+04  -4.0665969e+04
   2.4000000e+01   9.7051172e+04  -1.4248266e+04
   2.4100000e+01   7.7767586e+04   2.4860148e+04
   2.4200000e+01   3.3725777e+04   6.9299297e+04
   2.4300000e+01  -7.9219922e+03   1.2015598e+05
   2.4400000e+01  -1.9285070e+04   1.8639122e+05
   2.4500000e+01   2.9136094e+03   2.6967325e+05
   2.4600000e+01   3.2743680e+04   3.5573238e+05
   2.4700000e+01   3.8896383e+04   4.2572341e+05
   2.4800000e+01   1.5027914e+04   4.7531394e+05
   2.4900000e+01  -1.3993391e+04   5.1784169e+05
   2.5000000e+01  -1.7405047e+04   5.6641300e+05
   2.5100000e+01   9.7182266e+03   6.1604675e+05
   2.5200000e+01   4.1380891e+04   6.4777500e+05
   2.5300000e+01   4.8422801e+04   6.5006150e+05
   2.5400000e+01   3.0453102e+04   6.3166850e+05
   2.5500000e+01   1.7661805e+04   6.1063194e+05
   2.5600000e+01   3.9391117e+04   5.9297606e+05
   2.5700000e+01   9.2035562e+04   5.6634612e+05
   2.5800000e+01   1.4010241e+05   5.1450350e+05
   2.5900000e+01   1.4897014e+05   4.3373741e+05
   2.6000000e+01   1.1480010e+05   3.3246381e+05
   2.6100000e+01   6.2787492e+04   2.1855055e+05
   2.6200000e+01   2.1228949e+04   9.4281922e+04
   2.6300000e+01   2.2164824e+03  -3.3583840e+04
   2.6400000e+01   4.4235244e+03  -1.4509820e+05
   2.6500000e+01   2.2998234e+04  -2.1909544e+05
   2.6600000e+01   4.7324035e+04  -2.5969216e+05
   2.6700000e+01   5.3137941e+04  -3.0650284e+05
   2.6800000e+01   1.2047266e+04  -4.0701503e+05
   2.6900000e+01  -7.9226453e+04  -5.6899825e+05
   2.7000000e+01  -1.8089672e+05  -7.3930638e+05
   2.7100000e+01  -2.3284703e+05  -8.3769638e+05
   2.7200000e+01  -2.0482870e+05  -8.2213506e+05
   2.7300000e+01  -1.2580557e+05  -7.2690106e+05
   2.7400000e+01  -6.0771094e+04  -6.3554356e+05
   2.7500000e+01  -5.5914836e+04  -6.1092325e+05
   2.7600000e+01  -1.0379591e+05  -6.4559850e+05
   2.7700000e+01  -1.5751186e+05  -6.7623619e+05
   2.7800000e+01  -1.7444847e+05  -6.4454381e+05
   2.7900000e+01  -1.4707903e+05  -5.4544112e+05
   2.8000000e+01  -9.8377422e+04  -4.2104556e+05
   2.8100000e+01  -5.5391973e+04  -3.1505559e+05
   2.8200000e+01  -2.9644656e+04  -2.3742872e+05
   2.8300000e+01  -1.8272949e+04  -1.7039236e+05
   2.8400000e+01  -1.6126168e+04  -9.9367750e+04
   2.8500000e+01  -2.1160340e+04  -2.9612988e+04
   2.8600000e+01  -2.8221145e+04   2.7166652e+04
   2.8700000e+01  -2.2981270e+04   7.3866500e+04
   2.8800000e+01   1.0950867e+04   1.2694838e+05
   2.8900000e+01   7.4683648e+04   1.9350358e+05
   2.9000000e+01   1.4461711e+05   2.5581412e+05
   2.9100000e+01   1.8498931e+05   2.8539122e+05
   2.9200000e+01   1.7492184e+05   2.7321188e+05
   2.9300000e+01   1.2568474e+05   2.4213636e+05
   2.9400000e+01   7.1014633e+04   2.2637580e+05
   2.9500000e+01   3.8997453e+04   2.3970052e+05
   2.9600000e+01   3.2366918e+04   2.6634178e+05
   2.9700000e+01   3.5332227e+04   2.8268772e+05
   2.9800000e+01   3.7326121e+04   2.8410894e+05
   2.9900000e+01   4.6359773e+04   2.8756059e+05
   3.0000000e+01   7.6672922e+04   3.0941562e+05
   3.0100000e+01   1.2499416e+05   3.4521225e+05
   3.0200000e+01   1.6420150e+05   3.7357875e+05
   3.0300000e+01   1.6489894e+05   3.7801625e+05
   3.0400000e+01   1.2370460e+05   3.6142503e+05
   3.0500000e+01   6.8023398e+04   3.3930012e+05
   3.0600000e+01   3.1931141e+04   3.2287156e+05
   3.0700000e+01   2.8310035e+04   3.1254209e+05
   3.0800000e+01   4.3754746e+04   3.0580600e+05
   3.0900000e+01   5.5402668e+04   3.0431200e+05
   3.1000000e+01   4.7076309e+04   3.0702344e+05
   3.1100000e+01   1.0743092e+04   2.9794903e+05
   3.1200000e+01  -5.7047375e+04   2.4984708e+05
   3.1300000e+01  -1.4910723e+05   1.4994902e+05
   3.1400000e+01  -2.3759669e+05   2.4346781e+04
   3.1500000e+01  -2.8142981e+05  -7.0619828e+04
   3.1600000e+01  -2.5707141e+05  -9.2813805e+04
   3.1700000e+01  -1.8656459e+05  -5.7149516e+04
   3.1800000e+01  -1.2867501e+05  -3.1900211e+04
   3.1900000e+01  -1.3195584e+05  -8.3527195e+04
   3.2000000e+01  -1.9029856e+05  -2.1665669e+05
   3.2100000e+01  -2.4502841e+05  -3.6569225e+05
   3.2200000e+01  -2.3471041e+05  -4.4848588e+05
   3.2300000e+01  -1.4720875e+05  -4.3394725e+05
   3.2400000e+01  -2.6513047e+04  -3.6279838e+05
   3.2500000e+01   6.8616898e+04  -3.0636512e+05
   3.2600000e+01   1.1218083e+05  -3.0577656e+05
   3.2700000e+01   1.2186829e+05  -3.4678766e+05
   3.2800000e+01   1.3092162e+05  -3.8533916e+05
   3.2900000e+01   1.5531580e+05  -3.9066725e+05
   3.3000000e+01   1.8770453e+05  -3.6387669e+05
   3.3100000e+01   2.1576331e+05  -3.2251706e+05
   3.3200000e+01   2.3802342e+05  -2.7645738e+05
   3.3300000e+01   2.5980209e+05  -2.2217566e+05
   3.3400000e+01   2.7938881e+05  -1.5599073e+05
   3.3500000e+01   2.8556431e+05  -8.5110672e+04
   3.3600000e+01   2.7040691e+05  -2.1616891e+04
   3.3700000e+01   2.3991284e+05   3.2169531e+04
   3.3800000e+01   2.0722936e+05   8.7177719e+04
   3.3900000e+01   1.7634831e+05   1.5402222e+05
   3.4000000e+01   1.3789231e+05   2.2825192e+05
   3.4100000e+01   8.4188930e+04   2.9309759e+05
   3.4200000e+01   2.5294848e+04   3.3774919e+05
   3.4300000e+01  -1.6155273e+04   3.6936153e+05
   3.4400000e+01  -2.8551078e+04   4.0288531e+05
   3.4500000e+01  -2.6623945e+04   4.3918031e+05
   3.4600000e+01  -3.8958062e+04   4.5759875e+05
   3.4700000e+01  -7.9614930e+04   4.3414447e+05
   3.4800000e+01  -1.3443653e+05   3.6677147e+05
   3.4900000e+01  -1.7620544e+05   2.8008991e+05
   3.5000000e+01  -1.9087784e+05   2.0417138e+05
   3.5100000e+01  -1.8671759e+05   1.5029386e+05
   3.5200000e+01  -1.7981222e+05   1.0789499e+05
   3.5300000e+01  -1.7623995e+05   6.1523020e+04
   3.5400000e+01  -1.7225291e+05   5.4084141e+03
   3.5500000e+01  -1.6977642e+05  -5.9252047e+04
   3.5600000e+01  -1.8436677e+05  -1.3448895e+05
   3.5700000e+01  -2.3032553e+05  -2.2360823e+05
   3.5800000e+01  -2.9576569e+05  -3.1579588e+05
   3.5900000e+01  -3.3829231e+05  -3.7970678e+05
   3.6000000e+01  -3.1653200e+05  -3.8507781e+05
   3.6100000e+01  -2.3435706e+05  -3.3879519e+05
   3.6200000e+01  -1.5196583e+05  -2.9569934e+05
   3.6300000e+01  -1.4144198e+05  -3.2047053e+05
   3.6400000e+01  -2.1923972e+05  -4.2671800e+05
   3.6500000e+01  -3.1980100e+05  -5.5172281e+05
   3.6600000e+01  -3.4314306e+05  -5.9931625e+05
   3.6700000e+01  -2.3867941e+05  -5.1827744e+05
   3.6800000e+01  -4.8780812e+04  -3.4514409e+05
   3.6900000e+01   1.2809767e+05  -1.7162575e+05
   3.7000000e+01   2.1853414e+05  -6.8507344e+04
   3.7100000e+01   2.2459084e+05  -3.6899453e+04
   3.7200000e+01   2.0418748e+05  -2.5599926e+04
   3.7300000e+01   2.1055034e+05   1.2827168e+04
   3.7400000e+01   2.5140812e+05   8.5411406e+04
   3.7500000e+01   2.9839919e+05   1.6899436e+05
   3.7600000e+01   3.2451600e+05   2.4309094e+05
   3.7700000e+01   3.2690688e+05   3.0527284e+05
   3.7800000e+01   3.1770497e+05   3.5886988e+05
   3.7900000e+01   3.0265112e+05   3.9737909e+05
   3.8000000e+01   2.7565656e+05   4.0900106e+05
   3.8100000e+01   2.3269744e+05   3.9440228e+05
   3.8200000e+01   1.8310198e+05   3.7179578e+05
   3.8300000e+01   1.4096441e+05   3.5958388e+05
   3.8400000e+01   1.0711894e+05   3.5669950e+05
   3.8500000e+01   6.6785031e+04   3.4555888e+05
   3.8600000e+01   9.2444141e+03   3.1514906e+05
   3.8700000e+01  -5.3676461e+04   2.7627309e+05
   3.8800000e+01  -9.5212352e+04   2.4988742e+05
   3.8900000e+01  -1.0119189e+05   2.4228523e+05
   3.9000000e+01  -8.5508242e+04   2.3705062e+05
   3.9100000e+01  -7.4373297e+04   2.1350769e+05
   3.9200000e+01  -7.7132242e+04   1.7008708e+05
   3.9300000e+01  -7.7216414e+04   1.2616267e+05
   3.9400000e+01  -5.2436375e+04   1.0151700e+05
   3.9500000e+01   3.3253125e+02   9.7042070e+04
   3.9600000e+01   6.3917500e+04   9.6358906e+04
   3.9700000e+01   1.2105519e+05   8.3180086e+04
   3.9800000e+01   1.6903927e+05   5.3084789e+04
   3.9900000e+01   2.1144059e+05   8.0218906e+03
   4.0000000e+01   2.4072353e+05  -5.5243094e+04
   4.0100000e+01   2.3910264e+05  -1.4279428e+05
   4.0200000e+01   2.0217895e+05  -2.4543927e+05
   4.0300000e+01   1.5629630e+05  -3.2891253e+05
   4.0400000e+01   1.3916097e+05  -3.5637009e+05
   4.0500000e+01   1.5381520e+05  -3.3115706e+05
   4.0600000e+01   1.4631931e+05  -3.1256525e+05
   4.0700000e+01   4.5053203e+04  -3.7180328e+05
   4.0800000e+01  -1.6426686e+05  -5.1815325e+05
   4.0900000e+01  -4.0296772e+05  -6.7023581e+05
   4.1000000e+01  -5.5056381e+05  -7.1380462e+05
   4.1100000e+01  -5.4392400e+05  -5.9996875e+05
   4.1200000e+01  -4.3109338e+05  -3.9010516e+05
   4.1300000e+01  -3.2662425e+05  -2.0325975e+05
   4.1400000e+01  -3.1163919e+05  -1.1812441e+05
   4.1500000e+01  -3.7313338e+05  -1.2165189e+05
   4.1600000e+01  -4.3196109e+05  -1.4195609e+05
   4.1700000e+01  -4.2054412e+05  -1.1977848e+05
   4.1800000e+01  -3.3274009e+05  -4.8272312e+04
   4.1900000e+01  -2.1010448e+05   4.1808801e+04
   4.2000000e+01  -9.5325641e+04   1.1829766e+05
   4.2100000e+01  -4.4284766e+03   1.6497328e+05
   4.2200000e+01   6.5286930e+04   1.7514633e+05
   4.2300000e+01   1.1566702e+05   1.4451594e+05
   4.2400000e+01   1.4383380e+05   7.7925961e+04
   4.2500000e+01   1.5315803e+05  -1.6297969e+03
   4.2600000e+01   1.5812928e+05  -6.1149367e+04
   4.2700000e+01   1.7279164e+05  -8.1706664e+04
   4.2800000e+01   1.9635281e+05  -7.4251055e+04
   4.2900000e+01   2.1504823e+05  -6.7195836e+04
   4.3000000e+01   2.1959241e+05  -7.5558820e+04
   4.3100000e+01   2.1761584e+05  -8.3512508e+04
   4.3200000e+01   2.2552600e+05  -5.9786203e+04
   4.3300000e+01   2.4867094e+05   9.9191016e+03
   4.3400000e+01   2.7318622e+05   1.0836617e+05
   4.3500000e+01   2.7994756e+05   2.0550377e+05
   4.3600000e+01   2.6568894e+05   2.8937112e+05
   4.3700000e+01   2.4785797e+05   3.7542384e+05
   4.3800000e+01   2.4746491e+05   4.8519275e+05
   4.3900000e+01   2.6773450e+05   6.1842512e+05
   4.4000000e+01   2.9012097e+05   7.4793238e+05
   4.4100000e+01   2.9038259e+05   8.4016700e+05
   4.4200000e+01   2.5729228e+05   8.7827475e+05
   4.4300000e+01   1.9637956e+05   8.6593100e+05
   4.4400000e+01   1.1945895e+05   8.1426281e+05
   4.4500000e+01   3.5915969e+04   7.3121625e+05
   4.4600000e+01  -4.4012914e+04   6.2461450e+05
   4.4700000e+01  -1.0334547e+05   5.0898847e+05
   4.4800000e+01  -1.2693916e+05   3.9940419e+05
   4.4900000e+01  -1.2346557e+05   2.9303856e+05
   4.5000000e+01  -1.3481600e+05   1.6085047e+05
   4.5100000e+01  -2.0984019e+05  -3.1491625e+04
   4.5200000e+01  -3.5630225e+05  -2.8497062e+05
   4.5300000e+01  -5.1807834e+05  -5.4882400e+05
   4.5400000e+01  -6.1040050e+05  -7.4874912e+05
   4.5500000e+01  -5.8984600e+05  -8.4350150e+05
   4.5600000e+01  -4.9483916e+05  -8.5877425e+05
   4.5700000e+01  -4.1476812e+05  -8.6394669e+05
   4.5800000e+01  -4.1364144e+05  -9.1074244e+05
   4.5900000e+01  -4.7877781e+05  -9.8960438e+05
   4.6000000e+01  -5.3991412e+05  -1.0420762e+06
   4.6100000e+01  -5.3546150e+05  -1.0140482e+06
   4.6200000e+01  -4.6076897e+05  -8.9928288e+05
   4.6300000e+01  -3.5800184e+05  -7.3767269e+05
   4.6400000e+01  -2.6821394e+05  -5.7821162e+05
   4.6500000e+01  -1.9853766e+05  -4.4548412e+05
   4.6600000e+01  -1.3183581e+05  -3.3609397e+05
   4.6700000e+01  -5.6850402e+04  -2.3740731e+05
   4.6800000e+01   2.0320793e+04  -1.4290950e+05
   4.6900000e+01   9.2978508e+04  -5.1207031e+04
   4.7000000e+01   1.7142934e+05   4.1136926e+04
   4.7100000e+01   2.7448075e+05   1.3789405e+05
   4.7200000e+01   4.0293028e+05   2.3409759e+05
   4.7300000e+01   5.2838656e+05   3.1490391e+05
   4.7400000e+01   6.1470725e+05   3.6900750e+05
   4.7500000e+01   6.5112531e+05   4.0276878e+05
   4.7600000e+01   6.6127594e+05   4.3668750e+05
   4.7700000e+01   6.7833725e+05   4.8554838e+05
   4.7800000e+01   7.1313906e+05   5.4393100e+05
   4.7900000e+01   7.4821800e+05   5.9368612e+05
   4.8000000e+01   7.6110625e+05   6.2452838e+05
   4.8100000e+01   7.4914819e+05   6.4374069e+05
   4.8200000e+01   7.2921225e+05   6.6419200e+05
   4.8300000e+01   7.1496575e+05   6.8518575e+05
   4.8400000e+01   6.9811975e+05   6.8827656e+05
   4.8500000e+01   6.5364900e+05   6.5262381e+05
   4.8600000e+01   5.6235925e+05   5.7314650e+05
   4.8700000e+01   4.2749069e+05   4.6324494e+05
   4.8800000e+01   2.7113447e+05   3.4171122e+05
   4.8900000e+01   1.1771832e+05   2.1951694e+05
   4.9000000e+01  -1.8504414e+04   9.9483320e+04
   4.9100000e+01  -1.3444498e+05  -1.4919350e+04
   4.9200000e+01  -2.3410062e+05  -1.1636872e+05
   4.9300000e+01  -3.2769466e+05  -2.0293391e+05
   4.9400000e+01  -4.3227412e+05  -2.8835916e+05
   4.9500000e+01  -5.6487762e+05  -3.9537172e+05
   4.9600000e+01  -7.2625094e+05  -5.3050538e+05
   4.9700000e+01  -8.8801362e+05  -6.6361794e+05
   4.9800000e+01  -1.0014075e+06  -7.3934125e+05
   4.9900000e+01  -1.0301116e+06  -7.2006456e+05
   5.0000000e+01  -9.8357619e+05  -6.2462506e+05
   5.0100000e+01  -9.1761094e+05  -5.2213709e+05
   5.0200000e+01  -8.9267575e+05  -4.7823431e+05
   5.0300000e+01  -9.2129181e+05  -4.9851338e+05
   5.0400000e+01  -9.5323150e+05  -5.2232131e+05
   5.0500000e+01  -9.1642556e+05  -4.7566388e+05
   5.0600000e+01  -7.7817175e+05  -3.3567225e+05
   5.0700000e+01  -5.7017000e+05  -1.4758494e+05
   5.0800000e+01  -3.5694200e+05   1.8241844e+04
   5.0900000e+01  -1.8305214e+05   1.2439426e+05
   5.1000000e+01  -5.0336449e+04   1.8514164e+05
   5.1100000e+01   6.2085773e+04   2.3676706e+05
   5.1200000e+01   1.6771784e+05   2.9877844e+05
   5.1300000e+01   2.6672903e+05   3.6560434e+05
   5.1400000e+01   3.6092838e+05   4.2681019e+05
   5.1500000e+01   4.6042050e+05   4.8272575e+05
   5.1600000e+01   5.6884744e+05   5.3587425e+05
   5.1700000e+01   6.6757150e+05   5.7446488e+05
   5.1800000e+01   7.2458206e+05   5.7531731e+05
   5.1900000e+01   7.2380500e+05   5.2730562e+05
   5.2000000e+01   6.8305412e+05   4.4775028e+05
   5.2100000e+01   6.3894319e+05   3.6993531e+05
   5.2200000e+01   6.1356212e+05   3.1331525e+05
   5.2300000e+01   5.9791106e+05   2.6853522e+05
   5.2400000e+01   5.6802044e+05   2.1276591e+05
   5.2500000e+01   5.1383031e+05   1.3691056e+05
   5.2600000e+01   4.4883181e+05   5.4274867e+04
   5.2700000e+01   3.9222675e+05  -1.7000102e+04
   5.2800000e+01   3.4640675e+05  -7.5315180e+04
   5.2900000e+01   2.9587875e+05  -1.3541047e+05
   5.3000000e+01   2.2750556e+05  -2.0757966e+05
   5.3100000e+01   1.4761038e+05  -2.8148225e+05
   5.3200000e+01   7.6527328e+04  -3.3387444e+05
   5.3300000e+01   2.7891809e+04  -3.5153547e+05
   5.3400000e+01  -3.5854844e+03  -3.4369534e+05
   5.3500000e+01  -3.3921789e+04  -3.3135125e+05
   5.3600000e+01  -7.3462438e+04  -3.2738216e+05
   5.3700000e+01  -1.2191285e+05  -3.3014688e+05
   5.3800000e+01  -1.7770269e+05  -3.3518253e+05
   5.3900000e+01  -2.4549562e+05  -3.4705734e+05
   5.4000000e+01  -3.2814459e+05  -3.7328069e+05
   5.4100000e+01  -4.1107616e+05  -4.0537088e+05
   5.4200000e+01  -4.6180488e+05  -4.1232850e+05
   5.4300000e+01  -4.5479478e+05  -3.6334747e+05
   5.4400000e+01  -4.0208819e+05  -2.6388791e+05
   5.4500000e+01  -3.5535244e+05  -1.6623231e+05
   5.4600000e+01  -3.6675175e+05  -1.3288112e+05
   5.4700000e+01  -4.3835900e+05  -1.7896512e+05
   5.4800000e+01  -5.0960162e+05  -2.4970361e+05
   5.4900000e+01  -5.0246497e+05  -2.6211333e+05
   5.5000000e+01  -3.8825856e+05  -1.7663697e+05
   5.5100000e+01  -2.1432272e+05  -3.0274984e+04
   5.5200000e+01  -6.4802836e+04   1.0080503e+05
   5.5300000e+01   6.9639766e+03   1.6995734e+05
   5.5400000e+01   1.1509531e+04   1.9164638e+05
   5.5500000e+01  -2.6596875e+03   2.1131322e+05
   5.5600000e+01   7.8293164e+02   2.5430581e+05
   5.5700000e+01   2.2797180e+04   3.0888791e+05
   5.5800000e+01   4.6090113e+04   3.5165456e+05
   5.5900000e+01   6.1949492e+04   3.7613109e+05
   5.6000000e+01   7.4688234e+04   3.9086369e+05
   5.6100000e+01   8.6281188e+04   3.9743834e+05
   5.6200000e+01   8.8085195e+04   3.8311275e+05
   5.6300000e+01   7.2889883e+04   3.3950319e+05
   5.6400000e+01   5.0674523e+04   2.8171325e+05
   5.6500000e+01   4.4886898e+04   2.3975628e+05
   5.6600000e+01   7.0420531e+04   2.2866123e+05
   5.6700000e+01   1.1832412e+05   2.3164456e+05
   5.6800000e+01   1.6569283e+05   2.1758306e+05
   5.6900000e+01   2.0007566e+05   1.7506666e+05
   5.7000000e+01   2.3101744e+05   1.2585425e+05
   5.7100000e+01   2.7637366e+05   1.0268342e+05
   5.7200000e+01   3.3948241e+05   1.1513457e+05
   5.7300000e+01   4.0244128e+05   1.4001323e+05
   5.7400000e+01   4.4187822e+05   1.4621684e+05
   5.7500000e+01   4.4965750e+05   1.2738530e+05
   5.7600000e+01   4.3777794e+05   1.0791741e+05
   5.7700000e+01   4.2480009e+05   1.1672197e+05
   5.7800000e+01   4.1913419e+05   1.5713914e+05
   5.7900000e+01   4.1475325e+05   2.0431731e+05
   5.8000000e+01   3.9994869e+05   2.3029791e+05
   5.8100000e+01   3.6655131e+05   2.2675411e+05
   5.8200000e+01   3.0932841e+05   2.0044809e+05
   5.8300000e+01   2.2047994e+05   1.5190130e+05
   5.8400000e+01   9.4054305e+04   7.0859188e+04
   5.8500000e+01  -5.6590684e+04  -3.9274785e+04
   5.8600000e+01  -1.8961459e+05  -1.4009295e+05
   5.8700000e+01  -2.5933166e+05  -1.8113525e+05
   5.8800000e+01  -2.6520922e+05  -1.5854838e+05
   5.8900000e+01  -2.7368669e+05  -1.4422711e+05
   5.9000000e+01  -3.7068788e+05  -2.3364872e+05
   5.9100000e+01  -5.7326488e+05  -4.4728681e+05
   5.9200000e+01  -7.8859688e+05  -6.8713838e+05
   5.9300000e+01  -8.7745394e+05  -8.0814338e+05
   5.9400000e+01  -7.7406912e+05  -7.4541562e+05
   5.9500000e+01  -5.4739256e+05  -5.7217031e+05
   5.9600000e+01  -3.4151053e+05  -4.3008369e+05
   5.9700000e+01  -2.5398712e+05  -4.0383388e+05
   5.9800000e+01  -2.6906712e+05  -4.6240503e+05
   5.9900000e+01  -2.9854569e+05  -5.1130819e+05
   6.0000000e+01  -2.7360938e+05  -4.8695088e+05
   6.0100000e+01  -1.9417678e+05  -3.9857084e+05
   6.0200000e+01  -1.0388655e+05  -2.9551066e+05
   6.0300000e+01  -3.7371805e+04  -2.1369059e+05
   6.0400000e+01   1.4891641e+03  -1.5691338e+05
   6.0500000e+01   2.2097586e+04  -1.1495195e+05
   6.0600000e+01   2.6240547e+04  -8.3136641e+04
   6.0700000e+01   1.1428844e+04  -6.0967062e+04
   6.0800000e+01  -1.2517797e+04  -4.0256562e+04
   6.0900000e+01  -2.2174766e+04  -4.0800469e+03
   6.1000000e+01  -1.1839141e+03   5.9385824e+04
   6.1100000e+01   4.1063586e+04   1.4351888e+05
   6.1200000e+01   7.7338195e+04   2.2612819e+05
   6.1300000e+01   9.1162203e+04   2.8772491e+05
   6.1400000e+01   9.4831703e+04   3.2837834e+05
   6.1500000e+01   1.1608273e+05   3.6619266e+05
   6.1600000e+01   1.6769012e+05   4.1739531e+05
   6.1700000e+01   2.3365509e+05   4.7735750e+05
   6.1800000e+01   2.8686072e+05   5.2332038e+05
   6.1900000e+01   3.1779025e+05   5.3798725e+05
   6.2000000e+01   3.4236072e+05   5.2910369e+05
   6.2100000e+01   3.8131019e+05   5.2196566e+05
   6.2200000e+01   4.3506603e+05   5.3134088e+05
   6.2300000e+01   4.8131788e+05   5.4409538e+05
   6.2400000e+01   4.9587188e+05   5.3278275e+05
   6.2500000e+01   4.7234106e+05   4.8432841e+05
   6.2600000e+01   4.2044431e+05   4.1027622e+05
   6.2700000e+01   3.4932453e+05   3.2886625e+05
   6.2800000e+01   2.5935692e+05   2.4502636e+05
   6.2900000e+01   1.5321827e+05   1.5543339e+05
   6.3000000e+01   4.9597027e+04   6.9406180e+04
   6.3100000e+01  -2.4909904e+04   1.0769020e+04
   6.3200000e+01  -6.4877883e+04  -1.1330523e+04
   6.3300000e+01  -1.0370860e+05  -2.8919031e+04
   6.3400000e+01  -1.9013903e+05  -9.7349516e+04
   6.3500000e+01  -3.3637091e+05  -2.3935192e+05
   6.3600000e+01  -4.8925531e+05  -4.0775694e+05
   6.3700000e+01  -5.6268000e+05  -5.1363816e+05
   6.3800000e+01  -5.0962238e+05  -5.0077675e+05
   6.3900000e+01  -3.6724119e+05  -3.9650288e+05
   6.4000000e+01  -2.2944397e+05  -2.8949275e+05
   6.4100000e+01  -1.7055959e+05  -2.5557939e+05
   6.4200000e+01  -1.9007891e+05  -2.9988912e+05
   6.4300000e+01  -2.2518573e+05  -3.6311800e+05
   6.4400000e+01  -2.1200012e+05  -3.7803338e+05
   6.4500000e+01  -1.3595536e+05  -3.2170288e+05
   6.4600000e+01  -3.1673102e+04  -2.2257164e+05
   6.4700000e+01   5.5469066e+04  -1.2748189e+05
   6.4800000e+01   1.0409953e+05  -6.5455109e+04
   6.4900000e+01   1.2062565e+05  -3.7691000e+04
   6.5000000e+01   1.1989645e+05  -3.1792242e+04
   6.5100000e+01   1.0889802e+05  -3.7081875e+04
   6.5200000e+01   8.8082969e+04  -4.5556961e+04
   6.5300000e+01   6.1936383e+04  -4.5724629e+04
   6.5400000e+01   4.1669312e+04  -2.5497605e+04
   6.5500000e+01   3.5268727e+04   1.4829727e+04
   6.5600000e+01   3.7151145e+04   5.7022996e+04
   6.5700000e+01   3.1413496e+04   7.9553945e+04
   6.5800000e+01   7.4551875e+03   7.9941367e+04
   6.5900000e+01  -2.7794016e+04   7.8317281e+04
   6.6000000e+01  -5.4089430e+04   9.4692305e+04
   6.6100000e+01  -5.4613273e+04   1.2454106e+05
   6.6200000e+01  -2.8654922e+04   1.4243648e+05
   6.6300000e+01   1.1474109e+04   1.3163197e+05
   6.6400000e+01   5.4428273e+04   1.0544900e+05
   6.6500000e+01   9.9251086e+04   9.4192383e+04
   6.6600000e+01   1.5079734e+05   1.1157917e+05
   6.6700000e+01   2.0749775e+05   1.3918655e+05
   6.6800000e+01   2.5632300e+05   1.4629583e+05
   6.6900000e+01   2.8164606e+05   1.2142344e+05
   6.7000000e+01   2.7873200e+05   8.0272633e+04
   6.7100000e+01   2.5713675e+05   4.5013668e+04
   6.7200000e+01   2.3107009e+05   2.2942492e+04
   6.7300000e+01   2.0845622e+05   8.6821699e+03
   6.7400000e+01   1.8951223e+05   1.1410659e+03
   6.7500000e+01   1.7109858e+05   7.9147080e+03
   6.7600000e+01   1.4610647e+05   2.8838797e+04
   6.7700000e+01   9.8951211e+04   4.1536137e+04
   6.7800000e+01   1.1572094e+04   1.4159617e+04
   6.7900000e+01  -1.1478153e+05  -6.1111867e+04
   6.8000000e+01  -2.4242162e+05  -1.4900900e+05
   6.8100000e+01  -3.1276362e+05  -1.9244219e+05
   6.8200000e+01  -2.9272006e+05  -1.6008662e+05
   6.8300000e+01  -2.1102764e+05  -7.7213836e+04
   6.8400000e+01  -1.4323567e+05  -9.2001719e+03
   6.8500000e+01  -1.5137822e+05  -9.7140156e+03
   6.8600000e+01  -2.3205591e+05  -7.7734898e+04
   6.8700000e+01  -3.2187041e+05  -1.5976962e+05
   6.8800000e+01  -3.5420944e+05  -1.9401745e+05
   6.8900000e+01  -3.1306975e+05  -1.5790628e+05
   6.9000000e+01  -2.3690678e+05  -8.0030062e+04
   6.9100000e+01  -1.7721022e+05  -1.0611443e+04
   6.9200000e+01  -1.5677711e+05   1.9732672e+04
   6.9300000e+01  -1.6337869e+05   1.6839635e+04
   6.9400000e+01  -1.7314097e+05   6.0955645e+03
   6.9500000e+01  -1.7204280e+05   4.5641758e+03
   6.9600000e+01  -1.5664178e+05   1.0919180e+04
   6.9700000e+01  -1.2421336e+05   1.8118105e+04
   6.9800000e+01  -7.1786805e+04   2.7994160e+04
   6.9900000e+01  -5.8905547e+03   4.8056820e+04
   7.0000000e+01   5.3578102e+04   7.5909078e+04
   7.0100000e+01   8.6410758e+04   9.4340703e+04
   7.0200000e+01   9.0789828e+04   8.7677812e+04
   7.0300000e+01   8.6025938e+04   6.1938051e+04
   7.0400000e+01   9.3774500e+04   4.3195168e+04
   7.0500000e+01   1.1671646e+05   5.2767719e+04
   7.0600000e+01   1.3785872e+05   8.6298938e+04
   7.0700000e+01   1.4156678e+05   1.2082730e+05
   7.0800000e+01   1.3340327e+05   1.4132327e+05
   7.0900000e+01   1.3665294e+05   1.5508645e+05
   7.1000000e+01   1.6848978e+05   1.7760269e+05
   7.1100000e+01   2.2080247e+05   2.0856000e+05
   7.1200000e+01   2.6589575e+05   2.2827616e+05
   7.1300000e+01   2.8114559e+05   2.1888020e+05
   7.1400000e+01   2.6757944e+05   1.8424844e+05
   7.1500000e+01   2.4517719e+05   1.4547456e+05
   7.1600000e+01   2.3252617e+05   1.1919516e+05
   7.1700000e+01   2.3266881e+05   1.0486031e+05
   7.1800000e+01   2.3652286e+05   9.2208359e+04
   7.1900000e+01   2.3443406e+05   7.4027062e+04
   7.2000000e+01   2.1993919e+05   4.6300723e+04
   7.2100000e+01   1.8385797e+05  -5.1269043e+02
   7.2200000e+01   1.1262004e+05  -8.0189125e+04
   7.2300000e+01   1.2379609e+03  -1.9320181e+05
   7.2400000e+01  -1.2937045e+05  -3.1145600e+05
   7.2500000e+01  -2.3432044e+05  -3.8863175e+05
   7.2600000e+01  -2.7541541e+05  -3.9530919e+05
   7.2700000e+01  -2.5806738e+05  -3.4923038e+05
   7.2800000e+01  -2.3635750e+05  -3.0875141e+05
   7.2900000e+01  -2.7177338e+05  -3.2777688e+05
   7.3000000e+01  -3.7681906e+05  -4.0747762e+05
   7.3100000e+01  -4.9616606e+05  -4.8866378e+05
   7.3200000e+01  -5.4781612e+05  -4.9642694e+05
   7.3300000e+01  -4.9016306e+05  -4.0132797e+05
   7.3400000e+01  -3.5448625e+05  -2.4359614e+05
   7.3500000e+01  -2.1479106e+05  -9.9025180e+04
   7.3600000e+01  -1.2600011e+05  -1.8713480e+04
   7.3700000e+01  -8.7708484e+04   3.1927812e+03
   7.3800000e+01  -6.0359617e+04   1.0485000e+04
   7.3900000e+01  -9.0011816e+03   4.1179277e+04
   7.4000000e+01   7.0033398e+04   1.0256588e+05
   7.4100000e+01   1.5769000e+05   1.7990919e+05
   7.4200000e+01   2.3602539e+05   2.5710117e+05
   7.4300000e+01   2.9853306e+05   3.2351769e+05
   7.4400000e+01   3.4198862e+05   3.6737450e+05
   7.4500000e+01   3.5850588e+05   3.7487381e+05
   7.4600000e+01   3.4239794e+05   3.4306866e+05
   7.4700000e+01   3.0303012e+05   2.9053844e+05
   7.4800000e+01   2.6365075e+05   2.4737969e+05
   7.4900000e+01   2.4232114e+05   2.3020070e+05
   7.5000000e+01   2.3479978e+05   2.2872166e+05
   7.5100000e+01   2.2016055e+05   2.2025872e+05
   7.5200000e+01   1.8482603e+05   1.9685466e+05
   7.5300000e+01   1.3878644e+05   1.7442278e+05
   7.5400000e+01   1.0586488e+05   1.7347441e+05
   7.5500000e+01   9.9296172e+04   1.9385752e+05
   7.5600000e+01   1.1011008e+05   2.1283309e+05
   7.5700000e+01   1.2002701e+05   2.0873948e+05
   7.5800000e+01   1.2218841e+05   1.8344423e+05
   7.5900000e+01   1.2564607e+05   1.5916359e+05
   7.6000000e+01   1.4040019e+05   1.5469919e+05
   7.6100000e+01   1.6255588e+05   1.6767988e+05
   7.6200000e+01   1.7703873e+05   1.7977128e+05
   7.6300000e+01   1.7262192e+05   1.7502309e+05
   7.6400000e+01   1.4924669e+05   1.4932952e+05
   7.6500000e+01   1.0868117e+05   1.0338801e+05
   7.6600000e+01   4.2944660e+04   3.3314645e+04
   7.6700000e+01  -5.8854473e+04  -6.4273438e+04
   7.6800000e+01  -1.8692100e+05  -1.7613362e+05
   7.6900000e+01  -2.9966569e+05  -2.6830325e+05
   7.7000000e+01  -3.5086281e+05  -3.1011669e+05
   7.7100000e+01  -3.3954375e+05  -3.1023250e+05
   7.7200000e+01  -3.2927272e+05  -3.2472822e+05
   7.7300000e+01  -4.0048862e+05  -4.1519056e+05
   7.7400000e+01  -5.6849150e+05  -5.8587288e+05
   7.7500000e+01  -7.4941925e+05  -7.6131500e+05
   7.7600000e+01  -8.2105738e+05  -8.3641862e+05
   7.7700000e+01  -7.2920425e+05  -7.6094050e+05
   7.7800000e+01  -5.3635025e+05  -5.8152788e+05
   7.7900000e+01  -3.6369419e+05  -4.0190062e+05
   7.8000000e+01  -2.8547509e+05  -2.9947588e+05
   7.8100000e+01  -2.7852166e+05  -2.7449084e+05
   7.8200000e+01  -2.6526344e+05  -2.6967988e+05
   7.8300000e+01  -1.9293308e+05  -2.2979912e+05
   7.8400000e+01  -6.9072578e+04  -1.4182750e+05
   7.8500000e+01   6.5229449e+04  -2.8664447e+04
   7.8600000e+01   1.7845625e+05   8.1776359e+04
   7.8700000e+01   2.6223475e+05   1.7539195e+05
   7.8800000e+01   3.1674453e+05   2.4742612e+05
   7.8900000e+01   3.3951894e+05   2.9284409e+05
   7.9000000e+01   3.3317000e+05   3.0978600e+05
   7.9100000e+01   3.1588312e+05   3.1030753e+05
   7.9200000e+01   3.1345912e+05   3.1776500e+05
   7.9300000e+01   3.3657497e+05   3.4542338e+05
   7.9400000e+01   3.6873569e+05   3.7843544e+05
   7.9500000e+01   3.8164738e+05   3.8457338e+05
   7.9600000e+01   3.6442191e+05   3.4834500e+05
   7.9700000e+01   3.3560269e+05   2.9258472e+05
   7.9800000e+01   3.2382691e+05   2.6068531e+05
   7.9900000e+01   3.3714338e+05   2.7538884e+05
   8.0000000e+01   3.5447569e+05   3.1780103e+05
   8.0100000e+01   3.4888009e+05   3.4915694e+05
   8.0200000e+01   3.1692650e+05   3.5101769e+05
   8.0300000e+01   2.8178544e+05   3.4049881e+05
   8.0400000e+01   2.6728219e+05   3.4646731e+05
   8.0500000e+01   2.7225031e+05   3.7546888e+05
   8.0600000e+01   2.7269028e+05   4.0450306e+05
   8.0700000e+01   2.4690077e+05   4.0517662e+05
   8.0800000e+01   1.9385931e+05   3.6942031e+05
   8.0900000e+01   1.2568910e+05   3.0913700e+05
   8.1000000e+01   4.7391004e+04   2.3567523e+05
   8.1100000e+01  -4.7720797e+04   1.4876053e+05
   8.1200000e+01  -1.5930466e+05   4.9553562e+04
   8.1300000e+01  -2.6335875e+05  -4.2840293e+04
   8.1400000e+01  -3.2657972e+05  -1.0186305e+05
   8.1500000e+01  -3.4479241e+05  -1.2815880e+05
   8.1600000e+01  -3.6208372e+05  -1.6706841e+05
   8.1700000e+01  -4.3769038e+05  -2.7598478e+05
   8.1800000e+01  -5.8297188e+05  -4.6352450e+05
   8.1900000e+01  -7.3240075e+05  -6.6311438e+05
   8.2000000e+01  -7.8763850e+05  -7.7719825e+05
   8.2100000e+01  -7.0069512e+05  -7.5691012e+05
   8.2200000e+01  -5.1772281e+05  -6.4262169e+05
   8.2300000e+01  -3.4029747e+05  -5.2755575e+05
   8.2400000e+01  -2.4141031e+05  -4.8060019e+05
   8.2500000e+01  -2.1486066e+05  -4.9867516e+05
   8.2600000e+01  -1.9866847e+05  -5.2388578e+05
   8.2700000e+01  -1.3988511e+05  -4.9929694e+05
   8.2800000e+01  -3.5913793e+04  -4.1066569e+05
   8.2900000e+01   7.8099391e+04  -2.8579250e+05
   8.3000000e+01   1.6965181e+05  -1.6448103e+05
   8.3100000e+01   2.3161997e+05  -7.0905539e+04
   8.3200000e+01   2.7186350e+05  -7.6176641e+03
   8.3300000e+01   2.9307512e+05   3.3682766e+04
   8.3400000e+01   2.9098581e+05   6.1514656e+04
   8.3500000e+01   2.6984844e+05   8.3624711e+04
   8.3600000e+01   2.4968255e+05   1.1004559e+05
   8.3700000e+01   2.5028288e+05   1.4974997e+05
   8.3800000e+01   2.6876369e+05   2.0123645e+05
   8.3900000e+01   2.7958269e+05   2.4964658e+05
   8.4000000e+01   2.6114372e+05   2.7880472e+05
   8.4100000e+01   2.2033162e+05   2.8808606e+05
   8.4200000e+01   1.8658572e+05   2.9439188e+05
   8.4300000e+01   1.8162856e+05   3.1428378e+05
   8.4400000e+01   1.9863975e+05   3.4531712e+05
   8.4500000e+01   2.1275361e+05   3.6876394e+05
   8.4600000e+01   2.0871998e+05   3.7175519e+05
   8.4700000e+01   1.9438697e+05   3.6340131e+05
   8.4800000e+01   1.8794011e+05   3.6562616e+05
   8.4900000e+01   1.9661903e+05   3.8865081e+05
   8.5000000e+01   2.1050241e+05   4.1864325e+05
   8.5100000e+01   2.1437973e+05   4.3055731e+05
   8.5200000e+01   2.0099481e+05   4.1069312e+05
   8.5300000e+01   1.7171769e+05   3.6461019e+05
   8.5400000e+01   1.2882530e+05   3.0546950e+05
   8.5500000e+01   7.3360180e+04   2.4060338e+05
   8.5600000e+01   1.2576860e+04   1.7272222e+05
   8.5700000e+01  -3.5510938e+04   1.0994023e+05
   8.5800000e+01  -5.3872414e+04   6.5075336e+04
   8.5900000e+01  -4.8454223e+04   3.8581289e+04
   8.6000000e+01  -5.5712590e+04   5.1526172e+03
   8.6100000e+01  -1.1845578e+05  -7.2110977e+04
   8.6200000e+01  -2.4498791e+05  -2.0455436e+05
   8.6300000e+01  -3.9063300e+05  -3.5385556e+05
   8.6400000e+01  -4.8602088e+05  -4.5267875e+05
   8.6500000e+01  -4.9220800e+05  -4.5942288e+05
   8.6600000e+01  -4.3328012e+05  -3.9791009e+05
   8.6700000e+01  -3.7537981e+05  -3.4142672e+05
   8.6800000e+01  -3.7077625e+05  -3.5183544e+05
   8.6900000e+01  -4.1718103e+05  -4.2812728e+05
   8.7000000e+01  -4.6581788e+05  -5.1030647e+05
   8.7100000e+01  -4.6584919e+05  -5.3228650e+05
   8.7200000e+01  -4.0319206e+05  -4.7376706e+05
   8.7300000e+01  -3.0343028e+05  -3.6741628e+05
   8.7400000e+01  -2.0472180e+05  -2.6352822e+05
   8.7500000e+01  -1.3049839e+05  -1.9126461e+05
   8.7600000e+01  -8.3733867e+04  -1.4958153e+05
   8.7700000e+01  -5.8173457e+04  -1.2509122e+05
   8.7800000e+01  -4.6729031e+04  -1.0956070e+05
   8.7900000e+01  -3.7624066e+04  -9.9341352e+04
   8.8000000e+01  -9.7193203e+03  -8.5619047e+04
   8.8100000e+01   5.7313879e+04  -5.4784352e+04
   8.8200000e+01   1.6184414e+05  -2.2226094e+03
   8.8300000e+01   2.7194525e+05   5.7557379e+04
   8.8400000e+01   3.4632522e+05   1.0023484e+05
   8.8500000e+01   3.6966259e+05   1.1402827e+05
   8.8600000e+01   3.6710925e+05   1.1171954e+05
   8.8700000e+01   3.8026206e+05   1.1812680e+05
   8.8800000e+01   4.2690466e+05   1.4534123e+05
   8.8900000e+01   4.8538934e+05   1.8244584e+05
   8.9000000e+01   5.1922791e+05   2.1111172e+05
   8.9100000e+01   5.1490391e+05   2.2907056e+05
   8.9200000e+01   4.9280825e+05   2.5350059e+05
   8.9300000e+01   4.8150316e+05   2.9913631e+05
   8.9400000e+01   4.8480750e+05   3.5645091e+05
   8.9500000e+01   4.7658753e+05   3.9700209e+05
   8.9600000e+01   4.2637653e+05   4.0191384e+05
   8.9700000e+01   3.2737297e+05   3.8162212e+05
   8.9800000e+01   2.0027211e+05   3.6441259e+05
   8.9900000e+01   7.4782945e+04   3.6722094e+05
   9.0000000e+01  -2.8961738e+04   3.8133462e+05
   9.0100000e+01  -1.0437812e+05   3.8577575e+05
   9.0200000e+01  -1.5359362e+05   3.6828812e+05
   9.0300000e+01  -1.8627770e+05   3.2854725e+05
   9.0400000e+01  -2.2200530e+05   2.6457947e+05
   9.0500000e+01  -2.8416519e+05   1.6614214e+05
   9.0600000e+01  -3.8092344e+05   2.9110148e+04
   9.0700000e+01  -4.8874556e+05  -1.2470742e+05
   9.0800000e+01  -5.6097131e+05  -2.5045244e+05
   9.0900000e+01  -5.6355094e+05  -3.1234556e+05
   9.1000000e+01  -5.0921262e+05  -3.1788231e+05
   9.1100000e+01  -4.5428284e+05  -3.1802475e+05
   9.1200000e+01  -4.5351134e+05  -3.6614119e+05
   9.1300000e+01  -5.1076588e+05  -4.6931550e+05
   9.1400000e+01  -5.7263250e+05  -5.7757062e+05
   9.1500000e+01  -5.7349631e+05  -6.2387656e+05
   9.1600000e+01  -4.9097372e+05  -5.7962388e+05
   9.1700000e+01  -3.6085406e+05  -4.7481525e+05
   9.1800000e+01  -2.4120166e+05  -3.6692481e+05
   9.1900000e+01  -1.6343397e+05  -2.9201338e+05
   9.2000000e+01  -1.1543164e+05  -2.4465875e+05
   9.2100000e+01  -6.5178422e+04  -1.9843623e+05
   9.2200000e+01   5.2952275e+03  -1.3715231e+05
   9.2300000e+01   8.8833750e+04  -6.3627855e+04
   9.2400000e+01   1.6879422e+05   1.4597684e+04
   9.2500000e+01   2.3834728e+05   9.6926445e+04
   9.2600000e+01   3.0204338e+05   1.8251069e+05
   9.2700000e+01   3.6182525e+05   2.5706327e+05
   9.2800000e+01   4.0738156e+05   2.9668175e+05
   9.2900000e+01   4.2410950e+05   2.9016081e+05
   9.3000000e+01   4.1001431e+05   2.5528048e+05
   9.3100000e+01   3.8131750e+05   2.2736491e+05
   9.3200000e+01   3.5911881e+05   2.2879823e+05
   9.3300000e+01   3.5160512e+05   2.5102608e+05
   9.3400000e+01   3.5136169e+05   2.6800081e+05
   9.3500000e+01   3.4882169e+05   2.6527631e+05
   9.3600000e+01   3.4383612e+05   2.5218606e+05
   9.3700000e+01   3.4174275e+05   2.4538147e+05
   9.3800000e+01   3.4186431e+05   2.4550994e+05
   9.3900000e+01   3.3614716e+05   2.3523088e+05
   9.4000000e+01   3.2065062e+05   1.9980825e+05
   9.4100000e+01   3.0354847e+05   1.4498312e+05
   9.4200000e+01   2.9665834e+05   9.1932844e+04
   9.4300000e+01   2.9948050e+05   5.7021270e+04
   9.4400000e+01   2.9606512e+05   3.9760500e+04
   9.4500000e+01   2.7006606e+05   2.9250332e+04
   9.4600000e+01   2.2058044e+05   1.6675578e+04
   9.4700000e+01   1.5960266e+05  -2.7290547e+03
   9.4800000e+01   9.4085086e+04  -3.7745398e+04
   9.4900000e+01   1.5435751e+04  -1.0325145e+05
   9.5000000e+01  -8.7636492e+04  -2.0616556e+05
   9.5100000e+01  -2.0517405e+05  -3.2690084e+05
   9.5200000e+01  -3.0157456e+05  -4.2084494e+05
   9.5300000e+01  -3.4560416e+05  -4.4986562e+05
   9.5400000e+01  -3.5047750e+05  -4.2122662e+05
   9.5500000e+01  -3.7835912e+05  -3.9364281e+05
   9.5600000e+01  -4.9108500e+05  -4.3316512e+05
   9.5700000e+01  -6.8564775e+05  -5.5102444e+05
   9.5800000e+01  -8.7950756e+05  -6.8233162e+05
   9.5900000e+01  -9.6996600e+05  -7.3337888e+05
   9.6000000e+01  -9.1832244e+05  -6.5974812e+05
   9.6100000e+01  -7.8050819e+05  -5.0360400e+05
   9.6200000e+01  -6.5600225e+05  -3.5528638e+05
   9.6300000e+01  -6.0523944e+05  -2.7666728e+05
   9.6400000e+01  -6.1112869e+05  -2.5773120e+05
   9.6500000e+01  -6.1081069e+05  -2.4056681e+05
   9.6600000e+01  -5.5675156e+05  -1.7873811e+05
   9.6700000e+01  -4.4928044e+05  -7.3091250e+04
   9.6800000e+01  -3.2212675e+05   4.1775691e+04
   9.6900000e+01  -2.0828602e+05   1.3513995e+05
   9.7000000e+01  -1.2117642e+05   2.0087866e+05
   9.7100000e+01  -5.9320836e+04   2.4809823e+05
   9.7200000e+01  -1.7623492e+04   2.8263497e+05
   9.7300000e+01   1.0708383e+04   3.0403662e+05
   9.7400000e+01   3.8741059e+04   3.1749156e+05
   9.7500000e+01   8.3083766e+04   3.3938334e+05
   9.7600000e+01   1.5010255e+05   3.8363412e+05
   9.7700000e+01   2.2523869e+05   4.4268772e+05
   9.7800000e+01   2.8152534e+05   4.8831112e+05
   9.7900000e+01   3.0355184e+05   4.9705744e+05
   9.8000000e+01   3.0322966e+05   4.7522100e+05
   9.8100000e+01   3.0905294e+05   4.5474453e+05
   9.8200000e+01   3.3822397e+05   4.6194412e+05
   9.8300000e+01   3.8035425e+05   4.9177366e+05
   9.8400000e+01   4.0940934e+05   5.1541831e+05
   9.8500000e+01   4.1009422e+05   5.1244425e+05
   9.8600000e+01   3.9033422e+05   4.9181494e+05
   9.8700000e+01   3.6857078e+05   4.7950172e+05
   9.8800000e+01   3.5273869e+05   4.8837144e+05
   9.8900000e+01   3.3495875e+05   5.0475300e+05
   9.9000000e+01   3.0522519e+05   5.0476806e+05
   9.9100000e+01   2.6410859e+05   4.7834044e+05
   9.9200000e+01   2.1724772e+05   4.3203906e+05
   9.9300000e+01   1.6079244e+05   3.7140847e+05
   9.9400000e+01   8.3345281e+04   2.9154019e+05
   9.9500000e+01  -9.9595469e+03   1.9289219e+05
   9.9600000e+01  -8.2484711e+04   9.9662969e+04
   9.9700000e+01  -9.3167930e+04   4.5328711e+04
   9.9800000e+01  -4.5170141e+04   3.3367328e+04
   9.9900000e+01   1.2537312e+04   2.9965602e+04
   1.0000000e+02   4.8805098e+04   1.0934463e+04
