   1.1851270e+02   3.6301420e+01   1.8450000e+02
   1.1870842e+02   3.6302653e+01   1.7560000e+02
   0.0000000e+00  -4.9332381e+05  -4.9332381e+05
   1.0000000e-01  -5.8827825e+05  -4.0044391e+05
   2.0000000e-01  -6.8211781e+05  -3.0244450e+05
   3.0000000e-01  -7.7286994e+05  -1.7987822e+05
   4.0000000e-01  -8.6083881e+05  -1.8070938e+04
   5.0000000e-01  -9.3667831e+05   1.7184056e+05
   6.0000000e-01  -9.7811112e+05   3.4987300e+05
   7.0000000e-01  -9.7049038e+05   4.6654584e+05
   8.0000000e-01  -9.3101438e+05   4.8707556e+05
   9.0000000e-01  -8.9995231e+05   4.0075053e+05
   1.0000000e+00  -8.9745856e+05   2.1440170e+05
   1.1000000e+00  -8.9396762e+05  -5.4408695e+04
   1.2000000e+00  -8.3664844e+05  -3.7364528e+05
   1.3000000e+00  -7.0889200e+05  -6.9056244e+05
   1.4000000e+00  -5.5370894e+05  -9.3847881e+05
   1.5000000e+00  -4.3007553e+05  -1.0574619e+06
   1.6000000e+00  -3.5178000e+05  -1.0122406e+06
   1.7000000e+00  -2.7999850e+05  -7.9393119e+05
   1.8000000e+00  -1.7532062e+05  -4.1154966e+05
   1.9000000e+00  -4.5083840e+04   1.1205409e+05
   2.0000000e+00   6.6979820e+04   7.3789419e+05
   2.1000000e+00   1.2994691e+05   1.4136994e+06
   2.2000000e+00   1.5400695e+05   2.0863140e+06
   2.3000000e+00   1.7078972e+05   2.7113740e+06
   2.4000000e+00   1.9517244e+05   3.2489650e+06
   2.5000000e+00   2.1179000e+05   3.6541038e+06
   2.6000000e+00   1.9595891e+05   3.8810360e+06
   2.7000000e+00   1.4358972e+05   3.9032855e+06
   2.8000000e+00   8.0753469e+04   3.7290170e+06
   2.9000000e+00   4.5052758e+04   3.3942955e+06
   3.0000000e+00   5.5399148e+04   2.9409668e+06
   3.1000000e+00   9.7225141e+04   2.3987725e+06
   3.2000000e+00   1.3848048e+05   1.7796908e+06
   3.3000000e+00   1.6359484e+05   1.0782655e+06
   3.4000000e+00   1.9226602e+05   2.7539275e+05
   3.5000000e+00   2.6207061e+05  -6.4763344e+05
   3.6000000e+00   3.9110231e+05  -1.6851650e+06
   3.7000000e+00   5.5936962e+05  -2.7908695e+06
   3.8000000e+00   7.2804569e+05  -3.8857520e+06
   3.9000000e+00   8.7458962e+05  -4.8832260e+06
   4.0000000e+00   1.0059567e+06  -5.7065465e+06
   4.1000000e+00   1.1385992e+06  -6.2873530e+06
   4.2000000e+00   1.2706812e+06  -6.5611745e+06
   4.3000000e+00   1.3774351e+06  -6.4797575e+06
   4.4000000e+00   1.4320560e+06  -6.0344650e+06
   4.5000000e+00   1.4269932e+06  -5.2632135e+06
   4.6000000e+00   1.3736621e+06  -4.2262515e+06
   4.7000000e+00   1.2845569e+06  -2.9722710e+06
   4.8000000e+00   1.1592349e+06  -1.5320716e+06
   4.9000000e+00   9.8743125e+05   5.1541297e+04
   5.0000000e+00   7.6240562e+05   1.6934776e+06
   5.1000000e+00   4.8921628e+05   3.2770085e+06
   5.2000000e+00   1.8195534e+05   4.6984545e+06
   5.3000000e+00  -1.4355391e+05   5.8920635e+06
   5.4000000e+00  -4.7319634e+05   6.8012980e+06
   5.5000000e+00  -7.9261831e+05   7.3353635e+06
   5.6000000e+00  -1.0840351e+06   7.3815455e+06
   5.7000000e+00  -1.3261422e+06   6.8800425e+06
   5.8000000e+00  -1.4989081e+06   5.8815815e+06
   5.9000000e+00  -1.5916836e+06   4.5171065e+06
   6.0000000e+00  -1.6092862e+06   2.9140165e+06
   6.1000000e+00  -1.5699649e+06   1.1594286e+06
   6.2000000e+00  -1.4949605e+06  -6.5361500e+05
   6.3000000e+00  -1.3974928e+06  -2.3727050e+06
   6.4000000e+00  -1.2794706e+06  -3.8095080e+06
   6.5000000e+00  -1.1357526e+06  -4.8207755e+06
   6.6000000e+00  -9.5937281e+05  -5.3559740e+06
   6.7000000e+00  -7.4508850e+05  -5.4326625e+06
   6.8000000e+00  -4.9513272e+05  -5.0933325e+06
   6.9000000e+00  -2.2780331e+05  -4.4016835e+06
   7.0000000e+00   2.0366852e+04  -3.4612908e+06
   7.1000000e+00   2.0826719e+05  -2.4040395e+06
   7.2000000e+00   3.1392153e+05  -1.3454760e+06
   7.3000000e+00   3.4848888e+05  -3.5608172e+05
   7.4000000e+00   3.4663256e+05   5.2568769e+05
   7.5000000e+00   3.4098784e+05   1.2690180e+06
   7.6000000e+00   3.4285272e+05   1.8498766e+06
   7.7000000e+00   3.4341878e+05   2.2628425e+06
   7.8000000e+00   3.2941172e+05   2.5144498e+06
   7.9000000e+00   2.9565488e+05   2.6005415e+06
   8.0000000e+00   2.4477667e+05   2.5016488e+06
   8.1000000e+00   1.8034345e+05   2.2102108e+06
   8.2000000e+00   1.0578824e+05   1.7607778e+06
   8.3000000e+00   3.1517422e+04   1.2284372e+06
   8.4000000e+00  -2.0931301e+04   6.9635612e+05
   8.5000000e+00  -2.8471215e+04   2.2250361e+05
   8.6000000e+00   1.5207434e+04  -1.7160895e+05
   8.7000000e+00   9.0883328e+04  -4.9163712e+05
   8.8000000e+00   1.6637322e+05  -7.5354250e+05
   8.9000000e+00   2.2075520e+05  -9.6865962e+05
   9.0000000e+00   2.5779525e+05  -1.1361025e+06
   9.1000000e+00   2.9668300e+05  -1.2462899e+06
   9.2000000e+00   3.5055444e+05  -1.2930214e+06
   9.3000000e+00   4.1353634e+05  -1.2827885e+06
   9.4000000e+00   4.6633862e+05  -1.2309554e+06
   9.5000000e+00   4.9236934e+05  -1.1477550e+06
   9.6000000e+00   4.8910241e+05  -1.0286142e+06
   9.7000000e+00   4.6673744e+05  -8.5923062e+05
   9.8000000e+00   4.3811250e+05  -6.3055562e+05
   9.9000000e+00   4.0960469e+05  -3.4956006e+05
   1.0000000e+01   3.7957428e+05  -3.7733812e+04
   1.0100000e+01   3.4321228e+05   2.7783228e+05
   1.0200000e+01   2.9745588e+05   5.7099588e+05
   1.0300000e+01   2.4132166e+05   8.1753219e+05
   1.0400000e+01   1.7326448e+05   9.9542444e+05
   1.0500000e+01   9.0674062e+04   1.0890966e+06
   1.0600000e+01  -6.8653477e+03   1.0954259e+06
   1.0700000e+01  -1.1469134e+05   1.0256418e+06
   1.0800000e+01  -2.2476155e+05   9.0093319e+05
   1.0900000e+01  -3.3012578e+05   7.4522000e+05
   1.1000000e+01  -4.2648956e+05   5.7954431e+05
   1.1100000e+01  -5.0911584e+05   4.1951606e+05
   1.1200000e+01  -5.7020756e+05   2.7517125e+05
   1.1300000e+01  -6.0234200e+05   1.5262069e+05
   1.1400000e+01  -6.0598769e+05   5.6081172e+04
   1.1500000e+01  -5.9228044e+05  -1.2501816e+04
   1.1600000e+01  -5.7517456e+05  -5.6883266e+04
   1.1700000e+01  -5.5825388e+05  -8.8129336e+04
   1.1800000e+01  -5.2931462e+05  -1.1856259e+05
   1.1900000e+01  -4.7030872e+05  -1.5071739e+05
   1.2000000e+01  -3.7484188e+05  -1.7315684e+05
   1.2100000e+01  -2.5596616e+05  -1.7075750e+05
   1.2200000e+01  -1.3555286e+05  -1.4063905e+05
   1.2300000e+01  -2.5947777e+04  -9.5990734e+04
   1.2400000e+01   7.6494344e+04  -5.2591965e+04
   1.2500000e+01   1.7953959e+05  -1.3702263e+04
   1.2600000e+01   2.7947197e+05   2.8364666e+04
   1.2700000e+01   3.6049153e+05   7.6369953e+04
   1.2800000e+01   4.0971984e+05   1.1872698e+05
   1.2900000e+01   4.2987803e+05   1.3909769e+05
   1.3000000e+01   4.3511778e+05   1.3288267e+05
   1.3100000e+01   4.3592294e+05   1.0946834e+05
   1.3200000e+01   4.3096650e+05   7.7692422e+04
   1.3300000e+01   4.1365706e+05   3.3695863e+04
   1.3400000e+01   3.8303688e+05  -3.3145895e+04
   1.3500000e+01   3.4508106e+05  -1.2399970e+05
   1.3600000e+01   3.0390272e+05  -2.2442470e+05
   1.3700000e+01   2.5487405e+05  -3.1510356e+05
   1.3800000e+01   1.8884559e+05  -3.8564706e+05
   1.3900000e+01   1.0374443e+05  -4.3615778e+05
   1.4000000e+01   1.2137094e+04  -4.6815416e+05
   1.4100000e+01  -6.2574070e+04  -4.7842900e+05
   1.4200000e+01  -9.8937891e+04  -4.6293053e+05
   1.4300000e+01  -9.0327047e+04  -4.2427112e+05
   1.4400000e+01  -4.9062605e+04  -3.7343678e+05
   1.4500000e+01   1.4712891e+03  -3.2442100e+05
   1.4600000e+01   4.1806074e+04  -2.8728262e+05
   1.4700000e+01   6.7690852e+04  -2.6393612e+05
   1.4800000e+01   8.8936773e+04  -2.4738058e+05
   1.4900000e+01   1.1697869e+05  -2.2484402e+05
   1.5000000e+01   1.5216250e+05  -1.8568997e+05
   1.5100000e+01   1.8196506e+05  -1.3100973e+05
   1.5200000e+01   1.9125847e+05  -7.6619000e+04
   1.5300000e+01   1.7488708e+05  -4.3115484e+04
   1.5400000e+01   1.4129656e+05  -3.7778914e+04
   1.5500000e+01   1.0447625e+05  -4.3680160e+04
   1.5600000e+01   7.1673125e+04  -2.8798254e+04
   1.5700000e+01   3.7308602e+04   2.8954396e+04
   1.5800000e+01  -1.2297398e+04   1.2156992e+05
   1.5900000e+01  -8.7636578e+04   2.1500170e+05
   1.6000000e+01  -1.8703686e+05   2.7539169e+05
   1.6100000e+01  -2.9648675e+05   2.9378181e+05
   1.6200000e+01  -3.9803825e+05   2.8685047e+05
   1.6300000e+01  -4.8067362e+05   2.7561172e+05
   1.6400000e+01  -5.4606500e+05   2.6583806e+05
   1.6500000e+01  -6.0511431e+05   2.4932194e+05
   1.6600000e+01  -6.6748856e+05   2.2029359e+05
   1.6700000e+01  -7.3177350e+05   1.8583216e+05
   1.6800000e+01  -7.8416512e+05   1.5977208e+05
   1.6900000e+01  -8.0715994e+05   1.5075403e+05
   1.7000000e+01  -7.9083725e+05   1.5995139e+05
   1.7100000e+01  -7.3639106e+05   1.8886864e+05
   1.7200000e+01  -6.4896294e+05   2.4405364e+05
   1.7300000e+01  -5.2828438e+05   3.3052222e+05
   1.7400000e+01  -3.6887694e+05   4.4082153e+05
   1.7500000e+01  -1.7150945e+05   5.5235425e+05
   1.7600000e+01   4.5957395e+04   6.3669981e+05
   1.7700000e+01   2.5186841e+05   6.7336525e+05
   1.7800000e+01   4.1801944e+05   6.5796269e+05
   1.7900000e+01   5.3554756e+05   6.0019456e+05
   1.8000000e+01   6.1450431e+05   5.1372038e+05
   1.8100000e+01   6.6833169e+05   4.0484616e+05
   1.8200000e+01   6.9936669e+05   2.6857625e+05
   1.8300000e+01   6.9943388e+05   9.6081945e+04
   1.8400000e+01   6.6332675e+05  -1.1205355e+05
   1.8500000e+01   6.0006644e+05  -3.3868919e+05
   1.8600000e+01   5.2997669e+05  -5.5573300e+05
   1.8700000e+01   4.7024812e+05  -7.3686231e+05
   1.8800000e+01   4.2250812e+05  -8.6581844e+05
   1.8900000e+01   3.7338566e+05  -9.3533650e+05
   1.9000000e+01   3.0716784e+05  -9.4206544e+05
   1.9100000e+01   2.1990858e+05  -8.8490719e+05
   1.9200000e+01   1.2427541e+05  -7.6760288e+05
   1.9300000e+01   4.2462281e+04  -6.0083600e+05
   1.9400000e+01  -6.7336289e+03  -4.0075819e+05
   1.9500000e+01  -1.7527738e+04  -1.8581156e+05
   1.9600000e+01   1.8535742e+03   2.4865941e+04
   1.9700000e+01   3.5400395e+04   2.1129400e+05
   1.9800000e+01   6.7289945e+04   3.5358712e+05
   1.9900000e+01   8.7107875e+04   4.3594722e+05
   2.0000000e+01   9.1570344e+04   4.5200416e+05
   2.0100000e+01   8.4189656e+04   4.0721072e+05
   2.0200000e+01   7.3461891e+04   3.1535938e+05
   2.0300000e+01   6.8941570e+04   1.9102031e+05
   2.0400000e+01   7.5949094e+04   4.3814039e+04
   2.0500000e+01   9.2300539e+04  -1.2049367e+05
   2.0600000e+01   1.1009199e+05  -2.9317962e+05
   2.0700000e+01   1.2116920e+05  -4.5690950e+05
   2.0800000e+01   1.2122230e+05  -5.8750475e+05
   2.0900000e+01   1.0927000e+05  -6.6270225e+05
   2.1000000e+01   8.4595234e+04  -6.7144769e+05
   2.1100000e+01   4.5293387e+04  -6.1744969e+05
   2.1200000e+01  -1.0644020e+04  -5.1571644e+05
   2.1300000e+01  -8.3997977e+04  -3.8511653e+05
   2.1400000e+01  -1.7360612e+05  -2.4112875e+05
   2.1500000e+01  -2.7447431e+05  -9.2304195e+04
   2.1600000e+01  -3.7492447e+05   5.7539012e+04
   2.1700000e+01  -4.5753638e+05   2.0291006e+05
   2.1800000e+01  -5.0732150e+05   3.3194762e+05
   2.1900000e+01  -5.2196334e+05   4.2940047e+05
   2.2000000e+01  -5.1356562e+05   4.8634150e+05
   2.2100000e+01  -4.9830112e+05   5.0778400e+05
   2.2200000e+01  -4.8330341e+05   5.0982756e+05
   2.2300000e+01  -4.6356625e+05   5.0763106e+05
   2.2400000e+01  -4.3086334e+05   5.0452519e+05
   2.2500000e+01  -3.8432188e+05   4.9162169e+05
   2.2600000e+01  -3.3209556e+05   4.5787572e+05
   2.2700000e+01  -2.8407734e+05   4.0214097e+05
   2.2800000e+01  -2.4387984e+05   3.3783562e+05
   2.2900000e+01  -2.0688503e+05   2.8650731e+05
   2.3000000e+01  -1.6446386e+05   2.6435153e+05
   2.3100000e+01  -1.1015934e+05   2.7115866e+05
   2.3200000e+01  -4.3708391e+04   2.9036766e+05
   2.3300000e+01   2.9119922e+04   3.0081925e+05
   2.3400000e+01   1.0040659e+05   2.9096131e+05
   2.3500000e+01   1.6499784e+05   2.6405597e+05
   2.3600000e+01   2.2322497e+05   2.3140659e+05
   2.3700000e+01   2.8003647e+05   2.0123803e+05
   2.3800000e+01   3.4147088e+05   1.7280222e+05
   2.3900000e+01   4.1016112e+05   1.3819412e+05
   2.4000000e+01   4.8165516e+05   8.7815344e+04
   2.4100000e+01   5.4419869e+05   1.5648002e+04
   2.4200000e+01   5.8426112e+05  -7.6547734e+04
   2.4300000e+01   5.9558862e+05  -1.7733423e+05
   2.4400000e+01   5.8406769e+05  -2.6889681e+05
   2.4500000e+01   5.6207350e+05  -3.3554181e+05
   2.4600000e+01   5.3606556e+05  -3.7126056e+05
   2.4700000e+01   4.9979106e+05  -3.7948831e+05
   2.4800000e+01   4.4117772e+05  -3.6598556e+05
   2.4900000e+01   3.5662850e+05  -3.3335378e+05
   2.5000000e+01   2.5787791e+05  -2.8321959e+05
   2.5100000e+01   1.6414638e+05  -2.2229277e+05
   2.5200000e+01   8.7707062e+04  -1.6361061e+05
   2.5300000e+01   2.6900484e+04  -1.2022856e+05
   2.5400000e+01  -2.8488207e+04  -9.7646375e+04
   2.5500000e+01  -8.7023875e+04  -9.2515906e+04
   2.5600000e+01  -1.5032331e+05  -9.8103094e+04
   2.5700000e+01  -2.1462384e+05  -1.1052798e+05
   2.5800000e+01  -2.7453988e+05  -1.3053578e+05
   2.5900000e+01  -3.2540331e+05  -1.6091792e+05
   2.6000000e+01  -3.6473544e+05  -2.0316028e+05
   2.6100000e+01  -3.9368706e+05  -2.5596450e+05
   2.6200000e+01  -4.1660812e+05  -3.1562094e+05
   2.6300000e+01  -4.3726241e+05  -3.7693147e+05
   2.6400000e+01  -4.5454659e+05  -4.3381062e+05
   2.6500000e+01  -4.6273262e+05  -4.7954031e+05
   2.6600000e+01  -4.5696666e+05  -5.0715044e+05
   2.6700000e+01  -4.3854891e+05  -5.1055081e+05
   2.6800000e+01  -4.1418547e+05  -4.8667928e+05
   2.6900000e+01  -3.8976388e+05  -4.3777916e+05
   2.7000000e+01  -3.6497162e+05  -3.7165869e+05
   2.7100000e+01  -3.3398431e+05  -2.9814991e+05
   2.7200000e+01  -2.9130734e+05  -2.2287559e+05
   2.7300000e+01  -2.3727930e+05  -1.4288756e+05
   2.7400000e+01  -1.7851261e+05  -4.8832457e+04
   2.7500000e+01  -1.2304161e+05   6.6606234e+04
   2.7600000e+01  -7.4262703e+04   2.0045711e+05
   2.7700000e+01  -2.8808430e+04   3.3894619e+05
   2.7800000e+01   1.9674992e+04   4.6586425e+05
   2.7900000e+01   7.4116578e+04   5.7259175e+05
   2.8000000e+01   1.3084289e+05   6.6075038e+05
   2.8100000e+01   1.8241400e+05   7.3558288e+05
   2.8200000e+01   2.2337292e+05   7.9717788e+05
   2.8300000e+01   2.5349322e+05   8.3814475e+05
   2.8400000e+01   2.7651541e+05   8.4902881e+05
   2.8500000e+01   2.9679725e+05   8.2494325e+05
   2.8600000e+01   3.1674594e+05   7.6704856e+05
   2.8700000e+01   3.3562797e+05   6.7938862e+05
   2.8800000e+01   3.4978709e+05   5.6642338e+05
   2.8900000e+01   3.5535106e+05   4.3414581e+05
   2.9000000e+01   3.5295800e+05   2.9229784e+05
   2.9100000e+01   3.4997422e+05   1.5405720e+05
   2.9200000e+01   3.5563772e+05   3.3016891e+04
   2.9300000e+01   3.7179844e+05  -6.0302895e+04
   2.9400000e+01   3.8880997e+05  -1.2139261e+05
   2.9500000e+01   3.9245006e+05  -1.5426559e+05
   2.9600000e+01   3.7565100e+05  -1.7180336e+05
   2.9700000e+01   3.4269200e+05  -1.9086806e+05
   2.9800000e+01   3.0180256e+05  -2.2295872e+05
   2.9900000e+01   2.5532928e+05  -2.6731200e+05
   3.0000000e+01   1.9863600e+05  -3.1345931e+05
   3.0100000e+01   1.2766462e+05  -3.5194400e+05
   3.0200000e+01   4.5130977e+04  -3.8338762e+05
   3.0300000e+01  -4.1542918e+04  -4.1707784e+05
   3.0400000e+01  -1.2677845e+05  -4.6034925e+05
   3.0500000e+01  -2.0985189e+05  -5.0912234e+05
   3.0600000e+01  -2.9220794e+05  -5.4900469e+05
   3.0700000e+01  -3.7341378e+05  -5.6626625e+05
   3.0800000e+01  -4.4941981e+05  -5.5828025e+05
   3.0900000e+01  -5.1263409e+05  -5.3305356e+05
   3.1000000e+01  -5.5286950e+05  -4.9793319e+05
   3.1100000e+01  -5.6060606e+05  -4.4892991e+05
   3.1200000e+01  -5.3291325e+05  -3.7255350e+05
   3.1300000e+01  -4.7750872e+05  -2.5971908e+05
   3.1400000e+01  -4.0925544e+05  -1.1805432e+05
   3.1500000e+01  -3.3990425e+05   3.0786379e+04
   3.1600000e+01  -2.6956344e+05   1.6749397e+05
   3.1700000e+01  -1.8802867e+05   2.8954869e+05
   3.1800000e+01  -8.5559492e+04   4.0929906e+05
   3.1900000e+01   3.5536051e+04   5.3706506e+05
   3.2000000e+01   1.5785330e+05   6.6536681e+05
   3.2100000e+01   2.5729941e+05   7.6958419e+05
   3.2200000e+01   3.1742034e+05   8.2500038e+05
   3.2300000e+01   3.3904944e+05   8.2493331e+05
   3.2400000e+01   3.3714862e+05   7.8367900e+05
   3.2500000e+01   3.2683975e+05   7.2204356e+05
   3.2600000e+01   3.1097984e+05   6.4906256e+05
   3.2700000e+01   2.8115531e+05   5.5629338e+05
   3.2800000e+01   2.3071603e+05   4.2857147e+05
   3.2900000e+01   1.6553342e+05   2.5999300e+05
   3.3000000e+01   1.0063984e+05   6.0695023e+04
   3.3100000e+01   4.6913254e+04  -1.4944722e+05
   3.3200000e+01   3.0427139e+03  -3.5177984e+05
   3.3300000e+01  -3.8841375e+04  -5.3421750e+05
   3.3400000e+01  -8.1488016e+04  -6.8915862e+05
   3.3500000e+01  -1.1825441e+05  -8.1019094e+05
   3.3600000e+01  -1.3973694e+05  -8.9301262e+05
   3.3700000e+01  -1.4266083e+05  -9.3883625e+05
   3.3800000e+01  -1.3205727e+05  -9.5435206e+05
   3.3900000e+01  -1.1671140e+05  -9.4612119e+05
   3.4000000e+01  -1.0358502e+05  -9.1438644e+05
   3.4100000e+01  -9.4694672e+04  -8.5300150e+05
   3.4200000e+01  -8.6439922e+04  -7.5596900e+05
   3.4300000e+01  -7.1842922e+04  -6.2384856e+05
   3.4400000e+01  -4.6593137e+04  -4.6357038e+05
   3.4500000e+01  -1.5611871e+04  -2.8290922e+05
   3.4600000e+01   7.1641484e+03  -8.6944258e+04
   3.4700000e+01   8.6907402e+03   1.1908878e+05
   3.4800000e+01  -1.1344070e+04   3.2444872e+05
   3.4900000e+01  -3.8797742e+04   5.1235034e+05
   3.5000000e+01  -5.6405496e+04   6.6597600e+05
   3.5100000e+01  -5.7825355e+04   7.7535244e+05
   3.5200000e+01  -5.1500070e+04   8.3910350e+05
   3.5300000e+01  -5.1939082e+04   8.6139162e+05
   3.5400000e+01  -6.7369859e+04   8.4870725e+05
   3.5500000e+01  -9.3857312e+04   8.0865788e+05
   3.5600000e+01  -1.1873344e+05   7.4843644e+05
   3.5700000e+01  -1.2939498e+05   6.7131794e+05
   3.5800000e+01  -1.2140452e+05   5.7442981e+05
   3.5900000e+01  -1.0069356e+05   4.5244319e+05
   3.6000000e+01  -7.7771531e+04   3.0616700e+05
   3.6100000e+01  -5.7907445e+04   1.4842336e+05
   3.6200000e+01  -3.6364020e+04   4.9705859e+02
   3.6300000e+01  -4.5016055e+03  -1.1907063e+05
   3.6400000e+01   3.8797445e+04  -2.0424461e+05
   3.6500000e+01   8.3222234e+04  -2.6203338e+05
   3.6600000e+01   1.1625506e+05  -3.0420884e+05
   3.6700000e+01   1.3609694e+05  -3.3752047e+05
   3.6800000e+01   1.5390480e+05  -3.5968950e+05
   3.6900000e+01   1.8269673e+05  -3.6289631e+05
   3.7000000e+01   2.2494192e+05  -3.4083625e+05
   3.7100000e+01   2.7130659e+05  -2.9378238e+05
   3.7200000e+01   3.1001591e+05  -2.2857800e+05
   3.7300000e+01   3.3596700e+05  -1.5439439e+05
   3.7400000e+01   3.5163359e+05  -7.7631484e+04
   3.7500000e+01   3.6165003e+05   5.0051270e+02
   3.7600000e+01   3.6758050e+05   8.1760070e+04
   3.7700000e+01   3.6618094e+05   1.6473016e+05
   3.7800000e+01   3.5039922e+05   2.3880562e+05
   3.7900000e+01   3.1218238e+05   2.8439153e+05
   3.8000000e+01   2.4709747e+05   2.8250847e+05
   3.8100000e+01   1.5907452e+05   2.2875088e+05
   3.8200000e+01   6.1120570e+04   1.3975091e+05
   3.8300000e+01  -3.0710258e+04   4.3989758e+04
   3.8400000e+01  -1.0716532e+05  -3.7441645e+04
   3.8500000e+01  -1.7194425e+05  -1.0376589e+05
   3.8600000e+01  -2.3819100e+05  -1.6950739e+05
   3.8700000e+01  -3.1669962e+05  -2.4664523e+05
   3.8800000e+01  -4.0458553e+05  -3.3062278e+05
   3.8900000e+01  -4.8408075e+05  -4.0190531e+05
   3.9000000e+01  -5.3364788e+05  -4.3982191e+05
   3.9100000e+01  -5.4307538e+05  -4.3606809e+05
   3.9200000e+01  -5.1985050e+05  -3.9822750e+05
   3.9300000e+01  -4.8110600e+05  -3.4275525e+05
   3.9400000e+01  -4.3852741e+05  -2.8355419e+05
   3.9500000e+01  -3.9039356e+05  -2.2403056e+05
   3.9600000e+01  -3.2790038e+05  -1.5811877e+05
   3.9700000e+01  -2.4844434e+05  -7.9503383e+04
   3.9800000e+01  -1.6150247e+05   8.9976484e+03
   3.9900000e+01  -8.0909602e+04   9.5124000e+04
   4.0000000e+01  -1.2163320e+04   1.6664316e+05
   4.0100000e+01   5.1290102e+04   2.2064244e+05
   4.0200000e+01   1.1887110e+05   2.6239806e+05
   4.0300000e+01   1.9094320e+05   2.9535744e+05
   4.0400000e+01   2.5674355e+05   3.1430156e+05
   4.0500000e+01   3.0340941e+05   3.1016800e+05
   4.0600000e+01   3.2566641e+05   2.8117988e+05
   4.0700000e+01   3.2665359e+05   2.3732953e+05
   4.0800000e+01   3.1141722e+05   1.9286034e+05
   4.0900000e+01   2.8208994e+05   1.5500352e+05
   4.1000000e+01   2.3970434e+05   1.2097136e+05
   4.1100000e+01   1.8845128e+05   8.5438641e+04
   4.1200000e+01   1.3562691e+05   4.9283539e+04
   4.1300000e+01   8.6927297e+04   1.9956906e+04
   4.1400000e+01   4.3305695e+04   3.8255703e+03
   4.1500000e+01   3.8323125e+03  -5.6099609e+02
   4.1600000e+01  -2.8888295e+04  -9.8430078e+02
   4.1700000e+01  -4.8197555e+04  -3.6397031e+03
   4.1800000e+01  -4.9756867e+04  -7.2430469e+03
   4.1900000e+01  -3.7789844e+04  -5.5539443e+03
   4.2000000e+01  -2.2736055e+04   3.7519907e+03
   4.2100000e+01  -1.1169834e+04   1.2846838e+04
   4.2200000e+01   1.0583164e+03   7.7081875e+03
   4.2300000e+01   2.3309529e+04  -1.9725699e+04
   4.2400000e+01   5.6734605e+04  -6.2450176e+04
   4.2500000e+01   8.7849375e+04  -1.0238802e+05
   4.2600000e+01   9.8030328e+04  -1.2506923e+05
   4.2700000e+01   8.0606891e+04  -1.3101236e+05
   4.2800000e+01   4.7952746e+04  -1.3255089e+05
   4.2900000e+01   2.0787586e+04  -1.4008350e+05
   4.3000000e+01   1.0182109e+04  -1.5251005e+05
   4.3100000e+01   9.4792871e+03  -1.6054103e+05
   4.3200000e+01   2.3424902e+03  -1.5649388e+05
   4.3300000e+01  -2.2262680e+04  -1.3854008e+05
   4.3400000e+01  -6.1537156e+04  -1.0677088e+05
   4.3500000e+01  -1.0198845e+05  -5.9346914e+04
   4.3600000e+01  -1.2950977e+05   4.6246133e+03
   4.3700000e+01  -1.3810028e+05   7.9397156e+04
   4.3800000e+01  -1.3152978e+05   1.5253062e+05
   4.3900000e+01  -1.1761073e+05   2.1175025e+05
   4.4000000e+01  -1.0029208e+05   2.5136912e+05
   4.4100000e+01  -7.6952375e+04   2.7215181e+05
   4.4200000e+01  -4.3517207e+04   2.7698206e+05
   4.4300000e+01  -1.4288398e+03   2.6866575e+05
   4.4400000e+01   4.2061141e+04   2.5114367e+05
   4.4500000e+01   8.0667000e+04   2.2947027e+05
   4.4600000e+01   1.1388508e+05   2.0595703e+05
   4.4700000e+01   1.4309438e+05   1.7690652e+05
   4.4800000e+01   1.6423530e+05   1.3574175e+05
   4.4900000e+01   1.6799758e+05   8.0868883e+04
   4.5000000e+01   1.4901995e+05   1.9717850e+04
   4.5100000e+01   1.1311981e+05  -3.6268457e+04
   4.5200000e+01   7.2993297e+04  -8.0852508e+04
   4.5300000e+01   3.6766445e+04  -1.1720998e+05
   4.5400000e+01   2.2380859e+03  -1.5413594e+05
   4.5500000e+01  -3.7680238e+04  -1.9935375e+05
   4.5600000e+01  -8.5728812e+04  -2.5533381e+05
   4.5700000e+01  -1.3730650e+05  -3.1783812e+05
   4.5800000e+01  -1.8498708e+05  -3.7576459e+05
   4.5900000e+01  -2.2387319e+05  -4.1399984e+05
   4.6000000e+01  -2.5234027e+05  -4.2104706e+05
   4.6100000e+01  -2.6913562e+05  -3.9709412e+05
   4.6200000e+01  -2.7133722e+05  -3.5435562e+05
   4.6300000e+01  -2.5589031e+05  -3.0780272e+05
   4.6400000e+01  -2.2333964e+05  -2.6476950e+05
   4.6500000e+01  -1.7969200e+05  -2.2324422e+05
   4.6600000e+01  -1.3339803e+05  -1.7865773e+05
   4.6700000e+01  -8.9200664e+04  -1.3000503e+05
   4.6800000e+01  -4.4965863e+04  -7.8806562e+04
   4.6900000e+01   4.2139307e+03  -2.4235801e+04
   4.7000000e+01   5.8340992e+04   3.7953230e+04
   4.7100000e+01   1.1035256e+05   1.1060712e+05
   4.7200000e+01   1.5328578e+05   1.8986389e+05
   4.7300000e+01   1.8899375e+05   2.6537069e+05
   4.7400000e+01   2.2678862e+05   3.2614744e+05
   4.7500000e+01   2.7093838e+05   3.6689359e+05
   4.7600000e+01   3.1001331e+05   3.8978597e+05
   4.7700000e+01   3.2169638e+05   4.0132947e+05
   4.7800000e+01   2.9124691e+05   4.0774431e+05
   4.7900000e+01   2.2654291e+05   4.1232475e+05
   4.8000000e+01   1.5453111e+05   4.1512619e+05
   4.8100000e+01   1.0150567e+05   4.1315406e+05
   4.8200000e+01   7.4710641e+04   4.0040069e+05
   4.8300000e+01   6.0495035e+04   3.6939856e+05
   4.8400000e+01   3.8388449e+04   3.1532728e+05
   4.8500000e+01  -2.4798438e+03   2.4009578e+05
   4.8600000e+01  -5.7189973e+04   1.5213841e+05
   4.8700000e+01  -1.1079314e+05   6.1253473e+04
   4.8800000e+01  -1.4885394e+05  -2.6984686e+04
   4.8900000e+01  -1.6496816e+05  -1.1230969e+05
   4.9000000e+01  -1.6210239e+05  -1.9629172e+05
   4.9100000e+01  -1.4882328e+05  -2.7832378e+05
   4.9200000e+01  -1.3327345e+05  -3.5410500e+05
   4.9300000e+01  -1.1821017e+05  -4.1644441e+05
   4.9400000e+01  -9.9995578e+04  -4.5729134e+05
   4.9500000e+01  -7.2366836e+04  -4.7083934e+05
   4.9600000e+01  -3.2600613e+04  -4.5693688e+05
   4.9700000e+01   1.4377480e+04  -4.2211375e+05
   4.9800000e+01   5.7402375e+04  -3.7616222e+05
   4.9900000e+01   8.5777188e+04  -3.2616231e+05
   5.0000000e+01   9.6950312e+04  -2.7267378e+05
   5.0100000e+01   9.9141047e+04  -2.1097384e+05
   5.0200000e+01   1.0563298e+05  -1.3603156e+05
   5.0300000e+01   1.2391339e+05  -4.7706344e+04
   5.0400000e+01   1.4841847e+05   4.6883789e+04
   5.0500000e+01   1.6428808e+05   1.3556192e+05
   5.0600000e+01   1.6021459e+05   2.0738886e+05
   5.0700000e+01   1.3889844e+05   2.5900864e+05
   5.0800000e+01   1.1437643e+05   2.9529112e+05
   5.0900000e+01   9.7920172e+04   3.2281844e+05
   5.1000000e+01   8.6381594e+04   3.4232681e+05
   5.1100000e+01   6.5094477e+04   3.4803794e+05
   5.1200000e+01   2.2475715e+04   3.3434278e+05
   5.1300000e+01  -3.8650836e+04   3.0194334e+05
   5.1400000e+01  -1.0382033e+05   2.5667184e+05
   5.1500000e+01  -1.5931011e+05   2.0325503e+05
   5.1600000e+01  -2.0092438e+05   1.4172534e+05
   5.1700000e+01  -2.3253286e+05   6.9863719e+04
   5.1800000e+01  -2.5963450e+05  -1.2321188e+04
   5.1900000e+01  -2.8580588e+05  -1.0110982e+05
   5.2000000e+01  -3.1256881e+05  -1.9060384e+05
   5.2100000e+01  -3.3824350e+05  -2.7407806e+05
   5.2200000e+01  -3.5560631e+05  -3.4414328e+05
   5.2300000e+01  -3.5379622e+05  -3.9367316e+05
   5.2400000e+01  -3.2658519e+05  -4.1826419e+05
   5.2500000e+01  -2.7984959e+05  -4.1775459e+05
   5.2600000e+01  -2.2894008e+05  -3.9441638e+05
   5.2700000e+01  -1.8656291e+05  -3.4942831e+05
   5.2800000e+01  -1.5277169e+05  -2.8184681e+05
   5.2900000e+01  -1.1709523e+05  -1.9171545e+05
   5.3000000e+01  -6.9848719e+04  -8.4048492e+04
   5.3100000e+01  -1.0223898e+04   3.0912508e+04
   5.3200000e+01   5.6372961e+04   1.4193477e+05
   5.3300000e+01   1.2619912e+05   2.4174950e+05
   5.3400000e+01   1.9916030e+05   3.2849353e+05
   5.3500000e+01   2.7231838e+05   4.0284725e+05
   5.3600000e+01   3.3446341e+05   4.6355022e+05
   5.3700000e+01   3.7162012e+05   5.0480006e+05
   5.3800000e+01   3.8026056e+05   5.1759856e+05
   5.3900000e+01   3.7365703e+05   4.9466994e+05
   5.4000000e+01   3.7183825e+05   4.3596884e+05
   5.4100000e+01   3.8300516e+05   3.5048466e+05
   5.4200000e+01   3.9475678e+05   2.5215197e+05
   5.4300000e+01   3.8462741e+05   1.5264491e+05
   5.4400000e+01   3.4029562e+05   5.7026582e+04
   5.4500000e+01   2.7073181e+05  -3.4451926e+04
   5.4600000e+01   1.9914973e+05  -1.2133630e+05
   5.4700000e+01   1.4559394e+05  -2.0044198e+05
   5.4800000e+01   1.1429245e+05  -2.6766062e+05
   5.4900000e+01   9.4046117e+04  -3.2047100e+05
   5.5000000e+01   6.8473016e+04  -3.5738528e+05
   5.5100000e+01   2.7386859e+04  -3.7556006e+05
   5.5200000e+01  -2.7508572e+04  -3.7099331e+05
   5.5300000e+01  -8.4719180e+04  -3.4265888e+05
   5.5400000e+01  -1.3078213e+05  -2.9647594e+05
   5.5500000e+01  -1.5874444e+05  -2.4408531e+05
   5.5600000e+01  -1.7161542e+05  -1.9636052e+05
   5.5700000e+01  -1.7855777e+05  -1.5688167e+05
   5.5800000e+01  -1.8743784e+05  -1.2080945e+05
   5.5900000e+01  -2.0017209e+05  -7.9963078e+04
   5.6000000e+01  -2.1384442e+05  -3.0066691e+04
   5.6100000e+01  -2.2459059e+05   2.5173928e+04
   5.6200000e+01  -2.2960005e+05   7.5926500e+04
   5.6300000e+01  -2.2654872e+05   1.1250408e+05
   5.6400000e+01  -2.1341700e+05   1.3141369e+05
   5.6500000e+01  -1.9008914e+05   1.3674906e+05
   5.6600000e+01  -1.5931327e+05   1.3607925e+05
   5.6700000e+01  -1.2484142e+05   1.3430072e+05
   5.6800000e+01  -8.8852875e+04   1.3045132e+05
   5.6900000e+01  -5.2341387e+04   1.1991047e+05
   5.7000000e+01  -1.7779652e+04   9.9795953e+04
   5.7100000e+01   1.0790230e+04   7.2519688e+04
   5.7200000e+01   3.1943779e+04   4.3963121e+04
   5.7300000e+01   4.9914746e+04   1.7753367e+04
   5.7400000e+01   7.0558078e+04  -8.6104805e+03
   5.7500000e+01   9.3115531e+04  -4.1088297e+04
   5.7600000e+01   1.0780484e+05  -8.1606141e+04
   5.7700000e+01   1.0393145e+05  -1.2316334e+05
   5.7800000e+01   8.0544438e+04  -1.5332073e+05
   5.7900000e+01   4.7584043e+04  -1.6353473e+05
   5.8000000e+01   1.6081984e+04  -1.5538000e+05
   5.8100000e+01  -1.1296352e+04  -1.3753142e+05
   5.8200000e+01  -3.8927574e+04  -1.1687329e+05
   5.8300000e+01  -6.8945492e+04  -9.3062539e+04
   5.8400000e+01  -9.6037852e+04  -6.1733801e+04
   5.8500000e+01  -1.1253433e+05  -2.1861832e+04
   5.8600000e+01  -1.1687489e+05   2.1664430e+04
   5.8700000e+01  -1.1446614e+05   6.3334988e+04
   5.8800000e+01  -1.0969096e+05   1.0349670e+05
   5.8900000e+01  -9.9273414e+04   1.4705527e+05
   5.9000000e+01  -7.6130945e+04   1.9430250e+05
   5.9100000e+01  -4.0084902e+04   2.3443147e+05
   5.9200000e+01  -2.4432344e+03   2.5166334e+05
   5.9300000e+01   2.2691953e+04   2.4052688e+05
   5.9400000e+01   3.2274719e+04   2.1476638e+05
   5.9500000e+01   3.8051227e+04   1.9845047e+05
   5.9600000e+01   5.5059133e+04   2.0577178e+05
   5.9700000e+01   8.6592312e+04   2.2879072e+05
   5.9800000e+01   1.2166309e+05   2.4530275e+05
   5.9900000e+01   1.4731558e+05   2.3898897e+05
   6.0000000e+01   1.6167509e+05   2.1223678e+05
   6.0100000e+01   1.7317895e+05   1.8045380e+05
   6.0200000e+01   1.8750239e+05   1.5547505e+05
   6.0300000e+01   1.9771800e+05   1.3514139e+05
   6.0400000e+01   1.8928455e+05   1.0802478e+05
   6.0500000e+01   1.5456559e+05   6.6573891e+04
   6.0600000e+01   1.0119046e+05   1.4650125e+04
   6.0700000e+01   4.5759719e+04  -3.7451855e+04
   6.0800000e+01   4.2042969e+01  -8.4152703e+04
   6.0900000e+01  -3.6463512e+04  -1.2965430e+05
   6.1000000e+01  -7.1703664e+04  -1.8168394e+05
   6.1100000e+01  -1.1047959e+05  -2.4102738e+05
   6.1200000e+01  -1.4858378e+05  -2.9846534e+05
   6.1300000e+01  -1.7595319e+05  -3.4246925e+05
   6.1400000e+01  -1.8474728e+05  -3.6912778e+05
   6.1500000e+01  -1.7510395e+05  -3.8361038e+05
   6.1600000e+01  -1.5421267e+05  -3.9220809e+05
   6.1700000e+01  -1.2996077e+05  -3.9420644e+05
   6.1800000e+01  -1.0497417e+05  -3.8214031e+05
   6.1900000e+01  -7.6933641e+04  -3.4928681e+05
   6.2000000e+01  -4.5217723e+04  -2.9627212e+05
   6.2100000e+01  -1.6473781e+04  -2.3115125e+05
   6.2200000e+01  -1.1291484e+03  -1.6433403e+05
   6.2300000e+01  -2.2488398e+03  -1.0304138e+05
   6.2400000e+01  -8.4707422e+03  -4.8434305e+04
   6.2500000e+01  -9.6890625e+02   3.4355312e+03
   6.2600000e+01   2.9984576e+04   5.6657844e+04
   6.2700000e+01   7.4801570e+04   1.0883157e+05
   6.2800000e+01   1.1125703e+05   1.4871764e+05
   6.2900000e+01   1.2158857e+05   1.6285098e+05
   6.3000000e+01   1.0400649e+05   1.4734650e+05
   6.3100000e+01   7.0435539e+04   1.1374505e+05
   6.3200000e+01   3.6646309e+04   8.1756875e+04
   6.3300000e+01   1.5008594e+04   6.4862148e+04
   6.3400000e+01   1.2213598e+04   6.2309984e+04
   6.3500000e+01   2.7684539e+04   6.3905617e+04
   6.3600000e+01   5.1693570e+04   6.0683094e+04
   6.3700000e+01   6.8256656e+04   5.0719711e+04
   6.3800000e+01   6.5232070e+04   3.7645477e+04
   6.3900000e+01   4.4350656e+04   2.7434438e+04
   6.4000000e+01   2.0561172e+04   2.7245473e+04
   6.4100000e+01   9.8424453e+03   4.3876703e+04
   6.4200000e+01   1.7157289e+04   7.9460844e+04
   6.4300000e+01   3.6222984e+04   1.2794048e+05
   6.4400000e+01   5.9537195e+04   1.7752753e+05
   6.4500000e+01   8.6095250e+04   2.1794559e+05
   6.4600000e+01   1.1832527e+05   2.4535627e+05
   6.4700000e+01   1.5347839e+05   2.6084109e+05
   6.4800000e+01   1.8124917e+05   2.6605681e+05
   6.4900000e+01   1.9134781e+05   2.6175616e+05
   6.5000000e+01   1.8255739e+05   2.4933067e+05
   6.5100000e+01   1.6313828e+05   2.3098112e+05
   6.5200000e+01   1.4236461e+05   2.0687308e+05
   6.5300000e+01   1.2215898e+05   1.7319762e+05
   6.5400000e+01   9.6506547e+04   1.2519371e+05
   6.5500000e+01   5.7941086e+04   6.3357668e+04
   6.5600000e+01   4.7491758e+03  -3.4073066e+03
   6.5700000e+01  -5.6362641e+04  -6.1650590e+04
   6.5800000e+01  -1.1329244e+05  -1.0165918e+05
   6.5900000e+01  -1.5531742e+05  -1.2338357e+05
   6.6000000e+01  -1.7973770e+05  -1.3504961e+05
   6.6100000e+01  -1.9359042e+05  -1.4567286e+05
   6.6200000e+01  -2.0789933e+05  -1.5804334e+05
   6.6300000e+01  -2.2792181e+05  -1.6835047e+05
   6.6400000e+01  -2.4767711e+05  -1.7217681e+05
   6.6500000e+01  -2.5452447e+05  -1.7017556e+05
   6.6600000e+01  -2.4053845e+05  -1.6752202e+05
   6.6700000e+01  -2.1050700e+05  -1.6867803e+05
   6.6800000e+01  -1.7902878e+05  -1.7416294e+05
   6.6900000e+01  -1.5915895e+05  -1.8235828e+05
   6.7000000e+01  -1.5261586e+05  -1.9209866e+05
   6.7100000e+01  -1.4966414e+05  -2.0136377e+05
   6.7200000e+01  -1.3791350e+05  -2.0452930e+05
   6.7300000e+01  -1.1213484e+05  -1.9445194e+05
   6.7400000e+01  -7.7696539e+04  -1.6923934e+05
   6.7500000e+01  -4.6424344e+04  -1.3526623e+05
   6.7600000e+01  -2.9158229e+04  -1.0067364e+05
   6.7700000e+01  -3.0023902e+04  -6.5682602e+04
   6.7800000e+01  -4.4784168e+04  -2.1881471e+04
   6.7900000e+01  -6.3109727e+04   3.6890312e+04
   6.8000000e+01  -7.3594422e+04   1.0370306e+05
   6.8100000e+01  -6.9617281e+04   1.6077406e+05
   6.8200000e+01  -5.3014641e+04   1.9393161e+05
   6.8300000e+01  -3.2579510e+04   2.0502612e+05
   6.8400000e+01  -1.7373297e+04   2.0983938e+05
   6.8500000e+01  -9.2861172e+03   2.2351906e+05
   6.8600000e+01  -9.9939062e+02   2.4719147e+05
   6.8700000e+01   1.8225477e+04   2.6733962e+05
   6.8800000e+01   5.3265336e+04   2.6737456e+05
   6.8900000e+01   9.8356031e+04   2.4068655e+05
   6.9000000e+01   1.4128991e+05   1.9467209e+05
   6.9100000e+01   1.7292062e+05   1.4400153e+05
   6.9200000e+01   1.9315284e+05   1.0010997e+05
   6.9300000e+01   2.0790417e+05   6.5335945e+04
   6.9400000e+01   2.2054544e+05   3.4505297e+04
   6.9500000e+01   2.2701975e+05   5.2943848e+02
   6.9600000e+01   2.1999105e+05  -4.0638531e+04
   6.9700000e+01   1.9768380e+05  -8.7462109e+04
   6.9800000e+01   1.6785212e+05  -1.3247516e+05
   6.9900000e+01   1.4230808e+05  -1.6476478e+05
   7.0000000e+01   1.2723775e+05  -1.7611752e+05
   7.0100000e+01   1.1861467e+05  -1.6817412e+05
   7.0200000e+01   1.0657010e+05  -1.5416127e+05
   7.0300000e+01   8.4147828e+04  -1.5114575e+05
   7.0400000e+01   5.2959102e+04  -1.6739308e+05
   7.0500000e+01   2.2124553e+04  -1.9558608e+05
   7.0600000e+01   2.2529297e+03  -2.1851361e+05
   7.0700000e+01  -1.3164805e+03  -2.2251805e+05
   7.0800000e+01   7.9001445e+03  -2.0697044e+05
   7.0900000e+01   1.9334641e+04  -1.8225952e+05
   7.1000000e+01   2.1814820e+04  -1.5939027e+05
   7.1100000e+01   1.0457602e+04  -1.4085112e+05
   7.1200000e+01  -1.1058484e+04  -1.1991429e+05
   7.1300000e+01  -3.4272145e+04  -8.7758250e+04
   7.1400000e+01  -5.2090938e+04  -4.1775047e+04
   7.1500000e+01  -6.2323953e+04   1.1736411e+04
   7.1600000e+01  -6.7046742e+04   6.2217555e+04
   7.1700000e+01  -6.9946281e+04   1.0238316e+05
   7.1800000e+01  -7.3941773e+04   1.3197406e+05
   7.1900000e+01  -7.9485203e+04   1.5493605e+05
   7.2000000e+01  -8.3598461e+04   1.7358138e+05
   7.2100000e+01  -8.0874375e+04   1.8564975e+05
   7.2200000e+01  -6.7161156e+04   1.8634469e+05
   7.2300000e+01  -4.3632336e+04   1.7228283e+05
   7.2400000e+01  -1.7096529e+04   1.4369614e+05
   7.2500000e+01   4.8531211e+03   1.0453452e+05
   7.2600000e+01   1.9977074e+04   6.1890953e+04
   7.2700000e+01   3.2986859e+04   2.4514250e+04
   7.2800000e+01   5.0862508e+04  -7.0554688e+02
   7.2900000e+01   7.6230578e+04  -1.2599457e+04
   7.3000000e+01   1.0475759e+05  -1.5817109e+04
   7.3100000e+01   1.2817752e+05  -1.6109031e+04
   7.3200000e+01   1.3935238e+05  -1.5526992e+04
   7.3300000e+01   1.3513484e+05  -1.2640227e+04
   7.3400000e+01   1.1634630e+05  -6.3584766e+03
   7.3500000e+01   8.6881250e+04   2.7055664e+03
   7.3600000e+01   5.2985598e+04   1.5273518e+04
   7.3700000e+01   2.1656096e+04   3.5420672e+04
   7.3800000e+01  -2.4398145e+03   6.6496883e+04
   7.3900000e+01  -1.9660482e+04   1.0435773e+05
   7.4000000e+01  -3.5023188e+04   1.3649548e+05
   7.4100000e+01  -5.4460484e+04   1.4991309e+05
   7.4200000e+01  -8.0435922e+04   1.4077425e+05
   7.4300000e+01  -1.1027680e+05   1.1692574e+05
   7.4400000e+01  -1.3845823e+05   9.1777328e+04
   7.4500000e+01  -1.6110672e+05   7.5390586e+04
   7.4600000e+01  -1.7918556e+05   6.9075625e+04
   7.4700000e+01  -1.9750605e+05   6.5804211e+04
   7.4800000e+01  -2.2000995e+05   5.5446410e+04
   7.4900000e+01  -2.4537930e+05   3.1850930e+04
   7.5000000e+01  -2.6715369e+05  -2.8912969e+03
   7.5100000e+01  -2.7819903e+05  -4.0775969e+04
   7.5200000e+01  -2.7497069e+05  -7.5124430e+04
   7.5300000e+01  -2.5781303e+05  -1.0553653e+05
   7.5400000e+01  -2.2866706e+05  -1.3520406e+05
   7.5500000e+01  -1.9034980e+05  -1.6393175e+05
   7.5600000e+01  -1.4820673e+05  -1.8564012e+05
   7.5700000e+01  -1.1010279e+05  -1.9388938e+05
   7.5800000e+01  -8.1729539e+04  -1.8896602e+05
   7.5900000e+01  -6.0782832e+04  -1.7781206e+05
   7.6000000e+01  -3.7245695e+04  -1.6662653e+05
   7.6100000e+01  -1.8051562e+03  -1.5472745e+05
   7.6200000e+01   4.4774953e+04  -1.3647872e+05
   7.6300000e+01   9.0986672e+04  -1.0840257e+05
   7.6400000e+01   1.2426745e+05  -7.3134055e+04
   7.6500000e+01   1.4224672e+05  -3.6630535e+04
   7.6600000e+01   1.5483541e+05  -3.1461660e+03
   7.6700000e+01   1.7499889e+05   2.6082617e+04
   7.6800000e+01   2.0652891e+05   5.0296547e+04
   7.6900000e+01   2.3984097e+05   6.7492102e+04
   7.7000000e+01   2.5980233e+05   7.6265602e+04
   7.7100000e+01   2.5902188e+05   7.8627656e+04
   7.7200000e+01   2.4467739e+05   7.9528234e+04
   7.7300000e+01   2.3188764e+05   8.2695500e+04
   7.7400000e+01   2.2891519e+05   8.6883141e+04
   7.7500000e+01   2.2847341e+05   8.6599773e+04
   7.7600000e+01   2.1495170e+05   7.7132055e+04
   7.7700000e+01   1.8144750e+05   5.9692062e+04
   7.7800000e+01   1.3893103e+05   4.2345625e+04
   7.7900000e+01   1.0680647e+05   3.5594398e+04
   7.8000000e+01   9.4068422e+04   4.5315855e+04
   7.8100000e+01   9.1131391e+04   6.7849617e+04
   7.8200000e+01   8.0868016e+04   9.1266852e+04
   7.8300000e+01   5.6128023e+04   1.0303195e+05
   7.8400000e+01   2.4796395e+04   9.8938922e+04
   7.8500000e+01  -1.0633403e+03   8.5755172e+04
   7.8600000e+01  -1.7694840e+04   7.4453203e+04
   7.8700000e+01  -3.0192895e+04   6.9852109e+04
   7.8800000e+01  -4.3455789e+04   6.6814359e+04
   7.8900000e+01  -5.6156035e+04   5.6681184e+04
   7.9000000e+01  -6.3999023e+04   3.6457684e+04
   7.9100000e+01  -6.6266430e+04   1.0485645e+04
   7.9200000e+01  -6.7065781e+04  -1.6132680e+04
   7.9300000e+01  -7.0638031e+04  -4.2988320e+04
   7.9400000e+01  -7.6881000e+04  -7.1658852e+04
   7.9500000e+01  -8.1701211e+04  -9.9427797e+04
   7.9600000e+01  -8.1076484e+04  -1.1917089e+05
   7.9700000e+01  -7.4798891e+04  -1.2662981e+05
   7.9800000e+01  -6.7066953e+04  -1.2561922e+05
   7.9900000e+01  -6.3717648e+04  -1.2368595e+05
   8.0000000e+01  -6.8159016e+04  -1.2312097e+05
   8.0100000e+01  -7.9152484e+04  -1.1854150e+05
   8.0200000e+01  -9.2230141e+04  -1.0402709e+05
   8.0300000e+01  -1.0316805e+05  -8.0824805e+04
   8.0400000e+01  -1.1017684e+05  -5.6367848e+04
   8.0500000e+01  -1.1369342e+05  -3.6502145e+04
   8.0600000e+01  -1.1569627e+05  -2.0629738e+04
   8.0700000e+01  -1.1965989e+05  -4.6888086e+03
   8.0800000e+01  -1.2912665e+05   1.3004234e+04
   8.0900000e+01  -1.4358291e+05   3.0137785e+04
   8.1000000e+01  -1.5558416e+05   4.3232617e+04
   8.1100000e+01  -1.5496384e+05   4.9680992e+04
   8.1200000e+01  -1.3884214e+05   4.6609266e+04
   8.1300000e+01  -1.1706847e+05   3.0147541e+04
   8.1400000e+01  -1.0445750e+05  -1.1391777e+03
   8.1500000e+01  -1.0491107e+05  -4.1021117e+04
   8.1600000e+01  -1.0355245e+05  -7.5314516e+04
   8.1700000e+01  -7.7243203e+04  -8.9816219e+04
   8.1800000e+01  -1.5573500e+04  -8.1382508e+04
   8.1900000e+01   6.7367680e+04  -6.2282297e+04
   8.2000000e+01   1.4250112e+05  -5.2199215e+04
   8.2100000e+01   1.8869761e+05  -6.2810320e+04
   8.2200000e+01   2.0851303e+05  -8.7585258e+04
   8.2300000e+01   2.2255952e+05  -1.0633452e+05
   8.2400000e+01   2.4796041e+05  -1.0144032e+05
   8.2500000e+01   2.8099122e+05  -7.1909750e+04
   8.2600000e+01   3.0017016e+05  -3.3231426e+04
   8.2700000e+01   2.8685328e+05  -4.0511504e+03
   8.2800000e+01   2.4357797e+05   7.9943770e+03
   8.2900000e+01   1.9250072e+05   9.8301270e+03
   8.3000000e+01   1.5590997e+05   1.4966182e+04
   8.3100000e+01   1.3833166e+05   3.2240607e+04
   8.3200000e+01   1.2683717e+05   6.0190188e+04
   8.3300000e+01   1.0629673e+05   8.9944375e+04
   8.3400000e+01   7.1815555e+04   1.1284584e+05
   8.3500000e+01   2.7139941e+04   1.2617566e+05
   8.3600000e+01  -2.4157311e+04   1.3291748e+05
   8.3700000e+01  -8.1109062e+04   1.3735088e+05
   8.3800000e+01  -1.3938498e+05   1.4193591e+05
   8.3900000e+01  -1.8797139e+05   1.4830109e+05
   8.4000000e+01  -2.1617334e+05   1.5929728e+05
   8.4100000e+01  -2.2374986e+05   1.7778569e+05
   8.4200000e+01  -2.2130072e+05   2.0300489e+05
   8.4300000e+01  -2.1957381e+05   2.2955778e+05
   8.4400000e+01  -2.1995312e+05   2.5085556e+05
   8.4500000e+01  -2.1639575e+05   2.6275453e+05
   8.4600000e+01  -2.0476016e+05   2.6325656e+05
   8.4700000e+01  -1.8751783e+05   2.5034422e+05
   8.4800000e+01  -1.6928631e+05   2.2264762e+05
   8.4900000e+01  -1.5039633e+05   1.8238433e+05
   8.5000000e+01  -1.2686086e+05   1.3511380e+05
   8.5100000e+01  -9.5914125e+04   8.4736578e+04
   8.5200000e+01  -5.9605582e+04   2.9899154e+04
   8.5300000e+01  -2.2552049e+04  -3.2364098e+04
   8.5400000e+01   1.2195495e+04  -9.9331336e+04
   8.5500000e+01   4.3488836e+04  -1.6110709e+05
   8.5600000e+01   6.8832305e+04  -2.0794866e+05
   8.5700000e+01   8.3124352e+04  -2.3833189e+05
   8.5800000e+01   8.2800875e+04  -2.5837342e+05
   8.5900000e+01   7.1611734e+04  -2.7350797e+05
   8.6000000e+01   6.0898324e+04  -2.8227441e+05
   8.6100000e+01   6.2287934e+04  -2.7896550e+05
   8.6200000e+01   7.8970086e+04  -2.6129152e+05
   8.6300000e+01   1.0389952e+05  -2.3405594e+05
   8.6400000e+01   1.2664807e+05  -2.0532353e+05
   8.6500000e+01   1.4219150e+05  -1.8005853e+05
   8.6600000e+01   1.5350070e+05  -1.5786175e+05
   8.6700000e+01   1.6642292e+05  -1.3566586e+05
   8.6800000e+01   1.8268969e+05  -1.1099330e+05
   8.6900000e+01   1.9783502e+05  -8.2575781e+04
   8.7000000e+01   2.0538494e+05  -4.9925051e+04
   8.7100000e+01   2.0275012e+05  -1.4755180e+04
   8.7200000e+01   1.9305092e+05   1.6829961e+04
   8.7300000e+01   1.8111345e+05   3.5868758e+04
   8.7400000e+01   1.6744841e+05   3.7224027e+04
   8.7500000e+01   1.4639928e+05   2.5880414e+04
   8.7600000e+01   1.1124197e+05   1.5294790e+04
   8.7700000e+01   6.2053906e+04   1.7334420e+04
   8.7800000e+01   8.1501455e+03   3.2652652e+04
   8.7900000e+01  -3.8916691e+04   5.0981500e+04
   8.8000000e+01  -7.6067000e+04   6.0988898e+04
   8.8100000e+01  -1.1203117e+05   5.9554383e+04
   8.8200000e+01  -1.5838492e+05   5.1613922e+04
   8.8300000e+01  -2.1613166e+05   4.2506082e+04
   8.8400000e+01  -2.7160019e+05   3.2411369e+04
   8.8500000e+01  -3.0690150e+05   1.8479006e+04
   8.8600000e+01  -3.1517884e+05   2.8583984e+02
   8.8700000e+01  -3.0542584e+05  -1.9097680e+04
   8.8800000e+01  -2.9229981e+05  -3.7345980e+04
   8.8900000e+01  -2.8202969e+05  -5.5805855e+04
   8.9000000e+01  -2.6899831e+05  -7.6285078e+04
   8.9100000e+01  -2.4498958e+05  -9.5586625e+04
   8.9200000e+01  -2.0891805e+05  -1.0569073e+05
   8.9300000e+01  -1.6560494e+05  -1.0102710e+05
   8.9400000e+01  -1.1670243e+05  -8.5017945e+04
   8.9500000e+01  -5.7205145e+04  -6.7706344e+04
   8.9600000e+01   1.6138637e+04  -5.6007945e+04
   8.9700000e+01   9.4429297e+04  -4.6858883e+04
   8.9800000e+01   1.5884223e+05  -3.0877213e+04
   8.9900000e+01   1.9602025e+05  -2.7240312e+03
   9.0000000e+01   2.1063192e+05   3.3045027e+04
   9.0100000e+01   2.2061105e+05   6.6782664e+04
   9.0200000e+01   2.3934561e+05   9.3608375e+04
   9.0300000e+01   2.6337706e+05   1.1763298e+05
   9.0400000e+01   2.7761638e+05   1.4673183e+05
   9.0500000e+01   2.7094950e+05   1.8421892e+05
   9.0600000e+01   2.4540244e+05   2.2564297e+05
   9.0700000e+01   2.1129709e+05   2.6198006e+05
   9.0800000e+01   1.7652144e+05   2.8446750e+05
   9.0900000e+01   1.4228250e+05   2.8750869e+05
   9.1000000e+01   1.0784289e+05   2.7012116e+05
   9.1100000e+01   7.6040891e+04   2.3668806e+05
   9.1200000e+01   5.1942379e+04   1.9554756e+05
   9.1300000e+01   3.6517383e+04   1.5484380e+05
   9.1400000e+01   2.3666273e+04   1.1873705e+05
   9.1500000e+01   5.0277812e+03   8.7365922e+04
   9.1600000e+01  -2.2082812e+04   5.9404734e+04
   9.1700000e+01  -5.1926305e+04   3.3176012e+04
   9.1800000e+01  -7.5491445e+04   5.6265195e+03
   9.1900000e+01  -8.8016156e+04  -2.7112561e+04
   9.2000000e+01  -9.1623977e+04  -6.5719312e+04
   9.2100000e+01  -9.1862672e+04  -1.0440709e+05
   9.2200000e+01  -9.3219031e+04  -1.3368997e+05
   9.2300000e+01  -9.8163047e+04  -1.4793255e+05
   9.2400000e+01  -1.0863560e+05  -1.5021339e+05
   9.2500000e+01  -1.2590648e+05  -1.4927714e+05
   9.2600000e+01  -1.4811381e+05  -1.5164612e+05
   9.2700000e+01  -1.6943258e+05  -1.5679111e+05
   9.2800000e+01  -1.8369370e+05  -1.5960855e+05
   9.2900000e+01  -1.8933531e+05  -1.5673961e+05
   9.3000000e+01  -1.8996905e+05  -1.4963975e+05
   9.3100000e+01  -1.8982425e+05  -1.4124950e+05
   9.3200000e+01  -1.8966705e+05  -1.3053189e+05
   9.3300000e+01  -1.8777030e+05  -1.1212838e+05
   9.3400000e+01  -1.8326392e+05  -8.2972312e+04
   9.3500000e+01  -1.7587134e+05  -4.9005520e+04
   9.3600000e+01  -1.6181423e+05  -2.3391512e+04
   9.3700000e+01  -1.3272939e+05  -1.6362945e+04
   9.3800000e+01  -8.2107570e+04  -2.6799355e+04
   9.3900000e+01  -1.3750240e+04  -4.4460176e+04
   9.4000000e+01   5.7910465e+04  -5.9915430e+04
   9.4100000e+01   1.1780141e+05  -7.0742445e+04
   9.4200000e+01   1.6091536e+05  -7.7940836e+04
   9.4300000e+01   1.9289503e+05  -7.8897391e+04
   9.4400000e+01   2.2065244e+05  -6.7066688e+04
   9.4500000e+01   2.4360609e+05  -3.9482750e+04
   9.4600000e+01   2.5449738e+05  -3.0592324e+03
   9.4700000e+01   2.4800947e+05   2.8346021e+04
   9.4800000e+01   2.2780423e+05   4.3989578e+04
   9.4900000e+01   2.0509136e+05   4.4120301e+04
   9.5000000e+01   1.9018212e+05   3.9018867e+04
   9.5100000e+01   1.8428253e+05   4.0638883e+04
   9.5200000e+01   1.7816920e+05   5.3761621e+04
   9.5300000e+01   1.5913914e+05   7.3092727e+04
   9.5400000e+01   1.2148285e+05   8.8032406e+04
   9.5500000e+01   7.2411734e+04   9.1208156e+04
   9.5600000e+01   2.7816266e+04   8.3782555e+04
   9.5700000e+01   7.7601562e+01   7.2975555e+04
   9.5800000e+01  -1.2292766e+04   6.4272742e+04
   9.5900000e+01  -2.3626227e+04   5.6151930e+04
   9.6000000e+01  -4.8552273e+04   4.2649812e+04
   9.6100000e+01  -8.8599086e+04   2.0546102e+04
   9.6200000e+01  -1.3016370e+05  -7.1800938e+03
   9.6300000e+01  -1.5593062e+05  -3.5308852e+04
   9.6400000e+01  -1.5921916e+05  -6.2281488e+04
   9.6500000e+01  -1.4809197e+05  -9.0220461e+04
   9.6600000e+01  -1.3619803e+05  -1.1889014e+05
   9.6700000e+01  -1.3004927e+05  -1.4150291e+05
   9.6800000e+01  -1.2488587e+05  -1.4835759e+05
   9.6900000e+01  -1.1156395e+05  -1.3473284e+05
   9.7000000e+01  -8.6000219e+04  -1.0443420e+05
   9.7100000e+01  -5.1986434e+04  -6.5887656e+04
   9.7200000e+01  -1.6741457e+04  -2.5962090e+04
   9.7300000e+01   1.4511223e+04   1.2488277e+04
   9.7400000e+01   4.0332500e+04   4.9251859e+04
   9.7500000e+01   6.2245625e+04   8.5005961e+04
   9.7600000e+01   8.3686000e+04   1.2035909e+05
   9.7700000e+01   1.0814181e+05   1.5445461e+05
   9.7800000e+01   1.3542550e+05   1.8363662e+05
   9.7900000e+01   1.5898961e+05   2.0259178e+05
   9.8000000e+01   1.6888902e+05   2.0786330e+05
   9.8100000e+01   1.5944872e+05   2.0002995e+05
   9.8200000e+01   1.3398867e+05   1.8224008e+05
   9.8300000e+01   1.0098973e+05   1.5758084e+05
   9.8400000e+01   6.5973758e+04   1.2876688e+05
   9.8500000e+01   2.8787980e+04   9.9501891e+04
   9.8600000e+01  -1.0782977e+04   7.4175695e+04
   9.8700000e+01  -4.7009488e+04   5.5242895e+04
   9.8800000e+01  -7.0646062e+04   4.1179883e+04
   9.8900000e+01  -7.7982570e+04   2.7336727e+04
   9.9000000e+01  -7.5773500e+04   9.2659922e+03
   9.9100000e+01  -7.5379562e+04  -1.2926574e+04
   9.9200000e+01  -8.1814375e+04  -3.1323734e+04
   9.9300000e+01  -8.9425109e+04  -3.2277086e+04
   9.9400000e+01  -8.8792031e+04  -6.8333125e+03
   9.9500000e+01  -7.7307219e+04   3.6655281e+04
   9.9600000e+01  -6.2006648e+04   7.2425531e+04
   9.9700000e+01  -5.1612094e+04   7.6512508e+04
   9.9800000e+01  -4.6834094e+04   4.8945977e+04
   9.9900000e+01  -4.0931391e+04   1.1374452e+04
   1.0000000e+02  -3.0292836e+04  -2.0726941e+04
