   1.1851270e+02   3.6301420e+01   1.8450000e+02
   1.1951935e+02   3.6501455e+01   3.0400000e+01
   0.0000000e+00   2.4239808e+05   2.4239808e+05
   1.0000000e-01   2.4030662e+05   1.9006959e+05
   2.0000000e-01   1.9377373e+05   1.0957516e+05
   3.0000000e-01   1.3925641e+05   4.0359598e+04
   4.0000000e-01   1.0779590e+05   2.9706021e+03
   5.0000000e-01   1.0257412e+05  -1.0241054e+04
   6.0000000e-01   1.0366710e+05  -1.7091084e+04
   7.0000000e-01   8.9050688e+04  -2.4849514e+04
   8.0000000e-01   4.9776418e+04  -2.8934357e+04
   9.0000000e-01  -9.7725430e+03  -2.6121076e+04
   1.0000000e+00  -7.8980742e+04  -2.1513520e+04
   1.1000000e+00  -1.4566862e+05  -2.0791402e+04
   1.2000000e+00  -1.9749106e+05  -1.9940812e+04
   1.3000000e+00  -2.2487062e+05  -7.0564331e+03
   1.4000000e+00  -2.2648534e+05   2.5243971e+04
   1.5000000e+00  -2.1194291e+05   7.0922727e+04
   1.6000000e+00  -1.9637725e+05   1.1463934e+05
   1.7000000e+00  -1.8917550e+05   1.4433972e+05
   1.8000000e+00  -1.8622488e+05   1.6011539e+05
   1.9000000e+00  -1.7364409e+05   1.7162281e+05
   2.0000000e+00  -1.4075856e+05   1.8688742e+05
   2.1000000e+00  -9.0552422e+04   2.0271448e+05
   2.2000000e+00  -3.7414676e+04   2.0563123e+05
   2.3000000e+00   5.6649482e+03   1.8297783e+05
   2.4000000e+00   3.7660859e+04   1.3398488e+05
   2.5000000e+00   6.7664109e+04   7.0091523e+04
   2.6000000e+00   1.0359307e+05   4.2318359e+03
   2.7000000e+00   1.4371781e+05  -5.9829414e+04
   2.8000000e+00   1.7896702e+05  -1.2722895e+05
   2.9000000e+00   2.0190273e+05  -2.0182428e+05
   3.0000000e+00   2.1218780e+05  -2.7761197e+05
   3.1000000e+00   2.1404797e+05  -3.4089319e+05
   3.2000000e+00   2.1071155e+05  -3.8037384e+05
   3.3000000e+00   2.0291166e+05  -3.9447966e+05
   3.4000000e+00   1.9183145e+05  -3.8942184e+05
   3.5000000e+00   1.8052173e+05  -3.7195075e+05
   3.6000000e+00   1.7017850e+05  -3.4504538e+05
   3.7000000e+00   1.5599092e+05  -3.0906112e+05
   3.8000000e+00   1.3043035e+05  -2.6355162e+05
   3.9000000e+00   9.3751156e+04  -2.0588120e+05
   4.0000000e+00   6.0337062e+04  -1.3018863e+05
   4.1000000e+00   5.0114742e+04  -3.2792379e+04
   4.2000000e+00   6.9495352e+04   7.7970500e+04
   4.3000000e+00   1.0043026e+05   1.7874388e+05
   4.4000000e+00   1.1119683e+05   2.4290622e+05
   4.5000000e+00   8.1032094e+04   2.5976770e+05
   4.6000000e+00   1.5716587e+04   2.4370452e+05
   4.7000000e+00  -5.9952070e+04   2.2357831e+05
   4.8000000e+00  -1.2365761e+05   2.2120369e+05
   4.9000000e+00  -1.6988456e+05   2.3720464e+05
   5.0000000e+00  -2.0662480e+05   2.5451430e+05
   5.1000000e+00  -2.4287862e+05   2.5400123e+05
   5.2000000e+00  -2.8114041e+05   2.2847191e+05
   5.3000000e+00  -3.1896184e+05   1.8540053e+05
   5.4000000e+00  -3.5298450e+05   1.3884028e+05
   5.5000000e+00  -3.7955197e+05   9.8619617e+04
   5.6000000e+00  -3.9364228e+05   6.5560258e+04
   5.7000000e+00  -3.9068931e+05   3.5270605e+04
   5.8000000e+00  -3.7096156e+05   5.1183677e+03
   5.9000000e+00  -3.4131138e+05  -2.3277816e+04
   6.0000000e+00  -3.1113691e+05  -4.7689016e+04
   6.1000000e+00  -2.8580997e+05  -6.9238664e+04
   6.2000000e+00  -2.6380562e+05  -9.1093938e+04
   6.3000000e+00  -2.3988948e+05  -1.1377371e+05
   6.4000000e+00  -2.1042369e+05  -1.3362958e+05
   6.5000000e+00  -1.7511414e+05  -1.4666372e+05
   6.6000000e+00  -1.3412045e+05  -1.5266333e+05
   6.7000000e+00  -8.5114250e+04  -1.5461600e+05
   6.8000000e+00  -2.5052652e+04  -1.5513584e+05
   6.9000000e+00   4.4380062e+04  -1.5530103e+05
   7.0000000e+00   1.1403182e+05  -1.5685502e+05
   7.1000000e+00   1.7202430e+05  -1.6309048e+05
   7.2000000e+00   2.1312247e+05  -1.7551794e+05
   7.3000000e+00   2.4388653e+05  -1.9024998e+05
   7.4000000e+00   2.7718466e+05  -1.9983378e+05
   7.5000000e+00   3.1938206e+05  -1.9968208e+05
   7.6000000e+00   3.6183731e+05  -1.9186622e+05
   7.7000000e+00   3.8629247e+05  -1.8172239e+05
   7.8000000e+00   3.8111725e+05  -1.7140383e+05
   7.9000000e+00   3.5331206e+05  -1.5805817e+05
   8.0000000e+00   3.2319538e+05  -1.3818934e+05
   8.1000000e+00   3.0562103e+05  -1.1189302e+05
   8.2000000e+00   2.9676194e+05  -8.0945656e+04
   8.3000000e+00   2.8089616e+05  -4.2736453e+04
   8.4000000e+00   2.4988278e+05   1.1958959e+04
   8.5000000e+00   2.1306438e+05   9.2358930e+04
   8.6000000e+00   1.8565620e+05   1.9623452e+05
   8.7000000e+00   1.6876492e+05   3.0405312e+05
   8.8000000e+00   1.4494858e+05   3.8677488e+05
   8.9000000e+00   9.6337234e+04   4.2487250e+05
   9.0000000e+00   2.6636230e+04   4.2463412e+05
   9.1000000e+00  -3.7089738e+04   4.1588347e+05
   9.2000000e+00  -6.6280867e+04   4.2872762e+05
   9.3000000e+00  -5.5801953e+04   4.6716059e+05
   9.4000000e+00  -2.8694486e+04   5.0415950e+05
   9.5000000e+00  -1.7252799e+04   5.0496938e+05
   9.6000000e+00  -3.8155695e+04   4.5754106e+05
   9.7000000e+00  -8.2594445e+04   3.8108050e+05
   9.8000000e+00  -1.2704774e+05   3.0601472e+05
   9.9000000e+00  -1.5255645e+05   2.4759178e+05
   1.0000000e+01  -1.5583269e+05   1.9885553e+05
   1.0100000e+01  -1.4598566e+05   1.4476134e+05
   1.0200000e+01  -1.3401486e+05   7.7528812e+04
   1.0300000e+01  -1.2581145e+05  -2.0355366e+03
   1.0400000e+01  -1.2226588e+05  -9.1798055e+04
   1.0500000e+01  -1.2212334e+05  -1.9005458e+05
   1.0600000e+01  -1.2289456e+05  -2.8976941e+05
   1.0700000e+01  -1.2041108e+05  -3.7659491e+05
   1.0800000e+01  -1.1039201e+05  -4.3766209e+05
   1.0900000e+01  -9.2275805e+04  -4.7278369e+05
   1.1000000e+01  -7.1348195e+04  -4.9442884e+05
   1.1100000e+01  -5.5851945e+04  -5.1478256e+05
   1.1200000e+01  -5.0913727e+04  -5.3272981e+05
   1.1300000e+01  -5.4906113e+04  -5.3406131e+05
   1.1400000e+01  -6.1765969e+04  -5.0487800e+05
   1.1500000e+01  -6.6732312e+04  -4.4552225e+05
   1.1600000e+01  -6.9370102e+04  -3.7220609e+05
   1.1700000e+01  -7.0787086e+04  -3.0485091e+05
   1.1800000e+01  -6.8614641e+04  -2.5188945e+05
   1.1900000e+01  -5.6165301e+04  -2.0536166e+05
   1.2000000e+01  -2.7703492e+04  -1.5040894e+05
   1.2100000e+01   1.5113630e+04  -8.0390109e+04
   1.2200000e+01   6.2121145e+04  -4.1077485e+03
   1.2300000e+01   1.0017448e+05   6.0609426e+04
   1.2400000e+01   1.2070963e+05   1.0033244e+05
   1.2500000e+01   1.2373721e+05   1.1486129e+05
   1.2600000e+01   1.1627070e+05   1.1588153e+05
   1.2700000e+01   1.0728994e+05   1.1911842e+05
   1.2800000e+01   1.0303809e+05   1.3677281e+05
   1.2900000e+01   1.0521787e+05   1.7326186e+05
   1.3000000e+01   1.1162818e+05   2.2347172e+05
   1.3100000e+01   1.1690350e+05   2.7358388e+05
   1.3200000e+01   1.1296066e+05   3.0684884e+05
   1.3300000e+01   9.2203195e+04   3.1427681e+05
   1.3400000e+01   5.4960934e+04   3.0339206e+05
   1.3500000e+01   1.5039785e+04   2.9541225e+05
   1.3600000e+01  -6.3017578e+03   3.0924975e+05
   1.3700000e+01   2.2277878e+03   3.4424741e+05
   1.3800000e+01   2.8678352e+04   3.7799441e+05
   1.3900000e+01   4.5000812e+04   3.8326869e+05
   1.4000000e+01   3.0979625e+04   3.4965125e+05
   1.4100000e+01  -8.2057803e+03   2.9007803e+05
   1.4200000e+01  -4.8618672e+04   2.2717919e+05
   1.4300000e+01  -7.0357711e+04   1.7373106e+05
   1.4400000e+01  -7.2211828e+04   1.2558394e+05
   1.4500000e+01  -6.5864836e+04   7.1018992e+04
   1.4600000e+01  -6.1300469e+04   4.3206440e+03
   1.4700000e+01  -6.1550945e+04  -7.0017789e+04
   1.4800000e+01  -6.8768219e+04  -1.4381081e+05
   1.4900000e+01  -8.8194562e+04  -2.1285330e+05
   1.5000000e+01  -1.2178747e+05  -2.7725038e+05
   1.5100000e+01  -1.6023673e+05  -3.3545047e+05
   1.5200000e+01  -1.8695322e+05  -3.7988212e+05
   1.5300000e+01  -1.9311205e+05  -3.9982488e+05
   1.5400000e+01  -1.8738280e+05  -3.8916566e+05
   1.5500000e+01  -1.8777542e+05  -3.5144088e+05
   1.5600000e+01  -2.0279908e+05  -2.9728334e+05
   1.5700000e+01  -2.2201602e+05  -2.3715264e+05
   1.5800000e+01  -2.2668553e+05  -1.7665762e+05
   1.5900000e+01  -2.0950116e+05  -1.1794204e+05
   1.6000000e+01  -1.8240942e+05  -6.3157031e+04
   1.6100000e+01  -1.6420994e+05  -1.4452490e+04
   1.6200000e+01  -1.6115841e+05   2.8754859e+04
   1.6300000e+01  -1.6091598e+05   6.9212039e+04
   1.6400000e+01  -1.4572534e+05   1.0608444e+05
   1.6500000e+01  -1.1061535e+05   1.3090919e+05
   1.6600000e+01  -6.7929758e+04   1.3259777e+05
   1.6700000e+01  -3.4452512e+04   1.0812942e+05
   1.6800000e+01  -1.5282080e+04   6.6808977e+04
   1.6900000e+01  -7.1022729e+02   2.1892400e+04
   1.7000000e+01   2.2505943e+04  -2.1651725e+04
   1.7100000e+01   5.9124977e+04  -6.8962188e+04
   1.7200000e+01   1.0522358e+05  -1.2424075e+05
   1.7300000e+01   1.5724491e+05  -1.7998691e+05
   1.7400000e+01   2.1667186e+05  -2.2008206e+05
   1.7500000e+01   2.8336175e+05  -2.3436423e+05
   1.7600000e+01   3.4717428e+05  -2.2826312e+05
   1.7700000e+01   3.9263144e+05  -2.1538728e+05
   1.7800000e+01   4.1590209e+05  -1.9971833e+05
   1.7900000e+01   4.3465044e+05  -1.6698753e+05
   1.8000000e+01   4.7434822e+05  -9.7011969e+04
   1.8100000e+01   5.4043612e+05   1.2999029e+04
   1.8200000e+01   6.0545244e+05   1.3753411e+05
   1.8300000e+01   6.2814881e+05   2.3739216e+05
   1.8400000e+01   5.8813662e+05   2.8800138e+05
   1.8500000e+01   5.0208006e+05   2.9544816e+05
   1.8600000e+01   4.0643647e+05   2.8622234e+05
   1.8700000e+01   3.2598041e+05   2.8250784e+05
   1.8800000e+01   2.5904034e+05   2.8711653e+05
   1.8900000e+01   1.8932652e+05   2.8896638e+05
   1.9000000e+01   1.0696126e+05   2.7796962e+05
   1.9100000e+01   1.6851855e+04   2.5215350e+05
   1.9200000e+01  -6.9577992e+04   2.1360186e+05
   1.9300000e+01  -1.4641383e+05   1.6386103e+05
   1.9400000e+01  -2.1637880e+05   1.0680462e+05
   1.9500000e+01  -2.8432200e+05   5.3606469e+04
   1.9600000e+01  -3.4946412e+05   1.9507777e+04
   1.9700000e+01  -4.0429712e+05   1.2239726e+04
   1.9800000e+01  -4.4095528e+05   2.3874340e+04
   1.9900000e+01  -4.5875931e+05   3.6036070e+04
   2.0000000e+01  -4.6521709e+05   3.4549758e+04
   2.0100000e+01  -4.6902331e+05   1.9649445e+04
   2.0200000e+01  -4.7229178e+05   2.5551025e+03
   2.0300000e+01  -4.7056788e+05  -7.2565742e+03
   2.0400000e+01  -4.6018378e+05  -1.1515079e+04
   2.0500000e+01  -4.4344634e+05  -2.0900508e+04
   2.0600000e+01  -4.2497603e+05  -4.3860395e+04
   2.0700000e+01  -4.0435731e+05  -7.7197953e+04
   2.0800000e+01  -3.7558481e+05  -1.0740162e+05
   2.0900000e+01  -3.3489066e+05  -1.2205055e+05
   2.1000000e+01  -2.8689309e+05  -1.2104792e+05
   2.1100000e+01  -2.4034862e+05  -1.1665022e+05
   2.1200000e+01  -1.9791153e+05  -1.2139931e+05
   2.1300000e+01  -1.5236895e+05  -1.3545767e+05
   2.1400000e+01  -9.4283914e+04  -1.4633953e+05
   2.1500000e+01  -2.2191832e+04  -1.4144916e+05
   2.1600000e+01   5.6341531e+04  -1.2010923e+05
   2.1700000e+01   1.3291022e+05  -9.2775094e+04
   2.1800000e+01   2.0447523e+05  -7.0010461e+04
   2.1900000e+01   2.6987275e+05  -5.4569727e+04
   2.2000000e+01   3.2318519e+05  -4.3756125e+04
   2.2100000e+01   3.5653078e+05  -3.5321906e+04
   2.2200000e+01   3.7237922e+05  -2.7491496e+04
   2.2300000e+01   3.8898519e+05  -1.4985459e+04
   2.2400000e+01   4.2565406e+05   9.0006406e+03
   2.2500000e+01   4.7867462e+05   4.2807055e+04
   2.2600000e+01   5.1560338e+05   6.9835328e+04
   2.2700000e+01   5.0011288e+05   6.6798297e+04
   2.2800000e+01   4.2528106e+05   2.2045980e+04
   2.2900000e+01   3.2054481e+05  -5.3082734e+04
   2.3000000e+01   2.2452930e+05  -1.3096721e+05
   2.3100000e+01   1.5266942e+05  -1.8641858e+05
   2.3200000e+01   9.2249211e+04  -2.1147533e+05
   2.3300000e+01   2.5192963e+04  -2.1565392e+05
   2.3400000e+01  -5.0047152e+04  -2.1374864e+05
   2.3500000e+01  -1.1991849e+05  -2.1206930e+05
   2.3600000e+01  -1.7362366e+05  -2.0375006e+05
   2.3700000e+01  -2.1434353e+05  -1.7582769e+05
   2.3800000e+01  -2.5265080e+05  -1.2091173e+05
   2.3900000e+01  -2.9213881e+05  -4.2736891e+04
   2.4000000e+01  -3.2366403e+05   4.8234742e+04
   2.4100000e+01  -3.3334062e+05   1.4254792e+05
   2.4200000e+01  -3.1545409e+05   2.3424736e+05
   2.4300000e+01  -2.7778912e+05   3.1795909e+05
   2.4400000e+01  -2.3466633e+05   3.8735634e+05
   2.4500000e+01  -1.9462817e+05   4.3796366e+05
   2.4600000e+01  -1.5508117e+05   4.6927366e+05
   2.4700000e+01  -1.0947259e+05   4.8173528e+05
   2.4800000e+01  -5.9024574e+04   4.7261075e+05
   2.4900000e+01  -1.5051018e+04   4.3766178e+05
   2.5000000e+01   1.2075639e+04   3.7768047e+05
   2.5100000e+01   2.5119717e+04   3.0120291e+05
   2.5200000e+01   3.8236547e+04   2.1880781e+05
   2.5300000e+01   6.1597988e+04   1.3504014e+05
   2.5400000e+01   8.9138453e+04   4.7118797e+04
   2.5500000e+01   1.0373752e+05  -4.8236125e+04
   2.5600000e+01   9.4859188e+04  -1.4696089e+05
   2.5700000e+01   6.9708430e+04  -2.3613256e+05
   2.5800000e+01   4.6418656e+04  -3.0023194e+05
   2.5900000e+01   3.7638051e+04  -3.3086362e+05
   2.6000000e+01   4.2148039e+04  -3.3278200e+05
   2.6100000e+01   5.1160816e+04  -3.2059262e+05
   2.6200000e+01   5.9055398e+04  -3.0776944e+05
   2.6300000e+01   6.5680156e+04  -2.9793381e+05
   2.6400000e+01   7.0467508e+04  -2.8708388e+05
   2.6500000e+01   6.9538430e+04  -2.7262403e+05
   2.6600000e+01   6.1665270e+04  -2.5596409e+05
   2.6700000e+01   5.5025914e+04  -2.3487728e+05
   2.6800000e+01   6.3168562e+04  -1.9928377e+05
   2.6900000e+01   9.1192586e+04  -1.4310470e+05
   2.7000000e+01   1.2661605e+05  -8.1227914e+04
   2.7100000e+01   1.4668355e+05  -4.5840805e+04
   2.7200000e+01   1.3705755e+05  -5.7018633e+04
   2.7300000e+01   1.0446876e+05  -9.7636797e+04
   2.7400000e+01   7.1291648e+04  -1.2488039e+05
   2.7500000e+01   5.7136012e+04  -1.1023525e+05
   2.7600000e+01   6.4012047e+04  -6.4766039e+04
   2.7700000e+01   7.7138953e+04  -2.2477572e+04
   2.7800000e+01   7.8760914e+04  -3.2512173e+03
   2.7900000e+01   6.1777695e+04   2.2464136e+03
   2.8000000e+01   3.2494143e+04   1.3945281e+04
   2.8100000e+01   3.2057329e+03   3.8339203e+04
   2.8200000e+01  -1.6360062e+04   6.7104594e+04
   2.8300000e+01  -2.1941205e+04   9.2923914e+04
   2.8400000e+01  -1.3383424e+04   1.1783663e+05
   2.8500000e+01   5.8073921e+03   1.4550452e+05
   2.8600000e+01   2.7215586e+04   1.7182873e+05
   2.8700000e+01   3.9080570e+04   1.8702598e+05
   2.8800000e+01   3.3120699e+04   1.8438697e+05
   2.8900000e+01   1.1582285e+04   1.6444416e+05
   2.9000000e+01  -1.3393941e+04   1.3311047e+05
   2.9100000e+01  -2.9253939e+04   9.9232359e+04
   2.9200000e+01  -3.3186457e+04   7.2187188e+04
   2.9300000e+01  -3.3631121e+04   5.6864773e+04
   2.9400000e+01  -4.2390043e+04   4.9866773e+04
   2.9500000e+01  -6.5486461e+04   4.4150199e+04
   2.9600000e+01  -1.0084248e+05   3.8886477e+04
   2.9700000e+01  -1.4284200e+05   4.1114555e+04
   2.9800000e+01  -1.8722078e+05   5.4898633e+04
   2.9900000e+01  -2.3119947e+05   7.2603492e+04
   3.0000000e+01  -2.7049594e+05   8.2902070e+04
   3.0100000e+01  -2.9853653e+05   8.7227500e+04
   3.0200000e+01  -3.0989069e+05   1.0198699e+05
   3.0300000e+01  -3.0423072e+05   1.4075111e+05
   3.0400000e+01  -2.8614116e+05   1.9743583e+05
   3.0500000e+01  -2.6096330e+05   2.5101822e+05
   3.0600000e+01  -2.3143816e+05   2.8488209e+05
   3.0700000e+01  -1.9847567e+05   2.9720981e+05
   3.0800000e+01  -1.6377964e+05   2.9404941e+05
   3.0900000e+01  -1.2946782e+05   2.7963091e+05
   3.1000000e+01  -9.3902852e+04   2.5706069e+05
   3.1100000e+01  -4.9079113e+04   2.3284933e+05
   3.1200000e+01   1.4674190e+04   2.1260270e+05
   3.1300000e+01   9.8131227e+04   1.9097464e+05
   3.1400000e+01   1.8627848e+05   1.5103231e+05
   3.1500000e+01   2.5435042e+05   7.7598062e+04
   3.1600000e+01   2.8530859e+05  -2.8678516e+04
   3.1700000e+01   2.8484075e+05  -1.5027056e+05
   3.1800000e+01   2.7882338e+05  -2.6364334e+05
   3.1900000e+01   2.9251519e+05  -3.5181253e+05
   3.2000000e+01   3.2871747e+05  -4.1203578e+05
   3.2100000e+01   3.6513281e+05  -4.5661047e+05
   3.2200000e+01   3.7373172e+05  -5.0451466e+05
   3.2300000e+01   3.4369694e+05  -5.6575388e+05
   3.2400000e+01   2.8702138e+05  -6.3059888e+05
   3.2500000e+01   2.2473702e+05  -6.7650531e+05
   3.2600000e+01   1.7065905e+05  -6.8791525e+05
   3.2700000e+01   1.2789620e+05  -6.6772825e+05
   3.2800000e+01   9.5757156e+04  -6.2800762e+05
   3.2900000e+01   7.3890562e+04  -5.7288881e+05
   3.3000000e+01   5.8408273e+04  -4.9552006e+05
   3.3100000e+01   3.8572246e+04  -3.9107872e+05
   3.3200000e+01   3.1513125e+03  -2.6655138e+05
   3.3300000e+01  -4.7753324e+04  -1.3369744e+05
   3.3400000e+01  -9.9006969e+04   4.7494629e+03
   3.3500000e+01  -1.3130070e+05   1.5665006e+05
   3.3600000e+01  -1.3727469e+05   3.2731756e+05
   3.3700000e+01  -1.2742409e+05   5.0779334e+05
   3.3800000e+01  -1.2048240e+05   6.7791544e+05
   3.3900000e+01  -1.2822320e+05   8.1947400e+05
   3.4000000e+01  -1.4897138e+05   9.2464456e+05
   3.4100000e+01  -1.7401195e+05   9.9249569e+05
   3.4200000e+01  -1.9803734e+05   1.0200278e+06
   3.4300000e+01  -2.2235683e+05   9.9878469e+05
   3.4400000e+01  -2.4917895e+05   9.2104600e+05
   3.4500000e+01  -2.7534256e+05   7.8913562e+05
   3.4600000e+01  -2.9335834e+05   6.1722694e+05
   3.4700000e+01  -2.9823738e+05   4.2162428e+05
   3.4800000e+01  -2.9196888e+05   2.0806231e+05
   3.4900000e+01  -2.8082825e+05  -2.9593650e+04
   3.5000000e+01  -2.6882422e+05  -2.9485788e+05
   3.5100000e+01  -2.5382681e+05  -5.7193962e+05
   3.5200000e+01  -2.2904630e+05  -8.2591412e+05
   3.5300000e+01  -1.8759333e+05  -1.0223074e+06
   3.5400000e+01  -1.2678141e+05  -1.1470206e+06
   3.5500000e+01  -5.0309258e+04  -1.2064926e+06
   3.5600000e+01   3.2431648e+04  -1.2101759e+06
   3.5700000e+01   1.0978104e+05  -1.1567490e+06
   3.5800000e+01   1.7225319e+05  -1.0388230e+06
   3.5900000e+01   2.1570847e+05  -8.5713675e+05
   3.6000000e+01   2.4263159e+05  -6.2463506e+05
   3.6100000e+01   2.6218350e+05  -3.5584175e+05
   3.6200000e+01   2.8799706e+05  -5.7299551e+04
   3.6300000e+01   3.3122881e+05   2.6621891e+05
   3.6400000e+01   3.9047434e+05   5.9595794e+05
   3.6500000e+01   4.4720478e+05   8.9397462e+05
   3.6600000e+01   4.7494878e+05   1.1178962e+06
   3.6700000e+01   4.5835969e+05   1.2430895e+06
   3.6800000e+01   4.0603122e+05   1.2722016e+06
   3.6900000e+01   3.4396522e+05   1.2257039e+06
   3.7000000e+01   2.9453988e+05   1.1245804e+06
   3.7100000e+01   2.6021645e+05   9.7985562e+05
   3.7200000e+01   2.2628714e+05   7.9398125e+05
   3.7300000e+01   1.7792894e+05   5.6893044e+05
   3.7400000e+01   1.1389480e+05   3.1319434e+05
   3.7500000e+01   4.4903207e+04   4.3160020e+04
   3.7600000e+01  -1.8567365e+04  -2.2076405e+05
   3.7700000e+01  -7.4870844e+04  -4.5927622e+05
   3.7800000e+01  -1.2829966e+05  -6.5653800e+05
   3.7900000e+01  -1.8034038e+05  -7.9984119e+05
   3.8000000e+01  -2.2611844e+05  -8.8043675e+05
   3.8100000e+01  -2.5942833e+05  -8.9722300e+05
   3.8200000e+01  -2.7916578e+05  -8.5905631e+05
   3.8300000e+01  -2.8925447e+05  -7.8060750e+05
   3.8400000e+01  -2.9335409e+05  -6.7405431e+05
   3.8500000e+01  -2.9228000e+05  -5.4514200e+05
   3.8600000e+01  -2.8739106e+05  -3.9767862e+05
   3.8700000e+01  -2.8386525e+05  -2.4014592e+05
   3.8800000e+01  -2.8717356e+05  -8.5609914e+04
   3.8900000e+01  -2.9581381e+05   5.4750273e+04
   3.9000000e+01  -3.0034725e+05   1.7582377e+05
   3.9100000e+01  -2.9235103e+05   2.7543712e+05
   3.9200000e+01  -2.7406669e+05   3.4909250e+05
   3.9300000e+01  -2.5679677e+05   3.9035662e+05
   3.9400000e+01  -2.4824692e+05   3.9668572e+05
   3.9500000e+01  -2.4229434e+05   3.7326356e+05
   3.9600000e+01  -2.2316319e+05   3.3027272e+05
   3.9700000e+01  -1.8062188e+05   2.7709831e+05
   3.9800000e+01  -1.2041238e+05   2.1964525e+05
   3.9900000e+01  -5.8633469e+04   1.6208686e+05
   4.0000000e+01  -5.9713550e+03   1.0913661e+05
   4.0100000e+01   4.0942105e+04   6.5229594e+04
   4.0200000e+01   9.1507469e+04   3.1397355e+04
   4.0300000e+01   1.4648658e+05   4.1632212e+03
   4.0400000e+01   1.9567964e+05  -2.0023619e+04
   4.0500000e+01   2.3263433e+05  -3.6900762e+04
   4.0600000e+01   2.6829288e+05  -3.1563559e+04
   4.0700000e+01   3.2289559e+05   1.1552312e+04
   4.0800000e+01   4.0038631e+05   9.0069734e+04
   4.0900000e+01   4.7407978e+05   1.7411306e+05
   4.1000000e+01   5.0426488e+05   2.2085909e+05
   4.1100000e+01   4.7316925e+05   2.0594977e+05
   4.1200000e+01   4.0117506e+05   1.4389823e+05
   4.1300000e+01   3.2731875e+05   7.6163930e+04
   4.1400000e+01   2.7541181e+05   3.6449387e+04
   4.1500000e+01   2.4010683e+05   2.5605148e+04
   4.1600000e+01   2.0211503e+05   1.7953670e+04
   4.1700000e+01   1.5075533e+05  -1.1072883e+04
   4.1800000e+01   9.0051133e+04  -6.4308238e+04
   4.1900000e+01   2.8193230e+04  -1.2530118e+05
   4.2000000e+01  -3.2210402e+04  -1.7510362e+05
   4.2100000e+01  -9.2110695e+04  -2.0482450e+05
   4.2200000e+01  -1.4835889e+05  -2.1582964e+05
   4.2300000e+01  -1.9224230e+05  -2.1324611e+05
   4.2400000e+01  -2.1654991e+05  -2.0097745e+05
   4.2500000e+01  -2.2288314e+05  -1.8049780e+05
   4.2600000e+01  -2.2101386e+05  -1.5162319e+05
   4.2700000e+01  -2.2082091e+05  -1.1417948e+05
   4.2800000e+01  -2.2474553e+05  -7.0306156e+04
   4.2900000e+01  -2.2793541e+05  -2.5752672e+04
   4.3000000e+01  -2.2551994e+05   1.1853856e+04
   4.3100000e+01  -2.1905127e+05   3.7013711e+04
   4.3200000e+01  -2.1464550e+05   4.9095957e+04
   4.3300000e+01  -2.1435398e+05   5.1259656e+04
   4.3400000e+01  -2.1089838e+05   4.6546676e+04
   4.3500000e+01  -1.9365727e+05   3.4211906e+04
   4.3600000e+01  -1.6122670e+05   8.7681914e+03
   4.3700000e+01  -1.2652091e+05  -3.7153613e+04
   4.3800000e+01  -1.0649070e+05  -1.0665494e+05
   4.3900000e+01  -1.0531500e+05  -1.9263773e+05
   4.4000000e+01  -1.0868894e+05  -2.7797766e+05
   4.4100000e+01  -9.6202273e+04  -3.4437681e+05
   4.4200000e+01  -5.9525730e+04  -3.8359816e+05
   4.4300000e+01  -8.0497773e+03  -4.0001206e+05
   4.4400000e+01   4.2096512e+04  -4.0127278e+05
   4.4500000e+01   8.1875977e+04  -3.8769909e+05
   4.4600000e+01   1.1166876e+05  -3.5322003e+05
   4.4700000e+01   1.3374100e+05  -2.9625725e+05
   4.4800000e+01   1.4810138e+05  -2.2508570e+05
   4.4900000e+01   1.5776930e+05  -1.4850072e+05
   4.5000000e+01   1.7400064e+05  -6.3083594e+04
   4.5100000e+01   2.0974734e+05   4.4065852e+04
   4.5200000e+01   2.6463141e+05   1.7631733e+05
   4.5300000e+01   3.1814475e+05   3.1392788e+05
   4.5400000e+01   3.4191234e+05   4.2476884e+05
   4.5500000e+01   3.2221047e+05   4.9096222e+05
   4.5600000e+01   2.7224316e+05   5.2365681e+05
   4.5700000e+01   2.2239556e+05   5.5030338e+05
   4.5800000e+01   1.9648203e+05   5.8812100e+05
   4.5900000e+01   1.9386069e+05   6.3036712e+05
   4.6000000e+01   1.9158219e+05   6.5623619e+05
   4.6100000e+01   1.6370866e+05   6.5096050e+05
   4.6200000e+01   1.0123987e+05   6.1585856e+05
   4.6300000e+01   1.6867123e+04   5.6186388e+05
   4.6400000e+01  -6.6989562e+04   4.9685884e+05
   4.6500000e+01  -1.3393798e+05   4.2071250e+05
   4.6600000e+01  -1.7950559e+05   3.3169106e+05
   4.6700000e+01  -2.0633180e+05   2.3545548e+05
   4.6800000e+01  -2.1887327e+05   1.4519766e+05
   4.6900000e+01  -2.2436784e+05   7.1153328e+04
   4.7000000e+01  -2.3480870e+05   1.0293217e+04
   4.7100000e+01  -2.6135748e+05  -5.1436801e+04
   4.7200000e+01  -3.0331238e+05  -1.2480700e+05
   4.7300000e+01  -3.4415572e+05  -2.0535727e+05
   4.7400000e+01  -3.6218712e+05  -2.7678212e+05
   4.7500000e+01  -3.4738522e+05  -3.2626347e+05
   4.7600000e+01  -3.0836391e+05  -3.5563269e+05
   4.7700000e+01  -2.6312894e+05  -3.7767559e+05
   4.7800000e+01  -2.2358509e+05  -4.0336850e+05
   4.7900000e+01  -1.8871734e+05  -4.3394300e+05
   4.8000000e+01  -1.5100677e+05  -4.6372088e+05
   4.8100000e+01  -1.0718678e+05  -4.8729375e+05
   4.8200000e+01  -6.1662812e+04  -5.0235722e+05
   4.8300000e+01  -2.0242479e+04  -5.0734375e+05
   4.8400000e+01   1.7440045e+04  -4.9934097e+05
   4.8500000e+01   5.7557605e+04  -4.7568503e+05
   4.8600000e+01   1.0405352e+05  -4.3679953e+05
   4.8700000e+01   1.5235364e+05  -3.8643991e+05
   4.8800000e+01   1.9244109e+05  -3.2936106e+05
   4.8900000e+01   2.1803634e+05  -2.6963522e+05
   4.9000000e+01   2.3155934e+05  -2.1110706e+05
   4.9100000e+01   2.3992245e+05  -1.5748809e+05
   4.9200000e+01   2.4727058e+05  -1.0923118e+05
   4.9300000e+01   2.5358903e+05  -5.9207953e+04
   4.9400000e+01   2.5937028e+05   6.1769868e+03
   4.9500000e+01   2.6808281e+05   9.6614586e+04
   4.9600000e+01   2.8136200e+05   2.0449611e+05
   4.9700000e+01   2.9254659e+05   3.0211275e+05
   4.9800000e+01   2.8826497e+05   3.5731184e+05
   4.9900000e+01   2.5934425e+05   3.5836194e+05
   5.0000000e+01   2.1109045e+05   3.2622853e+05
   5.0100000e+01   1.6198605e+05   2.9979753e+05
   5.0200000e+01   1.3031255e+05   3.0363112e+05
   5.0300000e+01   1.1945205e+05   3.2633144e+05
   5.0400000e+01   1.1432895e+05   3.3032906e+05
   5.0500000e+01   9.2686094e+04   2.8536816e+05
   5.0600000e+01   4.2930070e+04   1.9541811e+05
   5.0700000e+01  -2.5682713e+04   9.5137820e+04
   5.0800000e+01  -8.9410875e+04   2.1235100e+04
   5.0900000e+01  -1.2814552e+05  -1.3428244e+04
   5.1000000e+01  -1.3975091e+05  -2.1118035e+04
   5.1100000e+01  -1.3836702e+05  -2.0059701e+04
   5.1200000e+01  -1.3991639e+05  -1.7064990e+04
   5.1300000e+01  -1.5006606e+05  -7.5753867e+03
   5.1400000e+01  -1.6513459e+05   1.1978117e+04
   5.1500000e+01  -1.8075452e+05   3.6085508e+04
   5.1600000e+01  -1.9569170e+05   5.4997355e+04
   5.1700000e+01  -2.0764231e+05   6.5241887e+04
   5.1800000e+01  -2.1046508e+05   7.2656906e+04
   5.1900000e+01  -2.0019108e+05   8.4107430e+04
   5.2000000e+01  -1.8285661e+05   9.7350945e+04
   5.2100000e+01  -1.7136258e+05   1.0100264e+05
   5.2200000e+01  -1.7158159e+05   8.5481680e+04
   5.2300000e+01  -1.7385102e+05   5.3241215e+04
   5.2400000e+01  -1.6234139e+05   1.6714928e+04
   5.2500000e+01  -1.3355222e+05  -1.4168527e+04
   5.2600000e+01  -1.0250173e+05  -4.1134551e+04
   5.2700000e+01  -8.8201852e+04  -7.3158094e+04
   5.2800000e+01  -9.3890070e+04  -1.1370970e+05
   5.2900000e+01  -1.0346408e+05  -1.5429998e+05
   5.3000000e+01  -9.7033719e+04  -1.8142616e+05
   5.3100000e+01  -6.8278531e+04  -1.8872633e+05
   5.3200000e+01  -2.7125648e+04  -1.8114373e+05
   5.3300000e+01   1.1077007e+04  -1.6803334e+05
   5.3400000e+01   3.6586605e+04  -1.5419566e+05
   5.3500000e+01   4.7974125e+04  -1.3794630e+05
   5.3600000e+01   4.9339711e+04  -1.1553606e+05
   5.3700000e+01   4.8041809e+04  -8.4738531e+04
   5.3800000e+01   5.3427617e+04  -4.4161367e+04
   5.3900000e+01   7.3176523e+04   7.9119893e+03
   5.4000000e+01   1.0713048e+05   7.0710562e+04
   5.4100000e+01   1.4386817e+05   1.3635786e+05
   5.4200000e+01   1.6553183e+05   1.9051955e+05
   5.4300000e+01   1.6032608e+05   2.2138123e+05
   5.4400000e+01   1.3440134e+05   2.3029739e+05
   5.4500000e+01   1.1205909e+05   2.3275373e+05
   5.4600000e+01   1.1986809e+05   2.4553142e+05
   5.4700000e+01   1.6411248e+05   2.6982669e+05
   5.4800000e+01   2.2069820e+05   2.8654019e+05
   5.4900000e+01   2.4979883e+05   2.7036891e+05
   5.5000000e+01   2.2598502e+05   2.1132658e+05
   5.5100000e+01   1.5819377e+05   1.2403761e+05
   5.5200000e+01   8.1465758e+04   3.6281812e+04
   5.5300000e+01   2.8593467e+04  -3.1896541e+04
   5.5400000e+01   7.9623042e+03  -7.9173438e+04
   5.5500000e+01   5.1828862e+03  -1.1629804e+05
   5.5600000e+01   1.4274385e+03  -1.5187647e+05
   5.5700000e+01  -1.2018531e+04  -1.8560384e+05
   5.5800000e+01  -3.3794562e+04  -2.1285355e+05
   5.5900000e+01  -6.0237102e+04  -2.3183833e+05
   5.6000000e+01  -8.9237820e+04  -2.4427455e+05
   5.6100000e+01  -1.1821000e+05  -2.5056538e+05
   5.6200000e+01  -1.4266688e+05  -2.4748498e+05
   5.6300000e+01  -1.5893802e+05  -2.3222375e+05
   5.6400000e+01  -1.6698970e+05  -2.0761398e+05
   5.6500000e+01  -1.6887544e+05  -1.8117742e+05
   5.6600000e+01  -1.6496264e+05  -1.5823448e+05
   5.6700000e+01  -1.5354939e+05  -1.3727478e+05
   5.6800000e+01  -1.3470230e+05  -1.1371159e+05
   5.6900000e+01  -1.1288893e+05  -8.7758094e+04
   5.7000000e+01  -9.4005711e+04  -6.6252445e+04
   5.7100000e+01  -7.9569234e+04  -5.5154078e+04
   5.7200000e+01  -6.4981215e+04  -5.1474105e+04
   5.7300000e+01  -4.4610633e+04  -4.5225652e+04
   5.7400000e+01  -1.8807027e+04  -3.0215604e+04
   5.7500000e+01   4.5167319e+03  -1.1285113e+04
   5.7600000e+01   1.5894020e+04   7.8103979e+02
   5.7700000e+01   1.2782467e+04   1.0725427e+03
   5.7800000e+01   3.0458149e+03  -4.1990977e+03
   5.7900000e+01   2.6069189e+02  -4.4367080e+03
   5.8000000e+01   1.4432135e+04   4.7083594e+03
   5.8100000e+01   4.5390539e+04   1.8460895e+04
   5.8200000e+01   8.3989180e+04   3.0134232e+04
   5.8300000e+01   1.1976014e+05   3.9559699e+04
   5.8400000e+01   1.4803108e+05   5.2610680e+04
   5.8500000e+01   1.7017648e+05   7.1664359e+04
   5.8600000e+01   1.8816302e+05   8.8234758e+04
   5.8700000e+01   2.0141817e+05   8.9221445e+04
   5.8800000e+01   2.1122145e+05   7.3923938e+04
   5.8900000e+01   2.2660403e+05   6.3261406e+04
   5.9000000e+01   2.6006450e+05   8.5375609e+04
   5.9100000e+01   3.1193744e+05   1.4609283e+05
   5.9200000e+01   3.5942559e+05   2.1427992e+05
   5.9300000e+01   3.6757012e+05   2.4274800e+05
   5.9400000e+01   3.1769959e+05   2.0921452e+05
   5.9500000e+01   2.2651997e+05   1.3745645e+05
   5.9600000e+01   1.3419606e+05   7.6272219e+04
   5.9700000e+01   7.0754898e+04   5.6719488e+04
   5.9800000e+01   3.3416332e+04   6.9528773e+04
   5.9900000e+01  -3.8019868e+03   8.1675094e+04
   6.0000000e+01  -6.0520906e+04   7.0781031e+04
   6.0100000e+01  -1.3167038e+05   4.2240961e+04
   6.0200000e+01  -1.9650883e+05   1.7330754e+04
   6.0300000e+01  -2.4129419e+05   1.0846926e+04
   6.0400000e+01  -2.7042322e+05   2.1791855e+04
   6.0500000e+01  -2.9708816e+05   4.1023469e+04
   6.0600000e+01  -3.2712684e+05   6.1871176e+04
   6.0700000e+01  -3.5402744e+05   8.1645703e+04
   6.0800000e+01  -3.6783512e+05   9.6312016e+04
   6.0900000e+01  -3.6567975e+05   9.8455094e+04
   6.1000000e+01  -3.5266053e+05   8.2707531e+04
   6.1100000e+01  -3.3460953e+05   5.2445625e+04
   6.1200000e+01  -3.1265869e+05   1.9238904e+04
   6.1300000e+01  -2.8525438e+05  -5.8702490e+03
   6.1400000e+01  -2.5344906e+05  -2.1381629e+04
   6.1500000e+01  -2.2202717e+05  -3.5845395e+04
   6.1600000e+01  -1.9507259e+05  -5.8897590e+04
   6.1700000e+01  -1.7177559e+05  -9.1040234e+04
   6.1800000e+01  -1.4799059e+05  -1.2211448e+05
   6.1900000e+01  -1.2190789e+05  -1.4044703e+05
   6.2000000e+01  -9.6749602e+04  -1.4399652e+05
   6.2100000e+01  -7.6421844e+04  -1.4216725e+05
   6.2200000e+01  -5.8774523e+04  -1.4604083e+05
   6.2300000e+01  -3.5382328e+04  -1.5703080e+05
   6.2400000e+01  -1.6711816e+02  -1.6593838e+05
   6.2500000e+01   4.2110199e+04  -1.6286777e+05
   6.2600000e+01   7.8653805e+04  -1.4610894e+05
   6.2700000e+01   1.0186295e+05  -1.1997759e+05
   6.2800000e+01   1.1849409e+05  -8.6074164e+04
   6.2900000e+01   1.4272083e+05  -4.1168195e+04
   6.3000000e+01   1.7951778e+05   1.4417937e+04
   6.3100000e+01   2.1787191e+05   6.9937430e+04
   6.3200000e+01   2.4318581e+05   1.1110153e+05
   6.3300000e+01   2.5498111e+05   1.3481709e+05
   6.3400000e+01   2.6808575e+05   1.5271305e+05
   6.3500000e+01   2.9438959e+05   1.7590000e+05
   6.3600000e+01   3.2606941e+05   1.9745495e+05
   6.3700000e+01   3.4062641e+05   1.9491022e+05
   6.3800000e+01   3.2319841e+05   1.5297898e+05
   6.3900000e+01   2.8203466e+05   8.2483070e+04
   6.4000000e+01   2.4125062e+05   1.4286445e+04
   6.4100000e+01   2.1970758e+05  -2.6217455e+04
   6.4200000e+01   2.1725866e+05  -3.8606137e+04
   6.4300000e+01   2.1859652e+05  -4.3293336e+04
   6.4400000e+01   2.0686698e+05  -6.0622562e+04
   6.4500000e+01   1.7397589e+05  -9.4422859e+04
   6.4600000e+01   1.2272716e+05  -1.3324453e+05
   6.4700000e+01   6.3905559e+04  -1.6374803e+05
   6.4800000e+01   1.1374760e+04  -1.8088000e+05
   6.4900000e+01  -2.4484082e+04  -1.8629936e+05
   6.5000000e+01  -4.3225551e+04  -1.8063267e+05
   6.5100000e+01  -5.5507594e+04  -1.6098905e+05
   6.5200000e+01  -7.5617453e+04  -1.2702077e+05
   6.5300000e+01  -1.0982770e+05  -8.6904312e+04
   6.5400000e+01  -1.5068794e+05  -5.3809004e+04
   6.5500000e+01  -1.8318889e+05  -3.5243594e+04
   6.5600000e+01  -1.9760573e+05  -2.7395834e+04
   6.5700000e+01  -1.9704239e+05  -2.1360408e+04
   6.5800000e+01  -1.9283784e+05  -1.4032532e+04
   6.5900000e+01  -1.9306314e+05  -1.1129104e+04
   6.6000000e+01  -1.9575784e+05  -1.9683996e+04
   6.6100000e+01  -1.9290248e+05  -3.9613719e+04
   6.6200000e+01  -1.7994153e+05  -6.3756172e+04
   6.6300000e+01  -1.6083342e+05  -8.4915016e+04
   6.6400000e+01  -1.4417866e+05  -1.0102866e+05
   6.6500000e+01  -1.3503631e+05  -1.1339444e+05
   6.6600000e+01  -1.3041345e+05  -1.2147530e+05
   6.6700000e+01  -1.2209930e+05  -1.2087196e+05
   6.6800000e+01  -1.0373287e+05  -1.0649851e+05
   6.6900000e+01  -7.5758648e+04  -7.7071266e+04
   6.7000000e+01  -4.4255023e+04  -3.5973898e+04
   6.7100000e+01  -1.5248363e+04   1.2067694e+04
   6.7200000e+01   9.7108799e+03   6.4174352e+04
   6.7300000e+01   3.2384652e+04   1.1833239e+05
   6.7400000e+01   5.3149191e+04   1.7005047e+05
   6.7500000e+01   6.9474414e+04   2.1286245e+05
   6.7600000e+01   8.0847570e+04   2.4476958e+05
   6.7700000e+01   9.4406797e+04   2.7340647e+05
   6.7800000e+01   1.2184541e+05   3.1062353e+05
   6.7900000e+01   1.6660456e+05   3.5825084e+05
   6.8000000e+01   2.1347181e+05   3.9974597e+05
   6.8100000e+01   2.3469153e+05   4.1004991e+05
   6.8200000e+01   2.1182903e+05   3.7745516e+05
   6.8300000e+01   1.5453055e+05   3.1639962e+05
   6.8400000e+01   9.6326453e+04   2.5698619e+05
   6.8500000e+01   6.8016789e+04   2.1995050e+05
   6.8600000e+01   7.1899125e+04   2.0050491e+05
   6.8700000e+01   8.1146172e+04   1.7548889e+05
   6.8800000e+01   6.5063582e+04   1.2556873e+05
   6.8900000e+01   1.5982611e+04   5.1356512e+04
   6.9000000e+01  -4.7006516e+04  -2.9293723e+04
   6.9100000e+01  -9.8055398e+04  -9.6766352e+04
   6.9200000e+01  -1.2600975e+05  -1.4215039e+05
   6.9300000e+01  -1.3730859e+05  -1.6762884e+05
   6.9400000e+01  -1.4269612e+05  -1.7905027e+05
   6.9500000e+01  -1.4585600e+05  -1.8057894e+05
   6.9600000e+01  -1.4495855e+05  -1.7563028e+05
   6.9700000e+01  -1.4033805e+05  -1.6976077e+05
   6.9800000e+01  -1.3602828e+05  -1.6944464e+05
   6.9900000e+01  -1.3409242e+05  -1.7657839e+05
   7.0000000e+01  -1.3132202e+05  -1.8479370e+05
   7.0100000e+01  -1.2381848e+05  -1.8317308e+05
   7.0200000e+01  -1.1326880e+05  -1.6573908e+05
   7.0300000e+01  -1.0601529e+05  -1.3816727e+05
   7.0400000e+01  -1.0555318e+05  -1.1429321e+05
   7.0500000e+01  -1.0775215e+05  -1.0468684e+05
   7.0600000e+01  -1.0487926e+05  -1.0858053e+05
   7.0700000e+01  -9.3987836e+04  -1.1784523e+05
   7.0800000e+01  -8.0154633e+04  -1.2832853e+05
   7.0900000e+01  -7.0646594e+04  -1.4460408e+05
   7.1000000e+01  -6.5800508e+04  -1.7163858e+05
   7.1100000e+01  -5.6300500e+04  -2.0367622e+05
   7.1200000e+01  -3.0855895e+04  -2.2560441e+05
   7.1300000e+01   1.2091721e+04  -2.2710194e+05
   7.1400000e+01   6.0360555e+04  -2.1290747e+05
   7.1500000e+01   9.7237750e+04  -1.9604503e+05
   7.1600000e+01   1.1599178e+05  -1.8170819e+05
   7.1700000e+01   1.2493290e+05  -1.6146338e+05
   7.1800000e+01   1.3731580e+05  -1.2481009e+05
   7.1900000e+01   1.5707595e+05  -7.3598180e+04
   7.2000000e+01   1.7653350e+05  -2.1276520e+04
   7.2100000e+01   1.8824109e+05   2.2486965e+04
   7.2200000e+01   1.9572955e+05   6.3493355e+04
   7.2300000e+01   2.0863633e+05   1.1656597e+05
   7.2400000e+01   2.2717509e+05   1.8696425e+05
   7.2500000e+01   2.3590659e+05   2.5968339e+05
   7.2600000e+01   2.1775931e+05   3.0953981e+05
   7.2700000e+01   1.7505400e+05   3.2401828e+05
   7.2800000e+01   1.3324756e+05   3.1671862e+05
   7.2900000e+01   1.1974855e+05   3.1628881e+05
   7.3000000e+01   1.3727880e+05   3.3894203e+05
   7.3100000e+01   1.5874227e+05   3.7045209e+05
   7.3200000e+01   1.4959303e+05   3.7666116e+05
   7.3300000e+01   9.6538609e+04   3.3408234e+05
   7.3400000e+01   1.6396572e+04   2.5129711e+05
   7.3500000e+01  -6.0366867e+04   1.6072202e+05
   7.3600000e+01  -1.1347993e+05   9.0570102e+04
   7.3700000e+01  -1.4302827e+05   4.5672887e+04
   7.3800000e+01  -1.6142338e+05   1.3122117e+04
   7.3900000e+01  -1.7919928e+05  -1.9116264e+04
   7.4000000e+01  -1.9794194e+05  -5.2838160e+04
   7.4100000e+01  -2.1296566e+05  -8.5523719e+04
   7.4200000e+01  -2.1930748e+05  -1.1809240e+05
   7.4300000e+01  -2.1476278e+05  -1.5232281e+05
   7.4400000e+01  -1.9926883e+05  -1.8289908e+05
   7.4500000e+01  -1.7363595e+05  -1.9754923e+05
   7.4600000e+01  -1.3977631e+05  -1.8791628e+05
   7.4700000e+01  -1.0171879e+05  -1.5909992e+05
   7.4800000e+01  -6.5273484e+04  -1.2655130e+05
   7.4900000e+01  -3.5508328e+04  -1.0354112e+05
   7.5000000e+01  -1.3849790e+04  -9.2321359e+04
   7.5100000e+01   2.2690239e+03  -8.6567133e+04
   7.5200000e+01   1.6394389e+04  -8.0188883e+04
   7.5300000e+01   2.9313273e+04  -7.2753422e+04
   7.5400000e+01   3.8098629e+04  -6.7725094e+04
   7.5500000e+01   3.8533254e+04  -6.7662586e+04
   7.5600000e+01   2.8269850e+04  -7.2126711e+04
   7.5700000e+01   8.2278789e+03  -7.9755656e+04
   7.5800000e+01  -1.7706592e+04  -9.1337969e+04
   7.5900000e+01  -4.3528148e+04  -1.0982905e+05
   7.6000000e+01  -6.2654586e+04  -1.3633695e+05
   7.6100000e+01  -7.0802375e+04  -1.6558200e+05
   7.6200000e+01  -6.8671578e+04  -1.8616900e+05
   7.6300000e+01  -6.1193414e+04  -1.8734378e+05
   7.6400000e+01  -5.2529438e+04  -1.6705666e+05
   7.6500000e+01  -4.1004805e+04  -1.3345152e+05
   7.6600000e+01  -1.9826936e+04  -9.7927852e+04
   7.6700000e+01   1.5342539e+04  -6.7006219e+04
   7.6800000e+01   5.8410176e+04  -4.1221078e+04
   7.6900000e+01   9.3671930e+04  -1.9878123e+04
   7.7000000e+01   1.0816417e+05  -2.6011414e+03
   7.7100000e+01   1.0631586e+05   1.6150548e+04
   7.7200000e+01   1.1147004e+05   5.0701180e+04
   7.7300000e+01   1.4787780e+05   1.1510244e+05
   7.7400000e+01   2.1632234e+05   2.0576261e+05
   7.7500000e+01   2.8711209e+05   2.9483688e+05
   7.7600000e+01   3.2069997e+05   3.4663906e+05
   7.7700000e+01   2.9885072e+05   3.4515291e+05
   7.7800000e+01   2.3725738e+05   3.0657112e+05
   7.7900000e+01   1.6889900e+05   2.6444956e+05
   7.8000000e+01   1.1672659e+05   2.4202755e+05
   7.8100000e+01   8.1887555e+04   2.3730783e+05
   7.8200000e+01   5.3291438e+04   2.3154448e+05
   7.8300000e+01   2.2242766e+04   2.0923200e+05
   7.8400000e+01  -1.3280932e+04   1.7029489e+05
   7.8500000e+01  -5.2892629e+04   1.2634885e+05
   7.8600000e+01  -9.5757484e+04   8.8214453e+04
   7.8700000e+01  -1.3741342e+05   5.7335020e+04
   7.8800000e+01  -1.6871677e+05   2.7442412e+04
   7.8900000e+01  -1.8176127e+05  -7.4400562e+03
   7.9000000e+01  -1.7745634e+05  -4.7409309e+04
   7.9100000e+01  -1.6596144e+05  -8.8056586e+04
   7.9200000e+01  -1.5848534e+05  -1.2525052e+05
   7.9300000e+01  -1.5797528e+05  -1.5702069e+05
   7.9400000e+01  -1.5757250e+05  -1.8161567e+05
   7.9500000e+01  -1.4867469e+05  -1.9653458e+05
   7.9600000e+01  -1.3129581e+05  -2.0116931e+05
   7.9700000e+01  -1.1609762e+05  -1.9899853e+05
   7.9800000e+01  -1.1452120e+05  -1.9465038e+05
   7.9900000e+01  -1.2618547e+05  -1.8852750e+05
   8.0000000e+01  -1.3775709e+05  -1.7636788e+05
   8.0100000e+01  -1.3643130e+05  -1.5527597e+05
   8.0200000e+01  -1.2412227e+05  -1.2880230e+05
   8.0300000e+01  -1.1593814e+05  -1.0424505e+05
   8.0400000e+01  -1.2378776e+05  -8.5158695e+04
   8.0500000e+01  -1.4335366e+05  -6.8033367e+04
   8.0600000e+01  -1.5869473e+05  -4.6715016e+04
   8.0700000e+01  -1.5800245e+05  -1.8999713e+04
   8.0800000e+01  -1.4207325e+05   1.1704032e+04
   8.0900000e+01  -1.1782188e+05   4.0251191e+04
   8.1000000e+01  -8.7875352e+04   6.4020773e+04
   8.1100000e+01  -5.0386398e+04   8.3127492e+04
   8.1200000e+01  -8.0690049e+03   9.7082117e+04
   8.1300000e+01   2.7846361e+04   1.0236502e+05
   8.1400000e+01   4.7620633e+04   9.5116586e+04
   8.1500000e+01   5.7911020e+04   7.8058227e+04
   8.1600000e+01   8.3216305e+04   6.4231398e+04
   8.1700000e+01   1.4686019e+05   6.9771391e+04
   8.1800000e+01   2.4614428e+05   9.8083727e+04
   8.1900000e+01   3.4587666e+05   1.3024058e+05
   8.2000000e+01   4.0029466e+05   1.3534409e+05
   8.2100000e+01   3.8718991e+05   9.6142656e+04
   8.2200000e+01   3.2494562e+05   2.7115775e+04
   8.2300000e+01   2.5715461e+05  -3.3822160e+04
   8.2400000e+01   2.1830162e+05  -5.4233727e+04
   8.2500000e+01   2.1034931e+05  -3.0973396e+04
   8.2600000e+01   2.0867683e+05   1.1145209e+04
   8.2700000e+01   1.8846422e+05   4.1645078e+04
   8.2800000e+01   1.4581306e+05   4.6200250e+04
   8.2900000e+01   9.6331047e+04   3.1251922e+04
   8.3000000e+01   5.7078078e+04   1.2542608e+04
   8.3100000e+01   3.2041264e+04   8.5347900e+02
   8.3200000e+01   1.4009236e+04  -3.7192700e+03
   8.3300000e+01  -3.1074951e+03  -7.6223555e+03
   8.3400000e+01  -1.7002641e+04  -1.6324749e+04
   8.3500000e+01  -2.1633654e+04  -3.0483475e+04
   8.3600000e+01  -1.5923392e+04  -4.7802840e+04
   8.3700000e+01  -5.4150234e+03  -6.6998820e+04
   8.3800000e+01   3.6506187e+03  -8.8969344e+04
   8.3900000e+01   8.9694199e+03  -1.1409269e+05
   8.4000000e+01   1.0244173e+04  -1.3922919e+05
   8.4100000e+01   5.4943940e+03  -1.5823983e+05
   8.4200000e+01  -7.6934219e+03  -1.6562320e+05
   8.4300000e+01  -2.7598664e+04  -1.5954156e+05
   8.4400000e+01  -4.7943098e+04  -1.4194233e+05
   8.4500000e+01  -6.3789945e+04  -1.1714821e+05
   8.4600000e+01  -7.7088492e+04  -9.1012961e+04
   8.4700000e+01  -9.5085922e+04  -7.0039117e+04
   8.4800000e+01  -1.2330766e+05  -5.8548520e+04
   8.4900000e+01  -1.6056148e+05  -5.4950070e+04
   8.5000000e+01  -2.0009067e+05  -5.1458488e+04
   8.5100000e+01  -2.3427347e+05  -3.9565871e+04
   8.5200000e+01  -2.5821833e+05  -1.7196080e+04
   8.5300000e+01  -2.7050900e+05   9.4444932e+03
   8.5400000e+01  -2.7220847e+05   3.1143861e+04
   8.5500000e+01  -2.6561309e+05   4.2273164e+04
   8.5600000e+01  -2.5340425e+05   4.2267898e+04
   8.5700000e+01  -2.3788722e+05   3.2824652e+04
   8.5800000e+01  -2.1940522e+05   1.6943488e+04
   8.5900000e+01  -1.9411045e+05   1.7839404e+03
   8.6000000e+01  -1.5408377e+05  -6.6948145e+02
   8.6100000e+01  -9.3228078e+04   1.9173096e+04
   8.6200000e+01  -1.6668545e+04   5.7956305e+04
   8.6300000e+01   5.5862793e+04   9.7535812e+04
   8.6400000e+01   1.0049102e+05   1.1736604e+05
   8.6500000e+01   1.0815373e+05   1.1173179e+05
   8.6600000e+01   9.4827742e+04   9.5802969e+04
   8.6700000e+01   9.0681203e+04   9.4047375e+04
   8.6800000e+01   1.1559528e+05   1.2058646e+05
   8.6900000e+01   1.6307723e+05   1.6789819e+05
   8.7000000e+01   2.0739917e+05   2.1254319e+05
   8.7100000e+01   2.2639659e+05   2.3245566e+05
   8.7200000e+01   2.1798938e+05   2.2182797e+05
   8.7300000e+01   1.9658839e+05   1.9269128e+05
   8.7400000e+01   1.7646869e+05   1.6360528e+05
   8.7500000e+01   1.6050441e+05   1.4590548e+05
   8.7600000e+01   1.4375886e+05   1.3835362e+05
   8.7700000e+01   1.2396795e+05   1.3213853e+05
   8.7800000e+01   1.0478872e+05   1.1923400e+05
   8.7900000e+01   8.8601352e+04   9.6703383e+04
   8.8000000e+01   6.9663258e+04   6.6061117e+04
   8.8100000e+01   3.8447535e+04   3.1371941e+04
   8.8200000e+01  -6.0821680e+03  -1.9895967e+03
   8.8300000e+01  -5.0680945e+04  -2.9216426e+04
   8.8400000e+01  -7.7132219e+04  -4.8900656e+04
   8.8500000e+01  -7.8498805e+04  -6.4036348e+04
   8.8600000e+01  -6.5718438e+04  -7.9108953e+04
   8.8700000e+01  -5.7664574e+04  -9.5763734e+04
   8.8800000e+01  -6.4660695e+04  -1.1177885e+05
   8.8900000e+01  -8.1138203e+04  -1.2453885e+05
   8.9000000e+01  -9.2943297e+04  -1.3510969e+05
   8.9100000e+01  -9.0972320e+04  -1.4829464e+05
   8.9200000e+01  -7.8839008e+04  -1.6807838e+05
   8.9300000e+01  -6.9279523e+04  -1.9227341e+05
   8.9400000e+01  -7.3409781e+04  -2.1133173e+05
   8.9500000e+01  -9.1430570e+04  -2.1361259e+05
   8.9600000e+01  -1.1165419e+05  -1.9430836e+05
   8.9700000e+01  -1.1877980e+05  -1.6093656e+05
   8.9800000e+01  -1.0542691e+05  -1.2936652e+05
   8.9900000e+01  -7.7780953e+04  -1.1211405e+05
   9.0000000e+01  -5.0412141e+04  -1.0881230e+05
   9.0100000e+01  -3.4333684e+04  -1.0791881e+05
   9.0200000e+01  -2.8175045e+04  -9.7859828e+04
   9.0300000e+01  -1.9486533e+04  -7.6134930e+04
   9.0400000e+01   5.3172188e+03  -4.7852945e+04
   9.0500000e+01   5.0185824e+04  -1.7773396e+04
   9.0600000e+01   1.0540233e+05   1.3030686e+04
   9.0700000e+01   1.5288534e+05   4.2187184e+04
   9.0800000e+01   1.7765605e+05   6.1436539e+04
   9.0900000e+01   1.7828328e+05   6.1912570e+04
   9.1000000e+01   1.6871755e+05   4.5617066e+04
   9.1100000e+01   1.6878538e+05   2.8845609e+04
   9.1200000e+01   1.8919883e+05   3.0222699e+04
   9.1300000e+01   2.2262828e+05   5.3766504e+04
   9.1400000e+01   2.4860556e+05   8.4668023e+04
   9.1500000e+01   2.4838845e+05   1.0253001e+05
   9.1600000e+01   2.1707497e+05   9.8380648e+04
   9.1700000e+01   1.6353808e+05   7.9151344e+04
   9.1800000e+01   1.0107179e+05   5.8292609e+04
   9.1900000e+01   3.9660922e+04   4.4951664e+04
   9.2000000e+01  -1.4050500e+04   4.1545883e+04
   9.2100000e+01  -5.3929082e+04   4.7108527e+04
   9.2200000e+01  -7.6375578e+04   5.8585762e+04
   9.2300000e+01  -8.6250227e+04   6.9101969e+04
   9.2400000e+01  -9.7460625e+04   6.9223766e+04
   9.2500000e+01  -1.2311770e+05   5.3840934e+04
   9.2600000e+01  -1.6284173e+05   2.8367791e+04
   9.2700000e+01  -2.0048633e+05   6.2820840e+03
   9.2800000e+01  -2.1637312e+05  -1.3214426e+03
   9.2900000e+01  -2.0358417e+05   5.3304575e+03
   9.3000000e+01  -1.7345347e+05   1.5483649e+04
   9.3100000e+01  -1.4546956e+05   1.7027727e+04
   9.3200000e+01  -1.3106623e+05   5.3309585e+03
   9.3300000e+01  -1.2592430e+05  -1.5273989e+04
   9.3400000e+01  -1.1722707e+05  -3.6802988e+04
   9.3500000e+01  -9.8334906e+04  -5.3773910e+04
   9.3600000e+01  -7.6235117e+04  -6.5199715e+04
   9.3700000e+01  -6.4112625e+04  -7.2336383e+04
   9.3800000e+01  -6.6709742e+04  -7.5779852e+04
   9.3900000e+01  -7.4359852e+04  -7.5020609e+04
   9.4000000e+01  -7.2775938e+04  -7.0227867e+04
   9.4100000e+01  -5.8140332e+04  -6.3533203e+04
   9.4200000e+01  -4.0494859e+04  -5.7914934e+04
   9.4300000e+01  -3.1502250e+04  -5.4786508e+04
   9.4400000e+01  -3.0877832e+04  -5.3009180e+04
   9.4500000e+01  -2.7368172e+04  -5.0270383e+04
   9.4600000e+01  -1.2552682e+04  -4.4764449e+04
   9.4700000e+01   9.9000059e+03  -3.4829258e+04
   9.4800000e+01   3.1029721e+04  -1.7405896e+04
   9.4900000e+01   5.0276945e+04   1.1059739e+04
   9.5000000e+01   7.7231109e+04   4.9707801e+04
   9.5100000e+01   1.1717281e+05   8.8603398e+04
   9.5200000e+01   1.5805025e+05   1.1148923e+05
   9.5300000e+01   1.7790825e+05   1.0765595e+05
   9.5400000e+01   1.6832742e+05   8.4120039e+04
   9.5500000e+01   1.4793892e+05   6.4898551e+04
   9.5600000e+01   1.4776164e+05   7.3700453e+04
   9.5700000e+01   1.8078252e+05   1.1315898e+05
   9.5800000e+01   2.2722511e+05   1.6029125e+05
   9.5900000e+01   2.5144122e+05   1.8440320e+05
   9.6000000e+01   2.3311444e+05   1.7187911e+05
   9.6100000e+01   1.8172562e+05   1.3520464e+05
   9.6200000e+01   1.2306543e+05   9.9497172e+04
   9.6300000e+01   7.5530836e+04   8.1666164e+04
   9.6400000e+01   4.0064141e+04   8.1769547e+04
   9.6500000e+01   8.4478213e+03   9.0410367e+04
   9.6600000e+01  -2.4207262e+04   9.9696008e+04
   9.6700000e+01  -5.5897551e+04   1.0583630e+05
   9.6800000e+01  -8.2315367e+04   1.0489877e+05
   9.6900000e+01  -1.0116495e+05   9.1715508e+04
   9.7000000e+01  -1.1225717e+05   6.6030031e+04
   9.7100000e+01  -1.1607198e+05   3.8253008e+04
   9.7200000e+01  -1.1364411e+05   2.4725664e+04
   9.7300000e+01  -1.0699910e+05   3.3339852e+04
   9.7400000e+01  -9.8346219e+04   5.3234422e+04
   9.7500000e+01  -8.8376977e+04   6.1554375e+04
   9.7600000e+01  -7.5578938e+04   4.3650398e+04
   9.7700000e+01  -5.7750148e+04   7.0315210e+03
   9.7800000e+01  -3.5028164e+04  -2.6648848e+04
   9.7900000e+01  -1.2005224e+04  -4.4315492e+04
   9.8000000e+01   3.8292710e+03  -5.4404551e+04
   9.8100000e+01   7.3891826e+03  -7.5535148e+04
   9.8200000e+01   6.2485718e+02  -1.1413985e+05
   9.8300000e+01  -8.8390098e+03  -1.5719758e+05
   9.8400000e+01  -1.4644363e+04  -1.8812709e+05
   9.8500000e+01  -1.7068051e+04  -2.0622602e+05
   9.8600000e+01  -2.0902488e+04  -2.2631633e+05
   9.8700000e+01  -2.8748211e+04  -2.5952653e+05
   9.8800000e+01  -3.8023031e+04  -2.9843728e+05
   9.8900000e+01  -4.4771809e+04  -3.2379022e+05
   9.9000000e+01  -4.8442867e+04  -3.2426572e+05
   9.9100000e+01  -5.1087328e+04  -3.0649584e+05
   9.9200000e+01  -5.2565914e+04  -2.8508644e+05
   9.9300000e+01  -4.9105332e+04  -2.6576912e+05
   9.9400000e+01  -3.8226574e+04  -2.4175366e+05
   9.9500000e+01  -2.4238924e+04  -2.0665220e+05
   9.9600000e+01  -1.6294120e+04  -1.6667042e+05
   9.9700000e+01  -1.8808594e+04  -1.3487961e+05
   9.9800000e+01  -2.4300396e+04  -1.1369042e+05
   9.9900000e+01  -1.9696234e+04  -9.1129148e+04
   1.0000000e+02  -2.4003806e+03  -5.9700469e+04
