   1.1851270e+02   3.6301420e+01   1.8450000e+02
   1.1897599e+02   3.6349644e+01   9.0500000e+01
   0.0000000e+00  -7.3944531e+04  -7.3944531e+04
   1.0000000e-01  -5.3286332e+04  -1.0101689e+05
   2.0000000e-01  -3.9458242e+04  -1.2448327e+05
   3.0000000e-01  -2.1040855e+04  -1.3482061e+05
   4.0000000e-01   1.5457877e+04  -1.3082802e+05
   5.0000000e-01   7.1708016e+04  -1.1924756e+05
   6.0000000e-01   1.3323767e+05  -1.0877276e+05
   7.0000000e-01   1.8042156e+05  -1.0518688e+05
   8.0000000e-01   2.0533003e+05  -1.1119112e+05
   9.0000000e-01   2.1829122e+05  -1.2852703e+05
   1.0000000e+00   2.3765759e+05  -1.5802339e+05
   1.1000000e+00   2.7267191e+05  -1.9698759e+05
   1.2000000e+00   3.1555041e+05  -2.3786403e+05
   1.3000000e+00   3.4916491e+05  -2.7142788e+05
   1.4000000e+00   3.6196638e+05  -2.9259625e+05
   1.5000000e+00   3.5667159e+05  -3.0361366e+05
   1.6000000e+00   3.4671562e+05  -3.1184384e+05
   1.7000000e+00   3.4526650e+05  -3.2437050e+05
   1.8000000e+00   3.5593678e+05  -3.4350078e+05
   1.9000000e+00   3.7093481e+05  -3.6537334e+05
   2.0000000e+00   3.7647234e+05  -3.8174841e+05
   2.1000000e+00   3.6130700e+05  -3.8430022e+05
   2.2000000e+00   3.2331259e+05  -3.6958888e+05
   2.3000000e+00   2.7032697e+05  -3.4110466e+05
   2.4000000e+00   2.1482111e+05  -3.0563981e+05
   2.5000000e+00   1.6591206e+05  -2.6629231e+05
   2.6000000e+00   1.2421141e+05  -2.1891856e+05
   2.7000000e+00   8.2931219e+04  -1.5654058e+05
   2.8000000e+00   3.3920797e+04  -7.8100578e+04
   2.9000000e+00  -2.6163094e+04   7.3071455e+03
   3.0000000e+00  -9.3794711e+04   8.5577672e+04
   3.1000000e+00  -1.6134775e+05   1.4762462e+05
   3.2000000e+00  -2.2217155e+05   1.9516308e+05
   3.3000000e+00  -2.7447384e+05   2.3768344e+05
   3.4000000e+00  -3.2146403e+05   2.8419934e+05
   3.5000000e+00  -3.6731691e+05   3.3673222e+05
   3.6000000e+00  -4.1144659e+05   3.8944119e+05
   3.7000000e+00  -4.4595722e+05   4.3274928e+05
   3.8000000e+00  -4.5993316e+05   4.5967988e+05
   3.9000000e+00  -4.4840734e+05   4.7110578e+05
   4.0000000e+00  -4.1807456e+05   4.7637141e+05
   4.1000000e+00  -3.8324434e+05   4.8753350e+05
   4.2000000e+00  -3.5476056e+05   5.1045309e+05
   4.3000000e+00  -3.3240972e+05   5.3999856e+05
   4.4000000e+00  -3.0819944e+05   5.6392194e+05
   4.5000000e+00  -2.7639497e+05   5.7188919e+05
   4.6000000e+00  -2.3940017e+05   5.6134775e+05
   4.7000000e+00  -2.0429052e+05   5.3588869e+05
   4.8000000e+00  -1.7554561e+05   4.9943084e+05
   4.9000000e+00  -1.5220516e+05   4.5212188e+05
   5.0000000e+00  -1.3052977e+05   3.9001872e+05
   5.1000000e+00  -1.0703243e+05   3.0696062e+05
   5.2000000e+00  -7.8955922e+04   1.9760784e+05
   5.3000000e+00  -4.4431156e+04   6.1850066e+04
   5.4000000e+00  -4.0051152e+03  -9.1339234e+04
   5.5000000e+00   3.9173227e+04  -2.4502630e+05
   5.6000000e+00   8.2688250e+04  -3.8205006e+05
   5.7000000e+00   1.2779589e+05  -4.9414909e+05
   5.8000000e+00   1.7633339e+05  -5.8439425e+05
   5.9000000e+00   2.2379364e+05  -6.6037375e+05
   6.0000000e+00   2.5841306e+05  -7.2415031e+05
   6.1000000e+00   2.7124238e+05  -7.6788350e+05
   6.2000000e+00   2.6825550e+05  -7.7890081e+05
   6.3000000e+00   2.6986141e+05  -7.5020162e+05
   6.4000000e+00   2.9488456e+05  -6.8814381e+05
   6.5000000e+00   3.4323122e+05  -6.1086325e+05
   6.6000000e+00   3.9447000e+05  -5.3760631e+05
   6.7000000e+00   4.2437691e+05  -4.7656562e+05
   6.8000000e+00   4.2416412e+05  -4.2108006e+05
   6.9000000e+00   4.0530153e+05  -3.5776041e+05
   7.0000000e+00   3.8713506e+05  -2.7967012e+05
   7.1000000e+00   3.7970816e+05  -1.9302423e+05
   7.2000000e+00   3.7649303e+05  -1.1196570e+05
   7.3000000e+00   3.6138219e+05  -4.6691141e+04
   7.4000000e+00   3.2231544e+05   4.7993354e+03
   7.5000000e+00   2.6008770e+05   5.5076707e+04
   7.6000000e+00   1.8633147e+05   1.1737036e+05
   7.7000000e+00   1.1366326e+05   1.9457689e+05
   7.8000000e+00   4.6599090e+04   2.7547106e+05
   7.9000000e+00  -1.9679844e+04   3.4220097e+05
   8.0000000e+00  -9.2768086e+04   3.8436844e+05
   8.1000000e+00  -1.7528667e+05   4.0763947e+05
   8.2000000e+00  -2.6247478e+05   4.2786325e+05
   8.3000000e+00  -3.4544894e+05   4.5533991e+05
   8.4000000e+00  -4.1530556e+05   4.8462281e+05
   8.5000000e+00  -4.6476984e+05   4.9987453e+05
   8.6000000e+00  -4.8904634e+05   4.8933209e+05
   8.7000000e+00  -4.8812462e+05   4.5388903e+05
   8.8000000e+00  -4.6806088e+05   4.0342694e+05
   8.9000000e+00  -4.3679494e+05   3.4816944e+05
   9.0000000e+00  -3.9626719e+05   2.9437228e+05
   9.1000000e+00  -3.3983888e+05   2.4484077e+05
   9.2000000e+00  -2.6068359e+05   1.9943341e+05
   9.3000000e+00  -1.6389633e+05   1.5493630e+05
   9.4000000e+00  -6.8075359e+04   1.0788116e+05
   9.5000000e+00   7.9482734e+03   5.9587523e+04
   9.6000000e+00   6.0438441e+04   1.6604994e+04
   9.7000000e+00   1.0150976e+05  -1.6735037e+04
   9.8000000e+00   1.4403964e+05  -4.6213258e+04
   9.9000000e+00   1.8679212e+05  -8.5323633e+04
   1.0000000e+01   2.1508441e+05  -1.4243531e+05
   1.0100000e+01   2.1489022e+05  -2.1004773e+05
   1.0200000e+01   1.8467166e+05  -2.6795819e+05
   1.0300000e+01   1.3407553e+05  -2.9829922e+05
   1.0400000e+01   7.4152555e+04  -2.9865641e+05
   1.0500000e+01   1.1152601e+04  -2.8191409e+05
   1.0600000e+01  -5.1487531e+04  -2.6440356e+05
   1.0700000e+01  -1.0910546e+05  -2.5382630e+05
   1.0800000e+01  -1.5653488e+05  -2.4674881e+05
   1.0900000e+01  -1.9210197e+05  -2.3563019e+05
   1.1000000e+01  -2.1833800e+05  -2.1740041e+05
   1.1100000e+01  -2.3743306e+05  -1.9603047e+05
   1.1200000e+01  -2.4678930e+05  -1.7823802e+05
   1.1300000e+01  -2.4016667e+05  -1.6731978e+05
   1.1400000e+01  -2.1314570e+05  -1.6042747e+05
   1.1500000e+01  -1.6704094e+05  -1.5083453e+05
   1.1600000e+01  -1.0810923e+05  -1.3313811e+05
   1.1700000e+01  -4.4113828e+04  -1.0797606e+05
   1.1800000e+01   1.8598154e+04  -8.3183266e+04
   1.1900000e+01   7.6811031e+04  -6.9995125e+04
   1.2000000e+01   1.3122362e+05  -7.6092391e+04
   1.2100000e+01   1.8521567e+05  -1.0018742e+05
   1.2200000e+01   2.4084047e+05  -1.3220598e+05
   1.2300000e+01   2.9458081e+05  -1.5860830e+05
   1.2400000e+01   3.3721447e+05  -1.6835553e+05
   1.2500000e+01   3.5896594e+05  -1.5550823e+05
   1.2600000e+01   3.5608341e+05  -1.1822079e+05
   1.2700000e+01   3.3372169e+05  -5.6619090e+04
   1.2800000e+01   3.0330472e+05   2.8147488e+04
   1.2900000e+01   2.7642756e+05   1.3304656e+05
   1.3000000e+01   2.5892638e+05   2.5161812e+05
   1.3100000e+01   2.4841270e+05   3.7422297e+05
   1.3200000e+01   2.3700522e+05   4.9187075e+05
   1.3300000e+01   2.1780288e+05   6.0142100e+05
   1.3400000e+01   1.9019680e+05   7.0619469e+05
   1.3500000e+01   1.5921119e+05   8.0869106e+05
   1.3600000e+01   1.2922202e+05   9.0085475e+05
   1.3700000e+01   9.8200930e+04   9.6235494e+05
   1.3800000e+01   5.8696336e+04   9.7075850e+05
   1.3900000e+01   5.2775127e+03   9.1517688e+05
   1.4000000e+01  -5.8570215e+04   8.0097862e+05
   1.4100000e+01  -1.2122993e+05   6.4233662e+05
   1.4200000e+01  -1.7161244e+05   4.5101522e+05
   1.4300000e+01  -2.0822083e+05   2.3144931e+05
   1.4400000e+01  -2.3998597e+05  -1.5786826e+04
   1.4500000e+01  -2.7725394e+05  -2.8723234e+05
   1.4600000e+01  -3.2065150e+05  -5.7200081e+05
   1.4700000e+01  -3.5835775e+05  -8.5174394e+05
   1.4800000e+01  -3.7500112e+05  -1.1052346e+06
   1.4900000e+01  -3.6431031e+05  -1.3158716e+06
   1.5000000e+01  -3.3376159e+05  -1.4774198e+06
   1.5100000e+01  -2.9709403e+05  -1.5923698e+06
   1.5200000e+01  -2.6218203e+05  -1.6625745e+06
   1.5300000e+01  -2.2564723e+05  -1.6800028e+06
   1.5400000e+01  -1.7839288e+05  -1.6271138e+06
   1.5500000e+01  -1.1592366e+05  -1.4876514e+06
   1.5600000e+01  -4.3919027e+04  -1.2580239e+06
   1.5700000e+01   2.5040783e+04  -9.4892750e+05
   1.5800000e+01   7.9905898e+04  -5.7748312e+05
   1.5900000e+01   1.1777618e+05  -1.5992008e+05
   1.6000000e+01   1.4425197e+05   2.8735594e+05
   1.6100000e+01   1.6800667e+05   7.4144356e+05
   1.6200000e+01   1.9370448e+05   1.1709308e+06
   1.6300000e+01   2.1804128e+05   1.5423000e+06
   1.6400000e+01   2.3160780e+05   1.8289071e+06
   1.6500000e+01   2.2563225e+05   2.0143995e+06
   1.6600000e+01   1.9914886e+05   2.0898120e+06
   1.6700000e+01   1.6099605e+05   2.0506010e+06
   1.6800000e+01   1.2407402e+05   1.8981648e+06
   1.6900000e+01   9.5546148e+04   1.6432995e+06
   1.7000000e+01   7.1268953e+04   1.3062884e+06
   1.7100000e+01   4.0263965e+04   9.1282875e+05
   1.7200000e+01  -3.9452754e+03   4.9008300e+05
   1.7300000e+01  -5.5485426e+04   6.6041828e+04
   1.7400000e+01  -9.9339875e+04  -3.2987316e+05
   1.7500000e+01  -1.2250845e+05  -6.6923400e+05
   1.7600000e+01  -1.2273405e+05  -9.3069056e+05
   1.7700000e+01  -1.0805192e+05  -1.1055060e+06
   1.7800000e+01  -8.9864250e+04  -1.1978792e+06
   1.7900000e+01  -7.6595281e+04  -1.2195270e+06
   1.8000000e+01  -7.1237953e+04  -1.1824881e+06
   1.8100000e+01  -7.1370031e+04  -1.0952588e+06
   1.8200000e+01  -7.0456898e+04  -9.6456088e+05
   1.8300000e+01  -6.1412691e+04  -8.0045681e+05
   1.8400000e+01  -4.1796730e+04  -6.1948344e+05
   1.8500000e+01  -1.6293461e+04  -4.4189781e+05
   1.8600000e+01   7.0041104e+03  -2.8447278e+05
   1.8700000e+01   2.3586469e+04  -1.5481744e+05
   1.8800000e+01   3.5621891e+04  -5.1946027e+04
   1.8900000e+01   4.7941938e+04   2.8384465e+04
   1.9000000e+01   6.1601379e+04   8.9563469e+04
   1.9100000e+01   7.2142383e+04   1.3491517e+05
   1.9200000e+01   7.4117375e+04   1.7071186e+05
   1.9300000e+01   6.6699094e+04   2.0600450e+05
   1.9400000e+01   5.4696281e+04   2.4797119e+05
   1.9500000e+01   4.4594984e+04   2.9730531e+05
   1.9600000e+01   3.9971574e+04   3.4857341e+05
   1.9700000e+01   4.0176449e+04   3.9503566e+05
   1.9800000e+01   4.2103062e+04   4.3269588e+05
   1.9900000e+01   4.2145047e+04   4.5976531e+05
   2.0000000e+01   3.6821020e+04   4.7321459e+05
   2.0100000e+01   2.3525592e+04   4.6701678e+05
   2.0200000e+01   2.8378496e+03   4.3404472e+05
   2.0300000e+01  -1.9721211e+04   3.6933175e+05
   2.0400000e+01  -3.6350707e+04   2.7191316e+05
   2.0500000e+01  -4.3604906e+04   1.4553773e+05
   2.0600000e+01  -4.6347070e+04   1.0527344e+00
   2.0700000e+01  -5.3273074e+04  -1.4785950e+05
   2.0800000e+01  -6.7505445e+04  -2.7716512e+05
   2.0900000e+01  -8.2600430e+04  -3.7096841e+05
   2.1000000e+01  -8.8941680e+04  -4.2388481e+05
   2.1100000e+01  -8.3317516e+04  -4.4221509e+05
   2.1200000e+01  -7.0704727e+04  -4.3592391e+05
   2.1300000e+01  -5.7036516e+04  -4.1018741e+05
   2.1400000e+01  -4.2625117e+04  -3.6449072e+05
   2.1500000e+01  -2.4145539e+04  -2.9873400e+05
   2.1600000e+01  -1.5853096e+03  -2.1842191e+05
   2.1700000e+01   1.9492807e+04  -1.3318356e+05
   2.1800000e+01   3.3454902e+04  -5.1189457e+04
   2.1900000e+01   4.1010090e+04   2.3893039e+04
   2.2000000e+01   4.8830508e+04   9.1070352e+04
   2.2100000e+01   6.2909523e+04   1.4906505e+05
   2.2200000e+01   8.2888445e+04   1.9604309e+05
   2.2300000e+01   1.0264888e+05   2.3103166e+05
   2.2400000e+01   1.1556980e+05   2.5377983e+05
   2.2500000e+01   1.1896768e+05   2.6303331e+05
   2.2600000e+01   1.1432969e+05   2.5653877e+05
   2.2700000e+01   1.0448822e+05   2.3408481e+05
   2.2800000e+01   9.1136430e+04   2.0003728e+05
   2.2900000e+01   7.4663023e+04   1.6129025e+05
   2.3000000e+01   5.5417453e+04   1.2196667e+05
   2.3100000e+01   3.4359742e+04   8.0859617e+04
   2.3200000e+01   1.2602104e+04   3.5159902e+04
   2.3300000e+01  -8.6602422e+03  -1.3067340e+04
   2.3400000e+01  -2.6919070e+04  -5.4632715e+04
   2.3500000e+01  -3.7660094e+04  -7.8122922e+04
   2.3600000e+01  -3.6781703e+04  -7.8060648e+04
   2.3700000e+01  -2.5077336e+04  -5.9756590e+04
   2.3800000e+01  -9.7198633e+03  -3.7210438e+04
   2.3900000e+01   5.3354980e+02  -2.5265574e+04
   2.4000000e+01   2.6234785e+03  -3.0652727e+04
   2.4100000e+01   1.2044355e+03  -4.7691148e+04
   2.4200000e+01   2.7906436e+03  -6.2542516e+04
   2.4300000e+01   8.3301318e+03  -6.4313133e+04
   2.4400000e+01   1.2234001e+04  -5.4810941e+04
   2.4500000e+01   8.1751948e+03  -4.8022758e+04
   2.4600000e+01  -5.4074238e+03  -5.8607648e+04
   2.4700000e+01  -2.5299965e+04  -8.9283211e+04
   2.4800000e+01  -4.6776141e+04  -1.2863055e+05
   2.4900000e+01  -6.5351887e+04  -1.6076467e+05
   2.5000000e+01  -7.6871930e+04  -1.7689764e+05
   2.5100000e+01  -7.9268430e+04  -1.7824831e+05
   2.5200000e+01  -7.5869930e+04  -1.6979105e+05
   2.5300000e+01  -7.5291805e+04  -1.5314628e+05
   2.5400000e+01  -8.5251336e+04  -1.2558109e+05
   2.5500000e+01  -1.0538173e+05  -8.4169070e+04
   2.5600000e+01  -1.2684015e+05  -2.9422191e+04
   2.5700000e+01  -1.3958723e+05   3.4968910e+04
   2.5800000e+01  -1.3974675e+05   1.0481938e+05
   2.5900000e+01  -1.2987730e+05   1.7723361e+05
   2.6000000e+01  -1.1360583e+05   2.4980838e+05
   2.6100000e+01  -9.2104812e+04   3.1811609e+05
   2.6200000e+01  -6.6270461e+04   3.7389853e+05
   2.6300000e+01  -4.0357926e+04   4.0630325e+05
   2.6400000e+01  -2.0759965e+04   4.0634044e+05
   2.6500000e+01  -1.0174973e+04   3.7165988e+05
   2.6600000e+01  -4.1629839e+03   3.0778766e+05
   2.6700000e+01   4.8240347e+03   2.2484197e+05
   2.6800000e+01   1.9557254e+04   1.3272095e+05
   2.6900000e+01   3.4898070e+04   3.8415262e+04
   2.7000000e+01   4.3059609e+04  -5.3872082e+04
   2.7100000e+01   4.1750574e+04  -1.4152842e+05
   2.7200000e+01   3.6907266e+04  -2.2223606e+05
   2.7300000e+01   3.7815438e+04  -2.9214438e+05
   2.7400000e+01   4.9726328e+04  -3.4419756e+05
   2.7500000e+01   7.0081320e+04  -3.6925141e+05
   2.7600000e+01   9.0200703e+04  -3.6105019e+05
   2.7700000e+01   1.0057527e+05  -3.2144659e+05
   2.7800000e+01   9.6931969e+04  -2.6042831e+05
   2.7900000e+01   8.3948883e+04  -1.9017320e+05
   2.8000000e+01   7.3452320e+04  -1.1866303e+05
   2.8100000e+01   7.6687547e+04  -4.8689094e+04
   2.8200000e+01   9.5607375e+04   1.8083895e+04
   2.8300000e+01   1.2061550e+05   7.7430125e+04
   2.8400000e+01   1.3753189e+05   1.2308288e+05
   2.8500000e+01   1.3829025e+05   1.5005633e+05
   2.8600000e+01   1.2633966e+05   1.5714894e+05
   2.8700000e+01   1.1246961e+05   1.4710986e+05
   2.8800000e+01   1.0500594e+05   1.2516307e+05
   2.8900000e+01   1.0263105e+05   9.6579977e+04
   2.9000000e+01   9.5547273e+04   6.3978066e+04
   2.9100000e+01   7.3975438e+04   2.6334141e+04
   2.9200000e+01   3.7107727e+04  -1.8535053e+04
   2.9300000e+01  -5.0312305e+03  -6.9864188e+04
   2.9400000e+01  -3.8714859e+04  -1.2278800e+05
   2.9500000e+01  -5.6681668e+04  -1.7168375e+05
   2.9600000e+01  -6.2528973e+04  -2.1365120e+05
   2.9700000e+01  -6.5952781e+04  -2.4734731e+05
   2.9800000e+01  -7.3944438e+04  -2.6894188e+05
   2.9900000e+01  -8.5940984e+04  -2.7158259e+05
   3.0000000e+01  -9.5947445e+04  -2.5031944e+05
   3.0100000e+01  -9.8133852e+04  -2.0661100e+05
   3.0200000e+01  -9.0950609e+04  -1.4645611e+05
   3.0300000e+01  -7.7825820e+04  -7.4421414e+04
   3.0400000e+01  -6.5103250e+04   8.8366016e+03
   3.0500000e+01  -5.8309086e+04   1.0273881e+05
   3.0600000e+01  -5.8342117e+04   2.0192572e+05
   3.0700000e+01  -6.0401641e+04   2.9634197e+05
   3.0800000e+01  -5.7565402e+04   3.7562666e+05
   3.0900000e+01  -4.6834008e+04   4.3278666e+05
   3.1000000e+01  -3.2296053e+04   4.6475312e+05
   3.1100000e+01  -2.2210371e+04   4.7161828e+05
   3.1200000e+01  -2.2448590e+04   4.5611984e+05
   3.1300000e+01  -3.1845910e+04   4.2226338e+05
   3.1400000e+01  -4.2884125e+04   3.7237778e+05
   3.1500000e+01  -4.6848465e+04   3.0513256e+05
   3.1600000e+01  -3.9894750e+04   2.1769266e+05
   3.1700000e+01  -2.5963842e+04   1.1118524e+05
   3.1800000e+01  -1.3909552e+04  -5.4028018e+03
   3.1900000e+01  -1.0158426e+04  -1.1696873e+05
   3.2000000e+01  -1.2943820e+04  -2.0890656e+05
   3.2100000e+01  -1.4209624e+04  -2.7380494e+05
   3.2200000e+01  -8.1138965e+03  -3.1351528e+05
   3.2300000e+01   2.6629211e+03  -3.3542066e+05
   3.2400000e+01   1.0050740e+04  -3.4598762e+05
   3.2500000e+01   9.8831006e+03  -3.4662516e+05
   3.2600000e+01   6.7869209e+03  -3.3477062e+05
   3.2700000e+01   9.2597246e+03  -3.0832878e+05
   3.2800000e+01   2.0894760e+04  -2.6862506e+05
   3.2900000e+01   3.7410195e+04  -2.1928131e+05
   3.3000000e+01   5.1516023e+04  -1.6349044e+05
   3.3100000e+01   5.9142887e+04  -1.0378171e+05
   3.3200000e+01   6.1049473e+04  -4.4283398e+04
   3.3300000e+01   6.0468238e+04   8.8569941e+03
   3.3400000e+01   6.0730746e+04   5.1334605e+04
   3.3500000e+01   6.4161527e+04   8.4817805e+04
   3.3600000e+01   7.0904508e+04   1.1509381e+05
   3.3700000e+01   7.7780609e+04   1.4437259e+05
   3.3800000e+01   7.9294047e+04   1.6594372e+05
   3.3900000e+01   7.1151609e+04   1.6847478e+05
   3.4000000e+01   5.3226414e+04   1.4694214e+05
   3.4100000e+01   2.9077693e+04   1.0906930e+05
   3.4200000e+01   3.1341060e+03   7.0154367e+04
   3.4300000e+01  -2.0985434e+04   4.1194727e+04
   3.4400000e+01  -4.0024215e+04   2.1843371e+04
   3.4500000e+01  -5.1124727e+04   4.0991919e+03
   3.4600000e+01  -5.4202871e+04  -1.8209186e+04
   3.4700000e+01  -5.4080148e+04  -4.3507523e+04
   3.4800000e+01  -5.8087105e+04  -6.4422836e+04
   3.4900000e+01  -6.9433758e+04  -7.4225906e+04
   3.5000000e+01  -8.2702281e+04  -7.1598234e+04
   3.5100000e+01  -8.7379906e+04  -6.0477703e+04
   3.5200000e+01  -7.7417586e+04  -4.6339012e+04
   3.5300000e+01  -5.7732438e+04  -3.2683471e+04
   3.5400000e+01  -4.0794121e+04  -2.0431756e+04
   3.5500000e+01  -3.6167797e+04  -9.5673438e+03
   3.5600000e+01  -4.2720039e+04  -1.8796387e+01
   3.5700000e+01  -5.0099500e+04   9.7177305e+03
   3.5800000e+01  -4.7191480e+04   2.3711699e+04
   3.5900000e+01  -3.0019334e+04   4.5939855e+04
   3.6000000e+01  -3.7963506e+03   7.4905695e+04
   3.6100000e+01   2.0890998e+04   1.0165793e+05
   3.6200000e+01   3.4656121e+04   1.1524685e+05
   3.6300000e+01   3.4914469e+04   1.1138293e+05
   3.6400000e+01   2.7076117e+04   9.5583273e+04
   3.6500000e+01   1.9831014e+04   7.7713008e+04
   3.6600000e+01   1.7544229e+04   6.4040789e+04
   3.6700000e+01   1.6473713e+04   5.4530793e+04
   3.6800000e+01   9.1211797e+03   4.6003457e+04
   3.6900000e+01  -6.8443740e+03   3.5813902e+04
   3.7000000e+01  -2.4002426e+04   2.2563404e+04
   3.7100000e+01  -3.0163035e+04   5.4399092e+03
   3.7200000e+01  -1.8685408e+04  -1.5507397e+04
   3.7300000e+01   5.5329990e+03  -3.8897141e+04
   3.7400000e+01   3.0011109e+04  -6.2769922e+04
   3.7500000e+01   4.4957391e+04  -8.5390523e+04
   3.7600000e+01   5.0697441e+04  -1.0433035e+05
   3.7700000e+01   5.5956930e+04  -1.1536209e+05
   3.7800000e+01   6.8948367e+04  -1.1443598e+05
   3.7900000e+01   8.9445812e+04  -1.0211423e+05
   3.8000000e+01   1.0883898e+05  -8.5130156e+04
   3.8100000e+01   1.1771783e+05  -7.1638680e+04
   3.8200000e+01   1.1381876e+05  -6.4010789e+04
   3.8300000e+01   1.0343733e+05  -5.6601805e+04
   3.8400000e+01   9.5853812e+04  -4.0996699e+04
   3.8500000e+01   9.6114086e+04  -1.3623120e+04
   3.8600000e+01   1.0161920e+05   2.1129637e+04
   3.8700000e+01   1.0405274e+05   5.4199516e+04
   3.8800000e+01   9.4840539e+04   7.8027969e+04
   3.8900000e+01   7.1123562e+04   9.0866938e+04
   3.9000000e+01   3.8784113e+04   9.6626953e+04
   3.9100000e+01   9.6388018e+03   1.0066334e+05
   3.9200000e+01  -6.5857725e+03   1.0455205e+05
   3.9300000e+01  -9.7691660e+03   1.0409598e+05
   3.9400000e+01  -9.5230430e+03   9.2669156e+04
   3.9500000e+01  -1.6939896e+04   6.7233992e+04
   3.9600000e+01  -3.4989699e+04   3.1571773e+04
   3.9700000e+01  -5.6253684e+04  -6.0456890e+03
   3.9800000e+01  -6.9884562e+04  -3.8157363e+04
   3.9900000e+01  -7.1338305e+04  -6.1739922e+04
   4.0000000e+01  -6.6603648e+04  -7.8180438e+04
   4.0100000e+01  -6.8088539e+04  -9.0810281e+04
   4.0200000e+01  -8.5990055e+04  -1.0181755e+05
   4.0300000e+01  -1.2140438e+05  -1.0995342e+05
   4.0400000e+01  -1.6527333e+05  -1.1080916e+05
   4.0500000e+01  -2.0335080e+05  -1.0059591e+05
   4.0600000e+01  -2.2402430e+05  -8.0774875e+04
   4.0700000e+01  -2.2419359e+05  -5.8431457e+04
   4.0800000e+01  -2.0951103e+05  -4.0806512e+04
   4.0900000e+01  -1.8916658e+05  -2.9199934e+04
   4.1000000e+01  -1.6945094e+05  -1.8949557e+04
   4.1100000e+01  -1.5083686e+05  -5.4418096e+03
   4.1200000e+01  -1.2974845e+05   1.0909433e+04
   4.1300000e+01  -1.0238711e+05   2.6205332e+04
   4.1400000e+01  -6.7610523e+04   3.8526785e+04
   4.1500000e+01  -2.7963646e+04   5.0362469e+04
   4.1600000e+01   1.0957377e+04   6.5337691e+04
   4.1700000e+01   4.3056008e+04   8.3433344e+04
   4.1800000e+01   6.5625938e+04   9.9988266e+04
   4.1900000e+01   8.1526383e+04   1.0898766e+05
   4.2000000e+01   9.6499578e+04   1.0702793e+05
   4.2100000e+01   1.1316070e+05   9.4933789e+04
   4.2200000e+01   1.2786764e+05   7.6867078e+04
   4.2300000e+01   1.3456867e+05   5.8097125e+04
   4.2400000e+01   1.3194264e+05   4.2368297e+04
   4.2500000e+01   1.2585600e+05   3.0027932e+04
   4.2600000e+01   1.2407040e+05   1.8500697e+04
   4.2700000e+01   1.2867465e+05   5.2863774e+03
   4.2800000e+01   1.3394762e+05  -9.0811807e+03
   4.2900000e+01   1.3135317e+05  -2.1205324e+04
   4.3000000e+01   1.1658845e+05  -2.7977561e+04
   4.3100000e+01   9.2858094e+04  -2.9153020e+04
   4.3200000e+01   6.8763938e+04  -2.6703045e+04
   4.3300000e+01   5.3125809e+04  -2.2447414e+04
   4.3400000e+01   5.0124746e+04  -1.7241332e+04
   4.3500000e+01   5.7351535e+04  -1.2050832e+04
   4.3600000e+01   6.7689406e+04  -8.1242349e+03
   4.3700000e+01   7.3719789e+04  -5.0933950e+03
   4.3800000e+01   7.1698695e+04   1.3039062e+01
   4.3900000e+01   6.2726832e+04   9.8223809e+03
   4.4000000e+01   5.1059840e+04   2.1962725e+04
   4.4100000e+01   4.1161816e+04   2.8551939e+04
   4.4200000e+01   3.4972332e+04   2.1938680e+04
   4.4300000e+01   3.0349361e+04   1.5541340e+03
   4.4400000e+01   2.1855242e+04  -2.5091867e+04
   4.4500000e+01   4.5270269e+03  -4.8245367e+04
   4.4600000e+01  -2.1366645e+04  -6.2805148e+04
   4.4700000e+01  -4.9029742e+04  -7.0344531e+04
   4.4800000e+01  -6.9866922e+04  -7.5765625e+04
   4.4900000e+01  -8.0781594e+04  -8.2547398e+04
   4.5000000e+01  -8.6803781e+04  -9.0310008e+04
   4.5100000e+01  -9.5764305e+04  -9.5545609e+04
   4.5200000e+01  -1.1017727e+05  -9.4244031e+04
   4.5300000e+01  -1.2481163e+05  -8.4589852e+04
   4.5400000e+01  -1.3217425e+05  -6.8176297e+04
   4.5500000e+01  -1.2938220e+05  -4.9089320e+04
   4.5600000e+01  -1.1914402e+05  -3.1639191e+04
   4.5700000e+01  -1.0534925e+05  -1.8354914e+04
   4.5800000e+01  -8.9854203e+04  -9.2575215e+03
   4.5900000e+01  -7.3893117e+04  -2.2876926e+03
   4.6000000e+01  -6.0287648e+04   5.5068198e+03
   4.6100000e+01  -5.1763637e+04   1.6141431e+04
   4.6200000e+01  -4.7229953e+04   2.8895328e+04
   4.6300000e+01  -4.1935059e+04   4.0227359e+04
   4.6400000e+01  -3.2490867e+04   4.6369062e+04
   4.6500000e+01  -2.0489062e+04   4.6757816e+04
   4.6600000e+01  -9.5114434e+03   4.4848824e+04
   4.6700000e+01   9.4310547e+02   4.5236375e+04
   4.6800000e+01   1.6445039e+04   5.0164664e+04
   4.6900000e+01   4.1440992e+04   5.9123422e+04
   4.7000000e+01   7.2847953e+04   7.1144820e+04
   4.7100000e+01   1.0084660e+05   8.5936219e+04
   4.7200000e+01   1.1608603e+05   1.0202678e+05
   4.7300000e+01   1.1622280e+05   1.1506122e+05
   4.7400000e+01   1.0678781e+05   1.2009175e+05
   4.7500000e+01   9.7101641e+04   1.1643235e+05
   4.7600000e+01   9.4415836e+04   1.0918036e+05
   4.7700000e+01   9.8975422e+04   1.0447695e+05
   4.7800000e+01   1.0297156e+05   1.0300159e+05
   4.7900000e+01   9.5937594e+04   9.8767281e+04
   4.8000000e+01   7.4138945e+04   8.4474383e+04
   4.8100000e+01   4.5328426e+04   5.7554949e+04
   4.8200000e+01   2.2301242e+04   2.1132076e+04
   4.8300000e+01   1.0299576e+04  -1.9430857e+04
   4.8400000e+01   1.7158198e+03  -5.9421820e+04
   4.8500000e+01  -1.5225691e+04  -9.4710250e+04
   4.8600000e+01  -4.2853664e+04  -1.2114291e+05
   4.8700000e+01  -7.0540102e+04  -1.3611562e+05
   4.8800000e+01  -8.4965344e+04  -1.4097295e+05
   4.8900000e+01  -8.2686352e+04  -1.4067481e+05
   4.9000000e+01  -7.2188383e+04  -1.4007627e+05
   4.9100000e+01  -6.5024070e+04  -1.4034769e+05
   4.9200000e+01  -6.6217094e+04  -1.3909016e+05
   4.9300000e+01  -7.2171625e+04  -1.3360366e+05
   4.9400000e+01  -7.5265812e+04  -1.2352258e+05
   4.9500000e+01  -6.9410367e+04  -1.1019799e+05
   4.9600000e+01  -5.3028410e+04  -9.4096828e+04
   4.9700000e+01  -2.9501758e+04  -7.3666594e+04
   4.9800000e+01  -5.8160615e+03  -4.7325047e+04
   4.9900000e+01   1.0507646e+04  -1.6495977e+04
   5.0000000e+01   1.5333344e+04   1.3977385e+04
   5.0100000e+01   1.0291992e+04   3.9156848e+04
   5.0200000e+01   1.4911926e+03   5.7954324e+04
   5.0300000e+01  -4.9307549e+03   7.3416578e+04
   5.0400000e+01  -7.0085361e+03   8.8711938e+04
   5.0500000e+01  -7.2880215e+03   1.0284366e+05
   5.0600000e+01  -9.0428057e+03   1.1052178e+05
   5.0700000e+01  -1.2370100e+04   1.0635435e+05
   5.0800000e+01  -1.4556397e+04   8.9480570e+04
   5.0900000e+01  -1.4180111e+04   6.4974762e+04
   5.1000000e+01  -1.3479411e+04   4.1399219e+04
   5.1100000e+01  -1.5304887e+04   2.6113793e+04
   5.1200000e+01  -1.8225176e+04   2.0661322e+04
   5.1300000e+01  -1.6656051e+04   1.9175508e+04
   5.1400000e+01  -6.8935898e+03   1.2358299e+04
   5.1500000e+01   8.1145312e+03  -4.3574790e+03
   5.1600000e+01   2.1509678e+04  -2.5269111e+04
   5.1700000e+01   2.9725586e+04  -3.8126527e+04
   5.1800000e+01   3.5549520e+04  -3.5161238e+04
   5.1900000e+01   4.3841898e+04  -2.0684600e+04
   5.2000000e+01   5.5610996e+04  -6.7350029e+03
   5.2100000e+01   6.7085555e+04  -7.6556860e+02
   5.2200000e+01   7.3508758e+04   1.6767096e+03
   5.2300000e+01   7.2567922e+04   1.1620880e+04
   5.2400000e+01   6.4796395e+04   3.4621578e+04
   5.2500000e+01   5.2511117e+04   6.4378266e+04
   5.2600000e+01   3.8860297e+04   8.7500148e+04
   5.2700000e+01   2.6430443e+04   9.3750344e+04
   5.2800000e+01   1.5509152e+04   8.2636531e+04
   5.2900000e+01   4.2667910e+03   6.2516051e+04
   5.3000000e+01  -8.1892173e+03   4.4600371e+04
   5.3100000e+01  -1.9155830e+04   3.6038148e+04
   5.3200000e+01  -2.4023926e+04   3.5377527e+04
   5.3300000e+01  -2.1130443e+04   3.3039754e+04
   5.3400000e+01  -1.4090138e+04   1.7830010e+04
   5.3500000e+01  -8.5365762e+03  -1.3827435e+04
   5.3600000e+01  -6.8974849e+03  -5.3260605e+04
   5.3700000e+01  -7.0072676e+03  -8.4798805e+04
   5.3800000e+01  -5.5358213e+03  -9.7679633e+04
   5.3900000e+01  -1.8980920e+03  -9.4303719e+04
   5.4000000e+01   1.2593513e+03  -8.7050070e+04
   5.4100000e+01   5.0300525e+02  -8.6612250e+04
   5.4200000e+01  -5.8822002e+03  -9.3023398e+04
   5.4300000e+01  -1.6821371e+04  -9.7468797e+04
   5.4400000e+01  -2.8598146e+04  -9.1913953e+04
   5.4500000e+01  -3.6262746e+04  -7.6407188e+04
   5.4600000e+01  -3.6598840e+04  -5.7748102e+04
   5.4700000e+01  -3.1197234e+04  -4.2651000e+04
   5.4800000e+01  -2.6457348e+04  -3.2860941e+04
   5.4900000e+01  -2.9071656e+04  -2.5619490e+04
   5.5000000e+01  -4.0024172e+04  -1.7009072e+04
   5.5100000e+01  -5.2465641e+04  -4.7149595e+03
   5.5200000e+01  -5.5911488e+04   1.0564659e+04
   5.5300000e+01  -4.3707402e+04   2.4695717e+04
   5.5400000e+01  -1.7970412e+04   3.1574875e+04
   5.5500000e+01   1.1576021e+04   2.7162145e+04
   5.5600000e+01   3.3818562e+04   1.3658455e+04
   5.5700000e+01   4.3163031e+04  -4.5972363e+02
   5.5800000e+01   4.2529320e+04  -5.8360947e+03
   5.5900000e+01   4.0357355e+04   9.4059570e+02
   5.6000000e+01   4.3624977e+04   1.4835328e+04
   5.6100000e+01   5.2131477e+04   2.6282320e+04
   5.6200000e+01   5.8763855e+04   2.8332980e+04
   5.6300000e+01   5.5626883e+04   2.1594543e+04
   5.6400000e+01   4.0759680e+04   1.3494130e+04
   5.6500000e+01   1.9806537e+04   1.2651768e+04
   5.6600000e+01   1.8254552e+03   2.2696857e+04
   5.6700000e+01  -6.7127217e+03   4.0238508e+04
   5.6800000e+01  -5.3010918e+03   5.8352020e+04
   5.6900000e+01   1.1831238e+03   7.2369023e+04
   5.7000000e+01   5.8104648e+03   8.2964812e+04
   5.7100000e+01   3.9222539e+03   9.4160734e+04
   5.7200000e+01  -3.5951284e+03   1.0834635e+05
   5.7300000e+01  -1.0562740e+04   1.2278186e+05
   5.7400000e+01  -1.0223823e+04   1.3066470e+05
   5.7500000e+01  -1.3856721e+03   1.2615561e+05
   5.7600000e+01   9.5646836e+03   1.0939520e+05
   5.7700000e+01   1.3483277e+04   8.6955188e+04
   5.7800000e+01   6.4698574e+03   6.6578469e+04
   5.7900000e+01  -6.1444692e+03   5.0509750e+04
   5.8000000e+01  -1.3837840e+04   3.3994562e+04
   5.8100000e+01  -9.9190742e+03   1.1022463e+04
   5.8200000e+01   2.0742310e+03  -1.8309262e+04
   5.8300000e+01   1.0317772e+04  -4.6781020e+04
   5.8400000e+01   3.8938716e+03  -6.6773914e+04
   5.8500000e+01  -1.8090221e+04  -7.7570172e+04
   5.8600000e+01  -4.5172391e+04  -8.5494812e+04
   5.8700000e+01  -6.3439992e+04  -9.7231695e+04
   5.8800000e+01  -6.6218906e+04  -1.1376866e+05
   5.8900000e+01  -5.8614426e+04  -1.3067327e+05
   5.9000000e+01  -5.2350480e+04  -1.4295105e+05
   5.9100000e+01  -5.5698328e+04  -1.4883205e+05
   5.9200000e+01  -6.7020148e+04  -1.4980134e+05
   5.9300000e+01  -7.6688945e+04  -1.4862081e+05
   5.9400000e+01  -7.4960836e+04  -1.4756898e+05
   5.9500000e+01  -5.9153258e+04  -1.4711952e+05
   5.9600000e+01  -3.4986043e+04  -1.4506317e+05
   5.9700000e+01  -1.1889873e+04  -1.3735603e+05
   5.9800000e+01   3.7530957e+03  -1.2102427e+05
   5.9900000e+01   1.2668038e+04  -9.6420062e+04
   6.0000000e+01   2.1588305e+04  -6.5973414e+04
   6.0100000e+01   3.7983391e+04  -3.1020488e+04
   6.0200000e+01   6.4129586e+04   8.5209453e+03
   6.0300000e+01   9.4471492e+04   5.0468852e+04
   6.0400000e+01   1.1832101e+05   8.7893352e+04
   6.0500000e+01   1.2646696e+05   1.1286462e+05
   6.0600000e+01   1.1721070e+05   1.2360830e+05
   6.0700000e+01   9.7222094e+04   1.2676092e+05
   6.0800000e+01   7.6318344e+04   1.3128550e+05
   6.0900000e+01   6.0280203e+04   1.4025044e+05
   6.1000000e+01   4.7621914e+04   1.4896606e+05
   6.1100000e+01   3.2689086e+04   1.5038680e+05
   6.1200000e+01   1.1709160e+04   1.4115822e+05
   6.1300000e+01  -1.3880049e+04   1.2282382e+05
   6.1400000e+01  -3.9230520e+04   9.9178266e+04
   6.1500000e+01  -6.0362594e+04   7.3703422e+04
   6.1600000e+01  -7.6660891e+04   4.8535547e+04
   6.1700000e+01  -9.0008984e+04   2.4094750e+04
   6.1800000e+01  -1.0222791e+05  -4.5885889e+02
   6.1900000e+01  -1.1307286e+05  -2.4938455e+04
   6.2000000e+01  -1.1967297e+05  -4.5514379e+04
   6.2100000e+01  -1.1737309e+05  -5.5646332e+04
   6.2200000e+01  -1.0189883e+05  -5.1600797e+04
   6.2300000e+01  -7.2261836e+04  -3.7593414e+04
   6.2400000e+01  -3.2657127e+04  -2.4286568e+04
   6.2500000e+01   8.5487188e+03  -2.0736383e+04
   6.2600000e+01   4.2777980e+04  -2.7068607e+04
   6.2700000e+01   6.5775195e+04  -3.4714992e+04
   6.2800000e+01   7.9632570e+04  -3.3555035e+04
   6.2900000e+01   9.0807148e+04  -1.9332475e+04
   6.3000000e+01   1.0523266e+05   4.0783066e+03
   6.3100000e+01   1.2363584e+05   2.7710131e+04
   6.3200000e+01   1.4038778e+05   4.2801953e+04
   6.3300000e+01   1.4707956e+05   4.5494348e+04
   6.3400000e+01   1.3842955e+05   3.8831301e+04
   6.3500000e+01   1.1594334e+05   3.0526658e+04
   6.3600000e+01   8.6446898e+04   2.7199047e+04
   6.3700000e+01   5.7055000e+04   2.9255307e+04
   6.3800000e+01   3.0971703e+04   3.1070197e+04
   6.3900000e+01   7.0043770e+03   2.6507801e+04
   6.4000000e+01  -1.8013246e+04   1.4587366e+04
   6.4100000e+01  -4.6392578e+04   2.1178638e+02
   6.4200000e+01  -7.7752586e+04  -9.9474199e+03
   6.4300000e+01  -1.0839678e+05  -1.2201479e+04
   6.4400000e+01  -1.3240325e+05  -7.8022959e+03
   6.4500000e+01  -1.4476138e+05  -1.7842388e+03
   6.4600000e+01  -1.4481912e+05   1.1852344e+02
   6.4700000e+01  -1.3672331e+05  -4.8391958e+03
   6.4800000e+01  -1.2565467e+05  -1.4223772e+04
   6.4900000e+01  -1.1312455e+05  -2.2145373e+04
   6.5000000e+01  -9.6202609e+04  -2.4436414e+04
   6.5100000e+01  -7.1757258e+04  -2.2555340e+04
   6.5200000e+01  -4.1380516e+04  -2.1698742e+04
   6.5300000e+01  -1.1508614e+04  -2.4864172e+04
   6.5400000e+01   1.2135046e+04  -2.9845490e+04
   6.5500000e+01   3.0563119e+04  -3.2956949e+04
   6.5600000e+01   5.1300055e+04  -3.4745242e+04
   6.5700000e+01   8.0595164e+04  -4.0004742e+04
   6.5800000e+01   1.1482312e+05  -5.1541676e+04
   6.5900000e+01   1.4036512e+05  -6.5462363e+04
   6.6000000e+01   1.4402719e+05  -7.4213031e+04
   6.6100000e+01   1.2505117e+05  -7.3897258e+04
   6.6200000e+01   9.6869031e+04  -6.7174109e+04
   6.6300000e+01   7.6331773e+04  -5.8986043e+04
   6.6400000e+01   7.0504695e+04  -5.1313152e+04
   6.6500000e+01   7.2862102e+04  -4.3336984e+04
   6.6600000e+01   7.0602602e+04  -3.5362773e+04
   6.6700000e+01   5.4775531e+04  -3.0051168e+04
   6.6800000e+01   2.4988258e+04  -2.9117652e+04
   6.6900000e+01  -1.2292889e+04  -3.0454387e+04
   6.7000000e+01  -4.8020480e+04  -2.9901646e+04
   6.7100000e+01  -7.4577242e+04  -2.5160402e+04
   6.7200000e+01  -8.8848664e+04  -1.6533428e+04
   6.7300000e+01  -9.3442500e+04  -4.1448545e+03
   6.7400000e+01  -9.4671484e+04   1.3437307e+04
   6.7500000e+01  -9.7983953e+04   3.6376102e+04
   6.7600000e+01  -1.0421366e+05   6.0231805e+04
   6.7700000e+01  -1.0962505e+05   7.7358695e+04
   6.7800000e+01  -1.0935048e+05   8.2426516e+04
   6.7900000e+01  -1.0109331e+05   7.6005523e+04
   6.8000000e+01  -8.6297375e+04   6.2389680e+04
   6.8100000e+01  -6.8398484e+04   4.4832922e+04
   6.8200000e+01  -4.9995625e+04   2.4116889e+04
   6.8300000e+01  -3.1384244e+04   1.5912428e+03
   6.8400000e+01  -1.1597449e+04  -1.8119023e+04
   6.8500000e+01   9.2046875e+03  -2.9153266e+04
   6.8600000e+01   2.8482104e+04  -2.9536965e+04
   6.8700000e+01   4.2551336e+04  -2.3491699e+04
   6.8800000e+01   4.9144254e+04  -1.7731684e+04
   6.8900000e+01   4.8939738e+04  -1.5054002e+04
   6.9000000e+01   4.4948523e+04  -1.1625037e+04
   6.9100000e+01   4.0534840e+04  -8.1913477e+02
   6.9200000e+01   3.7514922e+04   1.9953895e+04
   6.9300000e+01   3.5366629e+04   4.5919008e+04
   6.9400000e+01   3.2114754e+04   6.8336727e+04
   6.9500000e+01   2.6698898e+04   8.1597391e+04
   6.9600000e+01   2.1163979e+04   8.7512016e+04
   6.9700000e+01   2.0237035e+04   9.2863328e+04
   6.9800000e+01   2.7681223e+04   1.0252393e+05
   6.9900000e+01   4.2269672e+04   1.1449962e+05
   7.0000000e+01   5.7456562e+04   1.2129288e+05
   7.0100000e+01   6.5745719e+04   1.1605125e+05
   7.0200000e+01   6.4189164e+04   9.7906969e+04
   7.0300000e+01   5.6224566e+04   7.2308516e+04
   7.0400000e+01   4.8450961e+04   4.6915359e+04
   7.0500000e+01   4.5374984e+04   2.6908771e+04
   7.0600000e+01   4.6444508e+04   1.2995477e+04
   7.0700000e+01   4.7242266e+04   2.5944810e+03
   7.0800000e+01   4.3303383e+04  -7.4592544e+03
   7.0900000e+01   3.3435793e+04  -1.8738762e+04
   7.1000000e+01   2.0273475e+04  -3.0753301e+04
   7.1100000e+01   7.9869424e+03  -4.2083109e+04
   7.1200000e+01  -8.7447070e+02  -5.1973809e+04
   7.1300000e+01  -6.8370269e+03  -6.1011812e+04
   7.1400000e+01  -1.2178460e+04  -7.0327297e+04
   7.1500000e+01  -1.8341666e+04  -8.0060766e+04
   7.1600000e+01  -2.4797193e+04  -8.8514359e+04
   7.1700000e+01  -3.0334102e+04  -9.2916117e+04
   7.1800000e+01  -3.4879812e+04  -9.1444562e+04
   7.1900000e+01  -3.9455254e+04  -8.5027883e+04
   7.2000000e+01  -4.4527789e+04  -7.7290125e+04
   7.2100000e+01  -4.9326645e+04  -7.2177688e+04
   7.2200000e+01  -5.3295535e+04  -7.0711000e+04
   7.2300000e+01  -5.7483113e+04  -6.9548609e+04
   7.2400000e+01  -6.3216938e+04  -6.3176855e+04
   7.2500000e+01  -6.9123766e+04  -4.8587793e+04
   7.2600000e+01  -7.0647867e+04  -2.8553393e+04
   7.2700000e+01  -6.3948773e+04  -1.0064493e+04
   7.2800000e+01  -5.0542734e+04   1.2961965e+03
   7.2900000e+01  -3.7174355e+04   5.9530942e+03
   7.3000000e+01  -3.0114758e+04   9.2132959e+03
   7.3100000e+01  -2.9315691e+04   1.5347824e+04
   7.3200000e+01  -2.8439117e+04   2.3026623e+04
   7.3300000e+01  -2.0918799e+04   2.6979375e+04
   7.3400000e+01  -6.1897783e+03   2.3943793e+04
   7.3500000e+01   9.7818418e+03   1.6298844e+04
   7.3600000e+01   1.9893402e+04   9.6638604e+03
   7.3700000e+01   2.2010547e+04   7.5783086e+03
   7.3800000e+01   2.0323277e+04   9.0564150e+03
   7.3900000e+01   2.1099125e+04   1.0765243e+04
   7.4000000e+01   2.6915738e+04   1.0395956e+04
   7.4100000e+01   3.4495926e+04   7.5486704e+03
   7.4200000e+01   3.7854203e+04   2.3438391e+03
   7.4300000e+01   3.3746719e+04  -5.4854985e+03
   7.4400000e+01   2.4520447e+04  -1.5737818e+04
   7.4500000e+01   1.6031118e+04  -2.6570414e+04
   7.4600000e+01   1.2899397e+04  -3.4858789e+04
   7.4700000e+01   1.5543637e+04  -3.8072867e+04
   7.4800000e+01   2.1173527e+04  -3.6091820e+04
   7.4900000e+01   2.6940623e+04  -3.1480844e+04
   7.5000000e+01   3.2001422e+04  -2.7819859e+04
   7.5100000e+01   3.7255891e+04  -2.6887268e+04
   7.5200000e+01   4.3911152e+04  -2.6663391e+04
   7.5300000e+01   5.2191402e+04  -2.2370541e+04
   7.5400000e+01   6.0516676e+04  -1.0719385e+04
   7.5500000e+01   6.5490480e+04   6.0429707e+03
   7.5600000e+01   6.3490961e+04   2.0889004e+04
   7.5700000e+01   5.3404801e+04   2.8120961e+04
   7.5800000e+01   3.7886012e+04   2.9223754e+04
   7.5900000e+01   2.1109521e+04   3.1826227e+04
   7.6000000e+01   4.9880669e+03   4.1899070e+04
   7.6100000e+01  -1.1684538e+04   5.7106191e+04
   7.6200000e+01  -2.9968082e+04   6.8733180e+04
   7.6300000e+01  -4.7754672e+04   7.0487180e+04
   7.6400000e+01  -6.1486230e+04   6.4779965e+04
   7.6500000e+01  -7.0694641e+04   5.9808188e+04
   7.6600000e+01  -7.8869836e+04   6.0804043e+04
   7.6700000e+01  -8.8414375e+04   6.4841383e+04
   7.6800000e+01  -9.5736922e+04   6.4265301e+04
   7.6900000e+01  -9.3608344e+04   5.4697152e+04
   7.7000000e+01  -7.9213586e+04   3.9544285e+04
   7.7100000e+01  -5.8561508e+04   2.7130758e+04
   7.7200000e+01  -4.1482996e+04   2.3552689e+04
   7.7300000e+01  -3.2475992e+04   2.7573791e+04
   7.7400000e+01  -2.7479238e+04   3.1647203e+04
   7.7500000e+01  -1.9409051e+04   2.8151775e+04
   7.7600000e+01  -5.3626641e+03   1.5808175e+04
   7.7700000e+01   1.2095150e+04   8.2531335e+02
   7.7800000e+01   2.8866586e+04  -8.5504521e+03
   7.7900000e+01   4.2252266e+04  -9.5066143e+03
   7.8000000e+01   5.0261781e+04  -7.2610620e+03
   7.8100000e+01   5.0847797e+04  -1.0089524e+04
   7.8200000e+01   4.4103270e+04  -2.1292615e+04
   7.8300000e+01   3.4598641e+04  -3.5718570e+04
   7.8400000e+01   2.9182191e+04  -4.4223152e+04
   7.8500000e+01   3.1162891e+04  -4.1962910e+04
   7.8600000e+01   3.7219992e+04  -3.2835277e+04
   7.8700000e+01   4.0849297e+04  -2.5948693e+04
   7.8800000e+01   3.8719586e+04  -2.7378039e+04
   7.8900000e+01   3.3395570e+04  -3.4901297e+04
   7.9000000e+01   3.0421172e+04  -4.0665500e+04
   7.9100000e+01   3.3323930e+04  -3.9064391e+04
   7.9200000e+01   4.0685328e+04  -3.1896750e+04
   7.9300000e+01   4.6572191e+04  -2.5707309e+04
   7.9400000e+01   4.3778301e+04  -2.4521520e+04
   7.9500000e+01   2.8688111e+04  -2.6046924e+04
   7.9600000e+01   4.9806982e+03  -2.5241570e+04
   7.9700000e+01  -1.7611902e+04  -2.0610898e+04
   7.9800000e+01  -2.9990137e+04  -1.5646343e+04
   7.9900000e+01  -3.0419078e+04  -1.3903625e+04
   8.0000000e+01  -2.4694828e+04  -1.3963170e+04
   8.0100000e+01  -1.9628568e+04  -1.0583663e+04
   8.0200000e+01  -1.6926588e+04  -7.9288672e+02
   8.0300000e+01  -1.3640454e+04   1.2285050e+04
   8.0400000e+01  -7.4959771e+03   2.2317977e+04
   8.0500000e+01  -3.2273682e+02   2.5951209e+04
   8.0600000e+01   3.8704106e+03   2.5353592e+04
   8.0700000e+01   3.0259155e+03   2.4774957e+04
   8.0800000e+01  -1.4669180e+03   2.5490301e+04
   8.0900000e+01  -6.7362124e+03   2.4565117e+04
   8.1000000e+01  -1.0936873e+04   1.7970842e+04
   8.1100000e+01  -1.3916359e+04   4.2075078e+03
   8.1200000e+01  -1.6343549e+04  -1.4692684e+04
   8.1300000e+01  -1.8762799e+04  -3.4435242e+04
   8.1400000e+01  -2.1234984e+04  -5.0195875e+04
   8.1500000e+01  -2.3400729e+04  -5.8193449e+04
   8.1600000e+01  -2.4788461e+04  -5.7237961e+04
   8.1700000e+01  -2.5279949e+04  -4.9419520e+04
   8.1800000e+01  -2.5449512e+04  -3.8750008e+04
   8.1900000e+01  -2.6438658e+04  -2.8471086e+04
   8.2000000e+01  -2.9288277e+04  -1.9546512e+04
   8.2100000e+01  -3.3934477e+04  -1.1540279e+04
   8.2200000e+01  -3.8355875e+04  -4.0363945e+03
   8.2300000e+01  -3.8700211e+04   3.6149502e+03
   8.2400000e+01  -3.1036062e+04   1.3303527e+04
   8.2500000e+01  -1.4118129e+04   2.7033967e+04
   8.2600000e+01   8.8890332e+03   4.3652863e+04
   8.2700000e+01   3.1582553e+04   5.7615117e+04
   8.2800000e+01   4.7992441e+04   6.2902707e+04
   8.2900000e+01   5.6034371e+04   5.8855461e+04
   8.3000000e+01   5.7955426e+04   5.1112629e+04
   8.3100000e+01   5.7365617e+04   4.5817102e+04
   8.3200000e+01   5.5309156e+04   4.3366383e+04
   8.3300000e+01   4.8883648e+04   3.8884273e+04
   8.3400000e+01   3.4130992e+04   2.8568049e+04
   8.3500000e+01   1.1199356e+04   1.4132618e+04
   8.3600000e+01  -1.3067371e+04   4.7479932e+02
   8.3700000e+01  -2.8756271e+04  -9.6659600e+03
   8.3800000e+01  -3.0921975e+04  -1.7192725e+04
   8.3900000e+01  -2.5025945e+04  -2.3347785e+04
   8.4000000e+01  -2.3611996e+04  -2.7085098e+04
   8.4100000e+01  -3.5626750e+04  -2.6973723e+04
   8.4200000e+01  -5.7496062e+04  -2.4646541e+04
   8.4300000e+01  -7.4789117e+04  -2.4327365e+04
   8.4400000e+01  -7.4057156e+04  -2.8157963e+04
   8.4500000e+01  -5.4542508e+04  -3.2947777e+04
   8.4600000e+01  -2.8931109e+04  -3.2846980e+04
   8.4700000e+01  -1.2438998e+04  -2.5567363e+04
   8.4800000e+01  -1.0564202e+04  -1.5409414e+04
   8.4900000e+01  -1.6621551e+04  -9.5924609e+03
   8.5000000e+01  -2.0010795e+04  -1.1511858e+04
   8.5100000e+01  -1.5894369e+04  -1.7727148e+04
   8.5200000e+01  -7.1184990e+03  -2.1500262e+04
   8.5300000e+01   1.5007441e+03  -1.9058395e+04
   8.5400000e+01   8.9018457e+03  -1.2413380e+04
   8.5500000e+01   1.7695750e+04  -6.5209346e+03
   8.5600000e+01   2.9845760e+04  -4.1947012e+03
   8.5700000e+01   4.3638781e+04  -3.7492720e+03
   8.5800000e+01   5.4760684e+04  -1.0002017e+03
   8.5900000e+01   5.9647059e+04   6.8983413e+03
   8.6000000e+01   5.7990102e+04   1.9315775e+04
   8.6100000e+01   5.3079977e+04   3.3090699e+04
   8.6200000e+01   5.0153008e+04   4.5255324e+04
   8.6300000e+01   5.3160609e+04   5.5104562e+04
   8.6400000e+01   6.1224355e+04   6.3934367e+04
   8.6500000e+01   6.7729203e+04   7.2728875e+04
   8.6600000e+01   6.4504934e+04   7.9963195e+04
   8.6700000e+01   4.9090992e+04   8.1870070e+04
   8.6800000e+01   2.8520508e+04   7.5327898e+04
   8.6900000e+01   1.4662252e+04   6.0757234e+04
   8.7000000e+01   1.4232525e+04   4.2132852e+04
   8.7100000e+01   2.2944703e+04   2.4133789e+04
   8.7200000e+01   2.9913809e+04   9.3748457e+03
   8.7300000e+01   2.7978316e+04  -1.9240974e+03
   8.7400000e+01   1.9480604e+04  -1.0733282e+04
   8.7500000e+01   1.2239365e+04  -1.8852736e+04
   8.7600000e+01   1.0894757e+04  -2.9404148e+04
   8.7700000e+01   1.2778881e+04  -4.5597613e+04
   8.7800000e+01   1.1530984e+04  -6.6998875e+04
   8.7900000e+01   3.6292056e+03  -8.7161273e+04
   8.8000000e+01  -8.6452109e+03  -9.7147938e+04
   8.8100000e+01  -1.9627980e+04  -9.3325828e+04
   8.8200000e+01  -2.5028371e+04  -8.1505180e+04
   8.8300000e+01  -2.4960049e+04  -7.1854352e+04
   8.8400000e+01  -2.3316984e+04  -6.8983484e+04
   8.8500000e+01  -2.4509131e+04  -6.7722453e+04
   8.8600000e+01  -3.0508107e+04  -5.9306898e+04
   8.8700000e+01  -4.0613371e+04  -4.1097777e+04
   8.8800000e+01  -5.3388875e+04  -1.9236500e+04
   8.8900000e+01  -6.7854469e+04  -2.0383682e+03
   8.9000000e+01  -8.2419648e+04   7.8915068e+03
   8.9100000e+01  -9.3703758e+04   1.4635256e+04
   8.9200000e+01  -9.8118781e+04   2.3516418e+04
   8.9300000e+01  -9.5283180e+04   3.6061750e+04
   8.9400000e+01  -8.9036406e+04   4.9754875e+04
   8.9500000e+01  -8.4090852e+04   6.0808352e+04
   8.9600000e+01  -8.1688156e+04   6.6358633e+04
   8.9700000e+01  -7.8945906e+04   6.5432707e+04
   8.9800000e+01  -7.2058797e+04   5.9945410e+04
   8.9900000e+01  -5.9209617e+04   5.5182438e+04
   9.0000000e+01  -4.0431168e+04   5.7493918e+04
   9.0100000e+01  -1.6222858e+04   6.9188875e+04
   9.0200000e+01   1.2058693e+04   8.4805680e+04
   9.0300000e+01   4.0486211e+04   9.3410508e+04
   9.0400000e+01   6.2838684e+04   8.6510758e+04
   9.0500000e+01   7.4212500e+04   6.5267723e+04
   9.0600000e+01   7.4974602e+04   4.0274445e+04
   9.0700000e+01   7.0889734e+04   2.3368656e+04
   9.0800000e+01   6.8743234e+04   1.8236031e+04
   9.0900000e+01   7.1098562e+04   1.7933773e+04
   9.1000000e+01   7.4626734e+04   1.1381762e+04
   9.1100000e+01   7.3233742e+04  -7.0515532e+03
   9.1200000e+01   6.3114930e+04  -3.3105719e+04
   9.1300000e+01   4.5471734e+04  -5.6499547e+04
   9.1400000e+01   2.5053320e+04  -6.9050539e+04
   9.1500000e+01   6.5947715e+03  -7.0235422e+04
   9.1600000e+01  -7.2748711e+03  -6.6644109e+04
   9.1700000e+01  -1.5499099e+04  -6.6917703e+04
   9.1800000e+01  -1.7614174e+04  -7.6213641e+04
   9.1900000e+01  -1.4464721e+04  -9.3286125e+04
   9.2000000e+01  -9.3944092e+03  -1.1119341e+05
   9.2100000e+01  -6.8658037e+03  -1.2114123e+05
   9.2200000e+01  -8.4000371e+03  -1.1776923e+05
   9.2300000e+01  -1.0026912e+04  -1.0292631e+05
   9.2400000e+01  -5.0274551e+03  -8.4909094e+04
   9.2500000e+01   9.8117363e+03  -7.2731547e+04
   9.2600000e+01   3.0517100e+04  -6.9153109e+04
   9.2700000e+01   4.8630898e+04  -6.8132766e+04
   9.2800000e+01   5.7723156e+04  -5.9393855e+04
   9.2900000e+01   5.7673656e+04  -3.6820805e+04
   9.3000000e+01   5.3365961e+04  -3.8403086e+03
   9.3100000e+01   4.9752312e+04   2.8658285e+04
   9.3200000e+01   4.7898895e+04   4.9963016e+04
   9.3300000e+01   4.5024914e+04   5.6366062e+04
   9.3400000e+01   3.7987738e+04   5.2137047e+04
   9.3500000e+01   2.7013332e+04   4.5029570e+04
   9.3600000e+01   1.6264681e+04   4.0864773e+04
   9.3700000e+01   1.0309150e+04   4.1174488e+04
   9.3800000e+01   9.3424805e+03   4.4250836e+04
   9.3900000e+01   7.9981348e+03   4.7442898e+04
   9.4000000e+01  -5.2289917e+01   4.8950555e+04
   9.4100000e+01  -1.5364122e+04   4.8731727e+04
   9.4200000e+01  -3.0824254e+04   4.8369062e+04
   9.4300000e+01  -3.7700871e+04   4.9633641e+04
   9.4400000e+01  -3.4435078e+04   5.2631938e+04
   9.4500000e+01  -2.9028947e+04   5.5635656e+04
   9.4600000e+01  -3.1712953e+04   5.7303281e+04
   9.4700000e+01  -4.4849312e+04   5.8761898e+04
   9.4800000e+01  -6.0458504e+04   6.2389801e+04
   9.4900000e+01  -6.7982656e+04   6.8027000e+04
   9.5000000e+01  -6.4250242e+04   7.1230703e+04
   9.5100000e+01  -5.5783699e+04   6.6541367e+04
   9.5200000e+01  -5.2051027e+04   5.2901281e+04
   9.5300000e+01  -5.7046082e+04   3.5482625e+04
   9.5400000e+01  -6.6680688e+04   2.1845066e+04
   9.5500000e+01  -7.2718664e+04   1.6109899e+04
   9.5600000e+01  -6.8784938e+04   1.6307669e+04
   9.5700000e+01  -5.4310676e+04   1.6579389e+04
   9.5800000e+01  -3.4886652e+04   1.1884646e+04
   9.5900000e+01  -1.8937475e+04   1.6057421e+03
   9.6000000e+01  -1.1929072e+04  -1.0292348e+04
   9.6100000e+01  -1.1878354e+04  -1.8439428e+04
   9.6200000e+01  -1.0757718e+04  -1.9958982e+04
   9.6300000e+01  -1.9143809e+03  -1.5740420e+04
   9.6400000e+01   1.3068517e+04  -8.2584375e+03
   9.6500000e+01   2.5439109e+04   1.1212896e+03
   9.6600000e+01   2.7894867e+04   1.1958393e+04
   9.6700000e+01   2.2056234e+04   2.2276344e+04
   9.6800000e+01   1.7005521e+04   2.7905627e+04
   9.6900000e+01   2.0537779e+04   2.5690572e+04
   9.7000000e+01   3.2060525e+04   1.7264943e+04
   9.7100000e+01   4.3545363e+04   8.4979277e+03
   9.7200000e+01   4.6560207e+04   4.4252422e+03
   9.7300000e+01   3.8661207e+04   4.8583569e+03
   9.7400000e+01   2.4670164e+04   5.2447754e+03
   9.7500000e+01   1.3055157e+04   1.5055581e+03
   9.7600000e+01   1.0195643e+04  -6.5297202e+03
   9.7700000e+01   1.5915277e+04  -1.6363056e+04
   9.7800000e+01   2.3461641e+04  -2.6612602e+04
   9.7900000e+01   2.4776768e+04  -3.8709711e+04
   9.8000000e+01   1.7237678e+04  -5.4621117e+04
   9.8100000e+01   5.6053203e+03  -7.3263617e+04
   9.8200000e+01  -2.9295146e+03  -8.9759602e+04
   9.8300000e+01  -5.3933608e+03  -9.8775703e+04
   9.8400000e+01  -4.3695854e+03  -9.8944617e+04
   9.8500000e+01  -3.4104890e+03  -9.3957945e+04
   9.8600000e+01  -2.6819463e+03  -8.8836023e+04
   9.8700000e+01   1.1760556e+02  -8.4638430e+04
   9.8800000e+01   5.4820918e+03  -7.6957438e+04
   9.8900000e+01   1.0058961e+04  -6.0360398e+04
   9.9000000e+01   9.0067373e+03  -3.4896984e+04
   9.9100000e+01  -1.2802002e+02  -7.9212080e+03
   9.9200000e+01  -1.5463252e+04   1.1349771e+04
   9.9300000e+01  -3.1441902e+04   1.9448236e+04
   9.9400000e+01  -4.1266641e+04   2.0588490e+04
   9.9500000e+01  -4.0488961e+04   2.1057748e+04
   9.9600000e+01  -3.0185197e+04   2.2552512e+04
   9.9700000e+01  -1.6604799e+04   2.1742709e+04
   9.9800000e+01  -6.3192437e+03   1.5486569e+04
   9.9900000e+01  -1.4124395e+03   4.4669214e+03
   1.0000000e+02   2.5986957e+02  -8.6129922e+03
