   1.1851270e+02   3.6301420e+01   1.8450000e+02
   1.1892323e+02   3.6350999e+01   1.2450000e+02
   0.0000000e+00  -1.9732516e+06  -1.9732516e+06
   1.0000000e-01  -1.9453350e+06  -1.8578829e+06
   2.0000000e-01  -1.8083935e+06  -1.6453085e+06
   3.0000000e-01  -1.6356015e+06  -1.4306134e+06
   4.0000000e-01  -1.4675391e+06  -1.2837710e+06
   5.0000000e-01  -1.2812521e+06  -1.2037088e+06
   6.0000000e-01  -1.0252841e+06  -1.1394368e+06
   7.0000000e-01  -6.7809469e+05  -1.0491591e+06
   8.0000000e-01  -2.6912162e+05  -9.3659569e+05
   9.0000000e-01   1.5170128e+05  -8.3637438e+05
   1.0000000e+00   5.5512781e+05  -7.7524775e+05
   1.1000000e+00   9.4028031e+05  -7.5318362e+05
   1.2000000e+00   1.3098135e+06  -7.5662331e+05
   1.3000000e+00   1.6500970e+06  -7.7841962e+05
   1.4000000e+00   1.9411601e+06  -8.1795538e+05
   1.5000000e+00   2.1800638e+06  -8.6565475e+05
   1.6000000e+00   2.3840882e+06  -8.9738344e+05
   1.7000000e+00   2.5660062e+06  -8.9065250e+05
   1.8000000e+00   2.7096212e+06  -8.4481988e+05
   1.9000000e+00   2.7764902e+06  -7.7947488e+05
   2.0000000e+00   2.7407850e+06  -7.0952725e+05
   2.1000000e+00   2.6165948e+06  -6.2369781e+05
   2.2000000e+00   2.4469958e+06  -4.9148762e+05
   2.3000000e+00   2.2634738e+06  -2.9304178e+05
   2.4000000e+00   2.0571744e+06  -4.0811918e+04
   2.5000000e+00   1.7936120e+06   2.2996134e+05
   2.6000000e+00   1.4571685e+06   4.9207488e+05
   2.7000000e+00   1.0780711e+06   7.4683619e+05
   2.8000000e+00   7.1120781e+05   1.0145006e+06
   2.9000000e+00   3.8792566e+05   1.3065805e+06
   3.0000000e+00   9.2285938e+04   1.6090411e+06
   3.1000000e+00  -2.1318194e+05   1.8913316e+06
   3.2000000e+00  -5.4149169e+05   2.1283585e+06
   3.3000000e+00  -8.6490225e+05   2.3114425e+06
   3.4000000e+00  -1.1425139e+06   2.4401270e+06
   3.5000000e+00  -1.3565818e+06   2.5091308e+06
   3.6000000e+00  -1.5165951e+06   2.5076898e+06
   3.7000000e+00  -1.6324336e+06   2.4303352e+06
   3.8000000e+00  -1.6957899e+06   2.2828930e+06
   3.9000000e+00  -1.6963072e+06   2.0747148e+06
   4.0000000e+00  -1.6513270e+06   1.8081978e+06
   4.1000000e+00  -1.6053131e+06   1.4822481e+06
   4.2000000e+00  -1.5889516e+06   1.1080844e+06
   4.3000000e+00  -1.5809445e+06   7.1617288e+05
   4.4000000e+00  -1.5215908e+06   3.3935381e+05
   4.5000000e+00  -1.3721541e+06  -1.4576812e+04
   4.6000000e+00  -1.1590320e+06  -3.7069931e+05
   4.7000000e+00  -9.5384862e+05  -7.6219175e+05
   4.8000000e+00  -8.0982794e+05  -1.1941124e+06
   4.9000000e+00  -7.2162075e+05  -1.6303739e+06
   5.0000000e+00  -6.4600788e+05  -2.0161230e+06
   5.1000000e+00  -5.5184612e+05  -2.3135460e+06
   5.2000000e+00  -4.4125375e+05  -2.5183805e+06
   5.3000000e+00  -3.2653900e+05  -2.6458015e+06
   5.4000000e+00  -2.0148458e+05  -2.7040190e+06
   5.5000000e+00  -4.6358629e+04  -2.6829262e+06
   5.6000000e+00   1.4096331e+05  -2.5671198e+06
   5.7000000e+00   3.2876066e+05  -2.3572268e+06
   5.8000000e+00   4.7287041e+05  -2.0754886e+06
   5.9000000e+00   5.5463350e+05  -1.7484796e+06
   6.0000000e+00   5.9608612e+05  -1.3847288e+06
   6.1000000e+00   6.3729362e+05  -9.7189744e+05
   6.2000000e+00   6.9822869e+05  -4.9824425e+05
   6.3000000e+00   7.6074881e+05   2.3443109e+04
   6.4000000e+00   7.8549325e+05   5.5487350e+05
   6.5000000e+00   7.4600600e+05   1.0547780e+06
   6.6000000e+00   6.4837844e+05   1.4998529e+06
   6.7000000e+00   5.2099759e+05   1.8825781e+06
   6.8000000e+00   3.8880312e+05   2.1927162e+06
   6.9000000e+00   2.5975730e+05   2.4080475e+06
   7.0000000e+00   1.3464247e+05   2.5065958e+06
   7.1000000e+00   2.3697863e+04   2.4848658e+06
   7.2000000e+00  -5.3326719e+04   2.3591948e+06
   7.3000000e+00  -8.5319500e+04   2.1487210e+06
   7.4000000e+00  -8.3714031e+04   1.8611108e+06
   7.5000000e+00  -7.3377328e+04   1.4981360e+06
   7.6000000e+00  -6.9372922e+04   1.0736484e+06
   7.7000000e+00  -6.6014539e+04   6.2196400e+05
   7.8000000e+00  -4.9613629e+04   1.8672453e+05
   7.9000000e+00  -1.7154938e+04  -1.9720898e+05
   8.0000000e+00   2.3218342e+04  -5.1060659e+05
   8.1000000e+00   6.9089500e+04  -7.4361669e+05
   8.2000000e+00   1.3298709e+05  -8.9124494e+05
   8.3000000e+00   2.2765409e+05  -9.6094994e+05
   8.4000000e+00   3.4319791e+05  -9.8248956e+05
   8.5000000e+00   4.4649797e+05  -1.0006728e+06
   8.6000000e+00   5.0949000e+05  -1.0483881e+06
   8.7000000e+00   5.3765212e+05  -1.1230604e+06
   8.8000000e+00   5.6577644e+05  -1.1923475e+06
   8.9000000e+00   6.2180181e+05  -1.2265384e+06
   9.0000000e+00   6.9410900e+05  -1.2257401e+06
   9.1000000e+00   7.3544844e+05  -1.2142659e+06
   9.2000000e+00   7.0064231e+05  -1.2097012e+06
   9.3000000e+00   5.8321694e+05  -1.2006879e+06
   9.4000000e+00   4.1895859e+05  -1.1562188e+06
   9.5000000e+00   2.5620697e+05  -1.0548392e+06
   9.6000000e+00   1.2124320e+05  -9.0378281e+05
   9.7000000e+00   7.2589062e+03  -7.3276294e+05
   9.8000000e+00  -1.0895598e+05  -5.7374594e+05
   9.9000000e+00  -2.4201938e+05  -4.4720009e+05
   1.0000000e+01  -3.8624488e+05  -3.6240369e+05
   1.0100000e+01  -5.2209462e+05  -3.2321762e+05
   1.0200000e+01  -6.2963581e+05  -3.2810944e+05
   1.0300000e+01  -6.9693200e+05  -3.6335569e+05
   1.0400000e+01  -7.2132962e+05  -3.9902856e+05
   1.0500000e+01  -7.0837300e+05  -3.9775047e+05
   1.0600000e+01  -6.7057050e+05  -3.3465038e+05
   1.0700000e+01  -6.2362156e+05  -2.1294878e+05
   1.0800000e+01  -5.7921275e+05  -5.8409246e+04
   1.0900000e+01  -5.3914038e+05   1.0634942e+05
   1.1000000e+01  -4.9675638e+05   2.8501553e+05
   1.1100000e+01  -4.4552634e+05   5.0479781e+05
   1.1200000e+01  -3.8711097e+05   7.8963750e+05
   1.1300000e+01  -3.3108347e+05   1.1366948e+06
   1.1400000e+01  -2.8623244e+05   1.5189851e+06
   1.1500000e+01  -2.5211717e+05   1.9071279e+06
   1.1600000e+01  -2.2010095e+05   2.2832380e+06
   1.1700000e+01  -1.8354631e+05   2.6334412e+06
   1.1800000e+01  -1.4606302e+05   2.9339042e+06
   1.1900000e+01  -1.1724275e+05   3.1522050e+06
   1.2000000e+01  -9.9093281e+04   3.2638555e+06
   1.2100000e+01  -7.8940719e+04   3.2629755e+06
   1.2200000e+01  -3.9413273e+04   3.1537268e+06
   1.2300000e+01   2.3681711e+04   2.9342030e+06
   1.2400000e+01   9.6204086e+04   2.5938590e+06
   1.2500000e+01   1.6080642e+05   2.1274690e+06
   1.2600000e+01   2.1570091e+05   1.5471858e+06
   1.2700000e+01   2.7465253e+05   8.7676912e+05
   1.2800000e+01   3.4754969e+05   1.3496148e+05
   1.2900000e+01   4.2501525e+05  -6.7046094e+05
   1.3000000e+01   4.8678006e+05  -1.5278904e+06
   1.3100000e+01   5.2477725e+05  -2.4007185e+06
   1.3200000e+01   5.5259131e+05  -3.2242312e+06
   1.3300000e+01   5.8762656e+05  -3.9291018e+06
   1.3400000e+01   6.2499700e+05  -4.4731830e+06
   1.3500000e+01   6.3396088e+05  -4.8519110e+06
   1.3600000e+01   5.8381962e+05  -5.0748385e+06
   1.3700000e+01   4.7347331e+05  -5.1282450e+06
   1.3800000e+01   3.3441638e+05  -4.9611675e+06
   1.3900000e+01   2.0500438e+05  -4.5142735e+06
   1.4000000e+01   1.0216495e+05  -3.7711072e+06
   1.4100000e+01   1.5610785e+04  -2.7873658e+06
   1.4200000e+01  -7.5694750e+04  -1.6718025e+06
   1.4300000e+01  -1.8446845e+05  -5.3554200e+05
   1.4400000e+01  -3.0859706e+05   5.4769656e+05
   1.4500000e+01  -4.3540019e+05   1.5433605e+06
   1.4600000e+01  -5.4719869e+05   2.4295278e+06
   1.4700000e+01  -6.2518631e+05   3.1721118e+06
   1.4800000e+01  -6.5553481e+05   3.7214588e+06
   1.4900000e+01  -6.3800988e+05   4.0273830e+06
   1.5000000e+01  -5.8897881e+05   4.0586098e+06
   1.5100000e+01  -5.3113500e+05   3.8166302e+06
   1.5200000e+01  -4.7451662e+05   3.3407690e+06
   1.5300000e+01  -4.0516406e+05   2.7030110e+06
   1.5400000e+01  -2.9490425e+05   1.9916801e+06
   1.5500000e+01  -1.2789274e+05   1.2880825e+06
   1.5600000e+01   7.8017773e+04   6.4755088e+05
   1.5700000e+01   2.7652575e+05   9.6609484e+04
   1.5800000e+01   4.2438994e+05  -3.5298912e+05
   1.5900000e+01   5.1316909e+05  -6.8765788e+05
   1.6000000e+01   5.7093831e+05  -8.9103219e+05
   1.6100000e+01   6.2967106e+05  -9.6202462e+05
   1.6200000e+01   6.8846288e+05  -9.3324731e+05
   1.6300000e+01   7.1024600e+05  -8.6577475e+05
   1.6400000e+01   6.5780075e+05  -8.1744925e+05
   1.6500000e+01   5.3347381e+05  -8.1014669e+05
   1.6600000e+01   3.8088288e+05  -8.2541981e+05
   1.6700000e+01   2.4578570e+05  -8.3082269e+05
   1.6800000e+01   1.3676133e+05  -8.0957675e+05
   1.6900000e+01   2.6174520e+04  -7.6657225e+05
   1.7000000e+01  -1.1229389e+05  -7.1234100e+05
   1.7100000e+01  -2.7193050e+05  -6.4952800e+05
   1.7200000e+01  -4.1958956e+05  -5.7771888e+05
   1.7300000e+01  -5.2803700e+05  -5.0524931e+05
   1.7400000e+01  -5.9453050e+05  -4.4614569e+05
   1.7500000e+01  -6.2745444e+05  -4.0071753e+05
   1.7600000e+01  -6.2426494e+05  -3.4439631e+05
   1.7700000e+01  -5.7378131e+05  -2.4618072e+05
   1.7800000e+01  -4.8167272e+05  -1.0423146e+05
   1.7900000e+01  -3.8298038e+05   4.0190102e+04
   1.8000000e+01  -3.1640347e+05   1.3287734e+05
   1.8100000e+01  -2.8291766e+05   1.5635188e+05
   1.8200000e+01  -2.3803131e+05   1.4821747e+05
   1.8300000e+01  -1.3477262e+05   1.6560700e+05
   1.8400000e+01   2.4056922e+04   2.2933650e+05
   1.8500000e+01   1.8161069e+05   3.0432300e+05
   1.8600000e+01   2.7818812e+05   3.3570359e+05
   1.8700000e+01   3.0468400e+05   3.0277678e+05
   1.8800000e+01   3.0306719e+05   2.3724308e+05
   1.8900000e+01   3.1730494e+05   1.9236083e+05
   1.9000000e+01   3.5003441e+05   1.9867411e+05
   1.9100000e+01   3.6880403e+05   2.4834838e+05
   1.9200000e+01   3.4875134e+05   3.1396825e+05
   1.9300000e+01   3.0206031e+05   3.7368922e+05
   1.9400000e+01   2.6461981e+05   4.1740569e+05
   1.9500000e+01   2.5840423e+05   4.3708134e+05
   1.9600000e+01   2.7079638e+05   4.2198334e+05
   1.9700000e+01   2.7014200e+05   3.6843425e+05
   1.9800000e+01   2.3851125e+05   2.9138769e+05
   1.9900000e+01   1.8763378e+05   2.1999509e+05
   2.0000000e+01   1.4383834e+05   1.7737877e+05
   2.0100000e+01   1.1956742e+05   1.6445172e+05
   2.0200000e+01   1.0085698e+05   1.6520712e+05
   2.0300000e+01   6.2129402e+04   1.6797630e+05
   2.0400000e+01  -8.2113789e+03   1.7910609e+05
   2.0500000e+01  -9.6969547e+04   2.1334564e+05
   2.0600000e+01  -1.7859448e+05   2.7119181e+05
   2.0700000e+01  -2.3621855e+05   3.2871088e+05
   2.0800000e+01  -2.7151469e+05   3.5238334e+05
   2.0900000e+01  -2.9806622e+05   3.2449375e+05
   2.1000000e+01  -3.2825425e+05   2.5359114e+05
   2.1100000e+01  -3.6502081e+05   1.6127539e+05
   2.1200000e+01  -4.0123559e+05   6.1558184e+04
   2.1300000e+01  -4.2345603e+05  -4.5316516e+04
   2.1400000e+01  -4.1780416e+05  -1.6103470e+05
   2.1500000e+01  -3.7738200e+05  -2.7600644e+05
   2.1600000e+01  -3.0821616e+05  -3.7106288e+05
   2.1700000e+01  -2.2776122e+05  -4.3152200e+05
   2.1800000e+01  -1.5327447e+05  -4.5672919e+05
   2.1900000e+01  -8.7260742e+04  -4.5488459e+05
   2.2000000e+01  -1.4480610e+04  -4.3192031e+05
   2.2100000e+01   8.1322242e+04  -3.9054381e+05
   2.2200000e+01   1.9223452e+05  -3.4116284e+05
   2.2300000e+01   2.7857666e+05  -3.0771403e+05
   2.2400000e+01   2.9472581e+05  -3.1380188e+05
   2.2500000e+01   2.3141752e+05  -3.5895559e+05
   2.2600000e+01   1.3389022e+05  -4.1250603e+05
   2.2700000e+01   7.1310164e+04  -4.3830288e+05
   2.2800000e+01   7.9779664e+04  -4.2909912e+05
   2.2900000e+01   1.3180489e+05  -4.1436275e+05
   2.3000000e+01   1.6330656e+05  -4.3036956e+05
   2.3100000e+01   1.3357544e+05  -4.8146725e+05
   2.3200000e+01   6.1006371e+04  -5.3187738e+05
   2.3300000e+01   2.2227656e+03  -5.3589350e+05
   2.3400000e+01  -1.7904609e+03  -4.7515762e+05
   2.3500000e+01   4.0576125e+04  -3.6675978e+05
   2.3600000e+01   8.6502555e+04  -2.3846080e+05
   2.3700000e+01   1.0145943e+05  -1.0064623e+05
   2.3800000e+01   8.5831070e+04   5.5923309e+04
   2.3900000e+01   6.4323199e+04   2.3805056e+05
   2.4000000e+01   5.6539422e+04   4.3096422e+05
   2.4100000e+01   6.1419727e+04   6.0375131e+05
   2.4200000e+01   6.7081047e+04   7.3284250e+05
   2.4300000e+01   6.8855305e+04   8.1807000e+05
   2.4400000e+01   7.3518977e+04   8.7524631e+05
   2.4500000e+01   8.7783000e+04   9.1446988e+05
   2.4600000e+01   1.0763916e+05   9.2652750e+05
   2.4700000e+01   1.2145370e+05   8.8906075e+05
   2.4800000e+01   1.2145411e+05   7.8418806e+05
   2.4900000e+01   1.0908281e+05   6.1146438e+05
   2.5000000e+01   8.9453984e+04   3.8855325e+05
   2.5100000e+01   6.4511371e+04   1.4350384e+05
   2.5200000e+01   3.4616703e+04  -9.4703523e+04
   2.5300000e+01   4.9562617e+03  -3.0433050e+05
   2.5400000e+01  -1.4900562e+04  -4.7617338e+05
   2.5500000e+01  -2.0850930e+04  -6.1235094e+05
   2.5600000e+01  -2.1334887e+04  -7.1643850e+05
   2.5700000e+01  -2.9938621e+04  -7.8081975e+05
   2.5800000e+01  -4.9678254e+04  -7.8378506e+05
   2.5900000e+01  -6.8269438e+04  -7.0349981e+05
   2.6000000e+01  -7.2891391e+04  -5.3965531e+05
   2.6100000e+01  -6.8551844e+04  -3.2220153e+05
   2.6200000e+01  -7.6419234e+04  -9.5162602e+04
   2.6300000e+01  -1.1011124e+05   1.1236644e+05
   2.6400000e+01  -1.5542772e+05   3.0023169e+05
   2.6500000e+01  -1.7890727e+05   4.8070934e+05
   2.6600000e+01  -1.6017514e+05   6.4730094e+05
   2.6700000e+01  -1.1546653e+05   7.6279125e+05
   2.6800000e+01  -8.6258789e+04   7.8340981e+05
   2.6900000e+01  -1.0168835e+05   6.9850106e+05
   2.7000000e+01  -1.5031373e+05   5.4624681e+05
   2.7100000e+01  -1.8876753e+05   3.8700250e+05
   2.7200000e+01  -1.8042906e+05   2.5654838e+05
   2.7300000e+01  -1.2948069e+05   1.4117216e+05
   2.7400000e+01  -7.9578117e+04  -3.7437812e+03
   2.7500000e+01  -7.7563641e+04  -2.0927008e+05
   2.7600000e+01  -1.3337506e+05  -4.6141944e+05
   2.7700000e+01  -2.1070181e+05  -7.0743488e+05
   2.7800000e+01  -2.5595798e+05  -8.9145744e+05
   2.7900000e+01  -2.3980853e+05  -9.8863275e+05
   2.8000000e+01  -1.7602261e+05  -1.0119699e+06
   2.8100000e+01  -1.0480784e+05  -9.9138788e+05
   2.8200000e+01  -5.9373109e+04  -9.4644400e+05
   2.8300000e+01  -4.5052941e+04  -8.7551106e+05
   2.8400000e+01  -4.3147578e+04  -7.6630650e+05
   2.8500000e+01  -2.8429994e+04  -6.1362662e+05
   2.8600000e+01   1.6430520e+04  -4.2688959e+05
   2.8700000e+01   9.5005680e+04  -2.2314975e+05
   2.8800000e+01   1.9601772e+05  -1.5718408e+04
   2.8900000e+01   2.9615247e+05   1.8981422e+05
   2.9000000e+01   3.7061769e+05   3.9076469e+05
   2.9100000e+01   4.0905859e+05   5.8188506e+05
   2.9200000e+01   4.2341094e+05   7.5588444e+05
   2.9300000e+01   4.3646125e+05   9.0759175e+05
   2.9400000e+01   4.5867372e+05   1.0348268e+06
   2.9500000e+01   4.7607722e+05   1.1344781e+06
   2.9600000e+01   4.6346106e+05   1.2000104e+06
   2.9700000e+01   4.1113838e+05   1.2254238e+06
   2.9800000e+01   3.3804453e+05   1.2110758e+06
   2.9900000e+01   2.7663334e+05   1.1619794e+06
   3.0000000e+01   2.4314097e+05   1.0781220e+06
   3.0100000e+01   2.2150141e+05   9.4918300e+05
   3.0200000e+01   1.7640042e+05   7.6436881e+05
   3.0300000e+01   8.4024422e+04   5.3005831e+05
   3.0400000e+01  -4.6549812e+04   2.7471097e+05
   3.0500000e+01  -1.7944970e+05   3.1579621e+04
   3.0600000e+01  -2.7939925e+05  -1.8460852e+05
   3.0700000e+01  -3.3633481e+05  -3.8151159e+05
   3.0800000e+01  -3.6718194e+05  -5.6905069e+05
   3.0900000e+01  -3.9638875e+05  -7.3898388e+05
   3.1000000e+01  -4.3541441e+05  -8.6899394e+05
   3.1100000e+01  -4.7902203e+05  -9.4697819e+05
   3.1200000e+01  -5.1643872e+05  -9.8572488e+05
   3.1300000e+01  -5.4060800e+05  -1.0076712e+06
   3.1400000e+01  -5.4542131e+05  -1.0148016e+06
   3.1500000e+01  -5.1968462e+05  -9.7934525e+05
   3.1600000e+01  -4.5262828e+05  -8.7105650e+05
   3.1700000e+01  -3.4958247e+05  -6.9616344e+05
   3.1800000e+01  -2.3819183e+05  -5.0609125e+05
   3.1900000e+01  -1.5118144e+05  -3.6167816e+05
   3.2000000e+01  -9.8540000e+04  -2.8389509e+05
   3.2100000e+01  -5.8310609e+04  -2.3802288e+05
   3.2200000e+01   1.7596562e+03  -1.6720119e+05
   3.2300000e+01   9.2843125e+04  -4.4240000e+04
   3.2400000e+01   1.9612069e+05   1.0515740e+05
   3.2500000e+01   2.8338569e+05   2.2504264e+05
   3.2600000e+01   3.4206862e+05   2.7249338e+05
   3.2700000e+01   3.7789603e+05   2.4303502e+05
   3.2800000e+01   3.9737897e+05   1.6357395e+05
   3.2900000e+01   3.9563775e+05   6.8869922e+04
   3.3000000e+01   3.6527050e+05  -1.5585459e+04
   3.3100000e+01   3.1340991e+05  -7.7385648e+04
   3.3200000e+01   2.6296503e+05  -1.1526188e+05
   3.3300000e+01   2.3323617e+05  -1.3704777e+05
   3.3400000e+01   2.2049066e+05  -1.5455980e+05
   3.3500000e+01   2.0075092e+05  -1.7294862e+05
   3.3600000e+01   1.5379131e+05  -1.8171270e+05
   3.3700000e+01   8.5085078e+04  -1.5851681e+05
   3.3800000e+01   2.3939568e+04  -8.6608742e+04
   3.3900000e+01  -1.1469883e+03   2.8467344e+04
   3.4000000e+01   1.2899672e+04   1.5980364e+05
   3.4100000e+01   4.2309219e+04   2.7947019e+05
   3.4200000e+01   5.9578648e+04   3.8042059e+05
   3.4300000e+01   5.8533977e+04   4.7812069e+05
   3.4400000e+01   5.6574793e+04   5.8834819e+05
   3.4500000e+01   7.2629703e+04   7.0230712e+05
   3.4600000e+01   1.0470952e+05   7.8574194e+05
   3.4700000e+01   1.3068095e+05   8.0627419e+05
   3.4800000e+01   1.2989366e+05   7.6358356e+05
   3.4900000e+01   1.0121553e+05   6.9188538e+05
   3.5000000e+01   5.9712508e+04   6.3094919e+05
   3.5100000e+01   1.9612059e+04   5.9329581e+05
   3.5200000e+01  -1.6201461e+04   5.5797781e+05
   3.5300000e+01  -5.2773781e+04   4.9350006e+05
   3.5400000e+01  -9.6235422e+04   3.8479556e+05
   3.5500000e+01  -1.5298038e+05   2.4002648e+05
   3.5600000e+01  -2.2942069e+05   7.7519531e+04
   3.5700000e+01  -3.2320350e+05  -8.7896398e+04
   3.5800000e+01  -4.1240416e+05  -2.4576583e+05
   3.5900000e+01  -4.6161138e+05  -3.8453647e+05
   3.6000000e+01  -4.5004072e+05  -4.9413922e+05
   3.6100000e+01  -3.9783678e+05  -5.7738556e+05
   3.6200000e+01  -3.5867403e+05  -6.5368369e+05
   3.6300000e+01  -3.7632047e+05  -7.4214938e+05
   3.6400000e+01  -4.4220619e+05  -8.3571956e+05
   3.6500000e+01  -4.9619325e+05  -8.9508919e+05
   3.6600000e+01  -4.7389109e+05  -8.7617519e+05
   3.6700000e+01  -3.5911594e+05  -7.6892181e+05
   3.6800000e+01  -1.9509027e+05  -6.0867388e+05
   3.6900000e+01  -4.7206613e+04  -4.4680719e+05
   3.7000000e+01   4.6354320e+04  -3.0957406e+05
   3.7100000e+01   9.3478102e+04  -1.8616634e+05
   3.7200000e+01   1.2645951e+05  -5.4687367e+04
   3.7300000e+01   1.6677123e+05   8.5461305e+04
   3.7400000e+01   2.1018223e+05   2.0973403e+05
   3.7500000e+01   2.4116512e+05   2.9348888e+05
   3.7600000e+01   2.5613253e+05   3.3485088e+05
   3.7700000e+01   2.6945462e+05   3.5036316e+05
   3.7800000e+01   2.9719666e+05   3.5156531e+05
   3.7900000e+01   3.3783738e+05   3.3151747e+05
   3.8000000e+01   3.7172416e+05   2.7673494e+05
   3.8100000e+01   3.8006344e+05   1.8980619e+05
   3.8200000e+01   3.6309178e+05   9.5813797e+04
   3.8300000e+01   3.3866488e+05   2.4148248e+04
   3.8400000e+01   3.2414656e+05  -1.5255965e+04
   3.8500000e+01   3.2144050e+05  -3.6223992e+04
   3.8600000e+01   3.1914475e+05  -5.7471934e+04
   3.8700000e+01   3.0600153e+05  -8.1449203e+04
   3.8800000e+01   2.7965488e+05  -9.2917625e+04
   3.8900000e+01   2.4392355e+05  -7.6905812e+04
   3.9000000e+01   2.0233319e+05  -3.5316938e+04
   3.9100000e+01   1.5739644e+05   1.5075385e+04
   3.9200000e+01   1.1434262e+05   5.8974938e+04
   3.9300000e+01   8.0749234e+04   9.4380164e+04
   3.9400000e+01   5.9662727e+04   1.2846222e+05
   3.9500000e+01   4.4552324e+04   1.6497942e+05
   3.9600000e+01   2.4511422e+04   1.9871012e+05
   3.9700000e+01  -4.2105938e+03   2.2163481e+05
   3.9800000e+01  -3.4012914e+04   2.3065070e+05
   3.9900000e+01  -5.6099711e+04   2.2623702e+05
   4.0000000e+01  -7.4348047e+04   2.0578048e+05
   4.0100000e+01  -1.0451088e+05   1.6479127e+05
   4.0200000e+01  -1.5527581e+05   1.0905238e+05
   4.0300000e+01  -2.1148786e+05   6.1640406e+04
   4.0400000e+01  -2.4353527e+05   4.7509875e+04
   4.0500000e+01  -2.3993059e+05   6.3640492e+04
   4.0600000e+01  -2.2903128e+05   6.7740625e+04
   4.0700000e+01  -2.5942502e+05   8.2348867e+03
   4.0800000e+01  -3.5075412e+05  -1.2479809e+05
   4.0900000e+01  -4.6402488e+05  -2.7816341e+05
   4.1000000e+01  -5.2710888e+05  -3.7182853e+05
   4.1100000e+01  -4.9566647e+05  -3.6408209e+05
   4.1200000e+01  -3.9114053e+05  -2.8487069e+05
   4.1300000e+01  -2.7951416e+05  -2.0626731e+05
   4.1400000e+01  -2.1392033e+05  -1.7988866e+05
   4.1500000e+01  -1.9677312e+05  -1.9973694e+05
   4.1600000e+01  -1.9128544e+05  -2.1887184e+05
   4.1700000e+01  -1.6153016e+05  -1.9549698e+05
   4.1800000e+01  -9.9540930e+04  -1.2290923e+05
   4.1900000e+01  -2.1481439e+04  -2.2887549e+04
   4.2000000e+01   5.1609844e+04   7.9901148e+04
   4.2100000e+01   1.0565077e+05   1.7321136e+05
   4.2200000e+01   1.3302164e+05   2.5252791e+05
   4.2300000e+01   1.3063689e+05   3.1051531e+05
   4.2400000e+01   1.0382369e+05   3.3740041e+05
   4.2500000e+01   6.9735906e+04   3.3182906e+05
   4.2600000e+01   5.0379992e+04   3.0694728e+05
   4.2700000e+01   5.6860617e+04   2.8130566e+05
   4.2800000e+01   7.9284094e+04   2.6248900e+05
   4.2900000e+01   9.4564422e+04   2.4126653e+05
   4.3000000e+01   8.7211375e+04   2.0325661e+05
   4.3100000e+01   6.3723207e+04   1.4553134e+05
   4.3200000e+01   4.6263672e+04   8.0092328e+04
   4.3300000e+01   5.2182508e+04   2.1396543e+04
   4.3400000e+01   8.0464938e+04  -2.6814160e+04
   4.3500000e+01   1.1796510e+05  -7.0482250e+04
   4.3600000e+01   1.5630238e+05  -1.1289223e+05
   4.3700000e+01   1.9949109e+05  -1.4741908e+05
   4.3800000e+01   2.5455416e+05  -1.6497078e+05
   4.3900000e+01   3.1752238e+05  -1.6712983e+05
   4.4000000e+01   3.7180456e+05  -1.6807144e+05
   4.4100000e+01   4.0074681e+05  -1.8097031e+05
   4.4200000e+01   4.0013719e+05  -2.0350059e+05
   4.4300000e+01   3.7791647e+05  -2.1974020e+05
   4.4400000e+01   3.4409466e+05  -2.1758994e+05
   4.4500000e+01   3.0424891e+05  -2.0186711e+05
   4.4600000e+01   2.6293078e+05  -1.8697419e+05
   4.4700000e+01   2.2846328e+05  -1.7765603e+05
   4.4800000e+01   2.0750770e+05  -1.6295578e+05
   4.4900000e+01   1.9202678e+05  -1.3394597e+05
   4.5000000e+01   1.5604627e+05  -1.0439177e+05
   4.5100000e+01   7.4172586e+04  -1.0453552e+05
   4.5200000e+01  -5.0331750e+04  -1.4784117e+05
   4.5300000e+01  -1.7678872e+05  -2.0644750e+05
   4.5400000e+01  -2.5311848e+05  -2.2786053e+05
   4.5500000e+01  -2.5806133e+05  -1.8177375e+05
   4.5600000e+01  -2.2136450e+05  -9.0399797e+04
   4.5700000e+01  -2.0123372e+05  -1.0104305e+04
   4.5800000e+01  -2.3752073e+05   1.8529090e+04
   4.5900000e+01  -3.2140756e+05   4.3487773e+03
   4.6000000e+01  -4.0644450e+05  -6.4590000e+03
   4.6100000e+01  -4.4830075e+05   2.6870168e+04
   4.6200000e+01  -4.3730288e+05   1.0638715e+05
   4.6300000e+01  -3.9832038e+05   1.9768166e+05
   4.6400000e+01  -3.6378447e+05   2.6000862e+05
   4.6500000e+01  -3.4739403e+05   2.7551512e+05
   4.6600000e+01  -3.4012241e+05   2.5522706e+05
   4.6700000e+01  -3.2582594e+05   2.2283012e+05
   4.6800000e+01  -2.9673747e+05   1.9495678e+05
   4.6900000e+01  -2.5481428e+05   1.7441511e+05
   4.7000000e+01  -2.0354777e+05   1.5639583e+05
   4.7100000e+01  -1.4392545e+05   1.3600020e+05
   4.7200000e+01  -7.8935883e+04   1.0956600e+05
   4.7300000e+01  -1.7490598e+04   7.3676469e+04
   4.7400000e+01   3.0807600e+04   2.8192543e+04
   4.7500000e+01   6.5110027e+04  -1.9146703e+04
   4.7600000e+01   9.4340883e+04  -5.4872898e+04
   4.7700000e+01   1.2665892e+05  -6.9740703e+04
   4.7800000e+01   1.5943725e+05  -6.6054938e+04
   4.7900000e+01   1.8269419e+05  -5.2739988e+04
   4.8000000e+01   1.9292714e+05  -3.2766422e+04
   4.8100000e+01   2.0064075e+05   1.9451719e+03
   4.8200000e+01   2.2091289e+05   6.0439629e+04
   4.8300000e+01   2.5595866e+05   1.3773103e+05
   4.8400000e+01   2.8901062e+05   2.1258578e+05
   4.8500000e+01   2.9743575e+05   2.6271888e+05
   4.8600000e+01   2.7241056e+05   2.8234331e+05
   4.8700000e+01   2.2566594e+05   2.8336759e+05
   4.8800000e+01   1.7794377e+05   2.7927912e+05
   4.8900000e+01   1.4258161e+05   2.7026062e+05
   4.9000000e+01   1.2039828e+05   2.4636925e+05
   4.9100000e+01   1.0712462e+05   2.0368312e+05
   4.9200000e+01   1.0050836e+05   1.5195383e+05
   4.9300000e+01   9.7556344e+04   1.0219286e+05
   4.9400000e+01   8.8159297e+04   4.8399391e+04
   4.9500000e+01   5.8807906e+04  -3.1762164e+04
   4.9600000e+01   8.0420117e+03  -1.5225175e+05
   4.9700000e+01  -4.2885695e+04  -2.9435588e+05
   4.9800000e+01  -6.1350535e+04  -4.1216197e+05
   4.9900000e+01  -3.2114770e+04  -4.6847938e+05
   5.0000000e+01   2.3123492e+04  -4.6825709e+05
   5.0100000e+01   5.8136371e+04  -4.5475962e+05
   5.0200000e+01   3.9694875e+04  -4.6882391e+05
   5.0300000e+01  -2.2938719e+04  -5.0912881e+05
   5.0400000e+01  -8.4731828e+04  -5.3233012e+05
   5.0500000e+01  -1.0266014e+05  -4.9337594e+05
   5.0600000e+01  -7.0017352e+04  -3.8691141e+05
   5.0700000e+01  -1.6727068e+04  -2.5080052e+05
   5.0800000e+01   2.1306002e+04  -1.3166069e+05
   5.0900000e+01   3.1675102e+04  -4.8603934e+04
   5.1000000e+01   2.6525848e+04   1.1758113e+04
   5.1100000e+01   2.0231225e+04   7.1439258e+04
   5.1200000e+01   1.2431271e+04   1.3795391e+05
   5.1300000e+01  -5.2318584e+03   2.0354025e+05
   5.1400000e+01  -3.0752562e+04   2.5970067e+05
   5.1500000e+01  -4.7394961e+04   3.0568412e+05
   5.1600000e+01  -4.0340590e+04   3.4263228e+05
   5.1700000e+01  -1.4640223e+04   3.6519934e+05
   5.1800000e+01   7.3588867e+03   3.6413762e+05
   5.1900000e+01   7.0553594e+03   3.3711378e+05
   5.2000000e+01  -1.3346438e+04   2.9342853e+05
   5.2100000e+01  -3.4407129e+04   2.4592103e+05
   5.2200000e+01  -3.7838828e+04   1.9955873e+05
   5.2300000e+01  -2.0904492e+04   1.5032725e+05
   5.2400000e+01   4.4818555e+03   9.5391797e+04
   5.2500000e+01   2.3494785e+04   4.1974051e+04
   5.2600000e+01   2.8998750e+04   3.9656504e+03
   5.2700000e+01   2.3398074e+04  -1.0569912e+04
   5.2800000e+01   1.2880516e+04  -7.6717402e+03
   5.2900000e+01   6.3253516e+02  -2.7025117e+03
   5.3000000e+01  -1.5017758e+04  -7.1090898e+03
   5.3100000e+01  -3.6834305e+04  -1.9457383e+04
   5.3200000e+01  -6.4039668e+04  -2.8824564e+04
   5.3300000e+01  -9.1989914e+04  -2.6578789e+04
   5.3400000e+01  -1.1601996e+05  -1.4983930e+04
   5.3500000e+01  -1.3446584e+05  -4.9656123e+03
   5.3600000e+01  -1.4781148e+05  -6.6003379e+03
   5.3700000e+01  -1.5703836e+05  -2.2833910e+04
   5.3800000e+01  -1.6523236e+05  -5.2024457e+04
   5.3900000e+01  -1.7961666e+05  -9.3558883e+04
   5.4000000e+01  -2.0662412e+05  -1.4687205e+05
   5.4100000e+01  -2.4051831e+05  -2.0387859e+05
   5.4200000e+01  -2.5919944e+05  -2.4684780e+05
   5.4300000e+01  -2.3953309e+05  -2.6091828e+05
   5.4400000e+01  -1.8315308e+05  -2.5210981e+05
   5.4500000e+01  -1.2481823e+05  -2.4895461e+05
   5.4600000e+01  -1.0660141e+05  -2.7831847e+05
   5.4700000e+01  -1.3746306e+05  -3.3487081e+05
   5.4800000e+01  -1.7946269e+05  -3.7668612e+05
   5.4900000e+01  -1.7928216e+05  -3.5716144e+05
   5.5000000e+01  -1.1685559e+05  -2.6579066e+05
   5.5100000e+01  -2.3223816e+04  -1.3830908e+05
   5.5200000e+01   4.9247934e+04  -2.5980027e+04
   5.5300000e+01   7.3006289e+04   4.5637379e+04
   5.5400000e+01   6.3374242e+04   8.9531461e+04
   5.5500000e+01   5.6896461e+04   1.3418167e+05
   5.5600000e+01   7.7574016e+04   1.9288770e+05
   5.5700000e+01   1.2333705e+05   2.5623559e+05
   5.5800000e+01   1.7751581e+05   3.0923338e+05
   5.5900000e+01   2.2572114e+05   3.4907700e+05
   5.6000000e+01   2.6142761e+05   3.8405784e+05
   5.6100000e+01   2.8256428e+05   4.1876772e+05
   5.6200000e+01   2.9051712e+05   4.4538056e+05
   5.6300000e+01   2.9389494e+05   4.5107531e+05
   5.6400000e+01   3.0786394e+05   4.3207812e+05
   5.6500000e+01   3.4287338e+05   3.9812747e+05
   5.6600000e+01   3.9131206e+05   3.6284153e+05
   5.6700000e+01   4.2818316e+05   3.3079378e+05
   5.6800000e+01   4.3026138e+05   2.9473350e+05
   5.6900000e+01   3.9776166e+05   2.4502692e+05
   5.7000000e+01   3.5615612e+05   1.8085562e+05
   5.7100000e+01   3.3347762e+05   1.1167854e+05
   5.7200000e+01   3.3382934e+05   4.8190199e+04
   5.7300000e+01   3.3367762e+05  -7.0103945e+03
   5.7400000e+01   3.0544719e+05  -5.9091203e+04
   5.7500000e+01   2.4489003e+05  -1.1212420e+05
   5.7600000e+01   1.7453322e+05  -1.6240803e+05
   5.7700000e+01   1.2042323e+05  -2.0177644e+05
   5.7800000e+01   8.6994438e+04  -2.2653100e+05
   5.7900000e+01   5.5559129e+04  -2.4096248e+05
   5.8000000e+01   5.4263438e+03  -2.5184423e+05
   5.8100000e+01  -6.7171109e+04  -2.6243562e+05
   5.8200000e+01  -1.5179873e+05  -2.7476909e+05
   5.8300000e+01  -2.4029978e+05  -2.9564656e+05
   5.8400000e+01  -3.3305753e+05  -3.3314906e+05
   5.8500000e+01  -4.2647934e+05  -3.8192069e+05
   5.8600000e+01  -5.0131944e+05  -4.1559362e+05
   5.8700000e+01  -5.3511300e+05  -4.0481275e+05
   5.8800000e+01  -5.3170075e+05  -3.5083459e+05
   5.8900000e+01  -5.3172069e+05  -2.9787419e+05
   5.9000000e+01  -5.8064631e+05  -3.0005269e+05
   5.9100000e+01  -6.7876162e+05  -3.6658744e+05
   5.9200000e+01  -7.6651756e+05  -4.4056369e+05
   5.9300000e+01  -7.6910506e+05  -4.4035338e+05
   5.9400000e+01  -6.6208769e+05  -3.2985741e+05
   5.9500000e+01  -4.9383038e+05  -1.5130378e+05
   5.9600000e+01  -3.4238328e+05   1.0236059e+04
   5.9700000e+01  -2.5046419e+05   9.5121859e+04
   5.9800000e+01  -2.0088655e+05   1.0742538e+05
   5.9900000e+01  -1.4868011e+05   9.6364984e+04
   6.0000000e+01  -6.9102805e+04   1.0896475e+05
   6.0100000e+01   2.6616686e+04   1.5921695e+05
   6.0200000e+01   1.1355373e+05   2.3127581e+05
   6.0300000e+01   1.8008325e+05   3.0064559e+05
   6.0400000e+01   2.3103864e+05   3.5078084e+05
   6.0500000e+01   2.7232116e+05   3.7759569e+05
   6.0600000e+01   3.0145366e+05   3.8679600e+05
   6.0700000e+01   3.1471316e+05   3.8894947e+05
   6.0800000e+01   3.1766912e+05   3.9352216e+05
   6.0900000e+01   3.2273231e+05   4.0346512e+05
   6.1000000e+01   3.3579550e+05   4.1342384e+05
   6.1100000e+01   3.4897753e+05   4.1282638e+05
   6.1200000e+01   3.4947812e+05   3.9190228e+05
   6.1300000e+01   3.3501762e+05   3.4750956e+05
   6.1400000e+01   3.1802644e+05   2.8584341e+05
   6.1500000e+01   3.1325616e+05   2.1947767e+05
   6.1600000e+01   3.2215381e+05   1.5900823e+05
   6.1700000e+01   3.3109950e+05   1.0529410e+05
   6.1800000e+01   3.2560112e+05   5.0424113e+04
   6.1900000e+01   3.0548831e+05  -1.1895121e+04
   6.2000000e+01   2.8525606e+05  -7.6813922e+04
   6.2100000e+01   2.7920803e+05  -1.3063308e+05
   6.2200000e+01   2.8626184e+05  -1.6302816e+05
   6.2300000e+01   2.8901041e+05  -1.7561998e+05
   6.2400000e+01   2.6733553e+05  -1.7781925e+05
   6.2500000e+01   2.1349891e+05  -1.7645569e+05
   6.2600000e+01   1.3575669e+05  -1.7234728e+05
   6.2700000e+01   4.9689785e+04  -1.6606041e+05
   6.2800000e+01  -3.2252447e+04  -1.6173703e+05
   6.2900000e+01  -1.0327683e+05  -1.6110545e+05
   6.3000000e+01  -1.5841505e+05  -1.5615023e+05
   6.3100000e+01  -1.9421480e+05  -1.3515130e+05
   6.3200000e+01  -2.1604067e+05  -1.0078878e+05
   6.3300000e+01  -2.4289648e+05  -7.8930250e+04
   6.3400000e+01  -2.9624419e+05  -1.0078947e+05
   6.3500000e+01  -3.7632056e+05  -1.7042561e+05
   6.3600000e+01  -4.5013203e+05  -2.5150197e+05
   6.3700000e+01  -4.7140388e+05  -2.9255362e+05
   6.3800000e+01  -4.2074403e+05  -2.7036244e+05
   6.3900000e+01  -3.2739012e+05  -2.0951928e+05
   6.4000000e+01  -2.4691278e+05  -1.5857238e+05
   6.4100000e+01  -2.1362619e+05  -1.4655977e+05
   6.4200000e+01  -2.1426025e+05  -1.6182872e+05
   6.4300000e+01  -2.0775259e+05  -1.6992570e+05
   6.4400000e+01  -1.6778872e+05  -1.4805570e+05
   6.4500000e+01  -1.0357655e+05  -1.0151983e+05
   6.4600000e+01  -4.2117680e+04  -5.1093918e+04
   6.4700000e+01   2.2746118e+03  -1.0310293e+04
   6.4800000e+01   3.6335637e+04   2.3007688e+04
   6.4900000e+01   6.9661203e+04   5.6523008e+04
   6.5000000e+01   9.6632906e+04   9.0285234e+04
   6.5100000e+01   1.0149441e+05   1.1647465e+05
   6.5200000e+01   7.9316492e+04   1.3090867e+05
   6.5300000e+01   4.6381500e+04   1.4171325e+05
   6.5400000e+01   2.6795750e+04   1.6413842e+05
   6.5500000e+01   3.0135512e+04   2.0588725e+05
   6.5600000e+01   4.4609664e+04   2.5769838e+05
   6.5700000e+01   5.2059586e+04   2.9876950e+05
   6.5800000e+01   4.7481652e+04   3.1187528e+05
   6.5900000e+01   4.2793859e+04   2.9413103e+05
   6.6000000e+01   5.3121730e+04   2.5491703e+05
   6.6100000e+01   8.1789734e+04   2.0569472e+05
   6.6200000e+01   1.1907481e+05   1.5309466e+05
   6.6300000e+01   1.5359950e+05   1.0059951e+05
   6.6400000e+01   1.8264542e+05   5.3464492e+04
   6.6500000e+01   2.1082528e+05   1.8541375e+04
   6.6600000e+01   2.4023691e+05  -1.8990156e+03
   6.6700000e+01   2.6430712e+05  -1.4805609e+04
   6.6800000e+01   2.7274800e+05  -3.2579047e+04
   6.6900000e+01   2.6198875e+05  -6.3137770e+04
   6.7000000e+01   2.3879625e+05  -1.0316061e+05
   6.7100000e+01   2.1262550e+05  -1.4082702e+05
   6.7200000e+01   1.8585247e+05  -1.6470286e+05
   6.7300000e+01   1.5371786e+05  -1.7006880e+05
   6.7400000e+01   1.1321722e+05  -1.5852722e+05
   6.7500000e+01   6.7840891e+04  -1.3483322e+05
   6.7600000e+01   2.0154660e+04  -1.0626766e+05
   6.7700000e+01  -3.8004059e+04  -8.3313398e+04
   6.7800000e+01  -1.2093088e+05  -7.5646258e+04
   6.7900000e+01  -2.2945697e+05  -8.2641203e+04
   6.8000000e+01  -3.3750434e+05  -8.7660719e+04
   6.8100000e+01  -4.0492544e+05  -6.6734523e+04
   6.8200000e+01  -4.0976781e+05  -9.3898281e+03
   6.8300000e+01  -3.6930250e+05   6.6088531e+04
   6.8400000e+01  -3.2706119e+05   1.2082712e+05
   6.8500000e+01  -3.1647700e+05   1.2510395e+05
   6.8600000e+01  -3.3515334e+05   8.5157094e+04
   6.8700000e+01  -3.5244825e+05   4.0864320e+04
   6.8800000e+01  -3.3970831e+05   3.3145426e+04
   6.8900000e+01  -2.9252269e+05   6.9501516e+04
   6.9000000e+01  -2.2674352e+05   1.1957832e+05
   6.9100000e+01  -1.5854011e+05   1.4403627e+05
   6.9200000e+01  -9.2168328e+04   1.2779917e+05
   6.9300000e+01  -2.5714945e+04   8.6740375e+04
   6.9400000e+01   3.6996164e+04   4.6228012e+04
   6.9500000e+01   8.5507633e+04   1.7562078e+04
   6.9600000e+01   1.1453323e+05  -4.7687383e+03
   6.9700000e+01   1.3348984e+05  -2.8271889e+04
   6.9800000e+01   1.6051292e+05  -5.0732727e+04
   6.9900000e+01   2.0541536e+05  -6.3839543e+04
   7.0000000e+01   2.5920938e+05  -6.4699270e+04
   7.0100000e+01   3.0151091e+05  -6.0579203e+04
   7.0200000e+01   3.1845119e+05  -6.2295449e+04
   7.0300000e+01   3.1324278e+05  -7.4319578e+04
   7.0400000e+01   3.0027375e+05  -9.1436984e+04
   7.0500000e+01   2.9103897e+05  -1.0376589e+05
   7.0600000e+01   2.8692466e+05  -1.0411678e+05
   7.0700000e+01   2.8369584e+05  -9.1051641e+04
   7.0800000e+01   2.7892025e+05  -6.6701234e+04
   7.0900000e+01   2.7252556e+05  -3.4023531e+04
   7.1000000e+01   2.6175309e+05   2.3494902e+03
   7.1100000e+01   2.3971258e+05   3.3718297e+04
   7.1200000e+01   2.0156123e+05   4.9388852e+04
   7.1300000e+01   1.5146230e+05   4.4570852e+04
   7.1400000e+01   1.0133191e+05   2.6796219e+04
   7.1500000e+01   6.1632312e+04   1.2498604e+04
   7.1600000e+01   3.3477578e+04   1.5192654e+04
   7.1700000e+01   9.5426533e+03   3.6035699e+04
   7.1800000e+01  -1.8326277e+04   6.4595070e+04
   7.1900000e+01  -5.3112262e+04   8.6254016e+04
   7.2000000e+01  -9.3500758e+04   8.7692695e+04
   7.2100000e+01  -1.3895188e+05   5.8741336e+04
   7.2200000e+01  -1.9170020e+05  -3.7282832e+03
   7.2300000e+01  -2.5156392e+05  -8.8252750e+04
   7.2400000e+01  -3.0813769e+05  -1.6646242e+05
   7.2500000e+01  -3.4122275e+05  -2.0583916e+05
   7.2600000e+01  -3.3545009e+05  -1.9326369e+05
   7.2700000e+01  -2.9934903e+05  -1.4991820e+05
   7.2800000e+01  -2.6768253e+05  -1.2029350e+05
   7.2900000e+01  -2.7624003e+05  -1.3916425e+05
   7.3000000e+01  -3.2685484e+05  -2.0196888e+05
   7.3100000e+01  -3.7776006e+05  -2.6481475e+05
   7.3200000e+01  -3.7538275e+05  -2.7688806e+05
   7.3300000e+01  -3.0193988e+05  -2.1966820e+05
   7.3400000e+01  -1.9318170e+05  -1.2004814e+05
   7.3500000e+01  -1.0786578e+05  -2.6731420e+04
   7.3600000e+01  -7.8359266e+04   2.8298021e+04
   7.3700000e+01  -8.8967883e+04   4.9525777e+04
   7.3800000e+01  -9.7977602e+04   6.5107504e+04
   7.3900000e+01  -7.6410477e+04   9.8659867e+04
   7.4000000e+01  -2.6340328e+04   1.5320883e+05
   7.4100000e+01   3.1115623e+04   2.1690869e+05
   7.4200000e+01   7.8194680e+04   2.7691012e+05
   7.4300000e+01   1.1081080e+05   3.2497669e+05
   7.4400000e+01   1.3360741e+05   3.5464594e+05
   7.4500000e+01   1.5163075e+05   3.6110019e+05
   7.4600000e+01   1.6791472e+05   3.4731938e+05
   7.4700000e+01   1.8530434e+05   3.2647966e+05
   7.4800000e+01   2.0649480e+05   3.1200856e+05
   7.4900000e+01   2.3124559e+05   3.0309706e+05
   7.5000000e+01   2.5522008e+05   2.8298925e+05
   7.5100000e+01   2.7344406e+05   2.3532644e+05
   7.5200000e+01   2.8512566e+05   1.6285673e+05
   7.5300000e+01   2.9371341e+05   8.8182688e+04
   7.5400000e+01   3.0096403e+05   3.4607262e+04
   7.5500000e+01   3.0147481e+05   6.2328984e+03
   7.5600000e+01   2.8525962e+05  -1.3063053e+04
   7.5700000e+01   2.4768258e+05  -4.2043344e+04
   7.5800000e+01   1.9680300e+05  -8.4287266e+04
   7.5900000e+01   1.4902252e+05  -1.2663816e+05
   7.6000000e+01   1.1548883e+05  -1.5298800e+05
   7.6100000e+01   9.2110555e+04  -1.5864556e+05
   7.6200000e+01   6.3527035e+04  -1.5271647e+05
   7.6300000e+01   1.7667090e+04  -1.4900972e+05
   7.6400000e+01  -4.3348750e+04  -1.5582089e+05
   7.6500000e+01  -1.0640313e+05  -1.7314422e+05
   7.6600000e+01  -1.5990230e+05  -1.9627603e+05
   7.6700000e+01  -2.0066486e+05  -2.1835578e+05
   7.6800000e+01  -2.2769525e+05  -2.2841328e+05
   7.6900000e+01  -2.3334683e+05  -2.1134247e+05
   7.7000000e+01  -2.0853033e+05  -1.5828988e+05
   7.7100000e+01  -1.6124827e+05  -8.3113094e+04
   7.7200000e+01  -1.2504325e+05  -2.5498461e+04
   7.7300000e+01  -1.3732828e+05  -2.6572566e+04
   7.7400000e+01  -2.0103894e+05  -9.1368203e+04
   7.7500000e+01  -2.6991953e+05  -1.7496806e+05
   7.7600000e+01  -2.8077516e+05  -2.1365845e+05
   7.7700000e+01  -2.0723788e+05  -1.7762194e+05
   7.7800000e+01  -8.3110578e+04  -9.5412812e+04
   7.7900000e+01   2.7804707e+04  -2.5860523e+04
   7.8000000e+01   8.4541734e+04  -5.5353320e+03
   7.8100000e+01   9.3861156e+04  -2.2549336e+04
   7.8200000e+01   8.9910828e+04  -3.6985754e+04
   7.8300000e+01   9.7163445e+04  -2.0882152e+04
   7.8400000e+01   1.1443117e+05   2.2632479e+04
   7.8500000e+01   1.2787802e+05   7.2622828e+04
   7.8600000e+01   1.3065986e+05   1.1388300e+05
   7.8700000e+01   1.2701542e+05   1.4493792e+05
   7.8800000e+01   1.2161966e+05   1.6798697e+05
   7.8900000e+01   1.1125440e+05   1.7845655e+05
   7.9000000e+01   8.9468688e+04   1.6847097e+05
   7.9100000e+01   5.7040492e+04   1.3921136e+05
   7.9200000e+01   2.3519549e+04   1.0509016e+05
   7.9300000e+01  -3.7346016e+03   8.1616703e+04
   7.9400000e+01  -3.0000445e+04   6.8940719e+04
   7.9500000e+01  -6.8328562e+04   5.0819871e+04
   7.9600000e+01  -1.2189177e+05   1.2847363e+04
   7.9700000e+01  -1.7349662e+05  -3.9324434e+04
   7.9800000e+01  -1.9746381e+05  -8.3255969e+04
   7.9900000e+01  -1.8444322e+05  -1.0197936e+05
   8.0000000e+01  -1.5288839e+05  -1.0003914e+05
   8.0100000e+01  -1.3324281e+05  -9.5148164e+04
   8.0200000e+01  -1.4001406e+05  -9.6524531e+04
   8.0300000e+01  -1.5977770e+05  -9.6395125e+04
   8.0400000e+01  -1.6550594e+05  -8.3654734e+04
   8.0500000e+01  -1.4059556e+05  -6.0817254e+04
   8.0600000e+01  -8.9493766e+04  -4.2370105e+04
   8.0700000e+01  -2.9532602e+04  -3.7192910e+04
   8.0800000e+01   2.2788453e+04  -3.7822043e+04
   8.0900000e+01   5.7980141e+04  -3.0135367e+04
   8.1000000e+01   7.2763719e+04  -1.1287918e+04
   8.1100000e+01   7.0570078e+04   6.2120435e+03
   8.1200000e+01   6.4792219e+04   9.1994531e+03
   8.1300000e+01   7.6007703e+04  -4.9190625e+02
   8.1400000e+01   1.1683662e+05  -8.5079395e+03
   8.1500000e+01   1.7407016e+05  -6.4101230e+03
   8.1600000e+01   2.0903748e+05  -4.5838203e+03
   8.1700000e+01   1.8550961e+05  -2.2824594e+04
   8.1800000e+01   1.0537377e+05  -6.6144039e+04
   8.1900000e+01   1.6288141e+04  -1.1130158e+05
   8.2000000e+01  -2.3466945e+04  -1.2099262e+05
   8.2100000e+01   5.2089766e+03  -7.5010703e+04
   8.2200000e+01   6.5478953e+04   1.0648102e+04
   8.2300000e+01   9.8808898e+04   9.5285031e+04
   8.2400000e+01   7.7110984e+04   1.4514397e+05
   8.2500000e+01   2.2143930e+04   1.5666828e+05
   8.2600000e+01  -2.3009859e+04   1.5291069e+05
   8.2700000e+01  -3.6368551e+04   1.6059530e+05
   8.2800000e+01  -2.9668477e+04   1.9043906e+05
   8.2900000e+01  -2.4372891e+04   2.3516378e+05
   8.3000000e+01  -2.3608244e+04   2.8050406e+05
   8.3100000e+01  -1.1763861e+04   3.1507716e+05
   8.3200000e+01   2.1831240e+04   3.3192928e+05
   8.3300000e+01   6.5841828e+04   3.2645366e+05
   8.3400000e+01   9.6892391e+04   2.9784103e+05
   8.3500000e+01   1.0439506e+05   2.5315170e+05
   8.3600000e+01   1.0148009e+05   2.0641359e+05
   8.3700000e+01   1.0999146e+05   1.6962297e+05
   8.3800000e+01   1.3663066e+05   1.4337297e+05
   8.3900000e+01   1.6598875e+05   1.1785388e+05
   8.4000000e+01   1.7659955e+05   8.4441914e+04
   8.4100000e+01   1.6171958e+05   4.5512805e+04
   8.4200000e+01   1.3353931e+05   1.1269139e+04
   8.4300000e+01   1.0867533e+05  -1.2828352e+04
   8.4400000e+01   9.1764688e+04  -3.3269645e+04
   8.4500000e+01   7.3678375e+04  -6.1717500e+04
   8.4600000e+01   4.4225320e+04  -1.0188094e+05
   8.4700000e+01   4.7523828e+03  -1.4477373e+05
   8.4800000e+01  -3.2377885e+04  -1.7717978e+05
   8.4900000e+01  -5.6047566e+04  -1.9365250e+05
   8.5000000e+01  -6.7073594e+04  -1.9988912e+05
   8.5100000e+01  -7.6511766e+04  -2.0607109e+05
   8.5200000e+01  -9.4485359e+04  -2.1901667e+05
   8.5300000e+01  -1.2215804e+05  -2.4060866e+05
   8.5400000e+01  -1.5426403e+05  -2.7054103e+05
   8.5500000e+01  -1.8612056e+05  -3.0638528e+05
   8.5600000e+01  -2.1454998e+05  -3.3948459e+05
   8.5700000e+01  -2.3280666e+05  -3.5409038e+05
   8.5800000e+01  -2.3090814e+05  -3.3701731e+05
   8.5900000e+01  -2.0727830e+05  -2.9299797e+05
   8.6000000e+01  -1.7976683e+05  -2.4935997e+05
   8.6100000e+01  -1.7782905e+05  -2.3866455e+05
   8.6200000e+01  -2.1600959e+05  -2.6942253e+05
   8.6300000e+01  -2.7367972e+05  -3.1201238e+05
   8.6400000e+01  -3.0635025e+05  -3.1805506e+05
   8.6500000e+01  -2.8386769e+05  -2.6072038e+05
   8.6600000e+01  -2.2035223e+05  -1.6045589e+05
   8.6700000e+01  -1.6434641e+05  -7.0862875e+04
   8.6800000e+01  -1.5525100e+05  -3.5510828e+04
   8.6900000e+01  -1.8654262e+05  -5.3741980e+04
   8.7000000e+01  -2.1131241e+05  -8.5168000e+04
   8.7100000e+01  -1.8482506e+05  -8.6751883e+04
   8.7200000e+01  -1.0300133e+05  -4.7629926e+04
   8.7300000e+01  -1.4129668e+03   8.2811367e+03
   8.7400000e+01   8.0058297e+04   4.9837422e+04
   8.7500000e+01   1.2925480e+05   6.7057719e+04
   8.7600000e+01   1.6136012e+05   7.4064516e+04
   8.7700000e+01   1.9400884e+05   8.8373969e+04
   8.7800000e+01   2.2890720e+05   1.1164769e+05
   8.7900000e+01   2.5709697e+05   1.3215155e+05
   8.8000000e+01   2.7502784e+05   1.4320758e+05
   8.8100000e+01   2.8914678e+05   1.5426769e+05
   8.8200000e+01   3.0535725e+05   1.8108752e+05
   8.8300000e+01   3.1950569e+05   2.2665922e+05
   8.8400000e+01   3.2156619e+05   2.7560650e+05
   8.8500000e+01   3.0721734e+05   3.0900538e+05
   8.8600000e+01   2.8198300e+05   3.2283462e+05
   8.8700000e+01   2.5427456e+05   3.2945338e+05
   8.8800000e+01   2.2769753e+05   3.4166375e+05
   8.8900000e+01   2.0188312e+05   3.5874566e+05
   8.9000000e+01   1.7845392e+05   3.7009681e+05
   8.9100000e+01   1.6224923e+05   3.7032422e+05
   8.9200000e+01   1.5536500e+05   3.6655959e+05
   8.9300000e+01   1.5214989e+05   3.6946903e+05
   8.9400000e+01   1.4302122e+05   3.7964922e+05
   8.9500000e+01   1.2407741e+05   3.8598084e+05
   8.9600000e+01   1.0149702e+05   3.7724688e+05
   8.9700000e+01   8.4800719e+04   3.5273278e+05
   8.9800000e+01   7.5931172e+04   3.2028344e+05
   8.9900000e+01   6.6801328e+04   2.8630350e+05
   9.0000000e+01   4.8864910e+04   2.5073528e+05
   9.0100000e+01   2.3818717e+04   2.1143964e+05
   9.0200000e+01   1.7180859e+03   1.6917356e+05
   9.0300000e+01  -1.3389385e+04   1.2416810e+05
   9.0400000e+01  -3.4190980e+04   6.8414367e+04
   9.0500000e+01  -8.2000781e+04  -1.3175475e+04
   9.0600000e+01  -1.6410869e+05  -1.2794115e+05
   9.0700000e+01  -2.5902367e+05  -2.6021988e+05
   9.0800000e+01  -3.2797194e+05  -3.7510997e+05
   9.0900000e+01  -3.4619509e+05  -4.4426869e+05
   9.1000000e+01  -3.2608338e+05  -4.7209738e+05
   9.1100000e+01  -3.0863034e+05  -4.9479981e+05
   9.1200000e+01  -3.2799406e+05  -5.4828019e+05
   9.1300000e+01  -3.8003300e+05  -6.3276362e+05
   9.1400000e+01  -4.2398881e+05  -7.0858619e+05
   9.1500000e+01  -4.1697169e+05  -7.2880144e+05
   9.1600000e+01  -3.5050888e+05  -6.7811631e+05
   9.1700000e+01  -2.5640812e+05  -5.8215175e+05
   9.1800000e+01  -1.7818700e+05  -4.8178494e+05
   9.1900000e+01  -1.3622169e+05  -4.0080212e+05
   9.2000000e+01  -1.1815781e+05  -3.3640097e+05
   9.2100000e+01  -9.8842867e+04  -2.7403462e+05
   9.2200000e+01  -6.5630531e+04  -2.0473977e+05
   9.2300000e+01  -2.4357055e+04  -1.2812414e+05
   9.2400000e+01   1.4330213e+04  -4.5646000e+04
   9.2500000e+01   4.8626969e+04   4.1555516e+04
   9.2600000e+01   8.4591164e+04   1.2719506e+05
   9.2700000e+01   1.2571861e+05   1.9764727e+05
   9.2800000e+01   1.6766225e+05   2.4126016e+05
   9.2900000e+01   2.0308628e+05   2.6136212e+05
   9.3000000e+01   2.2839381e+05   2.7661431e+05
   9.3100000e+01   2.4388114e+05   3.0402806e+05
   9.3200000e+01   2.4936941e+05   3.4041819e+05
   9.3300000e+01   2.4329984e+05   3.6341372e+05
   9.3400000e+01   2.2751070e+05   3.5409247e+05
   9.3500000e+01   2.1101792e+05   3.1846647e+05
   9.3600000e+01   2.0581548e+05   2.8315872e+05
   9.3700000e+01   2.1651394e+05   2.6745816e+05
   9.3800000e+01   2.3358661e+05   2.6143881e+05
   9.3900000e+01   2.3829164e+05   2.3545125e+05
   9.4000000e+01   2.1702559e+05   1.7228725e+05
   9.4100000e+01   1.7333455e+05   8.7520906e+04
   9.4200000e+01   1.2636514e+05   1.6098159e+04
   9.4300000e+01   9.5990008e+04  -1.9939066e+04
   9.4400000e+01   8.7372695e+04  -2.8674111e+04
   9.4500000e+01   8.8688891e+04  -3.5360840e+04
   9.4600000e+01   8.2760023e+04  -5.6810234e+04
   9.4700000e+01   5.9491691e+04  -9.0221172e+04
   9.4800000e+01   1.7038859e+04  -1.2334319e+05
   9.4900000e+01  -4.5042164e+04  -1.4949138e+05
   9.5000000e+01  -1.2674876e+05  -1.6987141e+05
   9.5100000e+01  -2.1802619e+05  -1.8399500e+05
   9.5200000e+01  -2.9287872e+05  -1.8371691e+05
   9.5300000e+01  -3.2377344e+05  -1.6168033e+05
   9.5400000e+01  -3.0973859e+05  -1.2669981e+05
   9.5500000e+01  -2.8810594e+05  -1.0674394e+05
   9.5600000e+01  -3.0854209e+05  -1.2916506e+05
   9.5700000e+01  -3.8660275e+05  -1.9186636e+05
   9.5800000e+01  -4.8165312e+05  -2.5437508e+05
   9.5900000e+01  -5.2581025e+05  -2.6427891e+05
   9.6000000e+01  -4.8085338e+05  -2.0033525e+05
   9.6100000e+01  -3.7030453e+05  -9.2913602e+04
   9.6200000e+01  -2.5683919e+05  -5.6082812e+02
   9.6300000e+01  -1.8795577e+05   3.6793820e+04
   9.6400000e+01  -1.6144209e+05   2.5229820e+04
   9.6500000e+01  -1.3921419e+05   2.8164004e+03
   9.6600000e+01  -8.9820438e+04   2.8339375e+03
   9.6700000e+01  -1.5912742e+04   3.0486195e+04
   9.6800000e+01   5.5772004e+04   6.9370844e+04
   9.6900000e+01   1.0430622e+05   1.0278806e+05
   9.7000000e+01   1.3045416e+05   1.2578167e+05
   9.7100000e+01   1.4578980e+05   1.4054978e+05
   9.7200000e+01   1.5370969e+05   1.4714516e+05
   9.7300000e+01   1.4704167e+05   1.4272558e+05
   9.7400000e+01   1.2327848e+05   1.2881713e+05
   9.7500000e+01   9.5343875e+04   1.1521927e+05
   9.7600000e+01   8.1537375e+04   1.1331677e+05
   9.7700000e+01   8.5426273e+04   1.2503505e+05
   9.7800000e+01   9.0916172e+04   1.4049455e+05
   9.7900000e+01   8.0720578e+04   1.4864425e+05
   9.8000000e+01   5.7896391e+04   1.4968428e+05
   9.8100000e+01   4.4781348e+04   1.5438503e+05
   9.8200000e+01   5.8967406e+04   1.6998966e+05
   9.8300000e+01   9.2766570e+04   1.8928656e+05
   9.8400000e+01   1.1974398e+05   1.9727248e+05
   9.8500000e+01   1.2217874e+05   1.8900202e+05
   9.8600000e+01   1.0996419e+05   1.7738116e+05
   9.8700000e+01   1.1029907e+05   1.8027250e+05
   9.8800000e+01   1.3878516e+05   2.0090650e+05
   9.8900000e+01   1.8226103e+05   2.2429573e+05
   9.9000000e+01   2.1075659e+05   2.3364834e+05
   9.9100000e+01   2.0486556e+05   2.2685236e+05
   9.9200000e+01   1.6989562e+05   2.1333195e+05
   9.9300000e+01   1.2525548e+05   1.9642133e+05
   9.9400000e+01   8.5603312e+04   1.6563833e+05
   9.9500000e+01   5.5642855e+04   1.1160033e+05
   9.9600000e+01   3.8104426e+04   4.5688559e+04
   9.9700000e+01   3.5886324e+04  -4.2022681e+03
   9.9800000e+01   4.2415969e+04  -2.1613426e+04
   9.9900000e+01   4.1047367e+04  -1.6735209e+04
   1.0000000e+02   2.5425645e+04  -6.9938408e+03
