   1.1851270e+02   3.6301420e+01   1.8450000e+02
   1.1932101e+02   3.6599135e+01   3.2300000e+01
   0.0000000e+00   2.7508369e+05   2.7508369e+05
   1.0000000e-01   2.7050381e+05   2.5945420e+05
   2.0000000e-01   2.4675845e+05   2.2821020e+05
   3.0000000e-01   2.1013381e+05   1.8976642e+05
   4.0000000e-01   1.6807214e+05   1.5400934e+05
   5.0000000e-01   1.2329327e+05   1.2978632e+05
   6.0000000e-01   7.1336312e+04   1.2233380e+05
   7.0000000e-01   4.8240474e+03   1.3170667e+05
   8.0000000e-01  -7.8968906e+04   1.5371009e+05
   9.0000000e-01  -1.7464948e+05   1.8347352e+05
   1.0000000e+00  -2.7249794e+05   2.1927167e+05
   1.1000000e+00  -3.6478181e+05   2.6294094e+05
   1.2000000e+00  -4.4782156e+05   3.1558344e+05
   1.3000000e+00  -5.1887969e+05   3.7217466e+05
   1.4000000e+00  -5.7283838e+05   4.2119575e+05
   1.5000000e+00  -6.0275738e+05   4.5141647e+05
   1.6000000e+00  -6.0346775e+05   4.6036847e+05
   1.7000000e+00  -5.7509575e+05   4.5607725e+05
   1.8000000e+00  -5.2467588e+05   4.4948516e+05
   1.9000000e+00  -4.6467612e+05   4.4406834e+05
   2.0000000e+00  -4.0712831e+05   4.3197088e+05
   2.1000000e+00  -3.5535303e+05   3.9990578e+05
   2.2000000e+00  -3.0091562e+05   3.3959303e+05
   2.3000000e+00  -2.3242711e+05   2.5436183e+05
   2.4000000e+00  -1.5100255e+05   1.5728252e+05
   2.5000000e+00  -7.6302273e+04   6.2751281e+04
   2.6000000e+00  -3.3103926e+04  -2.1924266e+04
   2.7000000e+00  -2.8917092e+04  -9.8469195e+04
   2.8000000e+00  -4.5478492e+04  -1.7186319e+05
   2.9000000e+00  -5.4357133e+04  -2.4265266e+05
   3.0000000e+00  -4.1467727e+04  -3.0542806e+05
   3.1000000e+00  -1.5731194e+04  -3.5517256e+05
   3.2000000e+00   5.5457734e+03  -3.9382584e+05
   3.3000000e+00   1.7620674e+04  -4.2825784e+05
   3.4000000e+00   3.3930438e+04  -4.6106534e+05
   3.5000000e+00   7.2545070e+04  -4.8567750e+05
   3.6000000e+00   1.3872080e+05  -4.9342462e+05
   3.7000000e+00   2.2006720e+05  -4.8518862e+05
   3.8000000e+00   2.9665812e+05  -4.7260409e+05
   3.9000000e+00   3.5524962e+05  -4.6523719e+05
   4.0000000e+00   3.9578653e+05  -4.5823875e+05
   4.1000000e+00   4.2704012e+05  -4.3633372e+05
   4.2000000e+00   4.5714869e+05  -3.9083800e+05
   4.3000000e+00   4.8738916e+05  -3.2974684e+05
   4.4000000e+00   5.1328766e+05  -2.6857331e+05
   4.5000000e+00   5.3044769e+05  -2.1304550e+05
   4.6000000e+00   5.3887300e+05  -1.5476064e+05
   4.7000000e+00   5.4190250e+05  -8.4789734e+04
   4.8000000e+00   5.4157888e+05  -8.2815693e+03
   4.9000000e+00   5.3558688e+05   5.7512445e+04
   5.0000000e+00   5.1876631e+05   9.8949328e+04
   5.1000000e+00   4.8732131e+05   1.1692063e+05
   5.2000000e+00   4.4145609e+05   1.2147541e+05
   5.3000000e+00   3.8431700e+05   1.1789528e+05
   5.4000000e+00   3.1899684e+05   1.0049659e+05
   5.5000000e+00   2.4676808e+05   6.0398359e+04
   5.6000000e+00   1.6758773e+05  -1.9163027e+03
   5.7000000e+00   8.1170086e+04  -7.2828414e+04
   5.8000000e+00  -1.3091310e+04  -1.3472278e+05
   5.9000000e+00  -1.1654197e+05  -1.7923402e+05
   6.0000000e+00  -2.2984169e+05  -2.1170297e+05
   6.1000000e+00  -3.4983578e+05  -2.4234136e+05
   6.2000000e+00  -4.6827959e+05  -2.7261772e+05
   6.3000000e+00  -5.7533925e+05  -2.9025519e+05
   6.4000000e+00  -6.6547500e+05  -2.7778338e+05
   6.5000000e+00  -7.3950894e+05  -2.2638911e+05
   6.6000000e+00  -8.0013869e+05  -1.4258928e+05
   6.7000000e+00  -8.4588681e+05  -4.3415492e+04
   6.8000000e+00  -8.7096125e+05   5.3678398e+04
   6.9000000e+00  -8.7177931e+05   1.3791591e+05
   7.0000000e+00  -8.5254406e+05   2.0675433e+05
   7.1000000e+00  -8.2265512e+05   2.6424853e+05
   7.2000000e+00  -7.8783800e+05   3.1825669e+05
   7.3000000e+00  -7.4399944e+05   3.7657841e+05
   7.4000000e+00  -6.8000469e+05   4.4266931e+05
   7.5000000e+00  -5.8682331e+05   5.1337884e+05
   7.6000000e+00  -4.6554616e+05   5.8065412e+05
   7.7000000e+00  -3.2892366e+05   6.3615781e+05
   7.8000000e+00  -1.9575342e+05   6.7536100e+05
   7.9000000e+00  -8.0807977e+04   6.9827900e+05
   8.0000000e+00   1.4191355e+04   7.0698412e+05
   8.1000000e+00   1.0138814e+05   7.0275756e+05
   8.2000000e+00   1.9633172e+05   6.8578656e+05
   8.3000000e+00   3.0343550e+05   6.5727550e+05
   8.4000000e+00   4.1086881e+05   6.2056281e+05
   8.5000000e+00   5.0073662e+05   5.7835306e+05
   8.6000000e+00   5.6457550e+05   5.2796431e+05
   8.7000000e+00   6.0840381e+05   4.6045519e+05
   8.8000000e+00   6.4356650e+05   3.6700312e+05
   8.9000000e+00   6.7502688e+05   2.4825600e+05
   9.0000000e+00   6.9910056e+05   1.1779023e+05
   9.1000000e+00   7.0955275e+05  -4.7455430e+03
   9.2000000e+00   7.0282075e+05  -1.0564417e+05
   9.3000000e+00   6.7864294e+05  -1.8429683e+05
   9.4000000e+00   6.4020088e+05  -2.5021911e+05
   9.5000000e+00   5.9565050e+05  -3.1381741e+05
   9.6000000e+00   5.5621319e+05  -3.7926003e+05
   9.7000000e+00   5.2824625e+05  -4.4427297e+05
   9.8000000e+00   5.0649488e+05  -5.0477356e+05
   9.9000000e+00   4.7770469e+05  -5.5890375e+05
   1.0000000e+01   4.3234453e+05  -6.0744000e+05
   1.0100000e+01   3.7177734e+05  -6.5206544e+05
   1.0200000e+01   3.0335194e+05  -6.9440175e+05
   1.0300000e+01   2.3035147e+05  -7.3601794e+05
   1.0400000e+01   1.4895622e+05  -7.7705062e+05
   1.0500000e+01   5.4705137e+04  -8.1287669e+05
   1.0600000e+01  -5.0149289e+04  -8.3266088e+05
   1.0700000e+01  -1.5636620e+05  -8.2392125e+05
   1.0800000e+01  -2.5348950e+05  -7.8096981e+05
   1.0900000e+01  -3.3544338e+05  -7.0904112e+05
   1.1000000e+01  -4.0235409e+05  -6.1896488e+05
   1.1100000e+01  -4.5905578e+05  -5.1753812e+05
   1.1200000e+01  -5.1127372e+05  -4.0417825e+05
   1.1300000e+01  -5.6026056e+05  -2.7747981e+05
   1.1400000e+01  -5.9895475e+05  -1.4381405e+05
   1.1500000e+01  -6.1427919e+05  -1.7865812e+04
   1.1600000e+01  -5.9602762e+05   8.5713484e+04
   1.1700000e+01  -5.4547006e+05   1.6107375e+05
   1.1800000e+01  -4.7510756e+05   2.1270470e+05
   1.1900000e+01  -3.9881859e+05   2.5005833e+05
   1.2000000e+01  -3.2154041e+05   2.8092144e+05
   1.2100000e+01  -2.3863036e+05   3.0805794e+05
   1.2200000e+01  -1.4542756e+05   3.2994275e+05
   1.2300000e+01  -4.7289762e+04   3.4406253e+05
   1.2400000e+01   3.9831922e+04   3.5022425e+05
   1.2500000e+01   9.8786234e+04   3.5119016e+05
   1.2600000e+01   1.2219039e+05   3.5009044e+05
   1.2700000e+01   1.1642340e+05   3.4776231e+05
   1.2800000e+01   9.6816023e+04   3.4399066e+05
   1.2900000e+01   7.8199492e+04   3.4203706e+05
   1.3000000e+01   6.6343312e+04   3.5048072e+05
   1.3100000e+01   5.4624523e+04   3.7770934e+05
   1.3200000e+01   2.8559594e+04   4.2264653e+05
   1.3300000e+01  -2.2898395e+04   4.7143644e+05
   1.3400000e+01  -9.6354688e+04   5.0551434e+05
   1.3500000e+01  -1.7286867e+05   5.1494384e+05
   1.3600000e+01  -2.2956964e+05   5.0447369e+05
   1.3700000e+01  -2.5470025e+05   4.8631250e+05
   1.3800000e+01  -2.5226216e+05   4.6688869e+05
   1.3900000e+01  -2.3241495e+05   4.4069541e+05
   1.4000000e+01  -1.9866312e+05   3.9651462e+05
   1.4100000e+01  -1.4577075e+05   3.2863022e+05
   1.4200000e+01  -6.9428086e+04   2.4179208e+05
   1.4300000e+01   2.5050277e+04   1.4669005e+05
   1.4400000e+01   1.2582329e+05   5.2424473e+04
   1.4500000e+01   2.2514444e+05  -3.6587742e+04
   1.4600000e+01   3.2376681e+05  -1.1869367e+05
   1.4700000e+01   4.2345741e+05  -1.9287061e+05
   1.4800000e+01   5.1733384e+05  -2.5943434e+05
   1.4900000e+01   5.9078344e+05  -3.2145397e+05
   1.5000000e+01   6.3245788e+05  -3.8301222e+05
   1.5100000e+01   6.4222150e+05  -4.4415844e+05
   1.5200000e+01   6.2691400e+05  -4.9718638e+05
   1.5300000e+01   5.8968869e+05  -5.2917488e+05
   1.5400000e+01   5.2545550e+05  -5.3035131e+05
   1.5500000e+01   4.2637247e+05  -5.0149750e+05
   1.5600000e+01   2.9011116e+05  -4.5326891e+05
   1.5700000e+01   1.2333211e+05  -3.9781119e+05
   1.5800000e+01  -5.9688246e+04  -3.4128909e+05
   1.5900000e+01  -2.4006397e+05  -2.8503259e+05
   1.6000000e+01  -3.9880631e+05  -2.3268883e+05
   1.6100000e+01  -5.2343259e+05  -1.9294259e+05
   1.6200000e+01  -6.1257962e+05  -1.7259078e+05
   1.6300000e+01  -6.7283306e+05  -1.6760608e+05
   1.6400000e+01  -7.0910269e+05  -1.6400567e+05
   1.6500000e+01  -7.1782469e+05  -1.4942759e+05
   1.6600000e+01  -6.8993394e+05  -1.2336255e+05
   1.6700000e+01  -6.2029606e+05  -9.5276477e+04
   1.6800000e+01  -5.1462622e+05  -7.3788797e+04
   1.6900000e+01  -3.8899794e+05  -5.9190695e+04
   1.7000000e+01  -2.6341950e+05  -4.5633422e+04
   1.7100000e+01  -1.5291972e+05  -2.7621523e+04
   1.7200000e+01  -5.9899754e+04  -2.9297646e+03
   1.7300000e+01   2.6649635e+04   2.8601775e+04
   1.7400000e+01   1.2119218e+05   6.5794984e+04
   1.7500000e+01   2.2668941e+05   1.0520190e+05
   1.7600000e+01   3.2889784e+05   1.4205239e+05
   1.7700000e+01   4.0781366e+05   1.7439775e+05
   1.7800000e+01   4.5590859e+05   2.0609762e+05
   1.7900000e+01   4.8376222e+05   2.4442866e+05
   1.8000000e+01   5.0677628e+05   2.9438794e+05
   1.8100000e+01   5.2757369e+05   3.5523075e+05
   1.8200000e+01   5.3271631e+05   4.2093894e+05
   1.8300000e+01   5.0576147e+05   4.8170859e+05
   1.8400000e+01   4.4222684e+05   5.2508638e+05
   1.8500000e+01   3.5323816e+05   5.3937000e+05
   1.8600000e+01   2.5770617e+05   5.2015309e+05
   1.8700000e+01   1.7117780e+05   4.7459384e+05
   1.8800000e+01   9.8178422e+04   4.1724491e+05
   1.8900000e+01   3.1384691e+04   3.5972594e+05
   1.9000000e+01  -4.1067680e+04   3.0410541e+05
   1.9100000e+01  -1.2353577e+05   2.4594416e+05
   1.9200000e+01  -2.0589338e+05   1.8184575e+05
   1.9300000e+01  -2.6987088e+05   1.1230607e+05
   1.9400000e+01  -3.0427162e+05   3.8519719e+04
   1.9500000e+01  -3.1403316e+05  -3.9639777e+04
   1.9600000e+01  -3.1373856e+05  -1.1979233e+05
   1.9700000e+01  -3.1265453e+05  -1.9256623e+05
   1.9800000e+01  -3.0639584e+05  -2.4472448e+05
   1.9900000e+01  -2.8177753e+05  -2.6926238e+05
   2.0000000e+01  -2.2842091e+05  -2.7203191e+05
   2.0100000e+01  -1.4735084e+05  -2.6689138e+05
   2.0200000e+01  -5.2179820e+04  -2.6402712e+05
   2.0300000e+01   3.6793031e+04  -2.6371069e+05
   2.0400000e+01   1.0325799e+05  -2.6099369e+05
   2.0500000e+01   1.4465597e+05  -2.5416081e+05
   2.0600000e+01   1.7252653e+05  -2.4671512e+05
   2.0700000e+01   2.0034673e+05  -2.4217131e+05
   2.0800000e+01   2.2819906e+05  -2.4003350e+05
   2.0900000e+01   2.3929894e+05  -2.3849203e+05
   2.1000000e+01   2.1309864e+05  -2.3943659e+05
   2.1100000e+01   1.4309286e+05  -2.4817122e+05
   2.1200000e+01   4.2955539e+04  -2.6756231e+05
   2.1300000e+01  -6.3379875e+04  -2.9369719e+05
   2.1400000e+01  -1.5753784e+05  -3.1792309e+05
   2.1500000e+01  -2.3541252e+05  -3.3241219e+05
   2.1600000e+01  -3.0398212e+05  -3.3362678e+05
   2.1700000e+01  -3.7055769e+05  -3.2228650e+05
   2.1800000e+01  -4.3274525e+05  -3.0231859e+05
   2.1900000e+01  -4.7655894e+05  -2.8003650e+05
   2.2000000e+01  -4.8512741e+05  -2.6216378e+05
   2.2100000e+01  -4.5189725e+05  -2.5210433e+05
   2.2200000e+01  -3.8628944e+05  -2.4667264e+05
   2.2300000e+01  -3.0499994e+05  -2.3618102e+05
   2.2400000e+01  -2.1677081e+05  -2.0874106e+05
   2.2500000e+01  -1.1701812e+05  -1.5713244e+05
   2.2600000e+01   1.0234172e+03  -8.4556656e+04
   2.2700000e+01   1.3102175e+05  -4.5173521e+03
   2.2800000e+01   2.5242806e+05   6.7465438e+04
   2.2900000e+01   3.4615503e+05   1.2555925e+05
   2.3000000e+01   4.1024881e+05   1.7840936e+05
   2.3100000e+01   4.5856538e+05   2.4093356e+05
   2.3200000e+01   5.0450650e+05   3.1960541e+05
   2.3300000e+01   5.4751525e+05   4.0534112e+05
   2.3400000e+01   5.7516938e+05   4.8087588e+05
   2.3500000e+01   5.7609575e+05   5.3449769e+05
   2.3600000e+01   5.4933950e+05   5.6610275e+05
   2.3700000e+01   5.0265997e+05   5.8117494e+05
   2.3800000e+01   4.4465541e+05   5.8163662e+05
   2.3900000e+01   3.7958006e+05   5.6430562e+05
   2.4000000e+01   3.0787691e+05   5.2737156e+05
   2.4100000e+01   2.2890844e+05   4.7616144e+05
   2.4200000e+01   1.4195369e+05   4.2145681e+05
   2.4300000e+01   4.5579586e+04   3.7247688e+05
   2.4400000e+01  -6.1772258e+04   3.3137894e+05
   2.4500000e+01  -1.7874292e+05   2.9300366e+05
   2.4600000e+01  -2.9822031e+05   2.4852264e+05
   2.4700000e+01  -4.0883938e+05   1.9037500e+05
   2.4800000e+01  -5.0116788e+05   1.1692516e+05
   2.4900000e+01  -5.7299488e+05   3.4809785e+04
   2.5000000e+01  -6.2722888e+05  -4.3802727e+04
   2.5100000e+01  -6.6321575e+05  -1.0871641e+05
   2.5200000e+01  -6.7094575e+05  -1.5821589e+05
   2.5300000e+01  -6.3679125e+05  -1.9827500e+05
   2.5400000e+01  -5.5755906e+05  -2.3513772e+05
   2.5500000e+01  -4.4892722e+05  -2.6884425e+05
   2.5600000e+01  -3.3772631e+05  -2.9360394e+05
   2.5700000e+01  -2.4306691e+05  -3.0298953e+05
   2.5800000e+01  -1.6295412e+05  -2.9386566e+05
   2.5900000e+01  -7.8462805e+04  -2.6672184e+05
   2.6000000e+01   2.8353482e+04  -2.2482722e+05
   2.6100000e+01   1.5800180e+05  -1.7388647e+05
   2.6200000e+01   2.9096012e+05  -1.2065847e+05
   2.6300000e+01   3.9931200e+05  -6.9776219e+04
   2.6400000e+01   4.6301666e+05  -2.1821469e+04
   2.6500000e+01   4.7986569e+05   2.4245377e+04
   2.6600000e+01   4.6383862e+05   6.6391453e+04
   2.6700000e+01   4.3420388e+05   9.8145406e+04
   2.6800000e+01   4.0302159e+05   1.1251977e+05
   2.6900000e+01   3.6926012e+05   1.0668306e+05
   2.7000000e+01   3.2318628e+05   8.1886836e+04
   2.7100000e+01   2.5752520e+05   3.9077895e+04
   2.7200000e+01   1.7672348e+05  -2.3892928e+04
   2.7300000e+01   9.6521602e+04  -1.0919495e+05
   2.7400000e+01   3.3301918e+04  -2.1262331e+05
   2.7500000e+01  -8.3362969e+03  -3.2064253e+05
   2.7600000e+01  -3.8411598e+04  -4.1472422e+05
   2.7700000e+01  -7.1149938e+04  -4.8012128e+05
   2.7800000e+01  -1.1059412e+05  -5.1261738e+05
   2.7900000e+01  -1.4654430e+05  -5.1899031e+05
   2.8000000e+01  -1.6512673e+05  -5.1159991e+05
   2.8100000e+01  -1.6266425e+05  -5.0030141e+05
   2.8200000e+01  -1.4804522e+05  -4.8541259e+05
   2.8300000e+01  -1.3217948e+05  -4.5558078e+05
   2.8400000e+01  -1.1767299e+05  -3.9348597e+05
   2.8500000e+01  -1.0012216e+05  -2.8783494e+05
   2.8600000e+01  -7.7466477e+04  -1.4370278e+05
   2.8700000e+01  -5.4898031e+04   1.7932516e+04
   2.8800000e+01  -4.0064746e+04   1.7245597e+05
   2.8900000e+01  -3.5547898e+04   3.0563828e+05
   2.9000000e+01  -3.7078953e+04   4.1726112e+05
   2.9100000e+01  -3.7357703e+04   5.1220566e+05
   2.9200000e+01  -3.0086227e+04   5.8881731e+05
   2.9300000e+01  -1.2453451e+04   6.3597862e+05
   2.9400000e+01   1.2003069e+04   6.4096925e+05
   2.9500000e+01   3.1696279e+04   6.0028288e+05
   2.9600000e+01   3.1921416e+04   5.2408881e+05
   2.9700000e+01   6.4624146e+03   4.3122206e+05
   2.9800000e+01  -3.4425133e+04   3.3882109e+05
   2.9900000e+01  -7.0162312e+04   2.5410567e+05
   3.0000000e+01  -8.6642125e+04   1.7416181e+05
   3.0100000e+01  -8.7394008e+04   9.3832789e+04
   3.0200000e+01  -8.7530656e+04   1.5051896e+04
   3.0300000e+01  -9.6745758e+04  -5.1105535e+04
   3.0400000e+01  -1.0843362e+05  -9.2162625e+04
   3.0500000e+01  -1.0453055e+05  -1.0454909e+05
   3.0600000e+01  -7.0066117e+04  -9.6220203e+04
   3.0700000e+01  -4.5719761e+03  -7.9133898e+04
   3.0800000e+01   7.6860367e+04  -5.9576562e+04
   3.0900000e+01   1.5155820e+05  -3.5928512e+04
   3.1000000e+01   2.0115734e+05  -4.9921890e+03
   3.1100000e+01   2.2153661e+05   3.0545354e+04
   3.1200000e+01   2.2454759e+05   6.0815125e+04
   3.1300000e+01   2.2831223e+05   7.3983438e+04
   3.1400000e+01   2.4158456e+05   6.2800945e+04
   3.1500000e+01   2.5518773e+05   2.7670590e+04
   3.1600000e+01   2.4952853e+05  -2.4715973e+04
   3.1700000e+01   2.1246939e+05  -8.5109383e+04
   3.1800000e+01   1.5093448e+05  -1.4525056e+05
   3.1900000e+01   8.5097250e+04  -1.9980250e+05
   3.2000000e+01   3.0987531e+04  -2.4646105e+05
   3.2100000e+01  -1.1781717e+04  -2.8463281e+05
   3.2200000e+01  -5.6535629e+04  -3.1333972e+05
   3.2300000e+01  -1.1526002e+05  -3.2973709e+05
   3.2400000e+01  -1.8729794e+05  -3.3021719e+05
   3.2500000e+01  -2.5959808e+05  -3.1450169e+05
   3.2600000e+01  -3.1557409e+05  -2.8939822e+05
   3.2700000e+01  -3.4381288e+05  -2.6711572e+05
   3.2800000e+01  -3.4115438e+05  -2.5711533e+05
   3.2900000e+01  -3.1089319e+05  -2.5760691e+05
   3.3000000e+01  -2.5944898e+05  -2.5485327e+05
   3.3100000e+01  -1.9358536e+05  -2.3183012e+05
   3.3200000e+01  -1.1881963e+05  -1.7902977e+05
   3.3300000e+01  -3.9574586e+04  -9.8755266e+04
   3.3400000e+01   3.8796570e+04  -1.1919749e+03
   3.3500000e+01   1.0780419e+05   1.0231720e+05
   3.3600000e+01   1.5640669e+05   2.0311369e+05
   3.3700000e+01   1.7563441e+05   2.9539084e+05
   3.3800000e+01   1.6448798e+05   3.7517691e+05
   3.3900000e+01   1.3190589e+05   4.3956469e+05
   3.4000000e+01   9.1994383e+04   4.8576088e+05
   3.4100000e+01   5.5608605e+04   5.1038534e+05
   3.4200000e+01   2.5268180e+04   5.1106591e+05
   3.4300000e+01  -2.3807720e+03   4.9045438e+05
   3.4400000e+01  -2.9767904e+04   4.5823553e+05
   3.4500000e+01  -5.4763527e+04   4.2615344e+05
   3.4600000e+01  -7.3665734e+04   3.9804538e+05
   3.4700000e+01  -8.6310383e+04   3.6462041e+05
   3.4800000e+01  -9.6522992e+04   3.1069112e+05
   3.4900000e+01  -1.0730230e+05   2.3024895e+05
   3.5000000e+01  -1.1669514e+05   1.3504188e+05
   3.5100000e+01  -1.1891464e+05   4.7206211e+04
   3.5200000e+01  -1.0847269e+05  -1.7876830e+04
   3.5300000e+01  -8.2573219e+04  -6.2432105e+04
   3.5400000e+01  -4.1369145e+04  -1.0103595e+05
   3.5500000e+01   1.0939766e+04  -1.4502494e+05
   3.5600000e+01   6.4588680e+04  -1.9151508e+05
   3.5700000e+01   1.0703222e+05  -2.2666006e+05
   3.5800000e+01   1.3118988e+05  -2.3907909e+05
   3.5900000e+01   1.4183280e+05  -2.3028588e+05
   3.6000000e+01   1.5177633e+05  -2.1243566e+05
   3.6100000e+01   1.6998611e+05  -1.9627091e+05
   3.6200000e+01   1.9354534e+05  -1.8176875e+05
   3.6300000e+01   2.1169625e+05  -1.6098928e+05
   3.6400000e+01   2.1680359e+05  -1.2977891e+05
   3.6500000e+01   2.1030111e+05  -9.5834789e+04
   3.6600000e+01   1.9886512e+05  -7.4936984e+04
   3.6700000e+01   1.8709992e+05  -7.9520609e+04
   3.6800000e+01   1.7477239e+05  -1.1024983e+05
   3.6900000e+01   1.5945764e+05  -1.5631069e+05
   3.7000000e+01   1.3995853e+05  -2.0180300e+05
   3.7100000e+01   1.1743992e+05  -2.3318259e+05
   3.7200000e+01   9.4961555e+04  -2.4523594e+05
   3.7300000e+01   7.6449070e+04  -2.4401331e+05
   3.7400000e+01   6.4696453e+04  -2.4380722e+05
   3.7500000e+01   5.8792242e+04  -2.5726145e+05
   3.7600000e+01   5.3432852e+04  -2.8426106e+05
   3.7700000e+01   4.1797359e+04  -3.0917319e+05
   3.7800000e+01   1.9973012e+04  -3.1065597e+05
   3.7900000e+01  -1.1080434e+04  -2.7729897e+05
   3.8000000e+01  -4.7705641e+04  -2.1652062e+05
   3.8100000e+01  -8.7561422e+04  -1.4946605e+05
   3.8200000e+01  -1.3168030e+05  -9.6312805e+04
   3.8300000e+01  -1.8277644e+05  -6.3932102e+04
   3.8400000e+01  -2.4144633e+05  -4.5036352e+04
   3.8500000e+01  -3.0398062e+05  -2.7843342e+04
   3.8600000e+01  -3.6421878e+05  -6.9471577e+03
   3.8700000e+01  -4.1769041e+05   1.3646279e+04
   3.8800000e+01  -4.6324078e+05   2.6643279e+04
   3.8900000e+01  -4.9975147e+05   3.0296746e+04
   3.9000000e+01  -5.2177506e+05   3.2025199e+04
   3.9100000e+01  -5.2032938e+05   4.3871164e+04
   3.9200000e+01  -4.8947400e+05   7.3587328e+04
   3.9300000e+01  -4.3178212e+05   1.1863474e+05
   3.9400000e+01  -3.5619788e+05   1.6822117e+05
   3.9500000e+01  -2.7040891e+05   2.1189842e+05
   3.9600000e+01  -1.7622808e+05   2.4723912e+05
   3.9700000e+01  -7.2577195e+04   2.7976472e+05
   3.9800000e+01   3.8425527e+04   3.1591975e+05
   3.9900000e+01   1.4971250e+05   3.5669825e+05
   4.0000000e+01   2.5311473e+05   3.9765719e+05
   4.0100000e+01   3.4330100e+05   4.3301869e+05
   4.0200000e+01   4.1721859e+05   4.5784009e+05
   4.0300000e+01   4.7098153e+05   4.6730753e+05
   4.0400000e+01   4.9961050e+05   4.5788472e+05
   4.0500000e+01   5.0125131e+05   4.3203356e+05
   4.0600000e+01   4.8126141e+05   4.0034338e+05
   4.0700000e+01   4.5036400e+05   3.7469456e+05
   4.0800000e+01   4.1685438e+05   3.5649406e+05
   4.0900000e+01   3.7983119e+05   3.3243691e+05
   4.1000000e+01   3.3078384e+05   2.8455056e+05
   4.1100000e+01   2.6302675e+05   2.0651059e+05
   4.1200000e+01   1.8005602e+05   1.1098933e+05
   4.1300000e+01   9.4580281e+04   2.1106822e+04
   4.1400000e+01   1.9888209e+04  -4.6378430e+04
   4.1500000e+01  -3.6876445e+04  -9.2069953e+04
   4.1600000e+01  -7.3693234e+04  -1.3112091e+05
   4.1700000e+01  -8.9471852e+04  -1.8004319e+05
   4.1800000e+01  -8.4363844e+04  -2.4397503e+05
   4.1900000e+01  -6.3946910e+04  -3.1394088e+05
   4.2000000e+01  -3.9151457e+04  -3.7507859e+05
   4.2100000e+01  -1.8718875e+04  -4.1770409e+05
   4.2200000e+01  -2.1278237e+03  -4.4152666e+05
   4.2300000e+01   1.7739439e+04  -4.5104844e+05
   4.2400000e+01   4.4358848e+04  -4.4903284e+05
   4.2500000e+01   7.1230531e+04  -4.3521684e+05
   4.2600000e+01   8.6008188e+04  -4.0981250e+05
   4.2700000e+01   7.9698305e+04  -3.7591994e+05
   4.2800000e+01   5.1879875e+04  -3.3778412e+05
   4.2900000e+01   9.6516328e+03  -2.9757947e+05
   4.3000000e+01  -3.6253332e+04  -2.5429720e+05
   4.3100000e+01  -7.6155539e+04  -2.0498017e+05
   4.3200000e+01  -1.0677605e+05  -1.4688748e+05
   4.3300000e+01  -1.3394248e+05  -8.0135234e+04
   4.3400000e+01  -1.6767181e+05  -1.0013798e+04
   4.3500000e+01  -2.1162700e+05   5.3645367e+04
   4.3600000e+01  -2.5751672e+05   1.0132212e+05
   4.3700000e+01  -2.9166338e+05   1.2925591e+05
   4.3800000e+01  -3.0706494e+05   1.4018264e+05
   4.3900000e+01  -3.0741850e+05   1.3919159e+05
   4.4000000e+01  -2.9963341e+05   1.2999349e+05
   4.4100000e+01  -2.8539612e+05   1.1504552e+05
   4.4200000e+01  -2.6186344e+05   9.6877516e+04
   4.4300000e+01  -2.2827952e+05   7.6883859e+04
   4.4400000e+01  -1.8815873e+05   5.3125340e+04
   4.4500000e+01  -1.4458394e+05   2.1736068e+04
   4.4600000e+01  -9.6397352e+04  -1.7852006e+04
   4.4700000e+01  -4.0957379e+04  -5.9345457e+04
   4.4800000e+01   2.0867551e+04  -9.1925078e+04
   4.4900000e+01   8.4429320e+04  -1.0614253e+05
   4.5000000e+01   1.4506444e+05  -9.7782117e+04
   4.5100000e+01   1.9966667e+05  -6.7617977e+04
   4.5200000e+01   2.4431108e+05  -1.9729229e+04
   4.5300000e+01   2.7287250e+05   3.9039801e+04
   4.5400000e+01   2.8022153e+05   9.9467359e+04
   4.5500000e+01   2.6677250e+05   1.5252780e+05
   4.5600000e+01   2.3912536e+05   1.9353038e+05
   4.5700000e+01   2.0641102e+05   2.2393039e+05
   4.5800000e+01   1.7603278e+05   2.4815005e+05
   4.5900000e+01   1.5106503e+05   2.6791688e+05
   4.6000000e+01   1.2895102e+05   2.7987409e+05
   4.6100000e+01   1.0198609e+05   2.7903281e+05
   4.6200000e+01   6.1553816e+04   2.6396041e+05
   4.6300000e+01   5.3485615e+03   2.3739748e+05
   4.6400000e+01  -5.7921680e+04   2.0163839e+05
   4.6500000e+01  -1.1166415e+05   1.5497934e+05
   4.6600000e+01  -1.4115564e+05   9.4715617e+04
   4.6700000e+01  -1.4268461e+05   2.3833502e+04
   4.6800000e+01  -1.2556716e+05  -4.7000562e+04
   4.6900000e+01  -1.0634212e+05  -1.0586982e+05
   4.7000000e+01  -9.9275227e+04  -1.4853223e+05
   4.7100000e+01  -1.0837741e+05  -1.8076567e+05
   4.7200000e+01  -1.2509769e+05  -2.1178573e+05
   4.7300000e+01  -1.3376238e+05  -2.4502733e+05
   4.7400000e+01  -1.2267784e+05  -2.7434625e+05
   4.7500000e+01  -9.3744703e+04  -2.8828703e+05
   4.7600000e+01  -6.2547078e+04  -2.7851369e+05
   4.7700000e+01  -4.7446129e+04  -2.4579172e+05
   4.7800000e+01  -5.5581297e+04  -1.9906745e+05
   4.7900000e+01  -7.6893062e+04  -1.4861416e+05
   4.8000000e+01  -9.0933766e+04  -9.9228969e+04
   4.8100000e+01  -8.1254203e+04  -4.9459285e+04
   4.8200000e+01  -4.6934520e+04   3.1258828e+03
   4.8300000e+01  -3.2370581e+03   5.6747656e+04
   4.8400000e+01   2.9397611e+04   1.0574766e+05
   4.8500000e+01   4.0842066e+04   1.4505962e+05
   4.8600000e+01   3.9721219e+04   1.7292112e+05
   4.8700000e+01   4.6984246e+04   1.8914364e+05
   4.8800000e+01   7.8616188e+04   1.9248414e+05
   4.8900000e+01   1.3214556e+05   1.8143886e+05
   4.9000000e+01   1.8918677e+05   1.5747775e+05
   4.9100000e+01   2.3101933e+05   1.2605209e+05
   4.9200000e+01   2.5174902e+05   9.3719461e+04
   4.9300000e+01   2.5774120e+05   6.4890164e+04
   4.9400000e+01   2.5743398e+05   4.1660398e+04
   4.9500000e+01   2.5406009e+05   2.5413719e+04
   4.9600000e+01   2.4700472e+05   1.6696514e+04
   4.9700000e+01   2.3638819e+05   1.3533180e+04
   4.9800000e+01   2.2396539e+05   1.1984699e+04
   4.9900000e+01   2.1071653e+05   1.0146166e+04
   5.0000000e+01   1.9589395e+05   1.1092103e+04
   5.0100000e+01   1.7874062e+05   2.0093215e+04
   5.0200000e+01   1.5950322e+05   3.8162793e+04
   5.0300000e+01   1.3770686e+05   5.9048395e+04
   5.0400000e+01   1.1022604e+05   7.3211906e+04
   5.0500000e+01   7.2475984e+04   7.4550492e+04
   5.0600000e+01   2.2102863e+04   6.3327523e+04
   5.0700000e+01  -3.8634309e+04   4.3948555e+04
   5.0800000e+01  -1.0417534e+05   2.1323402e+04
   5.0900000e+01  -1.6917031e+05  -1.1578734e+03
   5.1000000e+01  -2.3079145e+05  -2.2410008e+04
   5.1100000e+01  -2.8807969e+05  -4.3984047e+04
   5.1200000e+01  -3.3961247e+05  -6.8748812e+04
   5.1300000e+01  -3.8219378e+05  -9.7248578e+04
   5.1400000e+01  -4.1190659e+05  -1.2458298e+05
   5.1500000e+01  -4.2637334e+05  -1.4191366e+05
   5.1600000e+01  -4.2609225e+05  -1.4267602e+05
   5.1700000e+01  -4.1395019e+05  -1.2840867e+05
   5.1800000e+01  -3.9357781e+05  -1.0882820e+05
   5.1900000e+01  -3.6750578e+05  -9.5762578e+04
   5.2000000e+01  -3.3582175e+05  -9.5698703e+04
   5.2100000e+01  -2.9631903e+05  -1.0650152e+05
   5.2200000e+01  -2.4693169e+05  -1.2031245e+05
   5.2300000e+01  -1.8923202e+05  -1.2988003e+05
   5.2400000e+01  -1.2966202e+05  -1.3310338e+05
   5.2500000e+01  -7.6350867e+04  -1.3225559e+05
   5.2600000e+01  -3.3571566e+04  -1.2914336e+05
   5.2700000e+01   1.4830122e+03  -1.2132575e+05
   5.2800000e+01   3.6929270e+04  -1.0353757e+05
   5.2900000e+01   8.0885281e+04  -7.3155625e+04
   5.3000000e+01   1.3613998e+05  -3.4169789e+04
   5.3100000e+01   1.9772288e+05   4.5877944e+03
   5.3200000e+01   2.5497362e+05   3.5426113e+04
   5.3300000e+01   2.9777512e+05   5.6296402e+04
   5.3400000e+01   3.2326878e+05   6.9936203e+04
   5.3500000e+01   3.3723050e+05   7.9414023e+04
   5.3600000e+01   3.4776550e+05   8.5080797e+04
   5.3700000e+01   3.5680691e+05   8.5520922e+04
   5.3800000e+01   3.5850769e+05   8.0239367e+04
   5.3900000e+01   3.4706606e+05   7.0306570e+04
   5.4000000e+01   3.2571281e+05   5.6458234e+04
   5.4100000e+01   3.0607434e+05   3.7799078e+04
   5.4200000e+01   2.9708834e+05   1.3590647e+04
   5.4300000e+01   2.9468850e+05  -1.3521413e+04
   5.4400000e+01   2.8385988e+05  -3.6894758e+04
   5.4500000e+01   2.5212922e+05  -4.9497727e+04
   5.4600000e+01   2.0129245e+05  -4.8614641e+04
   5.4700000e+01   1.4551295e+05  -3.6822266e+04
   5.4800000e+01   9.7752812e+04  -1.7982166e+04
   5.4900000e+01   5.8290766e+04   7.5045308e+03
   5.5000000e+01   1.6446775e+04   4.2462234e+04
   5.5100000e+01  -3.7267738e+04   8.7128406e+04
   5.5200000e+01  -1.0137937e+05   1.3420481e+05
   5.5300000e+01  -1.6484009e+05   1.7183861e+05
   5.5400000e+01  -2.1609273e+05   1.9333473e+05
   5.5500000e+01  -2.5001447e+05   2.0369244e+05
   5.5600000e+01  -2.6809416e+05   2.1490267e+05
   5.5700000e+01  -2.7536222e+05   2.3376586e+05
   5.5800000e+01  -2.7852106e+05   2.5446481e+05
   5.5900000e+01  -2.8458347e+05   2.6305122e+05
   5.6000000e+01  -2.9740706e+05   2.4849025e+05
   5.6100000e+01  -3.1399931e+05   2.0962839e+05
   5.6200000e+01  -3.2584066e+05   1.5392169e+05
   5.6300000e+01  -3.2600478e+05   9.2067195e+04
   5.6400000e+01  -3.1537794e+05   3.3368582e+04
   5.6500000e+01  -3.0119703e+05  -1.7441965e+04
   5.6600000e+01  -2.8958772e+05  -6.2104375e+04
   5.6700000e+01  -2.8035350e+05  -1.0724688e+05
   5.6800000e+01  -2.6876644e+05  -1.5810073e+05
   5.6900000e+01  -2.5053520e+05  -2.1180784e+05
   5.7000000e+01  -2.2350666e+05  -2.5711270e+05
   5.7100000e+01  -1.8539686e+05  -2.8169794e+05
   5.7200000e+01  -1.3248358e+05  -2.8070916e+05
   5.7300000e+01  -6.2566820e+04  -2.5929519e+05
   5.7400000e+01   2.0494520e+04  -2.2841111e+05
   5.7500000e+01   1.0599133e+05  -1.9843123e+05
   5.7600000e+01   1.8126489e+05  -1.7448828e+05
   5.7700000e+01   2.3896238e+05  -1.5476775e+05
   5.7800000e+01   2.8106988e+05  -1.3265122e+05
   5.7900000e+01   3.1640944e+05  -1.0320009e+05
   5.8000000e+01   3.5326622e+05  -7.0288055e+04
   5.8100000e+01   3.9285878e+05  -4.6841219e+04
   5.8200000e+01   4.2884334e+05  -4.5057328e+04
   5.8300000e+01   4.5277175e+05  -6.4519445e+04
   5.8400000e+01   4.6017453e+05  -9.0748859e+04
   5.8500000e+01   4.5208578e+05  -1.0682754e+05
   5.8600000e+01   4.3191291e+05  -1.0621620e+05
   5.8700000e+01   4.0174747e+05  -9.3402797e+04
   5.8800000e+01   3.6143306e+05  -7.3155633e+04
   5.8900000e+01   3.1006728e+05  -4.2074711e+04
   5.9000000e+01   2.4769406e+05   7.5816646e+03
   5.9100000e+01   1.7600427e+05   7.6938227e+04
   5.9200000e+01   9.8501469e+04   1.5556966e+05
   5.9300000e+01   2.0636078e+04   2.2812502e+05
   5.9400000e+01  -5.0805047e+04   2.8508666e+05
   5.9500000e+01  -1.1024936e+05   3.2678453e+05
   5.9600000e+01  -1.5726444e+05   3.5809759e+05
   5.9700000e+01  -1.9833594e+05   3.8092647e+05
   5.9800000e+01  -2.4263761e+05   3.9245612e+05
   5.9900000e+01  -2.9295459e+05   3.8970294e+05
   6.0000000e+01  -3.3964184e+05   3.7366088e+05
   6.0100000e+01  -3.6545281e+05   3.4743284e+05
   6.0200000e+01  -3.5926428e+05   3.1076975e+05
   6.0300000e+01  -3.2638956e+05   2.5881377e+05
   6.0400000e+01  -2.8501025e+05   1.8813309e+05
   6.0500000e+01  -2.5208633e+05   1.0328662e+05
   6.0600000e+01  -2.3275053e+05   1.4971847e+04
   6.0700000e+01  -2.2219302e+05  -6.9332578e+04
   6.0800000e+01  -2.1465853e+05  -1.5111003e+05
   6.0900000e+01  -2.0792523e+05  -2.3507805e+05
   6.1000000e+01  -2.0012945e+05  -3.1806197e+05
   6.1100000e+01  -1.8665984e+05  -3.8598875e+05
   6.1200000e+01  -1.6354853e+05  -4.2380156e+05
   6.1300000e+01  -1.3301572e+05  -4.2852362e+05
   6.1400000e+01  -1.0236504e+05  -4.1226544e+05
   6.1500000e+01  -7.6136617e+04  -3.9259800e+05
   6.1600000e+01  -5.1358844e+04  -3.7961619e+05
   6.1700000e+01  -2.2465346e+04  -3.7044222e+05
   6.1800000e+01   1.0491970e+04  -3.5400456e+05
   6.1900000e+01   4.1699512e+04  -3.2065734e+05
   6.2000000e+01   6.8234719e+04  -2.6890244e+05
   6.2100000e+01   9.5627039e+04  -2.0511422e+05
   6.2200000e+01   1.3133747e+05  -1.3818095e+05
   6.2300000e+01   1.7303417e+05  -7.4670609e+04
   6.2400000e+01   2.0699159e+05  -1.8286379e+04
   6.2500000e+01   2.2098039e+05   2.8187209e+04
   6.2600000e+01   2.1820647e+05   6.2998473e+04
   6.2700000e+01   2.1606855e+05   8.8338523e+04
   6.2800000e+01   2.2981512e+05   1.1133516e+05
   6.2900000e+01   2.5792916e+05   1.3936583e+05
   6.3000000e+01   2.8418553e+05   1.7315833e+05
   6.3100000e+01   2.9334947e+05   2.0543995e+05
   6.3200000e+01   2.8370234e+05   2.2778973e+05
   6.3300000e+01   2.6452162e+05   2.3916172e+05
   6.3400000e+01   2.4348847e+05   2.4710031e+05
   6.3500000e+01   2.1862666e+05   2.6005920e+05
   6.3600000e+01   1.8230212e+05   2.7839309e+05
   6.3700000e+01   1.3080346e+05   2.9289594e+05
   6.3800000e+01   6.8409180e+04   2.9224788e+05
   6.3900000e+01   3.2544656e+03   2.7218706e+05
   6.4000000e+01  -5.8174062e+04   2.3788041e+05
   6.4100000e+01  -1.1186372e+05   1.9786353e+05
   6.4200000e+01  -1.5430405e+05   1.5621533e+05
   6.4300000e+01  -1.8285311e+05   1.1094209e+05
   6.4400000e+01  -1.9842284e+05   5.9401406e+04
   6.4500000e+01  -2.0565725e+05   3.7464897e+03
   6.4600000e+01  -2.0895567e+05  -5.0082004e+04
   6.4700000e+01  -2.0899548e+05  -9.7902961e+04
   6.4800000e+01  -2.0404195e+05  -1.3971897e+05
   6.4900000e+01  -1.9358212e+05  -1.7584900e+05
   6.5000000e+01  -1.7886667e+05  -2.0255608e+05
   6.5100000e+01  -1.6039253e+05  -2.1413847e+05
   6.5200000e+01  -1.3772067e+05  -2.0971836e+05
   6.5300000e+01  -1.1331620e+05  -1.9589566e+05
   6.5400000e+01  -9.4313195e+04  -1.8096106e+05
   6.5500000e+01  -8.6923898e+04  -1.6695909e+05
   6.5600000e+01  -8.8584852e+04  -1.4873053e+05
   6.5700000e+01  -8.8480766e+04  -1.2057333e+05
   6.5800000e+01  -7.7968984e+04  -8.2478383e+04
   6.5900000e+01  -5.9197816e+04  -3.9521188e+04
   6.6000000e+01  -4.1194902e+04   3.3341343e+03
   6.6100000e+01  -2.8279947e+04   4.4191020e+04
   6.6200000e+01  -1.5748871e+04   8.2067016e+04
   6.6300000e+01   1.7249070e+03   1.1328902e+05
   6.6400000e+01   2.0654117e+04   1.3176417e+05
   6.6500000e+01   3.1709537e+04   1.3412002e+05
   6.6600000e+01   3.2016846e+04   1.2481473e+05
   6.6700000e+01   3.0710248e+04   1.1454916e+05
   6.6800000e+01   3.9781250e+04   1.1080830e+05
   6.6900000e+01   6.0991891e+04   1.0866862e+05
   6.7000000e+01   8.4449016e+04   9.3049320e+04
   6.7100000e+01   9.9563672e+04   5.3488348e+04
   6.7200000e+01   1.0451430e+05  -2.5019387e+03
   6.7300000e+01   1.0422888e+05  -5.3237445e+04
   6.7400000e+01   1.0222445e+05  -8.2232641e+04
   6.7500000e+01   9.7618055e+04  -9.3176180e+04
   6.7600000e+01   8.9336492e+04  -1.0381970e+05
   6.7700000e+01   7.9662383e+04  -1.2513565e+05
   6.7800000e+01   7.1732266e+04  -1.4848202e+05
   6.7900000e+01   6.4947492e+04  -1.5409627e+05
   6.8000000e+01   5.4946293e+04  -1.3060624e+05
   6.8100000e+01   3.8513309e+04  -8.4733344e+04
   6.8200000e+01   1.8093350e+04  -3.3041715e+04
   6.8300000e+01   1.7442549e+03   1.3256383e+04
   6.8400000e+01  -1.2189395e+03   5.4824520e+04
   6.8500000e+01   1.3808951e+04   9.8190320e+04
   6.8600000e+01   4.2488980e+04   1.4612402e+05
   6.8700000e+01   7.2545367e+04   1.9435783e+05
   6.8800000e+01   9.1099070e+04   2.3578988e+05
   6.8900000e+01   9.3696195e+04   2.6572566e+05
   6.9000000e+01   8.7066102e+04   2.8260678e+05
   6.9100000e+01   8.2414836e+04   2.8525919e+05
   6.9200000e+01   8.5222969e+04   2.7168072e+05
   6.9300000e+01   9.0908766e+04   2.4137716e+05
   6.9400000e+01   8.9525188e+04   1.9754717e+05
   6.9500000e+01   7.4168461e+04   1.4485100e+05
   6.9600000e+01   4.5760672e+04   8.4494055e+04
   6.9700000e+01   1.1516001e+04   1.3238007e+04
   6.9800000e+01  -2.0479133e+04  -7.0730203e+04
   6.9900000e+01  -4.6418746e+04  -1.6102762e+05
   7.0000000e+01  -6.8361586e+04  -2.4412677e+05
   7.0100000e+01  -9.1099242e+04  -3.0868806e+05
   7.0200000e+01  -1.1656478e+05  -3.5352541e+05
   7.0300000e+01  -1.4089261e+05  -3.8536100e+05
   7.0400000e+01  -1.5776559e+05  -4.0908350e+05
   7.0500000e+01  -1.6541295e+05  -4.2168866e+05
   7.0600000e+01  -1.6958612e+05  -4.1609738e+05
   7.0700000e+01  -1.7782841e+05  -3.8909797e+05
   7.0800000e+01  -1.8983752e+05  -3.4376444e+05
   7.0900000e+01  -1.9451567e+05  -2.8496397e+05
   7.1000000e+01  -1.7859695e+05  -2.1538878e+05
   7.1100000e+01  -1.3935384e+05  -1.3750520e+05
   7.1200000e+01  -8.8470914e+04  -5.7725363e+04
   7.1300000e+01  -4.2854992e+04   1.4088988e+04
   7.1400000e+01  -1.1912396e+04   7.0100508e+04
   7.1500000e+01   6.0635059e+03   1.0866338e+05
   7.1600000e+01   1.6909029e+04   1.3311909e+05
   7.1700000e+01   2.3277512e+04   1.4799662e+05
   7.1800000e+01   2.5338273e+04   1.5693078e+05
   7.1900000e+01   2.5647326e+04   1.6207462e+05
   7.2000000e+01   2.8773328e+04   1.6266119e+05
   7.2100000e+01   3.5015309e+04   1.5425134e+05
   7.2200000e+01   3.8081980e+04   1.3264333e+05
   7.2300000e+01   3.2806793e+04   1.0097637e+05
   7.2400000e+01   2.4355455e+04   7.1649391e+04
   7.2500000e+01   2.5271916e+04   5.7861961e+04
   7.2600000e+01   4.0795871e+04   6.1799195e+04
   7.2700000e+01   5.9606070e+04   7.2566078e+04
   7.2800000e+01   6.3490348e+04   7.7215758e+04
   7.2900000e+01   4.7190938e+04   7.3057508e+04
   7.3000000e+01   2.5805439e+04   6.7746797e+04
   7.3100000e+01   2.0163473e+04   6.8298031e+04
   7.3200000e+01   3.5869672e+04   7.3175078e+04
   7.3300000e+01   5.8805898e+04   7.6715375e+04
   7.3400000e+01   7.0666461e+04   7.8791438e+04
   7.3500000e+01   6.6246891e+04   8.5984062e+04
   7.3600000e+01   5.4891633e+04   1.0218074e+05
   7.3700000e+01   4.8129375e+04   1.2109988e+05
   7.3800000e+01   4.9194234e+04   1.3148994e+05
   7.3900000e+01   5.3910797e+04   1.2968715e+05
   7.4000000e+01   5.7803484e+04   1.2453368e+05
   7.4100000e+01   5.9763355e+04   1.2864252e+05
   7.4200000e+01   6.0328898e+04   1.4589580e+05
   7.4300000e+01   5.9704688e+04   1.6826598e+05
   7.4400000e+01   5.8537934e+04   1.8336244e+05
   7.4500000e+01   5.8737508e+04   1.8343289e+05
   7.4600000e+01   6.1432332e+04   1.6838991e+05
   7.4700000e+01   6.4211320e+04   1.4366098e+05
   7.4800000e+01   6.1988164e+04   1.1667795e+05
   7.4900000e+01   5.1505004e+04   9.3115688e+04
   7.5000000e+01   3.4407324e+04   7.3173273e+04
   7.5100000e+01   1.5117711e+04   5.0760523e+04
   7.5200000e+01  -3.9026545e+03   1.8045680e+04
   7.5300000e+01  -2.3675816e+04  -2.7636973e+04
   7.5400000e+01  -4.5431195e+04  -8.1017383e+04
   7.5500000e+01  -6.7246648e+04  -1.3281294e+05
   7.5600000e+01  -8.5299602e+04  -1.7620330e+05
   7.5700000e+01  -9.7982055e+04  -2.1021591e+05
   7.5800000e+01  -1.0708006e+05  -2.3836523e+05
   7.5900000e+01  -1.1442556e+05  -2.6455744e+05
   7.6000000e+01  -1.1916528e+05  -2.8904638e+05
   7.6100000e+01  -1.2000879e+05  -3.0708331e+05
   7.6200000e+01  -1.1881534e+05  -3.1204081e+05
   7.6300000e+01  -1.1837714e+05  -3.0130034e+05
   7.6400000e+01  -1.1514811e+05  -2.7927216e+05
   7.6500000e+01  -9.7250391e+04  -2.5362752e+05
   7.6600000e+01  -5.4507988e+04  -2.2826452e+05
   7.6700000e+01   7.9719580e+03  -2.0082772e+05
   7.6800000e+01   6.8948266e+04  -1.6733814e+05
   7.6900000e+01   1.0712888e+05  -1.2794734e+05
   7.7000000e+01   1.1899602e+05  -8.7152234e+04
   7.7100000e+01   1.2000878e+05  -4.9439082e+04
   7.7200000e+01   1.2841553e+05  -1.6568031e+04
   7.7300000e+01   1.4860203e+05   1.0875204e+04
   7.7400000e+01   1.6904977e+05   3.1246369e+04
   7.7500000e+01   1.7353705e+05   4.2573793e+04
   7.7600000e+01   1.5338728e+05   4.4968203e+04
   7.7700000e+01   1.1215264e+05   4.1336215e+04
   7.7800000e+01   6.2589840e+04   3.6027090e+04
   7.7900000e+01   1.9062238e+04   3.3649969e+04
   7.8000000e+01  -1.1300710e+04   3.8794121e+04
   7.8100000e+01  -3.3266141e+04   5.5048379e+04
   7.8200000e+01  -5.8555223e+04   8.2610953e+04
   7.8300000e+01  -9.3683188e+04   1.1639230e+05
   7.8400000e+01  -1.3225414e+05   1.4693306e+05
   7.8500000e+01  -1.6080886e+05   1.6440841e+05
   7.8600000e+01  -1.7255459e+05   1.6395009e+05
   7.8700000e+01  -1.7341392e+05   1.4937700e+05
   7.8800000e+01  -1.7322253e+05   1.3208253e+05
   7.8900000e+01  -1.7253688e+05   1.2395449e+05
   7.9000000e+01  -1.6104611e+05   1.2854874e+05
   7.9100000e+01  -1.3006162e+05   1.3840747e+05
   7.9200000e+01  -8.5027148e+04   1.4200994e+05
   7.9300000e+01  -4.3696805e+04   1.3388581e+05
   7.9400000e+01  -2.1411713e+04   1.1752593e+05
   7.9500000e+01  -1.8594764e+04   9.9016328e+04
   7.9600000e+01  -2.2548467e+04   8.0238227e+04
   7.9700000e+01  -2.0444609e+04   5.9973242e+04
   7.9800000e+01  -9.9847871e+03   3.9991766e+04
   7.9900000e+01   1.4383651e+03   2.6500258e+04
   8.0000000e+01   5.8096475e+03   2.4240598e+04
   8.0100000e+01   1.8490537e+03   3.1208672e+04
   8.0200000e+01  -5.0310908e+03   4.1397285e+04
   8.0300000e+01  -7.8491680e+03   5.2015297e+04
   8.0400000e+01  -2.8782837e+03   6.5509586e+04
   8.0500000e+01   8.7942217e+03   8.3704195e+04
   8.0600000e+01   2.2991574e+04   1.0177604e+05
   8.0700000e+01   3.6183461e+04   1.0986520e+05
   8.0800000e+01   4.8805195e+04   1.0051547e+05
   8.0900000e+01   6.4996461e+04   7.3732078e+04
   8.1000000e+01   8.7985656e+04   3.5400602e+04
   8.1100000e+01   1.1512415e+05  -7.5257998e+03
   8.1200000e+01   1.3807062e+05  -4.9946984e+04
   8.1300000e+01   1.4877570e+05  -8.8761758e+04
   8.1400000e+01   1.4579683e+05  -1.2244081e+05
   8.1500000e+01   1.3519805e+05  -1.5102391e+05
   8.1600000e+01   1.2573629e+05  -1.7573983e+05
   8.1700000e+01   1.2268397e+05  -1.9808559e+05
   8.1800000e+01   1.2454662e+05  -2.1917858e+05
   8.1900000e+01   1.2421642e+05  -2.3916747e+05
   8.2000000e+01   1.1376934e+05  -2.5570856e+05
   8.2100000e+01   9.0217461e+04  -2.6269281e+05
   8.2200000e+01   5.8099559e+04  -2.5255994e+05
   8.2300000e+01   2.6222068e+04  -2.2249589e+05
   8.2400000e+01   9.0641992e+02  -1.7862955e+05
   8.2500000e+01  -1.7957664e+04  -1.3203295e+05
   8.2600000e+01  -3.4337285e+04  -8.9173578e+04
   8.2700000e+01  -5.0414945e+04  -4.7476828e+04
   8.2800000e+01  -6.4626805e+04  -1.9930095e+03
   8.2900000e+01  -7.5150086e+04   4.4517371e+04
   8.3000000e+01  -8.3443719e+04   8.1227445e+04
   8.3100000e+01  -9.2371773e+04   1.0034169e+05
   8.3200000e+01  -1.0078723e+05   1.0640755e+05
   8.3300000e+01  -1.0178370e+05   1.1165159e+05
   8.3400000e+01  -8.7952164e+04   1.2199002e+05
   8.3500000e+01  -5.8527883e+04   1.3008910e+05
   8.3600000e+01  -2.0936906e+04   1.2359212e+05
   8.3700000e+01   1.4224645e+04   9.8797180e+04
   8.3800000e+01   3.8966324e+04   6.4596016e+04
   8.3900000e+01   4.9843770e+04   3.3833074e+04
   8.4000000e+01   4.7541902e+04   1.3007199e+04
   8.4100000e+01   3.7154590e+04   5.3474799e+02
   8.4200000e+01   2.7740178e+04  -7.6893174e+03
   8.4300000e+01   2.7592066e+04  -1.3566438e+04
   8.4400000e+01   3.7024477e+04  -1.6954490e+04
   8.4500000e+01   4.6333680e+04  -1.7826725e+04
   8.4600000e+01   4.3192305e+04  -1.6727854e+04
   8.4700000e+01   2.3406965e+04  -1.3760317e+04
   8.4800000e+01  -5.5506748e+03  -8.2360107e+03
   8.4900000e+01  -3.1313920e+04   6.4759888e+02
   8.5000000e+01  -4.6154113e+04   1.3187814e+04
   8.5100000e+01  -5.0412215e+04   2.8790148e+04
   8.5200000e+01  -4.8994707e+04   4.5339055e+04
   8.5300000e+01  -4.6637754e+04   5.9109727e+04
   8.5400000e+01  -4.6048492e+04   6.6570438e+04
   8.5500000e+01  -4.8098672e+04   6.7133453e+04
   8.5600000e+01  -5.2164277e+04   6.3703164e+04
   8.5700000e+01  -5.6919785e+04   5.9815348e+04
   8.5800000e+01  -6.2097594e+04   5.6462789e+04
   8.5900000e+01  -6.9368102e+04   5.2283895e+04
   8.6000000e+01  -8.0345562e+04   4.6293742e+04
   8.6100000e+01  -9.3412328e+04   3.8933438e+04
   8.6200000e+01  -1.0356071e+05   2.9959844e+04
   8.6300000e+01  -1.0638321e+05   1.6792057e+04
   8.6400000e+01  -1.0202034e+05  -3.1601631e+03
   8.6500000e+01  -9.4382922e+04  -2.8209814e+04
   8.6600000e+01  -8.6408312e+04  -5.1528738e+04
   8.6700000e+01  -7.6844109e+04  -6.5472305e+04
   8.6800000e+01  -6.2229035e+04  -6.6923031e+04
   8.6900000e+01  -4.1611672e+04  -5.8604688e+04
   8.7000000e+01  -1.8409611e+04  -4.5902496e+04
   8.7100000e+01   2.7886492e+03  -3.2845633e+04
   8.7200000e+01   2.0787561e+04  -2.0582176e+04
   8.7300000e+01   3.8381621e+04  -8.6705010e+03
   8.7400000e+01   5.8178047e+04   2.7216240e+03
   8.7500000e+01   7.8481000e+04   1.1964854e+04
   8.7600000e+01   9.4280453e+04   1.7534559e+04
   8.7700000e+01   1.0256816e+05   2.0699201e+04
   8.7800000e+01   1.0591287e+05   2.6069039e+04
   8.7900000e+01   1.0989088e+05   3.8022117e+04
   8.8000000e+01   1.1694880e+05   5.5625188e+04
   8.8100000e+01   1.2341062e+05   7.1692633e+04
   8.8200000e+01   1.2277594e+05   7.8369312e+04
   8.8300000e+01   1.1164903e+05   7.4532805e+04
   8.8400000e+01   9.2518516e+04   6.7412133e+04
   8.8500000e+01   7.1642594e+04   6.6165375e+04
   8.8600000e+01   5.4782590e+04   7.3340070e+04
   8.8700000e+01   4.3934133e+04   8.2326523e+04
   8.8800000e+01   3.6234930e+04   8.2930594e+04
   8.8900000e+01   2.5339031e+04   6.9541852e+04
   8.9000000e+01   5.3012080e+03   4.4610789e+04
   8.9100000e+01  -2.4808230e+04   1.5213965e+04
   8.9200000e+01  -5.9265625e+04  -1.3115623e+04
   8.9300000e+01  -8.8989031e+04  -3.9277094e+04
   8.9400000e+01  -1.0694273e+05  -6.4130523e+04
   8.9500000e+01  -1.1083625e+05  -8.6298023e+04
   8.9600000e+01  -1.0201834e+05  -1.0165223e+05
   8.9700000e+01  -8.3890898e+04  -1.0758302e+05
   8.9800000e+01  -6.2108930e+04  -1.0698800e+05
   8.9900000e+01  -4.4200094e+04  -1.0624005e+05
   9.0000000e+01  -3.5644891e+04  -1.0809788e+05
   9.0100000e+01  -3.4730746e+04  -1.0745277e+05
   9.0200000e+01  -3.2229799e+04  -9.5928930e+04
   9.0300000e+01  -1.7960363e+04  -7.1488180e+04
   9.0400000e+01   1.1086852e+04  -4.2687223e+04
   9.0500000e+01   4.8003934e+04  -2.2550328e+04
   9.0600000e+01   8.0030117e+04  -1.8350111e+04
   9.0700000e+01   9.5547516e+04  -2.7423637e+04
   9.0800000e+01   9.0038062e+04  -4.1356156e+04
   9.0900000e+01   6.8950273e+04  -5.1874410e+04
   9.1000000e+01   4.5504379e+04  -5.2607586e+04
   9.1100000e+01   3.2462793e+04  -3.8699547e+04
   9.1200000e+01   3.2305635e+04  -9.1893838e+03
   9.1300000e+01   3.4952660e+04   2.8937936e+04
   9.1400000e+01   2.7294973e+04   6.1752555e+04
   9.1500000e+01   6.3534473e+03   7.7023961e+04
   9.1600000e+01  -1.7709680e+04   7.3383398e+04
   9.1700000e+01  -3.2315787e+04   6.0307082e+04
   9.1800000e+01  -3.5043793e+04   4.8296871e+04
   9.1900000e+01  -3.3974371e+04   3.9225504e+04
   9.2000000e+01  -3.6001340e+04   2.6450051e+04
   9.2100000e+01  -3.7134273e+04   3.4001558e+03
   9.2200000e+01  -2.6020557e+04  -2.9391982e+04
   9.2300000e+01   3.4417285e+03  -6.5711406e+04
   9.2400000e+01   4.4198184e+04  -9.9930102e+04
   9.2500000e+01   8.0548023e+04  -1.2960252e+05
   9.2600000e+01   9.9463133e+04  -1.5201741e+05
   9.2700000e+01   9.7699359e+04  -1.6112781e+05
   9.2800000e+01   8.0316141e+04  -1.5106527e+05
   9.2900000e+01   5.5405695e+04  -1.2326509e+05
   9.3000000e+01   3.1164242e+04  -8.8027414e+04
   9.3100000e+01   1.5327141e+04  -5.6768129e+04
   9.3200000e+01   1.2692473e+04  -3.2273723e+04
   9.3300000e+01   2.0095951e+04  -7.4435874e+03
   9.3400000e+01   2.4896781e+04   2.5933865e+04
   9.3500000e+01   1.2635488e+04   6.7600562e+04
   9.3600000e+01  -2.0150057e+04   1.0809787e+05
   9.3700000e+01  -6.0348199e+04   1.3675659e+05
   9.3800000e+01  -8.7640727e+04   1.4968192e+05
   9.3900000e+01  -9.1364305e+04   1.5047355e+05
   9.4000000e+01  -7.8419406e+04   1.4488975e+05
   9.4100000e+01  -6.4517508e+04   1.3605552e+05
   9.4200000e+01  -5.8677391e+04   1.2409802e+05
   9.4300000e+01  -5.7267598e+04   1.0812698e+05
   9.4400000e+01  -5.1895371e+04   8.6932781e+04
   9.4500000e+01  -3.9916988e+04   5.8551676e+04
   9.4600000e+01  -2.5612119e+04   2.1639115e+04
   9.4700000e+01  -1.3258601e+04  -2.1095307e+04
   9.4800000e+01  -2.6907639e+03  -6.1523434e+04
   9.4900000e+01   7.5976787e+03  -9.0087469e+04
   9.5000000e+01   1.5928430e+04  -1.0235647e+05
   9.5100000e+01   1.8887082e+04  -1.0174435e+05
   9.5200000e+01   1.6782309e+04  -9.5786609e+04
   9.5300000e+01   1.5042274e+04  -8.9892953e+04
   9.5400000e+01   1.9035102e+04  -8.3921789e+04
   9.5500000e+01   2.8715932e+04  -7.2960383e+04
   9.5600000e+01   3.9323082e+04  -5.0640785e+04
   9.5700000e+01   4.6083395e+04  -1.3770272e+04
   9.5800000e+01   4.6660738e+04   3.3138613e+04
   9.5900000e+01   4.0159434e+04   7.7541266e+04
   9.6000000e+01   2.7184410e+04   1.0631161e+05
   9.6100000e+01   1.2667305e+04   1.1685725e+05
   9.6200000e+01   6.2547734e+03   1.2074134e+05
   9.6300000e+01   1.5621443e+04   1.3376745e+05
   9.6400000e+01   3.7468719e+04   1.6113309e+05
   9.6500000e+01   5.6880691e+04   1.9310088e+05
   9.6600000e+01   5.8465371e+04   2.1547606e+05
   9.6700000e+01   3.9358465e+04   2.2250991e+05
   9.6800000e+01   1.0795603e+04   2.1826181e+05
   9.6900000e+01  -1.3386742e+04   2.0760553e+05
   9.7000000e+01  -2.9141076e+04   1.9014208e+05
   9.7100000e+01  -4.2981629e+04   1.6427589e+05
   9.7200000e+01  -6.1814770e+04   1.3395558e+05
   9.7300000e+01  -8.3914984e+04   1.0719190e+05
   9.7400000e+01  -1.0037805e+05   8.7160242e+04
   9.7500000e+01  -1.0394305e+05   6.7007664e+04
   9.7600000e+01  -9.4924602e+04   3.5063414e+04
   9.7700000e+01  -7.9272133e+04  -1.5131713e+04
   9.7800000e+01  -6.3238746e+04  -7.9812234e+04
   9.7900000e+01  -5.0972766e+04  -1.4770362e+05
   9.8000000e+01  -4.5197289e+04  -2.0578681e+05
   9.8100000e+01  -4.6962500e+04  -2.4395222e+05
   9.8200000e+01  -5.3715211e+04  -2.5823314e+05
   9.8300000e+01  -5.9426887e+04  -2.5222667e+05
   9.8400000e+01  -5.8515180e+04  -2.3433936e+05
   9.8500000e+01  -4.9553043e+04  -2.1118283e+05
   9.8600000e+01  -3.4351457e+04  -1.8311466e+05
   9.8700000e+01  -1.4241621e+04  -1.4745333e+05
   9.8800000e+01   1.0720766e+04  -1.0617715e+05
   9.8900000e+01   3.8428496e+04  -6.8510062e+04
   9.9000000e+01   6.2759215e+04  -4.4207887e+04
   9.9100000e+01   7.7397578e+04  -3.4752422e+04
   9.9200000e+01   8.1896570e+04  -3.2543143e+04
   9.9300000e+01   8.2430453e+04  -2.8796771e+04
   9.9400000e+01   8.5550484e+04  -2.1237967e+04
   9.9500000e+01   9.1676234e+04  -1.4196236e+04
   9.9600000e+01   9.5267586e+04  -1.2743174e+04
   9.9700000e+01   9.0570625e+04  -1.7391834e+04
   9.9800000e+01   7.6022703e+04  -2.3403607e+04
   9.9900000e+01   5.3813941e+04  -2.4947711e+04
   1.0000000e+02   2.7564307e+04  -2.1175316e+04
