   1.1851270e+02   3.6301420e+01   1.8450000e+02
   1.1907539e+02   3.6751589e+01   2.1300000e+01
   0.0000000e+00  -3.7946956e+05  -3.7946956e+05
   1.0000000e-01  -3.8359875e+05  -3.8232231e+05
   2.0000000e-01  -3.9034153e+05  -3.8537875e+05
   3.0000000e-01  -3.8778834e+05  -3.7787066e+05
   4.0000000e-01  -3.6702247e+05  -3.5484328e+05
   5.0000000e-01  -3.2844166e+05  -3.1952300e+05
   6.0000000e-01  -2.7853288e+05  -2.7806481e+05
   7.0000000e-01  -2.2262516e+05  -2.3503884e+05
   8.0000000e-01  -1.6196525e+05  -1.9460930e+05
   9.0000000e-01  -9.6692086e+04  -1.6282294e+05
   1.0000000e+00  -2.9722814e+04  -1.4435095e+05
   1.1000000e+00   3.2792711e+04  -1.3527472e+05
   1.2000000e+00   8.4190203e+04  -1.2082476e+05
   1.3000000e+00   1.2066576e+05  -8.3288062e+04
   1.4000000e+00   1.4347873e+05  -1.4518662e+04
   1.5000000e+00   1.5863414e+05   7.7979984e+04
   1.6000000e+00   1.7289742e+05   1.7671423e+05
   1.7000000e+00   1.8753733e+05   2.6637684e+05
   1.8000000e+00   1.9502614e+05   3.4227412e+05
   1.9000000e+00   1.8351131e+05   4.0891109e+05
   2.0000000e+00   1.4697591e+05   4.7123612e+05
   2.1000000e+00   9.2018359e+04   5.2660844e+05
   2.2000000e+00   3.3845730e+04   5.6416912e+05
   2.3000000e+00  -1.5650359e+04   5.7175881e+05
   2.4000000e+00  -5.6408809e+04   5.4448281e+05
   2.5000000e+00  -9.6952203e+04   4.8830584e+05
   2.6000000e+00  -1.4290291e+05   4.1674850e+05
   2.7000000e+00  -1.8904014e+05   3.4401784e+05
   2.8000000e+00  -2.2254245e+05   2.7925831e+05
   2.9000000e+00  -2.3337442e+05   2.2433978e+05
   3.0000000e+00  -2.2131188e+05   1.7528019e+05
   3.1000000e+00  -1.9396147e+05   1.2658898e+05
   3.2000000e+00  -1.5957583e+05   7.6827961e+04
   3.3000000e+00  -1.2196434e+05   3.1839689e+04
   3.4000000e+00  -8.0436641e+04   2.2619844e+03
   3.5000000e+00  -3.2522969e+04  -3.7200840e+03
   3.6000000e+00   2.3249531e+04   1.3550342e+04
   3.7000000e+00   8.5212930e+04   4.5758719e+04
   3.8000000e+00   1.4766153e+05   8.2930328e+04
   3.9000000e+00   2.0292922e+05   1.1932237e+05
   4.0000000e+00   2.4649356e+05   1.5422947e+05
   4.1000000e+00   2.8117834e+05   1.8869984e+05
   4.2000000e+00   3.1581756e+05   2.2197009e+05
   4.3000000e+00   3.5879631e+05   2.4949748e+05
   4.4000000e+00   4.1244181e+05   2.6239641e+05
   4.5000000e+00   4.7338319e+05   2.4903869e+05
   4.6000000e+00   5.3729925e+05   2.0038228e+05
   4.7000000e+00   6.0172388e+05   1.1743805e+05
   4.8000000e+00   6.6343062e+05   1.4877451e+04
   4.9000000e+00   7.1407981e+05  -8.4396164e+04
   5.0000000e+00   7.4074675e+05  -1.6176039e+05
   5.1000000e+00   7.3273475e+05  -2.1388678e+05
   5.2000000e+00   6.8828094e+05  -2.5432391e+05
   5.3000000e+00   6.1370338e+05  -3.0473994e+05
   5.4000000e+00   5.1554650e+05  -3.8167966e+05
   5.5000000e+00   3.9465994e+05  -4.8655538e+05
   5.6000000e+00   2.4944672e+05  -6.0406462e+05
   5.7000000e+00   8.4576156e+04  -7.0975188e+05
   5.8000000e+00  -8.5904391e+04  -7.8264825e+05
   5.9000000e+00  -2.4616794e+05  -8.1549956e+05
   6.0000000e+00  -3.8914459e+05  -8.1582338e+05
   6.1000000e+00  -5.1822234e+05  -7.9701262e+05
   6.2000000e+00  -6.3855600e+05  -7.6629300e+05
   6.3000000e+00  -7.4847700e+05  -7.1902825e+05
   6.4000000e+00  -8.4065362e+05  -6.4355131e+05
   6.5000000e+00  -9.1050575e+05  -5.3176438e+05
   6.6000000e+00  -9.6112244e+05  -3.8635678e+05
   6.7000000e+00  -9.9896469e+05  -2.1954597e+05
   6.8000000e+00  -1.0255926e+06  -4.6212711e+04
   6.9000000e+00  -1.0343974e+06   1.2188461e+05
   7.0000000e+00  -1.0149951e+06   2.7736306e+05
   7.1000000e+00  -9.6019412e+05   4.1571966e+05
   7.2000000e+00  -8.6937012e+05   5.3387850e+05
   7.3000000e+00  -7.4673419e+05   6.2881444e+05
   7.4000000e+00  -5.9758281e+05   6.9538644e+05
   7.5000000e+00  -4.2658281e+05   7.2546350e+05
   7.6000000e+00  -2.3979864e+05   7.1188312e+05
   7.7000000e+00  -4.8341375e+04   6.5593856e+05
   7.8000000e+00   1.3112177e+05   5.7068412e+05
   7.9000000e+00   2.8202806e+05   4.7407556e+05
   8.0000000e+00   3.9662991e+05   3.7676266e+05
   8.1000000e+00   4.7985491e+05   2.7710012e+05
   8.2000000e+00   5.4357588e+05   1.6950439e+05
   8.3000000e+00   5.9599231e+05   5.7247742e+04
   8.4000000e+00   6.3626306e+05  -4.5150688e+04
   8.5000000e+00   6.5896375e+05  -1.2328859e+05
   8.6000000e+00   6.6226662e+05  -1.7518356e+05
   8.7000000e+00   6.5050938e+05  -2.1015952e+05
   8.8000000e+00   6.2939225e+05  -2.3533072e+05
   8.9000000e+00   6.0057644e+05  -2.4503572e+05
   9.0000000e+00   5.6170212e+05  -2.2522822e+05
   9.1000000e+00   5.1019659e+05  -1.6818642e+05
   9.2000000e+00   4.4545212e+05  -8.2260320e+04
   9.3000000e+00   3.6803328e+05   1.2274645e+04
   9.4000000e+00   2.7944500e+05   9.5750250e+04
   9.5000000e+00   1.8438884e+05   1.5815397e+05
   9.6000000e+00   9.2199898e+04   1.9902358e+05
   9.7000000e+00   1.3537453e+04   2.2177769e+05
   9.8000000e+00  -4.5900270e+04   2.2880259e+05
   9.9000000e+00  -8.8196891e+04   2.2027212e+05
   1.0000000e+01  -1.1895927e+05   1.9620144e+05
   1.0100000e+01  -1.3983864e+05   1.5986125e+05
   1.0200000e+01  -1.4531970e+05   1.1971488e+05
   1.0300000e+01  -1.2709654e+05   8.6869328e+04
   1.0400000e+01  -8.1977359e+04   6.8331219e+04
   1.0500000e+01  -1.6094152e+04   6.1661691e+04
   1.0600000e+01   5.8051836e+04   5.7256445e+04
   1.0700000e+01   1.2849628e+05   4.7436730e+04
   1.0800000e+01   1.8826172e+05   3.3870137e+04
   1.0900000e+01   2.3408362e+05   2.6060309e+04
   1.1000000e+01   2.6223378e+05   3.2978125e+04
   1.1100000e+01   2.6695797e+05   5.6441430e+04
   1.1200000e+01   2.4361528e+05   9.1383812e+04
   1.1300000e+01   1.9306988e+05   1.3011318e+05
   1.1400000e+01   1.2259077e+05   1.6509828e+05
   1.1500000e+01   4.2558125e+04   1.8921925e+05
   1.1600000e+01  -3.7659125e+04   1.9635141e+05
   1.1700000e+01  -1.1186180e+05   1.8359958e+05
   1.1800000e+01  -1.7764545e+05   1.5292878e+05
   1.1900000e+01  -2.3663181e+05   1.0991110e+05
   1.2000000e+01  -2.9326497e+05   6.0500320e+04
   1.2100000e+01  -3.5092794e+05   8.5133672e+03
   1.2200000e+01  -4.0787775e+05  -4.5005934e+04
   1.2300000e+01  -4.5789662e+05  -1.0129584e+05
   1.2400000e+01  -4.9630781e+05  -1.6277055e+05
   1.2500000e+01  -5.2494269e+05  -2.3066481e+05
   1.2600000e+01  -5.4933925e+05  -3.0158044e+05
   1.2700000e+01  -5.7008038e+05  -3.6572419e+05
   1.2800000e+01  -5.7798219e+05  -4.1049681e+05
   1.2900000e+01  -5.5968888e+05  -4.2924169e+05
   1.3000000e+01  -5.0894084e+05  -4.2862281e+05
   1.3100000e+01  -4.3219053e+05  -4.2620241e+05
   1.3200000e+01  -3.4285788e+05  -4.3692447e+05
   1.3300000e+01  -2.4993709e+05  -4.5866244e+05
   1.3400000e+01  -1.5190745e+05  -4.7086831e+05
   1.3500000e+01  -4.1476410e+04  -4.5002856e+05
   1.3600000e+01   8.3259117e+04  -3.8944788e+05
   1.3700000e+01   2.1116634e+05  -3.0555903e+05
   1.3800000e+01   3.2104659e+05  -2.2523912e+05
   1.3900000e+01   3.9376881e+05  -1.6634350e+05
   1.4000000e+01   4.2433103e+05  -1.2854639e+05
   1.4100000e+01   4.2394031e+05  -9.9649672e+04
   1.4200000e+01   4.1016294e+05  -6.7900656e+04
   1.4300000e+01   3.9362294e+05  -2.8573086e+04
   1.4400000e+01   3.7285666e+05   1.7476318e+04
   1.4500000e+01   3.4113697e+05   6.7227586e+04
   1.4600000e+01   2.9769481e+05   1.1600497e+05
   1.4700000e+01   2.5220336e+05   1.5637673e+05
   1.4800000e+01   2.1876236e+05   1.7911247e+05
   1.4900000e+01   2.0579439e+05   1.7672753e+05
   1.5000000e+01   2.1111505e+05   1.4697603e+05
   1.5100000e+01   2.2542489e+05   9.4209750e+04
   1.5200000e+01   2.3964952e+05   2.8728639e+04
   1.5300000e+01   2.4919709e+05  -3.5195762e+04
   1.5400000e+01   2.5225072e+05  -8.2578914e+04
   1.5500000e+01   2.4518266e+05  -1.0177529e+05
   1.5600000e+01   2.2077558e+05  -8.7518875e+04
   1.5700000e+01   1.7197253e+05  -4.1280070e+04
   1.5800000e+01   9.7999781e+04   3.0747309e+04
   1.5900000e+01   6.7150649e+03   1.2020584e+05
   1.6000000e+01  -8.9575555e+04   2.1837703e+05
   1.6100000e+01  -1.8105620e+05   3.1717031e+05
   1.6200000e+01  -2.6376056e+05   4.0952500e+05
   1.6300000e+01  -3.3722909e+05   4.8924656e+05
   1.6400000e+01  -4.0026284e+05   5.5081431e+05
   1.6500000e+01  -4.4942288e+05   5.9019550e+05
   1.6600000e+01  -4.8056300e+05   6.0656138e+05
   1.6700000e+01  -4.9019972e+05   6.0290738e+05
   1.6800000e+01  -4.7502912e+05   5.8388794e+05
   1.6900000e+01  -4.3144072e+05   5.5223256e+05
   1.7000000e+01  -3.5714844e+05   5.0727697e+05
   1.7100000e+01  -2.5374738e+05   4.4719575e+05
   1.7200000e+01  -1.2701912e+05   3.7247331e+05
   1.7300000e+01   1.5729125e+04   2.8696644e+05
   1.7400000e+01   1.6810953e+05   1.9595030e+05
   1.7500000e+01   3.2369853e+05   1.0371623e+05
   1.7600000e+01   4.7287394e+05   1.2894250e+04
   1.7700000e+01   6.0205919e+05  -7.4938734e+04
   1.7800000e+01   6.9785106e+05  -1.5879856e+05
   1.7900000e+01   7.5289700e+05  -2.3806394e+05
   1.8000000e+01   7.6790075e+05  -3.1158606e+05
   1.8100000e+01   7.4790006e+05  -3.7633256e+05
   1.8200000e+01   6.9673219e+05  -4.2707966e+05
   1.8300000e+01   6.1494238e+05  -4.5795581e+05
   1.8400000e+01   5.0228731e+05  -4.6464238e+05
   1.8500000e+01   3.6154475e+05  -4.4538581e+05
   1.8600000e+01   2.0018241e+05  -4.0047569e+05
   1.8700000e+01   2.9348264e+04  -3.3158322e+05
   1.8800000e+01  -1.3849888e+05  -2.4232675e+05
   1.8900000e+01  -2.9255975e+05  -1.3987586e+05
   1.9000000e+01  -4.2693688e+05  -3.5960961e+04
   1.9100000e+01  -5.4246369e+05   5.4465957e+04
   1.9200000e+01  -6.4448406e+05   1.1740762e+05
   1.9300000e+01  -7.3642662e+05   1.4524638e+05
   1.9400000e+01  -8.1377050e+05   1.4018236e+05
   1.9500000e+01  -8.6470169e+05   1.1283773e+05
   1.9600000e+01  -8.7878231e+05   7.6210156e+04
   1.9700000e+01  -8.5677325e+05   3.8931789e+04
   1.9800000e+01  -8.1183231e+05   2.7667012e+03
   1.9900000e+01  -7.5930906e+05  -3.4259641e+04
   2.0000000e+01  -7.0368144e+05  -7.2945156e+04
   2.0100000e+01  -6.3515131e+05  -1.1169362e+05
   2.0200000e+01  -5.3980494e+05  -1.5024638e+05
   2.0300000e+01  -4.1405872e+05  -1.9359739e+05
   2.0400000e+01  -2.7000869e+05  -2.5027070e+05
   2.0500000e+01  -1.2749708e+05  -3.2486925e+05
   2.0600000e+01  -1.2924941e+03  -4.1142884e+05
   2.0700000e+01   1.0509920e+05  -4.9429612e+05
   2.0800000e+01   1.9556364e+05  -5.5653100e+05
   2.0900000e+01   2.7348462e+05  -5.8913819e+05
   2.1000000e+01   3.3743722e+05  -5.9414656e+05
   2.1100000e+01   3.8247812e+05  -5.8011194e+05
   2.1200000e+01   4.0382194e+05  -5.5422912e+05
   2.1300000e+01   3.9953600e+05  -5.1675841e+05
   2.1400000e+01   3.7168769e+05  -4.6120106e+05
   2.1500000e+01   3.2677344e+05  -3.7989881e+05
   2.1600000e+01   2.7529353e+05  -2.7129125e+05
   2.1700000e+01   2.2951139e+05  -1.4359545e+05
   2.1800000e+01   1.9961631e+05  -1.1763588e+04
   2.1900000e+01   1.9041658e+05   1.1035397e+05
   2.2000000e+01   2.0083348e+05   2.1669298e+05
   2.2100000e+01   2.2638897e+05   3.0957462e+05
   2.2200000e+01   2.6273494e+05   3.9463059e+05
   2.2300000e+01   3.0808609e+05   4.7495462e+05
   2.2400000e+01   3.6378947e+05   5.4897275e+05
   2.2500000e+01   4.3329809e+05   6.1246994e+05
   2.2600000e+01   5.1974916e+05   6.6193056e+05
   2.2700000e+01   6.2241525e+05   6.9634706e+05
   2.2800000e+01   7.3353800e+05   7.1673144e+05
   2.2900000e+01   8.3825550e+05   7.2435075e+05
   2.3000000e+01   9.1919144e+05   7.1927750e+05
   2.3100000e+01   9.6357831e+05   7.0041125e+05
   2.3200000e+01   9.6776119e+05   6.6692725e+05
   2.3300000e+01   9.3519075e+05   6.1977188e+05
   2.3400000e+01   8.6944256e+05   5.6175488e+05
   2.3500000e+01   7.6861044e+05   4.9653162e+05
   2.3600000e+01   6.2668338e+05   4.2825900e+05
   2.3700000e+01   4.4123431e+05   3.6245988e+05
   2.3800000e+01   2.2066722e+05   3.0592503e+05
   2.3900000e+01  -1.5830415e+04   2.6364522e+05
   2.4000000e+01  -2.4643377e+05   2.3488022e+05
   2.4100000e+01  -4.5702419e+05   2.1322286e+05
   2.4200000e+01  -6.4602338e+05   1.9185459e+05
   2.4300000e+01  -8.2011012e+05   1.6862706e+05
   2.4400000e+01  -9.8396156e+05   1.4505144e+05
   2.4500000e+01  -1.1319242e+06   1.2065660e+05
   2.4600000e+01  -1.2486399e+06   9.0262766e+04
   2.4700000e+01  -1.3186676e+06   4.7971418e+04
   2.4800000e+01  -1.3369298e+06  -7.3687324e+03
   2.4900000e+01  -1.3103204e+06  -7.2510172e+04
   2.5000000e+01  -1.2491525e+06  -1.4525745e+05
   2.5100000e+01  -1.1577262e+06  -2.2720069e+05
   2.5200000e+01  -1.0344174e+06  -3.1968691e+05
   2.5300000e+01  -8.8114731e+05  -4.1861388e+05
   2.5400000e+01  -7.1130412e+05  -5.1571197e+05
   2.5500000e+01  -5.4662612e+05  -6.0528525e+05
   2.5600000e+01  -4.0555422e+05  -6.8755656e+05
   2.5700000e+01  -2.9434169e+05  -7.6372344e+05
   2.5800000e+01  -2.0833123e+05  -8.2894956e+05
   2.5900000e+01  -1.3985602e+05  -8.7331369e+05
   2.6000000e+01  -8.3848836e+04  -8.9169862e+05
   2.6100000e+01  -3.7122137e+04  -8.9226450e+05
   2.6200000e+01   4.9036885e+03  -8.9317506e+05
   2.6300000e+01   4.8561801e+04  -9.0898044e+05
   2.6400000e+01   9.8848844e+04  -9.3868281e+05
   2.6500000e+01   1.5689875e+05  -9.6600256e+05
   2.6600000e+01   2.2095420e+05  -9.7097062e+05
   2.6700000e+01   2.8916012e+05  -9.4239156e+05
   2.6800000e+01   3.6043162e+05  -8.8137475e+05
   2.6900000e+01   4.3261944e+05  -7.9501219e+05
   2.7000000e+01   5.0126881e+05  -6.8766956e+05
   2.7100000e+01   5.6196544e+05  -5.5810081e+05
   2.7200000e+01   6.1448894e+05  -4.0383425e+05
   2.7300000e+01   6.6367912e+05  -2.2686208e+05
   2.7400000e+01   7.1479888e+05  -3.4147285e+04
   2.7500000e+01   7.6740425e+05   1.6675139e+05
   2.7600000e+01   8.1385481e+05   3.7053891e+05
   2.7700000e+01   8.4381925e+05   5.7159269e+05
   2.7800000e+01   8.5006462e+05   7.6023600e+05
   2.7900000e+01   8.3043256e+05   9.2504600e+05
   2.8000000e+01   7.8582738e+05   1.0606510e+06
   2.8100000e+01   7.1780081e+05   1.1716172e+06
   2.8200000e+01   6.2804594e+05   1.2657812e+06
   2.8300000e+01   5.1892394e+05   1.3430704e+06
   2.8400000e+01   3.9356962e+05   1.3926216e+06
   2.8500000e+01   2.5585653e+05   1.4022380e+06
   2.8600000e+01   1.1111078e+05   1.3699129e+06
   2.8700000e+01  -3.2993148e+04   1.3049566e+06
   2.8800000e+01  -1.6689652e+05   1.2184242e+06
   2.8900000e+01  -2.8136112e+05   1.1140429e+06
   2.9000000e+01  -3.7009953e+05   9.8857212e+05
   2.9100000e+01  -4.3128056e+05   8.3946681e+05
   2.9200000e+01  -4.6726722e+05   6.7148694e+05
   2.9300000e+01  -4.8269209e+05   4.9742541e+05
   2.9400000e+01  -4.8163488e+05   3.3393222e+05
   2.9500000e+01  -4.6567575e+05   1.9511544e+05
   2.9600000e+01  -4.3476450e+05   8.6296828e+04
   2.9700000e+01  -3.9061056e+05   1.6744609e+03
   2.9800000e+01  -3.3907909e+05  -7.0422430e+04
   2.9900000e+01  -2.8793531e+05  -1.3698509e+05
   3.0000000e+01  -2.4081233e+05  -1.9418211e+05
   3.0100000e+01  -1.9329881e+05  -2.3348744e+05
   3.0200000e+01  -1.3638478e+05  -2.5528056e+05
   3.0300000e+01  -6.5581516e+04  -2.7504234e+05
   3.0400000e+01   1.2429730e+04  -3.1336653e+05
   3.0500000e+01   8.2518328e+04  -3.7860184e+05
   3.0600000e+01   1.3162002e+05  -4.6018862e+05
   3.0700000e+01   1.5796141e+05  -5.4002462e+05
   3.0800000e+01   1.7086372e+05  -6.1000094e+05
   3.0900000e+01   1.8156522e+05  -6.7777944e+05
   3.1000000e+01   1.9356456e+05  -7.5612250e+05
   3.1100000e+01   2.0106089e+05  -8.4795706e+05
   3.1200000e+01   1.9627400e+05  -9.4175994e+05
   3.1300000e+01   1.7803033e+05  -1.0196732e+06
   3.1400000e+01   1.5288873e+05  -1.0690520e+06
   3.1500000e+01   1.2754985e+05  -1.0879326e+06
   3.1600000e+01   1.0039430e+05  -1.0825679e+06
   3.1700000e+01   6.1475789e+04  -1.0609085e+06
   3.1800000e+01   1.9036079e+03  -1.0263634e+06
   3.1900000e+01  -7.6547727e+04  -9.7488675e+05
   3.2000000e+01  -1.6164706e+05  -8.9742150e+05
   3.2100000e+01  -2.4079403e+05  -7.8694631e+05
   3.2200000e+01  -3.1063878e+05  -6.4489256e+05
   3.2300000e+01  -3.7652191e+05  -4.8083278e+05
   3.2400000e+01  -4.4308553e+05  -3.0542319e+05
   3.2500000e+01  -5.0665691e+05  -1.2410545e+05
   3.2600000e+01  -5.5747581e+05   6.1506105e+04
   3.2700000e+01  -5.8887769e+05   2.4679277e+05
   3.2800000e+01  -6.0339969e+05   4.2095941e+05
   3.2900000e+01  -6.0961719e+05   5.7208800e+05
   3.3000000e+01  -6.1330344e+05   6.9436312e+05
   3.3100000e+01  -6.1173819e+05   7.8842550e+05
   3.3200000e+01  -5.9602362e+05   8.5461369e+05
   3.3300000e+01  -5.5828462e+05   8.8815744e+05
   3.3400000e+01  -4.9672881e+05   8.8298512e+05
   3.3500000e+01  -4.1469491e+05   8.3990206e+05
   3.3600000e+01  -3.1593344e+05   7.6939294e+05
   3.3700000e+01  -2.0137802e+05   6.8577831e+05
   3.3800000e+01  -7.0381203e+04   5.9899406e+05
   3.3900000e+01   7.5397812e+04   5.1150856e+05
   3.4000000e+01   2.2986609e+05   4.2113875e+05
   3.4100000e+01   3.8461950e+05   3.2533031e+05
   3.4200000e+01   5.3320594e+05   2.2384281e+05
   3.4300000e+01   6.7270200e+05   1.2018238e+05
   3.4400000e+01   8.0023681e+05   2.2187602e+04
   3.4500000e+01   9.0795144e+05  -5.9546508e+04
   3.4600000e+01   9.8291612e+05  -1.1571110e+05
   3.4700000e+01   1.0141875e+06  -1.4195631e+05
   3.4800000e+01   1.0009538e+06  -1.3897703e+05
   3.4900000e+01   9.5290019e+05  -1.0958148e+05
   3.5000000e+01   8.8126494e+05  -5.6611105e+04
   3.5100000e+01   7.8938100e+05   1.5936979e+04
   3.5200000e+01   6.7281819e+05   1.0064775e+05
   3.5300000e+01   5.2910944e+05   1.8709012e+05
   3.5400000e+01   3.6669494e+05   2.6560481e+05
   3.5500000e+01   2.0388208e+05   3.3099603e+05
   3.5600000e+01   5.9487191e+04   3.8228141e+05
   3.5700000e+01  -5.5420117e+04   4.1874762e+05
   3.5800000e+01  -1.3844389e+05   4.3677612e+05
   3.5900000e+01  -1.9182783e+05   4.3150356e+05
   3.6000000e+01  -2.1939270e+05   4.0225078e+05
   3.6100000e+01  -2.2651336e+05   3.5589184e+05
   3.6200000e+01  -2.2047623e+05   3.0340962e+05
   3.6300000e+01  -2.0869708e+05   2.5151641e+05
   3.6400000e+01  -1.9576302e+05   1.9689667e+05
   3.6500000e+01  -1.8213600e+05   1.2904823e+05
   3.6600000e+01  -1.6586106e+05   3.9889230e+04
   3.6700000e+01  -1.4597270e+05  -6.8042203e+04
   3.6800000e+01  -1.2497419e+05  -1.8156050e+05
   3.6900000e+01  -1.0844150e+05  -2.8434766e+05
   3.7000000e+01  -1.0190469e+05  -3.6544394e+05
   3.7100000e+01  -1.0746599e+05  -4.2272769e+05
   3.7200000e+01  -1.2321839e+05  -4.6056997e+05
   3.7300000e+01  -1.4624762e+05  -4.8504172e+05
   3.7400000e+01  -1.7641730e+05  -5.0022344e+05
   3.7500000e+01  -2.1689595e+05  -5.0689378e+05
   3.7600000e+01  -2.7025731e+05  -5.0324366e+05
   3.7700000e+01  -3.3339756e+05  -4.8707231e+05
   3.7800000e+01  -3.9601488e+05  -4.5881978e+05
   3.7900000e+01  -4.4449781e+05  -4.2387878e+05
   3.8000000e+01  -4.6859341e+05  -3.9205462e+05
   3.8100000e+01  -4.6613969e+05  -3.7332897e+05
   3.8200000e+01  -4.4280362e+05  -3.7189731e+05
   3.8300000e+01  -4.0740769e+05  -3.8243356e+05
   3.8400000e+01  -3.6629169e+05  -3.9173319e+05
   3.8500000e+01  -3.2045816e+05  -3.8561272e+05
   3.8600000e+01  -2.6699688e+05  -3.5741728e+05
   3.8700000e+01  -2.0315869e+05  -3.1296325e+05
   3.8800000e+01  -1.2980138e+05  -2.6821278e+05
   3.8900000e+01  -5.2013734e+04  -2.4008416e+05
   3.9000000e+01   2.2723967e+04  -2.3559944e+05
   3.9100000e+01   8.7039914e+04  -2.4672522e+05
   3.9200000e+01   1.3573288e+05  -2.5506000e+05
   3.9300000e+01   1.6746725e+05  -2.4335969e+05
   3.9400000e+01   1.8580720e+05  -2.0556722e+05
   3.9500000e+01   1.9804911e+05  -1.4858169e+05
   3.9600000e+01   2.1083152e+05  -8.5984164e+04
   3.9700000e+01   2.2460114e+05  -2.9472197e+04
   3.9800000e+01   2.3172930e+05   1.6712633e+04
   3.9900000e+01   2.2152034e+05   5.7035227e+04
   4.0000000e+01   1.8962419e+05   1.0240238e+05
   4.0100000e+01   1.4443536e+05   1.6480556e+05
   4.0200000e+01   1.0421164e+05   2.5012669e+05
   4.0300000e+01   8.5879414e+04   3.5333769e+05
   4.0400000e+01   9.3825406e+04   4.6074834e+05
   4.0500000e+01   1.1765650e+05   5.5856138e+05
   4.0600000e+01   1.4081320e+05   6.4060725e+05
   4.0700000e+01   1.5302678e+05   7.0870056e+05
   4.0800000e+01   1.5671820e+05   7.6669625e+05
   4.0900000e+01   1.6296642e+05   8.1506956e+05
   4.1000000e+01   1.8139664e+05   8.5029169e+05
   4.1100000e+01   2.1251644e+05   8.6695138e+05
   4.1200000e+01   2.4772905e+05   8.5915162e+05
   4.1300000e+01   2.7545894e+05   8.2164481e+05
   4.1400000e+01   2.8769197e+05   7.5289200e+05
   4.1500000e+01   2.8229809e+05   6.5842138e+05
   4.1600000e+01   2.6066741e+05   5.4978625e+05
   4.1700000e+01   2.2378950e+05   4.3823512e+05
   4.1800000e+01   1.7061611e+05   3.2871347e+05
   4.1900000e+01   1.0018520e+05   2.1997709e+05
   4.2000000e+01   1.5337528e+04   1.0968353e+05
   4.2100000e+01  -7.5880898e+04  -1.5784161e+03
   4.2200000e+01  -1.6293944e+05  -1.1043926e+05
   4.2300000e+01  -2.3741033e+05  -2.1252750e+05
   4.2400000e+01  -2.9550656e+05  -3.0287869e+05
   4.2500000e+01  -3.3716150e+05  -3.7609197e+05
   4.2600000e+01  -3.6373309e+05  -4.2881009e+05
   4.2700000e+01  -3.7680931e+05  -4.6336203e+05
   4.2800000e+01  -3.7814366e+05  -4.8809909e+05
   4.2900000e+01  -3.6925578e+05  -5.1237319e+05
   4.3000000e+01  -3.5042428e+05  -5.3982369e+05
   4.3100000e+01  -3.2029962e+05  -5.6600944e+05
   4.3200000e+01  -2.7680516e+05  -5.8278869e+05
   4.3300000e+01  -2.1860427e+05  -5.8577956e+05
   4.3400000e+01  -1.4648722e+05  -5.7821762e+05
   4.3500000e+01  -6.4869723e+04  -5.6733119e+05
   4.3600000e+01   1.7195930e+04  -5.5606450e+05
   4.3700000e+01   8.7749672e+04  -5.3802462e+05
   4.3800000e+01   1.3747097e+05  -5.0155878e+05
   4.3900000e+01   1.6560900e+05  -4.4049053e+05
   4.4000000e+01   1.8038420e+05  -3.6192678e+05
   4.4100000e+01   1.9218072e+05  -2.8336491e+05
   4.4200000e+01   2.0521233e+05  -2.2098678e+05
   4.4300000e+01   2.1515589e+05  -1.7911252e+05
   4.4400000e+01   2.1392309e+05  -1.4945509e+05
   4.4500000e+01   1.9581903e+05  -1.1985720e+05
   4.4600000e+01   1.5984336e+05  -8.4346406e+04
   4.4700000e+01   1.0884832e+05  -4.6249258e+04
   4.4800000e+01   4.9024188e+04  -1.2910337e+04
   4.4900000e+01  -1.0162562e+04   1.2133977e+04
   4.5000000e+01  -5.8402082e+04   3.2153467e+04
   4.5100000e+01  -8.9223961e+04   5.3367914e+04
   4.5200000e+01  -1.0228487e+05   7.9106727e+04
   4.5300000e+01  -1.0028622e+05   1.0822484e+05
   4.5400000e+01  -8.4294117e+04   1.3856906e+05
   4.5500000e+01  -5.3570445e+04   1.7051750e+05
   4.5600000e+01  -9.8178750e+03   2.0632455e+05
   4.5700000e+01   4.0837695e+04   2.4677870e+05
   4.5800000e+01   9.2165953e+04   2.8975303e+05
   4.5900000e+01   1.4356056e+05   3.3193353e+05
   4.6000000e+01   1.9924200e+05   3.7050388e+05
   4.6100000e+01   2.6063225e+05   4.0224584e+05
   4.6200000e+01   3.2039112e+05   4.2198072e+05
   4.6300000e+01   3.6522566e+05   4.2380416e+05
   4.6400000e+01   3.8463403e+05   4.0490769e+05
   4.6500000e+01   3.7631147e+05   3.6808184e+05
   4.6600000e+01   3.4327175e+05   3.2019331e+05
   4.6700000e+01   2.8713312e+05   2.6811897e+05
   4.6800000e+01   2.0571566e+05   2.1550002e+05
   4.6900000e+01   9.7693742e+04   1.6203527e+05
   4.7000000e+01  -3.0913445e+04   1.0503167e+05
   4.7100000e+01  -1.6571006e+05   4.2528926e+04
   4.7200000e+01  -2.9010800e+05  -2.3150119e+04
   4.7300000e+01  -3.9330997e+05  -8.4027148e+04
   4.7400000e+01  -4.7317734e+05  -1.2973873e+05
   4.7500000e+01  -5.3246819e+05  -1.5401670e+05
   4.7600000e+01  -5.7318188e+05  -1.5859547e+05
   4.7700000e+01  -5.9426825e+05  -1.5001281e+05
   4.7800000e+01  -5.9315725e+05  -1.3205739e+05
   4.7900000e+01  -5.6783150e+05  -1.0216946e+05
   4.8000000e+01  -5.1745288e+05  -5.6432695e+04
   4.8100000e+01  -4.4259322e+05   2.1844175e+03
   4.8200000e+01  -3.4603184e+05   6.2466484e+04
   4.8300000e+01  -2.3287598e+05   1.1351300e+05
   4.8400000e+01  -1.0913341e+05   1.5453256e+05
   4.8500000e+01   1.9134943e+04   1.9458422e+05
   4.8600000e+01   1.4387658e+05   2.4152531e+05
   4.8700000e+01   2.5282636e+05   2.9157978e+05
   4.8800000e+01   3.3245581e+05   3.3056706e+05
   4.8900000e+01   3.7653925e+05   3.4510141e+05
   4.9000000e+01   3.9247700e+05   3.3162312e+05
   4.9100000e+01   3.9707878e+05   2.9475906e+05
   4.9200000e+01   4.0363847e+05   2.3917375e+05
   4.9300000e+01   4.1186388e+05   1.6537625e+05
   4.9400000e+01   4.0996300e+05   7.3230477e+04
   4.9500000e+01   3.8616316e+05  -3.3222422e+04
   4.9600000e+01   3.3846112e+05  -1.4663261e+05
   4.9700000e+01   2.7480872e+05  -2.6128734e+05
   4.9800000e+01   2.0596331e+05  -3.7487972e+05
   4.9900000e+01   1.3882005e+05  -4.8452197e+05
   5.0000000e+01   7.5093805e+04  -5.8252306e+05
   5.0100000e+01   1.4085131e+04  -6.5793319e+05
   5.0200000e+01  -4.4446367e+04  -7.0252531e+05
   5.0300000e+01  -9.9603414e+04  -7.1472250e+05
   5.0400000e+01  -1.5041272e+05  -6.9813744e+05
   5.0500000e+01  -1.9687553e+05  -6.5768744e+05
   5.0600000e+01  -2.3951814e+05  -5.9759844e+05
   5.0700000e+01  -2.7726231e+05  -5.2177034e+05
   5.0800000e+01  -3.0541438e+05  -4.3423459e+05
   5.0900000e+01  -3.1667500e+05  -3.3873322e+05
   5.1000000e+01  -3.0611044e+05  -2.3843558e+05
   5.1100000e+01  -2.7658947e+05  -1.3629125e+05
   5.1200000e+01  -2.3892845e+05  -3.5186117e+04
   5.1300000e+01  -2.0484025e+05   6.2361184e+04
   5.1400000e+01  -1.7805952e+05   1.5402842e+05
   5.1500000e+01  -1.5190114e+05   2.3696472e+05
   5.1600000e+01  -1.1586938e+05   3.0808341e+05
   5.1700000e+01  -6.5100125e+04   3.6590625e+05
   5.1800000e+01  -3.8093809e+03   4.1150684e+05
   5.1900000e+01   5.9578043e+04   4.4616291e+05
   5.2000000e+01   1.1941120e+05   4.6782984e+05
   5.2100000e+01   1.7427825e+05   4.7158019e+05
   5.2200000e+01   2.2226356e+05   4.5519938e+05
   5.2300000e+01   2.5679584e+05   4.2409400e+05
   5.2400000e+01   2.6953019e+05   3.8896338e+05
   5.2500000e+01   2.5852895e+05   3.5750297e+05
   5.2600000e+01   2.3278689e+05   3.2866284e+05
   5.2700000e+01   2.0658231e+05   2.9560828e+05
   5.2800000e+01   1.8782173e+05   2.5414288e+05
   5.2900000e+01   1.7213477e+05   2.0786116e+05
   5.3000000e+01   1.4951762e+05   1.6532231e+05
   5.3100000e+01   1.1699838e+05   1.3258461e+05
   5.3200000e+01   8.3713695e+04   1.0799123e+05
   5.3300000e+01   6.2582266e+04   8.3213992e+04
   5.3400000e+01   5.7238609e+04   4.9510023e+04
   5.3500000e+01   5.7871773e+04   4.7497915e+03
   5.3600000e+01   4.9825289e+04  -4.3957375e+04
   5.3700000e+01   2.5816953e+04  -8.4825500e+04
   5.3800000e+01  -9.4719688e+03  -1.1052408e+05
   5.3900000e+01  -4.4537035e+04  -1.2440516e+05
   5.4000000e+01  -6.9323727e+04  -1.3769536e+05
   5.4100000e+01  -8.0105570e+04  -1.5968497e+05
   5.4200000e+01  -7.9848438e+04  -1.9019081e+05
   5.4300000e+01  -7.6024047e+04  -2.2145909e+05
   5.4400000e+01  -7.7099047e+04  -2.4672720e+05
   5.4500000e+01  -8.8372414e+04  -2.6576903e+05
   5.4600000e+01  -1.0911839e+05  -2.8166781e+05
   5.4700000e+01  -1.3322961e+05  -2.9320684e+05
   5.4800000e+01  -1.5300333e+05  -2.9211444e+05
   5.4900000e+01  -1.6310692e+05  -2.6888853e+05
   5.5000000e+01  -1.6221958e+05  -2.2160192e+05
   5.5100000e+01  -1.5229488e+05  -1.5903073e+05
   5.5200000e+01  -1.3665828e+05  -9.5201180e+04
   5.5300000e+01  -1.1773127e+05  -4.0393637e+04
   5.5400000e+01  -9.5100594e+04   3.9768110e+03
   5.5500000e+01  -6.5408734e+04   4.3499012e+04
   5.5600000e+01  -2.5123359e+04   8.4651344e+04
   5.5700000e+01   2.5174504e+04   1.2941870e+05
   5.5800000e+01   7.8402312e+04   1.7379494e+05
   5.5900000e+01   1.2305209e+05   2.1022138e+05
   5.6000000e+01   1.4907095e+05   2.3193255e+05
   5.6100000e+01   1.5394530e+05   2.3651692e+05
   5.6200000e+01   1.4466303e+05   2.2657922e+05
   5.6300000e+01   1.3323128e+05   2.0726019e+05
   5.6400000e+01   1.2778360e+05   1.8268408e+05
   5.6500000e+01   1.2572334e+05   1.5418070e+05
   5.6600000e+01   1.1545412e+05   1.2133178e+05
   5.6700000e+01   8.6705305e+04   8.4261125e+04
   5.6800000e+01   4.0938695e+04   4.4846785e+04
   5.6900000e+01  -8.1335752e+03   6.1784829e+03
   5.7000000e+01  -4.5004184e+04  -2.8634016e+04
   5.7100000e+01  -6.3900113e+04  -5.7185434e+04
   5.7200000e+01  -7.0324641e+04  -7.8041867e+04
   5.7300000e+01  -7.2074727e+04  -9.0973531e+04
   5.7400000e+01  -7.0218109e+04  -9.6922727e+04
   5.7500000e+01  -5.9970402e+04  -9.7118422e+04
   5.7600000e+01  -3.9940969e+04  -9.1539531e+04
   5.7700000e+01  -1.8507723e+04  -7.7998266e+04
   5.7800000e+01  -8.8620117e+03  -5.3127328e+04
   5.7900000e+01  -1.6703102e+04  -1.5266698e+04
   5.8000000e+01  -3.3394551e+04   3.2438369e+04
   5.8100000e+01  -4.2904801e+04   8.1193742e+04
   5.8200000e+01  -3.7042398e+04   1.1936171e+05
   5.8300000e+01  -2.4277523e+04   1.3766408e+05
   5.8400000e+01  -2.2703902e+04   1.3330803e+05
   5.8500000e+01  -4.2965375e+04   1.1010649e+05
   5.8600000e+01  -7.7249047e+04   7.4871922e+04
   5.8700000e+01  -1.0509562e+05   3.3129547e+04
   5.8800000e+01  -1.1072416e+05  -1.3088668e+04
   5.8900000e+01  -9.5708367e+04  -6.4894203e+04
   5.9000000e+01  -7.5799297e+04  -1.2451780e+05
   5.9100000e+01  -6.5946133e+04  -1.9232506e+05
   5.9200000e+01  -6.7752711e+04  -2.6391109e+05
   5.9300000e+01  -6.9699477e+04  -3.2964981e+05
   5.9400000e+01  -5.8087863e+04  -3.7870206e+05
   5.9500000e+01  -2.8401900e+04  -4.0566450e+05
   5.9600000e+01   1.1305573e+04  -4.1411638e+05
   5.9700000e+01   4.5774703e+04  -4.1270656e+05
   5.9800000e+01   6.1704340e+04  -4.0630544e+05
   5.9900000e+01   5.4898348e+04  -3.9037506e+05
   6.0000000e+01   3.1755611e+04  -3.5445456e+05
   6.0100000e+01   4.6921128e+03  -2.9195616e+05
   6.0200000e+01  -1.5497352e+04  -2.0696953e+05
   6.0300000e+01  -2.5282301e+04  -1.1140178e+05
   6.0400000e+01  -2.8425025e+04  -1.5256545e+04
   6.0500000e+01  -3.1206031e+04   8.0272164e+04
   6.0600000e+01  -3.7200164e+04   1.8008645e+05
   6.0700000e+01  -4.5341402e+04   2.8581603e+05
   6.0800000e+01  -5.1488004e+04   3.8935834e+05
   6.0900000e+01  -5.1261316e+04   4.7563791e+05
   6.1000000e+01  -4.2273594e+04   5.3171750e+05
   6.1100000e+01  -2.5081990e+04   5.5407681e+05
   6.1200000e+01  -2.5315337e+03   5.4899825e+05
   6.1300000e+01   2.2511791e+04   5.2764794e+05
   6.1400000e+01   4.9522133e+04   5.0033094e+05
   6.1500000e+01   8.0217508e+04   4.7262288e+05
   6.1600000e+01   1.1539945e+05   4.4406162e+05
   6.1700000e+01   1.5183166e+05   4.0997084e+05
   6.1800000e+01   1.8303528e+05   3.6617766e+05
   6.1900000e+01   2.0373667e+05   3.1338175e+05
   6.2000000e+01   2.1323003e+05   2.5665788e+05
   6.2100000e+01   2.1408658e+05   1.9988656e+05
   6.2200000e+01   2.0852217e+05   1.4125959e+05
   6.2300000e+01   1.9763773e+05   7.6075648e+04
   6.2400000e+01   1.8427802e+05   4.9609443e+03
   6.2500000e+01   1.7408470e+05  -6.1741539e+04
   6.2600000e+01   1.7058945e+05  -1.0983088e+05
   6.2700000e+01   1.6866250e+05  -1.3282977e+05
   6.2800000e+01   1.5539900e+05  -1.3796277e+05
   6.2900000e+01   1.2070384e+05  -1.4052444e+05
   6.3000000e+01   6.8123078e+04  -1.5224889e+05
   6.3100000e+01   1.4209389e+04  -1.7456122e+05
   6.3200000e+01  -2.4052037e+04  -2.0159920e+05
   6.3300000e+01  -4.1705273e+04  -2.2806175e+05
   6.3400000e+01  -4.6482027e+04  -2.5357689e+05
   6.3500000e+01  -4.8535367e+04  -2.8043078e+05
   6.3600000e+01  -5.0682727e+04  -3.0850981e+05
   6.3700000e+01  -4.8311590e+04  -3.3324728e+05
   6.3800000e+01  -3.7048098e+04  -3.4861819e+05
   6.3900000e+01  -1.9069799e+04  -3.5228306e+05
   6.4000000e+01  -2.1120073e+03  -3.4817984e+05
   6.4100000e+01   6.4040664e+03  -3.4412350e+05
   6.4200000e+01   3.4782129e+03  -3.4610178e+05
   6.4300000e+01  -1.0467059e+04  -3.5364672e+05
   6.4400000e+01  -3.5036527e+04  -3.5980191e+05
   6.4500000e+01  -7.1051430e+04  -3.5551894e+05
   6.4600000e+01  -1.1813269e+05  -3.3498234e+05
   6.4700000e+01  -1.7179408e+05  -2.9819416e+05
   6.4800000e+01  -2.2382166e+05  -2.4984222e+05
   6.4900000e+01  -2.6624047e+05  -1.9615305e+05
   6.5000000e+01  -2.9552722e+05  -1.4200817e+05
   6.5100000e+01  -3.1348388e+05  -8.9603680e+04
   6.5200000e+01  -3.2414806e+05  -3.8865496e+04
   6.5300000e+01  -3.2935522e+05   1.0953788e+04
   6.5400000e+01  -3.2659388e+05   5.9804855e+04
   6.5500000e+01  -3.1107234e+05   1.0678071e+05
   6.5600000e+01  -2.8053288e+05   1.5126373e+05
   6.5700000e+01  -2.3862780e+05   1.9347306e+05
   6.5800000e+01  -1.9329181e+05   2.3326658e+05
   6.5900000e+01  -1.5095939e+05   2.6874719e+05
   6.6000000e+01  -1.1195687e+05   2.9732828e+05
   6.6100000e+01  -7.1837188e+04   3.1908122e+05
   6.6200000e+01  -2.7455115e+04   3.3846988e+05
   6.6300000e+01   1.8617818e+04   3.6129425e+05
   6.6400000e+01   5.9984344e+04   3.8906938e+05
   6.6500000e+01   9.2185453e+04   4.1681866e+05
   6.6600000e+01   1.1568930e+05   4.3710847e+05
   6.6700000e+01   1.3310481e+05   4.4618916e+05
   6.6800000e+01   1.4469045e+05   4.4560066e+05
   6.6900000e+01   1.4818234e+05   4.3779538e+05
   6.7000000e+01   1.4354431e+05   4.2118384e+05
   6.7100000e+01   1.3702455e+05   3.9042169e+05
   6.7200000e+01   1.3915734e+05   3.4148894e+05
   6.7300000e+01   1.5762241e+05   2.7581219e+05
   6.7400000e+01   1.9113172e+05   1.9929400e+05
   6.7500000e+01   2.2955744e+05   1.1804539e+05
   6.7600000e+01   2.6006116e+05   3.5642473e+04
   6.7700000e+01   2.7454016e+05  -4.5959191e+04
   6.7800000e+01   2.7349028e+05  -1.2405823e+05
   6.7900000e+01   2.6435422e+05  -1.9456652e+05
   6.8000000e+01   2.5586808e+05  -2.5368862e+05
   6.8100000e+01   2.5203795e+05  -3.0001150e+05
   6.8200000e+01   2.4950817e+05  -3.3512744e+05
   6.8300000e+01   2.4002669e+05  -3.6258484e+05
   6.8400000e+01   2.1630819e+05  -3.8611862e+05
   6.8500000e+01   1.7708431e+05  -4.0794453e+05
   6.8600000e+01   1.2774405e+05  -4.2728944e+05
   6.8700000e+01   7.6490258e+04  -4.3942547e+05
   6.8800000e+01   2.9342082e+04  -4.3629356e+05
   6.8900000e+01  -1.2380422e+04  -4.0997003e+05
   6.9000000e+01  -5.1096613e+04  -3.5829641e+05
   6.9100000e+01  -9.0143727e+04  -2.8886178e+05
   6.9200000e+01  -1.3101524e+05  -2.1681316e+05
   6.9300000e+01  -1.7142112e+05  -1.5625867e+05
   6.9400000e+01  -2.0459128e+05  -1.1144100e+05
   6.9500000e+01  -2.2095634e+05  -7.5473688e+04
   6.9600000e+01  -2.1283525e+05  -3.8067348e+04
   6.9700000e+01  -1.7994258e+05   5.0063359e+03
   6.9800000e+01  -1.3121491e+05   4.9605824e+04
   6.9900000e+01  -8.0437211e+04   8.9357094e+04
   7.0000000e+01  -3.8639469e+04   1.2287851e+05
   7.0100000e+01  -9.4542324e+03   1.5446375e+05
   7.0200000e+01   9.4533945e+03   1.8845294e+05
   7.0300000e+01   2.1894123e+04   2.2421555e+05
   7.0400000e+01   3.0674012e+04   2.5703588e+05
   7.0500000e+01   3.8186914e+04   2.8310416e+05
   7.0600000e+01   4.6713883e+04   3.0269512e+05
   7.0700000e+01   5.6119379e+04   3.1834769e+05
   7.0800000e+01   6.1458527e+04   3.3041581e+05
   7.0900000e+01   5.4703539e+04   3.3474741e+05
   7.1000000e+01   3.0601641e+04   3.2485834e+05
   7.1100000e+01  -8.3635049e+03   2.9676594e+05
   7.1200000e+01  -5.2739281e+04   2.5223855e+05
   7.1300000e+01  -9.2347211e+04   1.9745238e+05
   7.1400000e+01  -1.2319684e+05   1.3814567e+05
   7.1500000e+01  -1.4993030e+05   7.5953141e+04
   7.1600000e+01  -1.8183777e+05   9.6984160e+03
   7.1700000e+01  -2.2486102e+05  -5.9912430e+04
   7.1800000e+01  -2.7545091e+05  -1.2785891e+05
   7.1900000e+01  -3.2190122e+05  -1.8783662e+05
   7.2000000e+01  -3.5307606e+05  -2.3727856e+05
   7.2100000e+01  -3.6696400e+05  -2.7824559e+05
   7.2200000e+01  -3.7039784e+05  -3.1309619e+05
   7.2300000e+01  -3.6976472e+05  -3.4028553e+05
   7.2400000e+01  -3.6251059e+05  -3.5524141e+05
   7.2500000e+01  -3.3902678e+05  -3.5477828e+05
   7.2600000e+01  -2.9329922e+05  -3.3950272e+05
   7.2700000e+01  -2.3080281e+05  -3.1192844e+05
   7.2800000e+01  -1.6484509e+05  -2.7355572e+05
   7.2900000e+01  -1.0482293e+05  -2.2464473e+05
   7.3000000e+01  -4.8185047e+04  -1.6602400e+05
   7.3100000e+01   1.6074068e+04  -9.9629820e+04
   7.3200000e+01   9.5908625e+04  -2.7092355e+04
   7.3300000e+01   1.8747269e+05   5.0515027e+04
   7.3400000e+01   2.7684469e+05   1.2949467e+05
   7.3500000e+01   3.5024431e+05   1.9975184e+05
   7.3600000e+01   4.0339156e+05   2.4627791e+05
   7.3700000e+01   4.4203272e+05   2.5783609e+05
   7.3800000e+01   4.7430434e+05   2.3681697e+05
   7.3900000e+01   5.0314575e+05   2.0056980e+05
   7.4000000e+01   5.2584500e+05   1.7056972e+05
   7.4100000e+01   5.3939331e+05   1.5715664e+05
   7.4200000e+01   5.4418300e+05   1.5300714e+05
   7.4300000e+01   5.4170925e+05   1.4135327e+05
   7.4400000e+01   5.3018006e+05   1.1145721e+05
   7.4500000e+01   5.0480781e+05   6.7490789e+04
   7.4600000e+01   4.6335962e+05   2.4051629e+04
   7.4700000e+01   4.1018612e+05  -5.7594253e+03
   7.4800000e+01   3.5307938e+05  -1.8408031e+04
   7.4900000e+01   2.9593078e+05  -1.8717637e+04
   7.5000000e+01   2.3577248e+05  -1.3233084e+04
   7.5100000e+01   1.6817734e+05  -5.3543164e+03
   7.5200000e+01   9.5193984e+04   4.4435645e+03
   7.5300000e+01   2.6435809e+04   1.5463969e+04
   7.5400000e+01  -2.8822223e+04   2.4855734e+04
   7.5500000e+01  -7.0513539e+04   2.9039143e+04
   7.5600000e+01  -1.0796149e+05   2.7155406e+04
   7.5700000e+01  -1.5075778e+05   2.2961148e+04
   7.5800000e+01  -1.9959566e+05   2.2430312e+04
   7.5900000e+01  -2.4617394e+05   2.8190148e+04
   7.6000000e+01  -2.8152941e+05   3.5777789e+04
   7.6100000e+01  -3.0379794e+05   3.6188500e+04
   7.6200000e+01  -3.1825791e+05   2.3418008e+04
   7.6300000e+01  -3.3131878e+05  -9.6136719e+01
   7.6400000e+01  -3.4541197e+05  -2.6178283e+04
   7.6500000e+01  -3.5878016e+05  -4.9538285e+04
   7.6600000e+01  -3.6839978e+05  -7.2941812e+04
   7.6700000e+01  -3.7275206e+05  -1.0230034e+05
   7.6800000e+01  -3.7336078e+05  -1.3618578e+05
   7.6900000e+01  -3.7494719e+05  -1.6186356e+05
   7.7000000e+01  -3.8304644e+05  -1.6438511e+05
   7.7100000e+01  -3.9919772e+05  -1.4115106e+05
   7.7200000e+01  -4.1783225e+05  -1.0682992e+05
   7.7300000e+01  -4.2962041e+05  -8.1897812e+04
   7.7400000e+01  -4.2965438e+05  -7.4635188e+04
   7.7500000e+01  -4.2210041e+05  -7.3932258e+04
   7.7600000e+01  -4.1549325e+05  -6.0354484e+04
   7.7700000e+01  -4.1323200e+05  -2.5248465e+04
   7.7800000e+01  -4.0958038e+05   2.0137021e+04
   7.7900000e+01  -3.9506809e+05   5.3912621e+04
   7.8000000e+01  -3.6457256e+05   6.2275566e+04
   7.8100000e+01  -3.1955962e+05   5.0543305e+04
   7.8200000e+01  -2.6405722e+05   3.7395566e+04
   7.8300000e+01  -2.0062678e+05   3.8886238e+04
   7.8400000e+01  -1.3028465e+05   5.6882688e+04
   7.8500000e+01  -5.4239484e+04   8.0559906e+04
   7.8600000e+01   2.5788629e+04   9.6946531e+04
   7.8700000e+01   1.0824409e+05   9.9914242e+04
   7.8800000e+01   1.9136886e+05   9.1161812e+04
   7.8900000e+01   2.7221262e+05   7.5339867e+04
   7.9000000e+01   3.4704866e+05   5.5574797e+04
   7.9100000e+01   4.1313631e+05   3.2994625e+04
   7.9200000e+01   4.6968922e+05   9.0553252e+03
   7.9300000e+01   5.1736731e+05  -1.2604415e+04
   7.9400000e+01   5.5786138e+05  -2.6810633e+04
   7.9500000e+01   5.9412650e+05  -2.9696547e+04
   7.9600000e+01   6.2935900e+05  -2.1731930e+04
   7.9700000e+01   6.6378006e+05  -8.4310283e+03
   7.9800000e+01   6.9207406e+05   2.6513164e+03
   7.9900000e+01   7.0512300e+05   7.2976523e+03
   8.0000000e+01   6.9537312e+05   8.4219453e+03
   8.0100000e+01   6.6117169e+05   1.4614012e+04
   8.0200000e+01   6.0685838e+05   3.3777531e+04
   8.0300000e+01   5.3981669e+05   6.6788805e+04
   8.0400000e+01   4.6742703e+05   1.0662128e+05
   8.0500000e+01   3.9501841e+05   1.4364800e+05
   8.0600000e+01   3.2462006e+05   1.7208391e+05
   8.0700000e+01   2.5503097e+05   1.9160341e+05
   8.0800000e+01   1.8377964e+05   2.0334123e+05
   8.0900000e+01   1.0965098e+05   2.0553992e+05
   8.1000000e+01   3.3548113e+04   1.9440400e+05
   8.1100000e+01  -4.2473629e+04   1.6949562e+05
   8.1200000e+01  -1.1600684e+05   1.3693039e+05
   8.1300000e+01  -1.8400683e+05   1.0499878e+05
   8.1400000e+01  -2.4297188e+05   7.5118125e+04
   8.1500000e+01  -2.9075034e+05   3.7535133e+04
   8.1600000e+01  -3.2820453e+05  -2.1912309e+04
   8.1700000e+01  -3.5819812e+05  -1.0836085e+05
   8.1800000e+01  -3.8248406e+05  -2.0989388e+05
   8.1900000e+01  -3.9985866e+05  -3.0333891e+05
   8.2000000e+01  -4.0755794e+05  -3.7001147e+05
   8.2100000e+01  -4.0434822e+05  -4.0805331e+05
   8.2200000e+01  -3.9260903e+05  -4.3059700e+05
   8.2300000e+01  -3.7830456e+05  -4.5161672e+05
   8.2400000e+01  -3.6898206e+05  -4.7241491e+05
   8.2500000e+01  -3.6999725e+05  -4.8077350e+05
   8.2600000e+01  -3.8032519e+05  -4.6272344e+05
   8.2700000e+01  -3.9152166e+05  -4.1532875e+05
   8.2800000e+01  -3.9264834e+05  -3.4896903e+05
   8.2900000e+01  -3.7851897e+05  -2.7848891e+05
   8.3000000e+01  -3.5379731e+05  -2.1262869e+05
   8.3100000e+01  -3.2809812e+05  -1.5075375e+05
   8.3200000e+01  -3.0604900e+05  -8.7390195e+04
   8.3300000e+01  -2.8190466e+05  -1.8536830e+04
   8.3400000e+01  -2.4420920e+05   5.5269957e+04
   8.3500000e+01  -1.8637066e+05   1.2948937e+05
   8.3600000e+01  -1.1379621e+05   1.9785078e+05
   8.3700000e+01  -4.1906199e+04   2.5526331e+05
   8.3800000e+01   1.2832977e+04   3.0043266e+05
   8.3900000e+01   4.2063816e+04   3.3616372e+05
   8.4000000e+01   4.9141152e+04   3.6606672e+05
   8.4100000e+01   4.5737801e+04   3.9003800e+05
   8.4200000e+01   4.4266219e+04   4.0333556e+05
   8.4300000e+01   5.1217645e+04   4.0115350e+05
   8.4400000e+01   6.5631242e+04   3.8458672e+05
   8.4500000e+01   8.2843914e+04   3.6161597e+05
   8.4600000e+01   9.9335367e+04   3.4135738e+05
   8.4700000e+01   1.1417563e+05   3.2665062e+05
   8.4800000e+01   1.2699691e+05   3.1185959e+05
   8.4900000e+01   1.3653756e+05   2.8776191e+05
   8.5000000e+01   1.4236583e+05   2.4891197e+05
   8.5100000e+01   1.4701780e+05   1.9721428e+05
   8.5200000e+01   1.5399219e+05   1.3963127e+05
   8.5300000e+01   1.6249216e+05   8.3289016e+04
   8.5400000e+01   1.6604742e+05   3.2647672e+04
   8.5500000e+01   1.5965422e+05  -9.7877725e+03
   8.5600000e+01   1.4943147e+05  -4.1678512e+04
   8.5700000e+01   1.5258909e+05  -6.1088961e+04
   8.5800000e+01   1.8368745e+05  -6.8934484e+04
   8.5900000e+01   2.3886139e+05  -7.0740680e+04
   8.6000000e+01   2.9480772e+05  -7.4924523e+04
   8.6100000e+01   3.2587781e+05  -8.8068023e+04
   8.6200000e+01   3.2395703e+05  -1.1080809e+05
   8.6300000e+01   3.0256472e+05  -1.3780292e+05
   8.6400000e+01   2.8264319e+05  -1.6176111e+05
   8.6500000e+01   2.7514528e+05  -1.7802662e+05
   8.6600000e+01   2.7615494e+05  -1.8614523e+05
   8.6700000e+01   2.7524012e+05  -1.8820178e+05
   8.6800000e+01   2.6509428e+05  -1.8681330e+05
   8.6900000e+01   2.4307053e+05  -1.8505144e+05
   8.7000000e+01   2.0711866e+05  -1.8713684e+05
   8.7100000e+01   1.5472770e+05  -1.9692445e+05
   8.7200000e+01   8.7678273e+04  -2.1375906e+05
   8.7300000e+01   1.6231688e+04  -2.2959752e+05
   8.7400000e+01  -4.4581238e+04  -2.3189328e+05
   8.7500000e+01  -8.5388602e+04  -2.1173145e+05
   8.7600000e+01  -1.1012035e+05  -1.7078142e+05
   8.7700000e+01  -1.3277300e+05  -1.2053146e+05
   8.7800000e+01  -1.6542525e+05  -7.4026195e+04
   8.7900000e+01  -2.0827005e+05  -3.7432953e+04
   8.8000000e+01  -2.5044600e+05  -8.7386777e+03
   8.8100000e+01  -2.7976672e+05   1.6391814e+04
   8.8200000e+01  -2.9121947e+05   3.8453164e+04
   8.8300000e+01  -2.8690088e+05   5.3910273e+04
   8.8400000e+01  -2.7026538e+05   6.0354242e+04
   8.8500000e+01  -2.4327420e+05   6.0837328e+04
   8.8600000e+01  -2.0986314e+05   6.2549633e+04
   8.8700000e+01  -1.7983406e+05   7.1005086e+04
   8.8800000e+01  -1.6553194e+05   8.5159148e+04
   8.8900000e+01  -1.7202328e+05   9.7845773e+04
   8.9000000e+01  -1.9020694e+05   1.0138526e+05
   8.9100000e+01  -2.0100142e+05   9.4073617e+04
   8.9200000e+01  -1.8847775e+05   8.2205273e+04
   8.9300000e+01  -1.5124975e+05   7.5169531e+04
   8.9400000e+01  -1.0293017e+05   7.6806211e+04
   8.9500000e+01  -6.1864668e+04   8.0500922e+04
   8.9600000e+01  -3.8683855e+04   7.3536234e+04
   8.9700000e+01  -3.0885559e+04   4.8041293e+04
   8.9800000e+01  -2.7415207e+04   8.8990967e+03
   8.9900000e+01  -1.8730520e+04  -2.8913785e+04
   9.0000000e+01  -4.4839497e+03  -5.1116965e+04
   9.0100000e+01   6.5892041e+03  -5.3105152e+04
   9.0200000e+01   3.9713093e+03  -3.9982594e+04
   9.0300000e+01  -1.6035089e+04  -1.9911217e+04
   9.0400000e+01  -4.7102719e+04   1.5394204e+03
   9.0500000e+01  -7.7391312e+04   2.1745537e+04
   9.0600000e+01  -9.7709016e+04   3.8536664e+04
   9.0700000e+01  -1.0618093e+05   4.9424355e+04
   9.0800000e+01  -1.0568122e+05   5.3468652e+04
   9.0900000e+01  -9.7502812e+04   5.2782152e+04
   9.1000000e+01  -7.8646453e+04   5.1074215e+04
   9.1100000e+01  -4.6083617e+04   5.0254258e+04
   9.1200000e+01  -3.2062534e+03   4.8555301e+04
   9.1300000e+01   3.9498512e+04   4.2336664e+04
   9.1400000e+01   7.1627188e+04   3.0091725e+04
   9.1500000e+01   9.1372492e+04   1.4810045e+04
   9.1600000e+01   1.0718036e+05   2.1478989e+03
   9.1700000e+01   1.3116702e+05  -4.1421851e+03
   9.1800000e+01   1.7030859e+05  -5.2114497e+03
   9.1900000e+01   2.2207983e+05  -5.6234512e+03
   9.2000000e+01   2.7635450e+05  -8.9620312e+03
   9.2100000e+01   3.2111416e+05  -1.5046611e+04
   9.2200000e+01   3.4852609e+05  -2.1305750e+04
   9.2300000e+01   3.5832153e+05  -2.6164148e+04
   9.2400000e+01   3.5617006e+05  -3.0263906e+04
   9.2500000e+01   3.4766016e+05  -3.4344133e+04
   9.2600000e+01   3.3285672e+05  -3.6964398e+04
   9.2700000e+01   3.0710647e+05  -3.5534105e+04
   9.2800000e+01   2.6785981e+05  -2.9802910e+04
   9.2900000e+01   2.2023361e+05  -2.3365594e+04
   9.3000000e+01   1.7447336e+05  -2.0552010e+04
   9.3100000e+01   1.3695188e+05  -2.1550730e+04
   9.3200000e+01   1.0361212e+05  -2.1352258e+04
   9.3300000e+01   6.2740531e+04  -1.4562357e+04
   9.3400000e+01   5.0639941e+03  -1.8776770e+03
   9.3500000e+01  -6.7405000e+04   8.3080791e+03
   9.3600000e+01  -1.4104473e+05   5.5294795e+03
   9.3700000e+01  -1.9912333e+05  -1.4234151e+04
   9.3800000e+01  -2.3265277e+05  -4.4444781e+04
   9.3900000e+01  -2.4529595e+05  -7.2055945e+04
   9.4000000e+01  -2.4869714e+05  -8.6501461e+04
   9.4100000e+01  -2.5270995e+05  -8.6137281e+04
   9.4200000e+01  -2.5937542e+05  -7.7178242e+04
   9.4300000e+01  -2.6517147e+05  -6.7275117e+04
   9.4400000e+01  -2.6715462e+05  -6.0409098e+04
   9.4500000e+01  -2.6526969e+05  -5.6950215e+04
   9.4600000e+01  -2.5911655e+05  -5.6100824e+04
   9.4700000e+01  -2.4485072e+05  -5.5873613e+04
   9.4800000e+01  -2.1720814e+05  -5.0839441e+04
   9.4900000e+01  -1.7456789e+05  -3.2908152e+04
   9.5000000e+01  -1.2134801e+05   2.4738857e+03
   9.5100000e+01  -6.5816953e+04   5.0277551e+04
   9.5200000e+01  -1.6261464e+04   9.7764656e+04
   9.5300000e+01   2.1778555e+04   1.3421045e+05
   9.5400000e+01   4.7234438e+04   1.5937586e+05
   9.5500000e+01   6.4100820e+04   1.8242259e+05
   9.5600000e+01   7.9051547e+04   2.1262798e+05
   9.5700000e+01   9.6022500e+04   2.5062631e+05
   9.5800000e+01   1.1226363e+05   2.8697403e+05
   9.5900000e+01   1.2067967e+05   3.0786216e+05
   9.6000000e+01   1.1689409e+05   3.0344706e+05
   9.6100000e+01   1.0367844e+05   2.7411331e+05
   9.6200000e+01   8.7969641e+04   2.3114477e+05
   9.6300000e+01   7.4057609e+04   1.9035242e+05
   9.6400000e+01   6.0693039e+04   1.6172431e+05
   9.6500000e+01   4.5060094e+04   1.4264705e+05
   9.6600000e+01   2.8671332e+04   1.2079466e+05
   9.6700000e+01   1.8221590e+04   8.4622445e+04
   9.6800000e+01   2.0099643e+04   3.2292037e+04
   9.6900000e+01   3.4132473e+04  -2.8341922e+04
   9.7000000e+01   5.2997676e+04  -8.7139141e+04
   9.7100000e+01   6.7915336e+04  -1.3851117e+05
   9.7200000e+01   7.4909367e+04  -1.8196327e+05
   9.7300000e+01   7.5728695e+04  -2.1783138e+05
   9.7400000e+01   7.3530844e+04  -2.4382209e+05
   9.7500000e+01   6.8851484e+04  -2.5574681e+05
   9.7600000e+01   6.0084617e+04  -2.5107917e+05
   9.7700000e+01   4.6631875e+04  -2.3177280e+05
   9.7800000e+01   2.9910090e+04  -2.0418755e+05
   9.7900000e+01   1.1171338e+04  -1.7641958e+05
   9.8000000e+01  -9.9191963e+03  -1.5473183e+05
   9.8100000e+01  -3.3012512e+04  -1.4114923e+05
   9.8200000e+01  -5.3972473e+04  -1.3388088e+05
   9.8300000e+01  -6.6108281e+04  -1.3045023e+05
   9.8400000e+01  -6.5891266e+04  -1.3074934e+05
   9.8500000e+01  -5.7173129e+04  -1.3657200e+05
   9.8600000e+01  -4.8720105e+04  -1.4759709e+05
   9.8700000e+01  -4.6857863e+04  -1.5833519e+05
   9.8800000e+01  -4.9999055e+04  -1.6043550e+05
   9.8900000e+01  -4.9722457e+04  -1.4898812e+05
   9.9000000e+01  -3.7158316e+04  -1.2651471e+05
   9.9100000e+01  -9.7879092e+03  -1.0057428e+05
   9.9200000e+01   2.5729562e+04  -7.7912406e+04
   9.9300000e+01   5.6458203e+04  -6.1275680e+04
   9.9400000e+01   7.0494750e+04  -5.0774469e+04
   9.9500000e+01   6.4373742e+04  -4.6046793e+04
   9.9600000e+01   4.5082504e+04  -4.5742328e+04
   9.9700000e+01   2.4382812e+04  -4.5811777e+04
   9.9800000e+01   9.8664717e+03  -4.0435336e+04
   9.9900000e+01   1.2361899e+03  -2.6081291e+04
   1.0000000e+02  -5.2784155e+03  -4.9031475e+03
