   1.1851270e+02   3.6301420e+01   1.8450000e+02
   1.1906095e+02   3.6452112e+01   1.0160000e+02
   0.0000000e+00   5.1696481e+05   5.1696481e+05
   1.0000000e-01   4.5597144e+05   5.3279694e+05
   2.0000000e-01   3.7581928e+05   5.0787644e+05
   3.0000000e-01   3.1062406e+05   4.6923712e+05
   4.0000000e-01   2.7126516e+05   4.3935150e+05
   5.0000000e-01   2.3703538e+05   4.1757947e+05
   6.0000000e-01   1.7895670e+05   3.8534781e+05
   7.0000000e-01   9.0526297e+04   3.2507559e+05
   8.0000000e-01  -5.1187866e+03   2.3326248e+05
   9.0000000e-01  -7.7014633e+04   1.1971013e+05
   1.0000000e+00  -1.1332734e+05  -1.1792773e+02
   1.1000000e+00  -1.2705341e+05  -1.1048357e+05
   1.2000000e+00  -1.3779422e+05  -1.9760759e+05
   1.3000000e+00  -1.5016850e+05  -2.5284469e+05
   1.4000000e+00  -1.4974969e+05  -2.7704538e+05
   1.5000000e+00  -1.1807358e+05  -2.8107188e+05
   1.6000000e+00  -5.0434617e+04  -2.7928753e+05
   1.7000000e+00   3.9951777e+04  -2.8025366e+05
   1.8000000e+00   1.3296792e+05  -2.8276938e+05
   1.9000000e+00   2.1542591e+05  -2.8069497e+05
   2.0000000e+00   2.8526081e+05  -2.7134347e+05
   2.1000000e+00   3.4524172e+05  -2.5875916e+05
   2.2000000e+00   3.9514697e+05  -2.4861669e+05
   2.3000000e+00   4.2974662e+05  -2.4032336e+05
   2.4000000e+00   4.4147012e+05  -2.2514748e+05
   2.5000000e+00   4.2290138e+05  -1.9345558e+05
   2.6000000e+00   3.6831603e+05  -1.4500488e+05
   2.7000000e+00   2.7685472e+05  -9.2588797e+04
   2.8000000e+00   1.5615644e+05  -5.4644730e+04
   2.9000000e+00   2.0560934e+04  -4.2037840e+04
   3.0000000e+00  -1.1798079e+05  -4.9936234e+04
   3.1000000e+00  -2.5815420e+05  -6.2494250e+04
   3.2000000e+00  -4.0634847e+05  -6.7680281e+04
   3.3000000e+00  -5.6351438e+05  -6.9790484e+04
   3.4000000e+00  -7.1544938e+05  -8.7077867e+04
   3.5000000e+00  -8.3838769e+05  -1.3407717e+05
   3.6000000e+00  -9.1621231e+05  -2.0347900e+05
   3.7000000e+00  -9.5297206e+05  -2.6566953e+05
   3.8000000e+00  -9.6810212e+05  -2.8938338e+05
   3.9000000e+00  -9.7787294e+05  -2.6670441e+05
   4.0000000e+00  -9.7939969e+05  -2.2004977e+05
   4.1000000e+00  -9.5163794e+05  -1.8434780e+05
   4.2000000e+00  -8.7327712e+05  -1.7947203e+05
   4.3000000e+00  -7.4272100e+05  -1.9541548e+05
   4.4000000e+00  -5.8289631e+05  -2.0045819e+05
   4.5000000e+00  -4.2610578e+05  -1.6386845e+05
   4.6000000e+00  -2.9145397e+05  -7.5451719e+04
   4.7000000e+00  -1.7414814e+05   5.0856395e+04
   4.8000000e+00  -5.5502090e+04   1.8956981e+05
   4.9000000e+00   7.6073508e+04   3.2153522e+05
   5.0000000e+00   2.1228453e+05   4.4330194e+05
   5.1000000e+00   3.3134938e+05   5.6139156e+05
   5.2000000e+00   4.1682059e+05   6.7754931e+05
   5.3000000e+00   4.7153944e+05   7.7888556e+05
   5.4000000e+00   5.1509591e+05   8.4225406e+05
   5.5000000e+00   5.6838656e+05   8.4915912e+05
   5.6000000e+00   6.3905294e+05   7.9831019e+05
   5.7000000e+00   7.1872412e+05   7.0584056e+05
   5.8000000e+00   7.9198675e+05   5.9411575e+05
   5.9000000e+00   8.4852981e+05   4.7845366e+05
   6.0000000e+00   8.8944750e+05   3.6093047e+05
   6.1000000e+00   9.2387794e+05   2.3400825e+05
   6.2000000e+00   9.5856506e+05   8.9722391e+04
   6.3000000e+00   9.8785344e+05  -7.2892391e+04
   6.4000000e+00   9.9257531e+05  -2.4707484e+05
   6.5000000e+00   9.5079481e+05  -4.2326394e+05
   6.6000000e+00   8.5352812e+05  -5.9410650e+05
   6.7000000e+00   7.1277800e+05  -7.5512731e+05
   6.8000000e+00   5.5440550e+05  -9.0194550e+05
   6.9000000e+00   4.0091734e+05  -1.0280567e+06
   7.0000000e+00   2.5775036e+05  -1.1250294e+06
   7.1000000e+00   1.1356719e+05  -1.1835239e+06
   7.2000000e+00  -4.6210660e+04  -1.1941296e+06
   7.3000000e+00  -2.2350897e+05  -1.1497954e+06
   7.4000000e+00  -4.0192975e+05  -1.0506451e+06
   7.5000000e+00  -5.5611694e+05  -9.0706388e+05
   7.6000000e+00  -6.6888200e+05  -7.3586350e+05
   7.7000000e+00  -7.4189181e+05  -5.5120400e+05
   7.8000000e+00  -7.9115456e+05  -3.5916756e+05
   7.9000000e+00  -8.3239088e+05  -1.6181116e+05
   8.0000000e+00  -8.6992800e+05   3.4823746e+04
   8.1000000e+00  -8.9712269e+05   2.1971502e+05
   8.2000000e+00  -9.0393750e+05   3.8524778e+05
   8.3000000e+00  -8.8293100e+05   5.3471894e+05
   8.4000000e+00  -8.3132106e+05   6.7828069e+05
   8.5000000e+00  -7.5229350e+05   8.1986994e+05
   8.6000000e+00  -6.5558656e+05   9.4862400e+05
   8.7000000e+00  -5.5327875e+05   1.0437999e+06
   8.8000000e+00  -4.5163203e+05   1.0881082e+06
   8.9000000e+00  -3.4804006e+05   1.0772722e+06
   9.0000000e+00  -2.3904819e+05   1.0199276e+06
   9.1000000e+00  -1.3123570e+05   9.3182844e+05
   9.2000000e+00  -4.0163191e+04   8.3024069e+05
   9.3000000e+00   2.4503383e+04   7.2967794e+05
   9.4000000e+00   7.1470070e+04   6.3800438e+05
   9.5000000e+00   1.2214743e+05   5.5484062e+05
   9.6000000e+00   1.9143231e+05   4.7524009e+05
   9.7000000e+00   2.7536653e+05   3.9642962e+05
   9.8000000e+00   3.5820488e+05   3.2052200e+05
   9.9000000e+00   4.2970547e+05   2.4986309e+05
   1.0000000e+01   4.9344959e+05   1.8108214e+05
   1.0100000e+01   5.5861706e+05   1.0671423e+05
   1.0200000e+01   6.2577312e+05   2.4231908e+04
   1.0300000e+01   6.8210444e+05  -5.8287652e+04
   1.0400000e+01   7.1035606e+05  -1.2880066e+05
   1.0500000e+01   7.0195706e+05  -1.8525956e+05
   1.0600000e+01   6.6193894e+05  -2.4176683e+05
   1.0700000e+01   6.0230931e+05  -3.1831884e+05
   1.0800000e+01   5.3169812e+05  -4.2271550e+05
   1.0900000e+01   4.5166475e+05  -5.4208531e+05
   1.1000000e+01   3.6210731e+05  -6.5191125e+05
   1.1100000e+01   2.6838488e+05  -7.3296156e+05
   1.1200000e+01   1.8160422e+05  -7.8017606e+05
   1.1300000e+01   1.1189405e+05  -7.9809675e+05
   1.1400000e+01   6.2262457e+04  -7.9149850e+05
   1.1500000e+01   2.8757371e+04  -7.6169494e+05
   1.1600000e+01   4.4557192e+03  -7.0891219e+05
   1.1700000e+01  -1.8613547e+04  -6.3361700e+05
   1.1800000e+01  -5.0224438e+04  -5.3391362e+05
   1.1900000e+01  -1.0038198e+05  -4.0473562e+05
   1.2000000e+01  -1.7326047e+05  -2.4423853e+05
   1.2100000e+01  -2.6234381e+05  -6.2901609e+04
   1.2200000e+01  -3.5393631e+05   1.1545431e+05
   1.2300000e+01  -4.3761791e+05   2.6458112e+05
   1.2400000e+01  -5.1342028e+05   3.6964441e+05
   1.2500000e+01  -5.8784781e+05   4.3159500e+05
   1.2600000e+01  -6.6272419e+05   4.5990534e+05
   1.2700000e+01  -7.2894856e+05   4.6315909e+05
   1.2800000e+01  -7.7223169e+05   4.4687544e+05
   1.2900000e+01  -7.8493694e+05   4.1758766e+05
   1.3000000e+01  -7.7115250e+05   3.8483112e+05
   1.3100000e+01  -7.3876238e+05   3.5657922e+05
   1.3200000e+01  -6.8623750e+05   3.3296944e+05
   1.3300000e+01  -5.9901738e+05   3.0616666e+05
   1.3400000e+01  -4.6226006e+05   2.6753625e+05
   1.3500000e+01  -2.7966356e+05   2.1501788e+05
   1.3600000e+01  -7.8998836e+04   1.5319095e+05
   1.3700000e+01   1.0431411e+05   8.6196305e+04
   1.3800000e+01   2.5200495e+05   1.1036881e+04
   1.3900000e+01   3.7199588e+05  -8.1682438e+04
   1.4000000e+01   4.8258469e+05  -1.9992247e+05
   1.4100000e+01   5.8886569e+05  -3.4249450e+05
   1.4200000e+01   6.7646106e+05  -4.9848216e+05
   1.4300000e+01   7.2749031e+05  -6.5389481e+05
   1.4400000e+01   7.3875631e+05  -7.9861144e+05
   1.4500000e+01   7.2163125e+05  -9.2662206e+05
   1.4600000e+01   6.8628512e+05  -1.0301505e+06
   1.4700000e+01   6.3060112e+05  -1.0958676e+06
   1.4800000e+01   5.4612031e+05  -1.1099591e+06
   1.4900000e+01   4.3218416e+05  -1.0683801e+06
   1.5000000e+01   3.0167391e+05  -9.8088931e+05
   1.5100000e+01   1.7393412e+05  -8.6317431e+05
   1.5200000e+01   6.4679473e+04  -7.2545681e+05
   1.5300000e+01  -1.7549492e+04  -5.7062250e+05
   1.5400000e+01  -6.9209359e+04  -4.0222269e+05
   1.5500000e+01  -9.0265492e+04  -2.2822022e+05
   1.5600000e+01  -8.5448664e+04  -5.1187469e+04
   1.5700000e+01  -6.4458754e+04   1.4356791e+05
   1.5800000e+01  -3.8275387e+04   3.8180397e+05
   1.5900000e+01  -1.4401260e+04   6.7543006e+05
   1.6000000e+01   3.8930625e+03   1.0042214e+06
   1.6100000e+01   1.3787503e+04   1.3269579e+06
   1.6200000e+01   9.9828945e+03   1.6124474e+06
   1.6300000e+01  -1.2427826e+04   1.8571616e+06
   1.6400000e+01  -5.1658812e+04   2.0712298e+06
   1.6500000e+01  -9.7452477e+04   2.2508190e+06
   1.6600000e+01  -1.3766158e+05   2.3687542e+06
   1.6700000e+01  -1.6704328e+05   2.3919380e+06
   1.6800000e+01  -1.8876597e+05   2.3041478e+06
   1.6900000e+01  -2.0756705e+05   2.1107525e+06
   1.7000000e+01  -2.2337620e+05   1.8253712e+06
   1.7100000e+01  -2.3260431e+05   1.4568388e+06
   1.7200000e+01  -2.3350830e+05   1.0098371e+06
   1.7300000e+01  -2.2700320e+05   4.9563912e+05
   1.7400000e+01  -2.1190452e+05  -5.9191344e+04
   1.7500000e+01  -1.8279416e+05  -6.1387694e+05
   1.7600000e+01  -1.3592102e+05  -1.1235809e+06
   1.7700000e+01  -7.6935164e+04  -1.5526375e+06
   1.7800000e+01  -1.9850289e+04  -1.8830171e+06
   1.7900000e+01   2.3575705e+04  -2.1121348e+06
   1.8000000e+01   5.2777371e+04  -2.2414498e+06
   1.8100000e+01   7.5579125e+04  -2.2662290e+06
   1.8200000e+01   9.7173508e+04  -2.1774890e+06
   1.8300000e+01   1.1388662e+05  -1.9755721e+06
   1.8400000e+01   1.1860751e+05  -1.6816431e+06
   1.8500000e+01   1.1058758e+05  -1.3338338e+06
   1.8600000e+01   9.7301953e+04  -9.7003606e+05
   1.8700000e+01   8.5971609e+04  -6.1314806e+05
   1.8800000e+01   7.4767219e+04  -2.7155769e+05
   1.8900000e+01   5.3708453e+04   4.8375605e+04
   1.9000000e+01   1.3688855e+04   3.3197653e+05
   1.9100000e+01  -4.6394645e+04   5.5724450e+05
   1.9200000e+01  -1.2031862e+05   7.0377100e+05
   1.9300000e+01  -1.9930517e+05   7.6066644e+05
   1.9400000e+01  -2.7467288e+05   7.2924512e+05
   1.9500000e+01  -3.3790494e+05   6.2185125e+05
   1.9600000e+01  -3.8167225e+05   4.5845409e+05
   1.9700000e+01  -4.0218169e+05   2.6129742e+05
   1.9800000e+01  -3.9940888e+05   4.9891805e+04
   1.9900000e+01  -3.7437084e+05  -1.5958175e+05
   2.0000000e+01  -3.2757169e+05  -3.5044959e+05
   2.0100000e+01  -2.6137194e+05  -5.0364194e+05
   2.0200000e+01  -1.8243131e+05  -6.0302138e+05
   2.0300000e+01  -9.8895609e+04  -6.4401819e+05
   2.0400000e+01  -1.4267331e+04  -6.3572850e+05
   2.0500000e+01   7.4033992e+04  -5.9272856e+05
   2.0600000e+01   1.6830405e+05  -5.2413441e+05
   2.0700000e+01   2.6369956e+05  -4.3003956e+05
   2.0800000e+01   3.4998031e+05  -3.0688553e+05
   2.0900000e+01   4.2055056e+05  -1.5476406e+05
   2.1000000e+01   4.7779050e+05   1.9625955e+04
   2.1100000e+01   5.2728362e+05   2.0427348e+05
   2.1200000e+01   5.6672531e+05   3.8434288e+05
   2.1300000e+01   5.8248988e+05   5.4489981e+05
   2.1400000e+01   5.5942894e+05   6.7458669e+05
   2.1500000e+01   4.9537684e+05   7.6921231e+05
   2.1600000e+01   4.0608028e+05   8.3235419e+05
   2.1700000e+01   3.1490688e+05   8.7139331e+05
   2.1800000e+01   2.3621152e+05   8.9071950e+05
   2.1900000e+01   1.6735620e+05   8.8613000e+05
   2.2000000e+01   9.6171102e+04   8.4471144e+05
   2.2100000e+01   1.6098691e+04   7.5244344e+05
   2.2200000e+01  -6.5487027e+04   6.0664862e+05
   2.2300000e+01  -1.3303673e+05   4.2446344e+05
   2.2400000e+01  -1.7639495e+05   2.3831428e+05
   2.2500000e+01  -1.9947936e+05   7.8863234e+04
   2.2600000e+01  -2.1707772e+05  -4.1988625e+04
   2.2700000e+01  -2.4351769e+05  -1.3368720e+05
   2.2800000e+01  -2.8254738e+05  -2.1330019e+05
   2.2900000e+01  -3.2518153e+05  -2.8838862e+05
   2.3000000e+01  -3.5592894e+05  -3.5139278e+05
   2.3100000e+01  -3.6276025e+05  -3.8825709e+05
   2.3200000e+01  -3.4425966e+05  -3.9094294e+05
   2.3300000e+01  -3.0907984e+05  -3.6221969e+05
   2.3400000e+01  -2.6816134e+05  -3.1076494e+05
   2.3500000e+01  -2.2631642e+05  -2.4382683e+05
   2.3600000e+01  -1.8080289e+05  -1.6490336e+05
   2.3700000e+01  -1.2782334e+05  -7.6941500e+04
   2.3800000e+01  -6.9592773e+04   1.4196785e+04
   2.3900000e+01  -1.4227479e+04   1.0025964e+05
   2.4000000e+01   3.0811693e+04   1.7391525e+05
   2.4100000e+01   6.3751391e+04   2.3054150e+05
   2.4200000e+01   8.6924656e+04   2.6705366e+05
   2.4300000e+01   1.0225820e+05   2.8113422e+05
   2.4400000e+01   1.1027596e+05   2.7393972e+05
   2.4500000e+01   1.1264834e+05   2.5327294e+05
   2.4600000e+01   1.1264712e+05   2.3040178e+05
   2.4700000e+01   1.1151764e+05   2.0944412e+05
   2.4800000e+01   1.0619302e+05   1.7900192e+05
   2.4900000e+01   9.3252461e+04   1.1790837e+05
   2.5000000e+01   7.5298188e+04   1.4308688e+04
   2.5100000e+01   6.1367133e+04  -1.1855454e+05
   2.5200000e+01   5.9835984e+04  -2.4689612e+05
   2.5300000e+01   7.1674352e+04  -3.3975681e+05
   2.5400000e+01   9.1135008e+04  -3.9044616e+05
   2.5500000e+01   1.1143605e+05  -4.1649622e+05
   2.5600000e+01   1.2796485e+05  -4.3970653e+05
   2.5700000e+01   1.3712816e+05  -4.6661194e+05
   2.5800000e+01   1.3593972e+05  -4.8673803e+05
   2.5900000e+01   1.2524759e+05  -4.8637588e+05
   2.6000000e+01   1.1183227e+05  -4.6151206e+05
   2.6100000e+01   1.0375651e+05  -4.1838797e+05
   2.6200000e+01   1.0201388e+05  -3.6508694e+05
   2.6300000e+01   9.8131367e+04  -3.0494081e+05
   2.6400000e+01   8.1875742e+04  -2.3704373e+05
   2.6500000e+01   5.1374016e+04  -1.6054066e+05
   2.6600000e+01   1.4543815e+04  -7.7599562e+04
   2.6700000e+01  -1.9561688e+04   6.1899160e+03
   2.6800000e+01  -4.9581543e+04   8.2835078e+04
   2.6900000e+01  -8.1329898e+04   1.4415955e+05
   2.7000000e+01  -1.1942824e+05   1.8530275e+05
   2.7100000e+01  -1.6092456e+05   2.0734514e+05
   2.7200000e+01  -1.9749758e+05   2.1579639e+05
   2.7300000e+01  -2.2312628e+05   2.1499648e+05
   2.7400000e+01  -2.3912352e+05   2.0335252e+05
   2.7500000e+01  -2.5210314e+05   1.7479905e+05
   2.7600000e+01  -2.6723988e+05   1.2639633e+05
   2.7700000e+01  -2.8262859e+05   6.5700695e+04
   2.7800000e+01  -2.8937147e+05   1.0618157e+04
   2.7900000e+01  -2.7795303e+05  -1.9924945e+04
   2.8000000e+01  -2.4643514e+05  -1.8368281e+04
   2.8100000e+01  -2.0320373e+05   5.9803560e+03
   2.8200000e+01  -1.6048147e+05   3.4330809e+04
   2.8300000e+01  -1.2361221e+05   5.4494035e+04
   2.8400000e+01  -8.6635336e+04   7.2487203e+04
   2.8500000e+01  -3.9247090e+04   1.0791230e+05
   2.8600000e+01   2.1705523e+04   1.7500614e+05
   2.8700000e+01   8.8099148e+04   2.6604612e+05
   2.8800000e+01   1.4755327e+05   3.5387500e+05
   2.8900000e+01   1.9351700e+05   4.1255688e+05
   2.9000000e+01   2.2838850e+05   4.3637569e+05
   2.9100000e+01   2.5844441e+05   4.3832912e+05
   2.9200000e+01   2.8723809e+05   4.3062306e+05
   2.9300000e+01   3.1284631e+05   4.0870791e+05
   2.9400000e+01   3.2860441e+05   3.5592075e+05
   2.9500000e+01   3.2536291e+05   2.6292631e+05
   2.9600000e+01   2.9567991e+05   1.4072464e+05
   2.9700000e+01   2.3986455e+05   1.4301439e+04
   2.9800000e+01   1.6929862e+05  -9.5185977e+04
   2.9900000e+01   1.0154837e+05  -1.8206950e+05
   3.0000000e+01   4.9068676e+04  -2.5351550e+05
   3.0100000e+01   1.1479535e+04  -3.1913338e+05
   3.0200000e+01  -2.0605012e+04  -3.8329425e+05
   3.0300000e+01  -5.3974121e+04  -4.4357147e+05
   3.0400000e+01  -8.5615992e+04  -4.9237000e+05
   3.0500000e+01  -1.0699342e+05  -5.1941778e+05
   3.0600000e+01  -1.1403191e+05  -5.1557147e+05
   3.0700000e+01  -1.1138486e+05  -4.7756338e+05
   3.0800000e+01  -1.0712621e+05  -4.1064194e+05
   3.0900000e+01  -1.0509444e+05  -3.2663575e+05
   3.1000000e+01  -1.0352717e+05  -2.3868886e+05
   3.1100000e+01  -9.9852852e+04  -1.5609147e+05
   3.1200000e+01  -9.4295375e+04  -8.1387805e+04
   3.1300000e+01  -8.7915078e+04  -1.0266188e+04
   3.1400000e+01  -7.8927102e+04   6.5220566e+04
   3.1500000e+01  -6.3463207e+04   1.5009425e+05
   3.1600000e+01  -4.0659773e+04   2.3979328e+05
   3.1700000e+01  -1.5667870e+04   3.1932469e+05
   3.1800000e+01   3.8745471e+03   3.7097266e+05
   3.1900000e+01   1.4712153e+04   3.8546759e+05
   3.2000000e+01   2.1003066e+04   3.6721731e+05
   3.2100000e+01   3.0423619e+04   3.2918475e+05
   3.2200000e+01   4.7283625e+04   2.8269047e+05
   3.2300000e+01   6.8911773e+04   2.3155497e+05
   3.2400000e+01   8.7696391e+04   1.7438611e+05
   3.2500000e+01   9.6108852e+04   1.1018587e+05
   3.2600000e+01   9.0772844e+04   4.0424898e+04
   3.2700000e+01   7.3980414e+04  -3.3280555e+04
   3.2800000e+01   5.3146668e+04  -1.1071400e+05
   3.2900000e+01   3.8394543e+04  -1.9005516e+05
   3.3000000e+01   3.7875836e+04  -2.6341303e+05
   3.3100000e+01   5.2374742e+04  -3.1740575e+05
   3.3200000e+01   7.3655672e+04  -3.4044509e+05
   3.3300000e+01   8.9835375e+04  -3.3055909e+05
   3.3400000e+01   9.4526844e+04  -2.9606600e+05
   3.3500000e+01   9.1225094e+04  -2.4830320e+05
   3.3600000e+01   8.7916094e+04  -1.9336828e+05
   3.3700000e+01   8.7087172e+04  -1.3009110e+05
   3.3800000e+01   8.1897578e+04  -5.4630793e+04
   3.3900000e+01   6.2925660e+04   3.3943211e+04
   3.4000000e+01   2.8173232e+04   1.3210575e+05
   3.4100000e+01  -1.4675864e+04   2.3411338e+05
   3.4200000e+01  -5.5992773e+04   3.3412681e+05
   3.4300000e+01  -9.2993445e+04   4.2555216e+05
   3.4400000e+01  -1.2976177e+05   4.9888612e+05
   3.4500000e+01  -1.6896511e+05   5.4177219e+05
   3.4600000e+01  -2.0533934e+05   5.4354362e+05
   3.4700000e+01  -2.2899517e+05   5.0221275e+05
   3.4800000e+01  -2.3521641e+05   4.2815450e+05
   3.4900000e+01  -2.2973159e+05   3.3966497e+05
   3.5000000e+01  -2.2336922e+05   2.5195341e+05
   3.5100000e+01  -2.2183250e+05   1.6799336e+05
   3.5200000e+01  -2.2127166e+05   7.9558430e+04
   3.5300000e+01  -2.1316189e+05  -2.1981139e+04
   3.5400000e+01  -1.9208384e+05  -1.3500078e+05
   3.5500000e+01  -1.5895034e+05  -2.4703514e+05
   3.5600000e+01  -1.1921471e+05  -3.4413716e+05
   3.5700000e+01  -8.0083438e+04  -4.2044872e+05
   3.5800000e+01  -4.8104227e+04  -4.7912269e+05
   3.5900000e+01  -2.5563465e+04  -5.2524975e+05
   3.6000000e+01  -7.1521221e+03  -5.5874719e+05
   3.6100000e+01   1.7808609e+04  -5.7352362e+05
   3.6200000e+01   5.6325672e+04  -5.6241462e+05
   3.6300000e+01   1.0373413e+05  -5.2306956e+05
   3.6400000e+01   1.4616061e+05  -4.6056859e+05
   3.6500000e+01   1.7229481e+05  -3.8521316e+05
   3.6600000e+01   1.8248586e+05  -3.0661416e+05
   3.6700000e+01   1.8589506e+05  -2.2793838e+05
   3.6800000e+01   1.8992114e+05  -1.4534786e+05
   3.6900000e+01   1.9412997e+05  -5.4183094e+04
   3.7000000e+01   1.9433966e+05   4.3252043e+04
   3.7100000e+01   1.9026956e+05   1.3603128e+05
   3.7200000e+01   1.8706541e+05   2.1092362e+05
   3.7300000e+01   1.8949933e+05   2.6030016e+05
   3.7400000e+01   1.9632967e+05   2.8455519e+05
   3.7500000e+01   2.0124920e+05   2.8916556e+05
   3.7600000e+01   1.9875967e+05   2.8159244e+05
   3.7700000e+01   1.8825591e+05   2.7003500e+05
   3.7800000e+01   1.7248120e+05   2.6101812e+05
   3.7900000e+01   1.5285573e+05   2.5476661e+05
   3.8000000e+01   1.2701635e+05   2.4341539e+05
   3.8100000e+01   9.1250219e+04   2.1666691e+05
   3.8200000e+01   4.5619352e+04   1.7096855e+05
   3.8300000e+01  -3.3139873e+03   1.1306221e+05
   3.8400000e+01  -4.5836012e+04   5.4904723e+04
   3.8500000e+01  -7.6925617e+04   6.6589468e+03
   3.8600000e+01  -1.0175214e+05  -2.5256508e+04
   3.8700000e+01  -1.3230594e+05  -3.6589508e+04
   3.8800000e+01  -1.7628941e+05  -2.6083818e+04
   3.8900000e+01  -2.2792672e+05   9.9153284e+02
   3.9000000e+01  -2.7009422e+05   3.2643531e+04
   3.9100000e+01  -2.8667056e+05   5.6294160e+04
   3.9200000e+01  -2.7379950e+05   6.6112891e+04
   3.9300000e+01  -2.4021670e+05   6.4659391e+04
   3.9400000e+01  -1.9830203e+05   5.8484727e+04
   3.9500000e+01  -1.5596888e+05   5.2902480e+04
   3.9600000e+01  -1.1605579e+05   4.9723910e+04
   3.9700000e+01  -8.0214703e+04   4.7719465e+04
   3.9800000e+01  -5.0472441e+04   4.4643430e+04
   3.9900000e+01  -2.6995469e+04   4.0323262e+04
   4.0000000e+01  -6.7315054e+03   3.8828301e+04
   4.0100000e+01   1.3660535e+04   4.6311586e+04
   4.0200000e+01   3.3560629e+04   6.4471191e+04
   4.0300000e+01   4.8364066e+04   8.5614531e+04
   4.0400000e+01   5.4372203e+04   9.6018742e+04
   4.0500000e+01   5.3078918e+04   8.6727102e+04
   4.0600000e+01   4.9657664e+04   6.2438387e+04
   4.0700000e+01   4.7184305e+04   3.9259691e+04
   4.0800000e+01   4.3325043e+04   3.1723199e+04
   4.0900000e+01   3.3631379e+04   3.9876664e+04
   4.1000000e+01   1.8052889e+04   4.8476918e+04
   4.1100000e+01   3.3891396e+03   4.0206754e+04
   4.1200000e+01  -1.4478794e+03   1.1663017e+04
   4.1300000e+01   7.0053154e+03  -2.2901109e+04
   4.1400000e+01   2.3521352e+04  -4.4362938e+04
   4.1500000e+01   3.8085770e+04  -4.6249383e+04
   4.1600000e+01   4.3448863e+04  -3.9907281e+04
   4.1700000e+01   4.0432953e+04  -4.2168742e+04
   4.1800000e+01   3.7498141e+04  -5.7957777e+04
   4.1900000e+01   4.5099855e+04  -7.5409594e+04
   4.2000000e+01   6.8317805e+04  -7.8305266e+04
   4.2100000e+01   1.0230131e+05  -6.3112535e+04
   4.2200000e+01   1.3386112e+05  -4.3456965e+04
   4.2300000e+01   1.4889378e+05  -3.7657938e+04
   4.2400000e+01   1.4103284e+05  -5.1939250e+04
   4.2500000e+01   1.1542741e+05  -7.6004164e+04
   4.2600000e+01   8.4723016e+04  -9.4825625e+04
   4.2700000e+01   6.0118035e+04  -1.0395982e+05
   4.2800000e+01   4.4284254e+04  -1.1266338e+05
   4.2900000e+01   3.1648502e+04  -1.3261867e+05
   4.3000000e+01   1.5490453e+04  -1.6522252e+05
   4.3100000e+01  -4.8812832e+03  -2.0060467e+05
   4.3200000e+01  -2.4001857e+04  -2.2753973e+05
   4.3300000e+01  -3.7266797e+04  -2.4215109e+05
   4.3400000e+01  -4.7111840e+04  -2.4728675e+05
   4.3500000e+01  -6.0601961e+04  -2.4682514e+05
   4.3600000e+01  -8.0409562e+04  -2.4352988e+05
   4.3700000e+01  -9.9745648e+04  -2.4107662e+05
   4.3800000e+01  -1.0820231e+05  -2.4325361e+05
   4.3900000e+01  -1.0273390e+05  -2.4780312e+05
   4.4000000e+01  -9.1299500e+04  -2.4291123e+05
   4.4100000e+01  -8.4805711e+04  -2.1483428e+05
   4.4200000e+01  -8.6540633e+04  -1.6188666e+05
   4.4300000e+01  -9.0828648e+04  -9.9126008e+04
   4.4400000e+01  -9.1290852e+04  -4.5705430e+04
   4.4500000e+01  -8.8089891e+04  -6.6599712e+03
   4.4600000e+01  -8.6002016e+04   3.0835410e+04
   4.4700000e+01  -8.6944250e+04   8.1885539e+04
   4.4800000e+01  -8.6601523e+04   1.4613323e+05
   4.4900000e+01  -7.8578086e+04   2.0756758e+05
   4.5000000e+01  -6.0268492e+04   2.5128894e+05
   4.5100000e+01  -3.3992992e+04   2.7776050e+05
   4.5200000e+01  -3.9907539e+03   2.9959669e+05
   4.5300000e+01   2.5784668e+04   3.2679581e+05
   4.5400000e+01   5.1461230e+04   3.5782531e+05
   4.5500000e+01   6.9697570e+04   3.8437734e+05
   4.5600000e+01   8.0409852e+04   4.0145600e+05
   4.5700000e+01   8.8299172e+04   4.1114941e+05
   4.5800000e+01   9.9338406e+04   4.1844900e+05
   4.5900000e+01   1.1443647e+05   4.2583297e+05
   4.6000000e+01   1.2702927e+05   4.3140172e+05
   4.6100000e+01   1.2779742e+05   4.2949384e+05
   4.6200000e+01   1.1213790e+05   4.1177519e+05
   4.6300000e+01   8.3587102e+04   3.6985141e+05
   4.6400000e+01   5.1237055e+04   3.0053634e+05
   4.6500000e+01   2.4590734e+04   2.1069945e+05
   4.6600000e+01   9.5310742e+03   1.1607154e+05
   4.6700000e+01   6.2661851e+03   3.2379070e+04
   4.6800000e+01   9.2575293e+03  -3.5272668e+04
   4.6900000e+01   1.0117623e+04  -9.5501445e+04
   4.7000000e+01   3.2280640e+03  -1.6230944e+05
   4.7100000e+01  -9.8495410e+03  -2.4152773e+05
   4.7200000e+01  -2.1930574e+04  -3.2380303e+05
   4.7300000e+01  -2.7300697e+04  -3.9064841e+05
   4.7400000e+01  -2.7542098e+04  -4.2822459e+05
   4.7500000e+01  -2.9653061e+04  -4.3659784e+05
   4.7600000e+01  -3.7933223e+04  -4.2719616e+05
   4.7700000e+01  -4.8205961e+04  -4.1255412e+05
   4.7800000e+01  -5.1013141e+04  -3.9822825e+05
   4.7900000e+01  -4.1048828e+04  -3.8227447e+05
   4.8000000e+01  -2.3282174e+04  -3.5966491e+05
   4.8100000e+01  -9.3747334e+03  -3.2624253e+05
   4.8200000e+01  -7.8111851e+03  -2.8009153e+05
   4.8300000e+01  -1.7226539e+04  -2.2170759e+05
   4.8400000e+01  -2.8601809e+04  -1.5431016e+05
   4.8500000e+01  -3.2996215e+04  -8.3733953e+04
   4.8600000e+01  -2.7121430e+04  -1.6783975e+04
   4.8700000e+01  -1.3104557e+04   4.1691758e+04
   4.8800000e+01   4.7127920e+03   9.1100375e+04
   4.8900000e+01   2.1719574e+04   1.3463916e+05
   4.9000000e+01   3.3330332e+04   1.7580550e+05
   4.9100000e+01   3.6020277e+04   2.1447736e+05
   4.9200000e+01   2.9722129e+04   2.4612528e+05
   4.9300000e+01   1.9179066e+04   2.6498684e+05
   4.9400000e+01   1.2083146e+04   2.6805334e+05
   4.9500000e+01   1.4777887e+04   2.5611580e+05
   4.9600000e+01   2.8205066e+04   2.3168284e+05
   4.9700000e+01   4.6377277e+04   1.9674398e+05
   4.9800000e+01   5.8624512e+04   1.5239311e+05
   4.9900000e+01   5.5559363e+04   9.9497281e+04
   5.0000000e+01   3.5888699e+04   3.9242762e+04
   5.0100000e+01   8.4348408e+03  -2.5889309e+04
   5.0200000e+01  -1.4229854e+04  -9.0430453e+04
   5.0300000e+01  -2.6427023e+04  -1.4571066e+05
   5.0400000e+01  -3.4259000e+04  -1.8329320e+05
   5.0500000e+01  -4.8883777e+04  -1.9990094e+05
   5.0600000e+01  -7.4156117e+04  -1.9861031e+05
   5.0700000e+01  -1.0130963e+05  -1.8474983e+05
   5.0800000e+01  -1.1640156e+05  -1.6158445e+05
   5.0900000e+01  -1.1266141e+05  -1.3134372e+05
   5.1000000e+01  -9.4952328e+04  -9.9724641e+04
   5.1100000e+01  -7.2803391e+04  -7.6132820e+04
   5.1200000e+01  -5.0968973e+04  -6.6374812e+04
   5.1300000e+01  -2.7825625e+04  -6.4889766e+04
   5.1400000e+01  -1.3798071e+03  -5.6725562e+04
   5.1500000e+01   2.6306402e+04  -2.9911229e+04
   5.1600000e+01   5.1949238e+04   1.3151381e+04
   5.1700000e+01   7.6036805e+04   5.6940863e+04
   5.1800000e+01   1.0145566e+05   8.5834727e+04
   5.1900000e+01   1.2618602e+05   9.6285523e+04
   5.2000000e+01   1.4016184e+05   9.7143195e+04
   5.2100000e+01   1.3307103e+05   9.9415789e+04
   5.2200000e+01   1.0624274e+05   1.0620356e+05
   5.2300000e+01   7.4716508e+04   1.1146388e+05
   5.2400000e+01   5.5167117e+04   1.0697896e+05
   5.2500000e+01   5.1254262e+04   9.0458273e+04
   5.2600000e+01   5.1427281e+04   6.8543219e+04
   5.2700000e+01   4.0906059e+04   5.3286090e+04
   5.2800000e+01   1.4873291e+04   5.4782539e+04
   5.2900000e+01  -1.9752711e+04   7.4611578e+04
   5.3000000e+01  -5.3023109e+04   1.0459207e+05
   5.3100000e+01  -7.9921000e+04   1.3228809e+05
   5.3200000e+01  -1.0013190e+05   1.4934508e+05
   5.3300000e+01  -1.1323127e+05   1.5561503e+05
   5.3400000e+01  -1.1715859e+05   1.5558917e+05
   5.3500000e+01  -1.1156418e+05   1.5154912e+05
   5.3600000e+01  -1.0041380e+05   1.4142547e+05
   5.3700000e+01  -8.9440203e+04   1.2363114e+05
   5.3800000e+01  -8.1061070e+04   1.0226952e+05
   5.3900000e+01  -7.2549828e+04   8.5140742e+04
   5.4000000e+01  -5.9065574e+04   7.5779633e+04
   5.4100000e+01  -3.7856848e+04   6.8658461e+04
   5.4200000e+01  -9.9720254e+03   5.3518797e+04
   5.4300000e+01   2.0569801e+04   2.4302418e+04
   5.4400000e+01   4.8639906e+04  -1.6654674e+04
   5.4500000e+01   7.0528391e+04  -6.2218125e+04
   5.4600000e+01   8.6466945e+04  -1.0618462e+05
   5.4700000e+01   1.0026743e+05  -1.4492570e+05
   5.4800000e+01   1.1431487e+05  -1.7537017e+05
   5.4900000e+01   1.2426878e+05  -1.9408370e+05
   5.5000000e+01   1.2120184e+05  -1.9945005e+05
   5.5100000e+01   1.0189877e+05  -1.9402756e+05
   5.5200000e+01   7.6554617e+04  -1.8357038e+05
   5.5300000e+01   6.2508926e+04  -1.7301377e+05
   5.5400000e+01   6.7373484e+04  -1.6306553e+05
   5.5500000e+01   7.8990469e+04  -1.5058877e+05
   5.5600000e+01   7.4618133e+04  -1.3248884e+05
   5.5700000e+01   4.1159996e+04  -1.0948184e+05
   5.5800000e+01  -1.4237699e+04  -8.6009211e+04
   5.5900000e+01  -7.3203648e+04  -6.6400977e+04
   5.6000000e+01  -1.2344893e+05  -5.1701164e+04
   5.6100000e+01  -1.6582759e+05  -4.1100211e+04
   5.6200000e+01  -2.0622062e+05  -3.6156250e+04
   5.6300000e+01  -2.4403572e+05  -4.1585648e+04
   5.6400000e+01  -2.7027988e+05  -5.9756992e+04
   5.6500000e+01  -2.7560928e+05  -8.4255984e+04
   5.6600000e+01  -2.5874084e+05  -1.0098103e+05
   5.6700000e+01  -2.2746720e+05  -9.8215711e+04
   5.6800000e+01  -1.9268380e+05  -7.6950906e+04
   5.6900000e+01  -1.6088027e+05  -5.0842895e+04
   5.7000000e+01  -1.3016621e+05  -3.4629930e+04
   5.7100000e+01  -9.2132516e+04  -3.1533678e+04
   5.7200000e+01  -3.8560422e+04  -3.1975730e+04
   5.7300000e+01   3.1344541e+04  -2.4992760e+04
   5.7400000e+01   1.0864164e+05  -1.0394438e+04
   5.7500000e+01   1.7936462e+05   1.7244423e+03
   5.7600000e+01   2.3267589e+05   4.0338804e+03
   5.7700000e+01   2.6627919e+05   2.9199014e+03
   5.7800000e+01   2.8567253e+05   1.4041783e+04
   5.7900000e+01   2.9876912e+05   4.6397086e+04
   5.8000000e+01   3.1021200e+05   9.2372383e+04
   5.8100000e+01   3.1912988e+05   1.3474056e+05
   5.8200000e+01   3.2130906e+05   1.6236498e+05
   5.8300000e+01   3.1335641e+05   1.7743895e+05
   5.8400000e+01   2.9477900e+05   1.8841275e+05
   5.8500000e+01   2.6626125e+05   1.9931319e+05
   5.8600000e+01   2.2716730e+05   2.0792078e+05
   5.8700000e+01   1.7669438e+05   2.1230742e+05
   5.8800000e+01   1.1824466e+05   2.1537655e+05
   5.8900000e+01   6.1054812e+04   2.2157739e+05
   5.9000000e+01   1.4982240e+04   2.3078347e+05
   5.9100000e+01  -1.7369469e+04   2.3716473e+05
   5.9200000e+01  -4.2595523e+04   2.3389338e+05
   5.9300000e+01  -6.9844023e+04   2.1798073e+05
   5.9400000e+01  -1.0252271e+05   1.9081888e+05
   5.9500000e+01  -1.3685547e+05   1.5550548e+05
   5.9600000e+01  -1.6754912e+05   1.1450164e+05
   5.9700000e+01  -1.9307930e+05   6.9243297e+04
   5.9800000e+01  -2.1487816e+05   2.1000080e+04
   5.9900000e+01  -2.3291058e+05  -2.8028189e+04
   6.0000000e+01  -2.4428459e+05  -7.4034656e+04
   6.0100000e+01  -2.4694642e+05  -1.1224755e+05
   6.0200000e+01  -2.4333575e+05  -1.3936261e+05
   6.0300000e+01  -2.3828247e+05  -1.5619784e+05
   6.0400000e+01  -2.3261592e+05  -1.6754005e+05
   6.0500000e+01  -2.2039914e+05  -1.7811955e+05
   6.0600000e+01  -1.9470530e+05  -1.8797864e+05
   6.0700000e+01  -1.5657128e+05  -1.9229991e+05
   6.0800000e+01  -1.1637034e+05  -1.8690148e+05
   6.0900000e+01  -8.4459641e+04  -1.7425553e+05
   6.1000000e+01  -6.0990555e+04  -1.6304762e+05
   6.1100000e+01  -3.7095258e+04  -1.6021477e+05
   6.1200000e+01  -6.7679385e+03  -1.6291694e+05
   6.1300000e+01   2.4550398e+04  -1.5967697e+05
   6.1400000e+01   4.5482289e+04  -1.4143350e+05
   6.1500000e+01   5.2312031e+04  -1.1218741e+05
   6.1600000e+01   5.4549164e+04  -8.7543500e+04
   6.1700000e+01   6.5489586e+04  -8.1042703e+04
   6.1800000e+01   8.8197875e+04  -9.1408961e+04
   6.1900000e+01   1.1221612e+05  -1.0380569e+05
   6.2000000e+01   1.2372937e+05  -1.0374429e+05
   6.2100000e+01   1.1762488e+05  -8.8991281e+04
   6.2200000e+01   9.9883453e+04  -6.7802148e+04
   6.2300000e+01   8.0697836e+04  -4.7589734e+04
   6.2400000e+01   6.7244180e+04  -2.8159320e+04
   6.2500000e+01   6.1751020e+04  -6.5028081e+03
   6.2600000e+01   6.2614762e+04   1.4676539e+04
   6.2700000e+01   6.4815590e+04   2.6743590e+04
   6.2800000e+01   6.0797230e+04   2.4383314e+04
   6.2900000e+01   4.4923156e+04   1.3583097e+04
   6.3000000e+01   1.9410619e+04   8.8606045e+03
   6.3100000e+01  -5.1957188e+03   2.2131127e+04
   6.3200000e+01  -1.7900492e+04   5.3813059e+04
   6.3300000e+01  -1.6905391e+04   9.3364672e+04
   6.3400000e+01  -1.1431535e+04   1.2728104e+05
   6.3500000e+01  -1.3938307e+04   1.4752323e+05
   6.3600000e+01  -3.0386445e+04   1.5500602e+05
   6.3700000e+01  -5.6647125e+04   1.5703014e+05
   6.3800000e+01  -8.2011320e+04   1.6094656e+05
   6.3900000e+01  -9.5566328e+04   1.6838144e+05
   6.4000000e+01  -9.1942305e+04   1.7437097e+05
   6.4100000e+01  -7.4670664e+04   1.7239117e+05
   6.4200000e+01  -5.4708926e+04   1.6108642e+05
   6.4300000e+01  -4.2630711e+04   1.4645772e+05
   6.4400000e+01  -3.8878867e+04   1.3716670e+05
   6.4500000e+01  -3.1400842e+04   1.3693120e+05
   6.4600000e+01  -5.3312456e+03   1.4054047e+05
   6.4700000e+01   4.2615324e+04   1.3677467e+05
   6.4800000e+01   9.8660469e+04   1.1595466e+05
   6.4900000e+01   1.4132827e+05   7.6495453e+04
   6.5000000e+01   1.5744977e+05   2.5590943e+04
   6.5100000e+01   1.5072662e+05  -2.6566051e+04
   6.5200000e+01   1.3647081e+05  -7.4263641e+04
   6.5300000e+01   1.2853741e+05  -1.1856063e+05
   6.5400000e+01   1.2973539e+05  -1.6199414e+05
   6.5500000e+01   1.3223544e+05  -2.0153855e+05
   6.5600000e+01   1.2585720e+05  -2.2866500e+05
   6.5700000e+01   1.0684612e+05  -2.3792148e+05
   6.5800000e+01   8.0535570e+04  -2.3467884e+05
   6.5900000e+01   5.6496016e+04  -2.3177378e+05
   6.6000000e+01   4.0648680e+04  -2.3672681e+05
   6.6100000e+01   3.1194676e+04  -2.4295442e+05
   6.6200000e+01   2.1824043e+04  -2.3543997e+05
   6.6300000e+01   8.8776494e+03  -2.0579448e+05
   6.6400000e+01  -4.8690786e+03  -1.6091036e+05
   6.6500000e+01  -1.3897885e+04  -1.1603195e+05
   6.6600000e+01  -1.7311188e+04  -7.9916852e+04
   6.6700000e+01  -2.1493547e+04  -4.8079902e+04
   6.6800000e+01  -3.3916742e+04  -1.0789553e+04
   6.6900000e+01  -5.3509496e+04   3.3805977e+04
   6.7000000e+01  -6.8135867e+04   7.6158711e+04
   6.7100000e+01  -6.3994641e+04   1.0486419e+05
   6.7200000e+01  -3.9627602e+04   1.1829734e+05
   6.7300000e+01  -1.0838996e+04   1.2598564e+05
   6.7400000e+01   9.1965332e+01   1.3951045e+05
   6.7500000e+01  -1.7320977e+04   1.6341964e+05
   6.7600000e+01  -5.2282215e+04   1.9412912e+05
   6.7700000e+01  -8.0875805e+04   2.2441852e+05
   6.7800000e+01  -8.4840023e+04   2.4683733e+05
   6.7900000e+01  -6.4955113e+04   2.5478105e+05
   6.8000000e+01  -3.8899965e+04   2.4501802e+05
   6.8100000e+01  -2.7104279e+04   2.2194683e+05
   6.8200000e+01  -3.8648523e+04   1.9774834e+05
   6.8300000e+01  -6.6977789e+04   1.8460783e+05
   6.8400000e+01  -9.6590984e+04   1.8447969e+05
   6.8500000e+01  -1.1440622e+05   1.8642783e+05
   6.8600000e+01  -1.1737484e+05   1.7476834e+05
   6.8700000e+01  -1.1157202e+05   1.4076391e+05
   6.8800000e+01  -1.0495073e+05   8.8038602e+04
   6.8900000e+01  -1.0088648e+05   2.8559559e+04
   6.9000000e+01  -9.7786820e+04  -2.6166088e+04
   6.9100000e+01  -9.3132758e+04  -7.1663711e+04
   6.9200000e+01  -8.6246688e+04  -1.1063569e+05
   6.9300000e+01  -7.7403547e+04  -1.4738647e+05
   6.9400000e+01  -6.6399102e+04  -1.8160325e+05
   6.9500000e+01  -5.3501207e+04  -2.0742167e+05
   6.9600000e+01  -4.0821848e+04  -2.1903198e+05
   6.9700000e+01  -3.0785326e+04  -2.1719202e+05
   6.9800000e+01  -2.3045354e+04  -2.0940466e+05
   6.9900000e+01  -1.4439490e+04  -2.0308367e+05
   7.0000000e+01  -2.6236768e+03  -1.9886012e+05
   7.0100000e+01   1.1497332e+04  -1.9107938e+05
   7.0200000e+01   2.5878996e+04  -1.7458597e+05
   7.0300000e+01   4.0694586e+04  -1.5043109e+05
   7.0400000e+01   5.7912824e+04  -1.2508116e+05
   7.0500000e+01   7.7809336e+04  -1.0480945e+05
   7.0600000e+01   9.7562281e+04  -9.1050977e+04
   7.0700000e+01   1.1367345e+05  -8.0312992e+04
   7.0800000e+01   1.2433534e+05  -6.7553789e+04
   7.0900000e+01   1.2872991e+05  -4.9709418e+04
   7.1000000e+01   1.2575937e+05  -2.7200559e+04
   7.1100000e+01   1.1569004e+05  -3.3899656e+03
   7.1200000e+01   1.0275725e+05   1.7040529e+04
   7.1300000e+01   9.3533359e+04   2.9950266e+04
   7.1400000e+01   9.0716828e+04   3.3160875e+04
   7.1500000e+01   8.8917172e+04   2.6770277e+04
   7.1600000e+01   7.8245289e+04   1.2342332e+04
   7.1700000e+01   5.3193605e+04  -7.8496396e+03
   7.1800000e+01   1.8251898e+04  -3.0368395e+04
   7.1900000e+01  -1.5101471e+04  -4.9931230e+04
   7.2000000e+01  -3.6856602e+04  -6.1160539e+04
   7.2100000e+01  -4.4544020e+04  -6.3077160e+04
   7.2200000e+01  -4.2426781e+04  -6.1733992e+04
   7.2300000e+01  -3.6262348e+04  -6.5710531e+04
   7.2400000e+01  -2.9325584e+04  -7.6259336e+04
   7.2500000e+01  -2.2349426e+04  -8.1922281e+04
   7.2600000e+01  -1.5073854e+04  -6.5675000e+04
   7.2700000e+01  -6.2509429e+03  -2.0405033e+04
   7.2800000e+01   7.2603896e+03   4.1677094e+04
   7.2900000e+01   2.9011346e+04   9.6141266e+04
   7.3000000e+01   5.8681570e+04   1.2510177e+05
   7.3100000e+01   8.9560312e+04   1.3133488e+05
   7.3200000e+01   1.1198264e+05   1.3516823e+05
   7.3300000e+01   1.2026878e+05   1.5678120e+05
   7.3400000e+01   1.1591873e+05   1.9925931e+05
   7.3500000e+01   1.0374734e+05   2.4688033e+05
   7.3600000e+01   8.6061219e+04   2.7955259e+05
   7.3700000e+01   6.2196656e+04   2.8983456e+05
   7.3800000e+01   3.3610637e+04   2.8674312e+05
   7.3900000e+01   7.1264971e+03   2.8351462e+05
   7.4000000e+01  -9.3401992e+03   2.8262294e+05
   7.4100000e+01  -1.4947871e+04   2.7400766e+05
   7.4200000e+01  -1.8628375e+04   2.4801012e+05
   7.4300000e+01  -3.1932963e+04   2.0819348e+05
   7.4400000e+01  -5.8161262e+04   1.6927517e+05
   7.4500000e+01  -8.8532219e+04   1.4199638e+05
   7.4600000e+01  -1.0966163e+05   1.2125097e+05
   7.4700000e+01  -1.1542838e+05   9.0175336e+04
   7.4800000e+01  -1.1181434e+05   3.6033695e+04
   7.4900000e+01  -1.1023874e+05  -3.7549664e+04
   7.5000000e+01  -1.1638423e+05  -1.1251690e+05
   7.5100000e+01  -1.2574750e+05  -1.6932653e+05
   7.5200000e+01  -1.2973330e+05  -1.9961544e+05
   7.5300000e+01  -1.2499006e+05  -2.0974959e+05
   7.5400000e+01  -1.1583016e+05  -2.1426131e+05
   7.5500000e+01  -1.0782020e+05  -2.2468614e+05
   7.5600000e+01  -1.0053223e+05  -2.4178819e+05
   7.5700000e+01  -8.8031578e+04  -2.5675609e+05
   7.5800000e+01  -6.6651281e+04  -2.5997027e+05
   7.5900000e+01  -4.1237594e+04  -2.4904358e+05
   7.6000000e+01  -2.2432623e+04  -2.2843825e+05
   7.6100000e+01  -1.7006877e+04  -2.0214430e+05
   7.6200000e+01  -2.0762156e+04  -1.6898630e+05
   7.6300000e+01  -2.1415102e+04  -1.2686248e+05
   7.6400000e+01  -9.2979971e+03  -8.0666773e+04
   7.6500000e+01   1.3911973e+04  -4.2996438e+04
   7.6600000e+01   3.6546078e+04  -2.4703672e+04
   7.6700000e+01   4.7176605e+04  -2.4706623e+04
   7.6800000e+01   4.4466918e+04  -3.0324512e+04
   7.6900000e+01   3.8019430e+04  -2.8487670e+04
   7.7000000e+01   3.9943078e+04  -1.7021164e+04
   7.7100000e+01   5.4857445e+04  -5.6059419e+03
   7.7200000e+01   7.6663578e+04  -6.3366450e+03
   7.7300000e+01   9.3937242e+04  -2.2882922e+04
   7.7400000e+01   9.8700695e+04  -4.7255664e+04
   7.7500000e+01   9.1555016e+04  -6.5812625e+04
   7.7600000e+01   8.0079047e+04  -6.8741234e+04
   7.7700000e+01   7.2688547e+04  -5.5579762e+04
   7.7800000e+01   7.2650945e+04  -3.3701051e+04
   7.7900000e+01   7.5944672e+04  -1.2605308e+04
   7.8000000e+01   7.3984273e+04   9.1291449e+02
   7.8100000e+01   5.9563562e+04   4.3687891e+03
   7.8200000e+01   3.2408742e+04  -6.6223438e+02
   7.8300000e+01   4.2204956e+02  -8.8960176e+03
   7.8400000e+01  -2.4906275e+04  -1.2520669e+04
   7.8500000e+01  -3.6131152e+04  -4.8402656e+03
   7.8600000e+01  -3.4834070e+04   1.4757131e+04
   7.8700000e+01  -2.9798969e+04   3.8776512e+04
   7.8800000e+01  -2.9515863e+04   5.5792832e+04
   7.8900000e+01  -3.4832312e+04   5.8982086e+04
   7.9000000e+01  -3.7651594e+04   5.2628527e+04
   7.9100000e+01  -2.6948439e+04   5.0643512e+04
   7.9200000e+01   2.3115186e+03   6.6753164e+04
   7.9300000e+01   4.4116480e+04   1.0299213e+05
   7.9400000e+01   8.4126797e+04   1.4596994e+05
   7.9500000e+01   1.0815535e+05   1.7554683e+05
   7.9600000e+01   1.1013855e+05   1.8032645e+05
   7.9700000e+01   9.4160789e+04   1.6709331e+05
   7.9800000e+01   6.9993164e+04   1.5498938e+05
   7.9900000e+01   4.6252879e+04   1.5842306e+05
   8.0000000e+01   2.6290521e+04   1.7364514e+05
   8.0100000e+01   9.2524258e+03   1.8138461e+05
   8.0200000e+01  -5.3915269e+03   1.6350388e+05
   8.0300000e+01  -1.4551124e+04   1.1893490e+05
   8.0400000e+01  -1.3425738e+04   6.5135641e+04
   8.0500000e+01  -1.6018372e+03   2.4422717e+04
   8.0600000e+01   1.2946120e+04   7.2834062e+03
   8.0700000e+01   1.7478395e+04   6.2926611e+03
   8.0800000e+01   3.6321594e+03   4.4994692e+03
   8.0900000e+01  -2.6553299e+04  -9.7962949e+03
   8.1000000e+01  -6.3548500e+04  -3.4342898e+04
   8.1100000e+01  -9.8459344e+04  -5.6719609e+04
   8.1200000e+01  -1.2769833e+05  -6.6097688e+04
   8.1300000e+01  -1.5085267e+05  -6.2137250e+04
   8.1400000e+01  -1.6659755e+05  -5.3777402e+04
   8.1500000e+01  -1.7232888e+05  -5.0439602e+04
   8.1600000e+01  -1.6700436e+05  -5.4527852e+04
   8.1700000e+01  -1.5263111e+05  -6.1328715e+04
   8.1800000e+01  -1.3261658e+05  -6.4410328e+04
   8.1900000e+01  -1.0959759e+05  -6.0218727e+04
   8.2000000e+01  -8.5160836e+04  -4.8527531e+04
   8.2100000e+01  -6.0602266e+04  -3.0893934e+04
   8.2200000e+01  -3.7050168e+04  -1.0536983e+04
   8.2300000e+01  -1.5432361e+04   6.5402896e+03
   8.2400000e+01   2.6437051e+03   1.2421105e+04
   8.2500000e+01   1.4500549e+04   1.6819092e+03
   8.2600000e+01   1.8884234e+04  -2.3615061e+04
   8.2700000e+01   1.9962877e+04  -5.3271246e+04
   8.2800000e+01   2.7325414e+04  -7.4565680e+04
   8.2900000e+01   4.8989203e+04  -8.0756234e+04
   8.3000000e+01   8.2641141e+04  -7.6111305e+04
   8.3100000e+01   1.1460165e+05  -7.2955539e+04
   8.3200000e+01   1.2960916e+05  -8.1932961e+04
   8.3300000e+01   1.2324986e+05  -1.0259766e+05
   8.3400000e+01   1.0525861e+05  -1.2261397e+05
   8.3500000e+01   9.0575875e+04  -1.2756177e+05
   8.3600000e+01   8.6891719e+04  -1.1345456e+05
   8.3700000e+01   9.0047016e+04  -9.0187047e+04
   8.3800000e+01   9.0129367e+04  -7.2162391e+04
   8.3900000e+01   8.1076070e+04  -6.5510191e+04
   8.4000000e+01   6.4946984e+04  -6.5022227e+04
   8.4100000e+01   4.8757664e+04  -6.2883148e+04
   8.4200000e+01   3.8722023e+04  -5.7841398e+04
   8.4300000e+01   3.7263531e+04  -5.3940039e+04
   8.4400000e+01   4.3418086e+04  -5.1726980e+04
   8.4500000e+01   5.3731770e+04  -4.4427629e+04
   8.4600000e+01   6.2350883e+04  -2.4728234e+04
   8.4700000e+01   6.2587129e+04   6.2409023e+03
   8.4800000e+01   5.1746715e+04   3.9089902e+04
   8.4900000e+01   3.5766266e+04   6.5331398e+04
   8.5000000e+01   2.7145881e+04   8.4534000e+04
   8.5100000e+01   3.4973324e+04   1.0172502e+05
   8.5200000e+01   5.5348922e+04   1.1930626e+05
   8.5300000e+01   7.2626289e+04   1.3326945e+05
   8.5400000e+01   7.1813828e+04   1.3724536e+05
   8.5500000e+01   5.0428512e+04   1.2912233e+05
   8.5600000e+01   1.8344541e+04   1.1353653e+05
   8.5700000e+01  -1.2887299e+04   9.8674852e+04
   8.5800000e+01  -3.9159680e+04   9.0506094e+04
   8.5900000e+01  -6.3000484e+04   8.8510773e+04
   8.6000000e+01  -8.6742055e+04   8.5881086e+04
   8.6100000e+01  -1.0900055e+05   7.4940242e+04
   8.6200000e+01  -1.2728393e+05   5.4566344e+04
   8.6300000e+01  -1.4134275e+05   3.3051785e+04
   8.6400000e+01  -1.5241886e+05   2.2205738e+04
   8.6500000e+01  -1.6016494e+05   2.6856756e+04
   8.6600000e+01  -1.6179069e+05   3.9945625e+04
   8.6700000e+01  -1.5419567e+05   4.8900418e+04
   8.6800000e+01  -1.3609812e+05   4.7244121e+04
   8.6900000e+01  -1.0846160e+05   3.9359375e+04
   8.7000000e+01  -7.4515438e+04   3.3641594e+04
   8.7100000e+01  -4.0172027e+04   3.2151736e+04
   8.7200000e+01  -1.2961601e+04   2.8598002e+04
   8.7300000e+01   1.9266079e+03   1.6687520e+04
   8.7400000e+01   5.7362114e+03  -1.0740767e+03
   8.7500000e+01   5.5197549e+03  -1.4508141e+04
   8.7600000e+01   8.0230498e+03  -1.5932120e+04
   8.7700000e+01   1.3632112e+04  -8.5184629e+03
   8.7800000e+01   1.6824986e+04  -4.0686021e+03
   8.7900000e+01   1.3016342e+04  -1.2411217e+04
   8.8000000e+01   4.5159834e+03  -3.2447039e+04
   8.8100000e+01  -1.1449907e+03  -5.2512094e+04
   8.8200000e+01   1.0147778e+03  -5.9231219e+04
   8.8300000e+01   8.0536084e+03  -4.7658559e+04
   8.8400000e+01   1.2093465e+04  -2.5233748e+04
   8.8500000e+01   8.2595537e+03  -6.6660029e+03
   8.8600000e+01  -1.1629136e+03  -3.2610732e+03
   8.8700000e+01  -1.0300219e+04  -1.4784413e+04
   8.8800000e+01  -1.6196020e+04  -3.0697223e+04
   8.8900000e+01  -2.1146248e+04  -3.9895035e+04
   8.9000000e+01  -2.9394008e+04  -4.0150211e+04
   8.9100000e+01  -4.2349414e+04  -3.8670285e+04
   8.9200000e+01  -5.6323707e+04  -4.4093469e+04
   8.9300000e+01  -6.3629086e+04  -5.8536219e+04
   8.9400000e+01  -5.6484750e+04  -7.7173453e+04
   8.9500000e+01  -3.2515736e+04  -9.4257930e+04
   8.9600000e+01   1.8254055e+03  -1.0834665e+05
   8.9700000e+01   3.4631156e+04  -1.2173589e+05
   8.9800000e+01   5.8088418e+04  -1.3591803e+05
   8.9900000e+01   7.5584320e+04  -1.4855078e+05
   9.0000000e+01   9.7833219e+04  -1.5498362e+05
   9.0100000e+01   1.3045248e+05  -1.5233512e+05
   9.0200000e+01   1.6552498e+05  -1.4176988e+05
   9.0300000e+01   1.8650186e+05  -1.2692695e+05
   9.0400000e+01   1.8230339e+05  -1.1061363e+05
   9.0500000e+01   1.5740450e+05  -9.3342320e+04
   9.0600000e+01   1.2873580e+05  -7.4541742e+04
   9.0700000e+01   1.1197442e+05  -5.3893480e+04
   9.0800000e+01   1.0843542e+05  -3.0722740e+04
   9.0900000e+01   1.0353913e+05  -3.0624016e+03
   9.1000000e+01   7.9275477e+04   3.0591469e+04
   9.1100000e+01   3.1252547e+04   6.7538750e+04
   9.1200000e+01  -2.5024215e+04   1.0005129e+05
   9.1300000e+01  -6.6103109e+04   1.2050345e+05
   9.1400000e+01  -8.0826648e+04   1.2850288e+05
   9.1500000e+01  -7.9337508e+04   1.3233861e+05
   9.1600000e+01  -8.1813734e+04   1.4210153e+05
   9.1700000e+01  -9.8581664e+04   1.6071925e+05
   9.1800000e+01  -1.2135764e+05   1.8180352e+05
   9.1900000e+01  -1.3240275e+05   1.9632670e+05
   9.2000000e+01  -1.2025354e+05   2.0113091e+05
   9.2100000e+01  -8.7150227e+04   2.0075511e+05
   9.2200000e+01  -4.4606574e+04   2.0131583e+05
   9.2300000e+01  -4.2981553e+03   2.0329339e+05
   9.2400000e+01   2.8079230e+04   2.0077570e+05
   9.2500000e+01   5.3465820e+04   1.8771002e+05
   9.2600000e+01   7.5562500e+04   1.6443436e+05
   9.2700000e+01   9.5146422e+04   1.3754970e+05
   9.2800000e+01   1.0731920e+05   1.1313556e+05
   9.2900000e+01   1.0555099e+05   9.0360555e+04
   9.3000000e+01   8.9856156e+04   6.2499691e+04
   9.3100000e+01   7.0235492e+04   2.4987334e+04
   9.3200000e+01   5.9753785e+04  -1.7380580e+04
   9.3300000e+01   6.2775512e+04  -5.1854781e+04
   9.3400000e+01   7.0212188e+04  -6.7385344e+04
   9.3500000e+01   6.6949414e+04  -6.3950996e+04
   9.3600000e+01   4.4269160e+04  -5.3019461e+04
   9.3700000e+01   5.8389629e+03  -4.8835246e+04
   9.3800000e+01  -3.6760312e+04  -5.8392023e+04
   9.3900000e+01  -7.3269523e+04  -7.8261227e+04
   9.4000000e+01  -1.0059220e+05  -9.9516891e+04
   9.4100000e+01  -1.2192991e+05  -1.1527011e+05
   9.4200000e+01  -1.4169434e+05  -1.2474201e+05
   9.4300000e+01  -1.6092816e+05  -1.3226036e+05
   9.4400000e+01  -1.7655527e+05  -1.4356330e+05
   9.4500000e+01  -1.8445681e+05  -1.6210042e+05
   9.4600000e+01  -1.8326600e+05  -1.8642666e+05
   9.4700000e+01  -1.7524534e+05  -2.0946091e+05
   9.4800000e+01  -1.6347119e+05  -2.2112497e+05
   9.4900000e+01  -1.4827444e+05  -2.1462514e+05
   9.5000000e+01  -1.2662756e+05  -1.9267159e+05
   9.5100000e+01  -9.5131867e+04  -1.6762489e+05
   9.5200000e+01  -5.3694582e+04  -1.5349547e+05
   9.5300000e+01  -6.4532285e+03  -1.5552605e+05
   9.5400000e+01   4.0773715e+04  -1.6631850e+05
   9.5500000e+01   8.4033477e+04  -1.7152881e+05
   9.5600000e+01   1.2256588e+05  -1.5914056e+05
   9.5700000e+01   1.5708983e+05  -1.2438400e+05
   9.5800000e+01   1.8751373e+05  -6.8968031e+04
   9.5900000e+01   2.1314084e+05   6.9925220e+02
   9.6000000e+01   2.3517250e+05   7.3660992e+04
   9.6100000e+01   2.5766592e+05   1.3605462e+05
   9.6200000e+01   2.8406209e+05   1.7720409e+05
   9.6300000e+01   3.1188856e+05   1.9624705e+05
   9.6400000e+01   3.3185197e+05   2.0179467e+05
   9.6500000e+01   3.3393672e+05   2.0355444e+05
   9.6600000e+01   3.1548262e+05   2.0423725e+05
   9.6700000e+01   2.8329462e+05   2.0010505e+05
   9.6800000e+01   2.4746766e+05   1.8837495e+05
   9.6900000e+01   2.1295878e+05   1.7195531e+05
   9.7000000e+01   1.7712589e+05   1.5628730e+05
   9.7100000e+01   1.3537942e+05   1.4335980e+05
   9.7200000e+01   8.8989438e+04   1.3077704e+05
   9.7300000e+01   4.6800555e+04   1.1615190e+05
   9.7400000e+01   1.8334467e+04   1.0009856e+05
   9.7500000e+01   4.4523237e+03   8.4063320e+04
   9.7600000e+01  -4.8342324e+03   6.7201672e+04
   9.7700000e+01  -2.1977529e+04   4.7767430e+04
   9.7800000e+01  -5.0334730e+04   2.7303965e+04
   9.7900000e+01  -8.1142172e+04   1.0932648e+04
   9.8000000e+01  -1.0260598e+05   1.9610514e+03
   9.8100000e+01  -1.1186198e+05  -2.5350225e+03
   9.8200000e+01  -1.1736491e+05  -8.6157236e+03
   9.8300000e+01  -1.2981077e+05  -1.7904172e+04
   9.8400000e+01  -1.5193117e+05  -2.5285939e+04
   9.8500000e+01  -1.7742166e+05  -2.5854957e+04
   9.8600000e+01  -1.9803922e+05  -2.3136059e+04
   9.8700000e+01  -2.0973058e+05  -2.7645887e+04
   9.8800000e+01  -2.1237364e+05  -4.5728617e+04
   9.8900000e+01  -2.0661714e+05  -7.0929500e+04
   9.9000000e+01  -1.9350317e+05  -8.8698125e+04
   9.9100000e+01  -1.7667491e+05  -9.0557172e+04
   9.9200000e+01  -1.6230188e+05  -8.2661406e+04
   9.9300000e+01  -1.5482008e+05  -7.9251242e+04
   9.9400000e+01  -1.5264938e+05  -8.7923039e+04
   9.9500000e+01  -1.4891641e+05  -1.0227194e+05
   9.9600000e+01  -1.3689789e+05  -1.0881539e+05
   9.9700000e+01  -1.1512356e+05  -9.9667133e+04
   9.9800000e+01  -8.7873258e+04  -7.7713672e+04
   9.9900000e+01  -6.1063496e+04  -5.0957754e+04
   1.0000000e+02  -3.7208391e+04  -2.4299156e+04
