   1.1851270e+02   3.6301420e+01   1.8450000e+02
   1.1913202e+02   3.6900726e+01   6.9000000e+00
   0.0000000e+00   2.6193172e+05   2.6193172e+05
   1.0000000e-01   2.0569841e+05   2.2009697e+05
   2.0000000e-01   9.3705422e+04   1.1148511e+05
   3.0000000e-01   1.4418672e+03   1.3463422e+04
   4.0000000e-01  -2.9055969e+04  -1.8438672e+04
   5.0000000e-01  -1.6728141e+04   7.7001133e+03
   6.0000000e-01  -1.0101422e+04   3.9503430e+04
   7.0000000e-01  -3.7576828e+04   3.2807359e+04
   8.0000000e-01  -8.9819297e+04  -1.6079082e+04
   9.0000000e-01  -1.4138998e+05  -8.0761180e+04
   1.0000000e+00  -1.7753280e+05  -1.3530547e+05
   1.1000000e+00  -1.9643316e+05  -1.7146892e+05
   1.2000000e+00  -1.9323255e+05  -1.9355400e+05
   1.3000000e+00  -1.5325409e+05  -2.0670373e+05
   1.4000000e+00  -6.6345203e+04  -2.1425297e+05
   1.5000000e+00   5.5044594e+04  -2.2244294e+05
   1.6000000e+00   1.7837617e+05  -2.4056241e+05
   1.7000000e+00   2.7544494e+05  -2.7222253e+05
   1.8000000e+00   3.4412869e+05  -3.0749172e+05
   1.9000000e+00   4.0398088e+05  -3.2785316e+05
   2.0000000e+00   4.6985475e+05  -3.2227744e+05
   2.1000000e+00   5.3159856e+05  -2.9814275e+05
   2.2000000e+00   5.6118119e+05  -2.7350512e+05
   2.3000000e+00   5.3865906e+05  -2.5703088e+05
   2.4000000e+00   4.6880750e+05  -2.3723277e+05
   2.5000000e+00   3.7262841e+05  -1.9408209e+05
   2.6000000e+00   2.6674812e+05  -1.2102366e+05
   2.7000000e+00   1.5504939e+05  -3.2588297e+04
   2.8000000e+00   3.8946605e+04   5.1311141e+04
   2.9000000e+00  -7.0869672e+04   1.2612527e+05
   3.0000000e+00  -1.5862995e+05   2.0402370e+05
   3.1000000e+00  -2.1893809e+05   2.9448666e+05
   3.2000000e+00  -2.6290091e+05   3.8783375e+05
   3.3000000e+00  -3.0482772e+05   4.6200147e+05
   3.4000000e+00  -3.4359803e+05   5.0455250e+05
   3.5000000e+00  -3.6112966e+05   5.2291031e+05
   3.6000000e+00  -3.4174572e+05   5.2996244e+05
   3.7000000e+00  -2.9136797e+05   5.2308275e+05
   3.8000000e+00  -2.3351081e+05   4.8427675e+05
   3.9000000e+00  -1.8419527e+05   4.0408625e+05
   4.0000000e+00  -1.3319922e+05   3.0109316e+05
   4.1000000e+00  -5.5084828e+04   2.1037719e+05
   4.2000000e+00   5.8340660e+04   1.4904653e+05
   4.3000000e+00   1.7856266e+05   9.5725273e+04
   4.4000000e+00   2.5827625e+05   9.2750469e+03
   4.5000000e+00   2.7250122e+05  -1.2900407e+05
   4.6000000e+00   2.4214506e+05  -2.9142588e+05
   4.7000000e+00   2.1488262e+05  -4.2266181e+05
   4.8000000e+00   2.2123439e+05  -4.8357053e+05
   4.9000000e+00   2.4871967e+05  -4.7926253e+05
   5.0000000e+00   2.5736858e+05  -4.4796194e+05
   5.1000000e+00   2.1747698e+05  -4.2508903e+05
   5.2000000e+00   1.3088678e+05  -4.1723191e+05
   5.3000000e+00   1.9095541e+04  -4.0633512e+05
   5.4000000e+00  -1.0211584e+05  -3.7352112e+05
   5.5000000e+00  -2.3157841e+05  -3.1609962e+05
   5.6000000e+00  -3.6918509e+05  -2.4373775e+05
   5.7000000e+00  -5.0144097e+05  -1.6408783e+05
   5.8000000e+00  -6.0678231e+05  -7.7515477e+04
   5.9000000e+00  -6.7529050e+05   1.3740727e+04
   6.0000000e+00  -7.1851106e+05   9.6341609e+04
   6.1000000e+00  -7.5575550e+05   1.5192286e+05
   6.2000000e+00  -7.9065819e+05   1.7441758e+05
   6.3000000e+00  -8.0390550e+05   1.7823412e+05
   6.4000000e+00  -7.7094956e+05   1.8497052e+05
   6.5000000e+00  -6.8646812e+05   2.0123625e+05
   6.6000000e+00  -5.7021525e+05   2.1247527e+05
   6.7000000e+00  -4.4884919e+05   2.0099575e+05
   6.8000000e+00  -3.3313191e+05   1.6858448e+05
   6.9000000e+00  -2.1339144e+05   1.3778605e+05
   7.0000000e+00  -7.6126414e+04   1.2965358e+05
   7.1000000e+00   7.6821914e+04   1.4260670e+05
   7.2000000e+00   2.2623634e+05   1.5575430e+05
   7.3000000e+00   3.5171325e+05   1.5218928e+05
   7.4000000e+00   4.4893691e+05   1.3577516e+05
   7.5000000e+00   5.3112206e+05   1.2373430e+05
   7.6000000e+00   6.1461000e+05   1.2542962e+05
   7.7000000e+00   7.0381056e+05   1.3203638e+05
   7.8000000e+00   7.8908356e+05   1.2709498e+05
   7.9000000e+00   8.5637475e+05   1.0350479e+05
   8.0000000e+00   8.9681488e+05   6.7310234e+04
   8.1000000e+00   9.0867419e+05   2.6746236e+04
   8.2000000e+00   8.9507488e+05  -1.7240732e+04
   8.3000000e+00   8.6358188e+05  -6.6736898e+04
   8.4000000e+00   8.2625438e+05  -1.1589393e+05
   8.5000000e+00   7.9396894e+05  -1.4995792e+05
   8.6000000e+00   7.6583219e+05  -1.5865238e+05
   8.7000000e+00   7.2437544e+05  -1.4893445e+05
   8.8000000e+00   6.4507400e+05  -1.4000884e+05
   8.9000000e+00   5.1473184e+05  -1.4272895e+05
   9.0000000e+00   3.4330725e+05  -1.4475719e+05
   9.1000000e+00   1.5914916e+05  -1.1940647e+05
   9.2000000e+00  -8.1822070e+03  -5.2043234e+04
   9.3000000e+00  -1.4461267e+05   4.1450656e+04
   9.4000000e+00  -2.5703991e+05   1.2331203e+05
   9.5000000e+00  -3.6503438e+05   1.6259136e+05
   9.6000000e+00  -4.8452712e+05   1.5746017e+05
   9.7000000e+00  -6.1461250e+05   1.3147103e+05
   9.8000000e+00  -7.3726138e+05   1.0956574e+05
   9.9000000e+00  -8.3000838e+05   9.7787656e+04
   1.0000000e+01  -8.8044388e+05   8.4177336e+04
   1.0100000e+01  -8.9034631e+05   5.5706406e+04
   1.0200000e+01  -8.6851138e+05   1.1545980e+04
   1.0300000e+01  -8.2208894e+05  -3.9624188e+04
   1.0400000e+01  -7.5447062e+05  -9.1481922e+04
   1.0500000e+01  -6.6773294e+05  -1.4536228e+05
   1.0600000e+01  -5.6355231e+05  -2.0323656e+05
   1.0700000e+01  -4.4246091e+05  -2.5854319e+05
   1.0800000e+01  -3.0626900e+05  -2.9791556e+05
   1.0900000e+01  -1.6357056e+05  -3.1349806e+05
   1.1000000e+01  -3.0505127e+04  -3.1177772e+05
   1.1100000e+01   7.8357594e+04  -3.0721753e+05
   1.1200000e+01   1.6162909e+05  -3.0575938e+05
   1.1300000e+01   2.3133464e+05  -2.9590600e+05
   1.1400000e+01   2.9828897e+05  -2.5857256e+05
   1.1500000e+01   3.5654631e+05  -1.8699908e+05
   1.1600000e+01   3.8466691e+05  -9.6201281e+04
   1.1700000e+01   3.6508575e+05  -1.1472693e+04
   1.1800000e+01   3.0296200e+05   5.2707707e+04
   1.1900000e+01   2.2485070e+05   1.0215030e+05
   1.2000000e+01   1.5763309e+05   1.5250638e+05
   1.2100000e+01   1.0813950e+05   2.1149561e+05
   1.2200000e+01   6.2489484e+04   2.7205278e+05
   1.2300000e+01   3.7306230e+03   3.2035997e+05
   1.2400000e+01  -7.0524016e+04   3.4683947e+05
   1.2500000e+01  -1.4544100e+05   3.4878069e+05
   1.2600000e+01  -1.9974009e+05   3.2669209e+05
   1.2700000e+01  -2.1808641e+05   2.8377716e+05
   1.2800000e+01  -1.9738925e+05   2.3017273e+05
   1.2900000e+01  -1.4785691e+05   1.8283703e+05
   1.3000000e+01  -9.1039641e+04   1.5477836e+05
   1.3100000e+01  -5.2990137e+04   1.4203678e+05
   1.3200000e+01  -5.0997738e+04   1.2452823e+05
   1.3300000e+01  -7.9813141e+04   8.4866797e+04
   1.3400000e+01  -1.0914974e+05   2.8641836e+04
   1.3500000e+01  -9.9355352e+04  -1.5827066e+04
   1.3600000e+01  -2.8024578e+04  -2.1515012e+04
   1.3700000e+01   9.1366383e+04   1.1062012e+04
   1.3800000e+01   2.1528597e+05   5.1221691e+04
   1.3900000e+01   2.9927016e+05   6.2815891e+04
   1.4000000e+01   3.2913838e+05   3.3613641e+04
   1.4100000e+01   3.2893650e+05  -1.7062656e+04
   1.4200000e+01   3.3868816e+05  -5.7091348e+04
   1.4300000e+01   3.8123400e+05  -6.7114172e+04
   1.4400000e+01   4.4651397e+05  -5.0435574e+04
   1.4500000e+01   5.0420644e+05  -2.3188102e+04
   1.4600000e+01   5.2932688e+05   9.3996094e+02
   1.4700000e+01   5.1665100e+05   1.6722115e+04
   1.4800000e+01   4.7532675e+05   2.3532898e+04
   1.4900000e+01   4.1558956e+05   2.1473623e+04
   1.5000000e+01   3.4318144e+05   1.3329311e+04
   1.5100000e+01   2.6343362e+05   7.1647812e+03
   1.5200000e+01   1.8465364e+05   1.1691988e+04
   1.5300000e+01   1.1369348e+05   2.6342594e+04
   1.5400000e+01   4.9268953e+04   3.7736695e+04
   1.5500000e+01  -1.6445076e+04   2.9846982e+04
   1.5600000e+01  -8.7066617e+04  -5.6870703e+02
   1.5700000e+01  -1.5378344e+05  -4.0185895e+04
   1.5800000e+01  -2.0074662e+05  -7.2761203e+04
   1.5900000e+01  -2.2058880e+05  -9.6170180e+04
   1.6000000e+01  -2.2417305e+05  -1.2381936e+05
   1.6100000e+01  -2.3328120e+05  -1.6869806e+05
   1.6200000e+01  -2.6241369e+05  -2.2821028e+05
   1.6300000e+01  -3.0725034e+05  -2.8652312e+05
   1.6400000e+01  -3.5028106e+05  -3.3025741e+05
   1.6500000e+01  -3.7677000e+05  -3.5856769e+05
   1.6600000e+01  -3.8533319e+05  -3.7741966e+05
   1.6700000e+01  -3.8506788e+05  -3.8787134e+05
   1.6800000e+01  -3.8524691e+05  -3.8402925e+05
   1.6900000e+01  -3.8873025e+05  -3.6199750e+05
   1.7000000e+01  -3.9321681e+05  -3.2619584e+05
   1.7100000e+01  -3.9543338e+05  -2.8313147e+05
   1.7200000e+01  -3.9262831e+05  -2.2999370e+05
   1.7300000e+01  -3.8210725e+05  -1.5431916e+05
   1.7400000e+01  -3.6323491e+05  -4.9495820e+04
   1.7500000e+01  -3.4167316e+05   6.8896898e+04
   1.7600000e+01  -3.2877619e+05   1.6645975e+05
   1.7700000e+01  -3.3111038e+05   2.1613422e+05
   1.7800000e+01  -3.3733138e+05   2.2504764e+05
   1.7900000e+01  -3.1850484e+05   2.3327528e+05
   1.8000000e+01  -2.4902906e+05   2.7899041e+05
   1.8100000e+01  -1.3314158e+05   3.5888650e+05
   1.8200000e+01  -1.0240875e+04   4.2327978e+05
   1.8300000e+01   7.1685492e+04   4.1599450e+05
   1.8400000e+01   9.3803469e+04   3.2500900e+05
   1.8500000e+01   8.0740406e+04   1.9603383e+05
   1.8600000e+01   7.7742156e+04   9.5146781e+04
   1.8700000e+01   1.1248184e+05   5.5700164e+04
   1.8800000e+01   1.7667092e+05   5.8696207e+04
   1.8900000e+01   2.4083583e+05   6.0959422e+04
   1.9000000e+01   2.8317747e+05   3.9078742e+04
   1.9100000e+01   3.0389969e+05   6.4409546e+03
   1.9200000e+01   3.1616316e+05  -7.3190083e+03
   1.9300000e+01   3.2930253e+05   1.2460068e+04
   1.9400000e+01   3.4333631e+05   5.5389828e+04
   1.9500000e+01   3.5655697e+05   1.0138370e+05
   1.9600000e+01   3.7259656e+05   1.3936852e+05
   1.9700000e+01   3.9689912e+05   1.6958661e+05
   1.9800000e+01   4.2814925e+05   1.9319442e+05
   1.9900000e+01   4.5739756e+05   2.0719650e+05
   2.0000000e+01   4.7751222e+05   2.1159936e+05
   2.0100000e+01   4.9130906e+05   2.1558984e+05
   2.0200000e+01   5.0690475e+05   2.2857059e+05
   2.0300000e+01   5.2422278e+05   2.4310120e+05
   2.0400000e+01   5.2854519e+05   2.3253041e+05
   2.0500000e+01   5.0029588e+05   1.7274286e+05
   2.0600000e+01   4.3199422e+05   6.8056211e+04
   2.0700000e+01   3.3480344e+05  -4.7751129e+04
   2.0800000e+01   2.2820702e+05  -1.3901242e+05
   2.0900000e+01   1.2420535e+05  -1.9656084e+05
   2.1000000e+01   2.2010309e+04  -2.3836683e+05
   2.1100000e+01  -8.3527914e+04  -2.8445491e+05
   2.1200000e+01  -1.9122980e+05  -3.3435997e+05
   2.1300000e+01  -2.9255838e+05  -3.6891053e+05
   2.1400000e+01  -3.7923453e+05  -3.6986175e+05
   2.1500000e+01  -4.4803688e+05  -3.3421581e+05
   2.1600000e+01  -4.9592925e+05  -2.7075125e+05
   2.1700000e+01  -5.1298003e+05  -1.8804183e+05
   2.1800000e+01  -4.8654834e+05  -9.0523992e+04
   2.1900000e+01  -4.1777744e+05   1.4059440e+04
   2.2000000e+01  -3.3266856e+05   1.0890684e+05
   2.2100000e+01  -2.6890406e+05   1.7674139e+05
   2.2200000e+01  -2.4369762e+05   2.1727712e+05
   2.2300000e+01  -2.3382753e+05   2.5259884e+05
   2.2400000e+01  -1.9425725e+05   3.0723478e+05
   2.2500000e+01  -1.0415589e+05   3.7718962e+05
   2.2600000e+01   3.6970078e+03   4.2046331e+05
   2.2700000e+01   6.3326074e+04   3.8583469e+05
   2.2800000e+01   3.0787078e+04   2.5794772e+05
   2.2900000e+01  -7.7156312e+04   7.5589500e+04
   2.3000000e+01  -1.9730403e+05  -9.7098656e+04
   2.3100000e+01  -2.7219584e+05  -2.2071355e+05
   2.3200000e+01  -2.9056762e+05  -3.0511925e+05
   2.3300000e+01  -2.8243594e+05  -3.8774147e+05
   2.3400000e+01  -2.8135816e+05  -4.9030431e+05
   2.3500000e+01  -2.9403881e+05  -5.9642550e+05
   2.3600000e+01  -3.0231494e+05  -6.6767669e+05
   2.3700000e+01  -2.8663925e+05  -6.7758062e+05
   2.3800000e+01  -2.4273464e+05  -6.3000450e+05
   2.3900000e+01  -1.7792150e+05  -5.4883675e+05
   2.4000000e+01  -9.8724594e+04  -4.5468269e+05
   2.4100000e+01  -7.6497617e+03  -3.5288753e+05
   2.4200000e+01   8.9149047e+04  -2.4094778e+05
   2.4300000e+01   1.7750430e+05  -1.2229938e+05
   2.4400000e+01   2.4390127e+05  -9.3462539e+03
   2.4500000e+01   2.8846028e+05   8.6617297e+04
   2.4600000e+01   3.2524247e+05   1.6515120e+05
   2.4700000e+01   3.6651700e+05   2.3357434e+05
   2.4800000e+01   4.0745006e+05   2.9436525e+05
   2.4900000e+01   4.2922747e+05   3.3825619e+05
   2.5000000e+01   4.1864091e+05   3.5195347e+05
   2.5100000e+01   3.8318925e+05   3.3228025e+05
   2.5200000e+01   3.4480250e+05   2.9079272e+05
   2.5300000e+01   3.1816353e+05   2.4378006e+05
   2.5400000e+01   2.9605231e+05   1.9923241e+05
   2.5500000e+01   2.5656084e+05   1.5520331e+05
   2.5600000e+01   1.8442200e+05   1.0999075e+05
   2.5700000e+01   8.5231766e+04   7.0623469e+04
   2.5800000e+01  -1.9899707e+04   4.8795785e+04
   2.5900000e+01  -1.1155706e+05   4.9148961e+04
   2.6000000e+01  -1.8332700e+05   6.4508281e+04
   2.6100000e+01  -2.3866488e+05   8.4482953e+04
   2.6200000e+01  -2.8119588e+05   1.0745817e+05
   2.6300000e+01  -3.1103081e+05   1.4137589e+05
   2.6400000e+01  -3.2868466e+05   1.9195238e+05
   2.6500000e+01  -3.3681959e+05   2.5243997e+05
   2.6600000e+01  -3.3384838e+05   3.0761856e+05
   2.6700000e+01  -3.0774384e+05   3.4741678e+05
   2.6800000e+01  -2.4300819e+05   3.7332547e+05
   2.6900000e+01  -1.3914100e+05   3.8931112e+05
   2.7000000e+01  -2.1341836e+04   3.8874238e+05
   2.7100000e+01   7.2725758e+04   3.5554547e+05
   2.7200000e+01   1.2192086e+05   2.8174488e+05
   2.7300000e+01   1.3899370e+05   1.8265038e+05
   2.7400000e+01   1.5806409e+05   9.0358188e+04
   2.7500000e+01   2.0318028e+05   2.8495039e+04
   2.7600000e+01   2.6739244e+05  -7.6425312e+03
   2.7700000e+01   3.2050519e+05  -4.4937672e+04
   2.7800000e+01   3.3560656e+05  -1.0509648e+05
   2.7900000e+01   3.0862000e+05  -1.8200525e+05
   2.8000000e+01   2.5541817e+05  -2.4511680e+05
   2.8100000e+01   1.9418867e+05  -2.6510094e+05
   2.8200000e+01   1.3272267e+05  -2.3770336e+05
   2.8300000e+01   7.1031680e+04  -1.8522884e+05
   2.8400000e+01   1.1446145e+04  -1.3697328e+05
   2.8500000e+01  -3.8619191e+04  -1.0802936e+05
   2.8600000e+01  -7.4963719e+04  -9.4014414e+04
   2.8700000e+01  -1.0428372e+05  -8.2088031e+04
   2.8800000e+01  -1.3883147e+05  -6.4608398e+04
   2.8900000e+01  -1.8165517e+05  -4.3411859e+04
   2.9000000e+01  -2.1979022e+05  -2.5038145e+04
   2.9100000e+01  -2.3582822e+05  -1.5473793e+04
   2.9200000e+01  -2.2660884e+05  -1.9479125e+04
   2.9300000e+01  -2.0735586e+05  -4.1153711e+04
   2.9400000e+01  -1.9523825e+05  -8.0831664e+04
   2.9500000e+01  -1.9102467e+05  -1.3050297e+05
   2.9600000e+01  -1.8084912e+05  -1.7539036e+05
   2.9700000e+01  -1.5625783e+05  -2.0395492e+05
   2.9800000e+01  -1.2781916e+05  -2.1743308e+05
   2.9900000e+01  -1.1431676e+05  -2.2754244e+05
   3.0000000e+01  -1.1896745e+05  -2.4295847e+05
   3.0100000e+01  -1.2097355e+05  -2.5891831e+05
   3.0200000e+01  -9.4246906e+04  -2.6240956e+05
   3.0300000e+01  -3.4317438e+04  -2.4794400e+05
   3.0400000e+01   3.5026719e+04  -2.2593697e+05
   3.0500000e+01   8.1812922e+04  -2.1364378e+05
   3.0600000e+01   9.1446586e+04  -2.1871684e+05
   3.0700000e+01   7.3367320e+04  -2.3349975e+05
   3.0800000e+01   4.6499871e+04  -2.4465619e+05
   3.0900000e+01   2.2253867e+04  -2.4500725e+05
   3.1000000e+01   2.0309454e+03  -2.3425894e+05
   3.1100000e+01  -1.3060885e+04  -2.1116230e+05
   3.1200000e+01  -1.6072000e+04  -1.7020864e+05
   3.1300000e+01  -9.4759375e+02  -1.0846529e+05
   3.1400000e+01   2.6098840e+04  -3.3673484e+04
   3.1500000e+01   4.6735625e+04   3.8019082e+04
   3.1600000e+01   4.6956613e+04   9.4556656e+04
   3.1700000e+01   3.5332828e+04   1.3864131e+05
   3.1800000e+01   4.2519438e+04   1.8535752e+05
   3.1900000e+01   9.7428250e+04   2.4765197e+05
   3.2000000e+01   1.9942697e+05   3.2215241e+05
   3.2100000e+01   3.1324956e+05   3.8860747e+05
   3.2200000e+01   3.9397750e+05   4.2496081e+05
   3.2300000e+01   4.2070678e+05   4.2548475e+05
   3.2400000e+01   4.0838050e+05   4.0499591e+05
   3.2500000e+01   3.8819153e+05   3.8434875e+05
   3.2600000e+01   3.7715556e+05   3.7101234e+05
   3.2700000e+01   3.6597738e+05   3.5406556e+05
   3.2800000e+01   3.3346612e+05   3.1795384e+05
   3.2900000e+01   2.6900622e+05   2.5950573e+05
   3.3000000e+01   1.8005006e+05   1.9032592e+05
   3.3100000e+01   8.1183078e+04   1.2412655e+05
   3.3200000e+01  -1.9034941e+04   6.5030102e+04
   3.3300000e+01  -1.1877317e+05   9.5943027e+03
   3.3400000e+01  -2.1428316e+05  -4.2218199e+04
   3.3500000e+01  -2.9621744e+05  -8.1999266e+04
   3.3600000e+01  -3.5697588e+05  -1.0023975e+05
   3.3700000e+01  -3.9903847e+05  -9.7063094e+04
   3.3800000e+01  -4.3142819e+05  -8.3437227e+04
   3.3900000e+01  -4.5644350e+05  -7.1283211e+04
   3.4000000e+01  -4.6321450e+05  -6.3524008e+04
   3.4100000e+01  -4.3889538e+05  -5.4676633e+04
   3.4200000e+01  -3.8680253e+05  -4.0281633e+04
   3.4300000e+01  -3.2925047e+05  -2.3720822e+04
   3.4400000e+01  -2.8797366e+05  -1.2735688e+04
   3.4500000e+01  -2.6176533e+05  -1.0463902e+04
   3.4600000e+01  -2.2739136e+05  -1.2244439e+04
   3.4700000e+01  -1.6545523e+05  -1.2217608e+04
   3.4800000e+01  -8.4060141e+04  -1.1581559e+04
   3.4900000e+01  -1.3813525e+04  -1.8103416e+04
   3.5000000e+01   2.1232205e+04  -3.7084012e+04
   3.5100000e+01   2.5589973e+04  -6.4518031e+04
   3.5200000e+01   2.4496992e+04  -9.0545180e+04
   3.5300000e+01   3.6786805e+04  -1.0860561e+05
   3.5400000e+01   5.9175652e+04  -1.1881578e+05
   3.5500000e+01   7.7382023e+04  -1.2183891e+05
   3.5600000e+01   8.7758352e+04  -1.1246223e+05
   3.5700000e+01   1.0211814e+05  -8.3572609e+04
   3.5800000e+01   1.3035777e+05  -3.7984617e+04
   3.5900000e+01   1.6373703e+05   7.0317891e+03
   3.6000000e+01   1.8209259e+05   3.2772723e+04
   3.6100000e+01   1.7914612e+05   3.9828512e+04
   3.6200000e+01   1.7542188e+05   5.3237727e+04
   3.6300000e+01   1.9904241e+05   1.0039235e+05
   3.6400000e+01   2.5140788e+05   1.7879186e+05
   3.6500000e+01   2.9594359e+05   2.4671283e+05
   3.6600000e+01   2.8699712e+05   2.5200753e+05
   3.6700000e+01   2.1311562e+05   1.7657294e+05
   3.6800000e+01   1.1110834e+05   5.4983516e+04
   3.6900000e+01   3.5399355e+04  -5.2132328e+04
   3.7000000e+01   1.2208369e+04  -1.0636901e+05
   3.7100000e+01   2.2641877e+04  -1.1748645e+05
   3.7200000e+01   2.8345709e+04  -1.2595564e+05
   3.7300000e+01   1.0917471e+04  -1.6280744e+05
   3.7400000e+01  -1.4350689e+04  -2.2546428e+05
   3.7500000e+01  -2.0080367e+04  -2.8719594e+05
   3.7600000e+01   3.0776709e+03  -3.2361153e+05
   3.7700000e+01   3.9658391e+04  -3.2808641e+05
   3.7800000e+01   6.8837297e+04  -3.0660447e+05
   3.7900000e+01   8.4397344e+04  -2.6597338e+05
   3.8000000e+01   9.2803766e+04  -2.1146531e+05
   3.8100000e+01   9.5859695e+04  -1.5239705e+05
   3.8200000e+01   8.2949172e+04  -1.0168626e+05
   3.8300000e+01   4.3936645e+04  -6.4274953e+04
   3.8400000e+01  -1.4252125e+04  -2.7644779e+04
   3.8500000e+01  -7.0584445e+04   2.9638867e+04
   3.8600000e+01  -1.1159550e+05   1.1491903e+05
   3.8700000e+01  -1.4648183e+05   2.0730572e+05
   3.8800000e+01  -1.9627803e+05   2.7042419e+05
   3.8900000e+01  -2.6771575e+05   2.8241656e+05
   3.9000000e+01  -3.4066616e+05   2.5362144e+05
   3.9100000e+01  -3.8343600e+05   2.1372166e+05
   3.9200000e+01  -3.8006906e+05   1.8187500e+05
   3.9300000e+01  -3.4209519e+05   1.5108909e+05
   3.9400000e+01  -2.9502184e+05   1.0233815e+05
   3.9500000e+01  -2.5576984e+05   3.1774062e+04
   3.9600000e+01  -2.2352355e+05  -3.9250035e+04
   3.9700000e+01  -1.8916344e+05  -8.2299844e+04
   3.9800000e+01  -1.4868069e+05  -8.8343898e+04
   3.9900000e+01  -1.0514802e+05  -7.4379148e+04
   4.0000000e+01  -6.0664273e+04  -6.4620520e+04
   4.0100000e+01  -1.2793407e+04  -6.8444578e+04
   4.0200000e+01   3.7253867e+04  -7.8552305e+04
   4.0300000e+01   7.6402516e+04  -8.6915898e+04
   4.0400000e+01   8.8304383e+04  -9.4814531e+04
   4.0500000e+01   7.5958336e+04  -1.0323191e+05
   4.0600000e+01   7.2576609e+04  -9.8767656e+04
   4.0700000e+01   1.2006173e+05  -6.0090977e+04
   4.0800000e+01   2.2884159e+05   1.5090258e+04
   4.0900000e+01   3.5918825e+05   9.3250438e+04
   4.1000000e+01   4.4818556e+05   1.2485616e+05
   4.1100000e+01   4.6065612e+05   8.7791734e+04
   4.1200000e+01   4.1600431e+05   1.1386734e+04
   4.1300000e+01   3.6634431e+05  -4.5757117e+04
   4.1400000e+01   3.4965469e+05  -4.4236324e+04
   4.1500000e+01   3.6329347e+05   7.4810498e+03
   4.1600000e+01   3.7776003e+05   6.8407805e+04
   4.1700000e+01   3.6926822e+05   1.0444377e+05
   4.1800000e+01   3.3657722e+05   1.1252202e+05
   4.1900000e+01   2.9120188e+05   1.1183853e+05
   4.2000000e+01   2.3955028e+05   1.1904009e+05
   4.2100000e+01   1.7888838e+05   1.3490697e+05
   4.2200000e+01   1.0768012e+05   1.5104683e+05
   4.2300000e+01   3.2956414e+04   1.6237434e+05
   4.2400000e+01  -3.6593230e+04   1.6952325e+05
   4.2500000e+01  -1.0266431e+05   1.7197067e+05
   4.2600000e+01  -1.7690905e+05   1.6461078e+05
   4.2700000e+01  -2.6525062e+05   1.4388436e+05
   4.2800000e+01  -3.5463975e+05   1.1490830e+05
   4.2900000e+01  -4.2014006e+05   8.8291539e+04
   4.3000000e+01  -4.4762981e+05   6.8342406e+04
   4.3100000e+01  -4.4782288e+05   4.6510383e+04
   4.3200000e+01  -4.4495041e+05   9.2664863e+03
   4.3300000e+01  -4.5111919e+05  -4.6895875e+04
   4.3400000e+01  -4.5360512e+05  -1.0942955e+05
   4.3500000e+01  -4.2830231e+05  -1.5936322e+05
   4.3600000e+01  -3.6435359e+05  -1.8662409e+05
   4.3700000e+01  -2.7444628e+05  -1.9585077e+05
   4.3800000e+01  -1.8262403e+05  -1.9847448e+05
   4.3900000e+01  -1.0510590e+05  -2.0080991e+05
   4.4000000e+01  -4.3294008e+04  -1.9992259e+05
   4.4100000e+01   8.7559355e+03  -1.8887720e+05
   4.4200000e+01   5.5255602e+04  -1.6336483e+05
   4.4300000e+01   9.7669156e+04  -1.2285257e+05
   4.4400000e+01   1.3775288e+05  -6.8035773e+04
   4.4500000e+01   1.7581684e+05  -9.2483191e+02
   4.4600000e+01   2.0482470e+05   7.1284242e+04
   4.4700000e+01   2.1044028e+05   1.3527942e+05
   4.4800000e+01   1.8227291e+05   1.7946581e+05
   4.4900000e+01   1.2705286e+05   2.0537436e+05
   4.5000000e+01   6.8540891e+04   2.2894489e+05
   4.5100000e+01   3.0779059e+04   2.6501362e+05
   4.5200000e+01   1.8946398e+04   3.0705716e+05
   4.5300000e+01   1.6076848e+04   3.2427997e+05
   4.5400000e+01  -6.7078906e+02   2.8452797e+05
   4.5500000e+01  -3.8743164e+04   1.8483122e+05
   4.5600000e+01  -8.2474398e+04   5.9881480e+04
   4.5700000e+01  -1.0473278e+05  -4.2474914e+04
   4.5800000e+01  -8.7477375e+04  -9.7868992e+04
   4.5900000e+01  -3.4903410e+04  -1.2121422e+05
   4.6000000e+01   2.9960961e+04  -1.4891192e+05
   4.6100000e+01   8.1600266e+04  -2.0598355e+05
   4.6200000e+01   1.0874032e+05  -2.8781309e+05
   4.6300000e+01   1.1925958e+05  -3.6881406e+05
   4.6400000e+01   1.3055939e+05  -4.2485669e+05
   4.6500000e+01   1.5455119e+05  -4.4767494e+05
   4.6600000e+01   1.9044227e+05  -4.4219847e+05
   4.6700000e+01   2.2994056e+05  -4.1541119e+05
   4.6800000e+01   2.6650481e+05  -3.7032422e+05
   4.6900000e+01   2.9731584e+05  -3.0915875e+05
   4.7000000e+01   3.1749591e+05  -2.3847547e+05
   4.7100000e+01   3.1727291e+05  -1.6801930e+05
   4.7200000e+01   2.8928181e+05  -1.0406354e+05
   4.7300000e+01   2.3857242e+05  -4.5669359e+04
   4.7400000e+01   1.8143692e+05   1.0688168e+04
   4.7500000e+01   1.3107139e+05   6.2957363e+04
   4.7600000e+01   8.4776844e+04   1.0195019e+05
   4.7700000e+01   2.7576910e+04   1.1976550e+05
   4.7800000e+01  -5.0832602e+04   1.1970906e+05
   4.7900000e+01  -1.4394847e+05   1.1601573e+05
   4.8000000e+01  -2.3367200e+05   1.2182184e+05
   4.8100000e+01  -3.0620566e+05   1.3680222e+05
   4.8200000e+01  -3.6156162e+05   1.4728062e+05
   4.8300000e+01  -4.0840150e+05   1.3935878e+05
   4.8400000e+01  -4.5184119e+05   1.1252361e+05
   4.8500000e+01  -4.8706625e+05   8.0940031e+04
   4.8600000e+01  -5.0322247e+05   6.1961801e+04
   4.8700000e+01  -4.9197631e+05   6.3099543e+04
   4.8800000e+01  -4.5342750e+05   7.8425289e+04
   4.8900000e+01  -3.9667044e+05   9.5231148e+04
   4.9000000e+01  -3.3581150e+05   1.0323506e+05
   4.9100000e+01  -2.8275131e+05   9.9359555e+04
   4.9200000e+01  -2.3928964e+05   8.7600820e+04
   4.9300000e+01  -1.9402403e+05   7.7154641e+04
   4.9400000e+01  -1.2907875e+05   7.9772828e+04
   4.9500000e+01  -3.4543234e+04   1.0449826e+05
   4.9600000e+01   8.0015172e+04   1.5018614e+05
   4.9700000e+01   1.8785053e+05   2.0174425e+05
   4.9800000e+01   2.6155334e+05   2.3687745e+05
   4.9900000e+01   2.9181712e+05   2.4190555e+05
   5.0000000e+01   2.9367594e+05   2.2428298e+05
   5.0100000e+01   2.9494112e+05   2.0830397e+05
   5.0200000e+01   3.1550200e+05   2.1413745e+05
   5.0300000e+01   3.5342972e+05   2.3771716e+05
   5.0400000e+01   3.8863153e+05   2.5155942e+05
   5.0500000e+01   4.0063653e+05   2.2827575e+05
   5.0600000e+01   3.8504553e+05   1.6578188e+05
   5.0700000e+01   3.5437828e+05   9.0029906e+04
   5.0800000e+01   3.2391078e+05   3.2730512e+04
   5.0900000e+01   2.9776459e+05   6.2307959e+03
   5.1000000e+01   2.6919131e+05  -7.3572705e+02
   5.1100000e+01   2.3255353e+05  -5.6291719e+03
   5.1200000e+01   1.9172706e+05  -1.4110938e+04
   5.1300000e+01   1.5563175e+05  -1.9953094e+04
   5.1400000e+01   1.2829675e+05  -1.9012006e+04
   5.1500000e+01   1.0678909e+05  -1.7932094e+04
   5.1600000e+01   8.8407750e+04  -2.6599580e+04
   5.1700000e+01   7.5520609e+04  -4.4309527e+04
   5.1800000e+01   7.0224516e+04  -5.7921988e+04
   5.1900000e+01   6.6326344e+04  -5.6250250e+04
   5.2000000e+01   5.1570980e+04  -4.4974492e+04
   5.2100000e+01   2.0210250e+04  -4.3981648e+04
   5.2200000e+01  -1.8783867e+04  -6.7944305e+04
   5.2300000e+01  -4.9543055e+04  -1.1047820e+05
   5.2400000e+01  -6.6461398e+04  -1.4988175e+05
   5.2500000e+01  -8.1994914e+04  -1.7152788e+05
   5.2600000e+01  -1.1536628e+05  -1.8330675e+05
   5.2700000e+01  -1.7276733e+05  -2.0736808e+05
   5.2800000e+01  -2.3917253e+05  -2.5687408e+05
   5.2900000e+01  -2.9041319e+05  -3.2237462e+05
   5.3000000e+01  -3.1375847e+05  -3.8120931e+05
   5.3100000e+01  -3.1690688e+05  -4.1825803e+05
   5.3200000e+01  -3.1735050e+05  -4.3574178e+05
   5.3300000e+01  -3.2396884e+05  -4.4413612e+05
   5.3400000e+01  -3.2986012e+05  -4.4734088e+05
   5.3500000e+01  -3.2254791e+05  -4.3892378e+05
   5.3600000e+01  -2.9887456e+05  -4.1075341e+05
   5.3700000e+01  -2.6770209e+05  -3.6105384e+05
   5.3800000e+01  -2.3833639e+05  -2.9247688e+05
   5.3900000e+01  -2.0932614e+05  -2.0567686e+05
   5.4000000e+01  -1.7167106e+05  -1.0010896e+05
   5.4100000e+01  -1.2305595e+05   1.6977590e+04
   5.4200000e+01  -7.5512383e+04   1.2630298e+05
   5.4300000e+01  -4.4874500e+04   2.0789686e+05
   5.4400000e+01  -3.1229191e+04   2.6022628e+05
   5.4500000e+01  -1.2631984e+04   3.0553981e+05
   5.4600000e+01   3.6421430e+04   3.7019369e+05
   5.4700000e+01   1.1630736e+05   4.5579738e+05
   5.4800000e+01   1.9257588e+05   5.3121238e+05
   5.4900000e+01   2.1967619e+05   5.5748069e+05
   5.5000000e+01   1.7976844e+05   5.2351338e+05
   5.5100000e+01   1.0031498e+05   4.5673081e+05
   5.5200000e+01   3.2058527e+04   3.9690359e+05
   5.5300000e+01   7.2118096e+03   3.5909228e+05
   5.5400000e+01   1.7181395e+04   3.2257806e+05
   5.5500000e+01   2.8838910e+04   2.5528436e+05
   5.5600000e+01   1.9558924e+04   1.4726056e+05
   5.5700000e+01  -4.8026138e+03   2.0202105e+04
   5.5800000e+01  -2.2774582e+04  -9.2823922e+04
   5.5900000e+01  -2.1558514e+04  -1.7363486e+05
   5.6000000e+01  -5.7687891e+03  -2.2586577e+05
   5.6100000e+01   1.3712398e+04  -2.6142559e+05
   5.6200000e+01   3.2361191e+04  -2.8602384e+05
   5.6300000e+01   5.1083754e+04  -2.9917350e+05
   5.6400000e+01   6.7800656e+04  -3.0353966e+05
   5.6500000e+01   7.7187070e+04  -3.0733697e+05
   5.6600000e+01   8.0624617e+04  -3.1424678e+05
   5.6700000e+01   9.1402438e+04  -3.1373994e+05
   5.6800000e+01   1.2377898e+05  -2.8712925e+05
   5.6900000e+01   1.7523031e+05  -2.2664650e+05
   5.7000000e+01   2.2256602e+05  -1.4732455e+05
   5.7100000e+01   2.3912503e+05  -7.6644023e+04
   5.7200000e+01   2.1712933e+05  -3.0849980e+04
   5.7300000e+01   1.7328206e+05  -2.4015273e+03
   5.7400000e+01   1.3305562e+05   2.8549277e+04
   5.7500000e+01   1.0982548e+05   7.1854328e+04
   5.7600000e+01   9.7643445e+04   1.1836228e+05
   5.7700000e+01   8.1162906e+04   1.5218064e+05
   5.7800000e+01   5.0756680e+04   1.6842447e+05
   5.7900000e+01   9.3990234e+03   1.7639077e+05
   5.8000000e+01  -3.1565656e+04   1.8663266e+05
   5.8100000e+01  -6.0471648e+04   1.9903902e+05
   5.8200000e+01  -6.9434922e+04   2.0639183e+05
   5.8300000e+01  -5.4442633e+04   2.0793186e+05
   5.8400000e+01  -1.7159848e+04   2.1419928e+05
   5.8500000e+01   3.0079566e+04   2.3443531e+05
   5.8600000e+01   6.4545184e+04   2.6085725e+05
   5.8700000e+01   6.7582359e+04   2.7238109e+05
   5.8800000e+01   4.6023250e+04   2.5982172e+05
   5.8900000e+01   3.6466730e+04   2.4536173e+05
   5.9000000e+01   7.6902875e+04   2.6763597e+05
   5.9100000e+01   1.6479734e+05   3.3958669e+05
   5.9200000e+01   2.4501434e+05   4.2257066e+05
   5.9300000e+01   2.4932012e+05   4.5115462e+05
   5.9400000e+01   1.5607028e+05   3.9079891e+05
   5.9500000e+01   1.1824008e+04   2.7130969e+05
   5.9600000e+01  -1.0851528e+05   1.6018369e+05
   5.9700000e+01  -1.6402952e+05   1.0183822e+05
   5.9800000e+01  -1.7222184e+05   8.3230391e+04
   5.9900000e+01  -1.7786870e+05   5.6134211e+04
   6.0000000e+01  -2.0571625e+05  -1.2733574e+04
   6.0100000e+01  -2.4546884e+05  -1.1552755e+05
   6.0200000e+01  -2.7498238e+05  -2.2034603e+05
   6.0300000e+01  -2.8708303e+05  -3.0500906e+05
   6.0400000e+01  -2.9028575e+05  -3.7096616e+05
   6.0500000e+01  -2.8999275e+05  -4.2955572e+05
   6.0600000e+01  -2.7821062e+05  -4.8287388e+05
   6.0700000e+01  -2.4486759e+05  -5.2173188e+05
   6.0800000e+01  -1.9530830e+05  -5.3950188e+05
   6.0900000e+01  -1.5096533e+05  -5.4240888e+05
   6.1000000e+01  -1.3007462e+05  -5.4289506e+05
   6.1100000e+01  -1.2850017e+05  -5.4392412e+05
   6.1200000e+01  -1.2189529e+05  -5.3373319e+05
   6.1300000e+01  -8.8847141e+04  -4.9917184e+05
   6.1400000e+01  -3.2741559e+04  -4.4375406e+05
   6.1500000e+01   1.9776215e+04  -3.8910378e+05
   6.1600000e+01   4.3162105e+04  -3.5554916e+05
   6.1700000e+01   3.6541121e+04  -3.4125003e+05
   6.1800000e+01   2.3184836e+04  -3.2261903e+05
   6.1900000e+01   2.6894977e+04  -2.7692147e+05
   6.2000000e+01   4.9774973e+04  -2.0429788e+05
   6.2100000e+01   7.3523383e+04  -1.2690571e+05
   6.2200000e+01   8.0710203e+04  -6.6819766e+04
   6.2300000e+01   7.1891664e+04  -2.5822000e+04
   6.2400000e+01   6.1444918e+04   1.3158172e+04
   6.2500000e+01   6.0267625e+04   6.6663320e+04
   6.2600000e+01   6.6841977e+04   1.3499462e+05
   6.2700000e+01   7.4901391e+04   2.0548564e+05
   6.2800000e+01   8.4242781e+04   2.6791012e+05
   6.2900000e+01   9.8926367e+04   3.2281206e+05
   6.3000000e+01   1.1633130e+05   3.7477675e+05
   6.3100000e+01   1.2505292e+05   4.2267866e+05
   6.3200000e+01   1.1886718e+05   4.6175984e+05
   6.3300000e+01   1.1066827e+05   4.9397100e+05
   6.3400000e+01   1.2540475e+05   5.2849106e+05
   6.3500000e+01   1.7410247e+05   5.6599825e+05
   6.3600000e+01   2.3591878e+05   5.8530050e+05
   6.3700000e+01   2.7071503e+05   5.5467831e+05
   6.3800000e+01   2.5321014e+05   4.6246475e+05
   6.3900000e+01   1.9589283e+05   3.3442316e+05
   6.4000000e+01   1.3828541e+05   2.1560366e+05
   6.4100000e+01   1.1348412e+05   1.3321283e+05
   6.4200000e+01   1.2367777e+05   7.8881148e+04
   6.4300000e+01   1.4472884e+05   2.6932957e+04
   6.4400000e+01   1.5086031e+05  -3.4227387e+04
   6.4500000e+01   1.3421214e+05  -9.1744969e+04
   6.4600000e+01   1.0376950e+05  -1.2595475e+05
   6.4700000e+01   7.0239703e+04  -1.3213111e+05
   6.4800000e+01   3.4945316e+04  -1.2233595e+05
   6.4900000e+01  -7.3055391e+03  -1.0925212e+05
   6.5000000e+01  -5.7954344e+04  -9.3172414e+04
   6.5100000e+01  -1.1061598e+05  -6.6285078e+04
   6.5200000e+01  -1.5784928e+05  -2.7191512e+04
   6.5300000e+01  -1.9968361e+05   1.2035589e+04
   6.5400000e+01  -2.4244673e+05   3.4588273e+04
   6.5500000e+01  -2.8842978e+05   3.4492707e+04
   6.5600000e+01  -3.2897731e+05   2.2746539e+04
   6.5700000e+01  -3.5062191e+05   1.7014141e+04
   6.5800000e+01  -3.4854431e+05   2.4357068e+04
   6.5900000e+01  -3.3211366e+05   3.3987766e+04
   6.6000000e+01  -3.1549469e+05   2.7518322e+04
   6.6100000e+01  -3.0316453e+05  -3.4223359e+03
   6.6200000e+01  -2.8601559e+05  -4.9737609e+04
   6.6300000e+01  -2.5187534e+05  -9.4088609e+04
   6.6400000e+01  -1.9863588e+05  -1.2586173e+05
   6.6500000e+01  -1.3629864e+05  -1.4639498e+05
   6.6600000e+01  -7.7122750e+04  -1.6147334e+05
   6.6700000e+01  -2.5382936e+04  -1.7204159e+05
   6.6800000e+01   2.3043184e+04  -1.7361711e+05
   6.6900000e+01   7.2685422e+04  -1.6274430e+05
   6.7000000e+01   1.2166522e+05  -1.4113066e+05
   6.7100000e+01   1.6235430e+05  -1.1319260e+05
   6.7200000e+01   1.8683798e+05  -8.2048758e+04
   6.7300000e+01   1.9078406e+05  -4.9875375e+04
   6.7400000e+01   1.7381534e+05  -2.0875658e+04
   6.7500000e+01   1.3986016e+05  -3.2850781e+02
   6.7600000e+01   9.9559219e+04   1.1458346e+04
   6.7700000e+01   7.0602094e+04   2.2656238e+04
   6.7800000e+01   7.0227227e+04   4.3358938e+04
   6.7900000e+01   1.0189808e+05   7.2661547e+04
   6.8000000e+01   1.4798523e+05   9.3201742e+04
   6.8100000e+01   1.7931666e+05   8.2628031e+04
   6.8200000e+01   1.7779136e+05   3.4402332e+04
   6.8300000e+01   1.5319362e+05  -3.2011102e+04
   6.8400000e+01   1.3712902e+05  -8.4116328e+04
   6.8500000e+01   1.5709920e+05  -1.0289784e+05
   6.8600000e+01   2.1332064e+05  -9.8439406e+04
   6.8700000e+01   2.7931953e+05  -9.9310750e+04
   6.8800000e+01   3.2492375e+05  -1.2563519e+05
   6.8900000e+01   3.3938806e+05  -1.7161922e+05
   6.9000000e+01   3.3403875e+05  -2.1310645e+05
   6.9100000e+01   3.2523475e+05  -2.3009852e+05
   6.9200000e+01   3.1674588e+05  -2.2044741e+05
   6.9300000e+01   2.9804766e+05  -1.9329739e+05
   6.9400000e+01   2.5682659e+05  -1.5436941e+05
   6.9500000e+01   1.9064545e+05  -1.0249477e+05
   6.9600000e+01   1.0685502e+05  -4.0040602e+04
   6.9700000e+01   1.4281790e+04   1.9557355e+04
   6.9800000e+01  -8.1955391e+04   6.0949172e+04
   6.9900000e+01  -1.7754853e+05   8.3905156e+04
   7.0000000e+01  -2.6460550e+05   1.0593816e+05
   7.0100000e+01  -3.3447328e+05   1.4317169e+05
   7.0200000e+01  -3.8629659e+05   1.8937123e+05
   7.0300000e+01  -4.2994722e+05   2.1870002e+05
   7.0400000e+01  -4.7610925e+05   2.1204822e+05
   7.0500000e+01  -5.2173962e+05   1.7861353e+05
   7.0600000e+01  -5.4772300e+05   1.4792639e+05
   7.0700000e+01  -5.3470544e+05   1.4022083e+05
   7.0800000e+01  -4.8289244e+05   1.4735869e+05
   7.0900000e+01  -4.1516097e+05   1.4415838e+05
   7.1000000e+01  -3.5911797e+05   1.1579267e+05
   7.1100000e+01  -3.2552850e+05   7.0664586e+04
   7.1200000e+01  -3.0374744e+05   2.7175697e+04
   7.1300000e+01  -2.7645169e+05  -7.1784336e+03
   7.1400000e+01  -2.3701514e+05  -3.9901422e+04
   7.1500000e+01  -1.9307588e+05  -7.8605773e+04
   7.1600000e+01  -1.5623111e+05  -1.1712356e+05
   7.1700000e+01  -1.3086922e+05  -1.3932166e+05
   7.1800000e+01  -1.1237861e+05  -1.3522211e+05
   7.1900000e+01  -9.2843797e+04  -1.1030250e+05
   7.2000000e+01  -6.5753578e+04  -7.8009695e+04
   7.2100000e+01  -2.5967336e+04  -4.4991105e+04
   7.2200000e+01   3.0755207e+04  -6.1457109e+03
   7.2300000e+01   1.0376713e+05   4.4695930e+04
   7.2400000e+01   1.8204427e+05   9.9966594e+04
   7.2500000e+01   2.4636291e+05   1.3672512e+05
   7.2600000e+01   2.8310069e+05   1.3385561e+05
   7.2700000e+01   2.9973400e+05   9.4580750e+04
   7.2800000e+01   3.2469088e+05   5.1681742e+04
   7.2900000e+01   3.8535125e+05   4.5018668e+04
   7.3000000e+01   4.8055897e+05   8.6964102e+04
   7.3100000e+01   5.7463731e+05   1.4716941e+05
   7.3200000e+01   6.2307438e+05   1.7440597e+05
   7.3300000e+01   6.0893869e+05   1.3883625e+05
   7.3400000e+01   5.5584944e+05   5.6551242e+04
   7.3500000e+01   5.0461369e+05  -2.6062824e+04
   7.3600000e+01   4.7625606e+05  -7.1808719e+04
   7.3700000e+01   4.5684844e+05  -7.8152953e+04
   7.3800000e+01   4.1606322e+05  -6.8444672e+04
   7.3900000e+01   3.3770006e+05  -6.4269648e+04
   7.4000000e+01   2.3212134e+05  -6.8910500e+04
   7.4100000e+01   1.2319084e+05  -7.3319133e+04
   7.4200000e+01   2.8050244e+04  -7.0090680e+04
   7.4300000e+01  -5.0173922e+04  -5.7492918e+04
   7.4400000e+01  -1.1560754e+05  -3.3712984e+04
   7.4500000e+01  -1.7216047e+05   5.0279531e+03
   7.4600000e+01  -2.2366289e+05   5.6511301e+04
   7.4700000e+01  -2.7608903e+05   1.0535823e+05
   7.4800000e+01  -3.3332284e+05   1.2982091e+05
   7.4900000e+01  -3.8891344e+05   1.1965661e+05
   7.5000000e+01  -4.2546819e+05   8.6930203e+04
   7.5100000e+01  -4.2705631e+05   5.6321734e+04
   7.5200000e+01  -3.9436484e+05   4.2512641e+04
   7.5300000e+01  -3.4629328e+05   3.6704500e+04
   7.5400000e+01  -3.0411122e+05   1.5944418e+04
   7.5500000e+01  -2.7273738e+05  -3.3980691e+04
   7.5600000e+01  -2.3785441e+05  -1.0468753e+05
   7.5700000e+01  -1.8218827e+05  -1.7297767e+05
   7.5800000e+01  -1.0513489e+05  -2.2064884e+05
   7.5900000e+01  -2.6687930e+04  -2.4602473e+05
   7.6000000e+01   2.7823520e+04  -2.5804580e+05
   7.6100000e+01   4.7387258e+04  -2.6300691e+05
   7.6200000e+01   4.1381098e+04  -2.5962497e+05
   7.6300000e+01   2.8250865e+04  -2.4515972e+05
   7.6400000e+01   1.9746066e+04  -2.2087075e+05
   7.6500000e+01   1.6216394e+04  -1.8760516e+05
   7.6600000e+01   1.4589826e+04  -1.3862120e+05
   7.6700000e+01   1.5890656e+04  -6.4600754e+04
   7.6800000e+01   2.1189637e+04   2.8696801e+04
   7.6900000e+01   2.2455957e+04   1.1132278e+05
   7.7000000e+01   5.6888398e+03   1.4844592e+05
   7.7100000e+01  -2.9850500e+04   1.3688750e+05
   7.7200000e+01  -5.7719320e+04   1.1958261e+05
   7.7300000e+01  -4.0304781e+04   1.5240080e+05
   7.7400000e+01   3.1893125e+04   2.4785862e+05
   7.7500000e+01   1.1780242e+05   3.5306078e+05
   7.7600000e+01   1.5177875e+05   3.9128419e+05
   7.7700000e+01   1.0016677e+05   3.3111950e+05
   7.7800000e+01  -6.7575391e+03   2.1496092e+05
   7.7900000e+01  -1.0159762e+05   1.1842116e+05
   7.8000000e+01  -1.3929377e+05   8.2549688e+04
   7.8100000e+01  -1.2999154e+05   8.5502047e+04
   7.8200000e+01  -1.1677391e+05   7.5329383e+04
   7.8300000e+01  -1.2823309e+05   2.3412859e+04
   7.8400000e+01  -1.5668845e+05  -5.5184336e+04
   7.8500000e+01  -1.7731586e+05  -1.2593949e+05
   7.8600000e+01  -1.7755303e+05  -1.6965986e+05
   7.8700000e+01  -1.6226094e+05  -1.9174784e+05
   7.8800000e+01  -1.3627923e+05  -2.0442378e+05
   7.8900000e+01  -9.3932297e+04  -2.0858781e+05
   7.9000000e+01  -3.1625645e+04  -1.9597098e+05
   7.9100000e+01   3.4769207e+04  -1.6492058e+05
   7.9200000e+01   7.5976797e+04  -1.2759352e+05
   7.9300000e+01   7.8631008e+04  -9.8410664e+04
   7.9400000e+01   6.5377855e+04  -7.7557391e+04
   7.9500000e+01   7.8254891e+04  -5.0746039e+04
   7.9600000e+01   1.3762634e+05  -7.9443828e+03
   7.9700000e+01   2.1882062e+05   3.9891855e+04
   7.9800000e+01   2.7275000e+05   6.7389508e+04
   7.9900000e+01   2.7076466e+05   6.0224164e+04
   8.0000000e+01   2.2835581e+05   3.2023934e+04
   8.0100000e+01   1.8538084e+05   1.2779330e+04
   8.0200000e+01   1.6623322e+05   1.9958912e+04
   8.0300000e+01   1.6164047e+05   4.2805637e+04
   8.0400000e+01   1.4693359e+05   5.5383641e+04
   8.0500000e+01   1.1226463e+05   4.2481895e+04
   8.0600000e+01   7.1554062e+04   1.0741250e+04
   8.0700000e+01   4.4520738e+04  -2.2996410e+04
   8.0800000e+01   3.5746203e+04  -4.8478922e+04
   8.0900000e+01   3.4008105e+04  -6.4793289e+04
   8.1000000e+01   2.8752598e+04  -7.1197180e+04
   8.1100000e+01   2.1164129e+04  -6.3451320e+04
   8.1200000e+01   1.6673992e+04  -4.2931953e+04
   8.1300000e+01   1.1120194e+04  -2.4381254e+04
   8.1400000e+01  -7.5566406e+03  -2.5249623e+04
   8.1500000e+01  -3.9716488e+04  -4.2461414e+04
   8.1600000e+01  -6.0656348e+04  -4.4090797e+04
   8.1700000e+01  -3.6842406e+04   6.2724141e+03
   8.1800000e+01   3.7709383e+04   1.1040298e+05
   8.1900000e+01   1.2346058e+05   2.2183553e+05
   8.2000000e+01   1.6191034e+05   2.7765847e+05
   8.2100000e+01   1.2652088e+05   2.5005970e+05
   8.2200000e+01   4.8089500e+04   1.6963338e+05
   8.2300000e+01  -1.2273391e+04   9.8655906e+04
   8.2400000e+01  -1.6404012e+04   8.0319625e+04
   8.2500000e+01   2.2674086e+04   1.0991905e+05
   8.2600000e+01   6.0149547e+04   1.4861550e+05
   8.2700000e+01   6.1162984e+04   1.5978273e+05
   8.2800000e+01   2.3912037e+04   1.3313200e+05
   8.2900000e+01  -3.0251236e+04   8.1523500e+04
   8.3000000e+01  -8.0818164e+04   2.3216820e+04
   8.3100000e+01  -1.2142330e+05  -2.9781188e+04
   8.3200000e+01  -1.5631089e+05  -7.0662883e+04
   8.3300000e+01  -1.9063641e+05  -9.3473703e+04
   8.3400000e+01  -2.2511691e+05  -9.5514125e+04
   8.3500000e+01  -2.5613194e+05  -8.3980789e+04
   8.3600000e+01  -2.7737291e+05  -7.5407953e+04
   8.3700000e+01  -2.8142350e+05  -8.3151875e+04
   8.3800000e+01  -2.6278912e+05  -1.0366963e+05
   8.3900000e+01  -2.2282791e+05  -1.1771702e+05
   8.4000000e+01  -1.7318394e+05  -1.0863280e+05
   8.4100000e+01  -1.3265605e+05  -8.0301797e+04
   8.4200000e+01  -1.1633369e+05  -5.5197359e+04
   8.4300000e+01  -1.2344205e+05  -5.3076734e+04
   8.4400000e+01  -1.3465528e+05  -7.2135734e+04
   8.4500000e+01  -1.2427629e+05  -9.2464789e+04
   8.4600000e+01  -7.9854500e+04  -9.7806969e+04
   8.4700000e+01  -1.3115645e+04  -9.2068078e+04
   8.4800000e+01   4.8182008e+04  -9.3177344e+04
   8.4900000e+01   8.1147062e+04  -1.1160191e+05
   8.5000000e+01   8.3456336e+04  -1.3700608e+05
   8.5100000e+01   7.1421812e+04  -1.4720761e+05
   8.5200000e+01   6.4866512e+04  -1.2955935e+05
   8.5300000e+01   7.3758812e+04  -9.2239969e+04
   8.5400000e+01   9.6022555e+04  -5.4689383e+04
   8.5500000e+01   1.2314138e+05  -2.8915541e+04
   8.5600000e+01   1.4539850e+05  -1.1720045e+04
   8.5700000e+01   1.5468584e+05   6.3091621e+03
   8.5800000e+01   1.4841264e+05   2.8486754e+04
   8.5900000e+01   1.3436723e+05   5.1560410e+04
   8.6000000e+01   1.2958046e+05   7.5348211e+04
   8.6100000e+01   1.4857989e+05   1.0696189e+05
   8.6200000e+01   1.8839478e+05   1.5107134e+05
   8.6300000e+01   2.2541019e+05   1.9695272e+05
   8.6400000e+01   2.3110173e+05   2.2030053e+05
   8.6500000e+01   1.9561745e+05   2.0271142e+05
   8.6600000e+01   1.3830991e+05   1.5099128e+05
   8.6700000e+01   9.3985828e+04   9.5872070e+04
   8.6800000e+01   8.5111305e+04   6.8970172e+04
   8.6900000e+01   1.0369416e+05   7.7942586e+04
   8.7000000e+01   1.1884991e+05   1.0166617e+05
   8.7100000e+01   1.0331122e+05   1.0886703e+05
   8.7200000e+01   5.5191188e+04   8.3059750e+04
   8.7300000e+01  -3.5177734e+03   3.2541168e+04
   8.7400000e+01  -4.7740520e+04  -2.0948049e+04
   8.7500000e+01  -6.8118062e+04  -6.1988387e+04
   8.7600000e+01  -7.1676766e+04  -9.0937672e+04
   8.7700000e+01  -6.9001070e+04  -1.1661203e+05
   8.7800000e+01  -6.5146078e+04  -1.4295900e+05
   8.7900000e+01  -6.2693383e+04  -1.6482484e+05
   8.8000000e+01  -6.7838633e+04  -1.7566484e+05
   8.8100000e+01  -8.6934984e+04  -1.7593344e+05
   8.8200000e+01  -1.1565430e+05  -1.7130147e+05
   8.8300000e+01  -1.3617169e+05  -1.6356903e+05
   8.8400000e+01  -1.3092250e+05  -1.4688922e+05
   8.8500000e+01  -1.0112561e+05  -1.1539469e+05
   8.8600000e+01  -6.9121852e+04  -7.3429703e+04
   8.8700000e+01  -5.8678414e+04  -3.4952758e+04
   8.8800000e+01  -7.1616773e+04  -1.0792824e+04
   8.8900000e+01  -8.5432922e+04   2.6444297e+03
   8.9000000e+01  -7.6314789e+04   1.9959047e+04
   8.9100000e+01  -4.5223707e+04   5.1391312e+04
   8.9200000e+01  -1.9883807e+04   9.1769305e+04
   8.9300000e+01  -2.9163238e+04   1.2535111e+05
   8.9400000e+01  -7.4885641e+04   1.4072644e+05
   8.9500000e+01  -1.2949364e+05   1.3985756e+05
   8.9600000e+01  -1.6174344e+05   1.3336598e+05
   8.9700000e+01  -1.6410312e+05   1.2952209e+05
   8.9800000e+01  -1.5507777e+05   1.2895404e+05
   8.9900000e+01  -1.5698695e+05   1.2773066e+05
   9.0000000e+01  -1.7420202e+05   1.2201492e+05
   9.0100000e+01  -1.9268816e+05   1.0922350e+05
   9.0200000e+01  -1.9653658e+05   8.8211305e+04
   9.0300000e+01  -1.8093070e+05   6.2004965e+04
   9.0400000e+01  -1.4988158e+05   3.9913691e+04
   9.0500000e+01  -1.0687078e+05   3.2779453e+04
   9.0600000e+01  -5.2800137e+04   4.2502641e+04
   9.0700000e+01   6.9512559e+03   5.6420113e+04
   9.0800000e+01   5.8535609e+04   5.5397168e+04
   9.0900000e+01   8.8517391e+04   3.1009215e+04
   9.1000000e+01   9.9109156e+04  -4.0721680e+03
   9.1100000e+01   1.1201149e+05  -2.4349961e+04
   9.1200000e+01   1.5156848e+05  -1.3368281e+04
   9.1300000e+01   2.1977252e+05   1.9801625e+04
   9.1400000e+01   2.8815281e+05   4.5326367e+04
   9.1500000e+01   3.1860284e+05   3.5959867e+04
   9.1600000e+01   2.9651025e+05  -1.0995414e+04
   9.1700000e+01   2.4454378e+05  -7.2440109e+04
   9.1800000e+01   2.0259189e+05  -1.1942695e+05
   9.1900000e+01   1.9309267e+05  -1.3954609e+05
   9.2000000e+01   2.0562083e+05  -1.4205250e+05
   9.2100000e+01   2.1370502e+05  -1.4376828e+05
   9.2200000e+01   2.0332552e+05  -1.5172844e+05
   9.2300000e+01   1.8316006e+05  -1.5906872e+05
   9.2400000e+01   1.6985906e+05  -1.5518820e+05
   9.2500000e+01   1.6889903e+05  -1.3722334e+05
   9.2600000e+01   1.7222633e+05  -1.1122034e+05
   9.2700000e+01   1.7079100e+05  -8.4391703e+04
   9.2800000e+01   1.6332034e+05  -5.9038828e+04
   9.2900000e+01   1.5143261e+05  -3.4611320e+04
   9.3000000e+01   1.3134916e+05  -1.3222164e+04
   9.3100000e+01   9.6738695e+04   2.5533594e+02
   9.3200000e+01   5.0491512e+04   4.5111680e+03
   9.3300000e+01   8.4809395e+03   5.6977305e+03
   9.3400000e+01  -1.3654200e+04   1.1563242e+04
   9.3500000e+01  -1.7923568e+04   2.0887230e+04
   9.3600000e+01  -2.5086389e+04   2.1407498e+04
   9.3700000e+01  -5.6249352e+04   1.4826113e+03
   9.3800000e+01  -1.1373158e+05  -3.5683051e+04
   9.3900000e+01  -1.8027839e+05  -7.1698789e+04
   9.4000000e+01  -2.3502423e+05  -8.9043453e+04
   9.4100000e+01  -2.6840316e+05  -8.7579250e+04
   9.4200000e+01  -2.8377188e+05  -8.3874664e+04
   9.4300000e+01  -2.9006750e+05  -9.3532383e+04
   9.4400000e+01  -2.9594616e+05  -1.1466255e+05
   9.4500000e+01  -3.0780888e+05  -1.2905459e+05
   9.4600000e+01  -3.2699984e+05  -1.1868117e+05
   9.4700000e+01  -3.4552769e+05  -7.9853297e+04
   9.4800000e+01  -3.4694644e+05  -2.1691174e+04
   9.4900000e+01  -3.1684909e+05   4.6310953e+04
   9.5000000e+01  -2.5668106e+05   1.2158953e+05
   9.5100000e+01  -1.8798745e+05   2.0267881e+05
   9.5200000e+01  -1.4006545e+05   2.7996650e+05
   9.5300000e+01  -1.2774681e+05   3.3869825e+05
   9.5400000e+01  -1.3632891e+05   3.7505403e+05
   9.5500000e+01  -1.2857717e+05   4.0661469e+05
   9.5600000e+01  -7.3050688e+04   4.5946503e+05
   9.5700000e+01   2.6627984e+04   5.3932281e+05
   9.5800000e+01   1.2794343e+05   6.1661012e+05
   9.5900000e+01   1.7904808e+05   6.4616231e+05
   9.6000000e+01   1.5908941e+05   6.0647231e+05
   9.6100000e+01   9.3653797e+04   5.1976600e+05
   9.6200000e+01   3.0909227e+04   4.3170300e+05
   9.6300000e+01   8.7687109e+02   3.7103338e+05
   9.6400000e+01  -4.6222344e+03   3.2947759e+05
   9.6500000e+01  -1.5872746e+04   2.7880200e+05
   9.6600000e+01  -5.2909055e+04   2.0284597e+05
   9.6700000e+01  -1.0901095e+05   1.1046020e+05
   9.6800000e+01  -1.6177238e+05   2.0597814e+04
   9.6900000e+01  -1.9527928e+05  -5.8634305e+04
   9.7000000e+01  -2.1018052e+05  -1.3297952e+05
   9.7100000e+01  -2.1598781e+05  -2.0764625e+05
   9.7200000e+01  -2.1914148e+05  -2.7648803e+05
   9.7300000e+01  -2.2054955e+05  -3.2918812e+05
   9.7400000e+01  -2.2080138e+05  -3.6711206e+05
   9.7500000e+01  -2.2122064e+05  -4.0632550e+05
   9.7600000e+01  -2.1702923e+05  -4.6060225e+05
   9.7700000e+01  -1.9365080e+05  -5.2214606e+05
   9.7800000e+01  -1.3710311e+05  -5.6387769e+05
   9.7900000e+01  -5.1507086e+04  -5.6496138e+05
   9.8000000e+01   3.6857680e+04  -5.3400050e+05
   9.8100000e+01   9.8425539e+04  -5.0377706e+05
   9.8200000e+01   1.2561308e+05  -5.0086166e+05
   9.8300000e+01   1.3816662e+05  -5.2124650e+05
   9.8400000e+01   1.6257853e+05  -5.3732981e+05
   9.8500000e+01   2.0728950e+05  -5.2754850e+05
   9.8600000e+01   2.5831338e+05  -4.9584328e+05
   9.8700000e+01   2.9595934e+05  -4.6117028e+05
   9.8800000e+01   3.1192628e+05  -4.3200409e+05
   9.8900000e+01   3.1056719e+05  -3.9692497e+05
   9.9000000e+01   2.9895250e+05  -3.4176394e+05
   9.9100000e+01   2.8076762e+05  -2.7130869e+05
   9.9200000e+01   2.5936381e+05  -2.0795284e+05
   9.9300000e+01   2.4120659e+05  -1.6779891e+05
   9.9400000e+01   2.3092311e+05  -1.4294909e+05
   9.9500000e+01   2.2240181e+05  -1.1220452e+05
   9.9600000e+01   1.9989823e+05  -6.7585367e+04
   9.9700000e+01   1.5482058e+05  -2.3583037e+04
   9.9800000e+01   1.0226326e+05   1.9803848e+03
   9.9900000e+01   7.0894656e+04   8.0723442e+03
   1.0000000e+02   6.8098398e+04   5.3442700e+03
