   1.1851270e+02   3.6301420e+01   1.8450000e+02
   1.1865558e+02   3.6301422e+01   2.7270000e+02
   0.0000000e+00   3.3419066e+05   3.3419066e+05
   1.0000000e-01   1.4168295e+05   4.3597000e+05
   2.0000000e-01  -7.9877148e+04   5.1533100e+05
   3.0000000e-01  -2.2767202e+05   7.0996800e+05
   4.0000000e-01  -2.8392116e+05   1.0765668e+06
   5.0000000e-01  -3.3599112e+05   1.5196246e+06
   6.0000000e-01  -4.8077953e+05   1.8803710e+06
   7.0000000e-01  -7.3268000e+05   2.0846716e+06
   8.0000000e-01  -1.0323978e+06   2.1896012e+06
   9.0000000e-01  -1.3268451e+06   2.2951992e+06
   1.0000000e+00  -1.6185274e+06   2.4393190e+06
   1.1000000e+00  -1.9380266e+06   2.5912680e+06
   1.2000000e+00  -2.2894315e+06   2.7256462e+06
   1.3000000e+00  -2.6380350e+06   2.8677888e+06
   1.4000000e+00  -2.9452912e+06   3.0566110e+06
   1.5000000e+00  -3.1993608e+06   3.2810212e+06
   1.6000000e+00  -3.4056928e+06   3.4697440e+06
   1.7000000e+00  -3.5579098e+06   3.5387085e+06
   1.8000000e+00  -3.6303565e+06   3.4359395e+06
   1.9000000e+00  -3.6000532e+06   3.1449380e+06
   2.0000000e+00  -3.4671490e+06   2.6655748e+06
   2.1000000e+00  -3.2483350e+06   2.0058955e+06
   2.2000000e+00  -2.9550298e+06   1.1877149e+06
   2.3000000e+00  -2.5865052e+06   2.5113830e+05
   2.4000000e+00  -2.1454012e+06  -7.4445262e+05
   2.5000000e+00  -1.6520989e+06  -1.7194794e+06
   2.6000000e+00  -1.1365400e+06  -2.5845772e+06
   2.7000000e+00  -6.1696425e+05  -3.2717915e+06
   2.8000000e+00  -9.2628062e+04  -3.7618655e+06
   2.9000000e+00   4.4060331e+05  -4.0676258e+06
   3.0000000e+00   9.7170319e+05  -4.1802745e+06
   3.1000000e+00   1.4749158e+06  -4.0428322e+06
   3.2000000e+00   1.9262576e+06  -3.5945495e+06
   3.3000000e+00   2.3147418e+06  -2.8421082e+06
   3.4000000e+00   2.6363990e+06  -1.8729808e+06
   3.5000000e+00   2.8812222e+06  -7.9516356e+05
   3.6000000e+00   3.0306180e+06   3.2178803e+05
   3.7000000e+00   3.0703555e+06   1.4372912e+06
   3.8000000e+00   3.0081552e+06   2.4862942e+06
   3.9000000e+00   2.8805055e+06   3.3573115e+06
   4.0000000e+00   2.7403020e+06   3.9292592e+06
   4.1000000e+00   2.6290055e+06   4.1225015e+06
   4.2000000e+00   2.5486892e+06   3.9129605e+06
   4.3000000e+00   2.4544460e+06   3.3073042e+06
   4.4000000e+00   2.2791780e+06   2.3166730e+06
   4.5000000e+00   1.9813805e+06   9.6629325e+05
   4.6000000e+00   1.5853456e+06  -6.5426562e+05
   4.7000000e+00   1.1806810e+06  -2.3469575e+06
   4.8000000e+00   8.7243425e+05  -3.8421940e+06
   4.9000000e+00   7.1193812e+05  -4.9325760e+06
   5.0000000e+00   6.6125275e+05  -5.5955615e+06
   5.1000000e+00   6.2402569e+05  -5.9620175e+06
   5.2000000e+00   5.2042778e+05  -6.1384060e+06
   5.3000000e+00   3.4183875e+05  -6.0750380e+06
   5.4000000e+00   1.3865145e+05  -5.6371190e+06
   5.5000000e+00  -3.9837016e+04  -4.7888710e+06
   5.6000000e+00  -1.8929919e+05  -3.6588435e+06
   5.7000000e+00  -3.3901603e+05  -2.4162520e+06
   5.8000000e+00  -5.1073928e+05  -1.1365149e+06
   5.9000000e+00  -7.0021925e+05   1.7264725e+05
   6.0000000e+00  -8.9609956e+05   1.4524372e+06
   6.1000000e+00  -1.1024939e+06   2.5711110e+06
   6.2000000e+00  -1.3336995e+06   3.4299850e+06
   6.3000000e+00  -1.5915592e+06   4.0385272e+06
   6.4000000e+00  -1.8572374e+06   4.4536470e+06
   6.5000000e+00  -2.1050192e+06   4.6777850e+06
   6.6000000e+00  -2.3157038e+06   4.6581610e+06
   6.7000000e+00  -2.4729618e+06   4.3748420e+06
   6.8000000e+00  -2.5542120e+06   3.8886345e+06
   6.9000000e+00  -2.5353520e+06   3.2944898e+06
   7.0000000e+00  -2.4072965e+06   2.6569700e+06
   7.1000000e+00  -2.1844900e+06   2.0049860e+06
   7.2000000e+00  -1.8954604e+06   1.3643631e+06
   7.3000000e+00  -1.5667430e+06   7.6777488e+05
   7.4000000e+00  -1.2158296e+06   2.3815888e+05
   7.5000000e+00  -8.5470169e+05  -2.1467684e+05
   7.6000000e+00  -4.9452856e+05  -5.7588575e+05
   7.7000000e+00  -1.4590078e+05  -8.1887106e+05
   7.8000000e+00   1.8241164e+05  -9.2651000e+05
   7.9000000e+00   4.8234494e+05  -9.1370456e+05
   8.0000000e+00   7.4450938e+05  -8.2152088e+05
   8.1000000e+00   9.5901381e+05  -6.8948100e+05
   8.2000000e+00   1.1197702e+06  -5.3551169e+05
   8.3000000e+00   1.2289112e+06  -3.5918512e+05
   8.4000000e+00   1.2969541e+06  -1.5922822e+05
   8.5000000e+00   1.3365618e+06   5.1748598e+04
   8.6000000e+00   1.3524695e+06   2.4468762e+05
   8.7000000e+00   1.3354108e+06   3.8298944e+05
   8.8000000e+00   1.2683176e+06   4.3640228e+05
   8.9000000e+00   1.1440989e+06   3.9287138e+05
   9.0000000e+00   9.8131094e+05   2.6428003e+05
   9.1000000e+00   8.2103700e+05   8.3830695e+04
   9.2000000e+00   7.0284675e+05  -1.0729605e+05
   9.3000000e+00   6.3817669e+05  -2.8132778e+05
   9.4000000e+00   6.0451169e+05  -4.3905956e+05
   9.5000000e+00   5.6588862e+05  -6.0170075e+05
   9.6000000e+00   5.0148353e+05  -7.8148112e+05
   9.7000000e+00   4.1808931e+05  -9.5818900e+05
   9.8000000e+00   3.3889778e+05  -1.0873451e+06
   9.9000000e+00   2.8208741e+05  -1.1333371e+06
   1.0000000e+01   2.4821245e+05  -1.0938602e+06
   1.0100000e+01   2.2370361e+05  -9.9295812e+05
   1.0200000e+01   1.9326959e+05  -8.5511662e+05
   1.0300000e+01   1.4951881e+05  -6.9023606e+05
   1.0400000e+01   9.3993844e+04  -5.0192956e+05
   1.0500000e+01   3.2030881e+04  -3.0416484e+05
   1.0600000e+01  -3.2431262e+04  -1.2501862e+05
   1.0700000e+01  -9.8158484e+04   6.7496211e+03
   1.0800000e+01  -1.6507545e+05   7.8723773e+04
   1.0900000e+01  -2.3353020e+05   1.0022330e+05
   1.1000000e+01  -3.0550203e+05   9.2938266e+04
   1.1100000e+01  -3.8443434e+05   7.5987797e+04
   1.1200000e+01  -4.7070431e+05   5.7133637e+04
   1.1300000e+01  -5.5600438e+05   3.4805770e+04
   1.1400000e+01  -6.2408512e+05   6.5613086e+03
   1.1500000e+01  -6.5995762e+05  -2.3806039e+04
   1.1600000e+01  -6.5963050e+05  -4.5066840e+04
   1.1700000e+01  -6.3069712e+05  -4.2871883e+04
   1.1800000e+01  -5.8416800e+05  -6.5479805e+03
   1.1900000e+01  -5.2760931e+05   6.5228117e+04
   1.2000000e+01  -4.6631359e+05   1.6308078e+05
   1.2100000e+01  -4.0767269e+05   2.7095584e+05
   1.2200000e+01  -3.6020394e+05   3.7279538e+05
   1.2300000e+01  -3.2772306e+05   4.5719594e+05
   1.2400000e+01  -3.0744584e+05   5.1781325e+05
   1.2500000e+01  -2.9548225e+05   5.5157531e+05
   1.2600000e+01  -2.9137156e+05   5.5823844e+05
   1.2700000e+01  -2.9299866e+05   5.4232488e+05
   1.2800000e+01  -2.8748281e+05   5.1465375e+05
   1.2900000e+01  -2.5363517e+05   4.8880972e+05
   1.3000000e+01  -1.8066200e+05   4.7068509e+05
   1.3100000e+01  -8.5563070e+04   4.4733797e+05
   1.3200000e+01  -5.7424336e+03   3.8848225e+05
   1.3300000e+01   3.3900328e+04   2.6823306e+05
   1.3400000e+01   4.9940492e+04   9.4175750e+04
   1.3500000e+01   9.2829070e+04  -8.5141484e+04
   1.3600000e+01   2.0296930e+05  -2.1019311e+05
   1.3700000e+01   3.6923634e+05  -2.5668812e+05
   1.3800000e+01   5.3179281e+05  -2.5433577e+05
   1.3900000e+01   6.3079150e+05  -2.5743259e+05
   1.4000000e+01   6.5670250e+05  -2.9506647e+05
   1.4100000e+01   6.5399494e+05  -3.4971462e+05
   1.4200000e+01   6.7463894e+05  -3.8206872e+05
   1.4300000e+01   7.2717188e+05  -3.7196612e+05
   1.4400000e+01   7.7019269e+05  -3.3333728e+05
   1.4500000e+01   7.5329400e+05  -2.9418475e+05
   1.4600000e+01   6.6235962e+05  -2.6928772e+05
   1.4700000e+01   5.2682944e+05  -2.5414575e+05
   1.4800000e+01   3.8881734e+05  -2.3980245e+05
   1.4900000e+01   2.6987622e+05  -2.2669506e+05
   1.5000000e+01   1.6562467e+05  -2.2272314e+05
   1.5100000e+01   6.4824316e+04  -2.3177355e+05
   1.5200000e+01  -3.2540461e+04  -2.4784381e+05
   1.5300000e+01  -1.1505902e+05  -2.6019892e+05
   1.5400000e+01  -1.7208897e+05  -2.6188409e+05
   1.5500000e+01  -2.0271114e+05  -2.5228019e+05
   1.5600000e+01  -2.1380311e+05  -2.3292381e+05
   1.5700000e+01  -2.1213319e+05  -2.0287534e+05
   1.5800000e+01  -1.9941420e+05  -1.5858969e+05
   1.5900000e+01  -1.7407848e+05  -9.7181367e+04
   1.6000000e+01  -1.3640081e+05  -1.8720475e+04
   1.6100000e+01  -9.1123219e+04   7.4568156e+04
   1.6200000e+01  -4.5580605e+04   1.8013689e+05
   1.6300000e+01  -7.1876973e+03   2.9458847e+05
   1.6400000e+01   1.5276968e+04   4.1018841e+05
   1.6500000e+01   8.9223154e+03   5.1184922e+05
   1.6600000e+01  -3.9587137e+04   5.7921131e+05
   1.6700000e+01  -1.3201867e+05   5.9492700e+05
   1.6800000e+01  -2.4966191e+05   5.5433081e+05
   1.6900000e+01  -3.6160916e+05   4.6877656e+05
   1.7000000e+01  -4.4722672e+05   3.5913750e+05
   1.7100000e+01  -5.1051497e+05   2.4470228e+05
   1.7200000e+01  -5.6899825e+05   1.3699964e+05
   1.7300000e+01  -6.2843100e+05   4.2061980e+04
   1.7400000e+01  -6.7351144e+05  -3.5468227e+04
   1.7500000e+01  -6.8714000e+05  -9.3951602e+04
   1.7600000e+01  -6.7437612e+05  -1.3876709e+05
   1.7700000e+01  -6.5774681e+05  -1.7764873e+05
   1.7800000e+01  -6.4447006e+05  -2.0612395e+05
   1.7900000e+01  -6.0494669e+05  -2.0008064e+05
   1.8000000e+01  -4.9546231e+05  -1.3265703e+05
   1.8100000e+01  -3.0809228e+05  -6.4268418e+03
   1.8200000e+01  -9.4120625e+04   1.3267988e+05
   1.8300000e+01   7.0126336e+04   2.2196797e+05
   1.8400000e+01   1.4570673e+05   2.2988947e+05
   1.8500000e+01   1.6100741e+05   1.7989136e+05
   1.8600000e+01   1.8125322e+05   1.2634887e+05
   1.8700000e+01   2.5028566e+05   1.0659194e+05
   1.8800000e+01   3.6066425e+05   1.1511141e+05
   1.8900000e+01   4.7348316e+05   1.1989592e+05
   1.9000000e+01   5.5887094e+05   9.7665039e+04
   1.9100000e+01   6.1509644e+05   5.1061949e+04
   1.9200000e+01   6.5504431e+05  -3.4377808e+03
   1.9300000e+01   6.8380675e+05  -5.5964422e+04
   1.9400000e+01   6.9362212e+05  -1.0736322e+05
   1.9500000e+01   6.7674400e+05  -1.5645986e+05
   1.9600000e+01   6.3636638e+05  -1.9107417e+05
   1.9700000e+01   5.8217150e+05  -1.9717011e+05
   1.9800000e+01   5.1855488e+05  -1.7602919e+05
   1.9900000e+01   4.4256950e+05  -1.4704566e+05
   2.0000000e+01   3.5482856e+05  -1.2966580e+05
   2.0100000e+01   2.6817559e+05  -1.2396650e+05
   2.0200000e+01   1.9984066e+05  -1.1332209e+05
   2.0300000e+01   1.5340411e+05  -8.7493109e+04
   2.0400000e+01   1.1222952e+05  -5.9252523e+04
   2.0500000e+01   5.5456352e+04  -5.3910453e+04
   2.0600000e+01  -1.8780730e+04  -8.3114891e+04
   2.0700000e+01  -8.9304641e+04  -1.3356725e+05
   2.0800000e+01  -1.3374136e+05  -1.8336788e+05
   2.0900000e+01  -1.5340666e+05  -2.2513791e+05
   2.1000000e+01  -1.7341653e+05  -2.6760344e+05
   2.1100000e+01  -2.1711955e+05  -3.1519094e+05
   2.1200000e+01  -2.8256219e+05  -3.5290269e+05
   2.1300000e+01  -3.4594678e+05  -3.5641578e+05
   2.1400000e+01  -3.8624288e+05  -3.1516378e+05
   2.1500000e+01  -4.0231684e+05  -2.4043314e+05
   2.1600000e+01  -4.0522147e+05  -1.5026719e+05
   2.1700000e+01  -3.9889947e+05  -5.1899609e+04
   2.1800000e+01  -3.7529006e+05   5.6062059e+04
   2.1900000e+01  -3.2990688e+05   1.6618436e+05
   2.2000000e+01  -2.7641581e+05   2.5480492e+05
   2.2100000e+01  -2.3800016e+05   2.9906700e+05
   2.2200000e+01  -2.2152389e+05   3.0258862e+05
   2.2300000e+01  -2.0456403e+05   2.9954312e+05
   2.2400000e+01  -1.5511588e+05   3.2615850e+05
   2.2500000e+01  -6.7808727e+04   3.8325625e+05
   2.2600000e+01   2.1664574e+04   4.2762762e+05
   2.2700000e+01   6.3481141e+04   4.0623125e+05
   2.2800000e+01   3.9046820e+04   3.0543294e+05
   2.2900000e+01  -1.9536178e+04   1.6892142e+05
   2.3000000e+01  -5.6017730e+04   6.4597727e+04
   2.3100000e+01  -3.7147871e+04   2.9561227e+04
   2.3200000e+01   2.4223453e+04   4.4358332e+04
   2.3300000e+01   8.8474688e+04   5.8792844e+04
   2.3400000e+01   1.2727759e+05   4.0884418e+04
   2.3500000e+01   1.4294006e+05   7.0399414e+02
   2.3600000e+01   1.5620481e+05  -2.9219367e+04
   2.3700000e+01   1.8185939e+05  -3.0257922e+04
   2.3800000e+01   2.1786550e+05  -1.2177285e+04
   2.3900000e+01   2.5367664e+05   3.7348928e+03
   2.4000000e+01   2.8313003e+05   8.6899785e+03
   2.4100000e+01   3.0695303e+05   1.1211216e+04
   2.4200000e+01   3.2493697e+05   2.2366098e+04
   2.4300000e+01   3.2960388e+05   4.2053504e+04
   2.4400000e+01   3.1028991e+05   6.1214133e+04
   2.4500000e+01   2.6386719e+05   7.3716305e+04
   2.4600000e+01   1.9983294e+05   8.1577367e+04
   2.4700000e+01   1.3263484e+05   8.7786914e+04
   2.4800000e+01   6.8275789e+04   8.7164047e+04
   2.4900000e+01   2.0141016e+02   6.7867305e+04
   2.5000000e+01  -7.9259398e+04   2.2823156e+04
   2.5100000e+01  -1.6335097e+05  -4.2100211e+04
   2.5200000e+01  -2.2954775e+05  -1.1315084e+05
   2.5300000e+01  -2.5696552e+05  -1.8177266e+05
   2.5400000e+01  -2.4636083e+05  -2.5095550e+05
   2.5500000e+01  -2.2198488e+05  -3.2759325e+05
   2.5600000e+01  -2.1223853e+05  -4.0984275e+05
   2.5700000e+01  -2.2732428e+05  -4.8455506e+05
   2.5800000e+01  -2.5424588e+05  -5.3816950e+05
   2.5900000e+01  -2.7119609e+05  -5.6835344e+05
   2.6000000e+01  -2.6526550e+05  -5.8239181e+05
   2.6100000e+01  -2.3817998e+05  -5.8416725e+05
   2.6200000e+01  -2.0043734e+05  -5.6608100e+05
   2.6300000e+01  -1.6458853e+05  -5.1742275e+05
   2.6400000e+01  -1.4264936e+05  -4.4063584e+05
   2.6500000e+01  -1.4218730e+05  -3.5496653e+05
   2.6600000e+01  -1.5778356e+05  -2.7908081e+05
   2.6700000e+01  -1.6730123e+05  -2.0915595e+05
   2.6800000e+01  -1.4507744e+05  -1.1827485e+05
   2.6900000e+01  -8.6509047e+04   1.7176852e+04
   2.7000000e+01  -1.9420832e+04   1.8882294e+05
   2.7100000e+01   1.5472281e+04   3.5671591e+05
   2.7200000e+01   1.2676562e+03   4.8238969e+05
   2.7300000e+01  -3.6672383e+04   5.6332312e+05
   2.7400000e+01  -5.0517598e+04   6.3389412e+05
   2.7500000e+01  -1.0020264e+04   7.3094300e+05
   2.7600000e+01   7.4712234e+04   8.5743781e+05
   2.7700000e+01   1.6630480e+05   9.7850925e+05
   2.7800000e+01   2.3259548e+05   1.0511240e+06
   2.7900000e+01   2.6749269e+05   1.0575205e+06
   2.8000000e+01   2.8562950e+05   1.0133150e+06
   2.8100000e+01   3.0213175e+05   9.4823212e+05
   2.8200000e+01   3.1873425e+05   8.8090575e+05
   2.8300000e+01   3.2679494e+05   8.0886250e+05
   2.8400000e+01   3.2058172e+05   7.1696756e+05
   2.8500000e+01   3.0598691e+05   5.9225250e+05
   2.8600000e+01   2.9562822e+05   4.3223238e+05
   2.8700000e+01   2.9502984e+05   2.4366102e+05
   2.8800000e+01   2.9406397e+05   3.7479652e+04
   2.8900000e+01   2.7360922e+05  -1.7403427e+05
   2.9000000e+01   2.2215986e+05  -3.7796038e+05
   2.9100000e+01   1.4609764e+05  -5.6322838e+05
   2.9200000e+01   6.3329188e+04  -7.2548456e+05
   2.9300000e+01  -1.2453978e+04  -8.6874519e+05
   2.9400000e+01  -8.0269922e+04  -9.9887031e+05
   2.9500000e+01  -1.4614180e+05  -1.1132378e+06
   2.9600000e+01  -2.1279566e+05  -1.1983202e+06
   2.9700000e+01  -2.7736403e+05  -1.2406196e+06
   2.9800000e+01  -3.3665819e+05  -1.2407894e+06
   2.9900000e+01  -3.8908603e+05  -1.2143384e+06
   3.0000000e+01  -4.2886284e+05  -1.1756518e+06
   3.0100000e+01  -4.4215728e+05  -1.1218940e+06
   3.0200000e+01  -4.1537103e+05  -1.0354998e+06
   3.0300000e+01  -3.4983144e+05  -9.0355131e+05
   3.0400000e+01  -2.6540597e+05  -7.3247000e+05
   3.0500000e+01  -1.8547177e+05  -5.4158275e+05
   3.0600000e+01  -1.1747862e+05  -3.4396316e+05
   3.0700000e+01  -5.0380797e+04  -1.3748009e+05
   3.0800000e+01   2.7812895e+04   8.4372438e+04
   3.0900000e+01   1.1221423e+05   3.1667559e+05
   3.1000000e+01   1.8373366e+05   5.4227700e+05
   3.1100000e+01   2.2972275e+05   7.4627631e+05
   3.1200000e+01   2.5871275e+05   9.2675006e+05
   3.1300000e+01   2.9086059e+05   1.0873650e+06
   3.1400000e+01   3.3293138e+05   1.2201848e+06
   3.1500000e+01   3.6556478e+05   1.3003975e+06
   3.1600000e+01   3.5915116e+05   1.3032052e+06
   3.1700000e+01   3.0390122e+05   1.2287179e+06
   3.1800000e+01   2.2274370e+05   1.1092334e+06
   3.1900000e+01   1.5201756e+05   9.8768631e+05
   3.2000000e+01   1.0830501e+05   8.8400038e+05
   3.2100000e+01   7.4805539e+04   7.8051925e+05
   3.2200000e+01   2.0978240e+04   6.4195194e+05
   3.2300000e+01  -6.4630957e+04   4.5200903e+05
   3.2400000e+01  -1.6101125e+05   2.3145055e+05
   3.2500000e+01  -2.3253656e+05   2.0758393e+04
   3.2600000e+01  -2.5870231e+05  -1.5315814e+05
   3.2700000e+01  -2.4718558e+05  -2.9227147e+05
   3.2800000e+01  -2.2126114e+05  -4.1336925e+05
   3.2900000e+01  -1.9787981e+05  -5.2537725e+05
   3.3000000e+01  -1.7783939e+05  -6.2341325e+05
   3.3100000e+01  -1.5304983e+05  -7.0018988e+05
   3.3200000e+01  -1.1864308e+05  -7.5483519e+05
   3.3300000e+01  -7.7058328e+04  -7.8735938e+05
   3.3400000e+01  -3.3627066e+04  -7.8968856e+05
   3.3500000e+01   7.9000176e+03  -7.4996700e+05
   3.3600000e+01   4.4677062e+04  -6.6847300e+05
   3.3700000e+01   7.2092773e+04  -5.6568269e+05
   3.3800000e+01   8.4478344e+04  -4.6931797e+05
   3.3900000e+01   7.9138891e+04  -3.9106266e+05
   3.4000000e+01   5.8704645e+04  -3.1712406e+05
   3.4100000e+01   2.8708090e+04  -2.2386742e+05
   3.4200000e+01  -6.6992207e+03  -1.0372600e+05
   3.4300000e+01  -4.5514172e+04   2.4693869e+04
   3.4400000e+01  -8.4151531e+04   1.3247756e+05
   3.4500000e+01  -1.1456342e+05   2.0550075e+05
   3.4600000e+01  -1.2788477e+05   2.5265959e+05
   3.4700000e+01  -1.2283145e+05   2.8980794e+05
   3.4800000e+01  -1.0980192e+05   3.1858444e+05
   3.4900000e+01  -1.0424418e+05   3.2411712e+05
   3.5000000e+01  -1.1432408e+05   2.9315778e+05
   3.5100000e+01  -1.3518464e+05   2.3078555e+05
   3.5200000e+01  -1.5508523e+05   1.5695702e+05
   3.5300000e+01  -1.6494292e+05   8.9190805e+04
   3.5400000e+01  -1.5994255e+05   3.3207660e+04
   3.5500000e+01  -1.3454269e+05  -9.4973438e+03
   3.5600000e+01  -8.3353953e+04  -3.1877904e+04
   3.5700000e+01  -1.2678873e+04  -2.7023746e+04
   3.5800000e+01   5.1351289e+04  -4.2113765e+03
   3.5900000e+01   7.5938078e+04   9.0203643e+03
   3.6000000e+01   5.2014797e+04  -8.6728057e+03
   3.6100000e+01   1.2830258e+04  -4.1925066e+04
   3.6200000e+01   1.5562488e+04  -3.8276926e+04
   3.6300000e+01   9.5241664e+04   5.0834293e+04
   3.6400000e+01   2.3080638e+05   2.2055344e+05
   3.6500000e+01   3.5614066e+05   4.0370319e+05
   3.6600000e+01   4.0907625e+05   5.1783459e+05
   3.6700000e+01   3.7713834e+05   5.2939675e+05
   3.6800000e+01   3.0259912e+05   4.7644297e+05
   3.6900000e+01   2.4576641e+05   4.2888597e+05
   3.7000000e+01   2.3961773e+05   4.2451941e+05
   3.7100000e+01   2.7188400e+05   4.4035022e+05
   3.7200000e+01   3.0396819e+05   4.2148544e+05
   3.7300000e+01   3.0558700e+05   3.3379953e+05
   3.7400000e+01   2.7495691e+05   1.8895419e+05
   3.7500000e+01   2.3123686e+05   2.4571078e+04
   3.7600000e+01   1.9167202e+05  -1.3219086e+05
   3.7700000e+01   1.5721367e+05  -2.7963234e+05
   3.7800000e+01   1.1808524e+05  -4.2655378e+05
   3.7900000e+01   6.8638188e+04  -5.7054106e+05
   3.8000000e+01   1.2836943e+04  -6.9400994e+05
   3.8100000e+01  -4.4014371e+04  -7.7835575e+05
   3.8200000e+01  -1.0336849e+05  -8.1741194e+05
   3.8300000e+01  -1.6859761e+05  -8.1654556e+05
   3.8400000e+01  -2.3367059e+05  -7.8269325e+05
   3.8500000e+01  -2.8288847e+05  -7.1963456e+05
   3.8600000e+01  -3.0563350e+05  -6.3300081e+05
   3.8700000e+01  -3.0876622e+05  -5.3520806e+05
   3.8800000e+01  -3.0964025e+05  -4.4027100e+05
   3.8900000e+01  -3.1646944e+05  -3.5233484e+05
   3.9000000e+01  -3.1974728e+05  -2.6187072e+05
   3.9100000e+01  -3.0573938e+05  -1.5615339e+05
   3.9200000e+01  -2.7591347e+05  -3.4032121e+04
   3.9300000e+01  -2.4857095e+05   9.0793312e+04
   3.9400000e+01  -2.4029472e+05   2.0132555e+05
   3.9500000e+01  -2.4875308e+05   2.9075459e+05
   3.9600000e+01  -2.5634703e+05   3.6380075e+05
   3.9700000e+01  -2.4956917e+05   4.2648675e+05
   3.9800000e+01  -2.3119861e+05   4.7777716e+05
   3.9900000e+01  -2.1179389e+05   5.1273316e+05
   4.0000000e+01  -1.9200897e+05   5.3147138e+05
   4.0100000e+01  -1.5888567e+05   5.4021819e+05
   4.0200000e+01  -1.0300186e+05   5.4085781e+05
   4.0300000e+01  -3.6505512e+04   5.2255822e+05
   4.0400000e+01   1.3413962e+04   4.7119447e+05
   4.0500000e+01   3.4521496e+04   3.9218059e+05
   4.0600000e+01   5.0674461e+04   3.2058381e+05
   4.0700000e+01   1.0451654e+05   2.9814088e+05
   4.0800000e+01   2.1250991e+05   3.3161388e+05
   4.0900000e+01   3.3844750e+05   3.7485462e+05
   4.1000000e+01   4.1830450e+05   3.6101497e+05
   4.1100000e+01   4.1647312e+05   2.6075664e+05
   4.1200000e+01   3.5795775e+05   1.1043984e+05
   4.1300000e+01   3.0383303e+05  -1.9495520e+04
   4.1400000e+01   2.9478141e+05  -8.5471922e+04
   4.1500000e+01   3.1813472e+05  -1.0119867e+05
   4.1600000e+01   3.2700503e+05  -1.1172112e+05
   4.1700000e+01   2.8752334e+05  -1.4426216e+05
   4.1800000e+01   2.0693905e+05  -1.8811934e+05
   4.1900000e+01   1.2028502e+05  -2.1783141e+05
   4.2000000e+01   5.5377859e+04  -2.2586014e+05
   4.2100000e+01   1.2327783e+04  -2.2681828e+05
   4.2200000e+01  -2.6746041e+04  -2.3386298e+05
   4.2300000e+01  -7.3717828e+04  -2.4030242e+05
   4.2400000e+01  -1.2258715e+05  -2.2935069e+05
   4.2500000e+01  -1.5866680e+05  -1.9856681e+05
   4.2600000e+01  -1.7436859e+05  -1.6773694e+05
   4.2700000e+01  -1.7320008e+05  -1.5925888e+05
   4.2800000e+01  -1.6058953e+05  -1.7277184e+05
   4.2900000e+01  -1.3600064e+05  -1.8287433e+05
   4.3000000e+01  -9.6888133e+04  -1.6342792e+05
   4.3100000e+01  -4.8200680e+04  -1.1337888e+05
   4.3200000e+01  -3.6329917e+03  -5.8017883e+04
   4.3300000e+01   2.4354605e+04  -2.5515070e+04
   4.3400000e+01   3.4357312e+04  -2.2804443e+04
   4.3500000e+01   3.4553723e+04  -3.3246609e+04
   4.3600000e+01   3.2269746e+04  -3.5427352e+04
   4.3700000e+01   2.6411100e+04  -2.3119867e+04
   4.3800000e+01   9.9562881e+03  -8.6194902e+03
   4.3900000e+01  -2.1636346e+04  -9.4233115e+03
   4.4000000e+01  -6.5222750e+04  -3.2289766e+04
   4.4100000e+01  -1.1224076e+05  -6.7783328e+04
   4.4200000e+01  -1.5491820e+05  -9.7457062e+04
   4.4300000e+01  -1.8988541e+05  -1.0650334e+05
   4.4400000e+01  -2.1649861e+05  -9.2924617e+04
   4.4500000e+01  -2.3359328e+05  -6.8097531e+04
   4.4600000e+01  -2.4004433e+05  -4.8941156e+04
   4.4700000e+01  -2.3831641e+05  -4.6381152e+04
   4.4800000e+01  -2.3344138e+05  -5.7054566e+04
   4.4900000e+01  -2.2397223e+05  -6.3941262e+04
   4.5000000e+01  -1.9491714e+05  -4.6760238e+04
   4.5100000e+01  -1.2704966e+05   3.3177930e+03
   4.5200000e+01  -1.9950541e+04   7.4180797e+04
   4.5300000e+01   9.5659539e+04   1.3660738e+05
   4.5400000e+01   1.7661458e+05   1.6167070e+05
   4.5500000e+01   2.0445756e+05   1.4143481e+05
   4.5600000e+01   2.0340517e+05   9.7322578e+04
   4.5700000e+01   2.1764352e+05   6.7020891e+04
   4.5800000e+01   2.6927228e+05   7.7077641e+04
   4.5900000e+01   3.3913953e+05   1.2210686e+05
   4.6000000e+01   3.8791859e+05   1.6894473e+05
   4.6100000e+01   3.9310175e+05   1.8385248e+05
   4.6200000e+01   3.6489766e+05   1.5949641e+05
   4.6300000e+01   3.3006056e+05   1.1751057e+05
   4.6400000e+01   3.0527056e+05   8.5737680e+04
   4.6500000e+01   2.8722684e+05   7.4336805e+04
   4.6600000e+01   2.6457044e+05   7.4372219e+04
   4.6700000e+01   2.3379567e+05   7.5875844e+04
   4.6800000e+01   2.0059925e+05   8.0374969e+04
   4.6900000e+01   1.6757742e+05   9.2253016e+04
   4.7000000e+01   1.2609805e+05   1.0254270e+05
   4.7100000e+01   6.5089055e+04   9.0260016e+04
   4.7200000e+01  -1.2394176e+04   4.4137816e+04
   4.7300000e+01  -8.6474398e+04  -2.0608082e+04
   4.7400000e+01  -1.3887669e+05  -7.2994594e+04
   4.7500000e+01  -1.7326853e+05  -9.4905328e+04
   4.7600000e+01  -2.1258955e+05  -9.6216305e+04
   4.7700000e+01  -2.7359544e+05  -1.0048873e+05
   4.7800000e+01  -3.4633175e+05  -1.1905237e+05
   4.7900000e+01  -4.0220481e+05  -1.4270166e+05
   4.8000000e+01  -4.2223691e+05  -1.5741606e+05
   4.8100000e+01  -4.1470769e+05  -1.6267689e+05
   4.8200000e+01  -4.0432662e+05  -1.7062558e+05
   4.8300000e+01  -4.0669459e+05  -1.8902800e+05
   4.8400000e+01  -4.1547825e+05  -2.0971334e+05
   4.8500000e+01  -4.1281091e+05  -2.1600145e+05
   4.8600000e+01  -3.8833797e+05  -1.9972622e+05
   4.8700000e+01  -3.4654884e+05  -1.6841297e+05
   4.8800000e+01  -2.9792478e+05  -1.3598645e+05
   4.8900000e+01  -2.4669012e+05  -1.0918677e+05
   4.9000000e+01  -1.8894119e+05  -8.4793602e+04
   4.9100000e+01  -1.2145560e+05  -5.8216117e+04
   4.9200000e+01  -4.9285559e+04  -3.0482994e+04
   4.9300000e+01   1.7957000e+04  -4.0715703e+03
   4.9400000e+01   7.7539969e+04   2.6444371e+04
   4.9500000e+01   1.3844348e+05   7.4463094e+04
   4.9600000e+01   2.1057377e+05   1.4751358e+05
   4.9700000e+01   2.8742275e+05   2.3292608e+05
   4.9800000e+01   3.4274659e+05   3.0143875e+05
   4.9900000e+01   3.5086525e+05   3.3039481e+05
   5.0000000e+01   3.1440147e+05   3.2548447e+05
   5.0100000e+01   2.7005006e+05   3.1703947e+05
   5.0200000e+01   2.6063898e+05   3.3076469e+05
   5.0300000e+01   2.9604625e+05   3.6049978e+05
   5.0400000e+01   3.4084906e+05   3.7138616e+05
   5.0500000e+01   3.4365984e+05   3.3198800e+05
   5.0600000e+01   2.8269288e+05   2.4400725e+05
   5.0700000e+01   1.8532483e+05   1.4064239e+05
   5.0800000e+01   1.0417167e+05   5.6925969e+04
   5.0900000e+01   7.3474117e+04   2.5432397e+03
   5.1000000e+01   8.5812742e+04  -3.8295836e+04
   5.1100000e+01   1.0612014e+05  -8.4947297e+04
   5.1200000e+01   1.0392112e+05  -1.4130039e+05
   5.1300000e+01   7.2349305e+04  -1.9622155e+05
   5.1400000e+01   2.2137008e+04  -2.3736372e+05
   5.1500000e+01  -3.4689176e+04  -2.6102886e+05
   5.1600000e+01  -9.1493156e+04  -2.6969412e+05
   5.1700000e+01  -1.4153016e+05  -2.6403297e+05
   5.1800000e+01  -1.7395348e+05  -2.4069923e+05
   5.1900000e+01  -1.8092412e+05  -1.9835725e+05
   5.2000000e+01  -1.6800623e+05  -1.4394186e+05
   5.2100000e+01  -1.5271598e+05  -9.0549766e+04
   5.2200000e+01  -1.4933686e+05  -4.8032141e+04
   5.2300000e+01  -1.5591809e+05  -1.6369930e+04
   5.2400000e+01  -1.5858552e+05   1.0513687e+04
   5.2500000e+01  -1.4819991e+05   3.4931602e+04
   5.2600000e+01  -1.2932302e+05   5.1720250e+04
   5.2700000e+01  -1.1095357e+05   5.5576938e+04
   5.2800000e+01  -9.1586289e+04   4.9901754e+04
   5.2900000e+01  -5.8774082e+04   4.4293137e+04
   5.3000000e+01  -5.2009678e+03   4.1750617e+04
   5.3100000e+01   5.8186094e+04   3.1233256e+04
   5.3200000e+01   1.0896827e+05  -3.1124844e+03
   5.3300000e+01   1.3332506e+05  -6.4580258e+04
   5.3400000e+01   1.3716553e+05  -1.3801928e+05
   5.3500000e+01   1.3718033e+05  -2.0259216e+05
   5.3600000e+01   1.4383525e+05  -2.4862219e+05
   5.3700000e+01   1.5551619e+05  -2.7951316e+05
   5.3800000e+01   1.6743033e+05  -2.9821694e+05
   5.3900000e+01   1.8105803e+05  -2.9683253e+05
   5.4000000e+01   2.0102216e+05  -2.6432497e+05
   5.4100000e+01   2.2340770e+05  -2.0465533e+05
   5.4200000e+01   2.3172319e+05  -1.4225397e+05
   5.4300000e+01   2.0946772e+05  -1.0292662e+05
   5.4400000e+01   1.5911052e+05  -8.5914312e+04
   5.4500000e+01   1.0692477e+05  -5.7257074e+04
   5.4600000e+01   8.4195602e+04   2.2526184e+04
   5.4700000e+01   9.8931719e+04   1.5813047e+05
   5.4800000e+01   1.2485188e+05   3.0539019e+05
   5.4900000e+01   1.2084233e+05   4.0105622e+05
   5.5000000e+01   6.5060801e+04   4.1229100e+05
   5.5100000e+01  -2.7606406e+04   3.6121119e+05
   5.5200000e+01  -1.2050447e+05   3.0278578e+05
   5.5300000e+01  -1.8678402e+05   2.7831922e+05
   5.5400000e+01  -2.2706172e+05   2.8719106e+05
   5.5500000e+01  -2.5949647e+05   2.9786481e+05
   5.5600000e+01  -2.9725762e+05   2.8098897e+05
   5.5700000e+01  -3.3772116e+05   2.3182588e+05
   5.5800000e+01  -3.7058188e+05   1.6682609e+05
   5.5900000e+01  -3.9072819e+05   1.0583813e+05
   5.6000000e+01  -4.0004131e+05   5.9696930e+04
   5.6100000e+01  -3.9885803e+05   3.0356428e+04
   5.6200000e+01  -3.8086728e+05   1.6138846e+04
   5.6300000e+01  -3.3970319e+05   1.3449510e+04
   5.6400000e+01  -2.7959016e+05   1.5366080e+04
   5.6500000e+01  -2.1598602e+05   1.3145861e+04
   5.6600000e+01  -1.6313584e+05   2.0992559e+03
   5.6700000e+01  -1.2108334e+05  -1.4474720e+04
   5.6800000e+01  -7.6672719e+04  -2.9296688e+04
   5.6900000e+01  -1.8482258e+04  -3.9870141e+04
   5.7000000e+01   4.9595652e+04  -5.2077980e+04
   5.7100000e+01   1.1029482e+05  -7.3983914e+04
   5.7200000e+01   1.4821797e+05  -1.0704337e+05
   5.7300000e+01   1.6244816e+05  -1.4536694e+05
   5.7400000e+01   1.6420398e+05  -1.8358344e+05
   5.7500000e+01   1.6349702e+05  -2.2273542e+05
   5.7600000e+01   1.5961228e+05  -2.6612006e+05
   5.7700000e+01   1.4454580e+05  -3.1036256e+05
   5.7800000e+01   1.1377517e+05  -3.4414559e+05
   5.7900000e+01   7.1762125e+04  -3.5816778e+05
   5.8000000e+01   2.7476850e+04  -3.5527325e+05
   5.8100000e+01  -1.2323312e+04  -3.4721850e+05
   5.8200000e+01  -4.2926020e+04  -3.3876500e+05
   5.8300000e+01  -5.6995043e+04  -3.1615131e+05
   5.8400000e+01  -4.6658336e+04  -2.5653755e+05
   5.8500000e+01  -1.5300256e+04  -1.5420603e+05
   5.8600000e+01   1.5742266e+04  -3.6964812e+04
   5.8700000e+01   2.2381703e+04   5.1251703e+04
   5.8800000e+01   7.3399463e+03   9.2686336e+04
   5.8900000e+01   1.1037636e+04   1.2090346e+05
   5.9000000e+01   8.0774578e+04   1.9431542e+05
   5.9100000e+01   2.1983022e+05   3.3496556e+05
   5.9200000e+01   3.6913659e+05   4.9341816e+05
   5.9300000e+01   4.4882938e+05   5.8264044e+05
   5.9400000e+01   4.2529809e+05   5.5399762e+05
   5.9500000e+01   3.3886444e+05   4.4092812e+05
   5.9600000e+01   2.6509738e+05   3.2647659e+05
   5.9700000e+01   2.4923370e+05   2.6887206e+05
   5.9800000e+01   2.7636409e+05   2.5943811e+05
   5.9900000e+01   2.9860803e+05   2.4780694e+05
   6.0000000e+01   2.8387959e+05   1.9873836e+05
   6.0100000e+01   2.3795594e+05   1.2037945e+05
   6.0200000e+01   1.8707375e+05   4.4138539e+04
   6.0300000e+01   1.4771084e+05  -1.1394395e+04
   6.0400000e+01   1.1518204e+05  -5.2097828e+04
   6.0500000e+01   7.6871578e+04  -9.0597539e+04
   6.0600000e+01   3.0730133e+04  -1.2680878e+05
   6.0700000e+01  -1.1624225e+04  -1.5003208e+05
   6.0800000e+01  -3.8567848e+04  -1.5623550e+05
   6.0900000e+01  -5.2159543e+04  -1.5617941e+05
   6.1000000e+01  -6.6451750e+04  -1.6297912e+05
   6.1100000e+01  -9.3159086e+04  -1.7430956e+05
   6.1200000e+01  -1.3147906e+05  -1.7259191e+05
   6.1300000e+01  -1.7264022e+05  -1.4583648e+05
   6.1400000e+01  -2.1141305e+05  -1.0605283e+05
   6.1500000e+01  -2.4953291e+05  -8.2367938e+04
   6.1600000e+01  -2.8833506e+05  -9.3792984e+04
   6.1700000e+01  -3.2255603e+05  -1.3044697e+05
   6.1800000e+01  -3.4455069e+05  -1.6376883e+05
   6.1900000e+01  -3.5285397e+05  -1.7477455e+05
   6.2000000e+01  -3.5289803e+05  -1.7060773e+05
   6.2100000e+01  -3.4895606e+05  -1.7390294e+05
   6.2200000e+01  -3.3874897e+05  -1.9886920e+05
   6.2300000e+01  -3.1832188e+05  -2.3924469e+05
   6.2400000e+01  -2.9020547e+05  -2.7671984e+05
   6.2500000e+01  -2.6260012e+05  -2.9620650e+05
   6.2600000e+01  -2.3890244e+05  -2.9152381e+05
   6.2700000e+01  -2.1075998e+05  -2.6103320e+05
   6.2800000e+01  -1.6587655e+05  -2.0518573e+05
   6.2900000e+01  -1.0461772e+05  -1.3158511e+05
   6.3000000e+01  -4.6352148e+04  -5.8008648e+04
   6.3100000e+01  -1.4146425e+04  -1.9736162e+03
   6.3200000e+01  -9.7426191e+03   3.7484867e+04
   6.3300000e+01  -5.4176714e+03   8.4580906e+04
   6.3400000e+01   3.3589469e+04   1.6581298e+05
   6.3500000e+01   1.1372174e+05   2.7945609e+05
   6.3600000e+01   2.0001812e+05   3.8770353e+05
   6.3700000e+01   2.4226167e+05   4.4478431e+05
   6.3800000e+01   2.1862053e+05   4.3733794e+05
   6.3900000e+01   1.5580273e+05   3.9809897e+05
   6.4000000e+01   1.0653571e+05   3.7854544e+05
   6.4100000e+01   1.0609573e+05   4.0557200e+05
   6.4200000e+01   1.4768811e+05   4.6132194e+05
   6.4300000e+01   1.9523491e+05   5.0184456e+05
   6.4400000e+01   2.1631938e+05   4.9463703e+05
   6.4500000e+01   2.0389241e+05   4.4109291e+05
   6.4600000e+01   1.7235923e+05   3.6727050e+05
   6.4700000e+01   1.3957364e+05   2.9629625e+05
   6.4800000e+01   1.1483222e+05   2.3049067e+05
   6.4900000e+01   1.0032423e+05   1.5854086e+05
   6.5000000e+01   9.7331023e+04   7.5993445e+04
   6.5100000e+01   1.0626274e+05  -6.2206836e+03
   6.5200000e+01   1.2108520e+05  -7.5406391e+04
   6.5300000e+01   1.2836743e+05  -1.3539509e+05
   6.5400000e+01   1.1663140e+05  -2.0470147e+05
   6.5500000e+01   8.7872062e+04  -2.9382662e+05
   6.5600000e+01   5.7279707e+04  -3.8852419e+05
   6.5700000e+01   3.8564348e+04  -4.6130872e+05
   6.5800000e+01   2.9315984e+04  -4.9967656e+05
   6.5900000e+01   1.3021582e+04  -5.1770009e+05
   6.6000000e+01  -2.3022754e+04  -5.3659950e+05
   6.6100000e+01  -7.2788742e+04  -5.5754362e+05
   6.6200000e+01  -1.1603077e+05  -5.5959944e+05
   6.6300000e+01  -1.3764897e+05  -5.2514081e+05
   6.6400000e+01  -1.4134320e+05  -4.6196991e+05
   6.6500000e+01  -1.4380895e+05  -3.9607925e+05
   6.6600000e+01  -1.5680284e+05  -3.4433025e+05
   6.6700000e+01  -1.7614436e+05  -2.9887544e+05
   6.6800000e+01  -1.8771580e+05  -2.3951883e+05
   6.6900000e+01  -1.8242838e+05  -1.5770550e+05
   6.7000000e+01  -1.6429833e+05  -6.5093148e+04
   6.7100000e+01  -1.4460072e+05   1.9910371e+04
   6.7200000e+01  -1.2980523e+05   8.9520195e+04
   6.7300000e+01  -1.1655127e+05   1.4869147e+05
   6.7400000e+01  -9.8303586e+04   2.0316916e+05
   6.7500000e+01  -7.4801852e+04   2.5060591e+05
   6.7600000e+01  -5.1867738e+04   2.8580712e+05
   6.7700000e+01  -3.0883736e+04   3.1209909e+05
   6.7800000e+01  -1.8602550e+03   3.4199359e+05
   6.7900000e+01   4.7408543e+04   3.8261556e+05
   6.8000000e+01   1.1305938e+05   4.2133203e+05
   6.8100000e+01   1.7011850e+05   4.3123797e+05
   6.8200000e+01   1.9232164e+05   3.9675541e+05
   6.8300000e+01   1.7948338e+05   3.3522466e+05
   6.8400000e+01   1.6173000e+05   2.8880634e+05
   6.8500000e+01   1.7173648e+05   2.8862738e+05
   6.8600000e+01   2.1139758e+05   3.2369316e+05
   6.8700000e+01   2.4776258e+05   3.4670775e+05
   6.8800000e+01   2.4344314e+05   3.1398894e+05
   6.8900000e+01   1.9124209e+05   2.2206122e+05
   6.9000000e+01   1.1972235e+05   1.0675411e+05
   6.9100000e+01   6.7115680e+04   9.0532246e+03
   6.9200000e+01   5.0978367e+04  -5.6144484e+04
   6.9300000e+01   6.0552164e+04  -1.0057759e+05
   6.9400000e+01   7.3073422e+04  -1.4047888e+05
   6.9500000e+01   7.3694547e+04  -1.8050973e+05
   6.9600000e+01   6.1064914e+04  -2.1767211e+05
   6.9700000e+01   3.9370289e+04  -2.5214762e+05
   6.9800000e+01   1.0615096e+04  -2.8728094e+05
   6.9900000e+01  -2.3823480e+04  -3.2016369e+05
   7.0000000e+01  -5.7329273e+04  -3.3870625e+05
   7.0100000e+01  -7.8802109e+04  -3.3199400e+05
   7.0200000e+01  -8.2293938e+04  -3.0231028e+05
   7.0300000e+01  -7.5265195e+04  -2.6434575e+05
   7.0400000e+01  -7.4457578e+04  -2.3227194e+05
   7.0500000e+01  -9.1530266e+04  -2.0849272e+05
   7.0600000e+01  -1.2286559e+05  -1.8436556e+05
   7.0700000e+01  -1.5433100e+05  -1.4990664e+05
   7.0800000e+01  -1.7543038e+05  -1.0220752e+05
   7.0900000e+01  -1.8708783e+05  -4.6275723e+04
   7.1000000e+01  -1.9556352e+05   9.8701377e+03
   7.1100000e+01  -2.0177862e+05   6.0036473e+04
   7.1200000e+01  -2.0004297e+05   1.0091469e+05
   7.1300000e+01  -1.8734562e+05   1.3047555e+05
   7.1400000e+01  -1.7054542e+05   1.4742695e+05
   7.1500000e+01  -1.6144281e+05   1.5314020e+05
   7.1600000e+01  -1.6498681e+05   1.5282186e+05
   7.1700000e+01  -1.7422997e+05   1.5220931e+05
   7.1800000e+01  -1.7716595e+05   1.5185059e+05
   7.1900000e+01  -1.6670116e+05   1.4614766e+05
   7.2000000e+01  -1.4267886e+05   1.3050445e+05
   7.2100000e+01  -1.0573344e+05   1.0971269e+05
   7.2200000e+01  -5.2924312e+04   9.6712461e+04
   7.2300000e+01   1.7273508e+04   1.0013661e+05
   7.2400000e+01   9.5191250e+04   1.1263361e+05
   7.2500000e+01   1.5852578e+05   1.1402736e+05
   7.2600000e+01   1.8672866e+05   8.9623945e+04
   7.2700000e+01   1.8168325e+05   4.7482234e+04
   7.2800000e+01   1.7308003e+05   1.6524479e+04
   7.2900000e+01   1.9631005e+05   2.3804410e+04
   7.3000000e+01   2.5822930e+05   6.9645617e+04
   7.3100000e+01   3.2455184e+05   1.2380043e+05
   7.3200000e+01   3.4668081e+05   1.4806931e+05
   7.3300000e+01   3.0579894e+05   1.2636691e+05
   7.3400000e+01   2.3053189e+05   7.5763008e+04
   7.3500000e+01   1.6934450e+05   2.9735049e+04
   7.3600000e+01   1.4594372e+05   1.0488269e+04
   7.3700000e+01   1.4294039e+05   1.5267298e+04
   7.3800000e+01   1.2682988e+05   2.5421295e+04
   7.3900000e+01   8.3633906e+04   2.5068783e+04
   7.4000000e+01   2.8067988e+04   1.0824185e+04
   7.4100000e+01  -1.7490158e+04  -1.2521789e+04
   7.4200000e+01  -4.6591297e+04  -4.0548332e+04
   7.4300000e+01  -7.0911508e+04  -7.1313883e+04
   7.4400000e+01  -1.0447484e+05  -1.0135661e+05
   7.4500000e+01  -1.5004552e+05  -1.2413446e+05
   7.4600000e+01  -1.9944122e+05  -1.3550817e+05
   7.4700000e+01  -2.4206008e+05  -1.4028067e+05
   7.4800000e+01  -2.7029100e+05  -1.5003009e+05
   7.4900000e+01  -2.7878825e+05  -1.7153297e+05
   7.5000000e+01  -2.6343306e+05  -1.9758273e+05
   7.5100000e+01  -2.2475628e+05  -2.1227425e+05
   7.5200000e+01  -1.7250777e+05  -2.0758922e+05
   7.5300000e+01  -1.2361912e+05  -1.9358808e+05
   7.5400000e+01  -9.1434367e+04  -1.8944009e+05
   7.5500000e+01  -7.4690852e+04  -2.0395970e+05
   7.5600000e+01  -5.8110492e+04  -2.2747709e+05
   7.5700000e+01  -2.6527428e+04  -2.4431964e+05
   7.5800000e+01   1.9899439e+04  -2.5060684e+05
   7.5900000e+01   6.4606145e+04  -2.5563169e+05
   7.6000000e+01   8.9257156e+04  -2.6563934e+05
   7.6100000e+01   8.9511375e+04  -2.7108200e+05
   7.6200000e+01   7.6555414e+04  -2.5423514e+05
   7.6300000e+01   6.4725988e+04  -2.0828177e+05
   7.6400000e+01   5.9997629e+04  -1.4405541e+05
   7.6500000e+01   6.1030336e+04  -7.5742062e+04
   7.6600000e+01   6.7986141e+04  -3.6167029e+03
   7.6700000e+01   8.4626195e+04   8.3200672e+04
   7.6800000e+01   1.0897447e+05   1.8544548e+05
   7.6900000e+01   1.2591145e+05   2.8063603e+05
   7.7000000e+01   1.1754274e+05   3.3940241e+05
   7.7100000e+01   8.6412664e+04   3.5875553e+05
   7.7200000e+01   6.4940500e+04   3.7513859e+05
   7.7300000e+01   9.1696305e+04   4.3551944e+05
   7.7400000e+01   1.7072523e+05   5.4871600e+05
   7.7500000e+01   2.5598200e+05   6.6544244e+05
   7.7600000e+01   2.8418938e+05   7.1223975e+05
   7.7700000e+01   2.2981239e+05   6.5166325e+05
   7.7800000e+01   1.2893746e+05   5.1307547e+05
   7.7900000e+01   4.7668453e+04   3.6577775e+05
   7.8000000e+01   2.6124588e+04   2.6141019e+05
   7.8100000e+01   5.1291242e+04   1.9917069e+05
   7.8200000e+01   7.8916055e+04   1.4077719e+05
   7.8300000e+01   7.5775156e+04   5.3395406e+04
   7.8400000e+01   4.0935051e+04  -6.2174324e+04
   7.8500000e+01  -5.7237812e+03  -1.7838578e+05
   7.8600000e+01  -4.6447074e+04  -2.6710778e+05
   7.8700000e+01  -7.5952297e+04  -3.1679756e+05
   7.8800000e+01  -9.6340438e+04  -3.3006428e+05
   7.8900000e+01  -1.0976045e+05  -3.1368269e+05
   7.9000000e+01  -1.1800179e+05  -2.7598147e+05
   7.9100000e+01  -1.2533716e+05  -2.3102272e+05
   7.9200000e+01  -1.3695247e+05  -1.9719989e+05
   7.9300000e+01  -1.5317761e+05  -1.8506125e+05
   7.9400000e+01  -1.6752295e+05  -1.8595097e+05
   7.9500000e+01  -1.7335127e+05  -1.7713528e+05
   7.9600000e+01  -1.7299047e+05  -1.4271475e+05
   7.9700000e+01  -1.7793944e+05  -9.0558070e+04
   7.9800000e+01  -1.9759064e+05  -4.6985152e+04
   7.9900000e+01  -2.2778541e+05  -3.3451707e+04
   8.0000000e+01  -2.5257208e+05  -4.8560461e+04
   8.0100000e+01  -2.5854308e+05  -7.2805805e+04
   8.0200000e+01  -2.4671489e+05  -8.9156641e+04
   8.0300000e+01  -2.2951250e+05  -9.7015555e+04
   8.0400000e+01  -2.1724977e+05  -1.0666170e+05
   8.0500000e+01  -2.0950120e+05  -1.2362224e+05
   8.0600000e+01  -1.9941612e+05  -1.4183552e+05
   8.0700000e+01  -1.8331727e+05  -1.5169172e+05
   8.0800000e+01  -1.6296877e+05  -1.5074325e+05
   8.0900000e+01  -1.3862864e+05  -1.4312547e+05
   8.1000000e+01  -1.0366006e+05  -1.2987483e+05
   8.1100000e+01  -5.0601648e+04  -1.0542643e+05
   8.1200000e+01   1.5686004e+04  -6.7719789e+04
   8.1300000e+01   7.4223672e+04  -2.9006219e+04
   8.1400000e+01   1.0415549e+05  -8.5195342e+03
   8.1500000e+01   1.0991960e+05  -8.7480547e+03
   8.1600000e+01   1.2797926e+05  -2.1173936e+03
   8.1700000e+01   1.9926644e+05   4.9069520e+04
   8.1800000e+01   3.2637766e+05   1.5211028e+05
   8.1900000e+01   4.5795650e+05   2.6431100e+05
   8.2000000e+01   5.2344925e+05   3.2077534e+05
   8.2100000e+01   4.9194741e+05   2.8808400e+05
   8.2200000e+01   3.9993072e+05   1.9320641e+05
   8.2300000e+01   3.1947025e+05   1.0025173e+05
   8.2400000e+01   2.9668325e+05   5.8756355e+04
   8.2500000e+01   3.1906744e+05   7.1413656e+04
   8.2600000e+01   3.3907669e+05   1.0432770e+05
   8.2700000e+01   3.2420000e+05   1.2090354e+05
   8.2800000e+01   2.8161931e+05   1.0570736e+05
   8.2900000e+01   2.3852208e+05   6.4459422e+04
   8.3000000e+01   2.0744759e+05   1.1556117e+04
   8.3100000e+01   1.7677155e+05  -3.8767973e+04
   8.3200000e+01   1.3212714e+05  -7.4046039e+04
   8.3300000e+01   7.8043344e+04  -8.4537211e+04
   8.3400000e+01   3.2232441e+04  -6.7908891e+04
   8.3500000e+01   1.0629009e+03  -3.3800703e+04
   8.3600000e+01  -3.1371234e+04  -1.0907483e+03
   8.3700000e+01  -8.5335891e+04   1.3801280e+04
   8.3800000e+01  -1.5976714e+05   9.6874707e+03
   8.3900000e+01  -2.3027370e+05   2.3700645e+03
   8.4000000e+01  -2.7407081e+05   1.0963188e+04
   8.4100000e+01  -2.9300094e+05   3.9399828e+04
   8.4200000e+01  -3.0857947e+05   7.1145039e+04
   8.4300000e+01  -3.3612756e+05   8.4072938e+04
   8.4400000e+01  -3.6817366e+05   7.1619938e+04
   8.4500000e+01  -3.8452134e+05   4.8251465e+04
   8.4600000e+01  -3.7540156e+05   3.3092234e+04
   8.4700000e+01  -3.5146806e+05   2.9324621e+04
   8.4800000e+01  -3.3157306e+05   2.1842248e+04
   8.4900000e+01  -3.2364922e+05  -4.6590508e+03
   8.5000000e+01  -3.1882238e+05  -4.7674223e+04
   8.5100000e+01  -3.0240369e+05  -8.8693664e+04
   8.5200000e+01  -2.6807475e+05  -1.1166477e+05
   8.5300000e+01  -2.2093647e+05  -1.1691566e+05
   8.5400000e+01  -1.6901561e+05  -1.1652570e+05
   8.5500000e+01  -1.1497840e+05  -1.1953102e+05
   8.5600000e+01  -5.7583008e+04  -1.2550015e+05
   8.5700000e+01   6.9074536e+02  -1.3164934e+05
   8.5800000e+01   5.1845012e+04  -1.4005673e+05
   8.5900000e+01   9.1432727e+04  -1.5219489e+05
   8.6000000e+01   1.2826075e+05  -1.5743217e+05
   8.6100000e+01   1.7981353e+05  -1.3463362e+05
   8.6200000e+01   2.5310389e+05  -7.2727156e+04
   8.6300000e+01   3.2997031e+05   9.4595957e+03
   8.6400000e+01   3.7614453e+05   6.9910445e+04
   8.6500000e+01   3.7019356e+05   7.7404703e+04
   8.6600000e+01   3.2514153e+05   4.2264965e+04
   8.6700000e+01   2.7924322e+05   1.1580428e+04
   8.6800000e+01   2.6228825e+05   2.9710086e+04
   8.6900000e+01   2.6959797e+05   9.9764180e+04
   8.7000000e+01   2.6937338e+05   1.8178703e+05
   8.7100000e+01   2.3561202e+05   2.2797128e+05
   8.7200000e+01   1.7305655e+05   2.2071991e+05
   8.7300000e+01   1.0990041e+05   1.8000322e+05
   8.7400000e+01   6.8309039e+04   1.3891170e+05
   8.7500000e+01   4.5077434e+04   1.1541758e+05
   8.7600000e+01   2.1199918e+04   1.0590744e+05
   8.7700000e+01  -1.3909309e+04   9.9260719e+04
   8.7800000e+01  -5.2437977e+04   9.0477648e+04
   8.7900000e+01  -8.1934734e+04   7.9595875e+04
   8.8000000e+01  -1.0341320e+05   6.2826625e+04
   8.8100000e+01  -1.3074264e+05   3.1817203e+04
   8.8200000e+01  -1.7271345e+05  -1.5827921e+04
   8.8300000e+01  -2.2049845e+05  -6.8668602e+04
   8.8400000e+01  -2.5574562e+05  -1.0906000e+05
   8.8500000e+01  -2.6913259e+05  -1.3029988e+05
   8.8600000e+01  -2.6769544e+05  -1.4365398e+05
   8.8700000e+01  -2.6415172e+05  -1.6535878e+05
   8.8800000e+01  -2.6257288e+05  -1.9704255e+05
   8.8900000e+01  -2.5680108e+05  -2.2217744e+05
   8.9000000e+01  -2.4101825e+05  -2.2357045e+05
   8.9100000e+01  -2.1806734e+05  -2.0215322e+05
   8.9200000e+01  -1.9581177e+05  -1.7529300e+05
   8.9300000e+01  -1.7697400e+05  -1.5690277e+05
   8.9400000e+01  -1.5493183e+05  -1.4298339e+05
   8.9500000e+01  -1.2026127e+05  -1.1883233e+05
   8.9600000e+01  -7.0726695e+04  -7.7557961e+04
   8.9700000e+01  -1.4238264e+04  -2.7171916e+04
   8.9800000e+01   3.7815504e+04   2.0013965e+04
   8.9900000e+01   7.9591344e+04   5.9325754e+04
   9.0000000e+01   1.1306351e+05   9.1466594e+04
   9.0100000e+01   1.4213752e+05   1.1231199e+05
   9.0200000e+01   1.6639714e+05   1.1317429e+05
   9.0300000e+01   1.8286620e+05   9.5191883e+04
   9.0400000e+01   1.9429125e+05   7.9195562e+04
   9.0500000e+01   2.1242680e+05   9.3185562e+04
   9.0600000e+01   2.4787755e+05   1.4516962e+05
   9.0700000e+01   2.9424594e+05   2.0941609e+05
   9.0800000e+01   3.2600753e+05   2.4388084e+05
   9.0900000e+01   3.1925834e+05   2.2534536e+05
   9.1000000e+01   2.7857431e+05   1.6981842e+05
   9.1100000e+01   2.4037794e+05   1.1885370e+05
   9.1200000e+01   2.4296827e+05   1.0419609e+05
   9.1300000e+01   2.8898975e+05   1.2250125e+05
   9.1400000e+01   3.3850316e+05   1.4136286e+05
   9.1500000e+01   3.4272453e+05   1.2901889e+05
   9.1600000e+01   2.8738138e+05   8.0251148e+04
   9.1700000e+01   2.0420975e+05   1.7150549e+04
   9.1800000e+01   1.4069083e+05  -3.2364646e+04
   9.1900000e+01   1.1837216e+05  -5.6672559e+04
   9.2000000e+01   1.1835393e+05  -6.4577387e+04
   9.2100000e+01   1.0345008e+05  -7.1896758e+04
   9.2200000e+01   5.2141625e+04  -8.6315227e+04
   9.2300000e+01  -2.7195895e+04  -1.0427884e+05
   9.2400000e+01  -1.1005809e+05  -1.1915760e+05
   9.2500000e+01  -1.7892153e+05  -1.2912434e+05
   9.2600000e+01  -2.3227739e+05  -1.3634392e+05
   9.2700000e+01  -2.7485038e+05  -1.4070838e+05
   9.2800000e+01  -3.0476784e+05  -1.3770133e+05
   9.2900000e+01  -3.1428956e+05  -1.2419982e+05
   9.3000000e+01  -3.0250819e+05  -1.0534101e+05
   9.3100000e+01  -2.8285122e+05  -9.2900195e+04
   9.3200000e+01  -2.7384103e+05  -9.4761562e+04
   9.3300000e+01  -2.8203294e+05  -1.0597652e+05
   9.3400000e+01  -2.9662222e+05  -1.1174308e+05
   9.3500000e+01  -3.0233150e+05  -1.0057071e+05
   9.3600000e+01  -2.9590197e+05  -7.4749742e+04
   9.3700000e+01  -2.8760753e+05  -4.7506016e+04
   9.3800000e+01  -2.8728038e+05  -2.9920588e+04
   9.3900000e+01  -2.9209284e+05  -2.1206645e+04
   9.4000000e+01  -2.8972809e+05  -1.1924287e+04
   9.4100000e+01  -2.7161503e+05   4.3856855e+03
   9.4200000e+01  -2.4043719e+05   2.4369590e+04
   9.4300000e+01  -2.0512627e+05   3.9775848e+04
   9.4400000e+01  -1.7141475e+05   4.7091594e+04
   9.4500000e+01  -1.3856123e+05   4.9737770e+04
   9.4600000e+01  -1.0302002e+05   5.0960801e+04
   9.4700000e+01  -6.2159105e+04   4.8708969e+04
   9.4800000e+01  -1.4113381e+04   4.1828578e+04
   9.4900000e+01   4.3015816e+04   4.0018398e+04
   9.5000000e+01   1.0839500e+05   6.0019250e+04
   9.5100000e+01   1.7391041e+05   1.0503391e+05
   9.5200000e+01   2.2477302e+05   1.4985811e+05
   9.5300000e+01   2.4940912e+05   1.5669223e+05
   9.5400000e+01   2.5277097e+05   1.1441210e+05
   9.5500000e+01   2.5912844e+05   6.0485348e+04
   9.5600000e+01   2.9526425e+05   5.3961754e+04
   9.5700000e+01   3.6365109e+05   1.1862209e+05
   9.5800000e+01   4.3112650e+05   2.1323898e+05
   9.5900000e+01   4.5049575e+05   2.6385981e+05
   9.6000000e+01   4.0104253e+05   2.2983622e+05
   9.6100000e+01   3.0993453e+05   1.3904620e+05
   9.6200000e+01   2.3043605e+05   5.8890074e+04
   9.6300000e+01   1.9558727e+05   3.4529031e+04
   9.6400000e+01   1.9247489e+05   5.5203602e+04
   9.6500000e+01   1.8136788e+05   7.5650734e+04
   9.6600000e+01   1.3736039e+05   6.3250094e+04
   9.6700000e+01   7.0994836e+04   2.2115832e+04
   9.6800000e+01   1.0671384e+04  -2.2852727e+04
   9.6900000e+01  -2.8344227e+04  -5.6041766e+04
   9.7000000e+01  -5.3077566e+04  -8.1118039e+04
   9.7100000e+01  -7.4501117e+04  -1.0607237e+05
   9.7200000e+01  -8.8431055e+04  -1.2774163e+05
   9.7300000e+01  -8.0322141e+04  -1.3653647e+05
   9.7400000e+01  -4.7018797e+04  -1.3334353e+05
   9.7500000e+01  -6.5446030e+03  -1.3385516e+05
   9.7600000e+01   1.8803264e+04  -1.5181484e+05
   9.7700000e+01   2.7425174e+04  -1.8105447e+05
   9.7800000e+01   4.0732367e+04  -1.9994548e+05
   9.7900000e+01   7.7250953e+04  -1.9486119e+05
   9.8000000e+01   1.2684570e+05  -1.7497950e+05
   9.8100000e+01   1.5546441e+05  -1.6049050e+05
   9.8200000e+01   1.3701741e+05  -1.5857166e+05
   9.8300000e+01   7.8113734e+04  -1.5612412e+05
   9.8400000e+01   9.6006367e+03  -1.3723252e+05
   9.8500000e+01  -4.3659258e+04  -1.0325889e+05
   9.8600000e+01  -8.0807086e+04  -7.1282188e+04
   9.8700000e+01  -1.1443696e+05  -5.3570223e+04
   9.8800000e+01  -1.4941453e+05  -4.3181328e+04
   9.8900000e+01  -1.7818183e+05  -2.2606674e+04
   9.9000000e+01  -1.9497550e+05   1.4977637e+04
   9.9100000e+01  -2.0615027e+05   5.6470762e+04
   9.9200000e+01  -2.2037759e+05   8.2115906e+04
   9.9300000e+01  -2.3172591e+05   8.6142453e+04
   9.9400000e+01  -2.2152197e+05   8.1112758e+04
   9.9500000e+01  -1.8193402e+05   8.0825867e+04
   9.9600000e+01  -1.3227194e+05   8.2641781e+04
   9.9700000e+01  -1.0166614e+05   7.2798430e+04
   9.9800000e+01  -9.4330578e+04   4.9254371e+04
   9.9900000e+01  -8.5476469e+04   2.8066977e+04
   1.0000000e+02  -5.9844801e+04   1.9185098e+04
