   1.1851270e+02   3.6301420e+01   1.8450000e+02
   1.1875925e+02   3.6951846e+01   1.5900000e+01
   0.0000000e+00   6.8903731e+05   6.8903731e+05
   1.0000000e-01   5.7394719e+05   7.4890138e+05
   2.0000000e-01   4.3072097e+05   7.6301350e+05
   3.0000000e-01   3.0239112e+05   7.6457375e+05
   4.0000000e-01   2.1145555e+05   7.7959500e+05
   5.0000000e-01   1.4259044e+05   8.0755675e+05
   6.0000000e-01   6.0772539e+04   8.2805962e+05
   7.0000000e-01  -5.4882234e+04   8.2264969e+05
   8.0000000e-01  -1.9496116e+05   7.9045819e+05
   9.0000000e-01  -3.3261338e+05   7.4623181e+05
   1.0000000e+00  -4.4652619e+05   7.0626631e+05
   1.1000000e+00  -5.3062738e+05   6.7595100e+05
   1.2000000e+00  -5.8805988e+05   6.4797625e+05
   1.3000000e+00  -6.2369675e+05   6.0985594e+05
   1.4000000e+00  -6.4371700e+05   5.5278181e+05
   1.5000000e+00  -6.5637138e+05   4.7515503e+05
   1.6000000e+00  -6.6716038e+05   3.8040709e+05
   1.7000000e+00  -6.7318906e+05   2.7345769e+05
   1.8000000e+00  -6.6586388e+05   1.5938528e+05
   1.9000000e+00  -6.4069794e+05   4.3737191e+04
   2.0000000e+00  -6.0270388e+05  -6.8193648e+04
   2.1000000e+00  -5.6078706e+05  -1.7348239e+05
   2.2000000e+00  -5.1826550e+05  -2.7230528e+05
   2.3000000e+00  -4.7081131e+05  -3.6542616e+05
   2.4000000e+00  -4.1311656e+05  -4.5081800e+05
   2.5000000e+00  -3.4543519e+05  -5.2365494e+05
   2.6000000e+00  -2.7327194e+05  -5.8029500e+05
   2.7000000e+00  -2.0293281e+05  -6.2196238e+05
   2.8000000e+00  -1.3912908e+05  -6.5394262e+05
   2.9000000e+00  -8.5485297e+04  -6.8121094e+05
   3.0000000e+00  -4.4114141e+04  -7.0503300e+05
   3.1000000e+00  -1.3181334e+04  -7.2292725e+05
   3.2000000e+00   1.3587449e+04  -7.2999769e+05
   3.3000000e+00   4.2750766e+04  -7.1936162e+05
   3.4000000e+00   7.6008000e+04  -6.8331069e+05
   3.5000000e+00   1.0993221e+05  -6.1835275e+05
   3.6000000e+00   1.4071091e+05  -5.3231781e+05
   3.7000000e+00   1.6805652e+05  -4.4542831e+05
   3.8000000e+00   1.9448067e+05  -3.7934262e+05
   3.9000000e+00   2.2275853e+05  -3.4022656e+05
   4.0000000e+00   2.5543862e+05  -3.1223484e+05
   4.1000000e+00   2.9449338e+05  -2.7210191e+05
   4.2000000e+00   3.3710809e+05  -2.1468742e+05
   4.3000000e+00   3.7090819e+05  -1.6370811e+05
   4.4000000e+00   3.7814191e+05  -1.5212689e+05
   4.5000000e+00   3.5056425e+05  -1.8750958e+05
   4.6000000e+00   3.0121581e+05  -2.3736770e+05
   4.7000000e+00   2.5726952e+05  -2.5286316e+05
   4.8000000e+00   2.3704661e+05  -2.1000153e+05
   4.9000000e+00   2.3366477e+05  -1.2775819e+05
   5.0000000e+00   2.2289456e+05  -4.5947102e+04
   5.1000000e+00   1.8728316e+05   1.2669884e+04
   5.2000000e+00   1.3163642e+05   5.7489461e+04
   5.3000000e+00   7.5688992e+04   1.1142090e+05
   5.4000000e+00   3.4558219e+04   1.8349797e+05
   5.5000000e+00   8.0669561e+03   2.6234744e+05
   5.6000000e+00  -1.2884900e+04   3.3257688e+05
   5.7000000e+00  -3.3424812e+04   3.9131950e+05
   5.8000000e+00  -4.9885605e+04   4.4664734e+05
   5.9000000e+00  -5.6160480e+04   5.0323047e+05
   6.0000000e+00  -5.2308336e+04   5.5399288e+05
   6.1000000e+00  -4.5735031e+04   5.8678969e+05
   6.2000000e+00  -4.4009199e+04   5.9718244e+05
   6.3000000e+00  -4.6806043e+04   5.9311000e+05
   6.4000000e+00  -4.5310496e+04   5.8779112e+05
   6.5000000e+00  -3.0562115e+04   5.8936000e+05
   6.6000000e+00  -3.5374360e+03   5.9669762e+05
   6.7000000e+00   2.3082287e+04   6.0248688e+05
   6.8000000e+00   3.4812984e+04   5.9798706e+05
   6.9000000e+00   2.8998170e+04   5.7567975e+05
   7.0000000e+00   1.9200385e+04   5.3121250e+05
   7.1000000e+00   2.4890516e+04   4.6672722e+05
   7.2000000e+00   5.4726656e+04   3.9300744e+05
   7.3000000e+00   9.8182547e+04   3.2536850e+05
   7.4000000e+00   1.3292427e+05   2.7344825e+05
   7.5000000e+00   1.4149214e+05   2.3317988e+05
   7.6000000e+00   1.2350809e+05   1.8984059e+05
   7.7000000e+00   9.4241336e+04   1.3112358e+05
   7.8000000e+00   7.1462602e+04   5.8436352e+04
   7.9000000e+00   6.0985676e+04  -1.4689709e+04
   8.0000000e+00   5.1867770e+04  -7.5769289e+04
   8.1000000e+00   2.5106742e+04  -1.2534591e+05
   8.2000000e+00  -3.0662160e+04  -1.7641775e+05
   8.3000000e+00  -1.0905689e+05  -2.4237767e+05
   8.4000000e+00  -1.8985955e+05  -3.2516350e+05
   8.5000000e+00  -2.5330864e+05  -4.1419712e+05
   8.6000000e+00  -2.9220656e+05  -4.9613769e+05
   8.7000000e+00  -3.1254384e+05  -5.6592756e+05
   8.8000000e+00  -3.2503184e+05  -6.2906600e+05
   8.9000000e+00  -3.3714075e+05  -6.9311481e+05
   9.0000000e+00  -3.5129062e+05  -7.5624831e+05
   9.1000000e+00  -3.6664891e+05  -8.0411300e+05
   9.2000000e+00  -3.8007122e+05  -8.1961100e+05
   9.3000000e+00  -3.8630669e+05  -7.9789638e+05
   9.4000000e+00  -3.8008584e+05  -7.5208000e+05
   9.5000000e+00  -3.5921034e+05  -7.0237631e+05
   9.6000000e+00  -3.2462619e+05  -6.5782238e+05
   9.7000000e+00  -2.7687075e+05  -6.0869200e+05
   9.8000000e+00  -2.1394222e+05  -5.3797919e+05
   9.9000000e+00  -1.3458602e+05  -4.4040669e+05
   1.0000000e+01  -4.3404176e+04  -3.2902281e+05
   1.0100000e+01   4.9557434e+04  -2.2282845e+05
   1.0200000e+01   1.3580470e+05  -1.2946648e+05
   1.0300000e+01   2.1434738e+05  -4.1356367e+04
   1.0400000e+01   2.8961862e+05   5.2685359e+04
   1.0500000e+01   3.6404734e+05   1.5519492e+05
   1.0600000e+01   4.3425044e+05   2.5980705e+05
   1.0700000e+01   4.9470947e+05   3.5916522e+05
   1.0800000e+01   5.4336181e+05   4.4851638e+05
   1.0900000e+01   5.8205219e+05   5.2171459e+05
   1.1000000e+01   6.1224738e+05   5.6913750e+05
   1.1100000e+01   6.3210112e+05   5.8505588e+05
   1.1200000e+01   6.3780875e+05   5.7776494e+05
   1.1300000e+01   6.2602150e+05   5.6881156e+05
   1.1400000e+01   5.9395000e+05   5.7823862e+05
   1.1500000e+01   5.3872850e+05   6.0868881e+05
   1.1600000e+01   4.5916916e+05   6.4367556e+05
   1.1700000e+01   3.5875906e+05   6.6172850e+05
   1.1800000e+01   2.4572519e+05   6.5338156e+05
   1.1900000e+01   1.2943717e+05   6.2642900e+05
   1.2000000e+01   1.7290625e+04   5.9639612e+05
   1.2100000e+01  -8.5003688e+04   5.7201319e+05
   1.2200000e+01  -1.7235380e+05   5.4870388e+05
   1.2300000e+01  -2.4235555e+05   5.1480381e+05
   1.2400000e+01  -2.9909272e+05   4.6322009e+05
   1.2500000e+01  -3.5298322e+05   3.9668453e+05
   1.2600000e+01  -4.1432900e+05   3.2213950e+05
   1.2700000e+01  -4.8538969e+05   2.4146644e+05
   1.2800000e+01  -5.5808256e+05   1.4904733e+05
   1.2900000e+01  -6.1953981e+05   3.8328195e+04
   1.3000000e+01  -6.6132238e+05  -9.0150734e+04
   1.3100000e+01  -6.8562012e+05  -2.2697547e+05
   1.3200000e+01  -7.0386175e+05  -3.5843162e+05
   1.3300000e+01  -7.2794025e+05  -4.7240378e+05
   1.3400000e+01  -7.5972175e+05  -5.6221750e+05
   1.3500000e+01  -7.8718531e+05  -6.2803750e+05
   1.3600000e+01  -7.9152331e+05  -6.7535069e+05
   1.3700000e+01  -7.6031850e+05  -7.1011094e+05
   1.3800000e+01  -6.9573081e+05  -7.3354075e+05
   1.3900000e+01  -6.1044244e+05  -7.4191188e+05
   1.4000000e+01  -5.1492897e+05  -7.3214881e+05
   1.4100000e+01  -4.0720538e+05  -7.0688094e+05
   1.4200000e+01  -2.7397234e+05  -6.7260906e+05
   1.4300000e+01  -1.0278105e+05  -6.3318594e+05
   1.4400000e+01   1.0397855e+05  -5.8682962e+05
   1.4500000e+01   3.2467428e+05  -5.3020875e+05
   1.4600000e+01   5.2871750e+05  -4.6406694e+05
   1.4700000e+01   6.9501538e+05  -3.9352438e+05
   1.4800000e+01   8.2387425e+05  -3.2369769e+05
   1.4900000e+01   9.3169025e+05  -2.5684025e+05
   1.5000000e+01   1.0328057e+06  -1.9383459e+05
   1.5100000e+01   1.1250362e+06  -1.3637659e+05
   1.5200000e+01   1.1915376e+06  -8.5869102e+04
   1.5300000e+01   1.2153621e+06  -4.0688586e+04
   1.5400000e+01   1.1916712e+06   3.4515493e+03
   1.5500000e+01   1.1275958e+06   4.9436453e+04
   1.5600000e+01   1.0336556e+06   9.6159438e+04
   1.5700000e+01   9.1723462e+05   1.4176920e+05
   1.5800000e+01   7.8256494e+05   1.8963800e+05
   1.5900000e+01   6.3311175e+05   2.4884759e+05
   1.6000000e+01   4.7168434e+05   3.2591228e+05
   1.6100000e+01   2.9933759e+05   4.1528416e+05
   1.6200000e+01   1.1679098e+05   5.0005578e+05
   1.6300000e+01  -7.1702711e+04   5.6454175e+05
   1.6400000e+01  -2.5641572e+05   6.0672762e+05
   1.6500000e+01  -4.2513066e+05   6.3737938e+05
   1.6600000e+01  -5.6877194e+05   6.6688575e+05
   1.6700000e+01  -6.8470100e+05   6.9451138e+05
   1.6800000e+01  -7.7522019e+05   7.1126406e+05
   1.6900000e+01  -8.4310912e+05   7.1124119e+05
   1.7000000e+01  -8.8768806e+05   6.9724106e+05
   1.7100000e+01  -9.0364069e+05   6.7507900e+05
   1.7200000e+01  -8.8303250e+05   6.4538262e+05
   1.7300000e+01  -8.2002544e+05   6.0338319e+05
   1.7400000e+01  -7.1675612e+05   5.4561269e+05
   1.7500000e+01  -5.8692225e+05   4.7388209e+05
   1.7600000e+01  -4.5268541e+05   3.9230856e+05
   1.7700000e+01  -3.3386669e+05   3.0376831e+05
   1.7800000e+01  -2.3585023e+05   2.1239305e+05
   1.7900000e+01  -1.4740944e+05   1.2807747e+05
   1.8000000e+01  -5.3867738e+04   6.2965578e+04
   1.8100000e+01   4.3809547e+04   1.9050484e+04
   1.8200000e+01   1.2302962e+05  -1.9868027e+04
   1.8300000e+01   1.5650605e+05  -7.8962938e+04
   1.8400000e+01   1.3896861e+05  -1.7099216e+05
   1.8500000e+01   9.7145102e+04  -2.8370812e+05
   1.8600000e+01   7.0144180e+04  -3.9049544e+05
   1.8700000e+01   7.6821219e+04  -4.7460803e+05
   1.8800000e+01   1.0111123e+05  -5.4234775e+05
   1.8900000e+01   1.0902634e+05  -6.1219850e+05
   1.9000000e+01   7.9840055e+04  -6.9270912e+05
   1.9100000e+01   2.1961875e+04  -7.7296350e+05
   1.9200000e+01  -3.7722984e+04  -8.3410412e+05
   1.9300000e+01  -7.5844750e+04  -8.6719775e+05
   1.9400000e+01  -8.4362891e+04  -8.7794625e+05
   1.9500000e+01  -6.6981250e+04  -8.7579556e+05
   1.9600000e+01  -3.1319264e+04  -8.6223538e+05
   1.9700000e+01   1.3490850e+04  -8.3112369e+05
   1.9800000e+01   5.6613000e+04  -7.7769050e+05
   1.9900000e+01   8.9866297e+04  -7.0354881e+05
   2.0000000e+01   1.1466752e+05  -6.1275631e+05
   2.0100000e+01   1.4154884e+05  -5.0687384e+05
   2.0200000e+01   1.7863500e+05  -3.8766269e+05
   2.0300000e+01   2.1957558e+05  -2.6405888e+05
   2.0400000e+01   2.4478361e+05  -1.5196345e+05
   2.0500000e+01   2.3652202e+05  -6.3057281e+04
   2.0600000e+01   1.9342183e+05   6.2829609e+03
   2.0700000e+01   1.3075442e+05   7.1979922e+04
   2.0800000e+01   6.7722852e+04   1.4591164e+05
   2.0900000e+01   1.4708296e+04   2.2309930e+05
   2.1000000e+01  -2.9654672e+04   2.8704653e+05
   2.1100000e+01  -7.2906805e+04   3.2811606e+05
   2.1200000e+01  -1.2181242e+05   3.5465338e+05
   2.1300000e+01  -1.7803533e+05   3.8407350e+05
   2.1400000e+01  -2.3613600e+05   4.2366862e+05
   2.1500000e+01  -2.8391556e+05   4.6278866e+05
   2.1600000e+01  -3.0683909e+05   4.8513747e+05
   2.1700000e+01  -2.9601619e+05   4.8675462e+05
   2.1800000e+01  -2.5454223e+05   4.7891325e+05
   2.1900000e+01  -1.9627578e+05   4.7344775e+05
   2.2000000e+01  -1.3667925e+05   4.6932788e+05
   2.2100000e+01  -8.2321688e+04   4.5766684e+05
   2.2200000e+01  -2.7511020e+04   4.3905834e+05
   2.2300000e+01   3.8593230e+04   4.3038919e+05
   2.2400000e+01   1.1950549e+05   4.4959500e+05
   2.2500000e+01   2.0415869e+05   4.9383856e+05
   2.2600000e+01   2.7261347e+05   5.3672981e+05
   2.2700000e+01   3.1168112e+05   5.5008344e+05
   2.2800000e+01   3.2700962e+05   5.2820538e+05
   2.2900000e+01   3.3923781e+05   4.8985175e+05
   2.3000000e+01   3.6602134e+05   4.5770556e+05
   2.3100000e+01   4.0615759e+05   4.3850694e+05
   2.3200000e+01   4.4091050e+05   4.2315659e+05
   2.3300000e+01   4.5079950e+05   4.0213031e+05
   2.3400000e+01   4.3106862e+05   3.7617975e+05
   2.3500000e+01   3.9182538e+05   3.5128591e+05
   2.3600000e+01   3.4551253e+05   3.2672994e+05
   2.3700000e+01   2.9622556e+05   2.9215334e+05
   2.3800000e+01   2.4071917e+05   2.3738748e+05
   2.3900000e+01   1.7717552e+05   1.6357327e+05
   2.4000000e+01   1.1061456e+05   8.3097953e+04
   2.4100000e+01   4.9303031e+04   8.6842227e+03
   2.4200000e+01  -3.1261396e+03  -5.6922449e+04
   2.4300000e+01  -5.0893336e+04  -1.2135132e+05
   2.4400000e+01  -1.0085735e+05  -1.9473461e+05
   2.4500000e+01  -1.5391192e+05  -2.8207341e+05
   2.4600000e+01  -2.0191131e+05  -3.8129481e+05
   2.4700000e+01  -2.3394678e+05  -4.8571806e+05
   2.4800000e+01  -2.4622873e+05  -5.8745756e+05
   2.4900000e+01  -2.4555292e+05  -6.8056906e+05
   2.5000000e+01  -2.4259566e+05  -7.6362550e+05
   2.5100000e+01  -2.4203598e+05  -8.3940744e+05
   2.5200000e+01  -2.3986323e+05  -9.0963500e+05
   2.5300000e+01  -2.3010359e+05  -9.6805925e+05
   2.5400000e+01  -2.1274019e+05  -9.9987444e+05
   2.5500000e+01  -1.9381364e+05  -9.9142838e+05
   2.5600000e+01  -1.7814778e+05  -9.4333506e+05
   2.5700000e+01  -1.6358505e+05  -8.7407525e+05
   2.5800000e+01  -1.4349369e+05  -8.0832356e+05
   2.5900000e+01  -1.1464100e+05  -7.5869256e+05
   2.6000000e+01  -8.1514945e+04  -7.1668544e+05
   2.6100000e+01  -5.2237699e+04  -6.6076931e+05
   2.6200000e+01  -3.0478289e+04  -5.7423075e+05
   2.6300000e+01  -1.2132814e+04  -4.5753781e+05
   2.6400000e+01   9.5453164e+03  -3.2598794e+05
   2.6500000e+01   3.5824227e+04  -1.9649447e+05
   2.6600000e+01   6.0274594e+04  -7.5180438e+04
   2.6700000e+01   7.5050172e+04   4.5243246e+04
   2.6800000e+01   7.8743469e+04   1.7772388e+05
   2.6900000e+01   7.6864648e+04   3.2884144e+05
   2.7000000e+01   7.4361430e+04   4.9061100e+05
   2.7100000e+01   6.9033438e+04   6.4218575e+05
   2.7200000e+01   5.3818043e+04   7.6181525e+05
   2.7300000e+01   2.5300141e+04   8.4129350e+05
   2.7400000e+01  -1.1817062e+04   8.9067306e+05
   2.7500000e+01  -4.9650941e+04   9.2740819e+05
   2.7600000e+01  -8.5409273e+04   9.5880506e+05
   2.7700000e+01  -1.2305816e+05   9.7507744e+05
   2.7800000e+01  -1.6676578e+05   9.6075000e+05
   2.7900000e+01  -2.1439998e+05   9.1260969e+05
   2.8000000e+01  -2.5874561e+05   8.4467875e+05
   2.8100000e+01  -2.9442519e+05   7.7494900e+05
   2.8200000e+01  -3.2215531e+05   7.0914162e+05
   2.8300000e+01  -3.4623512e+05   6.3944244e+05
   2.8400000e+01  -3.6959328e+05   5.5798994e+05
   2.8500000e+01  -3.9243319e+05   4.6784772e+05
   2.8600000e+01  -4.1438022e+05   3.7844997e+05
   2.8700000e+01  -4.3521812e+05   2.9206962e+05
   2.8800000e+01  -4.5234644e+05   1.9876180e+05
   2.8900000e+01  -4.5916281e+05   8.6925500e+04
   2.9000000e+01  -4.4851516e+05  -4.2071625e+04
   2.9100000e+01  -4.1862912e+05  -1.7192147e+05
   2.9200000e+01  -3.7468466e+05  -2.8483219e+05
   2.9300000e+01  -3.2375441e+05  -3.7614831e+05
   2.9400000e+01  -2.6857722e+05  -4.5462859e+05
   2.9500000e+01  -2.0659509e+05  -5.2866744e+05
   2.9600000e+01  -1.3384978e+05  -5.9421344e+05
   2.9700000e+01  -4.7984539e+04  -6.3819344e+05
   2.9800000e+01   5.2579992e+04  -6.5364631e+05
   2.9900000e+01   1.6994088e+05  -6.4899850e+05
   3.0000000e+01   3.0440872e+05  -6.4005406e+05
   3.0100000e+01   4.5021122e+05  -6.3316112e+05
   3.0200000e+01   5.9485888e+05  -6.1875338e+05
   3.0300000e+01   7.2465688e+05  -5.8288925e+05
   3.0400000e+01   8.3228719e+05  -5.2355034e+05
   3.0500000e+01   9.1992500e+05  -4.5311209e+05
   3.0600000e+01   9.9510725e+05  -3.8498484e+05
   3.0700000e+01   1.0624789e+06  -3.2083697e+05
   3.0800000e+01   1.1178121e+06  -2.5293458e+05
   3.0900000e+01   1.1492861e+06  -1.7709908e+05
   3.1000000e+01   1.1455412e+06  -9.9513492e+04
   3.1100000e+01   1.1039282e+06  -2.9689861e+04
   3.1200000e+01   1.0314133e+06   3.0080344e+04
   3.1300000e+01   9.3721806e+05   8.4569297e+04
   3.1400000e+01   8.2486425e+05   1.3529788e+05
   3.1500000e+01   6.9213138e+05   1.7482434e+05
   3.1600000e+01   5.3871494e+05   1.9534991e+05
   3.1700000e+01   3.7264541e+05   2.0248214e+05
   3.1800000e+01   2.0807775e+05   2.1583627e+05
   3.1900000e+01   5.6816039e+04   2.5170831e+05
   3.2000000e+01  -7.7570867e+04   3.0493056e+05
   3.2100000e+01  -1.9787536e+05   3.5110872e+05
   3.2200000e+01  -3.0700131e+05   3.6979169e+05
   3.2300000e+01  -4.0434119e+05   3.6570391e+05
   3.2400000e+01  -4.8764766e+05   3.6567988e+05
   3.2500000e+01  -5.5707288e+05   3.9384981e+05
   3.2600000e+01  -6.1633094e+05   4.4982509e+05
   3.2700000e+01  -6.6965406e+05   5.1021562e+05
   3.2800000e+01  -7.1807819e+05   5.4894394e+05
   3.2900000e+01  -7.5960062e+05   5.5458481e+05
   3.3000000e+01  -7.9351250e+05   5.3044119e+05
   3.3100000e+01  -8.2375981e+05   4.8350928e+05
   3.3200000e+01  -8.5597131e+05   4.1765728e+05
   3.3300000e+01  -8.8956100e+05   3.3640691e+05
   3.3400000e+01  -9.1344681e+05   2.4694494e+05
   3.3500000e+01  -9.1225562e+05   1.5677189e+05
   3.3600000e+01  -8.7911688e+05   6.6325734e+04
   3.3700000e+01  -8.2244756e+05  -3.1666922e+04
   3.3800000e+01  -7.5862881e+05  -1.4264081e+05
   3.3900000e+01  -6.9696812e+05  -2.6016827e+05
   3.4000000e+01  -6.3227906e+05  -3.6758503e+05
   3.4100000e+01  -5.5300912e+05  -4.5099256e+05
   3.4200000e+01  -4.5640325e+05  -5.1019625e+05
   3.4300000e+01  -3.5442412e+05  -5.5578362e+05
   3.4400000e+01  -2.6376350e+05  -5.9560081e+05
   3.4500000e+01  -1.9002594e+05  -6.2537994e+05
   3.4600000e+01  -1.2241322e+05  -6.3335919e+05
   3.4700000e+01  -4.4596246e+04  -6.1336888e+05
   3.4800000e+01   4.8868617e+04  -5.7230350e+05
   3.4900000e+01   1.4664609e+05  -5.2485231e+05
   3.5000000e+01   2.3061945e+05  -4.8197228e+05
   3.5100000e+01   2.9132784e+05  -4.4475000e+05
   3.5200000e+01   3.3339284e+05  -4.0774281e+05
   3.5300000e+01   3.6630794e+05  -3.6557625e+05
   3.5400000e+01   3.9153556e+05  -3.1512306e+05
   3.5500000e+01   4.0080956e+05  -2.5320011e+05
   3.5600000e+01   3.8814316e+05  -1.7612925e+05
   3.5700000e+01   3.6204272e+05  -8.4670562e+04
   3.5800000e+01   3.4277681e+05   1.0715498e+04
   3.5900000e+01   3.4559094e+05   9.2619523e+04
   3.6000000e+01   3.6746956e+05   1.4836708e+05
   3.6100000e+01   3.9247431e+05   1.8053539e+05
   3.6200000e+01   4.0989097e+05   2.0452334e+05
   3.6300000e+01   4.2396603e+05   2.3322802e+05
   3.6400000e+01   4.4358541e+05   2.6312538e+05
   3.6500000e+01   4.6514212e+05   2.7669500e+05
   3.6600000e+01   4.7183897e+05   2.6025159e+05
   3.6700000e+01   4.5345275e+05   2.1962430e+05
   3.6800000e+01   4.2386981e+05   1.7728522e+05
   3.6900000e+01   4.1294506e+05   1.5343412e+05
   3.7000000e+01   4.3787600e+05   1.5004583e+05
   3.7100000e+01   4.8423106e+05   1.5307534e+05
   3.7200000e+01   5.1771578e+05   1.4873623e+05
   3.7300000e+01   5.1461309e+05   1.3657194e+05
   3.7400000e+01   4.7981953e+05   1.2793005e+05
   3.7500000e+01   4.3695781e+05   1.3444044e+05
   3.7600000e+01   4.0489131e+05   1.5920497e+05
   3.7700000e+01   3.8507338e+05   1.9753053e+05
   3.7800000e+01   3.6716244e+05   2.4352606e+05
   3.7900000e+01   3.4018256e+05   2.9471781e+05
   3.8000000e+01   2.9598853e+05   3.5059578e+05
   3.8100000e+01   2.2671766e+05   4.0738306e+05
   3.8200000e+01   1.2661609e+05   4.5519322e+05
   3.8300000e+01   5.7831543e+02   4.8241422e+05
   3.8400000e+01  -1.3119338e+05   4.8546325e+05
   3.8500000e+01  -2.4284064e+05   4.7469503e+05
   3.8600000e+01  -3.2204466e+05   4.6771994e+05
   3.8700000e+01  -3.8055853e+05   4.7287353e+05
   3.8800000e+01  -4.4311478e+05   4.7800903e+05
   3.8900000e+01  -5.2296856e+05   4.5782725e+05
   3.9000000e+01  -6.0775725e+05   3.9506953e+05
   3.9100000e+01  -6.7063950e+05   2.9535862e+05
   3.9200000e+01  -6.9588350e+05   1.8097909e+05
   3.9300000e+01  -6.9274744e+05   7.0849242e+04
   3.9400000e+01  -6.8433075e+05  -3.2267777e+04
   3.9500000e+01  -6.8509075e+05  -1.3619381e+05
   3.9600000e+01  -6.9117656e+05  -2.4522473e+05
   3.9700000e+01  -6.9064119e+05  -3.5427862e+05
   3.9800000e+01  -6.7781869e+05  -4.5495788e+05
   3.9900000e+01  -6.5491269e+05  -5.4271931e+05
   4.0000000e+01  -6.2314388e+05  -6.1643981e+05
   4.0100000e+01  -5.7915125e+05  -6.7443962e+05
   4.0200000e+01  -5.2292981e+05  -7.1515819e+05
   4.0300000e+01  -4.6528550e+05  -7.4113650e+05
   4.0400000e+01  -4.2104028e+05  -7.5736906e+05
   4.0500000e+01  -3.9231369e+05  -7.6243044e+05
   4.0600000e+01  -3.6121562e+05  -7.4369062e+05
   4.0700000e+01  -3.0334444e+05  -6.8688150e+05
   4.0800000e+01  -2.1071239e+05  -5.9335450e+05
   4.0900000e+01  -1.0126579e+05  -4.8608594e+05
   4.1000000e+01  -4.9700166e+03  -3.9489475e+05
   4.1100000e+01   6.0702066e+04  -3.3322791e+05
   4.1200000e+01   1.0387120e+05  -2.8844741e+05
   4.1300000e+01   1.4981375e+05  -2.3424644e+05
   4.1400000e+01   2.1998280e+05  -1.5289547e+05
   4.1500000e+01   3.1617200e+05  -4.8095289e+04
   4.1600000e+01   4.2084397e+05   5.9583121e+04
   4.1700000e+01   5.1097044e+05   1.4749888e+05
   4.1800000e+01   5.7336962e+05   2.0353744e+05
   4.1900000e+01   6.1045619e+05   2.2956170e+05
   4.2000000e+01   6.3459594e+05   2.3689102e+05
   4.2100000e+01   6.5856062e+05   2.3905731e+05
   4.2200000e+01   6.9039638e+05   2.4626339e+05
   4.2300000e+01   7.3336956e+05   2.6289022e+05
   4.2400000e+01   7.8546250e+05   2.8724066e+05
   4.2500000e+01   8.3644044e+05   3.1288119e+05
   4.2600000e+01   8.6866594e+05   3.3192369e+05
   4.2700000e+01   8.6726306e+05   3.3967688e+05
   4.2800000e+01   8.3340219e+05   3.3762922e+05
   4.2900000e+01   7.8612725e+05   3.3163853e+05
   4.3000000e+01   7.4709069e+05   3.2651803e+05
   4.3100000e+01   7.2133562e+05   3.2253991e+05
   4.3200000e+01   6.9354425e+05   3.1762369e+05
   4.3300000e+01   6.4377550e+05   3.1221522e+05
   4.3400000e+01   5.6628750e+05   3.1038372e+05
   4.3500000e+01   4.7265394e+05   3.1536275e+05
   4.3600000e+01   3.7789175e+05   3.2492138e+05
   4.3700000e+01   2.8543978e+05   3.3230859e+05
   4.3800000e+01   1.8592139e+05   3.3156206e+05
   4.3900000e+01   6.9160633e+04   3.2073766e+05
   4.4000000e+01  -6.3664332e+04   2.9970591e+05
   4.4100000e+01  -1.9935883e+05   2.6642319e+05
   4.4200000e+01  -3.2339581e+05   2.1771759e+05
   4.4300000e+01  -4.3154025e+05   1.5494047e+05
   4.4400000e+01  -5.3181150e+05   8.8002820e+04
   4.4500000e+01  -6.3555081e+05   3.1341557e+04
   4.4600000e+01  -7.4665181e+05  -6.9889277e+03
   4.4700000e+01  -8.5921688e+05  -3.3727316e+04
   4.4800000e+01  -9.6443969e+05  -6.6734070e+04
   4.4900000e+01  -1.0576512e+06  -1.1953668e+05
   4.5000000e+01  -1.1378340e+06  -1.8673881e+05
   4.5100000e+01  -1.2026549e+06  -2.4528516e+05
   4.5200000e+01  -1.2479651e+06  -2.7356325e+05
   4.5300000e+01  -1.2733031e+06  -2.7220594e+05
   4.5400000e+01  -1.2844780e+06  -2.6597594e+05
   4.5500000e+01  -1.2865026e+06  -2.8278997e+05
   4.5600000e+01  -1.2739279e+06  -3.2876000e+05
   4.5700000e+01  -1.2321321e+06  -3.8311325e+05
   4.5800000e+01  -1.1511711e+06  -4.1748969e+05
   4.5900000e+01  -1.0370823e+06  -4.2024422e+05
   4.6000000e+01  -9.0642188e+05  -4.0299350e+05
   4.6100000e+01  -7.6916719e+05  -3.8612547e+05
   4.6200000e+01  -6.1950581e+05  -3.8028106e+05
   4.6300000e+01  -4.4512103e+05  -3.8111612e+05
   4.6400000e+01  -2.4399333e+05  -3.7797447e+05
   4.6500000e+01  -2.9606674e+04  -3.6384031e+05
   4.6600000e+01   1.8025172e+05  -3.3700031e+05
   4.6700000e+01   3.7738166e+05  -2.9691162e+05
   4.6800000e+01   5.6486238e+05  -2.4235066e+05
   4.6900000e+01   7.4695869e+05  -1.7436288e+05
   4.7000000e+01   9.2000412e+05  -9.8995914e+04
   4.7100000e+01   1.0735085e+06  -2.4907330e+04
   4.7200000e+01   1.1983560e+06   4.2458297e+04
   4.7300000e+01   1.2927275e+06   1.0400591e+05
   4.7400000e+01   1.3610725e+06   1.6418434e+05
   4.7500000e+01   1.4091469e+06   2.2536234e+05
   4.7600000e+01   1.4403952e+06   2.8512394e+05
   4.7700000e+01   1.4556216e+06   3.3858691e+05
   4.7800000e+01   1.4541658e+06   3.8241331e+05
   4.7900000e+01   1.4342152e+06   4.1593859e+05
   4.8000000e+01   1.3921596e+06   4.3876041e+05
   4.8100000e+01   1.3232145e+06   4.4845122e+05
   4.8200000e+01   1.2249048e+06   4.4182144e+05
   4.8300000e+01   1.1009666e+06   4.1878356e+05
   4.8400000e+01   9.6029056e+05   3.8452597e+05
   4.8500000e+01   8.0916912e+05   3.4729675e+05
   4.8600000e+01   6.4378338e+05   3.1369194e+05
   4.8700000e+01   4.5298591e+05   2.8571731e+05
   4.8800000e+01   2.3187728e+05   2.6159812e+05
   4.8900000e+01  -7.0342002e+03   2.3837722e+05
   4.9000000e+01  -2.3876502e+05   2.1334192e+05
   4.9100000e+01  -4.4374319e+05   1.8392703e+05
   4.9200000e+01  -6.1976350e+05   1.4815595e+05
   4.9300000e+01  -7.7473212e+05   1.0658047e+05
   4.9400000e+01  -9.0924875e+05   6.3510176e+04
   4.9500000e+01  -1.0105263e+06   2.4669266e+04
   4.9600000e+01  -1.0655329e+06  -7.8565410e+03
   4.9700000e+01  -1.0774622e+06  -3.8302605e+04
   4.9800000e+01  -1.0649288e+06  -7.3438578e+04
   4.9900000e+01  -1.0438276e+06  -1.1478921e+05
   5.0000000e+01  -1.0125826e+06  -1.5483636e+05
   5.0100000e+01  -9.5734619e+05  -1.8257347e+05
   5.0200000e+01  -8.7056988e+05  -1.9431812e+05
   5.0300000e+01  -7.6221281e+05  -1.9895558e+05
   5.0400000e+01  -6.5293512e+05  -2.1091750e+05
   5.0500000e+01  -5.5861750e+05  -2.3630002e+05
   5.0600000e+01  -4.8222625e+05  -2.6548447e+05
   5.0700000e+01  -4.1828953e+05  -2.8045434e+05
   5.0800000e+01  -3.6233203e+05  -2.7088766e+05
   5.0900000e+01  -3.1555041e+05  -2.4407123e+05
   5.1000000e+01  -2.8188241e+05  -2.1923991e+05
   5.1100000e+01  -2.6147411e+05  -2.1179553e+05
   5.1200000e+01  -2.4693527e+05  -2.2203892e+05
   5.1300000e+01  -2.2661864e+05  -2.3766112e+05
   5.1400000e+01  -1.9317211e+05  -2.4562681e+05
   5.1500000e+01  -1.4936925e+05  -2.4143297e+05
   5.1600000e+01  -1.0410179e+05  -2.2864777e+05
   5.1700000e+01  -6.1600574e+04  -2.1218950e+05
   5.1800000e+01  -1.6029869e+04  -1.9355998e+05
   5.1900000e+01   4.1195836e+04  -1.7184150e+05
   5.2000000e+01   1.0940066e+05  -1.4734953e+05
   5.2100000e+01   1.7702009e+05  -1.2311749e+05
   5.2200000e+01   2.3348902e+05  -1.0324134e+05
   5.2300000e+01   2.8061453e+05  -9.0711492e+04
   5.2400000e+01   3.2915047e+05  -8.6585938e+04
   5.2500000e+01   3.8419175e+05  -8.9473297e+04
   5.2600000e+01   4.3682212e+05  -9.4234703e+04
   5.2700000e+01   4.7180619e+05  -9.1978047e+04
   5.2800000e+01   4.8190150e+05  -7.4457094e+04
   5.2900000e+01   4.7254728e+05  -4.1211562e+04
   5.3000000e+01   4.5354766e+05  -2.0190605e+03
   5.3100000e+01   4.2948381e+05   3.0606100e+04
   5.3200000e+01   3.9956884e+05   5.3475090e+04
   5.3300000e+01   3.6401369e+05   7.6578547e+04
   5.3400000e+01   3.2649050e+05   1.1285541e+05
   5.3500000e+01   2.8962194e+05   1.6368012e+05
   5.3600000e+01   2.5121022e+05   2.1612006e+05
   5.3700000e+01   2.0826539e+05   2.5570005e+05
   5.3800000e+01   1.6501341e+05   2.8065231e+05
   5.3900000e+01   1.3450939e+05   3.0150925e+05
   5.4000000e+01   1.2984078e+05   3.2672444e+05
   5.4100000e+01   1.5263605e+05   3.5134766e+05
   5.4200000e+01   1.9018875e+05   3.6229541e+05
   5.4300000e+01   2.2440300e+05   3.5433503e+05
   5.4400000e+01   2.4487195e+05   3.3806088e+05
   5.4500000e+01   2.5512642e+05   3.2974850e+05
   5.4600000e+01   2.6729303e+05   3.3339262e+05
   5.4700000e+01   2.8983962e+05   3.3466853e+05
   5.4800000e+01   3.1824781e+05   3.1453031e+05
   5.4900000e+01   3.3599347e+05   2.6942434e+05
   5.5000000e+01   3.2519250e+05   2.1748072e+05
   5.5100000e+01   2.7864962e+05   1.8357258e+05
   5.5200000e+01   2.0393380e+05   1.7711045e+05
   5.5300000e+01   1.1676509e+05   1.8376477e+05
   5.5400000e+01   2.9841480e+04   1.7879045e+05
   5.5500000e+01  -5.3687258e+04   1.4896000e+05
   5.5600000e+01  -1.3806136e+05   1.0270754e+05
   5.5700000e+01  -2.2784123e+05   6.0478074e+04
   5.5800000e+01  -3.2259578e+05   3.6167340e+04
   5.5900000e+01  -4.1649962e+05   2.7229834e+04
   5.6000000e+01  -5.0116028e+05   2.0496775e+04
   5.6100000e+01  -5.6878138e+05   5.2860039e+03
   5.6200000e+01  -6.1462138e+05  -1.9516102e+04
   5.6300000e+01  -6.3883012e+05  -4.9110602e+04
   5.6400000e+01  -6.4679038e+05  -8.0474961e+04
   5.6500000e+01  -6.4644588e+05  -1.1493396e+05
   5.6600000e+01  -6.4300144e+05  -1.5395716e+05
   5.6700000e+01  -6.3442356e+05  -1.9465383e+05
   5.6800000e+01  -6.1184850e+05  -2.3131622e+05
   5.6900000e+01  -5.6570381e+05  -2.6170167e+05
   5.7000000e+01  -4.9358125e+05  -2.9046600e+05
   5.7100000e+01  -4.0392616e+05  -3.2464350e+05
   5.7200000e+01  -3.1253206e+05  -3.6500362e+05
   5.7300000e+01  -2.3426869e+05  -4.0256866e+05
   5.7400000e+01  -1.7580291e+05  -4.2486788e+05
   5.7500000e+01  -1.3371117e+05  -4.2627747e+05
   5.7600000e+01  -9.8136617e+04  -4.1243625e+05
   5.7700000e+01  -5.8859195e+04  -3.9514459e+05
   5.7800000e+01  -1.0234802e+04  -3.8374806e+05
   5.7900000e+01   4.7125559e+04  -3.8081831e+05
   5.8000000e+01   1.0844098e+05  -3.8319847e+05
   5.8100000e+01   1.6949664e+05  -3.8385672e+05
   5.8200000e+01   2.3101405e+05  -3.7256419e+05
   5.8300000e+01   2.9867194e+05  -3.3912362e+05
   5.8400000e+01   3.7706066e+05  -2.8172112e+05
   5.8500000e+01   4.6143641e+05  -2.1429358e+05
   5.8600000e+01   5.3558300e+05  -1.6193150e+05
   5.8700000e+01   5.8117650e+05  -1.4192328e+05
   5.8800000e+01   5.9316525e+05  -1.4440325e+05
   5.8900000e+01   5.8628025e+05  -1.3300214e+05
   5.9000000e+01   5.8233356e+05  -7.1364750e+04
   5.9100000e+01   5.8669488e+05   4.3850547e+04
   5.9200000e+01   5.7736456e+05   1.7390959e+05
   5.9300000e+01   5.2183909e+05   2.6514128e+05
   5.9400000e+01   4.0914534e+05   2.9093656e+05
   5.9500000e+01   2.6557941e+05   2.7097466e+05
   5.9600000e+01   1.3619186e+05   2.5002383e+05
   5.9700000e+01   4.8604551e+04   2.5725844e+05
   5.9800000e+01  -5.6101885e+03   2.8518981e+05
   5.9900000e+01  -5.5139812e+04   3.0578191e+05
   6.0000000e+01  -1.1736203e+05   3.0302534e+05
   6.0100000e+01  -1.8347866e+05   2.8707981e+05
   6.0200000e+01  -2.3175750e+05   2.7862191e+05
   6.0300000e+01  -2.5011641e+05   2.8494603e+05
   6.0400000e+01  -2.4337158e+05   2.9492253e+05
   6.0500000e+01  -2.2176836e+05   2.9495028e+05
   6.0600000e+01  -1.8845555e+05   2.8418988e+05
   6.0700000e+01  -1.4094738e+05   2.7178212e+05
   6.0800000e+01  -8.1998531e+04   2.6280903e+05
   6.0900000e+01  -2.3917162e+04   2.5246266e+05
   6.1000000e+01   2.0293043e+04   2.3504122e+05
   6.1100000e+01   4.8617559e+04   2.1438892e+05
   6.1200000e+01   7.0452781e+04   2.0103855e+05
   6.1300000e+01   9.4844078e+04   1.9927297e+05
   6.1400000e+01   1.1961325e+05   2.0081773e+05
   6.1500000e+01   1.3330105e+05   1.9372833e+05
   6.1600000e+01   1.2746689e+05   1.7592498e+05
   6.1700000e+01   1.0569684e+05   1.5693773e+05
   6.1800000e+01   7.9719758e+04   1.4587842e+05
   6.1900000e+01   5.7264820e+04   1.4032278e+05
   6.2000000e+01   3.4894312e+04   1.2927842e+05
   6.2100000e+01   3.0310786e+03   1.0608023e+05
   6.2200000e+01  -4.2978352e+04   7.5372891e+04
   6.2300000e+01  -9.7773422e+04   4.6234055e+04
   6.2400000e+01  -1.5140161e+05   2.0707006e+04
   6.2500000e+01  -1.9823872e+05  -7.7166377e+03
   6.2600000e+01  -2.3968684e+05  -4.3977633e+04
   6.2700000e+01  -2.7900594e+05  -8.2930031e+04
   6.2800000e+01  -3.1539969e+05  -1.1415557e+05
   6.2900000e+01  -3.4424731e+05  -1.3534373e+05
   6.3000000e+01  -3.6241784e+05  -1.5767428e+05
   6.3100000e+01  -3.7149538e+05  -1.9434716e+05
   6.3200000e+01  -3.7432447e+05  -2.4300319e+05
   6.3300000e+01  -3.6856953e+05  -2.8216738e+05
   6.3400000e+01  -3.4558831e+05  -2.8894828e+05
   6.3500000e+01  -2.9791947e+05  -2.6225069e+05
   6.3600000e+01  -2.2852884e+05  -2.2744350e+05
   6.3700000e+01  -1.5107697e+05  -2.1549947e+05
   6.3800000e+01  -7.9015812e+04  -2.3571634e+05
   6.3900000e+01  -1.4214624e+04  -2.6856906e+05
   6.4000000e+01   5.2124395e+04  -2.8511809e+05
   6.4100000e+01   1.2652415e+05  -2.7265550e+05
   6.4200000e+01   2.0249170e+05  -2.4150077e+05
   6.4300000e+01   2.6417141e+05  -2.0935848e+05
   6.4400000e+01   3.0016550e+05  -1.8275453e+05
   6.4500000e+01   3.1204675e+05  -1.5492727e+05
   6.4600000e+01   3.0936409e+05  -1.1892985e+05
   6.4700000e+01   2.9898884e+05  -7.8615352e+04
   6.4800000e+01   2.8142412e+05  -4.5426395e+04
   6.4900000e+01   2.5570998e+05  -2.6423744e+04
   6.5000000e+01   2.2347600e+05  -1.7698750e+04
   6.5100000e+01   1.8574028e+05  -9.4352188e+03
   6.5200000e+01   1.3772719e+05   4.1005776e+03
   6.5300000e+01   7.0946391e+04   2.0045793e+04
   6.5400000e+01  -1.7120861e+04   3.1104889e+04
   6.5500000e+01  -1.1549319e+05   3.3030301e+04
   6.5600000e+01  -2.0295172e+05   2.8323398e+04
   6.5700000e+01  -2.6012916e+05   2.3790564e+04
   6.5800000e+01  -2.8034306e+05   2.4967814e+04
   6.5900000e+01  -2.7102528e+05   3.1983594e+04
   6.6000000e+01  -2.4611683e+05   3.9293035e+04
   6.6100000e+01  -2.1642739e+05   3.8855105e+04
   6.6200000e+01  -1.8491862e+05   2.4886148e+04
   6.6300000e+01  -1.4868967e+05  -2.0468132e+03
   6.6400000e+01  -1.0411319e+05  -3.4100727e+04
   6.6500000e+01  -5.0329062e+04  -6.0182012e+04
   6.6600000e+01   1.0610712e+04  -7.3449016e+04
   6.6700000e+01   7.5150977e+04  -7.6722570e+04
   6.6800000e+01   1.3925139e+05  -8.0243211e+04
   6.6900000e+01   1.9933709e+05  -9.2441828e+04
   6.7000000e+01   2.5400391e+05  -1.1154705e+05
   6.7100000e+01   3.0498147e+05  -1.2598776e+05
   6.7200000e+01   3.5484456e+05  -1.2361679e+05
   6.7300000e+01   4.0232469e+05  -1.0162295e+05
   6.7400000e+01   4.4009750e+05  -6.8599672e+04
   6.7500000e+01   4.5842328e+05  -3.7257484e+04
   6.7600000e+01   4.5159056e+05  -1.3831637e+04
   6.7700000e+01   4.2059841e+05   7.3337881e+03
   6.7800000e+01   3.6980788e+05   3.9197902e+04
   6.7900000e+01   3.0225688e+05   9.0110680e+04
   6.8000000e+01   2.1925311e+05   1.5415925e+05
   6.8100000e+01   1.2391851e+05   2.1346167e+05
   6.8200000e+01   2.3393496e+04   2.5250270e+05
   6.8300000e+01  -7.3573000e+04   2.7214941e+05
   6.8400000e+01  -1.6116438e+05   2.8891488e+05
   6.8500000e+01  -2.3855027e+05   3.1846338e+05
   6.8600000e+01  -3.0808203e+05   3.5901281e+05
   6.8700000e+01  -3.7194431e+05   3.9181631e+05
   6.8800000e+01  -4.2959297e+05   3.9900044e+05
   6.8900000e+01  -4.7638503e+05   3.8101244e+05
   6.9000000e+01  -5.0356138e+05   3.5616262e+05
   6.9100000e+01  -5.0082628e+05   3.4303225e+05
   6.9200000e+01  -4.6179428e+05   3.4347509e+05
   6.9300000e+01  -3.8915253e+05   3.4241172e+05
   6.9400000e+01  -2.9473406e+05   3.2327553e+05
   6.9500000e+01  -1.9311512e+05   2.8309572e+05
   6.9600000e+01  -9.3171539e+04   2.3312534e+05
   6.9700000e+01   5.6615469e+03   1.8635269e+05
   6.9800000e+01   1.0934118e+05   1.4585577e+05
   6.9900000e+01   2.2047334e+05   1.0536210e+05
   7.0000000e+01   3.3164197e+05   5.9318188e+04
   7.0100000e+01   4.2638491e+05   9.8483105e+03
   7.0200000e+01   4.8803866e+05  -3.7104531e+04
   7.0300000e+01   5.1010412e+05  -8.0565648e+04
   7.0400000e+01   4.9908753e+05  -1.2628232e+05
   7.0500000e+01   4.6623588e+05  -1.7835681e+05
   7.0600000e+01   4.1541856e+05  -2.3091144e+05
   7.0700000e+01   3.3987603e+05  -2.7112909e+05
   7.0800000e+01   2.3255806e+05  -2.9186509e+05
   7.0900000e+01   9.9772414e+04  -2.9985569e+05
   7.1000000e+01  -3.7391527e+04  -3.0933978e+05
   7.1100000e+01  -1.5720327e+05  -3.2710041e+05
   7.1200000e+01  -2.5318838e+05  -3.4507841e+05
   7.1300000e+01  -3.3537019e+05  -3.4890762e+05
   7.1400000e+01  -4.1580284e+05  -3.3349488e+05
   7.1500000e+01  -4.9373284e+05  -3.0928850e+05
   7.1600000e+01  -5.5545188e+05  -2.9309591e+05
   7.1700000e+01  -5.8805131e+05  -2.9344438e+05
   7.1800000e+01  -5.9215544e+05  -3.0490347e+05
   7.1900000e+01  -5.8041388e+05  -3.1499159e+05
   7.2000000e+01  -5.6341988e+05  -3.1459256e+05
   7.2100000e+01  -5.3763450e+05  -3.0201316e+05
   7.2200000e+01  -4.8824050e+05  -2.8043691e+05
   7.2300000e+01  -4.0497978e+05  -2.5533775e+05
   7.2400000e+01  -2.9521925e+05  -2.3464145e+05
   7.2500000e+01  -1.8026969e+05  -2.2706747e+05
   7.2600000e+01  -7.8044609e+04  -2.3487100e+05
   7.2700000e+01   9.8915918e+03  -2.4642573e+05
   7.2800000e+01   9.3196047e+04  -2.3928317e+05
   7.2900000e+01   1.7608361e+05  -1.9608133e+05
   7.3000000e+01   2.4889338e+05  -1.2092012e+05
   7.3100000e+01   2.9781353e+05  -3.9552418e+04
   7.3200000e+01   3.2106841e+05   1.9684273e+04
   7.3300000e+01   3.3244906e+05   4.8186199e+04
   7.3400000e+01   3.4838459e+05   6.2087109e+04
   7.3500000e+01   3.7349503e+05   8.5418297e+04
   7.3600000e+01   3.9960266e+05   1.2799347e+05
   7.3700000e+01   4.1672884e+05   1.7910538e+05
   7.3800000e+01   4.2281300e+05   2.2129894e+05
   7.3900000e+01   4.2353684e+05   2.4812928e+05
   7.4000000e+01   4.2528738e+05   2.6744469e+05
   7.4100000e+01   4.2882512e+05   2.8903541e+05
   7.4200000e+01   4.2770409e+05   3.1245619e+05
   7.4300000e+01   4.1164788e+05   3.2865972e+05
   7.4400000e+01   3.7342966e+05   3.3167178e+05
   7.4500000e+01   3.1522256e+05   3.2523006e+05
   7.4600000e+01   2.4842530e+05   3.1699759e+05
   7.4700000e+01   1.8532920e+05   3.0897856e+05
   7.4800000e+01   1.2986811e+05   2.9686616e+05
   7.4900000e+01   7.7013398e+04   2.7864228e+05
   7.5000000e+01   2.1085098e+04   2.6016755e+05
   7.5100000e+01  -3.7060316e+04   2.4906944e+05
   7.5200000e+01  -9.1919008e+04   2.4369398e+05
   7.5300000e+01  -1.4039370e+05   2.3164189e+05
   7.5400000e+01  -1.8415556e+05   2.0195472e+05
   7.5500000e+01  -2.2482889e+05   1.5838634e+05
   7.5600000e+01  -2.5946417e+05   1.1859586e+05
   7.5700000e+01  -2.8278538e+05   9.9162883e+04
   7.5800000e+01  -2.9297284e+05   1.0161531e+05
   7.5900000e+01  -2.9312353e+05   1.1280834e+05
   7.6000000e+01  -2.8692581e+05   1.1719312e+05
   7.6100000e+01  -2.7493447e+05   1.0744516e+05
   7.6200000e+01  -2.5621019e+05   8.4801680e+04
   7.6300000e+01  -2.3173062e+05   5.3156965e+04
   7.6400000e+01  -2.0315188e+05   1.5993852e+04
   7.6500000e+01  -1.6774447e+05  -2.1467211e+04
   7.6600000e+01  -1.1793130e+05  -5.0889352e+04
   7.6700000e+01  -5.0249879e+04  -6.5727555e+04
   7.6800000e+01   2.3936258e+04  -6.9429133e+04
   7.6900000e+01   7.9999000e+04  -7.7378367e+04
   7.7000000e+01   9.7769383e+04  -1.0668718e+05
   7.7100000e+01   8.1007625e+04  -1.5991609e+05
   7.7200000e+01   5.7899848e+04  -2.1785184e+05
   7.7300000e+01   5.7713648e+04  -2.5152406e+05
   7.7400000e+01   8.3221992e+04  -2.4607509e+05
   7.7500000e+01   1.0599662e+05  -2.1515895e+05
   7.7600000e+01   9.1566656e+04  -1.9066684e+05
   7.7700000e+01   3.1972420e+04  -1.9575558e+05
   7.7800000e+01  -4.5421113e+04  -2.2621733e+05
   7.7900000e+01  -1.0159240e+05  -2.5715923e+05
   7.8000000e+01  -1.1925448e+05  -2.6661491e+05
   7.8100000e+01  -1.1453415e+05  -2.5231619e+05
   7.8200000e+01  -1.1791132e+05  -2.2787461e+05
   7.8300000e+01  -1.4512950e+05  -2.0676394e+05
   7.8400000e+01  -1.8588511e+05  -1.9196361e+05
   7.8500000e+01  -2.1763947e+05  -1.7866600e+05
   7.8600000e+01  -2.2709917e+05  -1.6265744e+05
   7.8700000e+01  -2.1778761e+05  -1.4448131e+05
   7.8800000e+01  -1.9982872e+05  -1.2796942e+05
   7.8900000e+01  -1.7661020e+05  -1.1780274e+05
   7.9000000e+01  -1.4349969e+05  -1.1819464e+05
   7.9100000e+01  -9.8380359e+04  -1.3058538e+05
   7.9200000e+01  -5.0503090e+04  -1.5010777e+05
   7.9300000e+01  -1.6524248e+04  -1.6527628e+05
   7.9400000e+01  -6.6913306e+03  -1.6414491e+05
   7.9500000e+01  -1.4767770e+04  -1.4267311e+05
   7.9600000e+01  -2.2060963e+04  -1.0702659e+05
   7.9700000e+01  -1.2481727e+04  -6.7489117e+04
   7.9800000e+01   1.5032064e+04  -3.0788309e+04
   7.9900000e+01   4.8031586e+04   1.7027617e+03
   8.0000000e+01   7.4031242e+04   3.0720812e+04
   8.0100000e+01   9.2513289e+04   5.7367133e+04
   8.0200000e+01   1.1407125e+05   8.5110523e+04
   8.0300000e+01   1.4892308e+05   1.2060002e+05
   8.0400000e+01   1.9756083e+05   1.6932128e+05
   8.0500000e+01   2.5222828e+05   2.2996184e+05
   8.0600000e+01   3.0481856e+05   2.9433922e+05
   8.0700000e+01   3.5093578e+05   3.5320712e+05
   8.0800000e+01   3.8755862e+05   4.0141494e+05
   8.0900000e+01   4.1115594e+05   4.3801650e+05
   8.1000000e+01   4.2077231e+05   4.6384366e+05
   8.1100000e+01   4.2075644e+05   4.8039972e+05
   8.1200000e+01   4.1639312e+05   4.8927366e+05
   8.1300000e+01   4.0647934e+05   4.8991544e+05
   8.1400000e+01   3.8402850e+05   4.7834309e+05
   8.1500000e+01   3.4678850e+05   4.5110475e+05
   8.1600000e+01   3.0400384e+05   4.1169600e+05
   8.1700000e+01   2.6722219e+05   3.7004925e+05
   8.1800000e+01   2.3296114e+05   3.3208600e+05
   8.1900000e+01   1.7899364e+05   2.9041806e+05
   8.2000000e+01   8.3455016e+04   2.2963580e+05
   8.2100000e+01  -5.0638934e+04   1.4339022e+05
   8.2200000e+01  -1.9178216e+05   4.4291883e+04
   8.2300000e+01  -3.0300856e+05  -4.6476512e+04
   8.2400000e+01  -3.7003694e+05  -1.1961051e+05
   8.2500000e+01  -4.0864134e+05  -1.8510459e+05
   8.2600000e+01  -4.4648616e+05  -2.5784144e+05
   8.2700000e+01  -4.9759150e+05  -3.3774088e+05
   8.2800000e+01  -5.5117169e+05  -4.0717469e+05
   8.2900000e+01  -5.8180031e+05  -4.4853259e+05
   8.3000000e+01  -5.7046225e+05  -4.6227909e+05
   8.3100000e+01  -5.1914491e+05  -4.6607141e+05
   8.3200000e+01  -4.4802494e+05  -4.7690309e+05
   8.3300000e+01  -3.7870703e+05  -4.9583416e+05
   8.3400000e+01  -3.1884166e+05  -5.1013603e+05
   8.3500000e+01  -2.6212188e+05  -5.0807794e+05
   8.3600000e+01  -2.0230811e+05  -4.8954238e+05
   8.3700000e+01  -1.4487772e+05  -4.6281134e+05
   8.3800000e+01  -1.0221030e+05  -4.3393028e+05
   8.3900000e+01  -7.7302109e+04  -4.0166231e+05
   8.4000000e+01  -5.5755336e+04  -3.6246903e+05
   8.4100000e+01  -1.7888305e+04  -3.1774547e+05
   8.4200000e+01   4.0147816e+04  -2.7391672e+05
   8.4300000e+01   9.9042906e+04  -2.3564977e+05
   8.4400000e+01   1.3180984e+05  -2.0092067e+05
   8.4500000e+01   1.2708844e+05  -1.6377881e+05
   8.4600000e+01   9.7769609e+04  -1.2066156e+05
   8.4700000e+01   6.8567211e+04  -7.2084188e+04
   8.4800000e+01   5.6796594e+04  -1.8618021e+04
   8.4900000e+01   6.4080961e+04   4.1509570e+04
   8.5000000e+01   8.2707820e+04   1.0818416e+05
   8.5100000e+01   1.0653506e+05   1.7416159e+05
   8.5200000e+01   1.3586134e+05   2.2831575e+05
   8.5300000e+01   1.7466609e+05   2.6661744e+05
   8.5400000e+01   2.2536631e+05   2.9796450e+05
   8.5500000e+01   2.8581000e+05   3.3536144e+05
   8.5600000e+01   3.4958391e+05   3.8026841e+05
   8.5700000e+01   4.0845272e+05   4.1817362e+05
   8.5800000e+01   4.5527112e+05   4.3225409e+05
   8.5900000e+01   4.8582112e+05   4.2133088e+05
   8.6000000e+01   4.9870097e+05   4.0262744e+05
   8.6100000e+01   4.9370281e+05   3.9598978e+05
   8.6200000e+01   4.7005872e+05   4.0563250e+05
   8.6300000e+01   4.2580903e+05   4.1708662e+05
   8.6400000e+01   3.5895700e+05   4.1104300e+05
   8.6500000e+01   2.7024872e+05   3.8028288e+05
   8.6600000e+01   1.6583491e+05   3.3506141e+05
   8.6700000e+01   5.6712578e+04   2.9395184e+05
   8.6800000e+01  -4.6459273e+04   2.6923419e+05
   8.6900000e+01  -1.3968120e+05   2.5906603e+05
   8.7000000e+01  -2.2677328e+05   2.5181638e+05
   8.7100000e+01  -3.1326725e+05   2.3721466e+05
   8.7200000e+01  -3.9878219e+05   2.1354047e+05
   8.7300000e+01  -4.7579728e+05   1.8509761e+05
   8.7400000e+01  -5.3568681e+05   1.5478991e+05
   8.7500000e+01  -5.7466075e+05   1.2121570e+05
   8.7600000e+01  -5.9300456e+05   8.3063062e+04
   8.7700000e+01  -5.8982669e+05   4.3910348e+04
   8.7800000e+01  -5.6132056e+05   1.0034977e+04
   8.7900000e+01  -5.0598178e+05  -1.6869805e+04
   8.8000000e+01  -4.3087297e+05  -4.3082559e+04
   8.8100000e+01  -3.5042612e+05  -7.7613156e+04
   8.8200000e+01  -2.7699306e+05  -1.2377272e+05
   8.8300000e+01  -2.1190003e+05  -1.7649194e+05
   8.8400000e+01  -1.4624302e+05  -2.2747258e+05
   8.8500000e+01  -7.1059422e+04  -2.7199878e+05
   8.8600000e+01   1.3161928e+04  -3.1092903e+05
   8.8700000e+01   9.6880539e+04  -3.4768866e+05
   8.8800000e+01   1.7042362e+05  -3.8449572e+05
   8.8900000e+01   2.3122108e+05  -4.2056053e+05
   8.9000000e+01   2.8210272e+05  -4.5184709e+05
   8.9100000e+01   3.2448375e+05  -4.7203216e+05
   8.9200000e+01   3.5589666e+05  -4.7585594e+05
   8.9300000e+01   3.7455275e+05  -4.6437209e+05
   8.9400000e+01   3.8346759e+05  -4.4735769e+05
   8.9500000e+01   3.8708772e+05  -4.3792084e+05
   8.9600000e+01   3.8429647e+05  -4.4130972e+05
   8.9700000e+01   3.6810312e+05  -4.4756425e+05
   8.9800000e+01   3.3426144e+05  -4.3642222e+05
   8.9900000e+01   2.8838491e+05  -3.9225038e+05
   9.0000000e+01   2.4151311e+05  -3.1697919e+05
   9.0100000e+01   1.9859128e+05  -2.3003905e+05
   9.0200000e+01   1.5429283e+05  -1.5509227e+05
   9.0300000e+01   1.0200081e+05  -1.0387884e+05
   9.0400000e+01   4.4843230e+04  -6.9255688e+04
   9.0500000e+01  -5.5887422e+03  -3.2259543e+04
   9.0600000e+01  -4.2077637e+04   2.2239406e+04
   9.0700000e+01  -7.0851953e+04   9.3008297e+04
   9.0800000e+01  -1.0570416e+05   1.6271617e+05
   9.0900000e+01  -1.5323805e+05   2.1104456e+05
   9.1000000e+01  -2.0487202e+05   2.3025977e+05
   9.1100000e+01  -2.4323992e+05   2.3046742e+05
   9.1200000e+01  -2.5611505e+05   2.3035639e+05
   9.1300000e+01  -2.4548950e+05   2.4171345e+05
   9.1400000e+01  -2.2545972e+05   2.6107602e+05
   9.1500000e+01  -2.1149905e+05   2.7502922e+05
   9.1600000e+01  -2.0882527e+05   2.7348412e+05
   9.1700000e+01  -2.0816745e+05   2.5889041e+05
   9.1800000e+01  -1.9324169e+05   2.4376342e+05
   9.1900000e+01  -1.5547950e+05   2.3936900e+05
   9.2000000e+01  -1.0358030e+05   2.4570091e+05
   9.2100000e+01  -5.8014691e+04   2.5135972e+05
   9.2200000e+01  -3.4732047e+04   2.4335572e+05
   9.2300000e+01  -3.3908297e+04   2.1838709e+05
   9.2400000e+01  -4.4106297e+04   1.8582838e+05
   9.2500000e+01  -5.4867957e+04   1.5982016e+05
   9.2600000e+01  -6.2603266e+04   1.4754280e+05
   9.2700000e+01  -6.5791812e+04   1.4427434e+05
   9.2800000e+01  -6.0451449e+04   1.3953748e+05
   9.2900000e+01  -4.4731086e+04   1.2807604e+05
   9.3000000e+01  -2.5553406e+04   1.1477717e+05
   9.3100000e+01  -1.4253598e+04   1.0878167e+05
   9.3200000e+01  -1.2791144e+04   1.1295763e+05
   9.3300000e+01  -7.9070298e+03   1.1957067e+05
   9.3400000e+01   1.6173116e+04   1.1666795e+05
   9.3500000e+01   5.9089387e+04   9.9055305e+04
   9.3600000e+01   1.0196795e+05   7.3567688e+04
   9.3700000e+01   1.2548184e+05   5.4101195e+04
   9.3800000e+01   1.2839575e+05   5.0967773e+04
   9.3900000e+01   1.2620351e+05   6.3005645e+04
   9.4000000e+01   1.3279944e+05   7.7725555e+04
   9.4100000e+01   1.4662127e+05   7.9020055e+04
   9.4200000e+01   1.5547142e+05   5.7692320e+04
   9.4300000e+01   1.5206241e+05   1.8230066e+04
   9.4400000e+01   1.4176752e+05  -2.3451635e+04
   9.4500000e+01   1.3529853e+05  -5.0886707e+04
   9.4600000e+01   1.3686589e+05  -5.8456832e+04
   9.4700000e+01   1.4228966e+05  -5.3083594e+04
   9.4800000e+01   1.4843881e+05  -4.4361613e+04
   9.4900000e+01   1.6108150e+05  -3.3607051e+04
   9.5000000e+01   1.8937933e+05  -1.4605460e+04
   9.5100000e+01   2.3146223e+05   1.3957744e+04
   9.5200000e+01   2.6880969e+05   3.9411152e+04
   9.5300000e+01   2.8049453e+05   4.3172867e+04
   9.5400000e+01   2.6596116e+05   2.0799385e+04
   9.5500000e+01   2.5139677e+05  -7.6714751e+03
   9.5600000e+01   2.6844531e+05  -1.2090224e+04
   9.5700000e+01   3.2348962e+05   1.9342080e+04
   9.5800000e+01   3.8854825e+05   6.5518250e+04
   9.5900000e+01   4.2433697e+05   8.8234531e+04
   9.6000000e+01   4.1307900e+05   6.4733176e+04
   9.6100000e+01   3.6938638e+05   6.2462065e+03
   9.6200000e+01   3.2166525e+05  -5.4057891e+04
   9.6300000e+01   2.8613894e+05  -9.0202609e+04
   9.6400000e+01   2.5880755e+05  -1.0153695e+05
   9.6500000e+01   2.2782534e+05  -1.0607523e+05
   9.6600000e+01   1.8838289e+05  -1.2055976e+05
   9.6700000e+01   1.4499012e+05  -1.4820855e+05
   9.6800000e+01   1.0341225e+05  -1.8215536e+05
   9.6900000e+01   6.4181469e+04  -2.1508645e+05
   9.7000000e+01   2.3759490e+04  -2.4286959e+05
   9.7100000e+01  -2.0624650e+04  -2.6156153e+05
   9.7200000e+01  -6.8606367e+04  -2.6642834e+05
   9.7300000e+01  -1.1813357e+05  -2.5724902e+05
   9.7400000e+01  -1.6814541e+05  -2.4317678e+05
   9.7500000e+01  -2.1985572e+05  -2.3814150e+05
   9.7600000e+01  -2.7536828e+05  -2.4841142e+05
   9.7700000e+01  -3.3395550e+05  -2.6496941e+05
   9.7800000e+01  -3.8901894e+05  -2.7047816e+05
   9.7900000e+01  -4.3023194e+05  -2.5536758e+05
   9.8000000e+01  -4.5127881e+05  -2.2675975e+05
   9.8100000e+01  -4.5609672e+05  -2.0058209e+05
   9.8200000e+01  -4.5535053e+05  -1.8497091e+05
   9.8300000e+01  -4.5485222e+05  -1.7261419e+05
   9.8400000e+01  -4.4840453e+05  -1.5014311e+05
   9.8500000e+01  -4.2429959e+05  -1.1415708e+05
   9.8600000e+01  -3.7885512e+05  -7.6282031e+04
   9.8700000e+01  -3.2105038e+05  -5.1853434e+04
   9.8800000e+01  -2.6249759e+05  -4.4926309e+04
   9.8900000e+01  -2.0481344e+05  -4.5957699e+04
   9.9000000e+01  -1.3947200e+05  -4.3529141e+04
   9.9100000e+01  -5.9761074e+04  -3.5330324e+04
   9.9200000e+01   2.9394945e+04  -2.5648861e+04
   9.9300000e+01   1.1346995e+05  -1.4488098e+04
   9.9400000e+01   1.7726089e+05   5.3333105e+03
   9.9500000e+01   2.1075878e+05   3.7445840e+04
   9.9600000e+01   2.1038156e+05   7.1804492e+04
   9.9700000e+01   1.8030698e+05   9.1528125e+04
   9.9800000e+01   1.3330111e+05   9.1023312e+04
   9.9900000e+01   8.4514680e+04   8.1024016e+04
   1.0000000e+02   3.9785473e+04   7.2247742e+04
