   1.1851270e+02   3.6301420e+01   1.8450000e+02
   1.1958301e+02   3.6853587e+01   3.8000000e+00
   0.0000000e+00  -3.3851659e+05  -3.3851659e+05
   1.0000000e-01  -3.6981791e+05  -2.8033159e+05
   2.0000000e-01  -3.8385109e+05  -2.0060456e+05
   3.0000000e-01  -3.9292391e+05  -1.1980697e+05
   4.0000000e-01  -4.0164362e+05  -5.9011215e+04
   5.0000000e-01  -4.0743325e+05  -2.3815010e+04
   6.0000000e-01  -4.0745047e+05  -1.9560852e+03
   7.0000000e-01  -4.0188141e+05   2.4300947e+04
   8.0000000e-01  -3.9110009e+05   6.4134297e+04
   9.0000000e-01  -3.7324997e+05   1.1462524e+05
   1.0000000e+00  -3.4711972e+05   1.6718759e+05
   1.1000000e+00  -3.1590600e+05   2.1508573e+05
   1.2000000e+00  -2.8458809e+05   2.5645056e+05
   1.3000000e+00  -2.5238098e+05   2.9389391e+05
   1.4000000e+00  -2.1036822e+05   3.3257044e+05
   1.5000000e+00  -1.4976497e+05   3.7598094e+05
   1.6000000e+00  -7.2785086e+04   4.2061966e+05
   1.7000000e+00   6.6936016e+03   4.5510272e+05
   1.8000000e+00   7.4252430e+04   4.6765297e+05
   1.9000000e+00   1.2576399e+05   4.5656862e+05
   2.0000000e+00   1.6667838e+05   4.3275912e+05
   2.1000000e+00   2.0232889e+05   4.1029556e+05
   2.2000000e+00   2.3140309e+05   3.9352875e+05
   2.3000000e+00   2.4950208e+05   3.7331972e+05
   2.4000000e+00   2.5746564e+05   3.3591694e+05
   2.5000000e+00   2.6424781e+05   2.7612200e+05
   2.6000000e+00   2.8057944e+05   2.0336006e+05
   2.7000000e+00   3.0929184e+05   1.3632484e+05
   2.8000000e+00   3.4147138e+05   9.1120492e+04
   2.9000000e+00   3.6226525e+05   7.1834898e+04
   3.0000000e+00   3.6136812e+05   6.9668078e+04
   3.1000000e+00   3.3890412e+05   7.0255141e+04
   3.2000000e+00   3.0193662e+05   6.3276723e+04
   3.3000000e+00   2.5608944e+05   4.7357434e+04
   3.4000000e+00   2.0114300e+05   2.7200762e+04
   3.5000000e+00   1.3426128e+05   6.0138867e+03
   3.6000000e+00   5.6116992e+04  -2.0005367e+04
   3.7000000e+00  -2.6724387e+04  -6.0039629e+04
   3.8000000e+00  -1.0448180e+05  -1.2098527e+05
   3.9000000e+00  -1.6861414e+05  -2.0054839e+05
   4.0000000e+00  -2.1537880e+05  -2.8758809e+05
   4.1000000e+00  -2.4757769e+05  -3.6941844e+05
   4.2000000e+00  -2.7271588e+05  -4.3908366e+05
   4.3000000e+00  -2.9612119e+05  -4.9619119e+05
   4.4000000e+00  -3.1302456e+05  -5.4196844e+05
   4.5000000e+00  -3.0843134e+05  -5.7462688e+05
   4.6000000e+00  -2.6853147e+05  -5.8933319e+05
   4.7000000e+00  -1.9489616e+05  -5.8162662e+05
   4.8000000e+00  -1.0733516e+05  -5.5075100e+05
   4.9000000e+00  -3.1247336e+04  -5.0102744e+05
   5.0000000e+00   1.9544350e+04  -4.4099728e+05
   5.1000000e+00   4.9652520e+04  -3.8001747e+05
   5.2000000e+00   7.4335773e+04  -3.2307153e+05
   5.3000000e+00   1.0523699e+05  -2.6738547e+05
   5.4000000e+00   1.4107536e+05  -2.0492395e+05
   5.5000000e+00   1.6914061e+05  -1.3020930e+05
   5.6000000e+00   1.7574583e+05  -4.7139406e+04
   5.7000000e+00   1.5815614e+05   3.1764707e+04
   5.8000000e+00   1.2874234e+05   9.3854383e+04
   5.9000000e+00   1.0671737e+05   1.3558153e+05
   6.0000000e+00   1.0304228e+05   1.6429891e+05
   6.1000000e+00   1.1155776e+05   1.9077778e+05
   6.2000000e+00   1.1492804e+05   2.1915875e+05
   6.3000000e+00   1.0015426e+05   2.4399277e+05
   6.4000000e+00   6.9340062e+04   2.5754878e+05
   6.5000000e+00   3.6755797e+04   2.6003009e+05
   6.6000000e+00   1.6525930e+04   2.6168034e+05
   6.7000000e+00   1.2175072e+04   2.7388619e+05
   6.8000000e+00   1.4965111e+04   2.9814875e+05
   6.9000000e+00   1.0298771e+04   3.2416812e+05
   7.0000000e+00  -1.1945301e+04   3.3867294e+05
   7.1000000e+00  -4.8023230e+04   3.3604666e+05
   7.2000000e+00  -7.8491266e+04   3.2149656e+05
   7.3000000e+00  -7.9412812e+04   3.0601494e+05
   7.4000000e+00  -4.2398941e+04   2.9914538e+05
   7.5000000e+00   1.2997087e+04   3.0468284e+05
   7.6000000e+00   4.9850301e+04   3.1998016e+05
   7.7000000e+00   4.2788332e+04   3.3768591e+05
   7.8000000e+00   6.1666016e+01   3.4948062e+05
   7.9000000e+00  -4.3393336e+04   3.5085844e+05
   8.0000000e+00  -5.6871430e+04   3.4389403e+05
   8.1000000e+00  -4.0081559e+04   3.3506928e+05
   8.2000000e+00  -2.1069746e+04   3.2918900e+05
   8.3000000e+00  -3.0331660e+04   3.2429359e+05
   8.4000000e+00  -7.6411531e+04   3.1178653e+05
   8.5000000e+00  -1.4265747e+05   2.8146444e+05
   8.6000000e+00  -2.0295731e+05   2.2751611e+05
   8.7000000e+00  -2.3997934e+05   1.5167186e+05
   8.8000000e+00  -2.5284252e+05   6.2109855e+04
   8.9000000e+00  -2.5291441e+05  -3.0941924e+04
   9.0000000e+00  -2.5384344e+05  -1.2039212e+05
   9.1000000e+00  -2.6232941e+05  -2.0504802e+05
   9.2000000e+00  -2.7405553e+05  -2.8796859e+05
   9.3000000e+00  -2.7694391e+05  -3.7175872e+05
   9.4000000e+00  -2.6010669e+05  -4.5494600e+05
   9.5000000e+00  -2.2221525e+05  -5.3254469e+05
   9.6000000e+00  -1.7216403e+05  -5.9959581e+05
   9.7000000e+00  -1.2075989e+05  -6.5347550e+05
   9.8000000e+00  -7.0590531e+04  -6.9259300e+05
   9.9000000e+00  -1.3819015e+04  -7.1373525e+05
   1.0000000e+01   5.9221137e+04  -7.1216212e+05
   1.0100000e+01   1.4823061e+05  -6.8516581e+05
   1.0200000e+01   2.3923745e+05  -6.3514825e+05
   1.0300000e+01   3.1299116e+05  -5.6838706e+05
   1.0400000e+01   3.5816428e+05  -4.9094716e+05
   1.0500000e+01   3.7792450e+05  -4.0690000e+05
   1.0600000e+01   3.8512009e+05  -3.2069556e+05
   1.0700000e+01   3.9145297e+05  -2.3907603e+05
   1.0800000e+01   3.9981631e+05  -1.6777356e+05
   1.0900000e+01   4.0450884e+05  -1.0595588e+05
   1.1000000e+01   3.9735462e+05  -4.6561426e+04
   1.1100000e+01   3.7465259e+05   1.5653516e+04
   1.1200000e+01   3.4055134e+05   7.7477805e+04
   1.1300000e+01   3.0464744e+05   1.3128100e+05
   1.1400000e+01   2.7483097e+05   1.7589406e+05
   1.1500000e+01   2.5039092e+05   2.2062752e+05
   1.1600000e+01   2.2188419e+05   2.7612416e+05
   1.1700000e+01   1.7955456e+05   3.4201956e+05
   1.1800000e+01   1.2363170e+05   4.0569581e+05
   1.1900000e+01   6.6292789e+04   4.5332706e+05
   1.2000000e+01   2.1938152e+04   4.8075488e+05
   1.2100000e+01  -5.8812598e+03   4.9370031e+05
   1.2200000e+01  -2.8139576e+04   4.9967403e+05
   1.2300000e+01  -6.0291414e+04   5.0107781e+05
   1.2400000e+01  -1.0763656e+05   4.9451028e+05
   1.2500000e+01  -1.6019938e+05   4.7416103e+05
   1.2600000e+01  -2.0238003e+05   4.3572228e+05
   1.2700000e+01  -2.2839072e+05   3.7937178e+05
   1.2800000e+01  -2.4877031e+05   3.1086681e+05
   1.2900000e+01  -2.8168309e+05   2.3942222e+05
   1.3000000e+01  -3.3703572e+05   1.7305358e+05
   1.3100000e+01  -4.0782694e+05   1.1498953e+05
   1.3200000e+01  -4.7591912e+05   6.4152707e+04
   1.3300000e+01  -5.2620238e+05   1.8622848e+04
   1.3400000e+01  -5.5638750e+05  -2.1663527e+04
   1.3500000e+01  -5.7458269e+05  -5.5167172e+04
   1.3600000e+01  -5.8778381e+05  -8.0887555e+04
   1.3700000e+01  -5.9195100e+05  -9.9931703e+04
   1.3800000e+01  -5.7280956e+05  -1.1490241e+05
   1.3900000e+01  -5.1733156e+05  -1.2717384e+05
   1.4000000e+01  -4.2618394e+05  -1.3400375e+05
   1.4100000e+01  -3.1568088e+05  -1.2875922e+05
   1.4200000e+01  -2.0670239e+05  -1.0610310e+05
   1.4300000e+01  -1.1017157e+05  -6.9133031e+04
   1.4400000e+01  -2.2034996e+04  -3.1487826e+04
   1.4500000e+01   6.8629297e+04  -1.0184536e+04
   1.4600000e+01   1.6717173e+05  -1.3705567e+04
   1.4700000e+01   2.6813300e+05  -3.5777180e+04
   1.4800000e+01   3.6009275e+05  -6.0928508e+04
   1.4900000e+01   4.3382997e+05  -7.6956844e+04
   1.5000000e+01   4.8606666e+05  -8.3281344e+04
   1.5100000e+01   5.1762756e+05  -8.8834742e+04
   1.5200000e+01   5.3036950e+05  -1.0273409e+05
   1.5300000e+01   5.2645512e+05  -1.2581332e+05
   1.5400000e+01   5.0920750e+05  -1.4872394e+05
   1.5500000e+01   4.8273181e+05  -1.5735211e+05
   1.5600000e+01   4.4978181e+05  -1.4240825e+05
   1.5700000e+01   4.1057084e+05  -1.0721463e+05
   1.5800000e+01   3.6491562e+05  -6.7117914e+04
   1.5900000e+01   3.1608709e+05  -3.8958426e+04
   1.6000000e+01   2.7170850e+05  -2.8246199e+04
   1.6100000e+01   2.3928300e+05  -2.5936467e+04
   1.6200000e+01   2.1978869e+05  -1.8794551e+04
   1.6300000e+01   2.0582278e+05  -3.5527441e+03
   1.6400000e+01   1.8699802e+05   9.4974717e+03
   1.6500000e+01   1.5815512e+05   7.0300210e+03
   1.6600000e+01   1.2291666e+05  -1.3848326e+04
   1.6700000e+01   8.9507820e+04  -4.2827051e+04
   1.6800000e+01   6.3163430e+04  -6.6088023e+04
   1.6900000e+01   4.2346418e+04  -7.7811586e+04
   1.7000000e+01   2.1683934e+04  -8.2790477e+04
   1.7100000e+01  -2.3178936e+03  -8.9863195e+04
   1.7200000e+01  -2.8952047e+04  -1.0424731e+05
   1.7300000e+01  -5.6127734e+04  -1.2532994e+05
   1.7400000e+01  -8.4164375e+04  -1.4920127e+05
   1.7500000e+01  -1.1568513e+05  -1.7127225e+05
   1.7600000e+01  -1.5179583e+05  -1.8676834e+05
   1.7700000e+01  -1.8941383e+05  -1.9097284e+05
   1.7800000e+01  -2.2336072e+05  -1.8134859e+05
   1.7900000e+01  -2.5123230e+05  -1.6029581e+05
   1.8000000e+01  -2.7569150e+05  -1.3495405e+05
   1.8100000e+01  -3.0141706e+05  -1.1248160e+05
   1.8200000e+01  -3.2948466e+05  -9.4027523e+04
   1.8300000e+01  -3.5464175e+05  -7.3138797e+04
   1.8400000e+01  -3.6833988e+05  -4.1206359e+04
   1.8500000e+01  -3.6524109e+05   4.1104683e+03
   1.8600000e+01  -3.4782197e+05   5.5220855e+04
   1.8700000e+01  -3.2505803e+05   9.9595062e+04
   1.8800000e+01  -3.0578631e+05   1.2904300e+05
   1.8900000e+01  -2.9165069e+05   1.4478577e+05
   1.9000000e+01  -2.7520625e+05   1.5443812e+05
   1.9100000e+01  -2.4511466e+05   1.6512631e+05
   1.9200000e+01  -1.9499148e+05   1.7942688e+05
   1.9300000e+01  -1.2945073e+05   1.9591836e+05
   1.9400000e+01  -6.2609809e+04   2.1122962e+05
   1.9500000e+01  -9.7358145e+03   2.2139733e+05
   1.9600000e+01   2.2086588e+04   2.2360708e+05
   1.9700000e+01   3.7406930e+04   2.1862917e+05
   1.9800000e+01   4.7436707e+04   2.1094484e+05
   1.9900000e+01   6.0647438e+04   2.0466684e+05
   2.0000000e+01   7.6515812e+04   1.9916125e+05
   2.0100000e+01   8.7441547e+04   1.9013788e+05
   2.0200000e+01   8.6988070e+04   1.7547225e+05
   2.0300000e+01   7.7099719e+04   1.5839848e+05
   2.0400000e+01   6.7727203e+04   1.4386108e+05
   2.0500000e+01   6.8988734e+04   1.3305089e+05
   2.0600000e+01   8.2843289e+04   1.2351523e+05
   2.0700000e+01   1.0190866e+05   1.1419274e+05
   2.0800000e+01   1.1657478e+05   1.0762202e+05
   2.0900000e+01   1.2385792e+05   1.0544584e+05
   2.1000000e+01   1.2988734e+05   1.0278778e+05
   2.1100000e+01   1.4395197e+05   8.9305797e+04
   2.1200000e+01   1.6966889e+05   5.7167719e+04
   2.1300000e+01   2.0095567e+05   8.6196504e+03
   2.1400000e+01   2.2590211e+05  -4.3673703e+04
   2.1500000e+01   2.3522673e+05  -8.4043430e+04
   2.1600000e+01   2.2893539e+05  -1.0402494e+05
   2.1700000e+01   2.1635281e+05  -1.0855202e+05
   2.1800000e+01   2.0913517e+05  -1.1310040e+05
   2.1900000e+01   2.1180216e+05  -1.3233703e+05
   2.2000000e+01   2.1693192e+05  -1.6808455e+05
   2.2100000e+01   2.0964281e+05  -2.0673528e+05
   2.2200000e+01   1.7878034e+05  -2.2913409e+05
   2.2300000e+01   1.2598420e+05  -2.2478462e+05
   2.2400000e+01   6.5048816e+04  -1.9835705e+05
   2.2500000e+01   1.2377709e+04  -1.6412786e+05
   2.2600000e+01  -2.3154324e+04  -1.3496295e+05
   2.2700000e+01  -4.3265234e+04  -1.1560330e+05
   2.2800000e+01  -5.5780188e+04  -1.0367262e+05
   2.2900000e+01  -6.7879078e+04  -9.4331070e+04
   2.3000000e+01  -8.1997211e+04  -8.3604961e+04
   2.3100000e+01  -9.5630375e+04  -6.9858516e+04
   2.3200000e+01  -1.0401849e+05  -5.5348828e+04
   2.3300000e+01  -1.0417100e+05  -4.7011109e+04
   2.3400000e+01  -9.7891578e+04  -5.2875176e+04
   2.3500000e+01  -9.1107320e+04  -7.4344797e+04
   2.3600000e+01  -8.9470195e+04  -1.0188370e+05
   2.3700000e+01  -9.4358695e+04  -1.2137744e+05
   2.3800000e+01  -1.0351209e+05  -1.2697285e+05
   2.3900000e+01  -1.1503644e+05  -1.2625762e+05
   2.4000000e+01  -1.2901265e+05  -1.3013077e+05
   2.4100000e+01  -1.4405861e+05  -1.3788317e+05
   2.4200000e+01  -1.5359898e+05  -1.3547981e+05
   2.4300000e+01  -1.4824920e+05  -1.1019709e+05
   2.4400000e+01  -1.2351863e+05  -6.4664012e+04
   2.4500000e+01  -8.4804672e+04  -1.3644921e+04
   2.4600000e+01  -4.3771008e+04   3.2038002e+04
   2.4700000e+01  -9.3241973e+03   7.4730062e+04
   2.4800000e+01   1.8176525e+04   1.2203593e+05
   2.4900000e+01   4.4570828e+04   1.7279023e+05
   2.5000000e+01   7.4328695e+04   2.1421694e+05
   2.5100000e+01   1.0474939e+05   2.3283509e+05
   2.5200000e+01   1.2680796e+05   2.2592284e+05
   2.5300000e+01   1.3194428e+05   2.0185636e+05
   2.5400000e+01   1.1903348e+05   1.7132558e+05
   2.5500000e+01   9.5037984e+04   1.3955483e+05
   2.5600000e+01   6.8261875e+04   1.0534095e+05
   2.5700000e+01   4.0811828e+04   6.4770902e+04
   2.5800000e+01   8.5119219e+03   1.5295269e+04
   2.5900000e+01  -3.1222562e+04  -4.1524965e+04
   2.6000000e+01  -7.2287000e+04  -9.8771719e+04
   2.6100000e+01  -1.0205423e+05  -1.4545736e+05
   2.6200000e+01  -1.1134493e+05  -1.7103272e+05
   2.6300000e+01  -1.0246591e+05  -1.7082523e+05
   2.6400000e+01  -8.7876703e+04  -1.4797159e+05
   2.6500000e+01  -8.1152922e+04  -1.0971674e+05
   2.6600000e+01  -8.7786125e+04  -6.1286633e+04
   2.6700000e+01  -1.0199361e+05  -3.2985762e+03
   2.6800000e+01  -1.1098785e+05   6.4833703e+04
   2.6900000e+01  -1.0411015e+05   1.3967752e+05
   2.7000000e+01  -8.1238539e+04   2.1312472e+05
   2.7100000e+01  -5.3806453e+04   2.7717525e+05
   2.7200000e+01  -3.5825102e+04   3.2807847e+05
   2.7300000e+01  -3.1182609e+04   3.6456494e+05
   2.7400000e+01  -2.9127555e+04   3.8327900e+05
   2.7500000e+01  -1.3969734e+04   3.7924625e+05
   2.7600000e+01   1.8960451e+04   3.5258294e+05
   2.7700000e+01   5.6744281e+04   3.1250688e+05
   2.7800000e+01   7.9022195e+04   2.7076300e+05
   2.7900000e+01   7.5489875e+04   2.2979614e+05
   2.8000000e+01   5.4071594e+04   1.7977170e+05
   2.8100000e+01   3.2991465e+04   1.0971671e+05
   2.8200000e+01   2.5898100e+04   2.1003059e+04
   2.8300000e+01   3.4153367e+04  -7.2319188e+04
   2.8400000e+01   5.0801719e+04  -1.5655509e+05
   2.8500000e+01   6.8934727e+04  -2.2942458e+05
   2.8600000e+01   8.5559641e+04  -2.9726150e+05
   2.8700000e+01   9.9636422e+04  -3.6376250e+05
   2.8800000e+01   1.0932197e+05  -4.2439744e+05
   2.8900000e+01   1.1248771e+05  -4.7088428e+05
   2.9000000e+01   1.0959687e+05  -4.9697838e+05
   2.9100000e+01   1.0531790e+05  -4.9822034e+05
   2.9200000e+01   1.0667626e+05  -4.7005266e+05
   2.9300000e+01   1.1864683e+05  -4.1176981e+05
   2.9400000e+01   1.4018116e+05  -3.3280066e+05
   2.9500000e+01   1.6363727e+05  -2.4995788e+05
   2.9600000e+01   1.7844170e+05  -1.7396392e+05
   2.9700000e+01   1.7681973e+05  -9.9594039e+04
   2.9800000e+01   1.5794055e+05  -1.3118865e+04
   2.9900000e+01   1.2811202e+05   8.8875094e+04
   3.0000000e+01   9.7270570e+04   1.8989955e+05
   3.0100000e+01   7.3590289e+04   2.6445569e+05
   3.0200000e+01   5.8457508e+04   2.9811409e+05
   3.0300000e+01   4.4616191e+04   2.9649847e+05
   3.0400000e+01   2.0117965e+04   2.7633394e+05
   3.0500000e+01  -2.2758566e+04   2.4997980e+05
   3.0600000e+01  -8.0079391e+04   2.1805486e+05
   3.0700000e+01  -1.3801616e+05   1.7357505e+05
   3.0800000e+01  -1.8400631e+05   1.1071652e+05
   3.0900000e+01  -2.1731906e+05   3.0902650e+04
   3.1000000e+01  -2.4806717e+05  -5.6126980e+04
   3.1100000e+01  -2.8518584e+05  -1.3559691e+05
   3.1200000e+01  -3.2602875e+05  -1.9404514e+05
   3.1300000e+01  -3.5874441e+05  -2.2599978e+05
   3.1400000e+01  -3.7435341e+05  -2.3641317e+05
   3.1500000e+01  -3.7470141e+05  -2.3588178e+05
   3.1600000e+01  -3.6780391e+05  -2.3128298e+05
   3.1700000e+01  -3.5707050e+05  -2.1918261e+05
   3.1800000e+01  -3.3747194e+05  -1.8807492e+05
   3.1900000e+01  -3.0238181e+05  -1.2857865e+05
   3.2000000e+01  -2.5157811e+05  -4.3836625e+04
   3.2100000e+01  -1.9027362e+05   4.8601695e+04
   3.2200000e+01  -1.2139548e+05   1.2592722e+05
   3.2300000e+01  -4.2524855e+04   1.7380230e+05
   3.2400000e+01   4.7119062e+04   1.9386252e+05
   3.2500000e+01   1.3807478e+05   1.9897800e+05
   3.2600000e+01   2.1264688e+05   2.0090412e+05
   3.2700000e+01   2.5793483e+05   2.0164136e+05
   3.2800000e+01   2.7665688e+05   1.9562652e+05
   3.2900000e+01   2.8367194e+05   1.7897216e+05
   3.3000000e+01   2.9125344e+05   1.5579825e+05
   3.3100000e+01   2.9819284e+05   1.3608873e+05
   3.3200000e+01   2.9335612e+05   1.2837589e+05
   3.3300000e+01   2.6893631e+05   1.3425375e+05
   3.3400000e+01   2.2953011e+05   1.4835719e+05
   3.3500000e+01   1.8909530e+05   1.6255922e+05
   3.3600000e+01   1.6047811e+05   1.7095733e+05
   3.3700000e+01   1.4755953e+05   1.7227417e+05
   3.3800000e+01   1.4494555e+05   1.6784703e+05
   3.3900000e+01   1.4301319e+05   1.5707050e+05
   3.4000000e+01   1.3430191e+05   1.3568994e+05
   3.4100000e+01   1.1868110e+05   1.0039586e+05
   3.4200000e+01   1.0469611e+05   5.5618047e+04
   3.4300000e+01   1.0452233e+05   1.4047697e+04
   3.4400000e+01   1.2434173e+05  -1.1642945e+04
   3.4500000e+01   1.5791603e+05  -1.8189053e+04
   3.4600000e+01   1.9006664e+05  -1.2970321e+04
   3.4700000e+01   2.0732692e+05  -7.1631675e+03
   3.4800000e+01   2.0575023e+05  -8.9492549e+03
   3.4900000e+01   1.8986333e+05  -2.2040371e+04
   3.5000000e+01   1.6656214e+05  -4.6806008e+04
   3.5100000e+01   1.4076775e+05  -7.9982727e+04
   3.5200000e+01   1.1408600e+05  -1.1445227e+05
   3.5300000e+01   8.3921516e+04  -1.4252978e+05
   3.5400000e+01   4.3865680e+04  -1.6084334e+05
   3.5500000e+01  -1.1287438e+04  -1.7107620e+05
   3.5600000e+01  -7.8190383e+04  -1.7570731e+05
   3.5700000e+01  -1.4402759e+05  -1.7480762e+05
   3.5800000e+01  -1.9603914e+05  -1.6822445e+05
   3.5900000e+01  -2.3272730e+05  -1.5913608e+05
   3.6000000e+01  -2.6405197e+05  -1.5249127e+05
   3.6100000e+01  -2.9976278e+05  -1.4949266e+05
   3.6200000e+01  -3.3858581e+05  -1.4600311e+05
   3.6300000e+01  -3.6950653e+05  -1.3816494e+05
   3.6400000e+01  -3.8236878e+05  -1.2846180e+05
   3.6500000e+01  -3.7586162e+05  -1.2412249e+05
   3.6600000e+01  -3.5593712e+05  -1.2949625e+05
   3.6700000e+01  -3.2847616e+05  -1.4177370e+05
   3.6800000e+01  -2.9416222e+05  -1.5488486e+05
   3.6900000e+01  -2.4938209e+05  -1.6599284e+05
   3.7000000e+01  -1.9131883e+05  -1.7645983e+05
   3.7100000e+01  -1.2288979e+05  -1.8692133e+05
   3.7200000e+01  -5.3637570e+04  -1.9324031e+05
   3.7300000e+01   4.6758877e+03  -1.8808359e+05
   3.7400000e+01   4.4848859e+04  -1.6592697e+05
   3.7500000e+01   6.7883031e+04  -1.2665585e+05
   3.7600000e+01   8.0463039e+04  -7.6028750e+04
   3.7700000e+01   8.9030508e+04  -2.4146555e+04
   3.7800000e+01   9.5969648e+04   1.7526105e+04
   3.7900000e+01   1.0019298e+05   4.0859609e+04
   3.8000000e+01   9.9650570e+04   4.5874625e+04
   3.8100000e+01   9.2706844e+04   4.2054605e+04
   3.8200000e+01   7.8405461e+04   4.4150711e+04
   3.8300000e+01   5.7281734e+04   6.4642895e+04
   3.8400000e+01   3.2546486e+04   1.0746069e+05
   3.8500000e+01   9.5704375e+03   1.6653492e+05
   3.8600000e+01  -7.0134629e+03   2.2991992e+05
   3.8700000e+01  -1.6216714e+04   2.8717512e+05
   3.8800000e+01  -2.0652396e+04   3.3521988e+05
   3.8900000e+01  -2.3418463e+04   3.7806353e+05
   3.9000000e+01  -2.4792801e+04   4.2040188e+05
   3.9100000e+01  -2.1755006e+04   4.6096462e+05
   3.9200000e+01  -1.0955348e+04   4.9214006e+05
   3.9300000e+01   6.9428984e+03   5.0597656e+05
   3.9400000e+01   2.5130711e+04   4.9997706e+05
   3.9500000e+01   3.3740680e+04   4.7691953e+05
   3.9600000e+01   2.7589000e+04   4.4012725e+05
   3.9700000e+01   1.2768453e+04   3.9038450e+05
   3.9800000e+01   4.7011753e+03   3.2770388e+05
   3.9900000e+01   1.6735889e+04   2.5464072e+05
   4.0000000e+01   4.8573141e+04   1.7593892e+05
   4.0100000e+01   8.6141055e+04   9.4128320e+04
   4.0200000e+01   1.1381598e+05   6.3655332e+03
   4.0300000e+01   1.2664505e+05  -9.2589664e+04
   4.0400000e+01   1.3033534e+05  -2.0296769e+05
   4.0500000e+01   1.3109023e+05  -3.1561819e+05
   4.0600000e+01   1.2868447e+05  -4.1623591e+05
   4.0700000e+01   1.2041721e+05  -4.9520838e+05
   4.0800000e+01   1.0867126e+05  -5.5371062e+05
   4.0900000e+01   1.0060608e+05  -5.9987788e+05
   4.1000000e+01   1.0022430e+05  -6.3906144e+05
   4.1100000e+01   1.0410728e+05  -6.6833050e+05
   4.1200000e+01   1.0705837e+05  -6.8033169e+05
   4.1300000e+01   1.0982497e+05  -6.7086738e+05
   4.1400000e+01   1.1777852e+05  -6.4073475e+05
   4.1500000e+01   1.3185122e+05  -5.9020456e+05
   4.1600000e+01   1.4424138e+05  -5.1446709e+05
   4.1700000e+01   1.4573227e+05  -4.0776531e+05
   4.1800000e+01   1.3602148e+05  -2.7287253e+05
   4.1900000e+01   1.2375648e+05  -1.2453664e+05
   4.2000000e+01   1.1567104e+05   1.8848656e+04
   4.2100000e+01   1.0819787e+05   1.4772148e+05
   4.2200000e+01   9.2216734e+04   2.6500844e+05
   4.2300000e+01   6.5341602e+04   3.7723244e+05
   4.2400000e+01   3.6547078e+04   4.8267241e+05
   4.2500000e+01   1.6866383e+04   5.6881719e+05
   4.2600000e+01   6.5442334e+03   6.2122656e+05
   4.2700000e+01  -6.5022529e+03   6.3462394e+05
   4.2800000e+01  -3.4777586e+04   6.1574538e+05
   4.2900000e+01  -7.8553273e+04   5.7594606e+05
   4.3000000e+01  -1.2551481e+05   5.2089862e+05
   4.3100000e+01  -1.6234755e+05   4.4696794e+05
   4.3200000e+01  -1.8619392e+05   3.4779091e+05
   4.3300000e+01  -2.0553669e+05   2.2514548e+05
   4.3400000e+01  -2.3111372e+05   9.3414805e+04
   4.3500000e+01  -2.6573697e+05  -2.7797793e+04
   4.3600000e+01  -3.0105584e+05  -1.2668980e+05
   4.3700000e+01  -3.2291700e+05  -2.0520739e+05
   4.3800000e+01  -3.2117091e+05  -2.7191478e+05
   4.3900000e+01  -2.9715988e+05  -3.2942578e+05
   4.4000000e+01  -2.6315581e+05  -3.6957300e+05
   4.4100000e+01  -2.3317458e+05  -3.8057481e+05
   4.4200000e+01  -2.1181398e+05  -3.5754866e+05
   4.4300000e+01  -1.9071392e+05  -3.0545147e+05
   4.4400000e+01  -1.5631706e+05  -2.3322388e+05
   4.4500000e+01  -1.0224204e+05  -1.4718148e+05
   4.4600000e+01  -3.5319414e+04  -5.0568301e+04
   4.4700000e+01   2.9173967e+04   5.1919500e+04
   4.4800000e+01   7.7568656e+04   1.5079455e+05
   4.4900000e+01   1.0462666e+05   2.3350133e+05
   4.5000000e+01   1.1393801e+05   2.8989966e+05
   4.5100000e+01   1.1442352e+05   3.1732797e+05
   4.5200000e+01   1.1586284e+05   3.2151212e+05
   4.5300000e+01   1.2429509e+05   3.1214603e+05
   4.5400000e+01   1.3863012e+05   2.9563056e+05
   4.5500000e+01   1.5149111e+05   2.7029756e+05
   4.5600000e+01   1.5509144e+05   2.2847175e+05
   4.5700000e+01   1.4749455e+05   1.6440119e+05
   4.5800000e+01   1.3314795e+05   8.1633336e+04
   4.5900000e+01   1.1750359e+05  -6.8391650e+03
   4.6000000e+01   1.0210693e+05  -8.6605562e+04
   4.6100000e+01   8.5363781e+04  -1.5194488e+05
   4.6200000e+01   6.6885383e+04  -2.0950650e+05
   4.6300000e+01   4.9384254e+04  -2.7171322e+05
   4.6400000e+01   3.5992824e+04  -3.4466003e+05
   4.6500000e+01   2.6682891e+04  -4.2067781e+05
   4.6600000e+01   1.7924150e+04  -4.8225462e+05
   4.6700000e+01   5.5927275e+03  -5.1390525e+05
   4.6800000e+01  -1.1748334e+04  -5.1149284e+05
   4.6900000e+01  -3.1488506e+04  -4.8167044e+05
   4.7000000e+01  -4.8207148e+04  -4.3389397e+05
   4.7100000e+01  -5.7055863e+04  -3.7340041e+05
   4.7200000e+01  -5.7253809e+04  -3.0048728e+05
   4.7300000e+01  -5.2431016e+04  -2.1452038e+05
   4.7400000e+01  -4.6705520e+04  -1.1792939e+05
   4.7500000e+01  -4.0280703e+04  -1.7186104e+04
   4.7600000e+01  -2.9834529e+04   7.9438828e+04
   4.7700000e+01  -1.3547089e+04   1.6587073e+05
   4.7800000e+01   5.5651436e+03   2.4125141e+05
   4.7900000e+01   2.2503988e+04   3.0893859e+05
   4.8000000e+01   3.5579098e+04   3.7103384e+05
   4.8100000e+01   4.6974645e+04   4.2258444e+05
   4.8200000e+01   5.8106223e+04   4.5142266e+05
   4.8300000e+01   6.6824625e+04   4.4550275e+05
   4.8400000e+01   7.0894297e+04   4.0267722e+05
   4.8500000e+01   7.2794844e+04   3.3463169e+05
   4.8600000e+01   7.8319039e+04   2.6073672e+05
   4.8700000e+01   8.9763633e+04   1.9606456e+05
   4.8800000e+01   1.0210352e+05   1.4351123e+05
   4.8900000e+01   1.0681101e+05   9.6946516e+04
   4.9000000e+01   9.8506594e+04   5.2046953e+04
   4.9100000e+01   7.7509203e+04   1.3578573e+04
   4.9200000e+01   4.8094113e+04  -8.5106074e+03
   4.9300000e+01   1.6837463e+04  -9.4969570e+03
   4.9400000e+01  -8.1538267e+03   5.3135366e+03
   4.9500000e+01  -2.0414172e+04   2.6801377e+04
   4.9600000e+01  -2.0518500e+04   5.1477387e+04
   4.9700000e+01  -1.7570730e+04   8.2579859e+04
   4.9800000e+01  -2.2723230e+04   1.2153350e+05
   4.9900000e+01  -3.9886133e+04   1.6018308e+05
   5.0000000e+01  -6.2960199e+04   1.8337292e+05
   5.0100000e+01  -8.1933875e+04   1.7965572e+05
   5.0200000e+01  -9.0777258e+04   1.4920267e+05
   5.0300000e+01  -8.9681977e+04   1.0152739e+05
   5.0400000e+01  -8.1864250e+04   4.6375801e+04
   5.0500000e+01  -7.0290742e+04  -1.2665709e+04
   5.0600000e+01  -5.7062785e+04  -7.6200453e+04
   5.0700000e+01  -4.3552047e+04  -1.4217730e+05
   5.0800000e+01  -2.9587393e+04  -2.0262033e+05
   5.0900000e+01  -1.3381592e+04  -2.4824291e+05
   5.1000000e+01   5.9467275e+03  -2.7621459e+05
   5.1100000e+01   2.5301875e+04  -2.9220806e+05
   5.1200000e+01   3.8016164e+04  -3.0383050e+05
   5.1300000e+01   3.8167176e+04  -3.1240225e+05
   5.1400000e+01   2.4570252e+04  -3.1208034e+05
   5.1500000e+01   8.1088055e+02  -2.9662191e+05
   5.1600000e+01  -2.7447051e+04  -2.6523059e+05
   5.1700000e+01  -5.4380672e+04  -2.2102838e+05
   5.1800000e+01  -7.4586727e+04  -1.6576412e+05
   5.1900000e+01  -8.4500094e+04  -9.9003227e+04
   5.2000000e+01  -8.4664688e+04  -2.3305281e+04
   5.2100000e+01  -7.9420328e+04   5.1818113e+04
   5.2200000e+01  -7.2478094e+04   1.1326809e+05
   5.2300000e+01  -6.2810660e+04   1.5187722e+05
   5.2400000e+01  -4.6562891e+04   1.6588003e+05
   5.2500000e+01  -2.3722758e+04   1.5756670e+05
   5.2600000e+01  -1.3106089e+03   1.2859923e+05
   5.2700000e+01   1.2242892e+04   8.0025922e+04
   5.2800000e+01   1.6293868e+04   1.6204057e+04
   5.2900000e+01   2.0094885e+04  -5.3031062e+04
   5.3000000e+01   3.4279801e+04  -1.1511965e+05
   5.3100000e+01   6.0096711e+04  -1.6011491e+05
   5.3200000e+01   8.7614891e+04  -1.8442877e+05
   5.3300000e+01   1.0461337e+05  -1.9107534e+05
   5.3400000e+01   1.0680803e+05  -1.8685675e+05
   5.3500000e+01   9.9492508e+04  -1.7781442e+05
   5.3600000e+01   9.0338812e+04  -1.6528130e+05
   5.3700000e+01   8.1924406e+04  -1.4568414e+05
   5.3800000e+01   7.1492836e+04  -1.1505443e+05
   5.3900000e+01   5.6807219e+04  -7.4441359e+04
   5.4000000e+01   4.0621867e+04  -3.0624350e+04
   5.4100000e+01   2.8659445e+04   8.8903086e+03
   5.4200000e+01   2.3687613e+04   4.1394531e+04
   5.4300000e+01   2.2566428e+04   6.9598383e+04
   5.4400000e+01   1.9454613e+04   9.7738680e+04
   5.4500000e+01   1.1202727e+04   1.2789895e+05
   5.4600000e+01  -1.2660957e+03   1.5937197e+05
   5.4700000e+01  -1.6452812e+04   1.8974827e+05
   5.4800000e+01  -3.5173781e+04   2.1582850e+05
   5.4900000e+01  -5.8163684e+04   2.3473684e+05
   5.5000000e+01  -8.1123430e+04   2.4594686e+05
   5.5100000e+01  -9.4674211e+04   2.5264617e+05
   5.5200000e+01  -9.1932133e+04   2.6016169e+05
   5.5300000e+01  -7.6897445e+04   2.7203228e+05
   5.5400000e+01  -6.3798387e+04   2.8718328e+05
   5.5500000e+01  -6.5566352e+04   3.0076041e+05
   5.5600000e+01  -8.1095211e+04   3.0765553e+05
   5.5700000e+01  -9.3921328e+04   3.0557462e+05
   5.5800000e+01  -8.5504797e+04   2.9540478e+05
   5.5900000e+01  -5.2430285e+04   2.7915972e+05
   5.6000000e+01  -1.1592272e+04   2.5763189e+05
   5.6100000e+01   1.2924945e+04   2.2973025e+05
   5.6200000e+01   1.0457643e+04   1.9353808e+05
   5.6300000e+01  -7.2952676e+03   1.4741264e+05
   5.6400000e+01  -1.8083873e+04   9.0124547e+04
   5.6500000e+01  -1.0798434e+04   2.1293262e+04
   5.6600000e+01   3.7487173e+03  -5.6453969e+04
   5.6700000e+01   3.1253628e+03  -1.3532864e+05
   5.6800000e+01  -2.5475959e+04  -2.0413706e+05
   5.6900000e+01  -7.2785367e+04  -2.5459989e+05
   5.7000000e+01  -1.1413919e+05  -2.8690597e+05
   5.7100000e+01  -1.2812714e+05  -3.0821272e+05
   5.7200000e+01  -1.1097612e+05  -3.2452694e+05
   5.7300000e+01  -7.6043922e+04  -3.3380669e+05
   5.7400000e+01  -4.1061371e+04  -3.2759731e+05
   5.7500000e+01  -1.5062811e+04  -3.0013506e+05
   5.7600000e+01   4.5967612e+03  -2.5626784e+05
   5.7700000e+01   2.4831041e+04  -2.1031716e+05
   5.7800000e+01   4.7890918e+04  -1.7621227e+05
   5.7900000e+01   6.9557547e+04  -1.5724433e+05
   5.8000000e+01   8.4554297e+04  -1.4448992e+05
   5.8100000e+01   9.2168164e+04  -1.2565870e+05
   5.8200000e+01   9.6619539e+04  -9.7045477e+04
   5.8300000e+01   1.0333832e+05  -6.8346734e+04
   5.8400000e+01   1.1542345e+05  -5.5940250e+04
   5.8500000e+01   1.3217973e+05  -6.9697992e+04
   5.8600000e+01   1.4922219e+05  -1.0363131e+05
   5.8700000e+01   1.6034780e+05  -1.3790648e+05
   5.8800000e+01   1.6165067e+05  -1.5146502e+05
   5.8900000e+01   1.5545430e+05  -1.3640312e+05
   5.9000000e+01   1.4968052e+05  -1.0307012e+05
   5.9100000e+01   1.5197448e+05  -7.1190742e+04
   5.9200000e+01   1.6382462e+05  -5.3668152e+04
   5.9300000e+01   1.8023833e+05  -4.6682461e+04
   5.9400000e+01   1.9441211e+05  -3.4713898e+04
   5.9500000e+01   2.0200881e+05  -5.6055303e+03
   5.9600000e+01   2.0158850e+05   3.8330012e+04
   5.9700000e+01   1.9264488e+05   8.2697086e+04
   5.9800000e+01   1.7409048e+05   1.1330327e+05
   5.9900000e+01   1.4392522e+05   1.2643612e+05
   6.0000000e+01   9.9789281e+04   1.2897998e+05
   6.0100000e+01   4.0952418e+04   1.3050098e+05
   6.0200000e+01  -2.8514721e+04   1.3560553e+05
   6.0300000e+01  -9.8565086e+04   1.4250933e+05
   6.0400000e+01  -1.5728608e+05   1.4710122e+05
   6.0500000e+01  -1.9836594e+05   1.4755322e+05
   6.0600000e+01  -2.2506869e+05   1.4543783e+05
   6.0700000e+01  -2.4640992e+05   1.4320259e+05
   6.0800000e+01  -2.6928194e+05   1.4097739e+05
   6.0900000e+01  -2.9419466e+05   1.3590848e+05
   6.1000000e+01  -3.1732734e+05   1.2479570e+05
   6.1100000e+01  -3.3440497e+05   1.0769428e+05
   6.1200000e+01  -3.4164184e+05   8.8819680e+04
   6.1300000e+01  -3.3492684e+05   7.3163344e+04
   6.1400000e+01  -3.1145322e+05   6.1554430e+04
   6.1500000e+01  -2.7361538e+05   4.9312566e+04
   6.1600000e+01  -2.2972316e+05   3.0635623e+04
   6.1700000e+01  -1.8831783e+05   4.6816011e+03
   6.1800000e+01  -1.5084150e+05  -2.3061338e+04
   6.1900000e+01  -1.1090371e+05  -4.5543754e+04
   6.2000000e+01  -6.2015770e+04  -5.9733566e+04
   6.2100000e+01  -6.1977148e+03  -6.7453359e+04
   6.2200000e+01   4.5842340e+04  -7.2174773e+04
   6.2300000e+01   8.3969484e+04  -7.6596648e+04
   6.2400000e+01   1.0857255e+05  -8.2787445e+04
   6.2500000e+01   1.3096720e+05  -9.1962219e+04
   6.2600000e+01   1.6247881e+05  -1.0205035e+05
   6.2700000e+01   2.0150428e+05  -1.0618198e+05
   6.2800000e+01   2.3136173e+05  -9.5850312e+04
   6.2900000e+01   2.3302481e+05  -6.6970367e+04
   6.3000000e+01   2.0226378e+05  -2.2866990e+04
   6.3100000e+01   1.5455212e+05   2.8695518e+04
   6.3200000e+01   1.1190923e+05   8.0981641e+04
   6.3300000e+01   8.4434758e+04   1.3102699e+05
   6.3400000e+01   6.5385699e+04   1.7836017e+05
   6.3500000e+01   4.3883598e+04   2.2234509e+05
   6.3600000e+01   1.9739957e+04   2.6076884e+05
   6.3700000e+01   3.4397686e+03   2.9007925e+05
   6.3800000e+01   2.6950801e+03   3.0643156e+05
   6.3900000e+01   1.2658367e+04   3.0683709e+05
   6.4000000e+01   2.1230824e+04   2.9004934e+05
   6.4100000e+01   2.2213590e+04   2.5704514e+05
   6.4200000e+01   2.0739660e+04   2.1113412e+05
   6.4300000e+01   2.6029545e+04   1.5744436e+05
   6.4400000e+01   4.1040180e+04   1.0115773e+05
   6.4500000e+01   5.9934426e+04   4.4809277e+04
   6.4600000e+01   7.3878000e+04  -1.2997957e+04
   6.4700000e+01   7.7699305e+04  -7.5098477e+04
   6.4800000e+01   7.1877211e+04  -1.4091723e+05
   6.4900000e+01   6.0476391e+04  -2.0445486e+05
   6.5000000e+01   4.8150777e+04  -2.5825203e+05
   6.5100000e+01   3.7815074e+04  -2.9953575e+05
   6.5200000e+01   2.9264248e+04  -3.3132416e+05
   6.5300000e+01   1.9384785e+04  -3.5687088e+05
   6.5400000e+01   4.5392402e+03  -3.7439884e+05
   6.5500000e+01  -1.6042605e+04  -3.7936169e+05
   6.5600000e+01  -3.8695656e+04  -3.7193178e+05
   6.5700000e+01  -5.7558719e+04  -3.5976700e+05
   6.5800000e+01  -6.9301180e+04  -3.5092450e+05
   6.5900000e+01  -7.6189328e+04  -3.4419966e+05
   6.6000000e+01  -8.4210055e+04  -3.2879909e+05
   6.6100000e+01  -9.7457172e+04  -2.9543322e+05
   6.6200000e+01  -1.1389840e+05  -2.4760073e+05
   6.6300000e+01  -1.2664342e+05  -2.0058048e+05
   6.6400000e+01  -1.2955283e+05  -1.6809902e+05
   6.6500000e+01  -1.2187877e+05  -1.4927444e+05
   6.6600000e+01  -1.0783500e+05  -1.2833387e+05
   6.6700000e+01  -9.2001703e+04  -8.7622688e+04
   6.6800000e+01  -7.5155570e+04  -2.2443379e+04
   6.6900000e+01  -5.4350793e+04   5.5070809e+04
   6.7000000e+01  -2.7059393e+04   1.2591923e+05
   6.7100000e+01   4.5320298e+03   1.7870747e+05
   6.7200000e+01   3.3376211e+04   2.1578888e+05
   6.7300000e+01   5.2370633e+04   2.4673009e+05
   6.7400000e+01   6.0188363e+04   2.7701897e+05
   6.7500000e+01   6.2736199e+04   3.0354331e+05
   6.7600000e+01   6.8585367e+04   3.1998403e+05
   6.7700000e+01   8.2316375e+04   3.2474128e+05
   6.7800000e+01   1.0155049e+05   3.2287950e+05
   6.7900000e+01   1.1975652e+05   3.2150925e+05
   6.8000000e+01   1.3165491e+05   3.2449334e+05
   6.8100000e+01   1.3625120e+05   3.3076372e+05
   6.8200000e+01   1.3538534e+05   3.3538375e+05
   6.8300000e+01   1.3008847e+05   3.3122078e+05
   6.8400000e+01   1.1888737e+05   3.1145594e+05
   6.8500000e+01   9.9777055e+04   2.7339672e+05
   6.8600000e+01   7.3395203e+04   2.2107348e+05
   6.8700000e+01   4.3713980e+04   1.6323016e+05
   6.8800000e+01   1.5852268e+04   1.0753179e+05
   6.8900000e+01  -5.9600337e+03   5.6279074e+04
   6.9000000e+01  -1.8556471e+04   7.5641523e+03
   6.9100000e+01  -2.0407145e+04  -4.0089387e+04
   6.9200000e+01  -1.4544551e+04  -8.4887414e+04
   6.9300000e+01  -1.0374896e+04  -1.2320373e+05
   6.9400000e+01  -1.8852889e+04  -1.5288498e+05
   6.9500000e+01  -4.2643887e+04  -1.7476605e+05
   6.9600000e+01  -7.1446258e+04  -1.9147898e+05
   6.9700000e+01  -8.9716312e+04  -2.0529853e+05
   6.9800000e+01  -9.0414664e+04  -2.1681275e+05
   6.9900000e+01  -8.0365719e+04  -2.2489202e+05
   7.0000000e+01  -7.1594398e+04  -2.2761870e+05
   7.0100000e+01  -6.8778578e+04  -2.2357016e+05
   7.0200000e+01  -6.6602742e+04  -2.1259233e+05
   7.0300000e+01  -5.8329508e+04  -1.9548189e+05
   7.0400000e+01  -4.4152449e+04  -1.7308067e+05
   7.0500000e+01  -2.9836750e+04  -1.4598225e+05
   7.0600000e+01  -1.8762412e+04  -1.1519497e+05
   7.0700000e+01  -7.7077642e+03  -8.2752828e+04
   7.0800000e+01   8.9192295e+03  -5.1378109e+04
   7.0900000e+01   3.1737613e+04  -2.3699939e+04
   7.1000000e+01   5.3919609e+04  -1.9668715e+03
   7.1100000e+01   6.5518711e+04   1.2111968e+04
   7.1200000e+01   5.9955730e+04   1.8527318e+04
   7.1300000e+01   3.7381680e+04   2.0606002e+04
   7.1400000e+01   3.6161631e+03   2.4525057e+04
   7.1500000e+01  -3.3180816e+04   3.5346742e+04
   7.1600000e+01  -6.5616547e+04   5.2496469e+04
   7.1700000e+01  -8.9025523e+04   6.9663492e+04
   7.1800000e+01  -1.0251631e+05   8.0169820e+04
   7.1900000e+01  -1.0918718e+05   8.2618789e+04
   7.2000000e+01  -1.1485997e+05   8.0796680e+04
   7.2100000e+01  -1.2482142e+05   7.8212695e+04
   7.2200000e+01  -1.3973597e+05   7.3971523e+04
   7.2300000e+01  -1.5375770e+05   6.5035129e+04
   7.2400000e+01  -1.5741470e+05   5.2106418e+04
   7.2500000e+01  -1.4430419e+05   4.1748188e+04
   7.2600000e+01  -1.1677716e+05   4.1381574e+04
   7.2700000e+01  -8.5583719e+04   5.1717852e+04
   7.2800000e+01  -6.2905602e+04   6.4229219e+04
   7.2900000e+01  -5.3860266e+04   6.6637594e+04
   7.3000000e+01  -5.3361062e+04   5.2087234e+04
   7.3100000e+01  -5.0991145e+04   2.4412297e+04
   7.3200000e+01  -3.9495398e+04  -4.8068105e+03
   7.3300000e+01  -1.9160668e+04  -2.4864135e+04
   7.3400000e+01   5.3864443e+03  -3.3040727e+04
   7.3500000e+01   3.1413271e+04  -3.4647000e+04
   7.3600000e+01   5.9821816e+04  -3.6992852e+04
   7.3700000e+01   9.0843500e+04  -4.3574578e+04
   7.3800000e+01   1.2014005e+05  -5.3568410e+04
   7.3900000e+01   1.4154441e+05  -6.5525211e+04
   7.4000000e+01   1.5390838e+05  -7.9799484e+04
   7.4100000e+01   1.6332531e+05  -9.6425305e+04
   7.4200000e+01   1.7694848e+05  -1.1124784e+05
   7.4300000e+01   1.9502100e+05  -1.1608008e+05
   7.4400000e+01   2.1036092e+05  -1.0469547e+05
   7.4500000e+01   2.1588533e+05  -7.9402977e+04
   7.4600000e+01   2.1164366e+05  -5.0676180e+04
   7.4700000e+01   2.0422014e+05  -2.8524043e+04
   7.4800000e+01   2.0042733e+05  -1.3442573e+04
   7.4900000e+01   2.0222512e+05   3.3286758e+03
   7.5000000e+01   2.0615984e+05   2.9455576e+04
   7.5100000e+01   2.0540459e+05   6.1351836e+04
   7.5200000e+01   1.9258722e+05   8.5272406e+04
   7.5300000e+01   1.6392827e+05   8.9362438e+04
   7.5400000e+01   1.2348846e+05   7.4794719e+04
   7.5500000e+01   8.2696219e+04   5.4882262e+04
   7.5600000e+01   5.2724129e+04   4.3221184e+04
   7.5700000e+01   3.5674102e+04   4.2566031e+04
   7.5800000e+01   2.3994420e+04   4.4683977e+04
   7.5900000e+01   9.2351914e+03   4.0187203e+04
   7.6000000e+01  -9.8463301e+03   2.7940123e+04
   7.6100000e+01  -2.9163752e+04   1.4982906e+04
   7.6200000e+01  -4.7951973e+04   8.0165332e+03
   7.6300000e+01  -7.2316047e+04   5.9623979e+03
   7.6400000e+01  -1.0832566e+05   1.4102043e+03
   7.6500000e+01  -1.5283086e+05  -1.0989812e+04
   7.6600000e+01  -1.9363283e+05  -2.8239611e+04
   7.6700000e+01  -2.1981898e+05  -4.0808867e+04
   7.6800000e+01  -2.3120391e+05  -3.9737320e+04
   7.6900000e+01  -2.3678416e+05  -2.2144965e+04
   7.7000000e+01  -2.4431780e+05   7.8358066e+03
   7.7100000e+01  -2.5257942e+05   4.1008035e+04
   7.7200000e+01  -2.5436778e+05   6.6740672e+04
   7.7300000e+01  -2.4621508e+05   7.8794258e+04
   7.7400000e+01  -2.3337147e+05   8.0688141e+04
   7.7500000e+01  -2.2416269e+05   8.3932820e+04
   7.7600000e+01  -2.2019314e+05   9.7113836e+04
   7.7700000e+01  -2.1392309e+05   1.1538405e+05
   7.7800000e+01  -1.9661436e+05   1.2313646e+05
   7.7900000e+01  -1.6733423e+05   1.0936431e+05
   7.8000000e+01  -1.3259898e+05   7.9549164e+04
   7.8100000e+01  -9.7839555e+04   5.0392305e+04
   7.8200000e+01  -6.1739836e+04   3.3167406e+04
   7.8300000e+01  -2.0359939e+04   2.4337455e+04
   7.8400000e+01   2.4610676e+04   1.2563697e+04
   7.8500000e+01   6.4222082e+04  -8.0035991e+03
   7.8600000e+01   8.9809047e+04  -3.3376820e+04
   7.8700000e+01   1.0138362e+05  -5.6474148e+04
   7.8800000e+01   1.0765320e+05  -7.4469055e+04
   7.8900000e+01   1.1753777e+05  -8.8845531e+04
   7.9000000e+01   1.3163909e+05  -1.0117632e+05
   7.9100000e+01   1.4194875e+05  -1.1135339e+05
   7.9200000e+01   1.4013108e+05  -1.1911090e+05
   7.9300000e+01   1.2645758e+05  -1.2493927e+05
   7.9400000e+01   1.1043104e+05  -1.2905985e+05
   7.9500000e+01   1.0205347e+05  -1.3105280e+05
   7.9600000e+01   1.0252652e+05  -1.3126614e+05
   7.9700000e+01   1.0428682e+05  -1.3133248e+05
   7.9800000e+01   1.0028067e+05  -1.3191372e+05
   7.9900000e+01   9.2039211e+04  -1.3049777e+05
   8.0000000e+01   8.7743734e+04  -1.2326365e+05
   8.0100000e+01   9.3183672e+04  -1.1000218e+05
   8.0200000e+01   1.0600562e+05  -9.6256406e+04
   8.0300000e+01   1.1855827e+05  -8.9043984e+04
   8.0400000e+01   1.2466281e+05  -8.9694742e+04
   8.0500000e+01   1.2307747e+05  -9.1168898e+04
   8.0600000e+01   1.1619530e+05  -8.3199414e+04
   8.0700000e+01   1.0751413e+05  -6.0854414e+04
   8.0800000e+01   1.0031995e+05  -2.8575477e+04
   8.0900000e+01   9.6849375e+04   3.9874839e+03
   8.1000000e+01   9.7090281e+04   3.0111490e+04
   8.1100000e+01   9.8356766e+04   5.0258707e+04
   8.1200000e+01   9.6908164e+04   6.9065594e+04
   8.1300000e+01   9.0671453e+04   8.9389000e+04
   8.1400000e+01   8.0503578e+04   1.1007277e+05
   8.1500000e+01   6.8444789e+04   1.2862648e+05
   8.1600000e+01   5.4293598e+04   1.4389172e+05
   8.1700000e+01   3.4100055e+04   1.5490434e+05
   8.1800000e+01   3.2923403e+03   1.5863977e+05
   8.1900000e+01  -3.7297836e+04   1.5176383e+05
   8.2000000e+01  -7.8571023e+04   1.3595109e+05
   8.2100000e+01  -1.0818606e+05   1.2015526e+05
   8.2200000e+01  -1.2062030e+05   1.1534745e+05
   8.2300000e+01  -1.2289729e+05   1.2582104e+05
   8.2400000e+01  -1.2929671e+05   1.4566198e+05
   8.2500000e+01  -1.4892856e+05   1.6380788e+05
   8.2600000e+01  -1.7769631e+05   1.7245577e+05
   8.2700000e+01  -2.0226941e+05   1.7119481e+05
   8.2800000e+01  -2.1187406e+05   1.6471941e+05
   8.2900000e+01  -2.0634977e+05   1.5810384e+05
   8.3000000e+01  -1.9358973e+05   1.5398180e+05
   8.3100000e+01  -1.8069789e+05   1.5209255e+05
   8.3200000e+01  -1.6859294e+05   1.4944000e+05
   8.3300000e+01  -1.5414047e+05   1.4084178e+05
   8.3400000e+01  -1.3489217e+05   1.2114595e+05
   8.3500000e+01  -1.1014794e+05   8.8589594e+04
   8.3600000e+01  -7.8900898e+04   4.6201809e+04
   8.3700000e+01  -4.0095477e+04  -5.7590808e+02
   8.3800000e+01   3.4204978e+03  -4.7581406e+04
   8.3900000e+01   4.2829973e+04  -9.3004586e+04
   8.4000000e+01   6.8002406e+04  -1.3560403e+05
   8.4100000e+01   7.5275961e+04  -1.7350119e+05
   8.4200000e+01   6.9897711e+04  -2.0541986e+05
   8.4300000e+01   6.0389789e+04  -2.3203716e+05
   8.4400000e+01   5.1394234e+04  -2.5478267e+05
   8.4500000e+01   4.2659117e+04  -2.7338875e+05
   8.4600000e+01   3.3808559e+04  -2.8553456e+05
   8.4700000e+01   2.7819439e+04  -2.8889594e+05
   8.4800000e+01   2.8599279e+04  -2.8255666e+05
   8.4900000e+01   3.5760836e+04  -2.6610744e+05
   8.5000000e+01   4.3104793e+04  -2.3847442e+05
   8.5100000e+01   4.3138230e+04  -1.9887845e+05
   8.5200000e+01   3.3599207e+04  -1.4917025e+05
   8.5300000e+01   2.0108715e+04  -9.4951555e+04
   8.5400000e+01   1.2714267e+04  -4.4358027e+04
   8.5500000e+01   1.9094168e+04  -5.2386504e+03
   8.5600000e+01   3.9435664e+04   1.8227824e+04
   8.5700000e+01   6.6534648e+04   2.7980621e+04
   8.5800000e+01   9.0986867e+04   3.1107221e+04
   8.5900000e+01   1.0766941e+05   3.4579285e+04
   8.6000000e+01   1.1836988e+05   3.9517664e+04
   8.6100000e+01   1.2810845e+05   4.0849152e+04
   8.6200000e+01   1.3832203e+05   3.3132156e+04
   8.6300000e+01   1.4382464e+05   1.6239894e+04
   8.6400000e+01   1.3751122e+05  -5.2095010e+03
   8.6500000e+01   1.1861867e+05  -2.7003445e+04
   8.6600000e+01   9.5391656e+04  -4.8087973e+04
   8.6700000e+01   7.7985883e+04  -6.7942445e+04
   8.6800000e+01   6.8270438e+04  -8.3120070e+04
   8.6900000e+01   5.7697008e+04  -8.8333484e+04
   8.7000000e+01   3.6296805e+04  -8.0924859e+04
   8.7100000e+01   3.5090127e+03  -6.2869977e+04
   8.7200000e+01  -3.0814145e+04  -3.7836895e+04
   8.7300000e+01  -5.6095320e+04  -7.3579902e+03
   8.7400000e+01  -7.0633398e+04   2.9012922e+04
   8.7500000e+01  -8.1167562e+04   7.0471703e+04
   8.7600000e+01  -9.4276477e+04   1.1385580e+05
   8.7700000e+01  -1.1011198e+05   1.5658525e+05
   8.7800000e+01  -1.2482166e+05   1.9918338e+05
   8.7900000e+01  -1.3714427e+05   2.4266197e+05
   8.8000000e+01  -1.5036116e+05   2.8327259e+05
   8.8100000e+01  -1.6723606e+05   3.1220103e+05
   8.8200000e+01  -1.8403423e+05   3.2262944e+05
   8.8300000e+01  -1.9049589e+05   3.1666150e+05
   8.8400000e+01  -1.7628869e+05   3.0321184e+05
   8.8500000e+01  -1.3876836e+05   2.8835441e+05
   8.8600000e+01  -8.6448797e+04   2.6916116e+05
   8.8700000e+01  -3.5621914e+04   2.3815052e+05
   8.8800000e+01  -1.2926555e+03   1.9273253e+05
   8.8900000e+01   1.2573955e+04   1.3866364e+05
   8.9000000e+01   1.6193490e+04   8.4758094e+04
   8.9100000e+01   2.6383219e+04   3.6418676e+04
   8.9200000e+01   5.3018352e+04  -5.1002051e+03
   8.9300000e+01   9.0962797e+04  -3.9663699e+04
   8.9400000e+01   1.2491458e+05  -6.7408703e+04
   8.9500000e+01   1.4242950e+05  -9.0609016e+04
   8.9600000e+01   1.4278658e+05  -1.1338853e+05
   8.9700000e+01   1.3460330e+05  -1.3755223e+05
   8.9800000e+01   1.2678424e+05  -1.5963339e+05
   8.9900000e+01   1.2235640e+05  -1.7411056e+05
   9.0000000e+01   1.1910562e+05  -1.7994672e+05
   9.0100000e+01   1.1327775e+05  -1.8268023e+05
   9.0200000e+01   1.0173333e+05  -1.8923881e+05
   9.0300000e+01   8.2400648e+04  -2.0122864e+05
   9.0400000e+01   5.5246391e+04  -2.1383870e+05
   9.0500000e+01   2.3773258e+04  -2.2056411e+05
   9.0600000e+01  -5.2790571e+03  -2.1790212e+05
   9.0700000e+01  -2.5016287e+04  -2.0584409e+05
   9.0800000e+01  -3.2251100e+04  -1.8577838e+05
   9.0900000e+01  -2.9448416e+04  -1.5960891e+05
   9.1000000e+01  -2.3853939e+04  -1.3081992e+05
   9.1100000e+01  -2.4420883e+04  -1.0486898e+05
   9.1200000e+01  -3.7424906e+04  -8.6859773e+04
   9.1300000e+01  -6.2309215e+04  -7.7718227e+04
   9.1400000e+01  -9.0628266e+04  -7.2317484e+04
   9.1500000e+01  -1.1033924e+05  -6.2155613e+04
   9.1600000e+01  -1.1359920e+05  -4.1783906e+04
   9.1700000e+01  -1.0206022e+05  -1.4344642e+04
   9.1800000e+01  -8.4746867e+04   9.3440234e+03
   9.1900000e+01  -7.0211359e+04   1.9188072e+04
   9.2000000e+01  -6.0277301e+04   1.5239714e+04
   9.2100000e+01  -5.1003406e+04   8.9218740e+03
   9.2200000e+01  -3.9048113e+04   1.3754812e+04
   9.2300000e+01  -2.6382602e+04   3.4035121e+04
   9.2400000e+01  -1.8649459e+04   6.2415711e+04
   9.2500000e+01  -1.9264941e+04   8.7870508e+04
   9.2600000e+01  -2.5178160e+04   1.0477773e+05
   9.2700000e+01  -2.7882381e+04   1.1433322e+05
   9.2800000e+01  -1.8468105e+04   1.1964826e+05
   9.2900000e+01   6.9309355e+03   1.2234424e+05
   9.3000000e+01   4.4353719e+04   1.2395030e+05
   9.3100000e+01   8.3452570e+04   1.2765247e+05
   9.3200000e+01   1.1293457e+05   1.3594764e+05
   9.3300000e+01   1.2699563e+05   1.4667672e+05
   9.3400000e+01   1.2774197e+05   1.5338962e+05
   9.3500000e+01   1.2107998e+05   1.5105328e+05
   9.3600000e+01   1.0995664e+05   1.4126831e+05
   9.3700000e+01   9.2227844e+04   1.3105302e+05
   9.3800000e+01   6.5511746e+04   1.2593027e+05
   9.3900000e+01   3.2915188e+04   1.2408990e+05
   9.4000000e+01   2.0812021e+03   1.1764930e+05
   9.4100000e+01  -2.1760293e+04   1.0022502e+05
   9.4200000e+01  -4.0220930e+04   7.3453391e+04
   9.4300000e+01  -5.8040715e+04   4.5399965e+04
   9.4400000e+01  -7.5894062e+04   2.1855100e+04
   9.4500000e+01  -8.8872656e+04  -2.1696924e+02
   9.4600000e+01  -9.2712055e+04  -2.9066146e+04
   9.4700000e+01  -9.0198430e+04  -6.7425547e+04
   9.4800000e+01  -8.9920484e+04  -1.0653252e+05
   9.4900000e+01  -9.8395805e+04  -1.3230303e+05
   9.5000000e+01  -1.1368317e+05  -1.3764634e+05
   9.5100000e+01  -1.2649097e+05  -1.2814297e+05
   9.5200000e+01  -1.2730909e+05  -1.1592212e+05
   9.5300000e+01  -1.1344165e+05  -1.0908424e+05
   9.5400000e+01  -9.0956539e+04  -1.0717595e+05
   9.5500000e+01  -7.0655477e+04  -1.0519930e+05
   9.5600000e+01  -6.0960324e+04  -1.0010155e+05
   9.5700000e+01  -6.2606820e+04  -9.3314992e+04
   9.5800000e+01  -6.9016461e+04  -8.8483773e+04
   9.5900000e+01  -7.1914367e+04  -8.7746047e+04
   9.6000000e+01  -6.7230742e+04  -8.9859195e+04
   9.6100000e+01  -5.6240578e+04  -9.1278703e+04
   9.6200000e+01  -4.1918609e+04  -8.9285953e+04
   9.6300000e+01  -2.5351453e+04  -8.4799945e+04
   9.6400000e+01  -6.3168657e+03  -8.2188430e+04
   9.6500000e+01   1.3213588e+04  -8.5292359e+04
   9.6600000e+01   2.7558832e+04  -9.2284984e+04
   9.6700000e+01   3.0551789e+04  -9.4001719e+04
   9.6800000e+01   2.0888791e+04  -7.8637188e+04
   9.6900000e+01   4.3577534e+03  -4.0731168e+04
   9.7000000e+01  -9.6189033e+03   1.2418320e+04
   9.7100000e+01  -1.4590846e+04   6.3763820e+04
   9.7200000e+01  -1.1510918e+04   9.8724109e+04
   9.7300000e+01  -7.3112656e+03   1.1676416e+05
   9.7400000e+01  -8.5580020e+03   1.3051707e+05
   9.7500000e+01  -1.5268228e+04   1.5167403e+05
   9.7600000e+01  -2.0355406e+04   1.7747731e+05
   9.7700000e+01  -1.5754579e+04   1.9262477e+05
   9.7800000e+01  -9.4909180e+01   1.8500109e+05
   9.7900000e+01   1.9353166e+04   1.5785209e+05
   9.8000000e+01   3.2762383e+04   1.2526654e+05
   9.8100000e+01   3.6359504e+04   9.7511578e+04
   9.8200000e+01   3.5525062e+04   7.3643523e+04
   9.8300000e+01   3.9894527e+04   4.8091477e+04
   9.8400000e+01   5.5444066e+04   2.0535725e+04
   9.8500000e+01   8.0177234e+04  -3.5298660e+03
   9.8600000e+01   1.0556398e+05  -2.0391486e+04
   9.8700000e+01   1.2146626e+05  -3.2737461e+04
   9.8800000e+01   1.2160615e+05  -4.5797566e+04
   9.8900000e+01   1.0741396e+05  -6.0929617e+04
   9.9000000e+01   8.7931383e+04  -7.4631930e+04
   9.9100000e+01   7.4389383e+04  -8.3066797e+04
   9.9200000e+01   7.2262125e+04  -8.5964766e+04
   9.9300000e+01   7.7382352e+04  -8.5960672e+04
   9.9400000e+01   8.0227766e+04  -8.5197812e+04
   9.9500000e+01   7.4598531e+04  -8.3210281e+04
   9.9600000e+01   6.2127941e+04  -7.7781242e+04
   9.9700000e+01   4.8533266e+04  -6.7428367e+04
   9.9800000e+01   3.6696594e+04  -5.3031793e+04
   9.9900000e+01   2.4990262e+04  -3.7044781e+04
   1.0000000e+02   1.2003566e+04  -2.1138324e+04
