   1.1851270e+02   3.6301420e+01   1.8450000e+02
   1.1856819e+02   3.6450339e+01   1.7570000e+02
   0.0000000e+00  -1.7907785e+06  -1.7907785e+06
   1.0000000e-01  -1.5969698e+06  -1.9245675e+06
   2.0000000e-01  -1.3628344e+06  -1.9744968e+06
   3.0000000e-01  -1.1139769e+06  -1.9134781e+06
   4.0000000e-01  -8.8134506e+05  -1.7299755e+06
   5.0000000e-01  -6.8528344e+05  -1.4442012e+06
   6.0000000e-01  -5.2242316e+05  -1.1001172e+06
   7.0000000e-01  -3.7108275e+05  -7.4104694e+05
   8.0000000e-01  -2.0813045e+05  -3.9693838e+05
   9.0000000e-01  -1.9162674e+04  -9.3323961e+04
   1.0000000e+00   2.0303133e+05   1.3981950e+05
   1.1000000e+00   4.6113806e+05   2.8066816e+05
   1.2000000e+00   7.5045294e+05   3.3637262e+05
   1.3000000e+00   1.0580360e+06   3.3935756e+05
   1.4000000e+00   1.3714326e+06   3.1471669e+05
   1.5000000e+00   1.6884618e+06   2.5604584e+05
   1.6000000e+00   2.0120799e+06   1.4250134e+05
   1.7000000e+00   2.3303400e+06  -2.1718811e+04
   1.8000000e+00   2.6024738e+06  -1.9606872e+05
   1.9000000e+00   2.7696522e+06  -3.3659053e+05
   2.0000000e+00   2.7834452e+06  -4.3045431e+05
   2.1000000e+00   2.6265308e+06  -4.8642597e+05
   2.2000000e+00   2.3101608e+06  -4.9635394e+05
   2.3000000e+00   1.8576619e+06  -4.2609084e+05
   2.4000000e+00   1.2936278e+06  -2.5669909e+05
   2.5000000e+00   6.4611531e+05  -2.3966633e+04
   2.6000000e+00  -4.6848266e+04   2.0359661e+05
   2.7000000e+00  -7.3645725e+05   3.9160162e+05
   2.8000000e+00  -1.3681994e+06   5.7018025e+05
   2.9000000e+00  -1.8879086e+06   7.8416119e+05
   3.0000000e+00  -2.2481992e+06   1.0198884e+06
   3.1000000e+00  -2.4181378e+06   1.2023270e+06
   3.2000000e+00  -2.3942015e+06   1.2748719e+06
   3.3000000e+00  -2.2039502e+06   1.2697704e+06
   3.4000000e+00  -1.8964739e+06   1.2804595e+06
   3.5000000e+00  -1.5244540e+06   1.3610409e+06
   3.6000000e+00  -1.1295602e+06   1.4668844e+06
   3.7000000e+00  -7.3804125e+05   1.5040744e+06
   3.8000000e+00  -3.6358612e+05   1.4276158e+06
   3.9000000e+00  -1.1104371e+04   1.2736364e+06
   4.0000000e+00   3.2012997e+05   1.0952301e+06
   4.1000000e+00   6.3157138e+05   8.8974175e+05
   4.2000000e+00   9.1924331e+05   6.1106288e+05
   4.3000000e+00   1.1712839e+06   2.4937277e+05
   4.4000000e+00   1.3717822e+06  -1.2593659e+05
   4.5000000e+00   1.5061644e+06  -4.1839584e+05
   4.6000000e+00   1.5617189e+06  -5.9142612e+05
   4.7000000e+00   1.5245809e+06  -6.8809350e+05
   4.8000000e+00   1.3814255e+06  -7.6538519e+05
   4.9000000e+00   1.1291705e+06  -8.2621612e+05
   5.0000000e+00   7.8395288e+05  -8.2805825e+05
   5.1000000e+00   3.7788759e+05  -7.5002038e+05
   5.2000000e+00  -5.5309336e+04  -6.3349875e+05
   5.3000000e+00  -4.9110353e+05  -5.5039462e+05
   5.4000000e+00  -9.0993875e+05  -5.4011931e+05
   5.5000000e+00  -1.2847699e+06  -5.8570806e+05
   5.6000000e+00  -1.5784006e+06  -6.4568662e+05
   5.7000000e+00  -1.7584238e+06  -6.9595625e+05
   5.8000000e+00  -1.8166191e+06  -7.3687612e+05
   5.9000000e+00  -1.7725681e+06  -7.7153856e+05
   6.0000000e+00  -1.6570004e+06  -7.9255094e+05
   6.1000000e+00  -1.4912774e+06  -7.9243856e+05
   6.2000000e+00  -1.2818811e+06  -7.7517456e+05
   6.3000000e+00  -1.0309194e+06  -7.4692269e+05
   6.4000000e+00  -7.4682844e+05  -6.9963756e+05
   6.5000000e+00  -4.4244819e+05  -6.1746831e+05
   6.6000000e+00  -1.2487024e+05  -5.0440525e+05
   6.7000000e+00   2.0856339e+05  -3.9418175e+05
   6.8000000e+00   5.6171438e+05  -3.1839309e+05
   6.9000000e+00   9.2655825e+05  -2.6509422e+05
   7.0000000e+00   1.2773579e+06  -1.8232564e+05
   7.1000000e+00   1.5754669e+06  -3.0811113e+04
   7.2000000e+00   1.7797954e+06   1.7266566e+05
   7.3000000e+00   1.8576702e+06   3.7128003e+05
   7.4000000e+00   1.7937918e+06   5.2218303e+05
   7.5000000e+00   1.5947849e+06   6.2507950e+05
   7.6000000e+00   1.2859629e+06   7.0050088e+05
   7.7000000e+00   9.0109856e+05   7.5474375e+05
   7.8000000e+00   4.7246062e+05   7.7325438e+05
   7.9000000e+00   2.8334379e+04   7.3892481e+05
   8.0000000e+00  -4.0287981e+05   6.4688412e+05
   8.1000000e+00  -7.8962375e+05   5.0724406e+05
   8.2000000e+00  -1.1001706e+06   3.4583909e+05
   8.3000000e+00  -1.3088444e+06   2.0060408e+05
   8.4000000e+00  -1.3999516e+06   1.0204388e+05
   8.5000000e+00  -1.3685125e+06   5.0042711e+04
   8.6000000e+00  -1.2210429e+06   1.9439145e+04
   8.7000000e+00  -9.7750144e+05  -2.5961328e+03
   8.8000000e+00  -6.7085100e+05   7.8399785e+03
   8.9000000e+00  -3.4084041e+05   8.5274328e+04
   9.0000000e+00  -2.4061172e+04   2.2463405e+05
   9.1000000e+00   2.5357834e+05   3.6922572e+05
   9.2000000e+00   4.7796422e+05   4.5481053e+05
   9.3000000e+00   6.4330669e+05   4.6016991e+05
   9.4000000e+00   7.4912744e+05   4.1104519e+05
   9.5000000e+00   8.0042494e+05   3.4286488e+05
   9.6000000e+00   8.0886031e+05   2.6908666e+05
   9.7000000e+00   7.9071575e+05   1.8235184e+05
   9.8000000e+00   7.6060719e+05   7.3670297e+04
   9.9000000e+00   7.2534594e+05  -5.6155328e+04
   1.0000000e+01   6.8367962e+05  -1.9865436e+05
   1.0100000e+01   6.3233512e+05  -3.4242866e+05
   1.0200000e+01   5.7209831e+05  -4.7192228e+05
   1.0300000e+01   5.0755850e+05  -5.6281862e+05
   1.0400000e+01   4.4138522e+05  -5.8457138e+05
   1.0500000e+01   3.7024269e+05  -5.1827459e+05
   1.0600000e+01   2.8723409e+05  -3.8137709e+05
   1.0700000e+01   1.8809175e+05  -2.3174814e+05
   1.0800000e+01   7.4622219e+04  -1.3206067e+05
   1.0900000e+01  -4.7107094e+04  -9.8462141e+04
   1.1000000e+01  -1.7064950e+05  -8.8678102e+04
   1.1100000e+01  -2.9124616e+05  -5.2305652e+04
   1.1200000e+01  -4.0570303e+05   6.3844077e+03
   1.1300000e+01  -5.1187578e+05   2.6530752e+04
   1.1400000e+01  -6.0845012e+05  -4.2970730e+04
   1.1500000e+01  -6.9426438e+05  -1.8328998e+05
   1.1600000e+01  -7.6702400e+05  -3.2086356e+05
   1.1700000e+01  -8.2254912e+05  -3.9844588e+05
   1.1800000e+01  -8.5557900e+05  -4.1995747e+05
   1.1900000e+01  -8.6184344e+05  -4.2528034e+05
   1.2000000e+01  -8.4010200e+05  -4.3568256e+05
   1.2100000e+01  -7.9278150e+05  -4.3501247e+05
   1.2200000e+01  -7.2463325e+05  -3.9623338e+05
   1.2300000e+01  -6.4024369e+05  -3.0876747e+05
   1.2400000e+01  -5.4227169e+05  -1.7559208e+05
   1.2500000e+01  -4.3163728e+05   1.5540322e+03
   1.2600000e+01  -3.0906028e+05   2.1843300e+05
   1.2700000e+01  -1.7667245e+05   4.5179878e+05
   1.2800000e+01  -3.9588742e+04   6.6145356e+05
   1.2900000e+01   9.2273102e+04   8.1797750e+05
   1.3000000e+01   2.0388411e+05   9.2437250e+05
   1.3100000e+01   2.7942406e+05   1.0031666e+06
   1.3200000e+01   3.1089475e+05   1.0636092e+06
   1.3300000e+01   3.0478734e+05   1.0885889e+06
   1.3400000e+01   2.7992069e+05   1.0546640e+06
   1.3500000e+01   2.5700764e+05   9.5694200e+05
   1.3600000e+01   2.4856700e+05   8.0822156e+05
   1.3700000e+01   2.5717091e+05   6.1899581e+05
   1.3800000e+01   2.8129794e+05   3.8971531e+05
   1.3900000e+01   3.2104584e+05   1.2688125e+05
   1.4000000e+01   3.7771181e+05  -1.4078794e+05
   1.4100000e+01   4.4865850e+05  -3.7210691e+05
   1.4200000e+01   5.2370447e+05  -5.4186481e+05
   1.4300000e+01   5.8741262e+05  -6.5627588e+05
   1.4400000e+01   6.2591594e+05  -7.3868231e+05
   1.4500000e+01   6.3279294e+05  -8.0247275e+05
   1.4600000e+01   6.0938719e+05  -8.3981669e+05
   1.4700000e+01   5.6007525e+05  -8.3480162e+05
   1.4800000e+01   4.8771703e+05  -7.8457081e+05
   1.4900000e+01   3.9395372e+05  -7.0744081e+05
   1.5000000e+01   2.8326169e+05  -6.3135231e+05
   1.5100000e+01   1.6520798e+05  -5.7276406e+05
   1.5200000e+01   5.1792715e+04  -5.2359962e+05
   1.5300000e+01  -4.6845609e+04  -4.5851741e+05
   1.5400000e+01  -1.2334422e+05  -3.5856866e+05
   1.5500000e+01  -1.7110258e+05  -2.3107331e+05
   1.5600000e+01  -1.8467498e+05  -1.0627797e+05
   1.5700000e+01  -1.6454289e+05  -1.2988848e+04
   1.5800000e+01  -1.2078442e+05   4.3003422e+04
   1.5900000e+01  -6.9661922e+04   7.7295789e+04
   1.6000000e+01  -2.5647033e+04   1.0691573e+05
   1.6100000e+01   2.4237041e+03   1.3440830e+05
   1.6200000e+01   7.9405479e+03   1.4932627e+05
   1.6300000e+01  -1.6732035e+04   1.4003895e+05
   1.6400000e+01  -7.5431312e+04   1.0278805e+05
   1.6500000e+01  -1.5907155e+05   4.5080148e+04
   1.6600000e+01  -2.4466997e+05  -1.3115154e+04
   1.6700000e+01  -3.0777850e+05  -4.2837219e+04
   1.6800000e+01  -3.3812703e+05  -1.9953059e+04
   1.6900000e+01  -3.4373466e+05   5.6593543e+04
   1.7000000e+01  -3.4104188e+05   1.6031580e+05
   1.7100000e+01  -3.4276188e+05   2.5575972e+05
   1.7200000e+01  -3.5464278e+05   3.2429247e+05
   1.7300000e+01  -3.7974122e+05   3.7090297e+05
   1.7400000e+01  -4.2079031e+05   4.0640916e+05
   1.7500000e+01  -4.7650844e+05   4.2787216e+05
   1.7600000e+01  -5.3735381e+05   4.2110859e+05
   1.7700000e+01  -5.8744600e+05   3.8127919e+05
   1.7800000e+01  -6.1174350e+05   3.2530341e+05
   1.7900000e+01  -6.0164594e+05   2.8031200e+05
   1.8000000e+01  -5.5474950e+05   2.6115098e+05
   1.8100000e+01  -4.7131041e+05   2.6133933e+05
   1.8200000e+01  -3.5281644e+05   2.6410097e+05
   1.8300000e+01  -2.0456611e+05   2.5758127e+05
   1.8400000e+01  -3.8820129e+04   2.3796719e+05
   1.8500000e+01   1.2643478e+05   2.0245634e+05
   1.8600000e+01   2.7411578e+05   1.4567955e+05
   1.8700000e+01   3.9512331e+05   6.5392312e+04
   1.8800000e+01   4.8918266e+05  -3.0856371e+04
   1.8900000e+01   5.5847362e+05  -1.2793905e+05
   1.9000000e+01   6.0129056e+05  -2.1255217e+05
   1.9100000e+01   6.1391019e+05  -2.7920150e+05
   1.9200000e+01   5.9944162e+05  -3.2683350e+05
   1.9300000e+01   5.7276575e+05  -3.5196053e+05
   1.9400000e+01   5.5333712e+05  -3.4838097e+05
   1.9500000e+01   5.5108312e+05  -3.1508503e+05
   1.9600000e+01   5.5912481e+05  -2.6275566e+05
   1.9700000e+01   5.6008806e+05  -2.0927862e+05
   1.9800000e+01   5.3893475e+05  -1.6703420e+05
   1.9900000e+01   4.9088162e+05  -1.3533220e+05
   2.0000000e+01   4.2090438e+05  -1.0662366e+05
   2.0100000e+01   3.3914275e+05  -7.9322391e+04
   2.0200000e+01   2.5557619e+05  -6.1861477e+04
   2.0300000e+01   1.7391003e+05  -6.2713996e+04
   2.0400000e+01   8.7241125e+04  -7.8051797e+04
   2.0500000e+01  -1.7877107e+04  -9.2067289e+04
   2.0600000e+01  -1.4775856e+05  -9.0573492e+04
   2.0700000e+01  -2.8944494e+05  -7.3584703e+04
   2.0800000e+01  -4.1413284e+05  -5.4313070e+04
   2.0900000e+01  -4.9592266e+05  -4.7060656e+04
   2.1000000e+01  -5.2905519e+05  -5.6819160e+04
   2.1100000e+01  -5.2794394e+05  -7.8802203e+04
   2.1200000e+01  -5.1211659e+05  -1.0456524e+05
   2.1300000e+01  -4.9173425e+05  -1.2666646e+05
   2.1400000e+01  -4.6478591e+05  -1.3900938e+05
   2.1500000e+01  -4.2339256e+05  -1.3630288e+05
   2.1600000e+01  -3.6074809e+05  -1.1573126e+05
   2.1700000e+01  -2.7493544e+05  -7.9206531e+04
   2.1800000e+01  -1.7058402e+05  -3.2821723e+04
   2.1900000e+01  -5.8251539e+04   1.6551549e+04
   2.2000000e+01   4.9918348e+04   6.4283738e+04
   2.2100000e+01   1.4621659e+05   1.0859527e+05
   2.2200000e+01   2.2956188e+05   1.5010597e+05
   2.2300000e+01   3.0164016e+05   1.9196352e+05
   2.2400000e+01   3.6170875e+05   2.3921748e+05
   2.2500000e+01   4.0609447e+05   2.9518362e+05
   2.2600000e+01   4.3205391e+05   3.5632850e+05
   2.2700000e+01   4.4005372e+05   4.1099388e+05
   2.2800000e+01   4.3100175e+05   4.4503128e+05
   2.2900000e+01   4.0202116e+05   4.5054469e+05
   2.3000000e+01   3.4684766e+05   4.3021088e+05
   2.3100000e+01   2.6187073e+05   3.9349197e+05
   2.3200000e+01   1.5236614e+05   3.4825381e+05
   2.3300000e+01   3.2727406e+04   2.9451856e+05
   2.3400000e+01  -8.0091758e+04   2.2425856e+05
   2.3500000e+01  -1.7473092e+05   1.2630586e+05
   2.3600000e+01  -2.4874884e+05  -6.9376987e+03
   2.3700000e+01  -3.0499144e+05  -1.7381941e+05
   2.3800000e+01  -3.4494612e+05  -3.6049300e+05
   2.3900000e+01  -3.6565953e+05  -5.4218012e+05
   2.4000000e+01  -3.6333312e+05  -6.8978000e+05
   2.4100000e+01  -3.3996356e+05  -7.8054738e+05
   2.4200000e+01  -3.0592797e+05  -8.0726050e+05
   2.4300000e+01  -2.7510766e+05  -7.7850569e+05
   2.4400000e+01  -2.5642105e+05  -7.0813756e+05
   2.4500000e+01  -2.4885212e+05  -6.0228994e+05
   2.4600000e+01  -2.4327036e+05  -4.5681591e+05
   2.4700000e+01  -2.2853564e+05  -2.6900000e+05
   2.4800000e+01  -1.9769878e+05  -5.1796621e+04
   2.4900000e+01  -1.5212316e+05   1.6586164e+05
   2.5000000e+01  -1.0229204e+05   3.5543562e+05
   2.5100000e+01  -6.3277195e+04   5.0621966e+05
   2.5200000e+01  -4.5036160e+04   6.2624700e+05
   2.5300000e+01  -4.3933215e+04   7.2648950e+05
   2.5400000e+01  -4.4536742e+04   8.0546706e+05
   2.5500000e+01  -3.2767098e+04   8.4919169e+05
   2.5600000e+01  -8.7830723e+03   8.4356450e+05
   2.5700000e+01   1.4194176e+04   7.8431712e+05
   2.5800000e+01   2.5063076e+04   6.7594150e+05
   2.5900000e+01   2.8167773e+04   5.2531044e+05
   2.6000000e+01   3.9916562e+04   3.3968119e+05
   2.6100000e+01   7.1766766e+04   1.2961444e+05
   2.6200000e+01   1.1741159e+05  -9.0506234e+04
   2.6300000e+01   1.5703567e+05  -3.0732994e+05
   2.6400000e+01   1.7344570e+05  -5.1241216e+05
   2.6500000e+01   1.6444097e+05  -6.9887856e+05
   2.6600000e+01   1.4239662e+05  -8.5497850e+05
   2.6700000e+01   1.2480950e+05  -9.6438425e+05
   2.6800000e+01   1.2410955e+05  -1.0148491e+06
   2.6900000e+01   1.4115452e+05  -1.0049209e+06
   2.7000000e+01   1.6400972e+05  -9.3980638e+05
   2.7100000e+01   1.7430970e+05  -8.2179738e+05
   2.7200000e+01   1.6058548e+05  -6.4900488e+05
   2.7300000e+01   1.2954196e+05  -4.2598069e+05
   2.7400000e+01   1.0320697e+05  -1.7322192e+05
   2.7500000e+01   1.0115085e+05   7.8356883e+04
   2.7600000e+01   1.2321412e+05   3.0428703e+05
   2.7700000e+01   1.4979720e+05   4.9648756e+05
   2.7800000e+01   1.5937477e+05   6.5550631e+05
   2.7900000e+01   1.4547741e+05   7.7538400e+05
   2.8000000e+01   1.1772352e+05   8.4030600e+05
   2.8100000e+01   8.9684141e+04   8.3787188e+05
   2.8200000e+01   6.8424477e+04   7.7384450e+05
   2.8300000e+01   5.4317285e+04   6.7151475e+05
   2.8400000e+01   4.6159066e+04   5.5636750e+05
   2.8500000e+01   4.3086344e+04   4.4178694e+05
   2.8600000e+01   4.2693734e+04   3.2780391e+05
   2.8700000e+01   4.0848789e+04   2.0977584e+05
   2.8800000e+01   3.4950137e+04   8.6389156e+04
   2.8900000e+01   2.5886590e+04  -3.8006414e+04
   2.9000000e+01   1.5133006e+04  -1.5436705e+05
   2.9100000e+01   7.6138428e+02  -2.5122381e+05
   2.9200000e+01  -2.1198516e+04  -3.1941409e+05
   2.9300000e+01  -5.0394398e+04  -3.5796494e+05
   2.9400000e+01  -7.8898320e+04  -3.7495756e+05
   2.9500000e+01  -9.7016156e+04  -3.8003059e+05
   2.9600000e+01  -1.0313864e+05  -3.7514938e+05
   2.9700000e+01  -1.0600966e+05  -3.5411888e+05
   2.9800000e+01  -1.1508098e+05  -3.1170228e+05
   2.9900000e+01  -1.2875405e+05  -2.5117183e+05
   3.0000000e+01  -1.3421362e+05  -1.8078162e+05
   3.0100000e+01  -1.1980448e+05  -1.0399472e+05
   3.0200000e+01  -8.5793680e+04  -1.7069574e+04
   3.0300000e+01  -4.1073012e+04   8.1222617e+04
   3.0400000e+01   8.8727236e+03   1.7904353e+05
   3.0500000e+01   6.5817422e+04   2.5440119e+05
   3.0600000e+01   1.2829671e+05   2.9101694e+05
   3.0700000e+01   1.8102380e+05   2.9104081e+05
   3.0800000e+01   2.0133558e+05   2.7080078e+05
   3.0900000e+01   1.7913753e+05   2.4398659e+05
   3.1000000e+01   1.2813932e+05   2.1031827e+05
   3.1100000e+01   7.4368477e+04   1.6127188e+05
   3.1200000e+01   3.4012465e+04   9.5093336e+04
   3.1300000e+01   4.2871113e+03   2.3092613e+04
   3.1400000e+01  -2.5644938e+04  -4.0213582e+04
   3.1500000e+01  -5.9665262e+04  -9.1381594e+04
   3.1600000e+01  -9.2605234e+04  -1.3967622e+05
   3.1700000e+01  -1.1903771e+05  -1.9389900e+05
   3.1800000e+01  -1.3861336e+05  -2.4982241e+05
   3.1900000e+01  -1.5239948e+05  -2.9290262e+05
   3.2000000e+01  -1.5901384e+05  -3.1276809e+05
   3.2100000e+01  -1.5809456e+05  -3.1233872e+05
   3.2200000e+01  -1.5520062e+05  -3.0155231e+05
   3.2300000e+01  -1.5809066e+05  -2.8428716e+05
   3.2400000e+01  -1.6687330e+05  -2.5436080e+05
   3.2500000e+01  -1.7172620e+05  -2.0462380e+05
   3.2600000e+01  -1.6405191e+05  -1.3782669e+05
   3.2700000e+01  -1.4886539e+05  -6.7306453e+04
   3.2800000e+01  -1.4239328e+05  -8.0671289e+03
   3.2900000e+01  -1.5604892e+05   3.1931844e+04
   3.3000000e+01  -1.8490102e+05   5.3591555e+04
   3.3100000e+01  -2.1368053e+05   6.3082395e+04
   3.3200000e+01  -2.3242719e+05   6.7230273e+04
   3.3300000e+01  -2.4316542e+05   7.0004922e+04
   3.3400000e+01  -2.5114734e+05   7.0911297e+04
   3.3500000e+01  -2.5319000e+05   6.6446680e+04
   3.3600000e+01  -2.3814923e+05   5.4000434e+04
   3.3700000e+01  -1.9889320e+05   3.4521559e+04
   3.3800000e+01  -1.4142416e+05   1.1383222e+04
   3.3900000e+01  -8.0878234e+04  -1.2022312e+04
   3.4000000e+01  -2.9332791e+04  -3.1873504e+04
   3.4100000e+01   1.1883143e+04  -4.1766816e+04
   3.4200000e+01   4.9582293e+04  -3.3970762e+04
   3.4300000e+01   9.1133180e+04  -4.8180781e+03
   3.4400000e+01   1.3977148e+05   4.2154574e+04
   3.4500000e+01   1.9475581e+05   9.9966516e+04
   3.4600000e+01   2.5334314e+05   1.6395792e+05
   3.4700000e+01   3.1232862e+05   2.3142711e+05
   3.4800000e+01   3.6911231e+05   2.9630628e+05
   3.4900000e+01   4.2170619e+05   3.4887600e+05
   3.5000000e+01   4.6657450e+05   3.8441491e+05
   3.5100000e+01   4.9631828e+05   4.1037856e+05
   3.5200000e+01   5.0203669e+05   4.4007744e+05
   3.5300000e+01   4.8102362e+05   4.7710531e+05
   3.5400000e+01   4.4210953e+05   5.0843762e+05
   3.5500000e+01   4.0022938e+05   5.1551872e+05
   3.5600000e+01   3.6309903e+05   4.9098084e+05
   3.5700000e+01   3.2380666e+05   4.4157422e+05
   3.5800000e+01   2.6871762e+05   3.7515234e+05
   3.5900000e+01   1.9338675e+05   2.8929747e+05
   3.6000000e+01   1.0960084e+05   1.7624978e+05
   3.6100000e+01   3.6020301e+04   3.7419109e+04
   3.6200000e+01  -1.7591648e+04  -1.1145248e+05
   3.6300000e+01  -5.6683977e+04  -2.5139267e+05
   3.6400000e+01  -9.3845109e+04  -3.7430225e+05
   3.6500000e+01  -1.3570423e+05  -4.8380294e+05
   3.6600000e+01  -1.7730208e+05  -5.8329119e+05
   3.6700000e+01  -2.0778633e+05  -6.6645075e+05
   3.6800000e+01  -2.2102953e+05  -7.2106188e+05
   3.6900000e+01  -2.2160141e+05  -7.4057856e+05
   3.7000000e+01  -2.2148717e+05  -7.2983612e+05
   3.7100000e+01  -2.3107859e+05  -6.9927081e+05
   3.7200000e+01  -2.5252203e+05  -6.5489369e+05
   3.7300000e+01  -2.8044497e+05  -5.9449500e+05
   3.7400000e+01  -3.0740397e+05  -5.1273359e+05
   3.7500000e+01  -3.2748912e+05  -4.0877997e+05
   3.7600000e+01  -3.3582441e+05  -2.8871634e+05
   3.7700000e+01  -3.2815966e+05  -1.6088628e+05
   3.7800000e+01  -3.0401678e+05  -2.9611008e+04
   3.7900000e+01  -2.6962491e+05   1.0535076e+05
   3.8000000e+01  -2.3417823e+05   2.4170722e+05
   3.8100000e+01  -2.0071333e+05   3.6671200e+05
   3.8200000e+01  -1.6179667e+05   4.5834188e+05
   3.8300000e+01  -1.0696033e+05   4.9790597e+05
   3.8400000e+01  -3.5218973e+04   4.8415097e+05
   3.8500000e+01   4.1280336e+04   4.3514988e+05
   3.8600000e+01   1.0710366e+05   3.7476328e+05
   3.8700000e+01   1.5615338e+05   3.1544800e+05
   3.8800000e+01   1.9367058e+05   2.5306553e+05
   3.8900000e+01   2.2715266e+05   1.7785184e+05
   3.9000000e+01   2.5795225e+05   9.0477125e+04
   3.9100000e+01   2.8241434e+05   7.8037959e+03
   3.9200000e+01   2.9856856e+05  -4.7166664e+04
   3.9300000e+01   3.0840950e+05  -6.2197273e+04
   3.9400000e+01   3.1314350e+05  -4.4357309e+04
   3.9500000e+01   3.0869572e+05  -1.2465620e+04
   3.9600000e+01   2.8840097e+05   1.9250033e+04
   3.9700000e+01   2.5042491e+05   5.0205176e+04
   3.9800000e+01   2.0138194e+05   8.6400258e+04
   3.9900000e+01   1.5194477e+05   1.2573847e+05
   4.0000000e+01   1.0896189e+05   1.5312328e+05
   4.0100000e+01   7.1506992e+04   1.5200458e+05
   4.0200000e+01   3.3417867e+04   1.1982988e+05
   4.0300000e+01  -1.1036511e+04   6.9815406e+04
   4.0400000e+01  -6.2921492e+04   1.7249275e+04
   4.0500000e+01  -1.1805437e+05  -3.3669844e+04
   4.0600000e+01  -1.7014672e+05  -8.8239867e+04
   4.0700000e+01  -2.1609766e+05  -1.4920434e+05
   4.0800000e+01  -2.5946138e+05  -2.1030347e+05
   4.0900000e+01  -3.0742191e+05  -2.6250612e+05
   4.1000000e+01  -3.6168056e+05  -3.0302450e+05
   4.1100000e+01  -4.1170716e+05  -3.3427462e+05
   4.1200000e+01  -4.3967778e+05  -3.5405341e+05
   4.1300000e+01  -4.3524241e+05  -3.5054134e+05
   4.1400000e+01  -4.0568912e+05  -3.1045419e+05
   4.1500000e+01  -3.6925322e+05  -2.3247641e+05
   4.1600000e+01  -3.3689209e+05  -1.3104330e+05
   4.1700000e+01  -3.0157725e+05  -2.6076236e+04
   4.1800000e+01  -2.4692645e+05   7.0303258e+04
   4.1900000e+01  -1.6591866e+05   1.5671823e+05
   4.2000000e+01  -6.9658023e+04   2.3453728e+05
   4.2100000e+01   2.2191631e+04   3.0053062e+05
   4.2200000e+01   9.7948180e+04   3.4912372e+05
   4.2300000e+01   1.6073873e+05   3.7970400e+05
   4.2400000e+01   2.2160075e+05   3.9735622e+05
   4.2500000e+01   2.8851916e+05   4.0396478e+05
   4.2600000e+01   3.6123528e+05   3.9036147e+05
   4.2700000e+01   4.3262775e+05   3.4138131e+05
   4.2800000e+01   4.9242084e+05   2.5135753e+05
   4.2900000e+01   5.3124981e+05   1.3421098e+05
   4.3000000e+01   5.4500156e+05   1.6421932e+04
   4.3100000e+01   5.3683750e+05  -8.0957219e+04
   4.3200000e+01   5.1343012e+05  -1.5355356e+05
   4.3300000e+01   4.7750188e+05  -2.0827162e+05
   4.3400000e+01   4.2446869e+05  -2.4922397e+05
   4.3500000e+01   3.4774272e+05  -2.7093453e+05
   4.3600000e+01   2.4741986e+05  -2.6493428e+05
   4.3700000e+01   1.3280588e+05  -2.3063820e+05
   4.3800000e+01   1.6122867e+04  -1.7787805e+05
   4.3900000e+01  -9.5727719e+04  -1.1915658e+05
   4.4000000e+01  -2.0336167e+05  -6.1019168e+04
   4.4100000e+01  -3.1019162e+05  -3.2847859e+03
   4.4200000e+01  -4.1600703e+05   5.5212461e+04
   4.4300000e+01  -5.1369772e+05   1.1221706e+05
   4.4400000e+01  -5.9029794e+05   1.6292481e+05
   4.4500000e+01  -6.3131456e+05   2.0269795e+05
   4.4600000e+01  -6.2665906e+05   2.2748327e+05
   4.4700000e+01  -5.7556694e+05   2.3334911e+05
   4.4800000e+01  -4.8738544e+05   2.1889422e+05
   4.4900000e+01  -3.7714938e+05   1.8917569e+05
   4.5000000e+01  -2.5859389e+05   1.5497947e+05
   4.5100000e+01  -1.3928784e+05   1.2530901e+05
   4.5200000e+01  -2.0918504e+04   1.0002214e+05
   4.5300000e+01   9.6097625e+04   7.1349461e+04
   4.5400000e+01   2.0759427e+05   3.3643574e+04
   4.5500000e+01   3.0434019e+05  -9.0208691e+03
   4.5600000e+01   3.7559906e+05  -4.5712121e+04
   4.5700000e+01   4.1467153e+05  -6.8613336e+04
   4.5800000e+01   4.2185578e+05  -7.9211031e+04
   4.5900000e+01   4.0285919e+05  -8.4698477e+04
   4.6000000e+01   3.6499575e+05  -8.9456906e+04
   4.6100000e+01   3.1481200e+05  -9.0994492e+04
   4.6200000e+01   2.5796144e+05  -8.3992641e+04
   4.6300000e+01   1.9927947e+05  -6.7471367e+04
   4.6400000e+01   1.4187072e+05  -4.7633547e+04
   4.6500000e+01   8.6762312e+04  -3.4118395e+04
   4.6600000e+01   3.4616668e+04  -3.3950750e+04
   4.6700000e+01  -1.2212897e+04  -4.8832484e+04
   4.6800000e+01  -5.0461441e+04  -7.7109117e+04
   4.6900000e+01  -7.9408656e+04  -1.1704492e+05
   4.7000000e+01  -1.0265884e+05  -1.6779688e+05
   4.7100000e+01  -1.2493251e+05  -2.2793378e+05
   4.7200000e+01  -1.4653247e+05  -2.9378775e+05
   4.7300000e+01  -1.6181898e+05  -3.5898881e+05
   4.7400000e+01  -1.6422116e+05  -4.1476681e+05
   4.7500000e+01  -1.5290111e+05  -4.5096522e+05
   4.7600000e+01  -1.3381288e+05  -4.5883347e+05
   4.7700000e+01  -1.1363741e+05  -4.3529262e+05
   4.7800000e+01  -9.2789484e+04  -3.8536838e+05
   4.7900000e+01  -6.5069520e+04  -3.1948147e+05
   4.8000000e+01  -2.5131631e+04  -2.4693831e+05
   4.8100000e+01   2.2898887e+04  -1.7133856e+05
   4.8200000e+01   6.4223484e+04  -9.2024883e+04
   4.8300000e+01   8.2214242e+04  -9.4198506e+03
   4.8400000e+01   7.0880969e+04   7.1637023e+04
   4.8500000e+01   4.0159410e+04   1.4344606e+05
   4.8600000e+01   8.4197070e+03   1.9917327e+05
   4.8700000e+01  -1.1952090e+04   2.3478741e+05
   4.8800000e+01  -2.2997639e+04   2.4918567e+05
   4.8900000e+01  -3.6179875e+04   2.4522073e+05
   4.9000000e+01  -5.9713664e+04   2.3137089e+05
   4.9100000e+01  -9.1073203e+04   2.1956998e+05
   4.9200000e+01  -1.2072723e+05   2.1722197e+05
   4.9300000e+01  -1.4087234e+05   2.1991209e+05
   4.9400000e+01  -1.4941906e+05   2.1454716e+05
   4.9500000e+01  -1.4733997e+05   1.9307250e+05
   4.9600000e+01  -1.3546862e+05   1.6356809e+05
   4.9700000e+01  -1.1534752e+05   1.4556419e+05
   4.9800000e+01  -9.1601789e+04   1.5275292e+05
   4.9900000e+01  -7.0867789e+04   1.8085741e+05
   5.0000000e+01  -5.7187363e+04   2.1322161e+05
   5.0100000e+01  -4.8750359e+04   2.3709314e+05
   5.0200000e+01  -3.9574645e+04   2.5276891e+05
   5.0300000e+01  -2.4277928e+04   2.6787650e+05
   5.0400000e+01  -1.1923350e+03   2.8633044e+05
   5.0500000e+01   2.8487428e+04   3.0494769e+05
   5.0600000e+01   6.3405316e+04   3.1866144e+05
   5.0700000e+01   1.0302893e+05   3.2515794e+05
   5.0800000e+01   1.4607948e+05   3.2352884e+05
   5.0900000e+01   1.8900712e+05   3.1131056e+05
   5.1000000e+01   2.2707169e+05   2.8573759e+05
   5.1100000e+01   2.5705230e+05   2.4747250e+05
   5.1200000e+01   2.7808169e+05   2.0064830e+05
   5.1300000e+01   2.8924116e+05   1.4835416e+05
   5.1400000e+01   2.8710559e+05   8.9759742e+04
   5.1500000e+01   2.6734922e+05   2.3394422e+04
   5.1600000e+01   2.2974178e+05  -4.7302477e+04
   5.1700000e+01   1.8077583e+05  -1.1361338e+05
   5.1800000e+01   1.2957927e+05  -1.6758414e+05
   5.1900000e+01   8.0167922e+04  -2.0784706e+05
   5.2000000e+01   2.8253725e+04  -2.3908908e+05
   5.2100000e+01  -3.2921230e+04  -2.6667847e+05
   5.2200000e+01  -1.0287357e+05  -2.9283562e+05
   5.2300000e+01  -1.7062580e+05  -3.1744972e+05
   5.2400000e+01  -2.2250473e+05  -3.4051578e+05
   5.2500000e+01  -2.5396969e+05  -3.6209762e+05
   5.2600000e+01  -2.7321644e+05  -3.8013759e+05
   5.2700000e+01  -2.9197062e+05  -3.8984297e+05
   5.2800000e+01  -3.1224878e+05  -3.8656688e+05
   5.2900000e+01  -3.2263969e+05  -3.6983241e+05
   5.3000000e+01  -3.0808469e+05  -3.4464978e+05
   5.3100000e+01  -2.6320600e+05  -3.1872300e+05
   5.3200000e+01  -1.9613389e+05  -2.9744619e+05
   5.3300000e+01  -1.2056756e+05  -2.7992759e+05
   5.3400000e+01  -4.5773434e+04  -2.5860534e+05
   5.3500000e+01   2.5874350e+04  -2.2329867e+05
   5.3600000e+01   9.4533289e+04  -1.6803806e+05
   5.3700000e+01   1.5937570e+05  -9.6375875e+04
   5.3800000e+01   2.1954148e+05  -2.0478932e+04
   5.3900000e+01   2.7546031e+05   4.6698031e+04
   5.4000000e+01   3.2617738e+05   1.0051917e+05
   5.4100000e+01   3.6521688e+05   1.4689856e+05
   5.4200000e+01   3.8120834e+05   1.9494948e+05
   5.4300000e+01   3.6455438e+05   2.4665011e+05
   5.4400000e+01   3.1441141e+05   2.9353709e+05
   5.4500000e+01   2.3987683e+05   3.2336431e+05
   5.4600000e+01   1.5495822e+05   3.2935841e+05
   5.4700000e+01   7.1443195e+04   3.1284400e+05
   5.4800000e+01  -6.1469312e+03   2.7846122e+05
   5.4900000e+01  -8.1043836e+04   2.2931114e+05
   5.5000000e+01  -1.5938928e+05   1.6740425e+05
   5.5100000e+01  -2.4253008e+05   9.6590445e+04
   5.5200000e+01  -3.2271016e+05   2.2358674e+04
   5.5300000e+01  -3.8717134e+05  -5.1295223e+04
   5.5400000e+01  -4.2759562e+05  -1.2250323e+05
   5.5500000e+01  -4.4503906e+05  -1.8757742e+05
   5.5600000e+01  -4.4462519e+05  -2.3756402e+05
   5.5700000e+01  -4.2620934e+05  -2.6097747e+05
   5.5800000e+01  -3.8274125e+05  -2.5116294e+05
   5.5900000e+01  -3.0922538e+05  -2.1110156e+05
   5.6000000e+01  -2.1196294e+05  -1.5137422e+05
   5.6100000e+01  -1.0656078e+05  -8.4166242e+04
   5.6200000e+01  -6.1651489e+03  -1.8858109e+04
   5.6300000e+01   8.6978664e+04   3.8913523e+04
   5.6400000e+01   1.7742625e+05   8.6963055e+04
   5.6500000e+01   2.6542291e+05   1.2692875e+05
   5.6600000e+01   3.4214147e+05   1.6404384e+05
   5.6700000e+01   3.9649388e+05   2.0396119e+05
   5.6800000e+01   4.2498438e+05   2.4723283e+05
   5.6900000e+01   4.3317519e+05   2.8593631e+05
   5.7000000e+01   4.2795372e+05   3.0695684e+05
   5.7100000e+01   4.1032612e+05   3.0105959e+05
   5.7200000e+01   3.7662222e+05   2.7050988e+05
   5.7300000e+01   3.2530484e+05   2.2766173e+05
   5.7400000e+01   2.6060897e+05   1.8479705e+05
   5.7500000e+01   1.8925919e+05   1.4453920e+05
   5.7600000e+01   1.1494684e+05   1.0034298e+05
   5.7700000e+01   3.6800785e+04   4.6405688e+04
   5.7800000e+01  -4.7504148e+04  -1.3622578e+04
   5.7900000e+01  -1.3802489e+05  -6.8299047e+04
   5.8000000e+01  -2.3116095e+05  -1.0813924e+05
   5.8100000e+01  -3.2013719e+05  -1.3273995e+05
   5.8200000e+01  -3.9619125e+05  -1.4842784e+05
   5.8300000e+01  -4.5078222e+05  -1.6048075e+05
   5.8400000e+01  -4.7892031e+05  -1.6893483e+05
   5.8500000e+01  -4.8135906e+05  -1.7129217e+05
   5.8600000e+01  -4.6287069e+05  -1.6733189e+05
   5.8700000e+01  -4.2730734e+05  -1.6038873e+05
   5.8800000e+01  -3.7408391e+05  -1.5503839e+05
   5.8900000e+01  -2.9989706e+05  -1.5466486e+05
   5.9000000e+01  -2.0412042e+05  -1.6017852e+05
   5.9100000e+01  -9.2368492e+04  -1.6847712e+05
   5.9200000e+01   2.5218949e+04  -1.7125753e+05
   5.9300000e+01   1.3885377e+05  -1.5803980e+05
   5.9400000e+01   2.4236186e+05  -1.2454765e+05
   5.9500000e+01   3.3274472e+05  -7.9690812e+04
   5.9600000e+01   4.0800619e+05  -4.1607625e+04
   5.9700000e+01   4.6593962e+05  -2.2511088e+04
   5.9800000e+01   5.0435369e+05  -1.5675965e+04
   5.9900000e+01   5.2170256e+05   3.5741943e+02
   6.0000000e+01   5.1759206e+05   4.0943312e+04
   6.0100000e+01   4.9315406e+05   9.6962102e+04
   6.0200000e+01   4.5081119e+05   1.3860844e+05
   6.0300000e+01   3.9310625e+05   1.4027044e+05
   6.0400000e+01   3.2171319e+05   1.0369340e+05
   6.0500000e+01   2.3816442e+05   5.7181414e+04
   6.0600000e+01   1.4566170e+05   3.1709529e+04
   6.0700000e+01   4.9412430e+04   3.6625527e+04
   6.0800000e+01  -4.5374879e+04   5.6190203e+04
   6.0900000e+01  -1.3528684e+05   6.6939938e+04
   6.1000000e+01  -2.1776689e+05   5.7735191e+04
   6.1100000e+01  -2.8883134e+05   3.5735047e+04
   6.1200000e+01  -3.4299812e+05   1.6946250e+04
   6.1300000e+01  -3.7592862e+05   1.2557346e+04
   6.1400000e+01  -3.8637653e+05   2.2636479e+04
   6.1500000e+01  -3.7519172e+05   4.0461324e+04
   6.1600000e+01  -3.4374622e+05   6.1888035e+04
   6.1700000e+01  -2.9513559e+05   9.0389781e+04
   6.1800000e+01  -2.3697447e+05   1.3212525e+05
   6.1900000e+01  -1.8093880e+05   1.8498700e+05
   6.2000000e+01  -1.3711697e+05   2.3323911e+05
   6.2100000e+01  -1.0761262e+05   2.5585477e+05
   6.2200000e+01  -8.5863359e+04   2.4283025e+05
   6.2300000e+01  -6.3128531e+04   2.0357538e+05
   6.2400000e+01  -3.6806152e+04   1.5784170e+05
   6.2500000e+01  -1.3418053e+04   1.1750741e+05
   6.2600000e+01  -3.7708523e+03   7.7469805e+04
   6.2700000e+01  -1.4539356e+04   2.4364838e+04
   6.2800000e+01  -4.3280051e+04  -4.6748160e+04
   6.2900000e+01  -8.0242898e+04  -1.2494358e+05
   6.3000000e+01  -1.1402300e+05  -1.9161884e+05
   6.3100000e+01  -1.3569720e+05  -2.3476217e+05
   6.3200000e+01  -1.3976320e+05  -2.5542470e+05
   6.3300000e+01  -1.2458076e+05  -2.6221834e+05
   6.3400000e+01  -9.4000422e+04  -2.6140642e+05
   6.3500000e+01  -5.7336855e+04  -2.5238878e+05
   6.3600000e+01  -2.4464832e+04  -2.3112239e+05
   6.3700000e+01   1.2986990e+03  -1.9619716e+05
   6.3800000e+01   2.5333586e+04  -1.5123877e+05
   6.3900000e+01   5.5679047e+04  -1.0244075e+05
   6.4000000e+01   9.4276477e+04  -5.5026898e+04
   6.4100000e+01   1.3388808e+05  -1.2349262e+04
   6.4200000e+01   1.6308341e+05   2.2779898e+04
   6.4300000e+01   1.7427656e+05   4.7692977e+04
   6.4400000e+01   1.6858964e+05   6.1710727e+04
   6.4500000e+01   1.5509280e+05   6.7655414e+04
   6.4600000e+01   1.4521969e+05   6.9915672e+04
   6.4700000e+01   1.4481692e+05   6.9925805e+04
   6.4800000e+01   1.4864852e+05   6.3663629e+04
   6.4900000e+01   1.4338284e+05   4.4374551e+04
   6.5000000e+01   1.1984666e+05   8.4665547e+03
   6.5100000e+01   8.5037125e+04  -4.0671098e+04
   6.5200000e+01   6.0476062e+04  -9.3994750e+04
   6.5300000e+01   6.4562770e+04  -1.4168897e+05
   6.5400000e+01   9.4139242e+04  -1.7766897e+05
   6.5500000e+01   1.2471091e+05  -2.0087591e+05
   6.5600000e+01   1.3162909e+05  -2.1297997e+05
   6.5700000e+01   1.1242005e+05  -2.1434873e+05
   6.5800000e+01   8.7828180e+04  -2.0176581e+05
   6.5900000e+01   8.0372891e+04  -1.7082314e+05
   6.6000000e+01   9.2146594e+04  -1.2170861e+05
   6.6100000e+01   1.0383227e+05  -6.2345957e+04
   6.6200000e+01   9.4841844e+04  -3.9362544e+03
   6.6300000e+01   6.3729230e+04   4.8006160e+04
   6.6400000e+01   2.9192871e+04   9.7602484e+04
   6.6500000e+01   1.1964980e+04   1.5223694e+05
   6.6600000e+01   1.5843285e+04   2.1208095e+05
   6.6700000e+01   2.5565176e+04   2.6703722e+05
   6.6800000e+01   2.2384186e+04   3.0469569e+05
   6.6900000e+01   1.6704771e+03   3.2081531e+05
   6.7000000e+01  -2.4176357e+04   3.2166766e+05
   6.7100000e+01  -3.9290375e+04   3.1698094e+05
   6.7200000e+01  -4.0040812e+04   3.1152075e+05
   6.7300000e+01  -3.7317953e+04   3.0283244e+05
   6.7400000e+01  -4.4453047e+04   2.8517406e+05
   6.7500000e+01  -6.4325762e+04   2.5449344e+05
   6.7600000e+01  -8.8232906e+04   2.1048730e+05
   6.7700000e+01  -1.0525638e+05   1.5576658e+05
   6.7800000e+01  -1.1086077e+05   9.4290758e+04
   6.7900000e+01  -1.0734989e+05   3.0633211e+04
   6.8000000e+01  -9.9089422e+04  -3.0078387e+04
   6.8100000e+01  -8.9001664e+04  -8.2802375e+04
   6.8200000e+01  -7.8165695e+04  -1.2447705e+05
   6.8300000e+01  -6.6344766e+04  -1.5588545e+05
   6.8400000e+01  -5.2680859e+04  -1.8119458e+05
   6.8500000e+01  -3.7736570e+04  -2.0475402e+05
   6.8600000e+01  -2.5902557e+04  -2.2782869e+05
   6.8700000e+01  -2.4603377e+04  -2.4818112e+05
   6.8800000e+01  -3.9221199e+04  -2.6206850e+05
   6.8900000e+01  -6.8015203e+04  -2.6576106e+05
   6.9000000e+01  -1.0237845e+05  -2.5574061e+05
   6.9100000e+01  -1.3274898e+05  -2.3009555e+05
   6.9200000e+01  -1.5514333e+05  -1.9221359e+05
   6.9300000e+01  -1.7296572e+05  -1.5243628e+05
   6.9400000e+01  -1.9279269e+05  -1.2229600e+05
   6.9500000e+01  -2.1741736e+05  -1.0383123e+05
   6.9600000e+01  -2.4180666e+05  -8.5073156e+04
   6.9700000e+01  -2.5607672e+05  -4.9565551e+04
   6.9800000e+01  -2.5376700e+05   6.9481533e+03
   6.9900000e+01  -2.3762714e+05   6.9604266e+04
   7.0000000e+01  -2.1606994e+05   1.1601521e+05
   7.0100000e+01  -1.9292352e+05   1.3586930e+05
   7.0200000e+01  -1.6163055e+05   1.3909536e+05
   7.0300000e+01  -1.1150650e+05   1.4505686e+05
   7.0400000e+01  -4.0336535e+04   1.6463395e+05
   7.0500000e+01   4.0448875e+04   1.9267012e+05
   7.0600000e+01   1.1439087e+05   2.1564856e+05
   7.0700000e+01   1.7378980e+05   2.2427173e+05
   7.0800000e+01   2.2437175e+05   2.1857595e+05
   7.0900000e+01   2.7637369e+05   2.0333227e+05
   7.1000000e+01   3.3174984e+05   1.8095475e+05
   7.1100000e+01   3.8055300e+05   1.4938922e+05
   7.1200000e+01   4.0939106e+05   1.0596270e+05
   7.1300000e+01   4.1261519e+05   5.2333867e+04
   7.1400000e+01   3.9509106e+05  -4.8457354e+03
   7.1500000e+01   3.6507881e+05  -5.8424434e+04
   7.1600000e+01   3.2610156e+05  -1.0573455e+05
   7.1700000e+01   2.7673778e+05  -1.4833517e+05
   7.1800000e+01   2.1748119e+05  -1.8621544e+05
   7.1900000e+01   1.5557825e+05  -2.1303125e+05
   7.2000000e+01   1.0155261e+05  -2.1910981e+05
   7.2100000e+01   6.1313738e+04  -2.0086884e+05
   7.2200000e+01   3.2853461e+04  -1.6732206e+05
   7.2300000e+01   1.0627769e+04  -1.3580580e+05
   7.2400000e+01  -8.3707236e+03  -1.1922176e+05
   7.2500000e+01  -2.3850047e+04  -1.1569602e+05
   7.2600000e+01  -3.6294105e+04  -1.1003159e+05
   7.2700000e+01  -4.9544430e+04  -8.6214547e+04
   7.2800000e+01  -6.8209086e+04  -4.0759137e+04
   7.2900000e+01  -9.2937812e+04   1.4041699e+04
   7.3000000e+01  -1.1878809e+05   5.9397824e+04
   7.3100000e+01  -1.3799608e+05   8.3789594e+04
   7.3200000e+01  -1.4425259e+05   8.9790641e+04
   7.3300000e+01  -1.3548045e+05   8.9218734e+04
   7.3400000e+01  -1.1442351e+05   9.2250547e+04
   7.3500000e+01  -8.7492891e+04   1.0023642e+05
   7.3600000e+01  -6.1998188e+04   1.0676203e+05
   7.3700000e+01  -4.2319297e+04   1.0373686e+05
   7.3800000e+01  -2.7271188e+04   8.6861766e+04
   7.3900000e+01  -1.1589226e+04   5.7840172e+04
   7.4000000e+01   8.1172944e+03   2.3493555e+04
   7.4100000e+01   2.7292328e+04  -7.8396362e+03
   7.4200000e+01   3.3817797e+04  -3.1501318e+04
   7.4300000e+01   1.7174426e+04  -4.9586805e+04
   7.4400000e+01  -2.0118941e+04  -6.7981148e+04
   7.4500000e+01  -6.0221031e+04  -8.8839672e+04
   7.4600000e+01  -8.2029008e+04  -1.0599220e+05
   7.4700000e+01  -7.8933312e+04  -1.0912645e+05
   7.4800000e+01  -6.5882680e+04  -9.3493523e+04
   7.4900000e+01  -6.7651859e+04  -6.5381879e+04
   7.5000000e+01  -9.7942500e+04  -3.7693762e+04
   7.5100000e+01  -1.4825580e+05  -2.0214754e+04
   7.5200000e+01  -1.9625436e+05  -1.3988096e+04
   7.5300000e+01  -2.2480230e+05  -1.3768861e+04
   7.5400000e+01  -2.3376058e+05  -1.3965340e+04
   7.5500000e+01  -2.3520517e+05  -1.1552640e+04
   7.5600000e+01  -2.3904298e+05  -4.9659868e+03
   7.5700000e+01  -2.4359342e+05   7.0056772e+03
   7.5800000e+01  -2.3865286e+05   2.3867021e+04
   7.5900000e+01  -2.1583542e+05   4.2075914e+04
   7.6000000e+01  -1.7548425e+05   5.6982000e+04
   7.6100000e+01  -1.2492041e+05   6.6682328e+04
   7.6200000e+01  -7.1689016e+04   7.3189133e+04
   7.6300000e+01  -1.8638172e+04   7.9576898e+04
   7.6400000e+01   3.6106000e+04   8.7109633e+04
   7.6500000e+01   9.5897016e+04   9.5778875e+04
   7.6600000e+01   1.6172933e+05   1.0591014e+05
   7.6700000e+01   2.2947055e+05   1.1667643e+05
   7.6800000e+01   2.8985778e+05   1.2315350e+05
   7.6900000e+01   3.3276825e+05   1.1813338e+05
   7.7000000e+01   3.5404444e+05   9.9568617e+04
   7.7100000e+01   3.5909891e+05   7.5327375e+04
   7.7200000e+01   3.5875762e+05   5.7788059e+04
   7.7300000e+01   3.6012988e+05   5.2715188e+04
   7.7400000e+01   3.6090106e+05   5.4446562e+04
   7.7500000e+01   3.5216200e+05   5.2028215e+04
   7.7600000e+01   3.2621603e+05   3.8252543e+04
   7.7700000e+01   2.8183072e+05   1.2118840e+04
   7.7800000e+01   2.2374831e+05  -2.4700312e+04
   7.7900000e+01   1.5921784e+05  -7.0210977e+04
   7.8000000e+01   9.4920508e+04  -1.2072215e+05
   7.8100000e+01   3.4730602e+04  -1.6987452e+05
   7.8200000e+01  -2.1816963e+04  -2.1074184e+05
   7.8300000e+01  -7.8557250e+04  -2.3813492e+05
   7.8400000e+01  -1.3819067e+05  -2.4850978e+05
   7.8500000e+01  -1.9764517e+05  -2.3994816e+05
   7.8600000e+01  -2.4868620e+05  -2.1488117e+05
   7.8700000e+01  -2.8437784e+05  -1.8208822e+05
   7.8800000e+01  -3.0535541e+05  -1.5230475e+05
   7.8900000e+01  -3.1959188e+05  -1.2932739e+05
   7.9000000e+01  -3.3590356e+05  -1.0638469e+05
   7.9100000e+01  -3.5708619e+05  -7.3494094e+04
   7.9200000e+01  -3.7766575e+05  -2.8786502e+04
   7.9300000e+01  -3.8663453e+05   1.8745549e+04
   7.9400000e+01  -3.7288028e+05   5.8245766e+04
   7.9500000e+01  -3.3102766e+05   8.7551203e+04
   7.9600000e+01  -2.6524403e+05   1.1360719e+05
   7.9700000e+01  -1.8818248e+05   1.4276386e+05
   7.9800000e+01  -1.1456324e+05   1.7217606e+05
   7.9900000e+01  -5.3521492e+04   1.9201903e+05
   8.0000000e+01  -5.5414189e+03   1.9637755e+05
   8.0100000e+01   3.4470004e+04   1.9123667e+05
   8.0200000e+01   7.2114328e+04   1.9043095e+05
   8.0300000e+01   1.1099285e+05   2.0229850e+05
   8.0400000e+01   1.5263881e+05   2.1982266e+05
   8.0500000e+01   1.9590702e+05   2.2508047e+05
   8.0600000e+01   2.3560683e+05   2.0543866e+05
   8.0700000e+01   2.6384853e+05   1.6645231e+05
   8.0800000e+01   2.7568916e+05   1.2814977e+05
   8.0900000e+01   2.7454053e+05   1.0729499e+05
   8.1000000e+01   2.7065469e+05   1.0262320e+05
   8.1100000e+01   2.7222741e+05   9.7352008e+04
   8.1200000e+01   2.7728331e+05   7.5786633e+04
   8.1300000e+01   2.7531556e+05   3.7119344e+04
   8.1400000e+01   2.5822311e+05  -6.2280688e+03
   8.1500000e+01   2.2976619e+05  -4.1883129e+04
   8.1600000e+01   2.0327956e+05  -6.7940172e+04
   8.1700000e+01   1.8947425e+05  -9.1156250e+04
   8.1800000e+01   1.8712923e+05  -1.1703629e+05
   8.1900000e+01   1.8654941e+05  -1.4321077e+05
   8.2000000e+01   1.8125239e+05  -1.6244789e+05
   8.2100000e+01   1.7389862e+05  -1.7089345e+05
   8.2200000e+01   1.6966702e+05  -1.7203720e+05
   8.2300000e+01   1.6599023e+05  -1.7224573e+05
   8.2400000e+01   1.5249983e+05  -1.7341028e+05
   8.2500000e+01   1.2233834e+05  -1.7156108e+05
   8.2600000e+01   8.0917930e+04  -1.6323239e+05
   8.2700000e+01   4.0057695e+04  -1.5183098e+05
   8.2800000e+01   3.1348447e+03  -1.4568336e+05
   8.2900000e+01  -4.0870801e+04  -1.4907312e+05
   8.3000000e+01  -1.0567452e+05  -1.5622934e+05
   8.3100000e+01  -1.9038830e+05  -1.5543419e+05
   8.3200000e+01  -2.7659894e+05  -1.3930125e+05
   8.3300000e+01  -3.4443256e+05  -1.1076812e+05
   8.3400000e+01  -3.9058659e+05  -7.9504000e+04
   8.3500000e+01  -4.2855450e+05  -5.3592734e+04
   8.3600000e+01  -4.7115853e+05  -3.5006223e+04
   8.3700000e+01  -5.1536588e+05  -2.1742229e+04
   8.3800000e+01  -5.4607519e+05  -1.2320565e+04
   8.3900000e+01  -5.5300056e+05  -7.4481182e+03
   8.4000000e+01  -5.3979569e+05  -8.3101094e+03
   8.4100000e+01  -5.1509859e+05  -1.4554174e+04
   8.4200000e+01  -4.7803331e+05  -2.4085078e+04
   8.4300000e+01  -4.1746975e+05  -3.4030438e+04
   8.4400000e+01  -3.2657831e+05  -4.1566805e+04
   8.4500000e+01  -2.1446606e+05  -4.4518648e+04
   8.4600000e+01  -1.0007782e+05  -4.1985426e+04
   8.4700000e+01   4.3390728e+03  -3.4262961e+04
   8.4800000e+01   1.0036711e+05  -2.1387123e+04
   8.4900000e+01   1.9392431e+05  -1.5522803e+03
   8.5000000e+01   2.8261875e+05   2.8287723e+04
   8.5100000e+01   3.5553294e+05   6.9419172e+04
   8.5200000e+01   4.0342191e+05   1.1878476e+05
   8.5300000e+01   4.2468841e+05   1.6955950e+05
   8.5400000e+01   4.2098744e+05   2.1437095e+05
   8.5500000e+01   3.9202922e+05   2.4835431e+05
   8.5600000e+01   3.3909519e+05   2.7036656e+05
   8.5700000e+01   2.7182850e+05   2.8276194e+05
   8.5800000e+01   2.0593642e+05   2.9006519e+05
   8.5900000e+01   1.5168947e+05   2.9596100e+05
   8.6000000e+01   1.0710947e+05   2.9949175e+05
   8.6100000e+01   6.4674043e+04   2.9414531e+05
   8.6200000e+01   2.2595586e+04   2.7259759e+05
   8.6300000e+01  -1.3787753e+04   2.3404930e+05
   8.6400000e+01  -4.0563043e+04   1.8670480e+05
   8.6500000e+01  -6.0151031e+04   1.4163747e+05
   8.6600000e+01  -7.5353008e+04   1.0343575e+05
   8.6700000e+01  -8.1963227e+04   6.7241656e+04
   8.6800000e+01  -7.2032164e+04   2.5370297e+04
   8.6900000e+01  -4.4647246e+04  -2.3635639e+04
   8.7000000e+01  -9.6967598e+03  -7.3064797e+04
   8.7100000e+01   2.1259391e+04  -1.1454181e+05
   8.7200000e+01   4.5996371e+04  -1.4525528e+05
   8.7300000e+01   7.1240938e+04  -1.6856730e+05
   8.7400000e+01   1.0249622e+05  -1.8894305e+05
   8.7500000e+01   1.3744095e+05  -2.0773331e+05
   8.7600000e+01   1.7011733e+05  -2.2342772e+05
   8.7700000e+01   1.9856119e+05  -2.3399733e+05
   8.7800000e+01   2.2502536e+05  -2.3787180e+05
   8.7900000e+01   2.4902328e+05  -2.3375711e+05
   8.8000000e+01   2.6347528e+05  -2.2128944e+05
   8.8100000e+01   2.6012055e+05  -2.0204747e+05
   8.8200000e+01   2.3801441e+05  -1.7864555e+05
   8.8300000e+01   2.0465188e+05  -1.5228177e+05
   8.8400000e+01   1.6829395e+05  -1.2229391e+05
   8.8500000e+01   1.3063691e+05  -8.9229250e+04
   8.8600000e+01   8.7960688e+04  -5.7585047e+04
   8.8700000e+01   3.8351422e+04  -3.3562797e+04
   8.8800000e+01  -1.4005801e+04  -1.9238775e+04
   8.8900000e+01  -6.1794410e+04  -9.9338076e+03
   8.9000000e+01  -1.0031659e+05   1.4082234e+03
   8.9100000e+01  -1.2957248e+05   1.7318795e+04
   8.9200000e+01  -1.5186216e+05   3.4132555e+04
   8.9300000e+01  -1.6889628e+05   4.7222852e+04
   8.9400000e+01  -1.8110600e+05   5.6741230e+04
   8.9500000e+01  -1.8827888e+05   6.7084805e+04
   8.9600000e+01  -1.9018688e+05   8.0880984e+04
   8.9700000e+01  -1.8750936e+05   9.4727609e+04
   8.9800000e+01  -1.8296200e+05   1.0192550e+05
   8.9900000e+01  -1.8066889e+05   9.9492078e+04
   9.0000000e+01  -1.8285138e+05   9.1781141e+04
   9.0100000e+01  -1.8696523e+05   8.6468445e+04
   9.0200000e+01  -1.8756897e+05   8.6868469e+04
   9.0300000e+01  -1.8216642e+05   8.8773461e+04
   9.0400000e+01  -1.7463019e+05   8.5438234e+04
   9.0500000e+01  -1.7137464e+05   7.5422828e+04
   9.0600000e+01  -1.7346083e+05   6.4413066e+04
   9.0700000e+01  -1.7318620e+05   5.8493129e+04
   9.0800000e+01  -1.5999172e+05   5.6217543e+04
   9.0900000e+01  -1.3124275e+05   4.8876988e+04
   9.1000000e+01  -9.7797281e+04   2.9376062e+04
   9.1100000e+01  -7.7803961e+04   1.8836426e+01
   9.1200000e+01  -8.2398234e+04  -2.9641205e+04
   9.1300000e+01  -1.0541116e+05  -5.2382254e+04
   9.1400000e+01  -1.2745172e+05  -6.9384234e+04
   9.1500000e+01  -1.3210964e+05  -8.6495812e+04
   9.1600000e+01  -1.1942588e+05  -1.0623436e+05
   9.1700000e+01  -1.0319941e+05  -1.2538945e+05
   9.1800000e+01  -9.4989492e+04  -1.4009531e+05
   9.1900000e+01  -9.1904656e+04  -1.5071278e+05
   9.2000000e+01  -8.0727133e+04  -1.5997017e+05
   9.2100000e+01  -5.2389469e+04  -1.6744134e+05
   9.2200000e+01  -1.0248346e+04  -1.6859003e+05
   9.2300000e+01   3.5203680e+04  -1.6050680e+05
   9.2400000e+01   7.6607203e+04  -1.4709577e+05
   9.2500000e+01   1.1351087e+05  -1.3607009e+05
   9.2600000e+01   1.4892900e+05  -1.2970404e+05
   9.2700000e+01   1.8567817e+05  -1.1950845e+05
   9.2800000e+01   2.2530655e+05  -9.1852383e+04
   9.2900000e+01   2.6628906e+05  -4.0161512e+04
   9.3000000e+01   3.0114675e+05   2.7828279e+04
   9.3100000e+01   3.1860031e+05   9.4601539e+04
   9.3200000e+01   3.1359525e+05   1.4483638e+05
   9.3300000e+01   2.9633334e+05   1.7439056e+05
   9.3400000e+01   2.8777938e+05   1.8992741e+05
   9.3500000e+01   3.0207572e+05   2.0140522e+05
   9.3600000e+01   3.3227428e+05   2.1427198e+05
   9.3700000e+01   3.5478128e+05   2.2644458e+05
   9.3800000e+01   3.4924497e+05   2.3084767e+05
   9.3900000e+01   3.1483606e+05   2.2123642e+05
   9.4000000e+01   2.6819566e+05   1.9767994e+05
   9.4100000e+01   2.2700692e+05   1.6803566e+05
   9.4200000e+01   1.9569034e+05   1.4377756e+05
   9.4300000e+01   1.6486233e+05   1.3255075e+05
   9.4400000e+01   1.2199830e+05   1.3286556e+05
   9.4500000e+01   6.2304555e+04   1.3514370e+05
   9.4600000e+01  -8.3714512e+03   1.2841607e+05
   9.4700000e+01  -7.8753062e+04   1.0760622e+05
   9.4800000e+01  -1.4014622e+05   7.6197867e+04
   9.4900000e+01  -1.9128222e+05   4.2924383e+04
   9.5000000e+01  -2.3684967e+05   1.5522191e+04
   9.5100000e+01  -2.8122278e+05  -3.7691831e+03
   9.5200000e+01  -3.2292559e+05  -1.8245529e+04
   9.5300000e+01  -3.5512788e+05  -3.3247262e+04
   9.5400000e+01  -3.7192972e+05  -5.2361953e+04
   9.5500000e+01  -3.7417022e+05  -7.5884602e+04
   9.5600000e+01  -3.6870356e+05  -1.0167864e+05
   9.5700000e+01  -3.6199391e+05  -1.2688012e+05
   9.5800000e+01  -3.5505994e+05  -1.4906523e+05
   9.5900000e+01  -3.4501994e+05  -1.6668623e+05
   9.6000000e+01  -3.3064709e+05  -1.7938722e+05
   9.6100000e+01  -3.1475016e+05  -1.8865512e+05
   9.6200000e+01  -3.0049031e+05  -1.9827492e+05
   9.6300000e+01  -2.8667484e+05  -2.1306106e+05
   9.6400000e+01  -2.6863481e+05  -2.3502464e+05
   9.6500000e+01  -2.4423045e+05  -2.5923748e+05
   9.6600000e+01  -2.1766328e+05  -2.7425122e+05
   9.6700000e+01  -1.9603522e+05  -2.6933400e+05
   9.6800000e+01  -1.8233808e+05  -2.4339523e+05
   9.6900000e+01  -1.7267569e+05  -2.0634134e+05
   9.7000000e+01  -1.5998486e+05  -1.6981334e+05
   9.7100000e+01  -1.3895936e+05  -1.3601483e+05
   9.7200000e+01  -1.0713467e+05  -9.6943531e+04
   9.7300000e+01  -6.3753570e+04  -4.5684559e+04
   9.7400000e+01  -1.0837228e+04   1.2438248e+04
   9.7500000e+01   4.4291574e+04   6.1762164e+04
   9.7600000e+01   9.0713273e+04   9.0086516e+04
   9.7700000e+01   1.2146955e+05   1.0019907e+05
   9.7800000e+01   1.3983377e+05   1.0742880e+05
   9.7900000e+01   1.5619791e+05   1.2597572e+05
   9.8000000e+01   1.7760025e+05   1.5712272e+05
   9.8100000e+01   2.0105736e+05   1.8913170e+05
   9.8200000e+01   2.1789836e+05   2.0733897e+05
   9.8300000e+01   2.2355967e+05   2.0530500e+05
   9.8400000e+01   2.2157638e+05   1.8882919e+05
   9.8500000e+01   2.1846875e+05   1.7096098e+05
   9.8600000e+01   2.1701697e+05   1.6251253e+05
   9.8700000e+01   2.1551956e+05   1.6536795e+05
   9.8800000e+01   2.1157931e+05   1.7329598e+05
   9.8900000e+01   2.0391028e+05   1.7837225e+05
   9.9000000e+01   1.9064253e+05   1.7630184e+05
   9.9100000e+01   1.6898022e+05   1.6628434e+05
   9.9200000e+01   1.3898780e+05   1.4815908e+05
   9.9300000e+01   1.0698902e+05   1.2245189e+05
   9.9400000e+01   8.2704242e+04   9.3576383e+04
   9.9500000e+01   7.1559844e+04   7.0184820e+04
   9.9600000e+01   7.0062602e+04   5.9099668e+04
   9.9700000e+01   6.9237328e+04   5.8263973e+04
   9.9800000e+01   6.2389012e+04   5.7478449e+04
   9.9900000e+01   4.9185723e+04   4.7561004e+04
   1.0000000e+02   3.3231578e+04   2.8757625e+04
