   1.1851270e+02   3.6301420e+01   1.8450000e+02
   1.1901712e+02   3.6600428e+01   7.5900000e+01
   0.0000000e+00  -9.0326234e+04  -9.0326234e+04
   1.0000000e-01  -9.6924258e+04  -8.5418812e+04
   2.0000000e-01  -1.2511409e+05  -5.6696145e+04
   3.0000000e-01  -1.7062377e+05   3.6405684e+03
   4.0000000e-01  -2.0846158e+05   7.9117875e+04
   5.0000000e-01  -2.1496798e+05   1.4408291e+05
   6.0000000e-01  -1.8834248e+05   1.8496827e+05
   7.0000000e-01  -1.4992716e+05   2.0828280e+05
   8.0000000e-01  -1.2599792e+05   2.3054208e+05
   9.0000000e-01  -1.2592096e+05   2.6205822e+05
   1.0000000e+00  -1.3463222e+05   2.9922119e+05
   1.1000000e+00  -1.2540839e+05   3.2928512e+05
   1.2000000e+00  -8.2709336e+04   3.4082312e+05
   1.3000000e+00  -1.6612289e+04   3.3128425e+05
   1.4000000e+00   4.3350648e+04   3.0811406e+05
   1.5000000e+00   7.0470172e+04   2.8428028e+05
   1.6000000e+00   6.1138246e+04   2.7031769e+05
   1.7000000e+00   3.6524133e+04   2.6621547e+05
   1.8000000e+00   2.4757230e+04   2.5884611e+05
   1.9000000e+00   3.8650289e+04   2.2983753e+05
   2.0000000e+00   6.6478750e+04   1.7110494e+05
   2.1000000e+00   8.1742664e+04   9.5717703e+04
   2.2000000e+00   6.3305355e+04   3.1887590e+04
   2.3000000e+00   1.0900471e+04   1.8643281e+03
   2.4000000e+00  -5.4571035e+04   3.5138242e+03
   2.5000000e+00  -1.0565688e+05   1.2413594e+04
   2.6000000e+00  -1.2710081e+05   3.4739844e+03
   2.7000000e+00  -1.2454964e+05  -2.8251887e+04
   2.8000000e+00  -1.1638079e+05  -6.6980266e+04
   2.9000000e+00  -1.1580315e+05  -9.4772758e+04
   3.0000000e+00  -1.1939659e+05  -1.1009189e+05
   3.1000000e+00  -1.1274459e+05  -1.2948108e+05
   3.2000000e+00  -8.7476383e+04  -1.7325836e+05
   3.3000000e+00  -5.2423047e+04  -2.4954595e+05
   3.4000000e+00  -2.6866385e+04  -3.4895000e+05
   3.5000000e+00  -2.1468432e+04  -4.5126131e+05
   3.6000000e+00  -2.5119322e+04  -5.3764300e+05
   3.7000000e+00  -1.1111355e+04  -6.0059019e+05
   3.8000000e+00   4.1607910e+04  -6.4609019e+05
   3.9000000e+00   1.3016277e+05  -6.8615012e+05
   4.0000000e+00   2.2810000e+05  -7.2603744e+05
   4.1000000e+00   3.0408809e+05  -7.5628644e+05
   4.2000000e+00   3.4345969e+05  -7.5766200e+05
   4.3000000e+00   3.5523156e+05  -7.1625269e+05
   4.4000000e+00   3.5970878e+05  -6.3533144e+05
   4.5000000e+00   3.6784559e+05  -5.3254631e+05
   4.6000000e+00   3.6998878e+05  -4.2494025e+05
   4.7000000e+00   3.4334775e+05  -3.1610844e+05
   4.8000000e+00   2.7166666e+05  -1.9707995e+05
   4.9000000e+00   1.6049439e+05  -5.8713984e+04
   5.0000000e+00   3.5444543e+04   9.6749109e+04
   5.1000000e+00  -7.4870102e+04   2.5476245e+05
   5.2000000e+00  -1.5723597e+05   3.9766538e+05
   5.3000000e+00  -2.1909148e+05   5.1607781e+05
   5.4000000e+00  -2.7714259e+05   6.1428331e+05
   5.5000000e+00  -3.3902284e+05   7.0552706e+05
   5.6000000e+00  -3.9287103e+05   7.9919281e+05
   5.7000000e+00  -4.1339106e+05   8.8852838e+05
   5.8000000e+00  -3.8022953e+05   9.5036312e+05
   5.9000000e+00  -2.9500441e+05   9.6078525e+05
   6.0000000e+00  -1.8410056e+05   9.1558694e+05
   6.1000000e+00  -8.4692297e+04   8.3616625e+05
   6.2000000e+00  -2.3526695e+04   7.5276600e+05
   6.3000000e+00  -3.0918738e+03   6.7943912e+05
   6.4000000e+00  -4.6245903e+03   6.0522956e+05
   6.5000000e+00  -5.6582334e+03   5.1062950e+05
   6.6000000e+00   8.7922412e+02   3.9235119e+05
   6.7000000e+00   1.1513992e+03   2.7091456e+05
   6.8000000e+00  -2.5931270e+04   1.7381345e+05
   6.9000000e+00  -8.6329930e+04   1.1193205e+05
   7.0000000e+00  -1.5971023e+05   7.1976703e+04
   7.1000000e+00  -2.1147595e+05   2.9797420e+04
   7.2000000e+00  -2.1886619e+05  -3.0200016e+04
   7.3000000e+00  -1.8735677e+05  -1.0628520e+05
   7.4000000e+00  -1.4187220e+05  -1.8475639e+05
   7.5000000e+00  -1.0190460e+05  -2.5128377e+05
   7.6000000e+00  -6.5331809e+04  -2.9959584e+05
   7.7000000e+00  -1.5690051e+04  -3.3411709e+05
   7.8000000e+00   5.7035867e+04  -3.6627247e+05
   7.9000000e+00   1.4453761e+05  -4.0565103e+05
   8.0000000e+00   2.2770611e+05  -4.5100347e+05
   8.1000000e+00   2.9283872e+05  -4.8917984e+05
   8.2000000e+00   3.3895891e+05  -5.0544884e+05
   8.3000000e+00   3.7115491e+05  -4.9731097e+05
   8.4000000e+00   3.9004984e+05  -4.7804575e+05
   8.5000000e+00   3.8890609e+05  -4.6474878e+05
   8.6000000e+00   3.5930481e+05  -4.6137584e+05
   8.7000000e+00   2.9809906e+05  -4.5344519e+05
   8.8000000e+00   2.1004314e+05  -4.2023969e+05
   8.9000000e+00   1.0617204e+05  -3.5352016e+05
   9.0000000e+00  -2.6812402e+02  -2.6581938e+05
   9.1000000e+00  -9.9556977e+04  -1.8140638e+05
   9.2000000e+00  -1.9028731e+05  -1.1828333e+05
   9.3000000e+00  -2.7764709e+05  -7.6146680e+04
   9.4000000e+00  -3.6324197e+05  -3.8939648e+04
   9.5000000e+00  -4.3457047e+05   1.1400113e+04
   9.6000000e+00  -4.6660772e+05   8.1148031e+04
   9.7000000e+00  -4.3770862e+05   1.6081470e+05
   9.8000000e+00  -3.4653662e+05   2.3273061e+05
   9.9000000e+00  -2.1434758e+05   2.8337116e+05
   1.0000000e+01  -7.1416312e+04   3.1069256e+05
   1.0100000e+01   5.9051195e+04   3.2147450e+05
   1.0200000e+01   1.6730272e+05   3.2209597e+05
   1.0300000e+01   2.5365445e+05   3.1124897e+05
   1.0400000e+01   3.2225384e+05   2.8068212e+05
   1.0500000e+01   3.7580119e+05   2.2274002e+05
   1.0600000e+01   4.1142425e+05   1.3799103e+05
   1.0700000e+01   4.1993109e+05   3.6928949e+04
   1.0800000e+01   3.9163012e+05  -6.4967336e+04
   1.0900000e+01   3.2565650e+05  -1.5466358e+05
   1.1000000e+01   2.3363797e+05  -2.2644098e+05
   1.1100000e+01   1.3315262e+05  -2.8191547e+05
   1.1200000e+01   3.7801457e+04  -3.2642638e+05
   1.1300000e+01  -4.6030828e+04  -3.6459791e+05
   1.1400000e+01  -1.1485497e+05  -3.9712444e+05
   1.1500000e+01  -1.6419456e+05  -4.1943941e+05
   1.1600000e+01  -1.9018630e+05  -4.2249431e+05
   1.1700000e+01  -1.9276897e+05  -3.9587491e+05
   1.1800000e+01  -1.7497173e+05  -3.3243941e+05
   1.1900000e+01  -1.3970991e+05  -2.3198175e+05
   1.2000000e+01  -8.9606500e+04  -1.0162186e+05
   1.2100000e+01  -3.0560480e+04   4.6529418e+04
   1.2200000e+01   2.6474668e+04   1.9762361e+05
   1.2300000e+01   6.9546031e+04   3.3503544e+05
   1.2400000e+01   9.2368633e+04   4.4232147e+05
   1.2500000e+01   9.6830539e+04   5.0842128e+05
   1.2600000e+01   8.8844992e+04   5.3353600e+05
   1.2700000e+01   7.1846453e+04   5.2942994e+05
   1.2800000e+01   4.4237141e+04   5.1129238e+05
   1.2900000e+01   2.8489492e+03   4.8652088e+05
   1.3000000e+01  -5.1435547e+04   4.5010478e+05
   1.3100000e+01  -1.1170448e+05   3.9119741e+05
   1.3200000e+01  -1.6860486e+05   3.0533222e+05
   1.3300000e+01  -2.1553939e+05   2.0130566e+05
   1.3400000e+01  -2.4992878e+05   9.6411031e+04
   1.3500000e+01  -2.6981184e+05   4.2558945e+03
   1.3600000e+01  -2.7091922e+05  -7.3879234e+04
   1.3700000e+01  -2.4905288e+05  -1.4652497e+05
   1.3800000e+01  -2.0596988e+05  -2.2103653e+05
   1.3900000e+01  -1.5181675e+05  -2.9441022e+05
   1.4000000e+01  -9.9989930e+04  -3.5386094e+05
   1.4100000e+01  -5.8322984e+04  -3.8549838e+05
   1.4200000e+01  -2.4857984e+04  -3.8234906e+05
   1.4300000e+01   7.6139121e+03  -3.4536912e+05
   1.4400000e+01   4.2355977e+04  -2.7948844e+05
   1.4500000e+01   7.3311336e+04  -1.9128078e+05
   1.4600000e+01   8.8557211e+04  -9.0631688e+04
   1.4700000e+01   7.9698500e+04   8.2875186e+03
   1.4800000e+01   4.9009953e+04   9.1650461e+04
   1.4900000e+01   8.0092090e+03   1.5353419e+05
   1.5000000e+01  -3.1379641e+04   1.9799103e+05
   1.5100000e+01  -6.5283004e+04   2.3180469e+05
   1.5200000e+01  -9.8365531e+04   2.5472148e+05
   1.5300000e+01  -1.3590283e+05   2.5791308e+05
   1.5400000e+01  -1.7482458e+05   2.3312992e+05
   1.5500000e+01  -2.0236688e+05   1.8338817e+05
   1.5600000e+01  -2.0411928e+05   1.2405872e+05
   1.5700000e+01  -1.7441286e+05   7.2925172e+04
   1.5800000e+01  -1.1967817e+05   3.8562582e+04
   1.5900000e+01  -5.2181859e+04   1.7529555e+04
   1.6000000e+01   1.9092268e+04   2.2176523e+03
   1.6100000e+01   9.1441578e+04  -8.3725625e+03
   1.6200000e+01   1.6376562e+05  -4.7955469e+03
   1.6300000e+01   2.3147402e+05   2.6324973e+04
   1.6400000e+01   2.8819362e+05   9.1083141e+04
   1.6500000e+01   3.3243606e+05   1.8184708e+05
   1.6600000e+01   3.7025738e+05   2.8042372e+05
   1.6700000e+01   4.0887403e+05   3.6722869e+05
   1.6800000e+01   4.4696756e+05   4.2887019e+05
   1.6900000e+01   4.7207419e+05   4.5993656e+05
   1.7000000e+01   4.6823659e+05   4.6043184e+05
   1.7100000e+01   4.2661562e+05   4.3200762e+05
   1.7200000e+01   3.5006019e+05   3.7444284e+05
   1.7300000e+01   2.5021155e+05   2.8356734e+05
   1.7400000e+01   1.4210214e+05   1.5340759e+05
   1.7500000e+01   3.9769293e+04  -1.6318944e+04
   1.7600000e+01  -4.7676234e+04  -2.1244588e+05
   1.7700000e+01  -1.1915898e+05  -4.0891438e+05
   1.7800000e+01  -1.7995172e+05  -5.7814094e+05
   1.7900000e+01  -2.3356033e+05  -7.0480419e+05
   1.8000000e+01  -2.7397638e+05  -7.9044369e+05
   1.8100000e+01  -2.8816959e+05  -8.4608444e+05
   1.8200000e+01  -2.6897788e+05  -8.8100906e+05
   1.8300000e+01  -2.2553200e+05  -8.9704200e+05
   1.8400000e+01  -1.7859119e+05  -8.9013725e+05
   1.8500000e+01  -1.4368152e+05  -8.5511100e+05
   1.8600000e+01  -1.1871784e+05  -7.9008612e+05
   1.8700000e+01  -8.8746070e+04  -6.9951875e+05
   1.8800000e+01  -4.2860695e+04  -5.9376462e+05
   1.8900000e+01   1.3413270e+04  -4.8306978e+05
   1.9000000e+01   6.1094555e+04  -3.6938716e+05
   1.9100000e+01   8.1315711e+04  -2.4515362e+05
   1.9200000e+01   6.6300578e+04  -1.0369219e+05
   1.9300000e+01   2.0186557e+04   4.7458359e+04
   1.9400000e+01  -4.6713738e+04   1.8560881e+05
   1.9500000e+01  -1.2239445e+05   2.8865706e+05
   1.9600000e+01  -1.9393789e+05   3.5338838e+05
   1.9700000e+01  -2.4862016e+05   3.9775753e+05
   1.9800000e+01  -2.7850631e+05   4.4427112e+05
   1.9900000e+01  -2.8516988e+05   5.0044088e+05
   2.0000000e+01  -2.7817684e+05   5.5412375e+05
   2.0100000e+01  -2.6640703e+05   5.8605219e+05
   2.0200000e+01  -2.4939447e+05   5.8644875e+05
   2.0300000e+01  -2.1711994e+05   5.6154119e+05
   2.0400000e+01  -1.5917955e+05   5.2666481e+05
   2.0500000e+01  -7.5603695e+04   4.9349409e+05
   2.0600000e+01   1.9965578e+04   4.6180294e+05
   2.0700000e+01   1.0764368e+05   4.2141906e+05
   2.0800000e+01   1.7357292e+05   3.6225309e+05
   2.0900000e+01   2.1741614e+05   2.8435984e+05
   2.1000000e+01   2.4912850e+05   1.9992231e+05
   2.1100000e+01   2.7820241e+05   1.2546762e+05
   2.1200000e+01   3.0554744e+05   7.0713609e+04
   2.1300000e+01   3.2555594e+05   3.3151211e+04
   2.1400000e+01   3.3504581e+05   2.4392441e+03
   2.1500000e+01   3.3798775e+05  -2.9276402e+04
   2.1600000e+01   3.3987578e+05  -5.9182352e+04
   2.1700000e+01   3.3854178e+05  -7.3809375e+04
   2.1800000e+01   3.2363403e+05  -5.7512816e+04
   2.1900000e+01   2.8720906e+05  -3.9620137e+03
   2.2000000e+01   2.3390480e+05   7.7342312e+04
   2.2100000e+01   1.7824420e+05   1.6474622e+05
   2.2200000e+01   1.3085250e+05   2.3622811e+05
   2.2300000e+01   8.8266203e+04   2.8046469e+05
   2.2400000e+01   3.7326234e+04   2.9860450e+05
   2.2500000e+01  -3.0701242e+04   2.9631731e+05
   2.2600000e+01  -1.1090023e+05   2.7449588e+05
   2.2700000e+01  -1.8867348e+05   2.2775269e+05
   2.2800000e+01  -2.5146227e+05   1.5171488e+05
   2.2900000e+01  -2.9670362e+05   5.1338664e+04
   2.3000000e+01  -3.3021341e+05  -5.8285859e+04
   2.3100000e+01  -3.5829550e+05  -1.5973227e+05
   2.3200000e+01  -3.8081897e+05  -2.4290216e+05
   2.3300000e+01  -3.9050244e+05  -3.0874091e+05
   2.3400000e+01  -3.7909578e+05  -3.6470684e+05
   2.3500000e+01  -3.4615944e+05  -4.1610159e+05
   2.3600000e+01  -3.0281000e+05  -4.5981412e+05
   2.3700000e+01  -2.6510159e+05  -4.8491544e+05
   2.3800000e+01  -2.4068092e+05  -4.7993925e+05
   2.3900000e+01  -2.2067933e+05  -4.4206925e+05
   2.4000000e+01  -1.8634342e+05  -3.8137394e+05
   2.4100000e+01  -1.2634107e+05  -3.1598197e+05
   2.4200000e+01  -4.9001895e+04  -2.6095125e+05
   2.4300000e+01   2.2878213e+04  -2.1927281e+05
   2.4400000e+01   7.0603234e+04  -1.8217075e+05
   2.4500000e+01   9.4267336e+04  -1.3807416e+05
   2.4600000e+01   1.1003455e+05  -8.2644938e+04
   2.4700000e+01   1.3341572e+05  -2.2449023e+04
   2.4800000e+01   1.6499052e+05   2.9139822e+04
   2.4900000e+01   1.9134827e+05   5.9903074e+04
   2.5000000e+01   1.9833014e+05   6.5604117e+04
   2.5100000e+01   1.8254105e+05   5.2087617e+04
   2.5200000e+01   1.5114203e+05   3.1132082e+04
   2.5300000e+01   1.1297895e+05   1.2057773e+04
   2.5400000e+01   7.1507367e+04  -4.7095918e+03
   2.5500000e+01   2.5418393e+04  -2.5896479e+04
   2.5600000e+01  -2.6175549e+04  -5.6290344e+04
   2.5700000e+01  -8.0299906e+04  -9.1291281e+04
   2.5800000e+01  -1.3071268e+05  -1.1943484e+05
   2.5900000e+01  -1.7035470e+05  -1.3272052e+05
   2.6000000e+01  -1.9326427e+05  -1.3358127e+05
   2.6100000e+01  -1.9575786e+05  -1.3058827e+05
   2.6200000e+01  -1.7751514e+05  -1.2728835e+05
   2.6300000e+01  -1.4218369e+05  -1.1613903e+05
   2.6400000e+01  -9.6219805e+04  -8.4154180e+04
   2.6500000e+01  -4.5339062e+04  -2.4848637e+04
   2.6600000e+01   9.8563818e+03   5.4925844e+04
   2.6700000e+01   7.5167523e+04   1.3932575e+05
   2.6800000e+01   1.5762784e+05   2.1470233e+05
   2.6900000e+01   2.5588558e+05   2.7781612e+05
   2.7000000e+01   3.5471594e+05   3.3482841e+05
   2.7100000e+01   4.3165753e+05   3.9313094e+05
   2.7200000e+01   4.7302288e+05   4.5345856e+05
   2.7300000e+01   4.8521481e+05   5.0817050e+05
   2.7400000e+01   4.8916869e+05   5.4571406e+05
   2.7500000e+01   5.0163659e+05   5.5694569e+05
   2.7600000e+01   5.2080728e+05   5.3921750e+05
   2.7700000e+01   5.2988056e+05   4.9695438e+05
   2.7800000e+01   5.1426619e+05   4.3936378e+05
   2.7900000e+01   4.7511000e+05   3.7622669e+05
   2.8000000e+01   4.2673628e+05   3.1323116e+05
   2.8100000e+01   3.8177950e+05   2.4954859e+05
   2.8200000e+01   3.3857319e+05   1.8010241e+05
   2.8300000e+01   2.8199381e+05   1.0154798e+05
   2.8400000e+01   1.9670119e+05   1.6947844e+04
   2.8500000e+01   8.1610672e+04  -6.5568578e+04
   2.8600000e+01  -4.6485742e+04  -1.3921138e+05
   2.8700000e+01  -1.6385827e+05  -2.0365447e+05
   2.8800000e+01  -2.5714778e+05  -2.6381156e+05
   2.8900000e+01  -3.3257191e+05  -3.2408609e+05
   2.9000000e+01  -4.0847466e+05  -3.8429612e+05
   2.9100000e+01  -4.9726538e+05  -4.4034738e+05
   2.9200000e+01  -5.9287719e+05  -4.8694247e+05
   2.9300000e+01  -6.7487188e+05  -5.1903550e+05
   2.9400000e+01  -7.2463662e+05  -5.3282875e+05
   2.9500000e+01  -7.3848412e+05  -5.2817169e+05
   2.9600000e+01  -7.2698050e+05  -5.1001438e+05
   2.9700000e+01  -7.0339188e+05  -4.8481284e+05
   2.9800000e+01  -6.7268512e+05  -4.5376288e+05
   2.9900000e+01  -6.2961912e+05  -4.1091031e+05
   3.0000000e+01  -5.6571644e+05  -3.4995325e+05
   3.0100000e+01  -4.7875794e+05  -2.7257756e+05
   3.0200000e+01  -3.7782725e+05  -1.8845128e+05
   3.0300000e+01  -2.8018800e+05  -1.0739027e+05
   3.0400000e+01  -2.0159917e+05  -3.3905836e+04
   3.0500000e+01  -1.4678670e+05   3.0005875e+04
   3.0600000e+01  -1.0759448e+05   7.9846422e+04
   3.0700000e+01  -7.0474453e+04   1.0977081e+05
   3.0800000e+01  -2.6844725e+04   1.1847128e+05
   3.0900000e+01   2.2394773e+04   1.1119831e+05
   3.1000000e+01   7.0831273e+04   9.5020922e+04
   3.1100000e+01   1.1394591e+05   7.3960047e+04
   3.1200000e+01   1.5324644e+05   5.0143609e+04
   3.1300000e+01   1.9472312e+05   2.8091434e+04
   3.1400000e+01   2.4378662e+05   1.5029891e+04
   3.1500000e+01   3.0037834e+05   1.6131098e+04
   3.1600000e+01   3.5749016e+05   3.0656824e+04
   3.1700000e+01   4.0467088e+05   5.3749648e+04
   3.1800000e+01   4.3452762e+05   8.1652258e+04
   3.1900000e+01   4.4672628e+05   1.1458338e+05
   3.2000000e+01   4.4535444e+05   1.5469909e+05
   3.2100000e+01   4.3229328e+05   2.0189317e+05
   3.2200000e+01   4.0427188e+05   2.5208816e+05
   3.2300000e+01   3.5769322e+05   2.9985041e+05
   3.2400000e+01   2.9640138e+05   3.4249509e+05
   3.2500000e+01   2.3365508e+05   3.8097553e+05
   3.2600000e+01   1.8522261e+05   4.1634809e+05
   3.2700000e+01   1.5915167e+05   4.4617069e+05
   3.2800000e+01   1.5048992e+05   4.6581056e+05
   3.2900000e+01   1.4485275e+05   4.7353981e+05
   3.3000000e+01   1.2847045e+05   4.7293575e+05
   3.3100000e+01   9.8337086e+04   4.6902197e+05
   3.3200000e+01   6.5392305e+04   4.6237272e+05
   3.3300000e+01   4.7153438e+04   4.4773175e+05
   3.3400000e+01   5.3781117e+04   4.1783462e+05
   3.3500000e+01   7.8222750e+04   3.6756397e+05
   3.3600000e+01   9.9434266e+04   2.9519812e+05
   3.3700000e+01   9.7108906e+04   2.0221480e+05
   3.3800000e+01   6.6253266e+04   9.3491055e+04
   3.3900000e+01   2.0185889e+04  -2.3259096e+04
   3.4000000e+01  -1.9671332e+04  -1.4002775e+05
   3.4100000e+01  -3.9076379e+04  -2.5093928e+05
   3.4200000e+01  -4.0721812e+04  -3.5178369e+05
   3.4300000e+01  -4.2149414e+04  -4.3786153e+05
   3.4400000e+01  -6.2799234e+04  -5.0415341e+05
   3.4500000e+01  -1.0857598e+05  -5.4879875e+05
   3.4600000e+01  -1.6588866e+05  -5.7582344e+05
   3.4700000e+01  -2.1162261e+05  -5.9273344e+05
   3.4800000e+01  -2.3194158e+05  -6.0367431e+05
   3.4900000e+01  -2.3302428e+05  -6.0390562e+05
   3.5000000e+01  -2.3301766e+05  -5.8152869e+05
   3.5100000e+01  -2.4291420e+05  -5.2715775e+05
   3.5200000e+01  -2.5562338e+05  -4.4478962e+05
   3.5300000e+01  -2.5384423e+05  -3.5372100e+05
   3.5400000e+01  -2.2761953e+05  -2.7730297e+05
   3.5500000e+01  -1.8340064e+05  -2.2677895e+05
   3.5600000e+01  -1.3703491e+05  -1.9500659e+05
   3.5700000e+01  -1.0000915e+05  -1.6622403e+05
   3.5800000e+01  -7.3038297e+04  -1.3169164e+05
   3.5900000e+01  -5.0961723e+04  -9.5364422e+04
   3.6000000e+01  -3.1159197e+04  -6.5649359e+04
   3.6100000e+01  -1.6314083e+04  -4.4539996e+04
   3.6200000e+01  -1.0084418e+04  -2.6197320e+04
   3.6300000e+01  -1.1450254e+04  -4.3044307e+03
   3.6400000e+01  -1.3770311e+04   2.1802100e+04
   3.6500000e+01  -9.3574482e+03   4.8097535e+04
   3.6600000e+01   4.7998398e+03   7.0430500e+04
   3.6700000e+01   2.5349605e+04   8.7128508e+04
   3.6800000e+01   4.6174078e+04   9.9250711e+04
   3.6900000e+01   6.3599449e+04   1.1086822e+05
   3.7000000e+01   7.8459883e+04   1.2880877e+05
   3.7100000e+01   9.4055102e+04   1.5929836e+05
   3.7200000e+01   1.1326247e+05   2.0257208e+05
   3.7300000e+01   1.3776384e+05   2.5068705e+05
   3.7400000e+01   1.6845498e+05   2.9160075e+05
   3.7500000e+01   2.0432936e+05   3.1623028e+05
   3.7600000e+01   2.4011388e+05   3.2273556e+05
   3.7700000e+01   2.6628259e+05   3.1601966e+05
   3.7800000e+01   2.7338512e+05   3.0455338e+05
   3.7900000e+01   2.5741736e+05   2.9648384e+05
   3.8000000e+01   2.2108333e+05   2.9541956e+05
   3.8100000e+01   1.7013483e+05   2.9750622e+05
   3.8200000e+01   1.0927061e+05   2.9325025e+05
   3.8300000e+01   4.1808609e+04   2.7479928e+05
   3.8400000e+01  -2.7846725e+04   2.4317938e+05
   3.8500000e+01  -9.3332922e+04   2.0816005e+05
   3.8600000e+01  -1.4906631e+05   1.7996602e+05
   3.8700000e+01  -1.9380409e+05   1.6053283e+05
   3.8800000e+01  -2.3094708e+05   1.4269297e+05
   3.8900000e+01  -2.6486762e+05   1.1761283e+05
   3.9000000e+01  -2.9642222e+05   8.2892156e+04
   3.9100000e+01  -3.2129000e+05   4.4083305e+04
   3.9200000e+01  -3.3220919e+05   9.4895439e+03
   3.9300000e+01  -3.2342791e+05  -1.6126642e+04
   3.9400000e+01  -2.9449166e+05  -3.3941707e+04
   3.9500000e+01  -2.5089734e+05  -4.9176883e+04
   3.9600000e+01  -2.0100619e+05  -6.7475195e+04
   3.9700000e+01  -1.5137053e+05  -9.1641250e+04
   3.9800000e+01  -1.0419098e+05  -1.1969457e+05
   3.9900000e+01  -5.8763801e+04  -1.4549103e+05
   4.0000000e+01  -1.4837493e+04  -1.6297573e+05
   4.0100000e+01   2.5803703e+04  -1.7201666e+05
   4.0200000e+01   6.0490066e+04  -1.8031214e+05
   4.0300000e+01   8.7203336e+04  -1.9777575e+05
   4.0400000e+01   1.0468250e+05  -2.2739642e+05
   4.0500000e+01   1.1227995e+05  -2.6174908e+05
   4.0600000e+01   1.1111904e+05  -2.8958878e+05
   4.0700000e+01   1.0514605e+05  -3.0616209e+05
   4.0800000e+01   9.9506156e+04  -3.1634916e+05
   4.0900000e+01   9.7037609e+04  -3.2747656e+05
   4.1000000e+01   9.6861172e+04  -3.4004347e+05
   4.1100000e+01   9.6786773e+04  -3.4651059e+05
   4.1200000e+01   9.6328602e+04  -3.3879628e+05
   4.1300000e+01   9.6644266e+04  -3.1555638e+05
   4.1400000e+01   9.8289844e+04  -2.8146147e+05
   4.1500000e+01   1.0039314e+05  -2.4034655e+05
   4.1600000e+01   1.0197701e+05  -1.9074156e+05
   4.1700000e+01   1.0278379e+05  -1.2882048e+05
   4.1800000e+01   1.0249196e+05  -5.5041031e+04
   4.1900000e+01   1.0064520e+05   2.3150305e+04
   4.2000000e+01   9.8576328e+04   9.5461078e+04
   4.2100000e+01   1.0034926e+05   1.5536812e+05
   4.2200000e+01   1.0969634e+05   2.0300336e+05
   4.2300000e+01   1.2552947e+05   2.4274186e+05
   4.2400000e+01   1.4184780e+05   2.7896297e+05
   4.2500000e+01   1.5304469e+05   3.1372472e+05
   4.2600000e+01   1.5863981e+05   3.4681947e+05
   4.2700000e+01   1.6197725e+05   3.7654156e+05
   4.2800000e+01   1.6496698e+05   4.0025362e+05
   4.2900000e+01   1.6546920e+05   4.1514047e+05
   4.3000000e+01   1.5987486e+05   4.1925284e+05
   4.3100000e+01   1.4689172e+05   4.1202828e+05
   4.3200000e+01   1.2801342e+05   3.9380544e+05
   4.3300000e+01   1.0515548e+05   3.6503269e+05
   4.3400000e+01   7.9095398e+04   3.2602438e+05
   4.3500000e+01   5.0130715e+04   2.7704922e+05
   4.3600000e+01   1.8964656e+04   2.1811738e+05
   4.3700000e+01  -1.3951517e+04   1.4886573e+05
   4.3800000e+01  -4.9585586e+04   6.9653969e+04
   4.3900000e+01  -8.9925953e+04  -1.6393471e+04
   4.4000000e+01  -1.3586578e+05  -1.0265448e+05
   4.4100000e+01  -1.8521336e+05  -1.8126795e+05
   4.4200000e+01  -2.3240619e+05  -2.4673383e+05
   4.4300000e+01  -2.7004950e+05  -2.9719847e+05
   4.4400000e+01  -2.9175866e+05  -3.3224894e+05
   4.4500000e+01  -2.9573941e+05  -3.5033622e+05
   4.4600000e+01  -2.8754009e+05  -3.4939119e+05
   4.4700000e+01  -2.7901956e+05  -3.2988334e+05
   4.4800000e+01  -2.8175934e+05  -2.9616022e+05
   4.4900000e+01  -2.9805262e+05  -2.5411298e+05
   4.5000000e+01  -3.1709178e+05  -2.0807044e+05
   4.5100000e+01  -3.2181222e+05  -1.6060147e+05
   4.5200000e+01  -3.0258075e+05  -1.1460080e+05
   4.5300000e+01  -2.6592150e+05  -7.3868906e+04
   4.5400000e+01  -2.2932111e+05  -4.0913039e+04
   4.5500000e+01  -2.0600922e+05  -1.5187285e+04
   4.5600000e+01  -1.9383916e+05   5.1406753e+03
   4.5700000e+01  -1.7862386e+05   1.9566641e+04
   4.5800000e+01  -1.4782759e+05   2.4286334e+04
   4.5900000e+01  -1.0068112e+05   1.5439315e+04
   4.6000000e+01  -4.5833688e+04  -6.7910425e+03
   4.6100000e+01   8.8068076e+03  -3.7343305e+04
   4.6200000e+01   6.2562898e+04  -6.9085875e+04
   4.6300000e+01   1.1950483e+05  -9.6236602e+04
   4.6400000e+01   1.8213178e+05  -1.1567428e+05
   4.6500000e+01   2.4890486e+05  -1.2600338e+05
   4.6600000e+01   3.1674075e+05  -1.2600248e+05
   4.6700000e+01   3.8331609e+05  -1.1406327e+05
   4.6800000e+01   4.4553259e+05  -8.9184648e+04
   4.6900000e+01   4.9671181e+05  -5.2721305e+04
   4.7000000e+01   5.2759406e+05  -9.0452676e+03
   4.7100000e+01   5.3189400e+05   3.6216594e+04
   4.7200000e+01   5.1131059e+05   7.9338992e+04
   4.7300000e+01   4.7447719e+05   1.1997159e+05
   4.7400000e+01   4.3020622e+05   1.5902228e+05
   4.7500000e+01   3.8145075e+05   1.9498634e+05
   4.7600000e+01   3.2597362e+05   2.2307222e+05
   4.7700000e+01   2.6260078e+05   2.3877438e+05
   4.7800000e+01   1.9547527e+05   2.4228739e+05
   4.7900000e+01   1.3071700e+05   2.3853123e+05
   4.8000000e+01   6.9223047e+04   2.3203333e+05
   4.8100000e+01   5.2461040e+03   2.2170227e+05
   4.8200000e+01  -6.5717484e+04   2.0099027e+05
   4.8300000e+01  -1.3843564e+05   1.6353241e+05
   4.8400000e+01  -2.0034069e+05   1.0916645e+05
   4.8500000e+01  -2.4402720e+05   4.5523223e+04
   4.8600000e+01  -2.7576669e+05  -1.5280823e+04
   4.8700000e+01  -3.0920234e+05  -6.2034262e+04
   4.8800000e+01  -3.5061944e+05  -8.9062070e+04
   4.8900000e+01  -3.9226059e+05  -9.8367312e+04
   4.9000000e+01  -4.2039447e+05  -9.8097125e+04
   4.9100000e+01  -4.2789019e+05  -9.7389375e+04
   4.9200000e+01  -4.1795116e+05  -1.0047094e+05
   4.9300000e+01  -3.9817697e+05  -1.0453768e+05
   4.9400000e+01  -3.7427450e+05  -1.0326727e+05
   4.9500000e+01  -3.4887294e+05  -9.2610492e+04
   4.9600000e+01  -3.2215394e+05  -7.3524789e+04
   4.9700000e+01  -2.9108562e+05  -4.9940891e+04
   4.9800000e+01  -2.5037481e+05  -2.5093260e+04
   4.9900000e+01  -1.9803888e+05   5.1082031e+01
   5.0000000e+01  -1.4049628e+05   2.5774363e+04
   5.0100000e+01  -8.9334336e+04   5.1902199e+04
   5.0200000e+01  -5.1153367e+04   7.6807539e+04
   5.0300000e+01  -2.1536686e+04   9.7440477e+04
   5.0400000e+01   9.6760918e+03   1.1064973e+05
   5.0500000e+01   4.7812320e+04   1.1543407e+05
   5.0600000e+01   8.8973742e+04   1.1395549e+05
   5.0700000e+01   1.2487149e+05   1.0925026e+05
   5.0800000e+01   1.4974125e+05   1.0134419e+05
   5.0900000e+01   1.6275591e+05   8.6582500e+04
   5.1000000e+01   1.6692688e+05   6.2058297e+04
   5.1100000e+01   1.6807622e+05   3.0523980e+04
   5.1200000e+01   1.7326656e+05  -3.4882031e+02
   5.1300000e+01   1.8639731e+05  -2.4177189e+04
   5.1400000e+01   2.0372477e+05  -4.0942070e+04
   5.1500000e+01   2.1561644e+05  -5.5935977e+04
   5.1600000e+01   2.1516636e+05  -7.4664898e+04
   5.1700000e+01   2.0534320e+05  -9.9192305e+04
   5.1800000e+01   1.9655852e+05  -1.2810036e+05
   5.1900000e+01   1.9701092e+05  -1.5810744e+05
   5.2000000e+01   2.0607934e+05  -1.8549369e+05
   5.2100000e+01   2.1671320e+05  -2.0751119e+05
   5.2200000e+01   2.2234023e+05  -2.2367852e+05
   5.2300000e+01   2.2037277e+05  -2.3541148e+05
   5.2400000e+01   2.1066980e+05  -2.4358617e+05
   5.2500000e+01   1.9360067e+05  -2.4654198e+05
   5.2600000e+01   1.7079983e+05  -2.4105203e+05
   5.2700000e+01   1.4611291e+05  -2.2505653e+05
   5.2800000e+01   1.2321565e+05  -1.9852802e+05
   5.2900000e+01   1.0131803e+05  -1.6148769e+05
   5.3000000e+01   7.4268047e+04  -1.1252173e+05
   5.3100000e+01   3.5682656e+04  -5.0959711e+04
   5.3200000e+01  -1.3841482e+04   1.9144551e+04
   5.3300000e+01  -6.4429848e+04   8.8563547e+04
   5.3400000e+01  -1.0240139e+05   1.4822736e+05
   5.3500000e+01  -1.1902254e+05   1.9594312e+05
   5.3600000e+01  -1.1505082e+05   2.3759936e+05
   5.3700000e+01  -9.8115617e+04   2.8094638e+05
   5.3800000e+01  -7.7064367e+04   3.2758359e+05
   5.3900000e+01  -5.8969348e+04   3.7079831e+05
   5.4000000e+01  -4.9211875e+04   4.0095900e+05
   5.4100000e+01  -5.0560855e+04   4.1244269e+05
   5.4200000e+01  -6.0091461e+04   4.0492466e+05
   5.4300000e+01  -6.8892867e+04   3.7861400e+05
   5.4400000e+01  -6.8657227e+04   3.3010994e+05
   5.4500000e+01  -6.0362723e+04   2.5483648e+05
   5.4600000e+01  -5.5013215e+04   1.5414023e+05
   5.4700000e+01  -6.3775496e+04   3.9177262e+04
   5.4800000e+01  -8.7265148e+04  -7.3424430e+04
   5.4900000e+01  -1.1543436e+05  -1.7071827e+05
   5.5000000e+01  -1.3764553e+05  -2.4935961e+05
   5.5100000e+01  -1.5159342e+05  -3.1382988e+05
   5.5200000e+01  -1.6265050e+05  -3.6955303e+05
   5.5300000e+01  -1.7678962e+05  -4.1684584e+05
   5.5400000e+01  -1.9559978e+05  -4.4963309e+05
   5.5500000e+01  -2.1658744e+05  -4.5904834e+05
   5.5600000e+01  -2.3549050e+05  -4.3945822e+05
   5.5700000e+01  -2.4778680e+05  -3.9321028e+05
   5.5800000e+01  -2.5018269e+05  -3.3047594e+05
   5.5900000e+01  -2.4250116e+05  -2.6315550e+05
   5.6000000e+01  -2.2746916e+05  -1.9673542e+05
   5.6100000e+01  -2.0698430e+05  -1.2714300e+05
   5.6200000e+01  -1.7844133e+05  -4.6577410e+04
   5.6300000e+01  -1.3611339e+05   4.5956273e+04
   5.6400000e+01  -7.7103984e+04   1.3950159e+05
   5.6500000e+01  -5.6772202e+03   2.1770919e+05
   5.6600000e+01   6.8594859e+04   2.7192094e+05
   5.6700000e+01   1.3656197e+05   3.0767569e+05
   5.6800000e+01   1.9325344e+05   3.3704231e+05
   5.6900000e+01   2.3717223e+05   3.6419334e+05
   5.7000000e+01   2.6774456e+05   3.7994584e+05
   5.7100000e+01   2.8437853e+05   3.7177647e+05
   5.7200000e+01   2.8747622e+05   3.3826322e+05
   5.7300000e+01   2.7933681e+05   2.9160819e+05
   5.7400000e+01   2.6357525e+05   2.4583027e+05
   5.7500000e+01   2.4363900e+05   2.0472639e+05
   5.7600000e+01   2.2169758e+05   1.6263628e+05
   5.7700000e+01   1.9836659e+05   1.1461077e+05
   5.7800000e+01   1.7289069e+05   6.2266141e+04
   5.7900000e+01   1.4348678e+05   9.7032236e+03
   5.8000000e+01   1.0808530e+05  -4.2175508e+04
   5.8100000e+01   6.5746539e+04  -9.3938008e+04
   5.8200000e+01   1.8287289e+04  -1.4164155e+05
   5.8300000e+01  -2.9171506e+04  -1.7670952e+05
   5.8400000e+01  -6.9861625e+04  -1.9378745e+05
   5.8500000e+01  -9.8819953e+04  -1.9725558e+05
   5.8600000e+01  -1.1578932e+05  -1.9790027e+05
   5.8700000e+01  -1.2480055e+05  -2.0290600e+05
   5.8800000e+01  -1.3003336e+05  -2.0962981e+05
   5.8900000e+01  -1.3135000e+05  -2.0854970e+05
   5.9000000e+01  -1.2426416e+05  -1.9117988e+05
   5.9100000e+01  -1.0538282e+05  -1.5572762e+05
   5.9200000e+01  -7.8265344e+04  -1.0754047e+05
   5.9300000e+01  -5.2895445e+04  -5.5934258e+04
   5.9400000e+01  -3.7833281e+04  -9.9640586e+03
   5.9500000e+01  -3.2270145e+04   2.4930641e+04
   5.9600000e+01  -2.6469973e+04   4.7836820e+04
   5.9700000e+01  -1.1097174e+04   6.0443516e+04
   5.9800000e+01   1.3248495e+04   6.4265184e+04
   5.9900000e+01   3.5570785e+04   5.9960145e+04
   6.0000000e+01   4.3740980e+04   4.9256766e+04
   6.0100000e+01   3.5044090e+04   3.6521844e+04
   6.0200000e+01   1.8566701e+04   2.6878078e+04
   6.0300000e+01   7.4133179e+03   2.1850877e+04
   6.0400000e+01   7.6506011e+03   1.7444336e+04
   6.0500000e+01   1.3740710e+04   8.2443691e+03
   6.0600000e+01   1.4568238e+04  -5.2406675e+03
   6.0700000e+01   4.4567002e+03  -1.3825578e+04
   6.0800000e+01  -1.1436716e+04  -6.3063613e+03
   6.0900000e+01  -2.2598414e+04   1.9373504e+04
   6.1000000e+01  -2.3514771e+04   5.1750566e+04
   6.1100000e+01  -1.7752170e+04   7.4140930e+04
   6.1200000e+01  -1.1921555e+04   7.8459031e+04
   6.1300000e+01  -7.3497095e+03   7.0911969e+04
   6.1400000e+01   7.0300391e+02   6.4007309e+04
   6.1500000e+01   1.6368107e+04   6.3496309e+04
   6.1600000e+01   3.8077160e+04   6.3471305e+04
   6.1700000e+01   6.0773039e+04   5.3301301e+04
   6.1800000e+01   8.0965391e+04   2.7851250e+04
   6.1900000e+01   9.7438227e+04  -9.3009658e+03
   6.2000000e+01   1.0815835e+05  -5.1027977e+04
   6.2100000e+01   1.1004412e+05  -9.3122578e+04
   6.2200000e+01   1.0344645e+05  -1.3546362e+05
   6.2300000e+01   9.4728953e+04  -1.7822053e+05
   6.2400000e+01   9.1374344e+04  -2.1845384e+05
   6.2500000e+01   9.4144734e+04  -2.5090267e+05
   6.2600000e+01   9.5991828e+04  -2.7143875e+05
   6.2700000e+01   8.9809156e+04  -2.7878038e+05
   6.2800000e+01   7.6259031e+04  -2.7254362e+05
   6.2900000e+01   6.2778328e+04  -2.5050261e+05
   6.3000000e+01   5.5348547e+04  -2.0926633e+05
   6.3100000e+01   5.2440215e+04  -1.4850023e+05
   6.3200000e+01   4.7025609e+04  -7.3888914e+04
   6.3300000e+01   3.3407273e+04   5.4939775e+03
   6.3400000e+01   1.1698844e+04   8.3597148e+04
   6.3500000e+01  -1.3306519e+04   1.6074238e+05
   6.3600000e+01  -3.6586613e+04   2.3953539e+05
   6.3700000e+01  -5.6557844e+04   3.1705491e+05
   6.3800000e+01  -7.5493594e+04   3.8201491e+05
   6.3900000e+01  -9.6746094e+04   4.2126103e+05
   6.4000000e+01  -1.2106552e+05   4.3008294e+05
   6.4100000e+01  -1.4538419e+05   4.1584778e+05
   6.4200000e+01  -1.6568227e+05   3.9057038e+05
   6.4300000e+01  -1.8136983e+05   3.5961606e+05
   6.4400000e+01  -1.9624612e+05   3.1837347e+05
   6.4500000e+01  -2.1423867e+05   2.6046358e+05
   6.4600000e+01  -2.3411816e+05   1.8820364e+05
   6.4700000e+01  -2.4910091e+05   1.1313566e+05
   6.4800000e+01  -2.5199361e+05   4.5592445e+04
   6.4900000e+01  -2.4033819e+05  -1.4796922e+04
   6.5000000e+01  -2.1649450e+05  -7.6334141e+04
   6.5100000e+01  -1.8407527e+05  -1.4290636e+05
   6.5200000e+01  -1.4619919e+05  -2.0613650e+05
   6.5300000e+01  -1.0740880e+05  -2.5140944e+05
   6.5400000e+01  -7.4867195e+04  -2.7165719e+05
   6.5500000e+01  -5.4502719e+04  -2.7410309e+05
   6.5600000e+01  -4.4837609e+04  -2.7277041e+05
   6.5700000e+01  -3.6184379e+04  -2.7462541e+05
   6.5800000e+01  -1.8284406e+04  -2.7351684e+05
   6.5900000e+01   1.0233307e+04  -2.5766411e+05
   6.6000000e+01   4.0350250e+04  -2.2269752e+05
   6.6100000e+01   6.1029344e+04  -1.7699838e+05
   6.6200000e+01   6.9083062e+04  -1.3412736e+05
   6.6300000e+01   7.0947984e+04  -1.0025628e+05
   6.6400000e+01   7.5543617e+04  -6.9672812e+04
   6.6500000e+01   8.6117555e+04  -3.3121695e+04
   6.6600000e+01   9.8824602e+04   9.8516445e+03
   6.6700000e+01   1.0830243e+05   4.7932875e+04
   6.6800000e+01   1.1406766e+05   6.7960227e+04
   6.6900000e+01   1.2167882e+05   6.7426930e+04
   6.7000000e+01   1.3780869e+05   5.6679871e+04
   6.7100000e+01   1.6363498e+05   4.9172105e+04
   6.7200000e+01   1.9242027e+05   5.0294559e+04
   6.7300000e+01   2.1383217e+05   5.5418281e+04
   6.7400000e+01   2.2168695e+05   5.7267047e+04
   6.7500000e+01   2.1825334e+05   5.3913770e+04
   6.7600000e+01   2.1102619e+05   4.9741352e+04
   6.7700000e+01   2.0517944e+05   4.9504227e+04
   6.7800000e+01   1.9937109e+05   5.1928758e+04
   6.7900000e+01   1.8888416e+05   4.9319477e+04
   6.8000000e+01   1.7198944e+05   3.4123000e+04
   6.8100000e+01   1.5218308e+05   6.7927212e+03
   6.8200000e+01   1.3430012e+05  -2.2653314e+04
   6.8300000e+01   1.1977188e+05  -4.1538398e+04
   6.8400000e+01   1.0662484e+05  -4.3757867e+04
   6.8500000e+01   9.3290492e+04  -3.2879688e+04
   6.8600000e+01   8.0513148e+04  -1.7242756e+04
   6.8700000e+01   6.8631188e+04  -3.0778818e+03
   6.8800000e+01   5.4130273e+04   8.0901855e+03
   6.8900000e+01   3.0970371e+04   1.7779834e+04
   6.9000000e+01  -3.4234644e+03   2.8526965e+04
   6.9100000e+01  -4.3705793e+04   4.3037637e+04
   6.9200000e+01  -7.9219984e+04   6.3027266e+04
   6.9300000e+01  -1.0235838e+05   8.7573430e+04
   6.9400000e+01  -1.1546870e+05   1.1317579e+05
   6.9500000e+01  -1.2987724e+05   1.3596778e+05
   6.9600000e+01  -1.5716919e+05   1.5306688e+05
   6.9700000e+01  -1.9946592e+05   1.6114386e+05
   6.9800000e+01  -2.4659927e+05   1.5506722e+05
   6.9900000e+01  -2.8271300e+05   1.3032302e+05
   7.0000000e+01  -2.9707341e+05   8.7631359e+04
   7.0100000e+01  -2.9027450e+05   3.4308285e+04
   7.0200000e+01  -2.7104862e+05  -1.9562422e+04
   7.0300000e+01  -2.4719359e+05  -6.6132641e+04
   7.0400000e+01  -2.1908639e+05  -1.0182398e+05
   7.0500000e+01  -1.8135841e+05  -1.2692344e+05
   7.0600000e+01  -1.3058827e+05  -1.4489069e+05
   7.0700000e+01  -7.1597688e+04  -1.6057241e+05
   7.0800000e+01  -1.6485734e+04  -1.7591594e+05
   7.0900000e+01   2.3047059e+04  -1.8635288e+05
   7.1000000e+01   4.3852398e+04  -1.8331067e+05
   7.1100000e+01   5.3222996e+04  -1.6219997e+05
   7.1200000e+01   6.2709426e+04  -1.2749437e+05
   7.1300000e+01   7.8596219e+04  -8.8608516e+04
   7.1400000e+01   9.6594922e+04  -5.1016598e+04
   7.1500000e+01   1.0492012e+05  -1.2766352e+04
   7.1600000e+01   9.3198227e+04   3.0285648e+04
   7.1700000e+01   6.0477082e+04   7.7508281e+04
   7.1800000e+01   1.7019340e+04   1.2266925e+05
   7.1900000e+01  -2.0752834e+04   1.5893405e+05
   7.2000000e+01  -3.8970234e+04   1.8344934e+05
   7.2100000e+01  -3.3955906e+04   1.9762788e+05
   7.2200000e+01  -1.4196086e+04   2.0445752e+05
   7.2300000e+01   5.5713535e+03   2.0550477e+05
   7.2400000e+01   1.5009240e+04   1.9882361e+05
   7.2500000e+01   1.5464575e+04   1.7886562e+05
   7.2600000e+01   1.7340320e+04   1.3985898e+05
   7.2700000e+01   2.9821723e+04   8.1489883e+04
   7.2800000e+01   5.2810703e+04   1.1880621e+04
   7.2900000e+01   7.8407391e+04  -5.6095418e+04
   7.3000000e+01   9.8963414e+04  -1.1248198e+05
   7.3100000e+01   1.1241018e+05  -1.5465212e+05
   7.3200000e+01   1.2019245e+05  -1.8495192e+05
   7.3300000e+01   1.2231097e+05  -2.0572047e+05
   7.3400000e+01   1.1644690e+05  -2.1773081e+05
   7.3500000e+01   1.0189528e+05  -2.2223352e+05
   7.3600000e+01   8.2757344e+04  -2.2155566e+05
   7.3700000e+01   6.6047914e+04  -2.1588675e+05
   7.3800000e+01   5.6597926e+04  -2.0062981e+05
   7.3900000e+01   5.3979934e+04  -1.6969391e+05
   7.4000000e+01   5.3963406e+04  -1.2294784e+05
   7.4100000e+01   5.2271203e+04  -6.9580680e+04
   7.4200000e+01   4.6867660e+04  -2.2341365e+04
   7.4300000e+01   3.7375664e+04   1.2186329e+04
   7.4400000e+01   2.3334836e+04   3.6995703e+04
   7.4500000e+01   3.8637888e+03   5.8240219e+04
   7.4600000e+01  -2.0568422e+04   7.6734672e+04
   7.4700000e+01  -4.6189227e+04   8.7409664e+04
   7.4800000e+01  -6.6498289e+04   8.6917086e+04
   7.4900000e+01  -7.5919992e+04   7.9427828e+04
   7.5000000e+01  -7.3785516e+04   7.2901266e+04
   7.5100000e+01  -6.4883668e+04   7.0190719e+04
   7.5200000e+01  -5.5601734e+04   6.6083727e+04
   7.5300000e+01  -4.8820340e+04   5.4162414e+04
   7.5400000e+01  -4.2111215e+04   3.5381605e+04
   7.5500000e+01  -3.0897309e+04   1.8514516e+04
   7.5600000e+01  -1.3743467e+04   1.2516643e+04
   7.5700000e+01   5.0270820e+03   1.9409184e+04
   7.5800000e+01   1.7871664e+04   3.3899727e+04
   7.5900000e+01   1.9573684e+04   4.7894461e+04
   7.6000000e+01   1.0787766e+04   5.4906051e+04
   7.6100000e+01  -3.6827952e+03   5.2487508e+04
   7.6200000e+01  -2.0038527e+04   4.3316262e+04
   7.6300000e+01  -3.8621266e+04   3.4382941e+04
   7.6400000e+01  -6.1589859e+04   3.3223289e+04
   7.6500000e+01  -8.7820227e+04   4.3027277e+04
   7.6600000e+01  -1.1142280e+05   6.0704527e+04
   7.6700000e+01  -1.2670248e+05   7.9507641e+04
   7.6800000e+01  -1.3466188e+05   9.3448578e+04
   7.6900000e+01  -1.4306086e+05   9.9936273e+04
   7.7000000e+01  -1.5827798e+05   9.9850328e+04
   7.7100000e+01  -1.7683320e+05   9.6243508e+04
   7.7200000e+01  -1.8633406e+05   9.2418031e+04
   7.7300000e+01  -1.7631886e+05   8.9784000e+04
   7.7400000e+01  -1.4844738e+05   8.6844242e+04
   7.7500000e+01  -1.1530269e+05   8.0540188e+04
   7.7600000e+01  -8.8670109e+04   6.8916219e+04
   7.7700000e+01  -6.9043406e+04   5.2495594e+04
   7.7800000e+01  -4.6498082e+04   3.3423109e+04
   7.7900000e+01  -1.1306580e+04   1.4116695e+04
   7.8000000e+01   3.6304035e+04  -2.9414607e+03
   7.8100000e+01   8.5729469e+04  -1.5149927e+04
   7.8200000e+01   1.2427210e+05  -2.1180023e+04
   7.8300000e+01   1.4674306e+05  -2.3121273e+04
   7.8400000e+01   1.5893344e+05  -2.6481051e+04
   7.8500000e+01   1.7242178e+05  -3.6772004e+04
   7.8600000e+01   1.9467102e+05  -5.5419848e+04
   7.8700000e+01   2.2258858e+05  -7.9099742e+04
   7.8800000e+01   2.4550205e+05  -1.0319952e+05
   7.8900000e+01   2.5484448e+05  -1.2562502e+05
   7.9000000e+01   2.5067534e+05  -1.4696011e+05
   7.9100000e+01   2.3841786e+05  -1.6748019e+05
   7.9200000e+01   2.2049964e+05  -1.8524072e+05
   7.9300000e+01   1.9364166e+05  -1.9768744e+05
   7.9400000e+01   1.5528877e+05  -2.0421223e+05
   7.9500000e+01   1.1079141e+05  -2.0559541e+05
   7.9600000e+01   7.1512039e+04  -2.0069156e+05
   7.9700000e+01   4.5037797e+04  -1.8522342e+05
   7.9800000e+01   2.8390861e+04  -1.5559814e+05
   7.9900000e+01   1.1804124e+04  -1.1412154e+05
   8.0000000e+01  -1.1176079e+04  -6.9302586e+04
   8.0100000e+01  -3.7745785e+04  -3.0006861e+04
   8.0200000e+01  -5.9116387e+04   8.7012598e+02
   8.0300000e+01  -6.8474789e+04   2.6937680e+04
   8.0400000e+01  -6.5819875e+04   5.2886680e+04
   8.0500000e+01  -5.6577375e+04   7.8741375e+04
   8.0600000e+01  -4.6935156e+04   9.9257922e+04
   8.0700000e+01  -4.0219758e+04   1.0885436e+05
   8.0800000e+01  -3.5948465e+04   1.0744280e+05
   8.0900000e+01  -3.0861871e+04   1.0157810e+05
   8.1000000e+01  -2.1297262e+04   9.9245156e+04
   8.1100000e+01  -6.5430234e+03   1.0263450e+05
   8.1200000e+01   8.6804727e+03   1.0596049e+05
   8.1300000e+01   1.5692553e+04   1.0104094e+05
   8.1400000e+01   7.8631733e+03   8.5358070e+04
   8.1500000e+01  -1.3285375e+04   6.4367484e+04
   8.1600000e+01  -3.7930566e+04   4.6005477e+04
   8.1700000e+01  -5.4722438e+04   3.3888836e+04
   8.1800000e+01  -5.8632078e+04   2.6394211e+04
   8.1900000e+01  -5.3212766e+04   2.1044492e+04
   8.2000000e+01  -4.6504996e+04   1.7536492e+04
   8.2100000e+01  -4.5374191e+04   1.5923793e+04
   8.2200000e+01  -5.2734383e+04   1.3972811e+04
   8.2300000e+01  -6.8077641e+04   8.9530420e+03
   8.2400000e+01  -8.9352938e+04   2.3655479e+03
   8.2500000e+01  -1.1467472e+05   7.6431250e+02
   8.2600000e+01  -1.4299027e+05   9.6712783e+03
   8.2700000e+01  -1.7290762e+05   2.6314143e+04
   8.2800000e+01  -2.0020108e+05   3.9613891e+04
   8.2900000e+01  -2.1695081e+05   3.8732023e+04
   8.3000000e+01  -2.1528077e+05   2.2378223e+04
   8.3100000e+01  -1.9428806e+05  -1.4225586e+01
   8.3200000e+01  -1.6380936e+05  -1.6217148e+04
   8.3300000e+01  -1.3939759e+05  -2.0732109e+04
   8.3400000e+01  -1.3042597e+05  -1.7702250e+04
   8.3500000e+01  -1.3106257e+05  -1.5890188e+04
   8.3600000e+01  -1.2345570e+05  -2.1319951e+04
   8.3700000e+01  -9.2358617e+04  -3.3706898e+04
   8.3800000e+01  -3.9224152e+04  -4.7948645e+04
   8.3900000e+01   1.7093844e+04  -5.7786594e+04
   8.4000000e+01   5.4310973e+04  -5.8830391e+04
   8.4100000e+01   6.3336531e+04  -5.0241406e+04
   8.4200000e+01   5.3661680e+04  -3.4986816e+04
   8.4300000e+01   4.4525180e+04  -1.8071145e+04
   8.4400000e+01   5.0913297e+04  -3.1395078e+03
   8.4500000e+01   7.5428938e+04   9.9987979e+03
   8.4600000e+01   1.0969612e+05   2.4418955e+04
   8.4700000e+01   1.4145094e+05   4.2431773e+04
   8.4800000e+01   1.6173338e+05   6.2784168e+04
   8.4900000e+01   1.6876550e+05   8.1241656e+04
   8.5000000e+01   1.6730836e+05   9.3720219e+04
   8.5100000e+01   1.6405009e+05   9.9246297e+04
   8.5200000e+01   1.6184527e+05   1.0064178e+05
   8.5300000e+01   1.5703575e+05   1.0227722e+05
   8.5400000e+01   1.4234522e+05   1.0587927e+05
   8.5500000e+01   1.1354134e+05   1.0752071e+05
   8.5600000e+01   7.4796477e+04   9.9551180e+04
   8.5700000e+01   3.8215102e+04   7.7474047e+04
   8.5800000e+01   1.7015383e+04   4.5848457e+04
   8.5900000e+01   1.6712900e+04   1.6468512e+04
   8.6000000e+01   3.0962748e+04  -6.5410156e+02
   8.6100000e+01   4.5959492e+04  -4.9583477e+03
   8.6200000e+01   5.0454344e+04  -4.1707607e+03
   8.6300000e+01   4.3144977e+04  -6.3019990e+03
   8.6400000e+01   3.1274914e+04  -1.3539441e+04
   8.6500000e+01   2.2668516e+04  -2.3262939e+04
   8.6600000e+01   1.9530643e+04  -3.2957406e+04
   8.6700000e+01   1.9371148e+04  -4.2798414e+04
   8.6800000e+01   2.0035797e+04  -5.4222648e+04
   8.6900000e+01   2.2075613e+04  -6.7635516e+04
   8.7000000e+01   2.6427217e+04  -8.1920484e+04
   8.7100000e+01   3.1686479e+04  -9.5155359e+04
   8.7200000e+01   3.4991391e+04  -1.0514245e+05
   8.7300000e+01   3.4941633e+04  -1.1011492e+05
   8.7400000e+01   3.2218102e+04  -1.1031733e+05
   8.7500000e+01   2.7165211e+04  -1.0903026e+05
   8.7600000e+01   1.8107906e+04  -1.1070412e+05
   8.7700000e+01   3.2395869e+03  -1.1674730e+05
   8.7800000e+01  -1.6061199e+04  -1.2311072e+05
   8.7900000e+01  -3.4887449e+04  -1.2304098e+05
   8.8000000e+01  -4.8462094e+04  -1.1308786e+05
   8.8100000e+01  -5.6129164e+04  -9.6371797e+04
   8.8200000e+01  -6.1561734e+04  -7.9347406e+04
   8.8300000e+01  -6.9056383e+04  -6.5063754e+04
   8.8400000e+01  -7.9542867e+04  -5.0054227e+04
   8.8500000e+01  -8.9737875e+04  -2.8658709e+04
   8.8600000e+01  -9.4607914e+04  -8.1857422e+02
   8.8700000e+01  -9.0663781e+04   2.4766268e+04
   8.8800000e+01  -7.7776805e+04   3.6123355e+04
   8.8900000e+01  -5.9034523e+04   2.7640242e+04
   8.9000000e+01  -3.9278223e+04   5.0177881e+03
   8.9100000e+01  -2.2855602e+04  -1.9091033e+04
   8.9200000e+01  -1.1221494e+04  -3.4898051e+04
   8.9300000e+01  -1.9023956e+03  -4.2202176e+04
   8.9400000e+01   9.6805000e+03  -4.8484180e+04
   8.9500000e+01   2.6314986e+04  -6.0315324e+04
   8.9600000e+01   4.6359457e+04  -7.5546539e+04
   8.9700000e+01   6.4987613e+04  -8.3220211e+04
   8.9800000e+01   7.8016359e+04  -7.2027008e+04
   8.9900000e+01   8.4382953e+04  -4.0698320e+04
   9.0000000e+01   8.5302641e+04  -9.6558398e+02
   9.0100000e+01   8.2073977e+04   3.0793572e+04
   9.0200000e+01   7.5274562e+04   4.6795035e+04
   9.0300000e+01   6.5260949e+04   5.3991660e+04
   9.0400000e+01   5.2125199e+04   6.7084008e+04
   9.0500000e+01   3.5104547e+04   9.4977805e+04
   9.0600000e+01   1.3373928e+04   1.3360355e+05
   9.0700000e+01  -1.1693340e+04   1.7108836e+05
   9.0800000e+01  -3.5883078e+04   1.9863156e+05
   9.0900000e+01  -5.5135016e+04   2.1578320e+05
   9.1000000e+01  -6.9227188e+04   2.2632764e+05
   9.1100000e+01  -8.1377703e+04   2.3125350e+05
   9.1200000e+01  -9.3960086e+04   2.2716364e+05
   9.1300000e+01  -1.0600881e+05   2.1130400e+05
   9.1400000e+01  -1.1600033e+05   1.8701478e+05
   9.1500000e+01  -1.2569866e+05   1.6329606e+05
   9.1600000e+01  -1.3846497e+05   1.4842694e+05
   9.1700000e+01  -1.5283433e+05   1.4349914e+05
   9.1800000e+01  -1.6000797e+05   1.4183809e+05
   9.1900000e+01  -1.5077086e+05   1.3465833e+05
   9.2000000e+01  -1.2571505e+05   1.1736820e+05
   9.2100000e+01  -9.7026953e+04   9.0827625e+04
   9.2200000e+01  -7.8521164e+04   5.7950695e+04
   9.2300000e+01  -7.3749969e+04   2.1264918e+04
   9.2400000e+01  -7.4287406e+04  -1.5413224e+04
   9.2500000e+01  -6.9069062e+04  -4.5153102e+04
   9.2600000e+01  -5.4240586e+04  -6.1401816e+04
   9.2700000e+01  -3.4007453e+04  -6.4667281e+04
   9.2800000e+01  -1.3833064e+04  -6.3649465e+04
   9.2900000e+01   5.2307676e+03  -6.7242312e+04
   9.3000000e+01   2.5610102e+04  -7.5836336e+04
   9.3100000e+01   4.8495453e+04  -8.2959625e+04
   9.3200000e+01   7.1509297e+04  -8.6059445e+04
   9.3300000e+01   9.0961383e+04  -9.2898812e+04
   9.3400000e+01   1.0553880e+05  -1.1422957e+05
   9.3500000e+01   1.1724806e+05  -1.5011795e+05
   9.3600000e+01   1.2867182e+05  -1.8603586e+05
   9.3700000e+01   1.3928262e+05  -2.0447373e+05
   9.3800000e+01   1.4450455e+05  -2.0052353e+05
   9.3900000e+01   1.3891147e+05  -1.8559691e+05
   9.4000000e+01   1.2123711e+05  -1.7621248e+05
   9.4100000e+01   9.6860602e+04  -1.7968673e+05
   9.4200000e+01   7.5248758e+04  -1.9023019e+05
   9.4300000e+01   6.4160160e+04  -1.9746148e+05
   9.4400000e+01   6.5170203e+04  -1.9748783e+05
   9.4500000e+01   7.3650992e+04  -1.9552022e+05
   9.4600000e+01   8.2481391e+04  -1.9830484e+05
   9.4700000e+01   8.6301562e+04  -2.0488667e+05
   9.4800000e+01   8.3645250e+04  -2.0566291e+05
   9.4900000e+01   7.6222883e+04  -1.9101116e+05
   9.5000000e+01   6.6208477e+04  -1.6063005e+05
   9.5100000e+01   5.3436594e+04  -1.2371928e+05
   9.5200000e+01   3.4911664e+04  -8.9701852e+04
   9.5300000e+01   7.8418789e+03  -5.9260770e+04
   9.5400000e+01  -2.5829133e+04  -2.5003096e+04
   9.5500000e+01  -5.8058188e+04   1.9369318e+04
   9.5600000e+01  -7.9456188e+04   7.1297094e+04
   9.5700000e+01  -8.7160758e+04   1.2077645e+05
   9.5800000e+01  -8.8347773e+04   1.5880527e+05
   9.5900000e+01  -9.4764039e+04   1.8408730e+05
   9.6000000e+01  -1.1246405e+05   2.0198950e+05
   9.6100000e+01  -1.3663328e+05   2.1768609e+05
   9.6200000e+01  -1.5673286e+05   2.3033659e+05
   9.6300000e+01  -1.6621206e+05   2.3345344e+05
   9.6400000e+01  -1.6610480e+05   2.2089712e+05
   9.6500000e+01  -1.5940188e+05   1.9308002e+05
   9.6600000e+01  -1.4461853e+05   1.5764677e+05
   9.6700000e+01  -1.1809202e+05   1.2372098e+05
   9.6800000e+01  -8.3009672e+04   9.5097688e+04
   9.6900000e+01  -5.2957656e+04   6.9268336e+04
   9.7000000e+01  -4.2485117e+04   4.3231273e+04
   9.7100000e+01  -5.2526383e+04   1.9334885e+04
   9.7200000e+01  -6.6460180e+04   4.0095596e+03
   9.7300000e+01  -6.2778258e+04   5.4919531e+02
   9.7400000e+01  -3.3042082e+04   4.6023574e+03
   9.7500000e+01   1.1828144e+04   8.2806992e+03
   9.7600000e+01   5.1888758e+04   8.6193486e+03
   9.7700000e+01   7.3949336e+04   1.0758544e+04
   9.7800000e+01   7.8338648e+04   2.2155117e+04
   9.7900000e+01   7.3525430e+04   4.4147836e+04
   9.8000000e+01   6.7462891e+04   6.9655508e+04
   9.8100000e+01   6.4600590e+04   8.8735352e+04
   9.8200000e+01   6.8053570e+04   9.5981797e+04
   9.8300000e+01   8.0224844e+04   9.3266945e+04
   9.8400000e+01   9.9253336e+04   8.6791297e+04
   9.8500000e+01   1.1642177e+05   8.2047422e+04
   9.8600000e+01   1.2025773e+05   8.0468703e+04
   9.8700000e+01   1.0532067e+05   7.9088164e+04
   9.8800000e+01   7.7208703e+04   7.2577602e+04
   9.8900000e+01   4.8269434e+04   5.6433309e+04
   9.9000000e+01   2.7741734e+04   2.9975539e+04
   9.9100000e+01   1.5461545e+04  -2.2790312e+03
   9.9200000e+01   4.4325020e+03  -3.2039098e+04
   9.9300000e+01  -1.1024309e+04  -5.1351934e+04
   9.9400000e+01  -2.9518479e+04  -5.7229211e+04
   9.9500000e+01  -4.4049531e+04  -5.3313809e+04
   9.9600000e+01  -4.8335398e+04  -4.6625887e+04
   9.9700000e+01  -4.1726312e+04  -4.1557105e+04
   9.9800000e+01  -2.8828727e+04  -3.6500875e+04
   9.9900000e+01  -1.5099733e+04  -2.6938018e+04
   1.0000000e+02  -2.6076069e+03  -1.2168318e+04
