   1.1851270e+02   3.6301420e+01   1.8450000e+02
   1.1953235e+02   3.6899926e+01   1.1000000e+00
   0.0000000e+00   3.9393316e+04   3.9393316e+04
   1.0000000e-01   3.0178742e+04   4.5877871e+04
   2.0000000e-01   2.3044041e+04   4.6760758e+04
   3.0000000e-01   1.7248357e+04   4.5631883e+04
   4.0000000e-01   5.0502051e+03   4.8627391e+04
   5.0000000e-01  -2.1421273e+04   5.6718594e+04
   6.0000000e-01  -6.1883738e+04   6.3817293e+04
   7.0000000e-01  -1.0668098e+05   6.3895258e+04
   8.0000000e-01  -1.4367653e+05   5.9631137e+04
   9.0000000e-01  -1.6632628e+05   6.2551285e+04
   1.0000000e+00  -1.7588816e+05   8.3396508e+04
   1.1000000e+00  -1.7762956e+05   1.2186631e+05
   1.2000000e+00  -1.7634972e+05   1.6566403e+05
   1.3000000e+00  -1.7492273e+05   1.9944780e+05
   1.4000000e+00  -1.7442312e+05   2.1504730e+05
   1.5000000e+00  -1.7307795e+05   2.1429403e+05
   1.6000000e+00  -1.6505109e+05   2.0387023e+05
   1.7000000e+00  -1.4265608e+05   1.8866461e+05
   1.8000000e+00  -1.0221744e+05   1.6956900e+05
   1.9000000e+00  -4.8295617e+04   1.4563402e+05
   2.0000000e+00   8.8237754e+03   1.1643399e+05
   2.1000000e+00   6.0573227e+04   8.2237211e+04
   2.2000000e+00   1.0504143e+05   4.3566750e+04
   2.3000000e+00   1.4473758e+05   2.2349497e+03
   2.4000000e+00   1.8059248e+05  -3.7388879e+04
   2.5000000e+00   2.0940123e+05  -6.9914820e+04
   2.6000000e+00   2.2723908e+05  -9.3183516e+04
   2.7000000e+00   2.3427927e+05  -1.1088434e+05
   2.8000000e+00   2.3515194e+05  -1.3002138e+05
   2.9000000e+00   2.3426872e+05  -1.5539516e+05
   3.0000000e+00   2.3097538e+05  -1.8672980e+05
   3.1000000e+00   2.1960434e+05  -2.2072573e+05
   3.2000000e+00   1.9501183e+05  -2.5450278e+05
   3.3000000e+00   1.5921877e+05  -2.8614222e+05
   3.4000000e+00   1.2308952e+05  -3.1291828e+05
   3.5000000e+00   1.0021065e+05  -3.3134500e+05
   3.6000000e+00   9.6775109e+04  -3.4045006e+05
   3.7000000e+00   1.0601935e+05  -3.4450019e+05
   3.8000000e+00   1.1296307e+05  -3.5094869e+05
   3.9000000e+00   1.0592717e+05  -3.6465053e+05
   4.0000000e+00   8.4595836e+04  -3.8385338e+05
   4.1000000e+00   5.7904328e+04  -4.0157019e+05
   4.2000000e+00   3.5242195e+04  -4.1010266e+05
   4.3000000e+00   2.0034367e+04  -4.0391466e+05
   4.4000000e+00   1.0182423e+04  -3.7946778e+05
   4.5000000e+00   1.7933630e+03  -3.3504959e+05
   4.6000000e+00  -9.1405127e+03  -2.7297312e+05
   4.7000000e+00  -2.7262418e+04  -2.0165383e+05
   4.8000000e+00  -5.6663273e+04  -1.3289042e+05
   4.9000000e+00  -9.6757156e+04  -7.4191219e+04
   5.0000000e+00  -1.3961522e+05  -2.2550418e+04
   5.1000000e+00  -1.7378409e+05   3.3479191e+04
   5.2000000e+00  -1.9321873e+05   1.0395984e+05
   5.3000000e+00  -2.0321016e+05   1.8833542e+05
   5.4000000e+00  -2.1626045e+05   2.7504591e+05
   5.5000000e+00  -2.4015080e+05   3.5024488e+05
   5.6000000e+00  -2.6908753e+05   4.0792206e+05
   5.7000000e+00  -2.8717569e+05   4.5303956e+05
   5.8000000e+00  -2.8186841e+05   4.9569378e+05
   5.9000000e+00  -2.5481752e+05   5.4168544e+05
   6.0000000e+00  -2.1968484e+05   5.8730612e+05
   6.1000000e+00  -1.8932220e+05   6.2229625e+05
   6.2000000e+00  -1.6502591e+05   6.3819500e+05
   6.3000000e+00  -1.3772073e+05   6.3502756e+05
   6.4000000e+00  -9.8508664e+04   6.2084825e+05
   6.5000000e+00  -4.7422027e+04   6.0475450e+05
   6.6000000e+00   7.3175371e+03   5.8934200e+05
   6.7000000e+00   5.6913750e+04   5.6858138e+05
   6.8000000e+00   9.8154930e+04   5.3224500e+05
   6.9000000e+00   1.3340581e+05   4.7308169e+05
   7.0000000e+00   1.6675911e+05   3.9181216e+05
   7.1000000e+00   2.0100098e+05   2.9724916e+05
   7.2000000e+00   2.3674578e+05   2.0167961e+05
   7.3000000e+00   2.7197000e+05   1.1389695e+05
   7.4000000e+00   3.0122762e+05   3.4157668e+04
   7.5000000e+00   3.1642359e+05  -4.4596570e+04
   7.6000000e+00   3.1049584e+05  -1.2900662e+05
   7.7000000e+00   2.8190250e+05  -2.1721969e+05
   7.8000000e+00   2.3602328e+05  -2.9843438e+05
   7.9000000e+00   1.8201069e+05  -3.6124009e+05
   8.0000000e+00   1.2749138e+05  -4.0276712e+05
   8.1000000e+00   7.4875055e+04  -4.2981022e+05
   8.2000000e+00   2.1394578e+04  -4.5190666e+05
   8.3000000e+00  -3.7412543e+04  -4.7422081e+05
   8.4000000e+00  -1.0292792e+05  -4.9601966e+05
   8.5000000e+00  -1.7064333e+05  -5.1290584e+05
   8.6000000e+00  -2.3191380e+05  -5.1864000e+05
   8.7000000e+00  -2.7949669e+05  -5.0685159e+05
   8.8000000e+00  -3.1227647e+05  -4.7514403e+05
   8.9000000e+00  -3.3466881e+05  -4.2941628e+05
   9.0000000e+00  -3.5112812e+05  -3.8234966e+05
   9.1000000e+00  -3.6106975e+05  -3.4504747e+05
   9.2000000e+00  -3.5900659e+05  -3.1947716e+05
   9.3000000e+00  -3.3944094e+05  -2.9934569e+05
   9.4000000e+00  -3.0178394e+05  -2.7728009e+05
   9.5000000e+00  -2.5125539e+05  -2.4945077e+05
   9.6000000e+00  -1.9569736e+05  -2.1382252e+05
   9.7000000e+00  -1.4129584e+05  -1.6751216e+05
   9.8000000e+00  -9.0259641e+04  -1.0926520e+05
   9.9000000e+00  -4.1487242e+04  -4.4625219e+04
   1.0000000e+01   6.8549287e+03   1.3930000e+04
   1.0100000e+01   5.4852461e+04   5.4479430e+04
   1.0200000e+01   9.9986383e+04   7.4484859e+04
   1.0300000e+01   1.3814761e+05   8.2715484e+04
   1.0400000e+01   1.6565823e+05   9.2527016e+04
   1.0500000e+01   1.8101088e+05   1.1220219e+05
   1.0600000e+01   1.8526853e+05   1.3983581e+05
   1.0700000e+01   1.8093045e+05   1.6610775e+05
   1.0800000e+01   1.7029623e+05   1.8215752e+05
   1.0900000e+01   1.5494558e+05   1.8607138e+05
   1.1000000e+01   1.3683094e+05   1.8300870e+05
   1.1100000e+01   1.1939473e+05   1.7974322e+05
   1.1200000e+01   1.0662033e+05   1.7915578e+05
   1.1300000e+01   1.0024484e+05   1.7922953e+05
   1.1400000e+01   9.8109492e+04   1.7586200e+05
   1.1500000e+01   9.6161930e+04   1.6571002e+05
   1.1600000e+01   9.2865344e+04   1.4738953e+05
   1.1700000e+01   9.1783578e+04   1.2250295e+05
   1.1800000e+01   9.9446273e+04   9.7024078e+04
   1.1900000e+01   1.2005269e+05   8.0259062e+04
   1.2000000e+01   1.5163984e+05   7.9247664e+04
   1.2100000e+01   1.8708302e+05   9.2302477e+04
   1.2200000e+01   2.1904677e+05   1.0913712e+05
   1.2300000e+01   2.4462139e+05   1.1986617e+05
   1.2400000e+01   2.6573816e+05   1.2498454e+05
   1.2500000e+01   2.8522500e+05   1.3519966e+05
   1.2600000e+01   3.0226447e+05   1.5950002e+05
   1.2700000e+01   3.1148891e+05   1.9304584e+05
   1.2800000e+01   3.0648450e+05   2.1832027e+05
   1.2900000e+01   2.8444462e+05   2.1989823e+05
   1.3000000e+01   2.4804325e+05   1.9854616e+05
   1.3100000e+01   2.0354862e+05   1.7025986e+05
   1.3200000e+01   1.5731905e+05   1.5088211e+05
   1.3300000e+01   1.1318977e+05   1.4128920e+05
   1.3400000e+01   7.1614164e+04   1.2711267e+05
   1.3500000e+01   3.0319717e+04   9.2599812e+04
   1.3600000e+01  -1.3698324e+04   3.5531703e+04
   1.3700000e+01  -6.1353410e+04  -2.9544732e+04
   1.3800000e+01  -1.0961895e+05  -8.1536289e+04
   1.3900000e+01  -1.5277486e+05  -1.0752145e+05
   1.4000000e+01  -1.8652494e+05  -1.1071666e+05
   1.4100000e+01  -2.1156772e+05  -1.0664926e+05
   1.4200000e+01  -2.3305622e+05  -1.1145815e+05
   1.4300000e+01  -2.5625411e+05  -1.3134141e+05
   1.4400000e+01  -2.8263634e+05  -1.6013347e+05
   1.4500000e+01  -3.1010259e+05  -1.8513580e+05
   1.4600000e+01  -3.3634116e+05  -1.9570759e+05
   1.4700000e+01  -3.6105219e+05  -1.8896166e+05
   1.4800000e+01  -3.8457788e+05  -1.7060136e+05
   1.4900000e+01  -4.0511828e+05  -1.5177650e+05
   1.5000000e+01  -4.1844081e+05  -1.4331420e+05
   1.5100000e+01  -4.2074331e+05  -1.4937352e+05
   1.5200000e+01  -4.1132159e+05  -1.6455644e+05
   1.5300000e+01  -3.9196497e+05  -1.7808256e+05
   1.5400000e+01  -3.6421009e+05  -1.8297750e+05
   1.5500000e+01  -3.2822847e+05  -1.8200144e+05
   1.5600000e+01  -2.8472128e+05  -1.8361905e+05
   1.5700000e+01  -2.3679619e+05  -1.9129477e+05
   1.5800000e+01  -1.8839211e+05  -1.9733805e+05
   1.5900000e+01  -1.4034111e+05  -1.8853842e+05
   1.6000000e+01  -8.8984188e+04  -1.5842066e+05
   1.6100000e+01  -3.0035484e+04  -1.1372497e+05
   1.6200000e+01   3.5770887e+04  -6.8549414e+04
   1.6300000e+01   1.0138552e+05  -3.1829293e+04
   1.6400000e+01   1.5826628e+05   2.6934024e+02
   1.6500000e+01   2.0255636e+05   4.0650000e+04
   1.6600000e+01   2.3663912e+05   9.9855086e+04
   1.6700000e+01   2.6528700e+05   1.7632461e+05
   1.6800000e+01   2.9105175e+05   2.5594608e+05
   1.6900000e+01   3.1325053e+05   3.2127178e+05
   1.7000000e+01   3.2996822e+05   3.6319150e+05
   1.7100000e+01   3.3919297e+05   3.8538475e+05
   1.7200000e+01   3.3744938e+05   3.9749628e+05
   1.7300000e+01   3.1900484e+05   4.0317294e+05
   1.7400000e+01   2.7937212e+05   3.9456781e+05
   1.7500000e+01   2.2148231e+05   3.5910259e+05
   1.7600000e+01   1.5752439e+05   2.9190547e+05
   1.7700000e+01   1.0175398e+05   2.0128783e+05
   1.7800000e+01   5.9112879e+04   1.0194889e+05
   1.7900000e+01   2.1130248e+04   3.6509756e+03
   1.8000000e+01  -2.4794781e+04  -9.2600781e+04
   1.8100000e+01  -8.0291484e+04  -1.8783419e+05
   1.8200000e+01  -1.3023633e+05  -2.7645600e+05
   1.8300000e+01  -1.5351789e+05  -3.4558078e+05
   1.8400000e+01  -1.4124630e+05  -3.8292091e+05
   1.8500000e+01  -1.0534028e+05  -3.8528350e+05
   1.8600000e+01  -6.9323039e+04  -3.6051353e+05
   1.8700000e+01  -4.9975930e+04  -3.2254675e+05
   1.8800000e+01  -4.6423020e+04  -2.8381506e+05
   1.8900000e+01  -4.5007070e+04  -2.4917612e+05
   1.9000000e+01  -3.3162676e+04  -2.1422745e+05
   1.9100000e+01  -8.7411982e+03  -1.6965750e+05
   1.9200000e+01   2.1664869e+04  -1.0999659e+05
   1.9300000e+01   5.0203559e+04  -4.0502250e+04
   1.9400000e+01   7.2390016e+04   2.4322781e+04
   1.9500000e+01   8.6703469e+04   7.0228102e+04
   1.9600000e+01   9.3518078e+04   9.2747477e+04
   1.9700000e+01   9.6171484e+04   9.8882336e+04
   1.9800000e+01   1.0114748e+05   1.0064279e+05
   1.9900000e+01   1.1382241e+05   1.0671903e+05
   2.0000000e+01   1.3248755e+05   1.1830821e+05
   2.0100000e+01   1.4764256e+05   1.3063883e+05
   2.0200000e+01   1.4908419e+05   1.3805900e+05
   2.0300000e+01   1.3485927e+05   1.3893403e+05
   2.0400000e+01   1.1372555e+05   1.3654359e+05
   2.0500000e+01   9.8899281e+04   1.3490345e+05
   2.0600000e+01   9.8428156e+04   1.3352969e+05
   2.0700000e+01   1.0948719e+05   1.2723054e+05
   2.0800000e+01   1.2036803e+05   1.1183427e+05
   2.0900000e+01   1.1890304e+05   8.9417602e+04
   2.1000000e+01   1.0188822e+05   6.6781016e+04
   2.1100000e+01   7.8154055e+04   4.9182051e+04
   2.1200000e+01   6.1096973e+04   3.6863020e+04
   2.1300000e+01   5.5243750e+04   2.7350439e+04
   2.1400000e+01   4.8904270e+04   1.8777473e+04
   2.1500000e+01   2.1704566e+04   9.6775117e+03
   2.1600000e+01  -3.7888898e+04  -2.3990930e+03
   2.1700000e+01  -1.2073937e+05  -1.8872840e+04
   2.1800000e+01  -2.0217450e+05  -3.6417508e+04
   2.1900000e+01  -2.5953319e+05  -4.7992234e+04
   2.2000000e+01  -2.8671888e+05  -4.9731180e+04
   2.2100000e+01  -2.9470978e+05  -4.5845379e+04
   2.2200000e+01  -3.0007975e+05  -4.4214770e+04
   2.2300000e+01  -3.1189303e+05  -4.6259586e+04
   2.2400000e+01  -3.2568050e+05  -4.2571039e+04
   2.2500000e+01  -3.2688694e+05  -2.0351766e+04
   2.2600000e+01  -3.0106500e+05   2.4080803e+04
   2.2700000e+01  -2.4482611e+05   8.0106062e+04
   2.2800000e+01  -1.7001022e+05   1.2990052e+05
   2.2900000e+01  -9.6612406e+04   1.6079709e+05
   2.3000000e+01  -3.8652672e+04   1.7156369e+05
   2.3100000e+01   5.2796543e+03   1.6795548e+05
   2.3200000e+01   4.7709648e+04   1.5314348e+05
   2.3300000e+01   9.7669281e+04   1.2277571e+05
   2.3400000e+01   1.4974114e+05   6.9476320e+04
   2.3500000e+01   1.8755806e+05  -7.4007959e+03
   2.3600000e+01   1.9829486e+05  -9.6066898e+04
   2.3700000e+01   1.8386345e+05  -1.7686072e+05
   2.3800000e+01   1.5829161e+05  -2.3436527e+05
   2.3900000e+01   1.3490342e+05  -2.6705522e+05
   2.4000000e+01   1.1653267e+05  -2.8573331e+05
   2.4100000e+01   9.7457961e+04  -3.0181288e+05
   2.4200000e+01   7.2808617e+04  -3.1610431e+05
   2.4300000e+01   4.4328836e+04  -3.1823534e+05
   2.4400000e+01   1.7508627e+04  -2.9608388e+05
   2.4500000e+01  -4.1035967e+03  -2.4502092e+05
   2.4600000e+01  -1.9422326e+04  -1.6889238e+05
   2.4700000e+01  -2.5672785e+04  -7.5191695e+04
   2.4800000e+01  -1.7464230e+04   2.7676260e+04
   2.4900000e+01   6.9588081e+03   1.2899348e+05
   2.5000000e+01   3.8848094e+04   2.1602145e+05
   2.5100000e+01   6.1145590e+04   2.7981512e+05
   2.5200000e+01   6.0154871e+04   3.2100588e+05
   2.5300000e+01   3.6168930e+04   3.4714438e+05
   2.5400000e+01   2.8870818e+03   3.6258172e+05
   2.5500000e+01  -2.3519539e+04   3.6196859e+05
   2.5600000e+01  -3.5557891e+04   3.3542172e+05
   2.5700000e+01  -3.6987906e+04   2.7995384e+05
   2.5800000e+01  -3.6612852e+04   2.0436239e+05
   2.5900000e+01  -3.9754652e+04   1.2237347e+05
   2.6000000e+01  -4.4123859e+04   4.2011172e+04
   2.6100000e+01  -4.2528406e+04  -3.7517762e+04
   2.6200000e+01  -2.9811141e+04  -1.1925719e+05
   2.6300000e+01  -8.3071582e+03  -2.0024481e+05
   2.6400000e+01   1.2957360e+04  -2.7018800e+05
   2.6500000e+01   2.5011049e+04  -3.1798494e+05
   2.6600000e+01   2.5861205e+04  -3.3975281e+05
   2.6700000e+01   2.1336457e+04  -3.4125425e+05
   2.6800000e+01   1.9042236e+04  -3.3265606e+05
   2.6900000e+01   2.0889359e+04  -3.1993138e+05
   2.7000000e+01   2.0823363e+04  -3.0025044e+05
   2.7100000e+01   9.7453730e+03  -2.6569534e+05
   2.7200000e+01  -1.6451346e+04  -2.1223481e+05
   2.7300000e+01  -5.2456273e+04  -1.4559847e+05
   2.7400000e+01  -8.6805164e+04  -7.8345711e+04
   2.7500000e+01  -1.1059216e+05  -2.1071088e+04
   2.7600000e+01  -1.2407237e+05   2.3742084e+04
   2.7700000e+01  -1.3457838e+05   6.0312480e+04
   2.7800000e+01  -1.4710794e+05   9.3900141e+04
   2.7900000e+01  -1.5680052e+05   1.2722515e+05
   2.8000000e+01  -1.5148656e+05   1.6051380e+05
   2.8100000e+01  -1.2249641e+05   1.9172812e+05
   2.8200000e+01  -7.3405500e+04   2.1537780e+05
   2.8300000e+01  -1.8660934e+04   2.2348117e+05
   2.8400000e+01   2.5957033e+04   2.1167306e+05
   2.8500000e+01   5.2571023e+04   1.8608459e+05
   2.8600000e+01   6.4108559e+04   1.6228070e+05
   2.8700000e+01   7.0867117e+04   1.5400416e+05
   2.8800000e+01   8.3574828e+04   1.6091270e+05
   2.8900000e+01   1.0594746e+05   1.6747439e+05
   2.9000000e+01   1.3082026e+05   1.5526686e+05
   2.9100000e+01   1.4409978e+05   1.1826835e+05
   2.9200000e+01   1.3557808e+05   6.8163391e+04
   2.9300000e+01   1.0800926e+05   2.5785639e+04
   2.9400000e+01   7.5545266e+04   6.1368281e+03
   2.9500000e+01   5.2653227e+04   8.6159297e+03
   2.9600000e+01   4.4364004e+04   1.9433092e+04
   2.9700000e+01   4.6390812e+04   2.4007867e+04
   2.9800000e+01   5.2348293e+04   1.9497432e+04
   2.9900000e+01   5.9113945e+04   1.6854250e+04
   3.0000000e+01   6.6587414e+04   2.9870615e+04
   3.0100000e+01   7.5679688e+04   6.0322152e+04
   3.0200000e+01   8.8049352e+04   9.3028430e+04
   3.0300000e+01   1.0581135e+05   1.0635625e+05
   3.0400000e+01   1.2902385e+05   8.9116859e+04
   3.0500000e+01   1.5385083e+05   4.8487551e+04
   3.0600000e+01   1.7548719e+05   2.4484785e+03
   3.0700000e+01   1.9341567e+05  -3.4821297e+04
   3.0800000e+01   2.1155459e+05  -6.0787457e+04
   3.0900000e+01   2.3130522e+05  -8.0788234e+04
   3.1000000e+01   2.4554980e+05  -9.9917758e+04
   3.1100000e+01   2.4226319e+05  -1.1970652e+05
   3.1200000e+01   2.1517103e+05  -1.4026036e+05
   3.1300000e+01   1.6965684e+05  -1.6167250e+05
   3.1400000e+01   1.1707151e+05  -1.8154238e+05
   3.1500000e+01   6.3940898e+04  -1.9286148e+05
   3.1600000e+01   7.9432368e+03  -1.8740470e+05
   3.1700000e+01  -5.6032688e+04  -1.6253491e+05
   3.1800000e+01  -1.2781332e+05  -1.2376430e+05
   3.1900000e+01  -2.0077416e+05  -7.9538000e+04
   3.2000000e+01  -2.6742706e+05  -3.4008445e+04
   3.2100000e+01  -3.2444409e+05   1.3554474e+04
   3.2200000e+01  -3.7214953e+05   6.1860402e+04
   3.2300000e+01  -4.1076578e+05   1.0196827e+05
   3.2400000e+01  -4.3866284e+05   1.2131140e+05
   3.2500000e+01  -4.5409053e+05   1.1470170e+05
   3.2600000e+01  -4.5714225e+05   9.0276906e+04
   3.2700000e+01  -4.4891797e+05   6.2534285e+04
   3.2800000e+01  -4.2915444e+05   3.8970840e+04
   3.2900000e+01  -3.9608309e+05   1.4929394e+04
   3.3000000e+01  -3.4951716e+05  -1.7648248e+04
   3.3100000e+01  -2.9347462e+05  -5.8154152e+04
   3.3200000e+01  -2.3429638e+05  -9.6327812e+04
   3.3300000e+01  -1.7550400e+05  -1.2282550e+05
   3.3400000e+01  -1.1531933e+05  -1.3765914e+05
   3.3500000e+01  -5.0404469e+04  -1.4663412e+05
   3.3600000e+01   1.7983316e+04  -1.5216475e+05
   3.3700000e+01   8.2609586e+04  -1.5125509e+05
   3.3800000e+01   1.3562611e+05  -1.4176103e+05
   3.3900000e+01   1.7497072e+05  -1.2579586e+05
   3.4000000e+01   2.0523812e+05  -1.0439208e+05
   3.4100000e+01   2.3285995e+05  -7.2307156e+04
   3.4200000e+01   2.6076838e+05  -2.3362688e+04
   3.4300000e+01   2.8653012e+05   3.8659477e+04
   3.4400000e+01   3.0389969e+05   9.8634727e+04
   3.4500000e+01   3.0646862e+05   1.4213058e+05
   3.4600000e+01   2.9263228e+05   1.6681552e+05
   3.4700000e+01   2.6945881e+05   1.7958089e+05
   3.4800000e+01   2.5085489e+05   1.8440020e+05
   3.4900000e+01   2.4851795e+05   1.7746273e+05
   3.5000000e+01   2.6202075e+05   1.5519211e+05
   3.5100000e+01   2.7774434e+05   1.2298494e+05
   3.5200000e+01   2.7913422e+05   9.1861305e+04
   3.5300000e+01   2.5957311e+05   6.6627055e+04
   3.5400000e+01   2.2637645e+05   4.0360969e+04
   3.5500000e+01   1.9309855e+05   2.2804717e+03
   3.5600000e+01   1.6811308e+05  -4.9717047e+04
   3.5700000e+01   1.4978038e+05  -1.0511345e+05
   3.5800000e+01   1.3133416e+05  -1.4855920e+05
   3.5900000e+01   1.0932995e+05  -1.7081475e+05
   3.6000000e+01   8.6437031e+04  -1.7300536e+05
   3.6100000e+01   6.5423109e+04  -1.6223538e+05
   3.6200000e+01   4.1223828e+04  -1.4411178e+05
   3.6300000e+01   1.6158044e+03  -1.1862715e+05
   3.6400000e+01  -6.1570586e+04  -8.1578320e+04
   3.6500000e+01  -1.4178347e+05  -2.9288568e+04
   3.6600000e+01  -2.2051909e+05   3.7091246e+04
   3.6700000e+01  -2.8240706e+05   1.1034895e+05
   3.6800000e+01  -3.2690362e+05   1.7975086e+05
   3.6900000e+01  -3.6392697e+05   2.3609058e+05
   3.7000000e+01  -3.9889944e+05   2.7619844e+05
   3.7100000e+01  -4.2435750e+05   3.0341744e+05
   3.7200000e+01  -4.2687906e+05   3.2304519e+05
   3.7300000e+01  -4.0062869e+05   3.3623181e+05
   3.7400000e+01  -3.5296203e+05   3.3798131e+05
   3.7500000e+01  -2.9787016e+05   3.2142200e+05
   3.7600000e+01  -2.4540089e+05   2.8415025e+05
   3.7700000e+01  -1.9664822e+05   2.3017095e+05
   3.7800000e+01  -1.4655327e+05   1.6576703e+05
   3.7900000e+01  -9.0404148e+04   9.4308000e+04
   3.8000000e+01  -2.8896502e+04   1.5832964e+04
   3.8100000e+01   3.1321766e+04  -6.8648750e+04
   3.8200000e+01   8.1766500e+04  -1.5370125e+05
   3.8300000e+01   1.1779164e+05  -2.3111108e+05
   3.8400000e+01   1.4116306e+05  -2.9472831e+05
   3.8500000e+01   1.5741588e+05  -3.4306831e+05
   3.8600000e+01   1.7076834e+05  -3.7725419e+05
   3.8700000e+01   1.8136312e+05  -3.9734800e+05
   3.8800000e+01   1.8663470e+05  -4.0148706e+05
   3.8900000e+01   1.8453891e+05  -3.8835994e+05
   3.9000000e+01   1.7566116e+05  -3.5950600e+05
   3.9100000e+01   1.6332206e+05  -3.1844112e+05
   3.9200000e+01   1.5224373e+05  -2.6770178e+05
   3.9300000e+01   1.4625698e+05  -2.0752269e+05
   3.9400000e+01   1.4588044e+05  -1.3810178e+05
   3.9500000e+01   1.4772158e+05  -6.3331398e+04
   3.9600000e+01   1.4707720e+05   8.2024453e+03
   3.9700000e+01   1.4200417e+05   6.7045648e+04
   3.9800000e+01   1.3489069e+05   1.0894803e+05
   3.9900000e+01   1.2971325e+05   1.3756816e+05
   4.0000000e+01   1.2790579e+05   1.6034791e+05
   4.0100000e+01   1.2734795e+05   1.8054892e+05
   4.0200000e+01   1.2510631e+05   1.9307384e+05
   4.0300000e+01   1.1994862e+05   1.8862161e+05
   4.0400000e+01   1.1136057e+05   1.6211142e+05
   4.0500000e+01   9.7076844e+04   1.1682642e+05
   4.0600000e+01   7.3812445e+04   6.1144043e+04
   4.0700000e+01   4.1660566e+04   3.3769670e+03
   4.0800000e+01   6.6455830e+03  -4.9143266e+04
   4.0900000e+01  -2.3246184e+04  -8.8389766e+04
   4.1000000e+01  -4.5402703e+04  -1.0751743e+05
   4.1100000e+01  -6.5074129e+04  -1.0656019e+05
   4.1200000e+01  -8.9761125e+04  -9.4388883e+04
   4.1300000e+01  -1.2156638e+05  -8.1918258e+04
   4.1400000e+01  -1.5549805e+05  -7.2404844e+04
   4.1500000e+01  -1.8414388e+05  -5.9366719e+04
   4.1600000e+01  -2.0238919e+05  -3.4321344e+04
   4.1700000e+01  -2.0813177e+05   4.4346016e+03
   4.1800000e+01  -2.0128164e+05   5.0935734e+04
   4.1900000e+01  -1.8402230e+05   9.7729188e+04
   4.2000000e+01  -1.6071002e+05   1.4125533e+05
   4.2100000e+01  -1.3487391e+05   1.8152856e+05
   4.2200000e+01  -1.0595036e+05   2.1862112e+05
   4.2300000e+01  -7.0923812e+04   2.5095130e+05
   4.2400000e+01  -3.0115520e+04   2.7646669e+05
   4.2500000e+01   1.0283759e+04   2.9375350e+05
   4.2600000e+01   4.3059734e+04   3.0108569e+05
   4.2700000e+01   6.6387516e+04   2.9554069e+05
   4.2800000e+01   8.3350039e+04   2.7530397e+05
   4.2900000e+01   9.5252828e+04   2.4371556e+05
   4.3000000e+01   9.8024414e+04   2.0907686e+05
   4.3100000e+01   8.6873023e+04   1.7741253e+05
   4.3200000e+01   6.3045168e+04   1.4479592e+05
   4.3300000e+01   3.3637297e+04   9.9576969e+04
   4.3400000e+01   4.7864751e+03   3.5058746e+04
   4.3500000e+01  -2.2813188e+04  -4.0480000e+04
   4.3600000e+01  -5.0730895e+04  -1.0893574e+05
   4.3700000e+01  -7.7002578e+04  -1.5821816e+05
   4.3800000e+01  -9.5948391e+04  -1.9102025e+05
   4.3900000e+01  -1.0427899e+05  -2.1703395e+05
   4.4000000e+01  -1.0612711e+05  -2.3944653e+05
   4.4100000e+01  -1.1072834e+05  -2.5287277e+05
   4.4200000e+01  -1.2447107e+05  -2.5405777e+05
   4.4300000e+01  -1.4474445e+05  -2.4983259e+05
   4.4400000e+01  -1.6132020e+05  -2.5099042e+05
   4.4500000e+01  -1.6428844e+05  -2.5971056e+05
   4.4600000e+01  -1.5166797e+05  -2.6663125e+05
   4.4700000e+01  -1.2970560e+05  -2.6138828e+05
   4.4800000e+01  -1.0557148e+05  -2.4412242e+05
   4.4900000e+01  -8.0231984e+04  -2.2520039e+05
   4.5000000e+01  -4.9709531e+04  -2.1454706e+05
   4.5100000e+01  -1.3343266e+04  -2.1247202e+05
   4.5200000e+01   2.1709697e+04  -2.1018105e+05
   4.5300000e+01   4.7041137e+04  -1.9751470e+05
   4.5400000e+01   6.3930230e+04  -1.7018317e+05
   4.5500000e+01   8.4660812e+04  -1.3164475e+05
   4.5600000e+01   1.2047182e+05  -8.9854375e+04
   4.5700000e+01   1.6876500e+05  -5.1678812e+04
   4.5800000e+01   2.1413061e+05  -1.8347791e+04
   4.5900000e+01   2.4217023e+05   1.4842485e+04
   4.6000000e+01   2.5096164e+05   5.3471707e+04
   4.6100000e+01   2.4904416e+05   9.7090656e+04
   4.6200000e+01   2.4470328e+05   1.3720333e+05
   4.6300000e+01   2.3930822e+05   1.6363284e+05
   4.6400000e+01   2.2986691e+05   1.7425628e+05
   4.6500000e+01   2.1470931e+05   1.7810684e+05
   4.6600000e+01   1.9503548e+05   1.8742197e+05
   4.6700000e+01   1.7255370e+05   2.0584567e+05
   4.6800000e+01   1.4801162e+05   2.2485419e+05
   4.6900000e+01   1.2211714e+05   2.3224706e+05
   4.7000000e+01   9.5792859e+04   2.2393200e+05
   4.7100000e+01   6.8104391e+04   2.0732669e+05
   4.7200000e+01   3.5146547e+04   1.9422138e+05
   4.7300000e+01  -6.2872490e+03   1.9135311e+05
   4.7400000e+01  -5.2414883e+04   1.9705783e+05
   4.7500000e+01  -9.1052672e+04   2.0437716e+05
   4.7600000e+01  -1.0944359e+05   2.0570216e+05
   4.7700000e+01  -1.0578908e+05   1.9610839e+05
   4.7800000e+01  -9.2907289e+04   1.7598873e+05
   4.7900000e+01  -8.8396070e+04   1.5238706e+05
   4.8000000e+01  -9.9184602e+04   1.3571273e+05
   4.8100000e+01  -1.1545764e+05   1.3127834e+05
   4.8200000e+01  -1.2075030e+05   1.3223381e+05
   4.8300000e+01  -1.0867847e+05   1.2231994e+05
   4.8400000e+01  -8.9403492e+04   8.8358445e+04
   4.8500000e+01  -7.9229648e+04   3.1713203e+04
   4.8600000e+01  -8.4298789e+04  -3.2286865e+04
   4.8700000e+01  -9.5200109e+04  -8.6541047e+04
   4.8800000e+01  -9.7128242e+04  -1.2468032e+05
   4.8900000e+01  -8.3909688e+04  -1.5335409e+05
   4.9000000e+01  -6.1820176e+04  -1.8399536e+05
   4.9100000e+01  -4.1805375e+04  -2.2233561e+05
   4.9200000e+01  -3.0454176e+04  -2.6406178e+05
   4.9300000e+01  -2.8074758e+04  -2.9895531e+05
   4.9400000e+01  -3.1900363e+04  -3.1936822e+05
   4.9500000e+01  -3.8145805e+04  -3.2578775e+05
   4.9600000e+01  -4.1947742e+04  -3.2444831e+05
   4.9700000e+01  -3.8998273e+04  -3.1902631e+05
   4.9800000e+01  -2.9320361e+04  -3.0502969e+05
   4.9900000e+01  -1.8166898e+04  -2.7384522e+05
   5.0000000e+01  -1.1201566e+04  -2.2311536e+05
   5.0100000e+01  -8.9231807e+03  -1.6198578e+05
   5.0200000e+01  -7.2822402e+03  -1.0445189e+05
   5.0300000e+01  -3.7008318e+03  -5.7455602e+04
   5.0400000e+01  -4.4793405e+02  -1.6682236e+04
   5.0500000e+01  -8.6186902e+02   2.5968078e+04
   5.0600000e+01  -3.8087698e+03   7.2841664e+04
   5.0700000e+01  -4.4605518e+03   1.2004996e+05
   5.0800000e+01  -9.5548267e+02   1.6503764e+05
   5.0900000e+01   1.8605396e+03   2.1091286e+05
   5.1000000e+01  -2.8850205e+03   2.6081578e+05
   5.1100000e+01  -1.6389467e+04   3.0917172e+05
   5.1200000e+01  -3.2891914e+04   3.4198950e+05
   5.1300000e+01  -4.5958199e+04   3.4810566e+05
   5.1400000e+01  -5.3935879e+04   3.2946541e+05
   5.1500000e+01  -5.8175109e+04   2.9821075e+05
   5.1600000e+01  -5.8211211e+04   2.6300253e+05
   5.1700000e+01  -5.2363391e+04   2.1985708e+05
   5.1800000e+01  -4.3715281e+04   1.5817030e+05
   5.1900000e+01  -4.1875812e+04   7.5118023e+04
   5.2000000e+01  -5.4617539e+04  -1.8292098e+04
   5.2100000e+01  -7.7235398e+04  -1.0643345e+05
   5.2200000e+01  -9.3280391e+04  -1.8238175e+05
   5.2300000e+01  -8.8819156e+04  -2.4964373e+05
   5.2400000e+01  -6.6161836e+04  -3.1107606e+05
   5.2500000e+01  -4.1888941e+04  -3.5947450e+05
   5.2600000e+01  -3.0415121e+04  -3.8200950e+05
   5.2700000e+01  -2.9942971e+04  -3.7341372e+05
   5.2800000e+01  -2.5064936e+04  -3.4191328e+05
   5.2900000e+01  -2.7631553e+03  -3.0051797e+05
   5.3000000e+01   3.4663176e+04  -2.5378025e+05
   5.3100000e+01   7.1920750e+04  -1.9544547e+05
   5.3200000e+01   9.4667281e+04  -1.1959366e+05
   5.3300000e+01   1.0104155e+05  -3.2281207e+04
   5.3400000e+01   1.0110012e+05   4.9734328e+04
   5.3500000e+01   1.0702253e+05   1.1206577e+05
   5.3600000e+01   1.2409425e+05   1.5379881e+05
   5.3700000e+01   1.4875262e+05   1.8565606e+05
   5.3800000e+01   1.7228084e+05   2.1815175e+05
   5.3900000e+01   1.8602666e+05   2.5200119e+05
   5.4000000e+01   1.8629991e+05   2.7895100e+05
   5.4100000e+01   1.7781998e+05   2.9002125e+05
   5.4200000e+01   1.7223869e+05   2.8231319e+05
   5.4300000e+01   1.7938961e+05   2.5939275e+05
   5.4400000e+01   1.9671745e+05   2.2738852e+05
   5.4500000e+01   2.0816733e+05   1.9144050e+05
   5.4600000e+01   1.9698581e+05   1.5437752e+05
   5.4700000e+01   1.6170100e+05   1.1666228e+05
   5.4800000e+01   1.1879337e+05   7.6990773e+04
   5.4900000e+01   8.8406578e+04   3.4349777e+04
   5.5000000e+01   7.7359000e+04  -8.7289238e+03
   5.5100000e+01   7.5870484e+04  -4.4795113e+04
   5.5200000e+01   6.8866500e+04  -6.5082141e+04
   5.5300000e+01   4.8537664e+04  -6.6446102e+04
   5.5400000e+01   1.7268639e+04  -5.5179301e+04
   5.5500000e+01  -1.7475842e+04  -4.2896645e+04
   5.5600000e+01  -4.8750371e+04  -3.7552789e+04
   5.5700000e+01  -7.3040305e+04  -3.8238070e+04
   5.5800000e+01  -9.1717125e+04  -3.8693359e+04
   5.5900000e+01  -1.1050586e+05  -3.5173773e+04
   5.6000000e+01  -1.3488986e+05  -3.0112861e+04
   5.6100000e+01  -1.6394903e+05  -2.8655307e+04
   5.6200000e+01  -1.8960403e+05  -3.3273539e+04
   5.6300000e+01  -2.0373198e+05  -4.2533816e+04
   5.6400000e+01  -2.0603856e+05  -5.3721852e+04
   5.6500000e+01  -2.0381292e+05  -6.4623727e+04
   5.6600000e+01  -2.0399266e+05  -7.2723422e+04
   5.6700000e+01  -2.0654534e+05  -7.5085211e+04
   5.6800000e+01  -2.0555491e+05  -7.1323664e+04
   5.6900000e+01  -1.9527467e+05  -6.6404883e+04
   5.7000000e+01  -1.7468091e+05  -6.8206938e+04
   5.7100000e+01  -1.4814583e+05  -8.0537539e+04
   5.7200000e+01  -1.2378015e+05  -9.8647914e+04
   5.7300000e+01  -1.1004584e+05  -1.1250787e+05
   5.7400000e+01  -1.1017880e+05  -1.1474823e+05
   5.7500000e+01  -1.1734102e+05  -1.0534944e+05
   5.7600000e+01  -1.1668409e+05  -8.9501234e+04
   5.7700000e+01  -9.6222672e+04  -7.2655109e+04
   5.7800000e+01  -5.8542598e+04  -5.8297797e+04
   5.7900000e+01  -2.1256891e+04  -4.8709340e+04
   5.8000000e+01  -3.0423728e+03  -4.4970676e+04
   5.8100000e+01  -6.8464868e+03  -4.5036336e+04
   5.8200000e+01  -1.6761949e+04  -4.3316285e+04
   5.8300000e+01  -1.2841129e+04  -3.4413305e+04
   5.8400000e+01   1.0253393e+04  -1.7873188e+04
   5.8500000e+01   3.9703820e+04   1.8066211e+03
   5.8600000e+01   5.9429734e+04   2.0460785e+04
   5.8700000e+01   6.6716648e+04   3.8425039e+04
   5.8800000e+01   7.2346242e+04   5.7940781e+04
   5.8900000e+01   8.5601367e+04   7.6697492e+04
   5.9000000e+01   1.0327165e+05   8.6218469e+04
   5.9100000e+01   1.1591259e+05   7.8770031e+04
   5.9200000e+01   1.2235304e+05   5.6005895e+04
   5.9300000e+01   1.3303000e+05   2.9523377e+04
   5.9400000e+01   1.5740230e+05   1.2092742e+04
   5.9500000e+01   1.9127869e+05   8.3809473e+03
   5.9600000e+01   2.1982536e+05   1.3702527e+04
   5.9700000e+01   2.3215247e+05   1.9927961e+04
   5.9800000e+01   2.2998527e+05   2.1123160e+04
   5.9900000e+01   2.2213658e+05   1.4706070e+04
   6.0000000e+01   2.1408183e+05   7.3254492e+02
   6.0100000e+01   2.0480030e+05  -1.7217326e+04
   6.0200000e+01   1.9064575e+05  -3.1142395e+04
   6.0300000e+01   1.6795833e+05  -3.1766016e+04
   6.0400000e+01   1.3232858e+05  -1.5231708e+04
   6.0500000e+01   8.0316125e+04   1.2910439e+04
   6.0600000e+01   1.5318312e+04   4.1655387e+04
   6.0700000e+01  -5.0146711e+04   6.4012203e+04
   6.0800000e+01  -1.0193145e+05   8.3350242e+04
   6.0900000e+01  -1.3517639e+05   1.0990692e+05
   6.1000000e+01  -1.5631294e+05   1.4950234e+05
   6.1100000e+01  -1.7392161e+05   1.9438709e+05
   6.1200000e+01  -1.8955102e+05   2.2568700e+05
   6.1300000e+01  -1.9868347e+05   2.2718970e+05
   6.1400000e+01  -1.9879362e+05   1.9892314e+05
   6.1500000e+01  -1.9358234e+05   1.5735256e+05
   6.1600000e+01  -1.8888608e+05   1.2089074e+05
   6.1700000e+01  -1.8628947e+05   9.4366188e+04
   6.1800000e+01  -1.8174411e+05   6.7953055e+04
   6.1900000e+01  -1.6931881e+05   3.1135469e+04
   6.2000000e+01  -1.4533739e+05  -1.3882521e+04
   6.2100000e+01  -1.1022502e+05  -5.3867723e+04
   6.2200000e+01  -6.8766672e+04  -7.8472359e+04
   6.2300000e+01  -2.9111221e+04  -8.9939453e+04
   6.2400000e+01   5.5798340e+02  -9.8149867e+04
   6.2500000e+01   1.6859963e+04  -1.0820803e+05
   6.2600000e+01   2.3557174e+04  -1.1563538e+05
   6.2700000e+01   2.8440096e+04  -1.1377344e+05
   6.2800000e+01   3.7105977e+04  -1.0311087e+05
   6.2900000e+01   4.9264559e+04  -9.1030211e+04
   6.3000000e+01   6.0354355e+04  -8.3129945e+04
   6.3100000e+01   6.5900000e+04  -7.7407828e+04
   6.3200000e+01   6.4416391e+04  -6.8238781e+04
   6.3300000e+01   5.7521301e+04  -5.4684332e+04
   6.3400000e+01   4.8673277e+04  -4.2756805e+04
   6.3500000e+01   4.1718023e+04  -3.9138980e+04
   6.3600000e+01   3.9263750e+04  -4.4145625e+04
   6.3700000e+01   4.1441648e+04  -5.2027652e+04
   6.3800000e+01   4.6590984e+04  -5.7593438e+04
   6.3900000e+01   5.4002266e+04  -6.1169969e+04
   6.4000000e+01   6.5824016e+04  -6.6907086e+04
   6.4100000e+01   8.4852188e+04  -7.7470117e+04
   6.4200000e+01   1.0915286e+05  -9.1285836e+04
   6.4300000e+01   1.2928877e+05  -1.0425641e+05
   6.4400000e+01   1.3309933e+05  -1.1279326e+05
   6.4500000e+01   1.1567845e+05  -1.1496947e+05
   6.4600000e+01   8.5403227e+04  -1.0993234e+05
   6.4700000e+01   5.8765926e+04  -9.7466961e+04
   6.4800000e+01   4.7162984e+04  -7.8435906e+04
   6.4900000e+01   4.7571348e+04  -5.5356773e+04
   6.5000000e+01   4.6175641e+04  -3.2284268e+04
   6.5100000e+01   3.1376119e+04  -1.3591933e+04
   6.5200000e+01   3.3747122e+03  -1.6280911e+03
   6.5300000e+01  -2.8215479e+04   5.6973545e+03
   6.5400000e+01  -5.4483594e+04   1.4980898e+04
   6.5500000e+01  -7.3857070e+04   3.3317969e+04
   6.5600000e+01  -8.9837352e+04   6.2039160e+04
   6.5700000e+01  -1.0470735e+05   9.3312031e+04
   6.5800000e+01  -1.1673915e+05   1.1367576e+05
   6.5900000e+01  -1.2225673e+05   1.1310199e+05
   6.6000000e+01  -1.1832829e+05   9.2942102e+04
   6.6100000e+01  -1.0335428e+05   6.6073172e+04
   6.6200000e+01  -7.7278492e+04   4.8314582e+04
   6.6300000e+01  -4.3329566e+04   4.7358668e+04
   6.6400000e+01  -9.2731943e+03   5.7963938e+04
   6.6500000e+01   1.5332271e+04   6.7315414e+04
   6.6600000e+01   2.5380684e+04   6.5935422e+04
   6.6700000e+01   2.4647334e+04   5.4870562e+04
   6.6800000e+01   2.3496957e+04   4.3519004e+04
   6.6900000e+01   3.0692041e+04   4.0909453e+04
   6.7000000e+01   4.5798262e+04   4.8419383e+04
   6.7100000e+01   5.9156914e+04   5.9483445e+04
   6.7200000e+01   6.0650793e+04   6.5188934e+04
   6.7300000e+01   5.0275141e+04   6.0422977e+04
   6.7400000e+01   3.9951824e+04   4.6329414e+04
   6.7500000e+01   4.2597250e+04   2.8733832e+04
   6.7600000e+01   5.7592660e+04   1.4835554e+04
   6.7700000e+01   6.8261844e+04   1.0252787e+04
   6.7800000e+01   5.6765004e+04   1.6941344e+04
   6.7900000e+01   2.2855312e+04   3.1996285e+04
   6.8000000e+01  -1.3654250e+04   4.8323363e+04
   6.8100000e+01  -3.0898715e+04   5.8304199e+04
   6.8200000e+01  -2.5202766e+04   5.8907551e+04
   6.8300000e+01  -1.2428318e+04   5.3651953e+04
   6.8400000e+01  -1.0247531e+04   4.8544887e+04
   6.8500000e+01  -2.1721721e+04   4.5716992e+04
   6.8600000e+01  -3.6940125e+04   4.2125746e+04
   6.8700000e+01  -4.7365160e+04   3.5080285e+04
   6.8800000e+01  -5.4285012e+04   2.7283305e+04
   6.8900000e+01  -6.2936949e+04   2.4076391e+04
   6.9000000e+01  -7.2528477e+04   2.6055336e+04
   6.9100000e+01  -7.6065109e+04   2.7248021e+04
   6.9200000e+01  -6.9964188e+04   2.1949725e+04
   6.9300000e+01  -6.0838680e+04   1.1249209e+04
   6.9400000e+01  -6.0581602e+04   5.3102271e+02
   6.9500000e+01  -7.4833531e+04  -8.0793770e+03
   6.9600000e+01  -9.7086695e+04  -1.7517850e+04
   6.9700000e+01  -1.1413713e+05  -3.0092393e+04
   6.9800000e+01  -1.1704141e+05  -4.3969965e+04
   6.9900000e+01  -1.0728820e+05  -5.7844152e+04
   7.0000000e+01  -9.3498133e+04  -7.6261242e+04
   7.0100000e+01  -8.2867102e+04  -1.0548634e+05
   7.0200000e+01  -7.5518633e+04  -1.4336175e+05
   7.0300000e+01  -6.6265633e+04  -1.7712867e+05
   7.0400000e+01  -5.1056160e+04  -1.9447314e+05
   7.0500000e+01  -3.1293395e+04  -1.9585586e+05
   7.0600000e+01  -1.1877578e+04  -1.9356047e+05
   7.0700000e+01   4.5331201e+03  -1.9842195e+05
   7.0800000e+01   2.0573748e+04  -2.0888486e+05
   7.0900000e+01   4.0908164e+04  -2.1285591e+05
   7.1000000e+01   6.5884578e+04  -1.9827156e+05
   7.1100000e+01   8.9055078e+04  -1.6143297e+05
   7.1200000e+01   1.0182195e+05  -1.0784589e+05
   7.1300000e+01   1.0095807e+05  -4.8060949e+04
   7.1400000e+01   9.1520938e+04   7.6158145e+03
   7.1500000e+01   8.2579555e+04   5.3726773e+04
   7.1600000e+01   8.0755344e+04   9.1743305e+04
   7.1700000e+01   8.7916078e+04   1.2735398e+05
   7.1800000e+01   1.0316252e+05   1.6413245e+05
   7.1900000e+01   1.2405799e+05   1.9944244e+05
   7.2000000e+01   1.4500881e+05   2.2712747e+05
   7.2100000e+01   1.5718978e+05   2.4388889e+05
   7.2200000e+01   1.5399061e+05   2.5151725e+05
   7.2300000e+01   1.3777733e+05   2.5219789e+05
   7.2400000e+01   1.1924255e+05   2.4313036e+05
   7.2500000e+01   1.0779468e+05   2.1791378e+05
   7.2600000e+01   1.0248981e+05   1.7359855e+05
   7.2700000e+01   9.3603555e+04   1.1501509e+05
   7.2800000e+01   7.3425930e+04   5.1466785e+04
   7.2900000e+01   4.4782938e+04  -9.6659717e+03
   7.3000000e+01   1.8631283e+04  -6.4917246e+04
   7.3100000e+01   3.7623867e+03  -1.1167684e+05
   7.3200000e+01  -8.9703613e+02  -1.4610245e+05
   7.3300000e+01  -4.3525576e+03  -1.6554730e+05
   7.3400000e+01  -1.4468195e+04  -1.7175139e+05
   7.3500000e+01  -3.0674678e+04  -1.6968148e+05
   7.3600000e+01  -4.5432902e+04  -1.6314409e+05
   7.3700000e+01  -5.2799445e+04  -1.5281653e+05
   7.3800000e+01  -5.4926473e+04  -1.3866828e+05
   7.3900000e+01  -5.9122164e+04  -1.2246187e+05
   7.4000000e+01  -6.8691367e+04  -1.0629355e+05
   7.4100000e+01  -7.8616031e+04  -8.9365227e+04
   7.4200000e+01  -8.1827344e+04  -6.8112102e+04
   7.4300000e+01  -7.8627781e+04  -4.0148793e+04
   7.4400000e+01  -7.7276688e+04  -7.0922046e+03
   7.4500000e+01  -8.4454805e+04   2.6964801e+04
   7.4600000e+01  -9.7043516e+04   5.8402520e+04
   7.4700000e+01  -1.0510230e+05   8.4176508e+04
   7.4800000e+01  -1.0228453e+05   1.0023541e+05
   7.4900000e+01  -9.1565461e+04   1.0304170e+05
   7.5000000e+01  -8.0611133e+04   9.4407945e+04
   7.5100000e+01  -7.3073531e+04   8.3158422e+04
   7.5200000e+01  -6.5366398e+04   7.9018414e+04
   7.5300000e+01  -5.1401051e+04   8.3973883e+04
   7.5400000e+01  -2.9793338e+04   9.1211281e+04
   7.5500000e+01  -6.4874175e+03   9.3632562e+04
   7.5600000e+01   9.9206318e+03   9.2076750e+04
   7.5700000e+01   1.6557590e+04   9.3284422e+04
   7.5800000e+01   2.0532094e+04   1.0031014e+05
   7.5900000e+01   3.3371047e+04   1.0759926e+05
   7.6000000e+01   5.9014848e+04   1.0697623e+05
   7.6100000e+01   8.7104781e+04   9.7016453e+04
   7.6200000e+01   1.0027374e+05   8.4358547e+04
   7.6300000e+01   9.0101266e+04   7.5896789e+04
   7.6400000e+01   6.5975914e+04   7.1504055e+04
   7.6500000e+01   4.7199199e+04   6.4815133e+04
   7.6600000e+01   4.5688562e+04   4.9209719e+04
   7.6700000e+01   5.6044414e+04   2.1775684e+04
   7.6800000e+01   6.1702324e+04  -1.6440406e+04
   7.6900000e+01   5.0037391e+04  -6.0460848e+04
   7.7000000e+01   2.2220947e+04  -1.0111175e+05
   7.7100000e+01  -9.5104414e+03  -1.2830772e+05
   7.7200000e+01  -3.2776367e+04  -1.3819366e+05
   7.7300000e+01  -4.4185000e+04  -1.3675066e+05
   7.7400000e+01  -4.9970828e+04  -1.3346697e+05
   7.7500000e+01  -5.8821961e+04  -1.3034698e+05
   7.7600000e+01  -7.3217812e+04  -1.1920355e+05
   7.7700000e+01  -8.6310930e+04  -9.1823711e+04
   7.7800000e+01  -8.7095219e+04  -5.1988855e+04
   7.7900000e+01  -7.0013844e+04  -1.5114534e+04
   7.8000000e+01  -4.1054078e+04   4.8300684e+03
   7.8100000e+01  -1.4633518e+04   7.2285659e+03
   7.8200000e+01  -3.2551113e+03   3.7028281e+03
   7.8300000e+01  -8.5348652e+03   6.5694355e+03
   7.8400000e+01  -2.1207000e+04   1.8875965e+04
   7.8500000e+01  -2.9527709e+04   3.3815621e+04
   7.8600000e+01  -2.8179123e+04   4.1354859e+04
   7.8700000e+01  -2.0630012e+04   3.5297160e+04
   7.8800000e+01  -1.5085042e+04   1.6279420e+04
   7.8900000e+01  -1.9033668e+04  -9.9060566e+03
   7.9000000e+01  -3.5622129e+04  -3.6754664e+04
   7.9100000e+01  -6.1542695e+04  -6.0907676e+04
   7.9200000e+01  -8.6802367e+04  -8.2456133e+04
   7.9300000e+01  -9.9054219e+04  -1.0202777e+05
   7.9400000e+01  -9.2257562e+04  -1.1847052e+05
   7.9500000e+01  -7.2527242e+04  -1.2992053e+05
   7.9600000e+01  -5.3439699e+04  -1.3616092e+05
   7.9700000e+01  -4.3355324e+04  -1.3809438e+05
   7.9800000e+01  -3.7590715e+04  -1.3439214e+05
   7.9900000e+01  -2.4405863e+04  -1.2038471e+05
   8.0000000e+01   1.6448508e+03  -9.2435750e+04
   8.0100000e+01   3.3996832e+04  -5.3857996e+04
   8.0200000e+01   6.1726152e+04  -1.5231227e+04
   8.0300000e+01   8.0651016e+04   1.2463823e+04
   8.0400000e+01   9.5287938e+04   2.5617041e+04
   8.0500000e+01   1.1147415e+05   2.9489727e+04
   8.0600000e+01   1.3007771e+05   3.2806039e+04
   8.0700000e+01   1.4828009e+05   4.0924410e+04
   8.0800000e+01   1.6388086e+05   5.3030688e+04
   8.0900000e+01   1.7557223e+05   6.4469883e+04
   8.1000000e+01   1.8012200e+05   7.1555492e+04
   8.1100000e+01   1.7294692e+05   7.4989477e+04
   8.1200000e+01   1.5320484e+05   7.9116078e+04
   8.1300000e+01   1.2635904e+05   8.7357297e+04
   8.1400000e+01   9.8906172e+04   9.7853758e+04
   8.1500000e+01   7.0551164e+04   1.0393976e+05
   8.1600000e+01   3.4330844e+04   9.9768320e+04
   8.1700000e+01  -1.3387922e+04   8.6042461e+04
   8.1800000e+01  -6.3976312e+04   7.0429766e+04
   8.1900000e+01  -1.0038034e+05   6.2412836e+04
   8.2000000e+01  -1.1151374e+05   6.7228859e+04
   8.2100000e+01  -1.0212009e+05   8.3368656e+04
   8.2200000e+01  -8.6984805e+04   1.0440480e+05
   8.2300000e+01  -7.5624922e+04   1.2314643e+05
   8.2400000e+01  -6.4344156e+04   1.3563978e+05
   8.2500000e+01  -4.3979891e+04   1.4283759e+05
   8.2600000e+01  -1.3556531e+04   1.4857612e+05
   8.2700000e+01   1.6409627e+04   1.5495066e+05
   8.2800000e+01   3.4642008e+04   1.5904417e+05
   8.2900000e+01   4.1137613e+04   1.5454052e+05
   8.3000000e+01   4.6709340e+04   1.3712530e+05
   8.3100000e+01   6.0984750e+04   1.0838580e+05
   8.3200000e+01   8.2444016e+04   7.4288891e+04
   8.3300000e+01   1.0053632e+05   4.0010398e+04
   8.3400000e+01   1.0587874e+05   6.4241011e+03
   8.3500000e+01   9.6895406e+04  -2.8814236e+04
   8.3600000e+01   7.7489555e+04  -6.7577617e+04
   8.3700000e+01   5.1261805e+04  -1.0872777e+05
   8.3800000e+01   2.0202348e+04  -1.4810673e+05
   8.3900000e+01  -1.1866198e+04  -1.7989252e+05
   8.4000000e+01  -3.7955805e+04  -1.9831814e+05
   8.4100000e+01  -5.2940156e+04  -2.0001867e+05
   8.4200000e+01  -6.0006004e+04  -1.8672378e+05
   8.4300000e+01  -6.9563680e+04  -1.6605714e+05
   8.4400000e+01  -8.9035820e+04  -1.4811133e+05
   8.4500000e+01  -1.1325047e+05  -1.3877250e+05
   8.4600000e+01  -1.2679494e+05  -1.3478361e+05
   8.4700000e+01  -1.1787875e+05  -1.2575225e+05
   8.4800000e+01  -9.0106391e+04  -1.0308534e+05
   8.4900000e+01  -5.9491195e+04  -6.8908773e+04
   8.5000000e+01  -3.9461781e+04  -3.6319738e+04
   8.5100000e+01  -2.9770689e+04  -1.9334096e+04
   8.5200000e+01  -2.0791531e+04  -2.1232955e+04
   8.5300000e+01  -7.3074370e+03  -3.2697045e+04
   8.5400000e+01   4.4081387e+03  -4.1607055e+04
   8.5500000e+01   3.7702456e+03  -4.4020320e+04
   8.5600000e+01  -1.2059172e+04  -4.4842594e+04
   8.5700000e+01  -3.5609969e+04  -4.8860734e+04
   8.5800000e+01  -5.8270555e+04  -5.3816266e+04
   8.5900000e+01  -7.9591125e+04  -5.3763738e+04
   8.6000000e+01  -1.0592759e+05  -4.7622977e+04
   8.6100000e+01  -1.4064531e+05  -4.1429816e+04
   8.6200000e+01  -1.7711200e+05  -4.1052801e+04
   8.6300000e+01  -2.0154639e+05  -4.4245039e+04
   8.6400000e+01  -2.0252209e+05  -4.1768848e+04
   8.6500000e+01  -1.7908084e+05  -2.6457764e+04
   8.6600000e+01  -1.4212181e+05  -5.5745941e+01
   8.6700000e+01  -1.0848744e+05   2.9224977e+04
   8.6800000e+01  -9.0729164e+04   5.4882578e+04
   8.6900000e+01  -8.8547586e+04   7.6861086e+04
   8.7000000e+01  -8.8674328e+04   9.8461703e+04
   8.7100000e+01  -7.4765188e+04   1.1986498e+05
   8.7200000e+01  -3.9916035e+04   1.3581636e+05
   8.7300000e+01   8.9465605e+03   1.3994472e+05
   8.7400000e+01   5.8120133e+04   1.3098509e+05
   8.7500000e+01   9.8101172e+04   1.1428675e+05
   8.7600000e+01   1.2849799e+05   9.6934234e+04
   8.7700000e+01   1.5448291e+05   8.1424852e+04
   8.7800000e+01   1.8034816e+05   6.4509234e+04
   8.7900000e+01   2.0611350e+05   4.2633137e+04
   8.8000000e+01   2.2829222e+05   1.8314516e+04
   8.8100000e+01   2.4263700e+05   1.8712842e+02
   8.8200000e+01   2.4682127e+05  -4.2590181e+03
   8.8300000e+01   2.4177358e+05   3.8805830e+03
   8.8400000e+01   2.3070702e+05   1.5308322e+04
   8.8500000e+01   2.1633139e+05   2.0739617e+04
   8.8600000e+01   1.9890192e+05   1.8639586e+04
   8.8700000e+01   1.7741605e+05   1.4999541e+04
   8.8800000e+01   1.5265077e+05   1.6574492e+04
   8.8900000e+01   1.2807400e+05   2.5388590e+04
   8.9000000e+01   1.0687927e+05   3.9106664e+04
   8.9100000e+01   8.8268555e+04   5.4212520e+04
   8.9200000e+01   6.7619477e+04   6.6974758e+04
   8.9300000e+01   4.1198297e+04   7.2429789e+04
   8.9400000e+01   1.1027848e+04   6.5523863e+04
   8.9500000e+01  -1.5102758e+04   4.5152566e+04
   8.9600000e+01  -2.9162305e+04   1.6369025e+04
   8.9700000e+01  -2.9550281e+04  -1.2825660e+04
   8.9800000e+01  -2.3108871e+04  -3.6903770e+04
   8.9900000e+01  -2.0155672e+04  -5.4390535e+04
   9.0000000e+01  -2.6312594e+04  -6.4895789e+04
   9.0100000e+01  -3.8602234e+04  -6.6909375e+04
   9.0200000e+01  -5.0048641e+04  -5.9927930e+04
   9.0300000e+01  -5.8286977e+04  -4.7779355e+04
   9.0400000e+01  -6.8328805e+04  -3.7903828e+04
   9.0500000e+01  -8.5393992e+04  -3.6284824e+04
   9.0600000e+01  -1.0589169e+05  -4.2579355e+04
   9.0700000e+01  -1.1847942e+05  -4.9351461e+04
   9.0800000e+01  -1.1583348e+05  -4.5964438e+04
   9.0900000e+01  -1.0382589e+05  -2.5642928e+04
   9.1000000e+01  -9.6381906e+04   7.7030215e+03
   9.1100000e+01  -1.0105705e+05   3.8857211e+04
   9.1200000e+01  -1.1181088e+05   5.0806746e+04
   9.1300000e+01  -1.1682555e+05   3.8705691e+04
   9.1400000e+01  -1.1135798e+05   1.4823366e+04
   9.1500000e+01  -1.0092175e+05  -2.3715547e+03
   9.1600000e+01  -9.3178320e+04  -4.8306763e+03
   9.1700000e+01  -8.9812312e+04   9.5557129e+01
   9.1800000e+01  -8.6967992e+04   5.1345605e+02
   9.1900000e+01  -8.0893039e+04  -7.1339292e+03
   9.2000000e+01  -7.0771070e+04  -1.7448102e+04
   9.2100000e+01  -5.7017293e+04  -2.5518936e+04
   9.2200000e+01  -3.9536566e+04  -3.2892781e+04
   9.2300000e+01  -1.8705238e+04  -4.3579082e+04
   9.2400000e+01   3.0744253e+03  -5.7213254e+04
   9.2500000e+01   2.1897676e+04  -6.8482492e+04
   9.2600000e+01   3.4441660e+04  -7.2279539e+04
   9.2700000e+01   3.9689422e+04  -6.7488234e+04
   9.2800000e+01   3.9567051e+04  -5.6140758e+04
   9.2900000e+01   3.8333957e+04  -4.1075465e+04
   9.3000000e+01   4.0215840e+04  -2.5234035e+04
   9.3100000e+01   4.6178059e+04  -1.1545825e+04
   9.3200000e+01   5.3057719e+04  -1.4138684e+03
   9.3300000e+01   5.6942488e+04   6.9403848e+03
   9.3400000e+01   5.7488309e+04   1.7343037e+04
   9.3500000e+01   5.7622246e+04   3.1748410e+04
   9.3600000e+01   5.8388277e+04   4.7273086e+04
   9.3700000e+01   5.5609418e+04   5.7508961e+04
   9.3800000e+01   4.3731004e+04   5.7211711e+04
   9.3900000e+01   2.3035693e+04   4.6146086e+04
   9.4000000e+01   1.1019634e+03   2.8827086e+04
   9.4100000e+01  -1.4245787e+04   1.0734479e+04
   9.4200000e+01  -2.2582340e+04  -5.6217720e+03
   9.4300000e+01  -3.0007166e+04  -2.1809016e+04
   9.4400000e+01  -4.0910012e+04  -4.1219121e+04
   9.4500000e+01  -5.2533961e+04  -6.5170051e+04
   9.4600000e+01  -5.8943762e+04  -9.0127320e+04
   9.4700000e+01  -5.9422824e+04  -1.0848763e+05
   9.4800000e+01  -6.0934461e+04  -1.1323048e+05
   9.4900000e+01  -7.1271961e+04  -1.0330471e+05
   9.5000000e+01  -9.0182125e+04  -8.4838609e+04
   9.5100000e+01  -1.0800883e+05  -6.6194047e+04
   9.5200000e+01  -1.1360126e+05  -5.0958254e+04
   9.5300000e+01  -1.0416537e+05  -3.5870637e+04
   9.5400000e+01  -8.7980609e+04  -1.6164057e+04
   9.5500000e+01  -7.7284750e+04   7.2629268e+03
   9.5600000e+01  -7.7381188e+04   2.7144719e+04
   9.5700000e+01  -8.1898242e+04   3.7305996e+04
   9.5800000e+01  -7.9145711e+04   4.0493957e+04
   9.5900000e+01  -6.3867164e+04   4.7180316e+04
   9.6000000e+01  -4.2374383e+04   6.5133309e+04
   9.6100000e+01  -2.5099701e+04   9.0247547e+04
   9.6200000e+01  -1.4337064e+04   1.0901530e+05
   9.6300000e+01  -1.1424854e+03   1.1111561e+05
   9.6400000e+01   2.4514014e+04   9.9581953e+04
   9.6500000e+01   6.1709441e+04   8.8356195e+04
   9.6600000e+01   9.8497023e+04   9.0184875e+04
   9.6700000e+01   1.2372238e+05   1.0697589e+05
   9.6800000e+01   1.3710934e+05   1.3051712e+05
   9.6900000e+01   1.4700948e+05   1.5030972e+05
   9.7000000e+01   1.6002869e+05   1.6007534e+05
   9.7100000e+01   1.7478933e+05   1.5879856e+05
   9.7200000e+01   1.8507081e+05   1.4839425e+05
   9.7300000e+01   1.8644959e+05   1.3136422e+05
   9.7400000e+01   1.7901384e+05   1.0949372e+05
   9.7500000e+01   1.6571909e+05   8.3325547e+04
   9.7600000e+01   1.5028895e+05   5.2509516e+04
   9.7700000e+01   1.3599258e+05   1.7068053e+04
   9.7800000e+01   1.2389062e+05  -2.1144590e+04
   9.7900000e+01   1.1132407e+05  -5.7754320e+04
   9.8000000e+01   9.3738305e+04  -8.6709664e+04
   9.8100000e+01   6.9520578e+04  -1.0318535e+05
   9.8200000e+01   4.2388762e+04  -1.0761573e+05
   9.8300000e+01   1.7690662e+04  -1.0714699e+05
   9.8400000e+01  -3.1222476e+03  -1.1078447e+05
   9.8500000e+01  -2.2534623e+04  -1.2051562e+05
   9.8600000e+01  -4.1372078e+04  -1.2741621e+05
   9.8700000e+01  -5.5557711e+04  -1.1919231e+05
   9.8800000e+01  -6.0685109e+04  -9.3387227e+04
   9.8900000e+01  -5.9373383e+04  -6.2198152e+04
   9.9000000e+01  -6.1807961e+04  -4.2329664e+04
   9.9100000e+01  -7.7470742e+04  -3.9695055e+04
   9.9200000e+01  -1.0617169e+05  -4.4979742e+04
   9.9300000e+01  -1.3697027e+05  -4.4313805e+04
   9.9400000e+01  -1.5521452e+05  -3.3155438e+04
   9.9500000e+01  -1.5135689e+05  -1.9191607e+04
   9.9600000e+01  -1.2607297e+05  -1.2887150e+04
   9.9700000e+01  -9.0088359e+04  -1.6841781e+04
   9.9800000e+01  -5.8807863e+04  -2.4507770e+04
   9.9900000e+01  -4.2964984e+04  -2.7983145e+04
   1.0000000e+02  -4.0532766e+04  -2.5950711e+04
