   1.1851270e+02   3.6301420e+01   1.8450000e+02
   1.1874838e+02   3.6551161e+01   2.0550000e+02
   0.0000000e+00  -1.7521961e+05  -1.7521961e+05
   1.0000000e-01  -6.8315930e+04  -2.7868403e+05
   2.0000000e-01   3.1125672e+04  -3.7742634e+05
   3.0000000e-01   1.0857665e+05  -4.7312972e+05
   4.0000000e-01   1.5673325e+05  -5.5917706e+05
   5.0000000e-01   1.7834227e+05  -6.1864050e+05
   6.0000000e-01   1.7963019e+05  -6.3418606e+05
   7.0000000e-01   1.6464783e+05  -5.9937612e+05
   8.0000000e-01   1.3754677e+05  -5.2126619e+05
   9.0000000e-01   1.0797263e+05  -4.1470900e+05
   1.0000000e+00   9.1281070e+04  -2.9525934e+05
   1.1000000e+00   1.0321523e+05  -1.7515181e+05
   1.2000000e+00   1.5510164e+05  -6.2483730e+04
   1.3000000e+00   2.5211264e+05   3.7331133e+04
   1.4000000e+00   3.9125459e+05   1.1906455e+05
   1.5000000e+00   5.5766288e+05   1.7686152e+05
   1.6000000e+00   7.2429456e+05   2.0706584e+05
   1.7000000e+00   8.5989162e+05   2.1211894e+05
   1.8000000e+00   9.4138919e+05   2.0049197e+05
   1.9000000e+00   9.6079812e+05   1.8193277e+05
   2.0000000e+00   9.2154400e+05   1.6320144e+05
   2.1000000e+00   8.2971562e+05   1.4836603e+05
   2.2000000e+00   6.8955050e+05   1.4089452e+05
   2.3000000e+00   5.0633397e+05   1.4228928e+05
   2.4000000e+00   2.9154212e+05   1.4781214e+05
   2.5000000e+00   6.3329395e+04   1.4563927e+05
   2.6000000e+00  -1.5918419e+05   1.2293559e+05
   2.7000000e+00  -3.6295275e+05   7.4371242e+04
   2.8000000e+00  -5.4288994e+05   5.8499775e+03
   2.9000000e+00  -6.9662962e+05  -6.8572562e+04
   3.0000000e+00  -8.1716969e+05  -1.3291706e+05
   3.1000000e+00  -8.9144281e+05  -1.7496697e+05
   3.2000000e+00  -9.0792869e+05  -1.9045298e+05
   3.3000000e+00  -8.6700981e+05  -1.8472044e+05
   3.4000000e+00  -7.8354569e+05  -1.6918842e+05
   3.5000000e+00  -6.7780231e+05  -1.5235406e+05
   3.6000000e+00  -5.6260288e+05  -1.3180544e+05
   3.7000000e+00  -4.3881125e+05  -9.6404523e+04
   3.8000000e+00  -3.0303394e+05  -3.9840684e+04
   3.9000000e+00  -1.5926330e+05   2.6226299e+04
   4.0000000e+00  -2.2745387e+04   7.4658234e+04
   4.1000000e+00   8.7505812e+04   8.2950188e+04
   4.2000000e+00   1.6055408e+05   5.4194500e+04
   4.3000000e+00   1.9995809e+05   1.8131285e+04
   4.4000000e+00   2.2076862e+05   9.0672656e+03
   4.5000000e+00   2.4040272e+05   3.9837801e+04
   4.6000000e+00   2.6944834e+05   9.4714703e+04
   4.7000000e+00   3.0689903e+05   1.4536912e+05
   4.8000000e+00   3.4176656e+05   1.7308084e+05
   4.9000000e+00   3.6060047e+05   1.7821856e+05
   5.0000000e+00   3.5718681e+05   1.7311055e+05
   5.1000000e+00   3.3773528e+05   1.6825389e+05
   5.2000000e+00   3.1634362e+05   1.6271930e+05
   5.3000000e+00   3.0308281e+05   1.4307547e+05
   5.4000000e+00   2.9479216e+05   9.0752719e+04
   5.5000000e+00   2.7758900e+05  -4.5388730e+03
   5.6000000e+00   2.3915752e+05  -1.3236578e+05
   5.7000000e+00   1.7881633e+05  -2.6082262e+05
   5.8000000e+00   1.0564798e+05  -3.5240609e+05
   5.9000000e+00   2.7598045e+04  -3.8698747e+05
   6.0000000e+00  -5.6800402e+04  -3.7324728e+05
   6.1000000e+00  -1.5690723e+05  -3.3785378e+05
   6.2000000e+00  -2.8236916e+05  -3.0090703e+05
   6.3000000e+00  -4.3682300e+05  -2.5841375e+05
   6.4000000e+00  -6.1456500e+05  -1.8620119e+05
   6.5000000e+00  -7.9755606e+05  -6.1300332e+04
   6.6000000e+00  -9.5447356e+05   1.1688034e+05
   6.7000000e+00  -1.0485193e+06   3.2167891e+05
   6.8000000e+00  -1.0548741e+06   5.1320166e+05
   6.9000000e+00  -9.7574312e+05   6.6029062e+05
   7.0000000e+00  -8.3804356e+05   7.5511238e+05
   7.1000000e+00  -6.7379781e+05   8.1099569e+05
   7.2000000e+00  -5.0130703e+05   8.4548300e+05
   7.3000000e+00  -3.2465462e+05   8.6084481e+05
   7.4000000e+00  -1.4908675e+05   8.3739762e+05
   7.5000000e+00   7.2909990e+03   7.4701075e+05
   7.6000000e+00   1.1994049e+05   5.7797662e+05
   7.7000000e+00   1.7615058e+05   3.5027631e+05
   7.8000000e+00   1.8631264e+05   1.0564607e+05
   7.9000000e+00   1.7769597e+05  -1.2124899e+05
   8.0000000e+00   1.7792139e+05  -3.2536312e+05
   8.1000000e+00   2.0292453e+05  -5.2675669e+05
   8.2000000e+00   2.5651069e+05  -7.4348425e+05
   8.3000000e+00   3.3705591e+05  -9.6746244e+05
   8.4000000e+00   4.4323062e+05  -1.1646634e+06
   8.5000000e+00   5.7480456e+05  -1.2970380e+06
   8.6000000e+00   7.2948900e+05  -1.3450040e+06
   8.7000000e+00   8.9865450e+05  -1.3128475e+06
   8.8000000e+00   1.0651485e+06  -1.2174471e+06
   8.9000000e+00   1.2061198e+06  -1.0738914e+06
   9.0000000e+00   1.3008776e+06  -8.8982012e+05
   9.1000000e+00   1.3388796e+06  -6.6982300e+05
   9.2000000e+00   1.3212208e+06  -4.2330559e+05
   9.3000000e+00   1.2543896e+06  -1.6855350e+05
   9.4000000e+00   1.1429968e+06   7.0247656e+04
   9.5000000e+00   9.8953681e+05   2.7154903e+05
   9.6000000e+00   8.0142931e+05   4.2535356e+05
   9.7000000e+00   5.9697438e+05   5.3613888e+05
   9.8000000e+00   4.0221156e+05   6.1659219e+05
   9.9000000e+00   2.3980244e+05   6.7609925e+05
   1.0000000e+01   1.1897349e+05   7.1361100e+05
   1.0100000e+01   3.4380312e+04   7.2207319e+05
   1.0200000e+01  -2.6303133e+04   7.0106331e+05
   1.0300000e+01  -7.2990703e+04   6.6514938e+05
   1.0400000e+01  -1.0927091e+05   6.3826925e+05
   1.0500000e+01  -1.3645534e+05   6.3791062e+05
   1.0600000e+01  -1.6189217e+05   6.6345262e+05
   1.0700000e+01  -2.0384562e+05   6.9899225e+05
   1.0800000e+01  -2.8648819e+05   7.2643038e+05
   1.0900000e+01  -4.2597006e+05   7.3540431e+05
   1.1000000e+01  -6.1738806e+05   7.2227062e+05
   1.1100000e+01  -8.3413950e+05   6.8312819e+05
   1.1200000e+01  -1.0419421e+06   6.1104038e+05
   1.1300000e+01  -1.2171791e+06   5.0062928e+05
   1.1400000e+01  -1.3554944e+06   3.5388906e+05
   1.1500000e+01  -1.4655366e+06   1.8032494e+05
   1.1600000e+01  -1.5553889e+06  -8.2117871e+03
   1.1700000e+01  -1.6235554e+06  -2.0197258e+05
   1.1800000e+01  -1.6600125e+06  -3.9307947e+05
   1.1900000e+01  -1.6537308e+06  -5.7262362e+05
   1.2000000e+01  -1.5996470e+06  -7.2955300e+05
   1.2100000e+01  -1.5010558e+06  -8.5278619e+05
   1.2200000e+01  -1.3677360e+06  -9.3405762e+05
   1.2300000e+01  -1.2117240e+06  -9.6880538e+05
   1.2400000e+01  -1.0423665e+06  -9.5540012e+05
   1.2500000e+01  -8.6252450e+05  -8.9516069e+05
   1.2600000e+01  -6.6859825e+05  -7.9424925e+05
   1.2700000e+01  -4.5558659e+05  -6.6522944e+05
   1.2800000e+01  -2.2394906e+05  -5.2468488e+05
   1.2900000e+01   1.8241701e+04  -3.8631181e+05
   1.3000000e+01   2.6112580e+05  -2.5425400e+05
   1.3100000e+01   5.0154806e+05  -1.2348704e+05
   1.3200000e+01   7.4402006e+05   1.1135733e+04
   1.3300000e+01   9.9028469e+05   1.4443881e+05
   1.3400000e+01   1.2266691e+06   2.5945716e+05
   1.3500000e+01   1.4240070e+06   3.3756484e+05
   1.3600000e+01   1.5545908e+06   3.7120669e+05
   1.3700000e+01   1.6129761e+06   3.6754397e+05
   1.3800000e+01   1.6209684e+06   3.4090734e+05
   1.3900000e+01   1.6103201e+06   3.0285412e+05
   1.4000000e+01   1.5976208e+06   2.5879695e+05
   1.4100000e+01   1.5736275e+06   2.1115106e+05
   1.4200000e+01   1.5157885e+06   1.6276639e+05
   1.4300000e+01   1.4113858e+06   1.1718410e+05
   1.4400000e+01   1.2703274e+06   7.7621836e+04
   1.4500000e+01   1.1179364e+06   4.6763340e+04
   1.4600000e+01   9.7639338e+05   2.6322100e+04
   1.4700000e+01   8.5136569e+05   1.5562188e+04
   1.4800000e+01   7.3285769e+05   1.1226256e+04
   1.4900000e+01   6.0627494e+05   1.1046952e+04
   1.5000000e+01   4.6319541e+05   1.7819672e+04
   1.5100000e+01   3.0463622e+05   3.8273805e+04
   1.5200000e+01   1.3726002e+05   7.6074039e+04
   1.5300000e+01  -3.2028326e+04   1.2572556e+05
   1.5400000e+01  -1.9825530e+05   1.7426741e+05
   1.5500000e+01  -3.5689481e+05   2.0963986e+05
   1.5600000e+01  -5.0205219e+05   2.2772434e+05
   1.5700000e+01  -6.2732831e+05   2.3187853e+05
   1.5800000e+01  -7.2888269e+05   2.2664438e+05
   1.5900000e+01  -8.0774912e+05   2.1251683e+05
   1.6000000e+01  -8.6958450e+05   1.8659405e+05
   1.6100000e+01  -9.2243700e+05   1.4771897e+05
   1.6200000e+01  -9.7352225e+05   1.0062069e+05
   1.6300000e+01  -1.0252147e+06   5.4827133e+04
   1.6400000e+01  -1.0717609e+06   1.8997740e+04
   1.6500000e+01  -1.1005306e+06  -4.5837334e+03
   1.6600000e+01  -1.0996804e+06  -2.0698699e+04
   1.6700000e+01  -1.0671148e+06  -3.6492266e+04
   1.6800000e+01  -1.0116361e+06  -5.5465172e+04
   1.6900000e+01  -9.4353788e+05  -7.5546305e+04
   1.7000000e+01  -8.6361781e+05  -9.3260758e+04
   1.7100000e+01  -7.6277206e+05  -1.1045639e+05
   1.7200000e+01  -6.3363869e+05  -1.3700898e+05
   1.7300000e+01  -4.8238375e+05  -1.8559058e+05
   1.7400000e+01  -3.2799147e+05  -2.6142555e+05
   1.7500000e+01  -1.8928242e+05  -3.5516441e+05
   1.7600000e+01  -7.2205477e+04  -4.4542622e+05
   1.7700000e+01   3.0969059e+04  -5.0992031e+05
   1.7800000e+01   1.3096086e+05  -5.3688975e+05
   1.7900000e+01   2.3004350e+05  -5.2832956e+05
   1.8000000e+01   3.1995034e+05  -4.9332350e+05
   1.8100000e+01   3.8974747e+05  -4.3793859e+05
   1.8200000e+01   4.3561800e+05  -3.6047038e+05
   1.8300000e+01   4.6405881e+05  -2.5567872e+05
   1.8400000e+01   4.8687456e+05  -1.2377980e+05
   1.8500000e+01   5.1328922e+05   2.3761912e+04
   1.8600000e+01   5.4531531e+05   1.6643573e+05
   1.8700000e+01   5.7814550e+05   2.8320719e+05
   1.8800000e+01   6.0359931e+05   3.6158175e+05
   1.8900000e+01   6.1463312e+05   4.0195256e+05
   1.9000000e+01   6.0980081e+05   4.1520300e+05
   1.9100000e+01   5.9526438e+05   4.1502562e+05
   1.9200000e+01   5.8096844e+05   4.0924619e+05
   1.9300000e+01   5.7127900e+05   3.9569638e+05
   1.9400000e+01   5.5694106e+05   3.6588047e+05
   1.9500000e+01   5.1677362e+05   3.1400872e+05
   1.9600000e+01   4.3027534e+05   2.4433517e+05
   1.9700000e+01   2.9256175e+05   1.7095295e+05
   1.9800000e+01   1.2051307e+05   1.1052065e+05
   1.9900000e+01  -5.4162121e+04   7.3749117e+04
   2.0000000e+01  -1.9987680e+05   6.1372754e+04
   2.0100000e+01  -2.9855069e+05   6.6129102e+04
   2.0200000e+01  -3.4983919e+05   7.8338758e+04
   2.0300000e+01  -3.6456181e+05   9.1273500e+04
   2.0400000e+01  -3.5247075e+05   1.0319790e+05
   2.0500000e+01  -3.1369953e+05   1.1511560e+05
   2.0600000e+01  -2.4107802e+05   1.2634985e+05
   2.0700000e+01  -1.3186794e+05   1.3220555e+05
   2.0800000e+01   1.2557520e+03   1.2652277e+05
   2.0900000e+01   1.3045297e+05   1.0728538e+05
   2.1000000e+01   2.2518878e+05   7.9812133e+04
   2.1100000e+01   2.6719194e+05   5.3537367e+04
   2.1200000e+01   2.5641247e+05   3.4271117e+04
   2.1300000e+01   2.0494427e+05   1.8701615e+04
   2.1400000e+01   1.2590857e+05  -3.3514512e+03
   2.1500000e+01   2.6788473e+04  -4.0333141e+04
   2.1600000e+01  -8.9098641e+04  -9.1581383e+04
   2.1700000e+01  -2.1665548e+05  -1.4774431e+05
   2.1800000e+01  -3.4485781e+05  -1.9792261e+05
   2.1900000e+01  -4.5800619e+05  -2.3630555e+05
   2.2000000e+01  -5.4152481e+05  -2.6307638e+05
   2.2100000e+01  -5.8831231e+05  -2.8153628e+05
   2.2200000e+01  -6.0106338e+05  -2.9645556e+05
   2.2300000e+01  -5.8835625e+05  -3.1424291e+05
   2.2400000e+01  -5.5697688e+05  -3.4091084e+05
   2.2500000e+01  -5.0671706e+05  -3.7660738e+05
   2.2600000e+01  -4.3261775e+05  -4.1220528e+05
   2.2700000e+01  -3.3304556e+05  -4.3373325e+05
   2.2800000e+01  -2.1597966e+05  -4.3199838e+05
   2.2900000e+01  -9.7057453e+04  -4.0783253e+05
   2.3000000e+01   9.2107002e+03  -3.6756825e+05
   2.3100000e+01   9.7081555e+04  -3.1427806e+05
   2.3200000e+01   1.6957925e+05  -2.4483916e+05
   2.3300000e+01   2.3191256e+05  -1.5570523e+05
   2.3400000e+01   2.8497609e+05  -5.0254945e+04
   2.3500000e+01   3.2437738e+05   6.0681801e+04
   2.3600000e+01   3.4485438e+05   1.6557180e+05
   2.3700000e+01   3.4566638e+05   2.5915144e+05
   2.3800000e+01   3.3233584e+05   3.4316878e+05
   2.3900000e+01   3.1316425e+05   4.2111159e+05
   2.4000000e+01   2.9310556e+05   4.9237659e+05
   2.4100000e+01   2.7027628e+05   5.5074612e+05
   2.4200000e+01   2.3890464e+05   5.8758806e+05
   2.4300000e+01   1.9678105e+05   5.9659250e+05
   2.4400000e+01   1.5016731e+05   5.7671900e+05
   2.4500000e+01   1.1068052e+05   5.3221294e+05
   2.4600000e+01   8.6473914e+04   4.7037422e+05
   2.4700000e+01   7.6081836e+04   3.9813488e+05
   2.4800000e+01   7.0778609e+04   3.1861981e+05
   2.4900000e+01   6.2901680e+04   2.2969909e+05
   2.5000000e+01   5.2320812e+04   1.2668283e+05
   2.5100000e+01   4.5917547e+04   8.6611719e+03
   2.5200000e+01   5.1650016e+04  -1.1615224e+05
   2.5300000e+01   7.2724266e+04  -2.3162370e+05
   2.5400000e+01   1.0618625e+05  -3.2190538e+05
   2.5500000e+01   1.4623983e+05  -3.8010431e+05
   2.5600000e+01   1.8893005e+05  -4.0951841e+05
   2.5700000e+01   2.3362073e+05  -4.1640747e+05
   2.5800000e+01   2.7920144e+05  -4.0195575e+05
   2.5900000e+01   3.1821859e+05  -3.6231244e+05
   2.6000000e+01   3.3562512e+05  -2.9718025e+05
   2.6100000e+01   3.1584097e+05  -2.1760497e+05
   2.6200000e+01   2.5362995e+05  -1.4318844e+05
   2.6300000e+01   1.5898666e+05  -8.9493016e+04
   2.6400000e+01   5.0551500e+04  -5.7353539e+04
   2.6500000e+01  -5.7136738e+04  -3.4988895e+04
   2.6600000e+01  -1.6094347e+05  -1.1226976e+04
   2.6700000e+01  -2.6467428e+05   1.3069609e+04
   2.6800000e+01  -3.6819128e+05   2.6272221e+04
   2.6900000e+01  -4.6131512e+05   1.8125883e+04
   2.7000000e+01  -5.2805088e+05  -9.0244453e+03
   2.7100000e+01  -5.5642594e+05  -3.9827195e+04
   2.7200000e+01  -5.4531850e+05  -5.6156469e+04
   2.7300000e+01  -5.0438238e+05  -4.9438930e+04
   2.7400000e+01  -4.4916638e+05  -2.5719025e+04
   2.7500000e+01  -3.9465947e+05   3.4094727e+01
   2.7600000e+01  -3.4906469e+05   1.5756221e+04
   2.7700000e+01  -3.1035991e+05   2.0740895e+04
   2.7800000e+01  -2.6933847e+05   2.3886914e+04
   2.7900000e+01  -2.1889789e+05   3.3898816e+04
   2.8000000e+01  -1.6204928e+05   5.0769355e+04
   2.8100000e+01  -1.1008966e+05   6.5849484e+04
   2.8200000e+01  -7.1886352e+04   6.9029508e+04
   2.8300000e+01  -4.5448930e+04   5.5788977e+04
   2.8400000e+01  -2.0949393e+04   2.9194201e+04
   2.8500000e+01   8.4912441e+03  -2.5432891e+03
   2.8600000e+01   4.0359141e+04  -3.0238270e+04
   2.8700000e+01   6.6929336e+04  -4.7980168e+04
   2.8800000e+01   8.4128930e+04  -5.5888066e+04
   2.8900000e+01   9.5299508e+04  -5.8984406e+04
   2.9000000e+01   1.0758703e+05  -6.1746242e+04
   2.9100000e+01   1.2673116e+05  -6.2370250e+04
   2.9200000e+01   1.5539259e+05  -5.2411445e+04
   2.9300000e+01   1.9408003e+05  -2.3132609e+04
   2.9400000e+01   2.4124323e+05   2.6484963e+04
   2.9500000e+01   2.9237791e+05   8.7247430e+04
   2.9600000e+01   3.4094719e+05   1.4577048e+05
   2.9700000e+01   3.8181531e+05   1.9480377e+05
   2.9800000e+01   4.1376822e+05   2.3895636e+05
   2.9900000e+01   4.3767172e+05   2.8940278e+05
   3.0000000e+01   4.5160509e+05   3.5067103e+05
   3.0100000e+01   4.4814519e+05   4.1152541e+05
   3.0200000e+01   4.1709834e+05   4.5006569e+05
   3.0300000e+01   3.5151697e+05   4.4979134e+05
   3.0400000e+01   2.5205131e+05   4.1167109e+05
   3.0500000e+01   1.2709588e+05   3.5088691e+05
   3.0600000e+01  -9.9839307e+03   2.8273438e+05
   3.0700000e+01  -1.4446267e+05   2.1238148e+05
   3.0800000e+01  -2.6409712e+05   1.3676345e+05
   3.0900000e+01  -3.6258106e+05   5.2897102e+04
   3.1000000e+01  -4.4024159e+05  -3.7761574e+04
   3.1100000e+01  -5.0010562e+05  -1.3133994e+05
   3.1200000e+01  -5.4173438e+05  -2.2424006e+05
   3.1300000e+01  -5.5844750e+05  -3.1248856e+05
   3.1400000e+01  -5.4081962e+05  -3.9044653e+05
   3.1500000e+01  -4.8314506e+05  -4.5270647e+05
   3.1600000e+01  -3.8734847e+05  -4.9757941e+05
   3.1700000e+01  -2.6264250e+05  -5.2729938e+05
   3.1800000e+01  -1.2317990e+05  -5.4388312e+05
   3.1900000e+01   1.4974171e+04  -5.4515762e+05
   3.2000000e+01   1.3866625e+05  -5.2548031e+05
   3.2100000e+01   2.4342572e+05  -4.8055488e+05
   3.2200000e+01   3.3484262e+05  -4.1187422e+05
   3.2300000e+01   4.2140734e+05  -3.2723428e+05
   3.2400000e+01   5.0336250e+05  -2.3722594e+05
   3.2500000e+01   5.6849000e+05  -1.5018261e+05
   3.2600000e+01   6.0018881e+05  -6.8829297e+04
   3.2700000e+01   5.9035562e+05   8.9590254e+03
   3.2800000e+01   5.4429450e+05   8.5470258e+04
   3.2900000e+01   4.7378462e+05   1.5805939e+05
   3.3000000e+01   3.8706066e+05   2.1822233e+05
   3.3100000e+01   2.8613709e+05   2.5626936e+05
   3.3200000e+01   1.7194222e+05   2.6804800e+05
   3.3300000e+01   4.9262066e+04   2.5811388e+05
   3.3400000e+01  -7.3832531e+04   2.3664472e+05
   3.3500000e+01  -1.8910884e+05   2.1252959e+05
   3.3600000e+01  -2.8869094e+05   1.8806527e+05
   3.3700000e+01  -3.6359875e+05   1.5937900e+05
   3.3800000e+01  -4.0519247e+05   1.2216295e+05
   3.3900000e+01  -4.1047500e+05   7.7884492e+04
   3.4000000e+01  -3.8568716e+05   3.4913203e+04
   3.4100000e+01  -3.4319959e+05   3.1721963e+03
   3.4200000e+01  -2.9420203e+05  -1.3149367e+04
   3.4300000e+01  -2.4429605e+05  -1.8164105e+04
   3.4400000e+01  -1.9497097e+05  -1.9708791e+04
   3.4500000e+01  -1.4709373e+05  -2.1937627e+04
   3.4600000e+01  -1.0194852e+05  -2.1929121e+04
   3.4700000e+01  -6.0598914e+04  -1.3017902e+04
   3.4800000e+01  -2.4987992e+04   8.7865215e+03
   3.4900000e+01  -4.7224023e+02   4.1199379e+04
   3.5000000e+01   4.4891709e+03   7.7429312e+04
   3.5100000e+01  -1.6667191e+04   1.1093332e+05
   3.5200000e+01  -6.3148715e+04   1.3886216e+05
   3.5300000e+01  -1.2644544e+05   1.6180562e+05
   3.5400000e+01  -1.9510528e+05   1.8072978e+05
   3.5500000e+01  -2.5935858e+05   1.9412505e+05
   3.5600000e+01  -3.1168862e+05   1.9821064e+05
   3.5700000e+01  -3.4504981e+05   1.9047275e+05
   3.5800000e+01  -3.5280059e+05   1.7323498e+05
   3.5900000e+01  -3.3118856e+05   1.5275616e+05
   3.6000000e+01  -2.8146428e+05   1.3320342e+05
   3.6100000e+01  -2.0933577e+05   1.1106678e+05
   3.6200000e+01  -1.2293540e+05   7.6895281e+04
   3.6300000e+01  -3.1598057e+04   2.4282602e+04
   3.6400000e+01   5.4688086e+04  -4.2418121e+04
   3.6500000e+01   1.2716790e+05  -1.0980552e+05
   3.6600000e+01   1.8156386e+05  -1.6492570e+05
   3.6700000e+01   2.1950714e+05  -2.0287281e+05
   3.6800000e+01   2.4568408e+05  -2.2590083e+05
   3.6900000e+01   2.6293616e+05  -2.3722198e+05
   3.7000000e+01   2.7041884e+05  -2.3709995e+05
   3.7100000e+01   2.6679703e+05  -2.2408611e+05
   3.7200000e+01   2.5477823e+05  -1.9815738e+05
   3.7300000e+01   2.4190597e+05  -1.6231867e+05
   3.7400000e+01   2.3676247e+05  -1.2244314e+05
   3.7500000e+01   2.4410527e+05  -8.5831031e+04
   3.7600000e+01   2.6247575e+05  -5.7883938e+04
   3.7700000e+01   2.8511266e+05  -3.8011750e+04
   3.7800000e+01   3.0337825e+05  -1.9197633e+04
   3.7900000e+01   3.1145006e+05   5.9978750e+03
   3.8000000e+01   3.0983356e+05   3.7470844e+04
   3.8100000e+01   3.0452188e+05   6.6143250e+04
   3.8200000e+01   3.0140441e+05   8.1629172e+04
   3.8300000e+01   3.0034788e+05   8.1660500e+04
   3.8400000e+01   2.9437556e+05   7.3926055e+04
   3.8500000e+01   2.7444194e+05   6.9173602e+04
   3.8600000e+01   2.3512734e+05   7.2906734e+04
   3.8700000e+01   1.7712044e+05   8.2770508e+04
   3.8800000e+01   1.0660601e+05   9.2052859e+04
   3.8900000e+01   3.3256449e+04   9.5055219e+04
   3.9000000e+01  -3.3319973e+04   9.0719102e+04
   3.9100000e+01  -8.8782523e+04   8.3279906e+04
   3.9200000e+01  -1.3742848e+05   7.9778188e+04
   3.9300000e+01  -1.8901761e+05   8.5225656e+04
   3.9400000e+01  -2.4986950e+05   9.8336500e+04
   3.9500000e+01  -3.1590272e+05   1.1147919e+05
   3.9600000e+01  -3.7442262e+05   1.1533697e+05
   3.9700000e+01  -4.1300519e+05   1.0425854e+05
   3.9800000e+01  -4.2743225e+05   7.7787375e+04
   3.9900000e+01  -4.2295109e+05   3.8220031e+04
   4.0000000e+01  -4.0978506e+05  -1.1985057e+04
   4.0100000e+01  -3.9693103e+05  -7.0124891e+04
   4.0200000e+01  -3.8694931e+05  -1.3173917e+05
   4.0300000e+01  -3.7351553e+05  -1.9062705e+05
   4.0400000e+01  -3.4421025e+05  -2.4098867e+05
   4.0500000e+01  -2.8908938e+05  -2.7942216e+05
   4.0600000e+01  -2.0973444e+05  -3.0473784e+05
   4.0700000e+01  -1.2020544e+05  -3.1614894e+05
   4.0800000e+01  -3.7102898e+04  -3.1203319e+05
   4.0900000e+01   3.3164414e+04  -2.9055678e+05
   4.1000000e+01   9.7704234e+04  -2.5143997e+05
   4.1100000e+01   1.6738056e+05  -1.9713444e+05
   4.1200000e+01   2.4324991e+05  -1.3238870e+05
   4.1300000e+01   3.1227112e+05  -6.2714648e+04
   4.1400000e+01   3.5614272e+05   6.8698770e+03
   4.1500000e+01   3.6463981e+05   7.2118156e+04
   4.1600000e+01   3.4145541e+05   1.2955064e+05
   4.1700000e+01   2.9851166e+05   1.7720769e+05
   4.1800000e+01   2.4532016e+05   2.1579783e+05
   4.1900000e+01   1.8338612e+05   2.4842933e+05
   4.2000000e+01   1.0990794e+05   2.7780484e+05
   4.2100000e+01   2.6247230e+04   3.0242222e+05
   4.2200000e+01  -5.7315625e+04   3.1518862e+05
   4.2300000e+01  -1.2518507e+05   3.0657303e+05
   4.2400000e+01  -1.6526511e+05   2.7073825e+05
   4.2500000e+01  -1.7527280e+05   2.1028244e+05
   4.2600000e+01  -1.6160167e+05   1.3592261e+05
   4.2700000e+01  -1.3295648e+05   6.1225777e+04
   4.2800000e+01  -9.5382789e+04  -3.8742437e+03
   4.2900000e+01  -5.2765102e+04  -5.6559965e+04
   4.3000000e+01  -1.0500625e+04  -1.0004200e+05
   4.3100000e+01   2.3201650e+04  -1.3930373e+05
   4.3200000e+01   4.0857531e+04  -1.7624228e+05
   4.3300000e+01   4.0829977e+04  -2.0661370e+05
   4.3400000e+01   2.8741170e+04  -2.2089545e+05
   4.3500000e+01   1.3543101e+04  -2.0987794e+05
   4.3600000e+01   1.8931909e+03  -1.7224038e+05
   4.3700000e+01  -4.1548823e+03  -1.1795290e+05
   4.3800000e+01  -4.8259180e+03  -6.3093340e+04
   4.3900000e+01   9.8788477e+02  -1.9191777e+04
   4.4000000e+01   1.6378500e+04   1.3620324e+04
   4.4100000e+01   4.3300688e+04   4.3204137e+04
   4.4200000e+01   7.8862039e+04   7.5235797e+04
   4.4300000e+01   1.1490030e+05   1.0631113e+05
   4.4400000e+01   1.4175316e+05   1.2656217e+05
   4.4500000e+01   1.5337602e+05   1.2840798e+05
   4.4600000e+01   1.4968328e+05   1.1293604e+05
   4.4700000e+01   1.3428308e+05   8.8845828e+04
   4.4800000e+01   1.0978345e+05   6.5817625e+04
   4.4900000e+01   7.5036055e+04   4.7887535e+04
   4.5000000e+01   2.6849324e+04   3.1324318e+04
   4.5100000e+01  -3.5498730e+04   8.1255659e+03
   4.5200000e+01  -1.0700719e+05  -2.7083100e+04
   4.5300000e+01  -1.7746869e+05  -7.1192367e+04
   4.5400000e+01  -2.3507373e+05  -1.1221216e+05
   4.5500000e+01  -2.7097238e+05  -1.3558628e+05
   4.5600000e+01  -2.8300075e+05  -1.3357683e+05
   4.5700000e+01  -2.7674275e+05  -1.1106285e+05
   4.5800000e+01  -2.6199869e+05  -8.2860203e+04
   4.5900000e+01  -2.4532875e+05  -6.3619426e+04
   4.6000000e+01  -2.2404462e+05  -5.7378305e+04
   4.6100000e+01  -1.8801591e+05  -5.4936266e+04
   4.6200000e+01  -1.2925694e+05  -4.1549754e+04
   4.6300000e+01  -5.0961742e+04  -9.0154268e+03
   4.6400000e+01   3.2846742e+04   3.7543266e+04
   4.6500000e+01   1.0692029e+05   8.3139242e+04
   4.6600000e+01   1.6455338e+05   1.1287273e+05
   4.6700000e+01   2.0900555e+05   1.2031371e+05
   4.6800000e+01   2.4673383e+05   1.0944614e+05
   4.6900000e+01   2.7966812e+05   9.1034883e+04
   4.7000000e+01   3.0296750e+05   7.6754414e+04
   4.7100000e+01   3.0872819e+05   7.3730273e+04
   4.7200000e+01   2.9157706e+05   8.1721578e+04
   4.7300000e+01   2.5210378e+05   9.5090234e+04
   4.7400000e+01   1.9679209e+05   1.0895006e+05
   4.7500000e+01   1.3530723e+05   1.2418804e+05
   4.7600000e+01   7.6658266e+04   1.4548803e+05
   4.7700000e+01   2.5860176e+04   1.7335045e+05
   4.7800000e+01  -1.7079895e+04   1.9893266e+05
   4.7900000e+01  -5.4764887e+04   2.0913981e+05
   4.8000000e+01  -8.8067398e+04   1.9822148e+05
   4.8100000e+01  -1.1375488e+05   1.7336791e+05
   4.8200000e+01  -1.2683948e+05   1.4690273e+05
   4.8300000e+01  -1.2562864e+05   1.2242323e+05
   4.8400000e+01  -1.1413646e+05   8.9920055e+04
   4.8500000e+01  -9.9097266e+04   3.5663523e+04
   4.8600000e+01  -8.4711570e+04  -4.3592820e+04
   4.8700000e+01  -7.0441156e+04  -1.3698636e+05
   4.8800000e+01  -5.3275391e+04  -2.2897550e+05
   4.8900000e+01  -3.1184447e+04  -3.1015578e+05
   4.9000000e+01  -4.5275684e+03  -3.7844916e+05
   4.9100000e+01   2.4350830e+04  -4.3275991e+05
   4.9200000e+01   5.1631664e+04  -4.6941872e+05
   4.9300000e+01   7.2795922e+04  -4.8560419e+05
   4.9400000e+01   8.4995281e+04  -4.8322928e+05
   4.9500000e+01   9.0143461e+04  -4.6637928e+05
   4.9600000e+01   9.5247000e+04  -4.3516109e+05
   4.9700000e+01   1.0788295e+05  -3.8489247e+05
   4.9800000e+01   1.2949876e+05  -3.1337772e+05
   4.9900000e+01   1.5216027e+05  -2.2843448e+05
   5.0000000e+01   1.6208631e+05  -1.4622184e+05
   5.0100000e+01   1.4790259e+05  -8.0397492e+04
   5.0200000e+01   1.0792712e+05  -3.1940871e+04
   5.0300000e+01   5.1542656e+04   1.0778200e+04
   5.0400000e+01  -6.2823438e+03   6.1590301e+04
   5.0500000e+01  -5.3731617e+04   1.2482399e+05
   5.0600000e+01  -8.8066211e+04   1.9205342e+05
   5.0700000e+01  -1.1425966e+05   2.4939523e+05
   5.0800000e+01  -1.3754308e+05   2.8860359e+05
   5.0900000e+01  -1.5679253e+05   3.1272016e+05
   5.1000000e+01  -1.6544902e+05   3.3244888e+05
   5.1100000e+01  -1.5919745e+05   3.5732162e+05
   5.1200000e+01  -1.4214244e+05   3.8910900e+05
   5.1300000e+01  -1.2451473e+05   4.2182391e+05
   5.1400000e+01  -1.1434314e+05   4.4691859e+05
   5.1500000e+01  -1.1221897e+05   4.5882969e+05
   5.1600000e+01  -1.1425011e+05   4.5670416e+05
   5.1700000e+01  -1.1872412e+05   4.4169881e+05
   5.1800000e+01  -1.2867416e+05   4.1309550e+05
   5.1900000e+01  -1.4856081e+05   3.6757350e+05
   5.2000000e+01  -1.7984153e+05   3.0279369e+05
   5.2100000e+01  -2.1946634e+05   2.2157870e+05
   5.2200000e+01  -2.6057862e+05   1.3183552e+05
   5.2300000e+01  -2.9366216e+05   4.1829105e+04
   5.2400000e+01  -3.0908259e+05  -4.4482590e+04
   5.2500000e+01  -3.0180034e+05  -1.2767666e+05
   5.2600000e+01  -2.7471003e+05  -2.0928503e+05
   5.2700000e+01  -2.3582422e+05  -2.8841038e+05
   5.2800000e+01  -1.9063608e+05  -3.6106275e+05
   5.2900000e+01  -1.3741602e+05  -4.2160862e+05
   5.3000000e+01  -7.0623562e+04  -4.6473647e+05
   5.3100000e+01   1.1659045e+04  -4.8701191e+05
   5.3200000e+01   1.0463803e+05  -4.8740203e+05
   5.3300000e+01   2.0048130e+05  -4.6657509e+05
   5.3400000e+01   2.9324272e+05  -4.2611775e+05
   5.3500000e+01   3.7955162e+05  -3.6916381e+05
   5.3600000e+01   4.5600222e+05  -3.0170778e+05
   5.3700000e+01   5.1764719e+05  -2.3182966e+05
   5.3800000e+01   5.5906581e+05  -1.6600203e+05
   5.3900000e+01   5.7594506e+05  -1.0570407e+05
   5.4000000e+01   5.6587806e+05  -4.7932594e+04
   5.4100000e+01   5.2930525e+05   1.1090305e+04
   5.4200000e+01   4.7065362e+05   7.2832125e+04
   5.4300000e+01   3.9742831e+05   1.3585242e+05
   5.4400000e+01   3.1624762e+05   1.9627439e+05
   5.4500000e+01   2.2910725e+05   2.4827741e+05
   5.4600000e+01   1.3443048e+05   2.8584209e+05
   5.4700000e+01   3.2798883e+04   3.0613809e+05
   5.4800000e+01  -6.8262852e+04   3.1161788e+05
   5.4900000e+01  -1.5567819e+05   3.0777131e+05
   5.5000000e+01  -2.1757850e+05   2.9807578e+05
   5.5100000e+01  -2.4960964e+05   2.8123791e+05
   5.5200000e+01  -2.5590238e+05   2.5357067e+05
   5.5300000e+01  -2.4488875e+05   2.1403341e+05
   5.5400000e+01  -2.2398747e+05   1.6703948e+05
   5.5500000e+01  -1.9690150e+05   1.2037706e+05
   5.5600000e+01  -1.6438120e+05   7.9642172e+04
   5.5700000e+01  -1.2686980e+05   4.3445098e+04
   5.5800000e+01  -8.6930336e+04   3.7836426e+03
   5.5900000e+01  -5.0105395e+04  -4.7436609e+04
   5.6000000e+01  -2.3793797e+04  -1.1026894e+05
   5.6100000e+01  -1.4567869e+04  -1.7417286e+05
   5.6200000e+01  -2.5258533e+04  -2.2404817e+05
   5.6300000e+01  -5.3608234e+04  -2.4998223e+05
   5.6400000e+01  -9.3478734e+04  -2.5244936e+05
   5.6500000e+01  -1.3775138e+05  -2.3941842e+05
   5.6600000e+01  -1.8084558e+05  -2.1917780e+05
   5.6700000e+01  -2.1942709e+05  -1.9517983e+05
   5.6800000e+01  -2.5154275e+05  -1.6591205e+05
   5.6900000e+01  -2.7533709e+05  -1.2850908e+05
   5.7000000e+01  -2.8825784e+05  -8.2955750e+04
   5.7100000e+01  -2.8718475e+05  -3.3940078e+04
   5.7200000e+01  -2.6962206e+05   1.1141272e+04
   5.7300000e+01  -2.3534958e+05   4.6708898e+04
   5.7400000e+01  -1.8695528e+05   7.2136938e+04
   5.7500000e+01  -1.2813102e+05   9.0501352e+04
   5.7600000e+01  -6.1030500e+04   1.0451121e+05
   5.7700000e+01   1.4211861e+04   1.1425885e+05
   5.7800000e+01   9.6431617e+04   1.1878947e+05
   5.7900000e+01   1.7958739e+05   1.1834465e+05
   5.8000000e+01   2.5258228e+05   1.1351364e+05
   5.8100000e+01   3.0399975e+05   1.0247852e+05
   5.8200000e+01   3.2807872e+05   8.1095227e+04
   5.8300000e+01   3.2704181e+05   4.7263035e+04
   5.8400000e+01   3.0851141e+05   4.9497397e+03
   5.8500000e+01   2.8094047e+05  -3.7243633e+04
   5.8600000e+01   2.5050916e+05  -7.1899062e+04
   5.8700000e+01   2.2026678e+05  -9.6888398e+04
   5.8800000e+01   1.9022362e+05  -1.1413832e+05
   5.8900000e+01   1.5776623e+05  -1.2576803e+05
   5.9000000e+01   1.1939310e+05  -1.3240634e+05
   5.9100000e+01   7.4351203e+04  -1.3445153e+05
   5.9200000e+01   2.8099965e+04  -1.3294764e+05
   5.9300000e+01  -8.1956055e+03  -1.2791087e+05
   5.9400000e+01  -2.3768910e+04  -1.1624689e+05
   5.9500000e+01  -1.6502238e+04  -9.2852750e+04
   5.9600000e+01   3.4312344e+03  -5.5086539e+04
   5.9700000e+01   1.8890328e+04  -6.5558242e+03
   5.9800000e+01   1.7404043e+04   4.3927801e+04
   5.9900000e+01   5.4913184e+02   8.7955750e+04
   6.0000000e+01  -1.6895348e+04   1.2286106e+05
   6.0100000e+01  -1.8413299e+04   1.5190962e+05
   6.0200000e+01   7.0062720e+02   1.7919808e+05
   6.0300000e+01   2.8797672e+04   2.0414525e+05
   6.0400000e+01   4.6292520e+04   2.2090147e+05
   6.0500000e+01   3.9642820e+04   2.2338848e+05
   6.0600000e+01   8.6469443e+03   2.1140995e+05
   6.0700000e+01  -3.8095602e+04   1.9215566e+05
   6.0800000e+01  -9.2727500e+04   1.7532597e+05
   6.0900000e+01  -1.5204609e+05   1.6566472e+05
   6.1000000e+01  -2.1357445e+05   1.5933641e+05
   6.1100000e+01  -2.7156906e+05   1.4781866e+05
   6.1200000e+01  -3.1967662e+05   1.2635473e+05
   6.1300000e+01  -3.5659116e+05   9.9086523e+04
   6.1400000e+01  -3.8567031e+05   7.5314766e+04
   6.1500000e+01  -4.0703838e+05   6.0025180e+04
   6.1600000e+01  -4.1171866e+05   4.8238230e+04
   6.1700000e+01  -3.8678650e+05   2.9084121e+04
   6.1800000e+01  -3.2775875e+05  -4.9639160e+03
   6.1900000e+01  -2.4481898e+05  -5.3496781e+04
   6.2000000e+01  -1.5531658e+05  -1.1173059e+05
   6.2100000e+01  -7.0016555e+04  -1.7599022e+05
   6.2200000e+01   1.2592751e+04  -2.4400984e+05
   6.2300000e+01   9.8721750e+04  -3.1126412e+05
   6.2400000e+01   1.8758422e+05  -3.7017303e+05
   6.2500000e+01   2.6828438e+05  -4.1434641e+05
   6.2600000e+01   3.2771053e+05  -4.4211250e+05
   6.2700000e+01   3.6026338e+05  -4.5395084e+05
   6.2800000e+01   3.6995088e+05  -4.4698175e+05
   6.2900000e+01   3.6490516e+05  -4.1462125e+05
   6.3000000e+01   3.5153938e+05  -3.5367306e+05
   6.3100000e+01   3.3305231e+05  -2.7141178e+05
   6.3200000e+01   3.1032959e+05  -1.8375505e+05
   6.3300000e+01   2.8197325e+05  -1.0462366e+05
   6.3400000e+01   2.4455403e+05  -3.6098141e+04
   6.3500000e+01   1.9598480e+05   3.1205309e+04
   6.3600000e+01   1.4021834e+05   1.0765527e+05
   6.3700000e+01   8.7090172e+04   1.9344967e+05
   6.3800000e+01   4.5096301e+04   2.7658800e+05
   6.3900000e+01   1.3905987e+04   3.4129512e+05
   6.4000000e+01  -1.4384075e+04   3.7904359e+05
   6.4100000e+01  -4.5487539e+04   3.9277841e+05
   6.4200000e+01  -7.5301844e+04   3.9184162e+05
   6.4300000e+01  -9.3440195e+04   3.8329603e+05
   6.4400000e+01  -9.4328086e+04   3.6727425e+05
   6.4500000e+01  -8.3550242e+04   3.3903862e+05
   6.4600000e+01  -7.2806211e+04   2.9460491e+05
   6.4700000e+01  -6.9862406e+04   2.3519319e+05
   6.4800000e+01  -7.4562344e+04   1.6798189e+05
   6.4900000e+01  -8.3498680e+04   1.0322218e+05
   6.5000000e+01  -9.5773203e+04   4.9292609e+04
   6.5100000e+01  -1.1268853e+05   8.4577324e+03
   6.5200000e+01  -1.3313891e+05  -2.3499996e+04
   6.5300000e+01  -1.5166967e+05  -5.2799977e+04
   6.5400000e+01  -1.6187956e+05  -8.1591078e+04
   6.5500000e+01  -1.6100336e+05  -1.0567077e+05
   6.5600000e+01  -1.5095205e+05  -1.1829950e+05
   6.5700000e+01  -1.3592342e+05  -1.1664721e+05
   6.5800000e+01  -1.1960770e+05  -1.0488900e+05
   6.5900000e+01  -1.0337944e+05  -9.1253750e+04
   6.6000000e+01  -8.5109141e+04  -8.1831656e+04
   6.6100000e+01  -5.9424469e+04  -7.6362656e+04
   6.6200000e+01  -2.1168682e+04  -6.9109828e+04
   6.6300000e+01   2.9198084e+04  -5.3927332e+04
   6.6400000e+01   8.3433578e+04  -2.9798543e+04
   6.6500000e+01   1.3030275e+05  -2.6700425e+03
   6.6600000e+01   1.6400802e+05   1.8434373e+04
   6.6700000e+01   1.8808083e+05   2.8691471e+04
   6.6800000e+01   2.1034131e+05   3.1922297e+04
   6.6900000e+01   2.3365550e+05   3.6963531e+04
   6.7000000e+01   2.5183398e+05   4.7848766e+04
   6.7100000e+01   2.5488375e+05   5.7016633e+04
   6.7200000e+01   2.3832733e+05   4.9711473e+04
   6.7300000e+01   2.0742005e+05   1.7251330e+04
   6.7400000e+01   1.7263723e+05  -3.3148656e+04
   6.7500000e+01   1.4155628e+05  -8.2536805e+04
   6.7600000e+01   1.1500524e+05  -1.1578910e+05
   6.7700000e+01   8.9868078e+04  -1.3436656e+05
   6.7800000e+01   6.3929637e+04  -1.5397670e+05
   6.7900000e+01   3.7227312e+04  -1.8891833e+05
   6.8000000e+01   9.5328926e+03  -2.3756769e+05
   6.8100000e+01  -2.1895459e+04  -2.8247306e+05
   6.8200000e+01  -6.1144738e+04  -3.0475881e+05
   6.8300000e+01  -1.1021831e+05  -2.9915675e+05
   6.8400000e+01  -1.6677612e+05  -2.7593459e+05
   6.8500000e+01  -2.2497823e+05  -2.4921441e+05
   6.8600000e+01  -2.7869441e+05  -2.2415577e+05
   6.8700000e+01  -3.2490691e+05  -1.9501075e+05
   6.8800000e+01  -3.6497950e+05  -1.5346577e+05
   6.8900000e+01  -4.0236525e+05  -9.6567836e+04
   6.9000000e+01  -4.3783047e+05  -2.6733770e+04
   6.9100000e+01  -4.6611641e+05   5.2650742e+04
   6.9200000e+01  -4.7762150e+05   1.3814952e+05
   6.9300000e+01  -4.6403344e+05   2.2279545e+05
   6.9400000e+01  -4.2259322e+05   2.9516628e+05
   6.9500000e+01  -3.5535434e+05   3.4547962e+05
   6.9600000e+01  -2.6585322e+05   3.7335659e+05
   6.9700000e+01  -1.5831511e+05   3.8791228e+05
   6.9800000e+01  -4.0170207e+04   3.9857944e+05
   6.9900000e+01   7.6860344e+04   4.0559553e+05
   7.0000000e+01   1.8073341e+05   3.9986950e+05
   7.0100000e+01   2.6507975e+05   3.7208250e+05
   7.0200000e+01   3.3083909e+05   3.2157531e+05
   7.0300000e+01   3.8176291e+05   2.5671012e+05
   7.0400000e+01   4.1885931e+05   1.8778348e+05
   7.0500000e+01   4.3946028e+05   1.2052565e+05
   7.0600000e+01   4.4073003e+05   5.5895102e+04
   7.0700000e+01   4.2277700e+05  -5.7639385e+03
   7.0800000e+01   3.8829569e+05  -6.2031406e+04
   7.0900000e+01   3.4045119e+05  -1.0962662e+05
   7.1000000e+01   2.8209650e+05  -1.4664503e+05
   7.1100000e+01   2.1654506e+05  -1.7249405e+05
   7.1200000e+01   1.4788280e+05  -1.8641903e+05
   7.1300000e+01   8.0265859e+04  -1.8798727e+05
   7.1400000e+01   1.7926053e+04  -1.7990034e+05
   7.1500000e+01  -3.3428590e+04  -1.6911947e+05
   7.1600000e+01  -6.6285859e+04  -1.6304181e+05
   7.1700000e+01  -7.4683977e+04  -1.6336125e+05
   7.1800000e+01  -5.9464961e+04  -1.6410161e+05
   7.1900000e+01  -2.9942488e+04  -1.5677889e+05
   7.2000000e+01   9.7830298e+02  -1.3822011e+05
   7.2100000e+01   2.4480123e+04  -1.1357149e+05
   7.2200000e+01   3.9559195e+04  -9.1702172e+04
   7.2300000e+01   5.0511016e+04  -7.7378789e+04
   7.2400000e+01   6.2243430e+04  -6.7195141e+04
   7.2500000e+01   7.7970203e+04  -5.2718070e+04
   7.2600000e+01   9.8888219e+04  -2.8452186e+04
   7.2700000e+01   1.2285814e+05   1.6042764e+03
   7.2800000e+01   1.4271461e+05   2.4612650e+04
   7.2900000e+01   1.4856492e+05   2.7631285e+04
   7.3000000e+01   1.3503205e+05   8.4292568e+03
   7.3100000e+01   1.0692096e+05  -2.0849246e+04
   7.3200000e+01   7.5876883e+04  -4.1494977e+04
   7.3300000e+01   4.9657914e+04  -4.1852375e+04
   7.3400000e+01   2.4587133e+04  -2.5479719e+04
   7.3500000e+01  -1.0815613e+04  -7.3934780e+03
   7.3600000e+01  -6.4666051e+04  -2.3794094e+03
   7.3700000e+01  -1.3402448e+05  -1.5104449e+04
   7.3800000e+01  -2.0714419e+05  -3.8458691e+04
   7.3900000e+01  -2.7211659e+05  -5.9210930e+04
   7.4000000e+01  -3.2380825e+05  -6.5779070e+04
   7.4100000e+01  -3.6438281e+05  -5.3582699e+04
   7.4200000e+01  -3.9837991e+05  -2.6216457e+04
   7.4300000e+01  -4.2656566e+05   7.1922646e+03
   7.4400000e+01  -4.4327012e+05   3.6989285e+04
   7.4500000e+01  -4.3990750e+05   5.8119230e+04
   7.4600000e+01  -4.1250522e+05   7.2562875e+04
   7.4700000e+01  -3.6643475e+05   8.6971242e+04
   7.4800000e+01  -3.1295872e+05   1.0630908e+05
   7.4900000e+01  -2.6028658e+05   1.2820395e+05
   7.5000000e+01  -2.0824848e+05   1.4351391e+05
   7.5100000e+01  -1.5222030e+05   1.4366477e+05
   7.5200000e+01  -9.1710289e+04   1.2828659e+05
   7.5300000e+01  -3.3891641e+04   1.0556118e+05
   7.5400000e+01   1.1699807e+04   8.4967555e+04
   7.5500000e+01   4.1384773e+04   7.0010328e+04
   7.5600000e+01   6.0211500e+04   5.7746590e+04
   7.5700000e+01   7.7671578e+04   4.3829785e+04
   7.5800000e+01   1.0120343e+05   2.6682697e+04
   7.5900000e+01   1.3260031e+05   7.6950869e+03
   7.6000000e+01   1.6822952e+05  -1.0155113e+04
   7.6100000e+01   2.0147730e+05  -2.2922855e+04
   7.6200000e+01   2.2637795e+05  -2.6933811e+04
   7.6300000e+01   2.4153928e+05  -2.1959525e+04
   7.6400000e+01   2.5191503e+05  -1.3376207e+04
   7.6500000e+01   2.6598516e+05  -9.2429199e+03
   7.6600000e+01   2.8970081e+05  -1.3564032e+04
   7.6700000e+01   3.2242938e+05  -2.2171357e+04
   7.6800000e+01   3.5862850e+05  -2.5604357e+04
   7.6900000e+01   3.9289188e+05  -1.6549762e+04
   7.7000000e+01   4.2249769e+05   4.2587925e+03
   7.7100000e+01   4.4518647e+05   2.7647379e+04
   7.7200000e+01   4.5615809e+05   4.1132523e+04
   7.7300000e+01   4.4914703e+05   3.6918781e+04
   7.7400000e+01   4.2085675e+05   1.8148232e+04
   7.7500000e+01   3.7339234e+05  -1.8122598e+03
   7.7600000e+01   3.1177612e+05  -8.4110039e+03
   7.7700000e+01   2.3981220e+05   2.8348125e+03
   7.7800000e+01   1.5924080e+05   2.2613572e+04
   7.7900000e+01   7.2276727e+04   3.5419789e+04
   7.8000000e+01  -1.6832766e+04   3.1706496e+04
   7.8100000e+01  -1.0353203e+05   1.3807232e+04
   7.8200000e+01  -1.8493350e+05  -8.4317256e+03
   7.8300000e+01  -2.5845517e+05  -2.6614758e+04
   7.8400000e+01  -3.1892650e+05  -3.8927840e+04
   7.8500000e+01  -3.5948516e+05  -4.8565289e+04
   7.8600000e+01  -3.7728316e+05  -5.9205582e+04
   7.8700000e+01  -3.7791131e+05  -7.2475969e+04
   7.8800000e+01  -3.7240928e+05  -8.8574891e+04
   7.8900000e+01  -3.6884803e+05  -1.0767410e+05
   7.9000000e+01  -3.6690828e+05  -1.2987953e+05
   7.9100000e+01  -3.6053003e+05  -1.5406808e+05
   7.9200000e+01  -3.4482066e+05  -1.7732133e+05
   7.9300000e+01  -3.1977978e+05  -1.9570470e+05
   7.9400000e+01  -2.8837062e+05  -2.0568834e+05
   7.9500000e+01  -2.5278844e+05  -2.0539375e+05
   7.9600000e+01  -2.1315930e+05  -1.9537541e+05
   7.9700000e+01  -1.6887961e+05  -1.7844044e+05
   7.9800000e+01  -1.2046412e+05  -1.5782512e+05
   7.9900000e+01  -7.0681320e+04  -1.3449836e+05
   8.0000000e+01  -2.4632465e+04  -1.0627580e+05
   8.0100000e+01   1.1993188e+04  -7.0440242e+04
   8.0200000e+01   3.6445875e+04  -2.7508574e+04
   8.0300000e+01   5.1507898e+04   1.8457707e+04
   8.0400000e+01   6.3788688e+04   6.4059973e+04
   8.0500000e+01   7.8242500e+04   1.1042891e+05
   8.0600000e+01   9.3842500e+04   1.6125231e+05
   8.0700000e+01   1.0458320e+05   2.1608858e+05
   8.0800000e+01   1.0472130e+05   2.6652962e+05
   8.0900000e+01   9.3565570e+04   3.0074406e+05
   8.1000000e+01   7.6454688e+04   3.1292084e+05
   8.1100000e+01   6.1858098e+04   3.0827853e+05
   8.1200000e+01   5.6322996e+04   2.9842372e+05
   8.1300000e+01   5.9771352e+04   2.9138362e+05
   8.1400000e+01   6.4518512e+04   2.8537078e+05
   8.1500000e+01   6.0204883e+04   2.7115819e+05
   8.1600000e+01   4.1991461e+04   2.4026456e+05
   8.1700000e+01   1.5012106e+04   1.9230669e+05
   8.1800000e+01  -9.5873828e+03   1.3649148e+05
   8.1900000e+01  -2.3552029e+04   8.6356609e+04
   8.2000000e+01  -2.6745982e+04   5.1009047e+04
   8.2100000e+01  -2.4159793e+04   2.8921234e+04
   8.2200000e+01  -1.8902852e+04   9.5249980e+03
   8.2300000e+01  -8.9722725e+03  -1.7943811e+04
   8.2400000e+01   9.3744863e+03  -5.5674688e+04
   8.2500000e+01   3.6058953e+04  -9.6340242e+04
   8.2600000e+01   6.5575859e+04  -1.3014748e+05
   8.2700000e+01   9.0789992e+04  -1.5227942e+05
   8.2800000e+01   1.0805287e+05  -1.6387236e+05
   8.2900000e+01   1.1861099e+05  -1.6763436e+05
   8.3000000e+01   1.2524351e+05  -1.6466836e+05
   8.3100000e+01   1.2777598e+05  -1.5606597e+05
   8.3200000e+01   1.2216409e+05  -1.4604708e+05
   8.3300000e+01   1.0442552e+05  -1.4140595e+05
   8.3400000e+01   7.6062953e+04  -1.4670609e+05
   8.3500000e+01   4.5914051e+04  -1.6001155e+05
   8.3600000e+01   2.5990543e+04  -1.7381316e+05
   8.3700000e+01   2.3656051e+04  -1.8060011e+05
   8.3800000e+01   3.5902609e+04  -1.7793456e+05
   8.3900000e+01   5.0902562e+04  -1.6857384e+05
   8.4000000e+01   5.6969992e+04  -1.5625311e+05
   8.4100000e+01   5.2393703e+04  -1.4187944e+05
   8.4200000e+01   4.7188133e+04  -1.2385912e+05
   8.4300000e+01   5.3882242e+04  -1.0139384e+05
   8.4400000e+01   7.5157281e+04  -7.6372234e+04
   8.4500000e+01   1.0053705e+05  -5.1525062e+04
   8.4600000e+01   1.1596230e+05  -2.7263598e+04
   8.4700000e+01   1.1655616e+05  -1.3576787e+03
   8.4800000e+01   1.0931040e+05   2.7798016e+04
   8.4900000e+01   1.0361208e+05   5.8123762e+04
   8.5000000e+01   1.0095256e+05   8.5022125e+04
   8.5100000e+01   9.5228500e+04   1.0614000e+05
   8.5200000e+01   8.2007875e+04   1.2461929e+05
   8.5300000e+01   6.4796008e+04   1.4663908e+05
   8.5400000e+01   5.0704973e+04   1.7488019e+05
   8.5500000e+01   4.1066520e+04   2.0425302e+05
   8.5600000e+01   2.8534658e+04   2.2448798e+05
   8.5700000e+01   4.4545117e+03   2.2736866e+05
   8.5800000e+01  -3.1732223e+04   2.1161997e+05
   8.5900000e+01  -7.1749766e+04   1.8105559e+05
   8.6000000e+01  -1.0753397e+05   1.3892525e+05
   8.6100000e+01  -1.4018972e+05   8.5441680e+04
   8.6200000e+01  -1.7857916e+05   2.1595141e+04
   8.6300000e+01  -2.2820795e+05  -4.5324836e+04
   8.6400000e+01  -2.8203188e+05  -1.0203186e+05
   8.6500000e+01  -3.2372341e+05  -1.3731742e+05
   8.6600000e+01  -3.4105578e+05  -1.5101281e+05
   8.6700000e+01  -3.3586547e+05  -1.5430547e+05
   8.6800000e+01  -3.2024159e+05  -1.5936388e+05
   8.6900000e+01  -3.0328406e+05  -1.6733798e+05
   8.7000000e+01  -2.8266359e+05  -1.6692420e+05
   8.7100000e+01  -2.4926852e+05  -1.4603903e+05
   8.7200000e+01  -1.9871681e+05  -1.0547661e+05
   8.7300000e+01  -1.3707955e+05  -6.0385898e+04
   8.7400000e+01  -7.5861812e+04  -2.7462912e+04
   8.7500000e+01  -2.2817605e+04  -1.0627320e+04
   8.7600000e+01   2.2073068e+04   6.3576318e+02
   8.7700000e+01   6.2892145e+04   1.9616629e+04
   8.7800000e+01   1.0120962e+05   4.9939316e+04
   8.7900000e+01   1.3303316e+05   8.3760992e+04
   8.8000000e+01   1.5180344e+05   1.0985334e+05
   8.8100000e+01   1.5461197e+05   1.2217820e+05
   8.8200000e+01   1.4572006e+05   1.2214308e+05
   8.8300000e+01   1.3346194e+05   1.1532634e+05
   8.8400000e+01   1.2316674e+05   1.0699983e+05
   8.8500000e+01   1.1352737e+05   9.9280711e+04
   8.8600000e+01   1.0042410e+05   9.0741297e+04
   8.8700000e+01   8.3354477e+04   7.8465766e+04
   8.8800000e+01   6.6222164e+04   6.1256086e+04
   8.8900000e+01   5.1502121e+04   4.1410547e+04
   8.9000000e+01   3.5835504e+04   2.3669803e+04
   8.9100000e+01   1.3740851e+04   1.2763444e+04
   8.9200000e+01  -1.4433156e+04   1.1654884e+04
   8.9300000e+01  -4.0245902e+04   2.0522809e+04
   8.9400000e+01  -5.4070766e+04   3.5762891e+04
   8.9500000e+01  -5.3871809e+04   5.0404598e+04
   8.9600000e+01  -4.6645438e+04   5.7930211e+04
   8.9700000e+01  -4.1600539e+04   5.7500516e+04
   8.9800000e+01  -4.2070848e+04   5.4961520e+04
   8.9900000e+01  -4.2835555e+04   5.7334727e+04
   9.0000000e+01  -3.3884332e+04   6.6063422e+04
   9.0100000e+01  -7.4731904e+03   7.6156367e+04
   9.0200000e+01   3.5729566e+04   8.1299922e+04
   9.0300000e+01   8.5417219e+04   7.7986195e+04
   9.0400000e+01   1.2744165e+05   6.4057633e+04
   9.0500000e+01   1.5357938e+05   3.5555695e+04
   9.0600000e+01   1.6726242e+05  -1.1290484e+04
   9.0700000e+01   1.7934544e+05  -7.3152609e+04
   9.0800000e+01   1.9732480e+05  -1.3621520e+05
   9.0900000e+01   2.1840184e+05  -1.8309558e+05
   9.1000000e+01   2.3280762e+05  -2.0585714e+05
   9.1100000e+01   2.3305580e+05  -2.1262370e+05
   9.1200000e+01   2.1964408e+05  -2.1985447e+05
   9.1300000e+01   1.9915197e+05  -2.3627588e+05
   9.1400000e+01   1.7872678e+05  -2.5361484e+05
   9.1500000e+01   1.6232258e+05  -2.5343284e+05
   9.1600000e+01   1.4980447e+05  -2.2378672e+05
   9.1700000e+01   1.3751536e+05  -1.7008161e+05
   9.1800000e+01   1.2008751e+05  -1.1084507e+05
   9.1900000e+01   9.3627086e+04  -6.3881094e+04
   9.2000000e+01   5.8105371e+04  -3.5735844e+04
   9.2100000e+01   1.6313361e+04  -2.1476043e+04
   9.2200000e+01  -2.9357598e+04  -1.1274176e+04
   9.2300000e+01  -7.7805500e+04   3.3096260e+03
   9.2400000e+01  -1.2626794e+05   2.6330906e+04
   9.2500000e+01  -1.6800603e+05   5.6638727e+04
   9.2600000e+01  -1.9553950e+05   8.8474414e+04
   9.2700000e+01  -2.0767317e+05   1.1418431e+05
   9.2800000e+01  -2.1295897e+05   1.2836105e+05
   9.2900000e+01  -2.2492706e+05   1.3037698e+05
   9.3000000e+01  -2.5241289e+05   1.2309197e+05
   9.3100000e+01  -2.9283081e+05   1.0927415e+05
   9.3200000e+01  -3.3338100e+05   8.9540398e+04
   9.3300000e+01  -3.5874281e+05   6.3772766e+04
   9.3400000e+01  -3.5953188e+05   3.4204660e+04
   9.3500000e+01  -3.3609266e+05   6.6360449e+03
   9.3600000e+01  -2.9607156e+05  -1.1967059e+04
   9.3700000e+01  -2.4880534e+05  -1.7752350e+04
   9.3800000e+01  -2.0127047e+05  -1.2430520e+04
   9.3900000e+01  -1.5758380e+05  -1.6406680e+03
   9.4000000e+01  -1.1990654e+05   9.3189131e+03
   9.4100000e+01  -8.8118836e+04   1.8597152e+04
   9.4200000e+01  -5.9087582e+04   2.7392490e+04
   9.4300000e+01  -2.8245344e+04   3.7328141e+04
   9.4400000e+01   6.9177329e+03   4.8655746e+04
   9.4500000e+01   4.5463898e+04   6.0666664e+04
   9.4600000e+01   8.5578664e+04   7.3010594e+04
   9.4700000e+01   1.2713994e+05   8.6008969e+04
   9.4800000e+01   1.6960114e+05   9.9639984e+04
   9.4900000e+01   2.0738475e+05   1.1250421e+05
   9.5000000e+01   2.3034464e+05   1.2214522e+05
   9.5100000e+01   2.3186680e+05   1.2670906e+05
   9.5200000e+01   2.1676422e+05   1.2630761e+05
   9.5300000e+01   1.9902784e+05   1.2228044e+05
   9.5400000e+01   1.9003117e+05   1.1472505e+05
   9.5500000e+01   1.8898350e+05   1.0135061e+05
   9.5600000e+01   1.8561333e+05   8.0106891e+04
   9.5700000e+01   1.7206772e+05   5.3407906e+04
   9.5800000e+01   1.5168745e+05   2.8344688e+04
   9.5900000e+01   1.3640197e+05   1.0709055e+04
   9.6000000e+01   1.3621175e+05  -1.6292266e+03
   9.6100000e+01   1.5086872e+05  -1.7998074e+04
   9.6200000e+01   1.7030019e+05  -4.6147027e+04
   9.6300000e+01   1.8217434e+05  -8.3948727e+04
   9.6400000e+01   1.8010838e+05  -1.2014005e+05
   9.6500000e+01   1.6684603e+05  -1.4322128e+05
   9.6600000e+01   1.5089962e+05  -1.4967359e+05
   9.6700000e+01   1.3948312e+05  -1.4458881e+05
   9.6800000e+01   1.3283948e+05  -1.3602023e+05
   9.6900000e+01   1.2392943e+05  -1.2934189e+05
   9.7000000e+01   1.0344533e+05  -1.2582898e+05
   9.7100000e+01   6.6233922e+04  -1.2471280e+05
   9.7200000e+01   1.4637578e+04  -1.2537819e+05
   9.7300000e+01  -4.2924535e+04  -1.2736323e+05
   9.7400000e+01  -9.6486266e+04  -1.2859330e+05
   9.7500000e+01  -1.3913677e+05  -1.2453850e+05
   9.7600000e+01  -1.6922908e+05  -1.1064652e+05
   9.7700000e+01  -1.8927677e+05  -8.6956758e+04
   9.7800000e+01  -2.0262206e+05  -6.0256984e+04
   9.7900000e+01  -2.1057320e+05  -4.0111312e+04
   9.8000000e+01  -2.1227583e+05  -3.0984215e+04
   9.8100000e+01  -2.0680958e+05  -2.7638430e+04
   9.8200000e+01  -1.9470712e+05  -1.8934359e+04
   9.8300000e+01  -1.7721250e+05   2.6285518e+03
   9.8400000e+01  -1.5482455e+05   3.4020953e+04
   9.8500000e+01  -1.2756987e+05   6.3656824e+04
   9.8600000e+01  -9.6681625e+04   8.0548320e+04
   9.8700000e+01  -6.4963180e+04   8.2833312e+04
   9.8800000e+01  -3.4829109e+04   7.8731805e+04
   9.8900000e+01  -6.5396514e+03   7.9506188e+04
   9.9000000e+01   2.0708770e+04   9.0346508e+04
   9.9100000e+01   4.5893648e+04   1.0628014e+05
   9.9200000e+01   6.5067723e+04   1.1587926e+05
   9.9300000e+01   7.3632953e+04   1.0968762e+05
   9.9400000e+01   6.9858727e+04   8.7310320e+04
   9.9500000e+01   5.6596199e+04   5.8330418e+04
   9.9600000e+01   4.0095184e+04   3.6101465e+04
   9.9700000e+01   2.6751170e+04   2.8160361e+04
   9.9800000e+01   1.9642773e+04   3.0679195e+04
   9.9900000e+01   1.7537311e+04   3.3338520e+04
   1.0000000e+02   1.7405959e+04   3.1194064e+04
