   1.1851270e+02   3.6301420e+01   1.8450000e+02
   1.1950720e+02   3.6651617e+01   1.6400000e+01
   0.0000000e+00   4.7181211e+04   4.7181211e+04
   1.0000000e-01   7.2885914e+04   1.0460814e+04
   2.0000000e-01   9.6406578e+04  -3.2375809e+04
   3.0000000e-01   1.3077926e+05  -6.6633633e+04
   4.0000000e-01   1.7980247e+05  -8.1286672e+04
   5.0000000e-01   2.3412480e+05  -7.8653781e+04
   6.0000000e-01   2.8033869e+05  -7.1103422e+04
   7.0000000e-01   3.1290475e+05  -6.8964758e+04
   8.0000000e-01   3.3607597e+05  -7.2365102e+04
   9.0000000e-01   3.5437844e+05  -7.4475156e+04
   1.0000000e+00   3.6298147e+05  -7.0871125e+04
   1.1000000e+00   3.4918084e+05  -6.4027121e+04
   1.2000000e+00   3.0376478e+05  -5.9243746e+04
   1.3000000e+00   2.3054362e+05  -5.8840562e+04
   1.4000000e+00   1.4483183e+05  -6.2071273e+04
   1.5000000e+00   6.3044359e+04  -6.9120930e+04
   1.6000000e+00  -6.8371973e+03  -8.1674242e+04
   1.7000000e+00  -6.6666398e+04  -9.8167219e+04
   1.8000000e+00  -1.2206910e+05  -1.1102655e+05
   1.9000000e+00  -1.7509819e+05  -1.1231921e+05
   2.0000000e+00  -2.2159912e+05  -1.0300488e+05
   2.1000000e+00  -2.5493606e+05  -9.4190484e+04
   2.2000000e+00  -2.7253741e+05  -9.6925633e+04
   2.3000000e+00  -2.7929750e+05  -1.1118904e+05
   2.4000000e+00  -2.8449925e+05  -1.2671276e+05
   2.5000000e+00  -2.9471041e+05  -1.3454470e+05
   2.6000000e+00  -3.0859397e+05  -1.3543328e+05
   2.7000000e+00  -3.1740809e+05  -1.3536944e+05
   2.8000000e+00  -3.1001647e+05  -1.3474556e+05
   2.9000000e+00  -2.7874697e+05  -1.2547933e+05
   3.0000000e+00  -2.2351972e+05  -1.0050261e+05
   3.1000000e+00  -1.5309617e+05  -6.4688078e+04
   3.2000000e+00  -8.2389062e+04  -3.4011633e+04
   3.3000000e+00  -2.5720441e+04  -2.2628973e+04
   3.4000000e+00   1.0817298e+04  -3.0373953e+04
   3.5000000e+00   3.2311041e+04  -4.2374418e+04
   3.6000000e+00   5.0306652e+04  -4.0439918e+04
   3.7000000e+00   7.3909227e+04  -1.5752682e+04
   3.8000000e+00   1.0407958e+05   2.6976447e+04
   3.9000000e+00   1.3532822e+05   7.5106039e+04
   4.0000000e+00   1.6188817e+05   1.1708149e+05
   4.1000000e+00   1.8192716e+05   1.4793136e+05
   4.2000000e+00   1.9680861e+05   1.6910895e+05
   4.3000000e+00   2.0816833e+05   1.8508155e+05
   4.4000000e+00   2.1676561e+05   1.9977391e+05
   4.5000000e+00   2.2319320e+05   2.1426481e+05
   4.6000000e+00   2.2768705e+05   2.2618294e+05
   4.7000000e+00   2.2854411e+05   2.3132183e+05
   4.8000000e+00   2.2221103e+05   2.2696519e+05
   4.9000000e+00   2.0678373e+05   2.1433167e+05
   5.0000000e+00   1.8540872e+05   1.9754012e+05
   5.1000000e+00   1.6451856e+05   1.7983333e+05
   5.2000000e+00   1.4744827e+05   1.6082616e+05
   5.3000000e+00   1.3026679e+05   1.3728066e+05
   5.4000000e+00   1.0516430e+05   1.0592624e+05
   5.5000000e+00   6.8478312e+04   6.5336133e+04
   5.6000000e+00   2.5079150e+04   1.6253354e+04
   5.7000000e+00  -1.5399264e+04  -3.8065832e+04
   5.8000000e+00  -4.6611316e+04  -9.1182211e+04
   5.9000000e+00  -7.0127617e+04  -1.3445500e+05
   6.0000000e+00  -9.2905844e+04  -1.6079270e+05
   6.1000000e+00  -1.2065507e+05  -1.6875898e+05
   6.2000000e+00  -1.5317253e+05  -1.6308580e+05
   6.3000000e+00  -1.8520473e+05  -1.5060594e+05
   6.4000000e+00  -2.1138019e+05  -1.3510134e+05
   6.5000000e+00  -2.3046783e+05  -1.1575176e+05
   6.6000000e+00  -2.4500980e+05  -9.0405391e+04
   6.7000000e+00  -2.5671678e+05  -6.0125285e+04
   6.8000000e+00  -2.6244847e+05  -3.0113203e+04
   6.9000000e+00  -2.5568250e+05  -5.7802080e+03
   7.0000000e+00  -2.3292000e+05   1.1986060e+04
   7.1000000e+00  -1.9844150e+05   2.6998467e+04
   7.2000000e+00  -1.6143483e+05   4.2584016e+04
   7.3000000e+00  -1.2755373e+05   5.6158789e+04
   7.4000000e+00  -9.3894297e+04   5.9545461e+04
   7.5000000e+00  -5.3408301e+04   4.5549945e+04
   7.6000000e+00  -4.3458672e+03   1.5012545e+04
   7.7000000e+00   4.5533848e+04  -2.2290242e+04
   7.8000000e+00   8.4442398e+04  -5.4169336e+04
   7.9000000e+00   1.0566628e+05  -7.4690828e+04
   8.0000000e+00   1.1122482e+05  -8.7668273e+04
   8.1000000e+00   1.0791016e+05  -1.0188080e+05
   8.2000000e+00   1.0109889e+05  -1.2202320e+05
   8.3000000e+00   9.1872367e+04  -1.4336980e+05
   8.4000000e+00   7.8020961e+04  -1.5509095e+05
   8.5000000e+00   5.6561492e+04  -1.4930877e+05
   8.6000000e+00   2.6311393e+04  -1.2756502e+05
   8.7000000e+00  -9.9663604e+03  -9.8910883e+04
   8.8000000e+00  -4.5237039e+04  -7.1911039e+04
   8.9000000e+00  -7.1112164e+04  -4.8266227e+04
   9.0000000e+00  -8.2639711e+04  -2.3341570e+04
   9.1000000e+00  -8.0925547e+04   8.0267139e+03
   9.2000000e+00  -7.1021258e+04   4.6171688e+04
   9.3000000e+00  -5.7134066e+04   8.5732734e+04
   9.4000000e+00  -3.9701625e+04   1.1908887e+05
   9.5000000e+00  -1.6467516e+04   1.4112500e+05
   9.6000000e+00   1.4424707e+04   1.5193425e+05
   9.7000000e+00   5.2384449e+04   1.5528184e+05
   9.8000000e+00   9.4205906e+04   1.5367136e+05
   9.9000000e+00   1.3480920e+05   1.4457973e+05
   1.0000000e+01   1.6852669e+05   1.2272241e+05
   1.0100000e+01   1.9128711e+05   8.7414945e+04
   1.0200000e+01   2.0266542e+05   4.7186391e+04
   1.0300000e+01   2.0541364e+05   1.4858362e+04
   1.0400000e+01   2.0215912e+05  -3.4848398e+03
   1.0500000e+01   1.9276114e+05  -1.4013621e+04
   1.0600000e+01   1.7572653e+05  -2.8353213e+04
   1.0700000e+01   1.5194011e+05  -5.1266051e+04
   1.0800000e+01   1.2539151e+05  -7.6015336e+04
   1.0900000e+01   9.9255539e+04  -9.1782547e+04
   1.1000000e+01   7.2291328e+04  -9.4046859e+04
   1.1100000e+01   4.0744531e+04  -8.6784906e+04
   1.1200000e+01   3.7998335e+03  -7.6138961e+04
   1.1300000e+01  -3.4246379e+04  -6.4668082e+04
   1.1400000e+01  -6.7615328e+04  -5.2435773e+04
   1.1500000e+01  -9.3354031e+04  -4.1348762e+04
   1.1600000e+01  -1.1080502e+05  -3.5535637e+04
   1.1700000e+01  -1.1795235e+05  -3.6844629e+04
   1.1800000e+01  -1.1095180e+05  -4.1553125e+04
   1.1900000e+01  -8.8693219e+04  -4.3053348e+04
   1.2000000e+01  -5.6872996e+04  -3.7875875e+04
   1.2100000e+01  -2.5691348e+04  -2.8433184e+04
   1.2200000e+01  -2.4439692e+03  -1.9769723e+04
   1.2300000e+01   1.3840414e+04  -1.4223612e+04
   1.2400000e+01   3.0511977e+04  -9.6140967e+03
   1.2500000e+01   5.4011785e+04  -2.1290938e+03
   1.2600000e+01   8.3790016e+04   9.9114434e+03
   1.2700000e+01   1.1251313e+05   2.5393051e+04
   1.2800000e+01   1.3183850e+05   4.2729301e+04
   1.2900000e+01   1.3809872e+05   6.1790777e+04
   1.3000000e+01   1.3251147e+05   8.3100164e+04
   1.3100000e+01   1.1624584e+05   1.0558005e+05
   1.3200000e+01   8.6606688e+04   1.2597409e+05
   1.3300000e+01   3.9889223e+04   1.4112962e+05
   1.3400000e+01  -2.1441477e+04   1.5093103e+05
   1.3500000e+01  -8.6097688e+04   1.5855005e+05
   1.3600000e+01  -1.4093892e+05   1.6708856e+05
   1.3700000e+01  -1.8143814e+05   1.7534933e+05
   1.3800000e+01  -2.1404355e+05   1.7684603e+05
   1.3900000e+01  -2.4697464e+05   1.6366520e+05
   1.4000000e+01  -2.7917231e+05   1.3240498e+05
   1.4100000e+01  -2.9969500e+05   8.7228484e+04
   1.4200000e+01  -2.9833178e+05   3.7420398e+04
   1.4300000e+01  -2.7591825e+05  -8.3989082e+03
   1.4400000e+01  -2.4367138e+05  -4.6711164e+04
   1.4500000e+01  -2.1297058e+05  -7.9304273e+04
   1.4600000e+01  -1.8634355e+05  -1.0998181e+05
   1.4700000e+01  -1.5786556e+05  -1.4040947e+05
   1.4800000e+01  -1.2132366e+05  -1.6747552e+05
   1.4900000e+01  -7.7847328e+04  -1.8383605e+05
   1.5000000e+01  -3.6196641e+04  -1.8222681e+05
   1.5100000e+01  -5.6969229e+03  -1.6140767e+05
   1.5200000e+01   1.1838296e+04  -1.2873337e+05
   1.5300000e+01   2.3689930e+04  -9.5620469e+04
   1.5400000e+01   3.9396199e+04  -6.8600086e+04
   1.5500000e+01   6.1793867e+04  -4.4182062e+04
   1.5600000e+01   8.4827523e+04  -1.3274378e+04
   1.5700000e+01   1.0006491e+05   2.8409963e+04
   1.5800000e+01   1.0445757e+05   7.4036961e+04
   1.5900000e+01   1.0121270e+05   1.0982629e+05
   1.6000000e+01   9.4564305e+04   1.2583710e+05
   1.6100000e+01   8.6189383e+04   1.2325572e+05
   1.6200000e+01   7.7190797e+04   1.1191111e+05
   1.6300000e+01   7.1008992e+04   1.0109270e+05
   1.6400000e+01   7.1606797e+04   9.2248500e+04
   1.6500000e+01   7.8865609e+04   7.9405070e+04
   1.6600000e+01   8.8034164e+04   5.5941723e+04
   1.6700000e+01   9.5068141e+04   2.1434805e+04
   1.6800000e+01   1.0169472e+05  -1.7033170e+04
   1.6900000e+01   1.1385522e+05  -5.0031484e+04
   1.7000000e+01   1.3490394e+05  -7.3340797e+04
   1.7100000e+01   1.6085152e+05  -9.1711000e+04
   1.7200000e+01   1.8255873e+05  -1.1507862e+05
   1.7300000e+01   1.9260033e+05  -1.4960538e+05
   1.7400000e+01   1.9020550e+05  -1.9101123e+05
   1.7500000e+01   1.7993375e+05  -2.2644623e+05
   1.7600000e+01   1.6604264e+05  -2.4357166e+05
   1.7700000e+01   1.4884659e+05  -2.3877748e+05
   1.7800000e+01   1.2700543e+05  -2.1775481e+05
   1.7900000e+01   1.0240519e+05  -1.8949228e+05
   1.8000000e+01   8.0476078e+04  -1.6032634e+05
   1.8100000e+01   6.4220430e+04  -1.3248738e+05
   1.8200000e+01   4.9089047e+04  -1.0579389e+05
   1.8300000e+01   2.6233160e+04  -7.9141016e+04
   1.8400000e+01  -8.3423789e+03  -5.1113441e+04
   1.8500000e+01  -4.9102051e+04  -2.1101582e+04
   1.8600000e+01  -8.6135336e+04   9.2199121e+03
   1.8700000e+01  -1.1371747e+05   3.6119652e+04
   1.8800000e+01  -1.3257303e+05   5.6484977e+04
   1.8900000e+01  -1.4503936e+05   7.0578250e+04
   1.9000000e+01  -1.5094897e+05   8.1820172e+04
   1.9100000e+01  -1.4946975e+05   9.3458953e+04
   1.9200000e+01  -1.4317267e+05   1.0543641e+05
   1.9300000e+01  -1.3774883e+05   1.1502889e+05
   1.9400000e+01  -1.3706000e+05   1.2108338e+05
   1.9500000e+01  -1.3948498e+05   1.2706148e+05
   1.9600000e+01  -1.3987128e+05   1.3800595e+05
   1.9700000e+01  -1.3467053e+05   1.5305214e+05
   1.9800000e+01  -1.2457439e+05   1.6220164e+05
   1.9900000e+01  -1.1242927e+05   1.5396873e+05
   2.0000000e+01  -9.9567750e+04   1.2837316e+05
   2.0100000e+01  -8.4793562e+04   1.0081508e+05
   2.0200000e+01  -6.6609984e+04   8.9722312e+04
   2.0300000e+01  -4.5651750e+04   9.8885453e+04
   2.0400000e+01  -2.4596771e+04   1.1314070e+05
   2.0500000e+01  -6.0080728e+03   1.1265752e+05
   2.0600000e+01   9.3882832e+03   9.1077711e+04
   2.0700000e+01   2.2383457e+04   5.9316996e+04
   2.0800000e+01   3.3441965e+04   3.3272984e+04
   2.0900000e+01   4.1027043e+04   2.0057961e+04
   2.1000000e+01   4.1721762e+04   1.5869990e+04
   2.1100000e+01   3.2823289e+04   1.4034509e+04
   2.1200000e+01   1.6086162e+04   1.2391607e+04
   2.1300000e+01  -8.0230493e+02   1.3488906e+04
   2.1400000e+01  -7.7882061e+03   2.0340207e+04
   2.1500000e+01   5.8856055e+02   3.3420934e+04
   2.1600000e+01   2.0732547e+04   5.0595719e+04
   2.1700000e+01   4.2631477e+04   6.8150867e+04
   2.1800000e+01   5.7709145e+04   8.1765547e+04
   2.1900000e+01   6.4954703e+04   8.7949711e+04
   2.2000000e+01   7.0131656e+04   8.5851430e+04
   2.2100000e+01   7.9354930e+04   7.7800094e+04
   2.2200000e+01   9.3003656e+04   6.7541312e+04
   2.2300000e+01   1.0500745e+05   5.7451242e+04
   2.2400000e+01   1.0773203e+05   4.7024398e+04
   2.2500000e+01   9.8272367e+04   3.3516586e+04
   2.2600000e+01   8.1054781e+04   1.3875140e+04
   2.2700000e+01   6.4676168e+04  -1.3235790e+04
   2.2800000e+01   5.5538961e+04  -4.6204617e+04
   2.2900000e+01   5.3375836e+04  -8.1011945e+04
   2.3000000e+01   5.2069609e+04  -1.1389115e+05
   2.3100000e+01   4.4859684e+04  -1.4421539e+05
   2.3200000e+01   2.9826230e+04  -1.7425941e+05
   2.3300000e+01   1.1708773e+04  -2.0501862e+05
   2.3400000e+01  -1.1423109e+03  -2.3210497e+05
   2.3500000e+01  -2.6829121e+03  -2.4685827e+05
   2.3600000e+01   6.0178350e+03  -2.4270548e+05
   2.3700000e+01   1.6747521e+04  -2.2089492e+05
   2.3800000e+01   1.9564574e+04  -1.9004167e+05
   2.3900000e+01   1.0072344e+04  -1.6005005e+05
   2.4000000e+01  -7.1775811e+03  -1.3590248e+05
   2.4100000e+01  -2.2338490e+04  -1.1590295e+05
   2.4200000e+01  -2.8272334e+04  -9.4644680e+04
   2.4300000e+01  -2.6081875e+04  -6.7938664e+04
   2.4400000e+01  -2.3361719e+04  -3.6452441e+04
   2.4500000e+01  -2.7177693e+04  -5.6919414e+03
   2.4600000e+01  -3.8706523e+04   1.8022070e+04
   2.4700000e+01  -5.4142641e+04   3.2788172e+04
   2.4800000e+01  -6.9427367e+04   4.2934617e+04
   2.4900000e+01  -8.2812289e+04   5.5201500e+04
   2.5000000e+01  -9.3316609e+04   7.2460945e+04
   2.5100000e+01  -9.9150328e+04   9.0880961e+04
   2.5200000e+01  -9.9849875e+04   1.0316696e+05
   2.5300000e+01  -9.9563359e+04   1.0456344e+05
   2.5400000e+01  -1.0566612e+05   9.6024711e+04
   2.5500000e+01  -1.2206144e+05   8.2395695e+04
   2.5600000e+01  -1.4388667e+05   6.8343484e+04
   2.5700000e+01  -1.6001758e+05   5.5986086e+04
   2.5800000e+01  -1.6151614e+05   4.5310523e+04
   2.5900000e+01  -1.4787492e+05   3.5539117e+04
   2.6000000e+01  -1.2576860e+05   2.5682117e+04
   2.6100000e+01  -1.0292521e+05   1.4477992e+04
   2.6200000e+01  -8.3401031e+04   6.9927734e+02
   2.6300000e+01  -6.7111266e+04  -1.6218625e+04
   2.6400000e+01  -5.1462641e+04  -3.5927312e+04
   2.6500000e+01  -3.2295244e+04  -5.7155375e+04
   2.6600000e+01  -4.4882490e+03  -7.7227391e+04
   2.6700000e+01   3.5595051e+04  -9.1652664e+04
   2.6800000e+01   8.5997930e+04  -9.5557234e+04
   2.6900000e+01   1.3726444e+05  -8.7124992e+04
   2.7000000e+01   1.7649739e+05  -6.9959859e+04
   2.7100000e+01   1.9586106e+05  -5.1052668e+04
   2.7200000e+01   1.9845831e+05  -3.5428770e+04
   2.7300000e+01   1.9535678e+05  -2.2734305e+04
   2.7400000e+01   1.9548852e+05  -9.3591455e+03
   2.7500000e+01   1.9765608e+05   6.5035205e+03
   2.7600000e+01   1.9247317e+05   2.2823719e+04
   2.7700000e+01   1.7221675e+05   3.6879680e+04
   2.7800000e+01   1.3842239e+05   4.9240137e+04
   2.7900000e+01   9.9695883e+04   6.3134863e+04
   2.8000000e+01   6.3006395e+04   7.9651539e+04
   2.8100000e+01   2.8619820e+04   9.4905312e+04
   2.8200000e+01  -6.0132441e+03   1.0349904e+05
   2.8300000e+01  -3.8926297e+04   1.0496903e+05
   2.8400000e+01  -6.2334184e+04   1.0567094e+05
   2.8500000e+01  -6.9368234e+04   1.1323124e+05
   2.8600000e+01  -6.1227633e+04   1.2903223e+05
   2.8700000e+01  -4.6872562e+04   1.4639684e+05
   2.8800000e+01  -3.6075242e+04   1.5585338e+05
   2.8900000e+01  -3.3159574e+04   1.5184025e+05
   2.9000000e+01  -3.6118797e+04   1.3515459e+05
   2.9100000e+01  -3.9350805e+04   1.1083287e+05
   2.9200000e+01  -3.6633605e+04   8.4803469e+04
   2.9300000e+01  -2.3905936e+04   6.1683168e+04
   2.9400000e+01  -2.1405098e+03   4.3960773e+04
   2.9500000e+01   2.2181326e+04   3.2386295e+04
   2.9600000e+01   4.1491848e+04   2.7219637e+04
   2.9700000e+01   5.3519383e+04   2.8835361e+04
   2.9800000e+01   6.2831258e+04   3.6329520e+04
   2.9900000e+01   7.5266664e+04   4.5667051e+04
   3.0000000e+01   9.1264914e+04   5.0830961e+04
   3.0100000e+01   1.0539062e+05   4.8395441e+04
   3.0200000e+01   1.1187092e+05   4.0971633e+04
   3.0300000e+01   1.0939213e+05   3.5108062e+04
   3.0400000e+01   1.0051410e+05   3.5264543e+04
   3.0500000e+01   8.7890500e+04   3.9998285e+04
   3.0600000e+01   7.2146367e+04   4.3881812e+04
   3.0700000e+01   5.2905676e+04   4.2554516e+04
   3.0800000e+01   3.0713777e+04   3.5936812e+04
   3.0900000e+01   7.5893872e+03   2.7365111e+04
   3.1000000e+01  -1.4006086e+04   1.9891057e+04
   3.1100000e+01  -3.2912000e+04   1.2384946e+04
   3.1200000e+01  -5.0822715e+04  -1.7676816e+03
   3.1300000e+01  -7.2471523e+04  -3.1402975e+04
   3.1400000e+01  -1.0319128e+05  -8.0942242e+04
   3.1500000e+01  -1.4423980e+05  -1.4563328e+05
   3.1600000e+01  -1.8917447e+05  -2.1377961e+05
   3.1700000e+01  -2.2558473e+05  -2.7489300e+05
   3.1800000e+01  -2.4295412e+05  -3.2646216e+05
   3.1900000e+01  -2.4109223e+05  -3.7313316e+05
   3.2000000e+01  -2.3084961e+05  -4.1973309e+05
   3.2100000e+01  -2.2460205e+05  -4.6522278e+05
   3.2200000e+01  -2.2436384e+05  -5.0254053e+05
   3.2300000e+01  -2.1932333e+05  -5.2288925e+05
   3.2400000e+01  -1.9604647e+05  -5.1985100e+05
   3.2500000e+01  -1.5159148e+05  -4.9099456e+05
   3.2600000e+01  -9.6708602e+04  -4.3791388e+05
   3.2700000e+01  -4.6793250e+04  -3.6577381e+05
   3.2800000e+01  -1.0336642e+04  -2.8176925e+05
   3.2900000e+01   1.4682428e+04  -1.9213206e+05
   3.3000000e+01   3.5469812e+04  -9.9593859e+04
   3.3100000e+01   5.6969984e+04  -3.8060508e+03
   3.3200000e+01   7.8394102e+04   9.5617195e+04
   3.3300000e+01   9.4642484e+04   1.9661630e+05
   3.3400000e+01   1.0042150e+05   2.9488441e+05
   3.3500000e+01   9.4476680e+04   3.8542859e+05
   3.3600000e+01   8.1345055e+04   4.6333906e+05
   3.3700000e+01   6.8764148e+04   5.2418591e+05
   3.3800000e+01   6.2034398e+04   5.6565925e+05
   3.3900000e+01   6.0101016e+04   5.8931500e+05
   3.4000000e+01   5.7334434e+04   5.9909212e+05
   3.4100000e+01   4.9572473e+04   5.9660925e+05
   3.4200000e+01   3.8537371e+04   5.7850231e+05
   3.4300000e+01   3.0376008e+04   5.3999962e+05
   3.4400000e+01   3.0114797e+04   4.8132847e+05
   3.4500000e+01   3.7709055e+04   4.0929591e+05
   3.4600000e+01   4.9155316e+04   3.3205578e+05
   3.4700000e+01   6.0665434e+04   2.5363223e+05
   3.4800000e+01   7.1224406e+04   1.7469505e+05
   3.4900000e+01   8.1484727e+04   9.7486695e+04
   3.5000000e+01   9.1373164e+04   2.7461928e+04
   3.5100000e+01   9.9801266e+04  -3.0844906e+04
   3.5200000e+01   1.0664505e+05  -7.8082195e+04
   3.5300000e+01   1.1395618e+05  -1.1855656e+05
   3.5400000e+01   1.2414393e+05  -1.5456972e+05
   3.5500000e+01   1.3657359e+05  -1.8348106e+05
   3.5600000e+01   1.4622395e+05  -2.0084045e+05
   3.5700000e+01   1.4631694e+05  -2.0569948e+05
   3.5800000e+01   1.3310395e+05  -2.0214570e+05
   3.5900000e+01   1.0892234e+05  -1.9590325e+05
   3.6000000e+01   8.0934719e+04  -1.9017755e+05
   3.6100000e+01   5.6414695e+04  -1.8491738e+05
   3.6200000e+01   3.8204438e+04  -1.7931400e+05
   3.6300000e+01   2.3730281e+04  -1.7414384e+05
   3.6400000e+01   7.9178750e+03  -1.7165780e+05
   3.6500000e+01  -1.2656975e+04  -1.7397131e+05
   3.6600000e+01  -3.7311910e+04  -1.8216664e+05
   3.6700000e+01  -6.1452266e+04  -1.9659916e+05
   3.6800000e+01  -7.8830469e+04  -2.1707106e+05
   3.6900000e+01  -8.5074227e+04  -2.4215581e+05
   3.7000000e+01  -8.1123344e+04  -2.6885978e+05
   3.7100000e+01  -7.3867977e+04  -2.9389747e+05
   3.7200000e+01  -7.1912930e+04  -3.1562884e+05
   3.7300000e+01  -7.8615289e+04  -3.3421169e+05
   3.7400000e+01  -8.8514828e+04  -3.4923091e+05
   3.7500000e+01  -9.1397250e+04  -3.5723672e+05
   3.7600000e+01  -8.1059617e+04  -3.5217347e+05
   3.7700000e+01  -6.0860094e+04  -3.2858919e+05
   3.7800000e+01  -4.1090094e+04  -2.8444762e+05
   3.7900000e+01  -3.1045408e+04  -2.2109806e+05
   3.8000000e+01  -3.3080012e+04  -1.4144117e+05
   3.8100000e+01  -4.2880418e+04  -4.8978164e+04
   3.8200000e+01  -5.3880000e+04   5.1629137e+04
   3.8300000e+01  -6.1027992e+04   1.5440092e+05
   3.8400000e+01  -6.1855191e+04   2.5352506e+05
   3.8500000e+01  -5.6447555e+04   3.4498834e+05
   3.8600000e+01  -4.7813465e+04   4.2627103e+05
   3.8700000e+01  -4.1257406e+04   4.9459469e+05
   3.8800000e+01  -4.1010020e+04   5.4623931e+05
   3.8900000e+01  -4.6272488e+04   5.7793844e+05
   3.9000000e+01  -5.1635672e+04   5.8846625e+05
   3.9100000e+01  -5.2922680e+04   5.7832994e+05
   3.9200000e+01  -5.2228816e+04   5.4821625e+05
   3.9300000e+01  -5.5204930e+04   4.9865588e+05
   3.9400000e+01  -6.2531230e+04   4.3181341e+05
   3.9500000e+01  -6.5913258e+04   3.5326406e+05
   3.9600000e+01  -5.5127258e+04   2.7090431e+05
   3.9700000e+01  -2.9568354e+04   1.9091544e+05
   3.9800000e+01  -1.0598599e+03   1.1429110e+05
   3.9900000e+01   1.6517637e+04   3.7833098e+04
   4.0000000e+01   2.0482322e+04  -4.0564109e+04
   4.0100000e+01   2.1603258e+04  -1.1739030e+05
   4.0200000e+01   3.3102965e+04  -1.8470350e+05
   4.0300000e+01   5.7786707e+04  -2.3592508e+05
   4.0400000e+01   8.5758094e+04  -2.6979381e+05
   4.0500000e+01   1.0387944e+05  -2.8831569e+05
   4.0600000e+01   1.0708475e+05  -2.9216041e+05
   4.0700000e+01   1.0121355e+05  -2.8008634e+05
   4.0800000e+01   9.5871586e+04  -2.5324050e+05
   4.0900000e+01   9.4741664e+04  -2.1818919e+05
   4.1000000e+01   9.2255648e+04  -1.8384506e+05
   4.1100000e+01   7.9233070e+04  -1.5532311e+05
   4.1200000e+01   5.1859203e+04  -1.3159614e+05
   4.1300000e+01   1.5507602e+04  -1.0891069e+05
   4.1400000e+01  -1.9778562e+04  -8.5282359e+04
   4.1500000e+01  -4.6853039e+04  -6.1345191e+04
   4.1600000e+01  -6.4129617e+04  -3.8123266e+04
   4.1700000e+01  -7.1834148e+04  -1.5473869e+04
   4.1800000e+01  -6.8376953e+04   6.9872598e+03
   4.1900000e+01  -5.2758406e+04   2.7919441e+04
   4.2000000e+01  -2.9920299e+04   4.3482262e+04
   4.2100000e+01  -1.0394137e+04   4.8687914e+04
   4.2200000e+01  -1.9022152e+03   4.0179473e+04
   4.2300000e+01  -1.5730911e+03   1.8386691e+04
   4.2400000e+01   1.4713508e+03  -1.3140938e+04
   4.2500000e+01   1.4931738e+04  -5.1075461e+04
   4.2600000e+01   3.5649004e+04  -9.4875867e+04
   4.2700000e+01   5.3615891e+04  -1.4525170e+05
   4.2800000e+01   6.2378844e+04  -1.9993158e+05
   4.2900000e+01   6.3851285e+04  -2.5204500e+05
   4.3000000e+01   6.3192410e+04  -2.9379359e+05
   4.3100000e+01   6.1290754e+04  -3.2150372e+05
   4.3200000e+01   5.4273000e+04  -3.3609819e+05
   4.3300000e+01   4.0054797e+04  -3.3860928e+05
   4.3400000e+01   2.3169562e+04  -3.2656650e+05
   4.3500000e+01   1.1198322e+04  -2.9590028e+05
   4.3600000e+01   6.2939951e+03  -2.4595700e+05
   4.3700000e+01   1.7111953e+03  -1.8142469e+05
   4.3800000e+01  -1.1631132e+04  -1.0902967e+05
   4.3900000e+01  -3.4743941e+04  -3.3275949e+04
   4.4000000e+01  -5.7645703e+04   4.3929078e+04
   4.4100000e+01  -6.7900461e+04   1.2038995e+05
   4.4200000e+01  -6.2211801e+04   1.9213256e+05
   4.4300000e+01  -4.9099816e+04   2.5541962e+05
   4.4400000e+01  -4.0299273e+04   3.0910075e+05
   4.4500000e+01  -4.0442641e+04   3.5352150e+05
   4.4600000e+01  -4.5304977e+04   3.8723266e+05
   4.4700000e+01  -4.8453449e+04   4.0644356e+05
   4.4800000e+01  -4.7583688e+04   4.0902947e+05
   4.4900000e+01  -4.4461047e+04   3.9853994e+05
   4.5000000e+01  -4.1020777e+04   3.8247353e+05
   4.5100000e+01  -3.7507148e+04   3.6540159e+05
   4.5200000e+01  -3.3992957e+04   3.4412009e+05
   4.5300000e+01  -3.1825691e+04   3.1075950e+05
   4.5400000e+01  -3.2498527e+04   2.6156670e+05
   4.5500000e+01  -3.5378324e+04   2.0277805e+05
   4.5600000e+01  -3.6961320e+04   1.4744350e+05
   4.5700000e+01  -3.2332107e+04   1.0573416e+05
   4.5800000e+01  -1.7726412e+04   7.7454617e+04
   4.5900000e+01   7.0676265e+03   5.3354480e+04
   4.6000000e+01   3.7728484e+04   2.3737996e+04
   4.6100000e+01   6.7060172e+04  -1.3487777e+04
   4.6200000e+01   8.8834453e+04  -5.2104383e+04
   4.6300000e+01   1.0081782e+05  -8.3812125e+04
   4.6400000e+01   1.0420588e+05  -1.0477594e+05
   4.6500000e+01   1.0056272e+05  -1.1662929e+05
   4.6600000e+01   9.0286867e+04  -1.2261712e+05
   4.6700000e+01   7.4360289e+04  -1.2439546e+05
   4.6800000e+01   5.6419285e+04  -1.2272862e+05
   4.6900000e+01   4.1529258e+04  -1.1928650e+05
   4.7000000e+01   3.2512168e+04  -1.1527766e+05
   4.7100000e+01   2.8085799e+04  -1.0810999e+05
   4.7200000e+01   2.4772551e+04  -9.1998312e+04
   4.7300000e+01   1.9980006e+04  -6.4562273e+04
   4.7400000e+01   1.3111530e+04  -3.2681344e+04
   4.7500000e+01   4.9768589e+03  -9.2566533e+03
   4.7600000e+01  -2.5149802e+03  -2.3093584e+03
   4.7700000e+01  -6.5674248e+03  -7.8393643e+03
   4.7800000e+01  -5.3966523e+03  -1.4763240e+04
   4.7900000e+01  -1.1095918e+03  -1.6661477e+04
   4.8000000e+01   1.4972717e+02  -1.7426855e+04
   4.8100000e+01  -7.4230317e+03  -2.5548055e+04
   4.8200000e+01  -2.3936102e+04  -4.4816844e+04
   4.8300000e+01  -4.2821848e+04  -7.1768008e+04
   4.8400000e+01  -5.5305121e+04  -1.0061811e+05
   4.8500000e+01  -5.6321426e+04  -1.2820245e+05
   4.8600000e+01  -4.7544496e+04  -1.5392125e+05
   4.8700000e+01  -3.6362258e+04  -1.7724795e+05
   4.8800000e+01  -3.1885934e+04  -1.9712970e+05
   4.8900000e+01  -3.9617145e+04  -2.1295375e+05
   4.9000000e+01  -5.7387371e+04  -2.2402075e+05
   4.9100000e+01  -7.6000234e+04  -2.2761670e+05
   4.9200000e+01  -8.5458484e+04  -2.1923831e+05
   4.9300000e+01  -8.2342719e+04  -1.9644944e+05
   4.9400000e+01  -7.1705070e+04  -1.6279798e+05
   4.9500000e+01  -6.1541406e+04  -1.2714156e+05
   4.9600000e+01  -5.5179883e+04  -9.8247586e+04
   4.9700000e+01  -4.8848148e+04  -7.9315242e+04
   4.9800000e+01  -3.6237480e+04  -6.6977203e+04
   4.9900000e+01  -1.5104877e+04  -5.4999355e+04
   5.0000000e+01   1.0320252e+04  -3.8915172e+04
   5.0100000e+01   3.2690047e+04  -1.7768568e+04
   5.0200000e+01   4.6934508e+04   7.4346240e+03
   5.0300000e+01   5.2969023e+04   3.5672273e+04
   5.0400000e+01   5.4228734e+04   6.5718430e+04
   5.0500000e+01   5.4228934e+04   9.4819039e+04
   5.0600000e+01   5.4207961e+04   1.1929878e+05
   5.0700000e+01   5.3104918e+04   1.3751303e+05
   5.0800000e+01   4.9156723e+04   1.5141303e+05
   5.0900000e+01   4.1825617e+04   1.6373377e+05
   5.1000000e+01   3.2951422e+04   1.7370353e+05
   5.1100000e+01   2.6160486e+04   1.7732925e+05
   5.1200000e+01   2.4339277e+04   1.7304375e+05
   5.1300000e+01   2.6892914e+04   1.6568873e+05
   5.1400000e+01   2.9680686e+04   1.6254000e+05
   5.1500000e+01   2.8525652e+04   1.6506559e+05
   5.1600000e+01   2.3227809e+04   1.6679462e+05
   5.1700000e+01   1.7764535e+04   1.6115341e+05
   5.1800000e+01   1.6174625e+04   1.5042016e+05
   5.1900000e+01   1.8511654e+04   1.4432533e+05
   5.2000000e+01   2.1238346e+04   1.4873884e+05
   5.2100000e+01   2.1261830e+04   1.5724333e+05
   5.2200000e+01   1.8717531e+04   1.5581036e+05
   5.2300000e+01   1.5583458e+04   1.3602553e+05
   5.2400000e+01   1.2576960e+04   1.0289812e+05
   5.2500000e+01   8.6344180e+03   6.9821625e+04
   5.2600000e+01   3.3808057e+03   4.7093059e+04
   5.2700000e+01  -1.2877969e+03   3.5499953e+04
   5.2800000e+01  -3.2117012e+03   2.8914711e+04
   5.2900000e+01  -3.1305122e+03   2.0473039e+04
   5.3000000e+01  -4.4600039e+03   6.1210757e+03
   5.3100000e+01  -9.2388691e+03  -1.5017573e+04
   5.3200000e+01  -1.5006801e+04  -4.0846246e+04
   5.3300000e+01  -1.6830637e+04  -6.6681398e+04
   5.3400000e+01  -1.2755887e+04  -8.7531938e+04
   5.3500000e+01  -6.7826177e+03  -1.0172169e+05
   5.3600000e+01  -5.9636187e+03  -1.1215695e+05
   5.3700000e+01  -1.4338086e+04  -1.2310176e+05
   5.3800000e+01  -2.9420172e+04  -1.3556750e+05
   5.3900000e+01  -4.4270211e+04  -1.4659822e+05
   5.4000000e+01  -5.3110301e+04  -1.5349827e+05
   5.4100000e+01  -5.5673184e+04  -1.5816677e+05
   5.4200000e+01  -5.6770359e+04  -1.6619142e+05
   5.4300000e+01  -6.1504234e+04  -1.8097714e+05
   5.4400000e+01  -7.0168484e+04  -1.9873012e+05
   5.4500000e+01  -7.7370273e+04  -2.0961544e+05
   5.4600000e+01  -7.6458047e+04  -2.0450112e+05
   5.4700000e+01  -6.5532703e+04  -1.8146278e+05
   5.4800000e+01  -4.9607332e+04  -1.4664562e+05
   5.4900000e+01  -3.6847613e+04  -1.0935979e+05
   5.5000000e+01  -3.2271172e+04  -7.6107312e+04
   5.5100000e+01  -3.4487070e+04  -4.8244820e+04
   5.5200000e+01  -3.7884023e+04  -2.3843852e+04
   5.5300000e+01  -3.7452664e+04  -6.0384308e+02
   5.5400000e+01  -3.1481469e+04   2.2999643e+04
   5.5500000e+01  -2.0428504e+04   4.7903957e+04
   5.5600000e+01  -4.6765068e+03   7.3766727e+04
   5.5700000e+01   1.5415919e+04   9.7226805e+04
   5.5800000e+01   3.7393977e+04   1.1205505e+05
   5.5900000e+01   5.6052516e+04   1.1338420e+05
   5.6000000e+01   6.6358695e+04   1.0319000e+05
   5.6100000e+01   6.7445234e+04   9.0830578e+04
   5.6200000e+01   6.3224270e+04   8.6305367e+04
   5.6300000e+01   5.8669367e+04   9.2022734e+04
   5.6400000e+01   5.5685297e+04   1.0161886e+05
   5.6500000e+01   5.2865805e+04   1.0720566e+05
   5.6600000e+01   4.8963852e+04   1.0705060e+05
   5.6700000e+01   4.5853070e+04   1.0552394e+05
   5.6800000e+01   4.7520766e+04   1.0659115e+05
   5.6900000e+01   5.6018895e+04   1.0939528e+05
   5.7000000e+01   6.8650562e+04   1.1076005e+05
   5.7100000e+01   7.9725906e+04   1.1029763e+05
   5.7200000e+01   8.5731688e+04   1.1118512e+05
   5.7300000e+01   8.8824258e+04   1.1596471e+05
   5.7400000e+01   9.4513703e+04   1.2278119e+05
   5.7500000e+01   1.0528880e+05   1.2607872e+05
   5.7600000e+01   1.1690563e+05   1.2042499e+05
   5.7700000e+01   1.2187662e+05   1.0394343e+05
   5.7800000e+01   1.1677740e+05   7.9478242e+04
   5.7900000e+01   1.0532530e+05   5.3049141e+04
   5.8000000e+01   9.3760148e+04   2.9714824e+04
   5.8100000e+01   8.3785320e+04   9.1521641e+03
   5.8200000e+01   7.0881047e+04  -1.4437068e+04
   5.8300000e+01   4.9441820e+04  -4.6205746e+04
   5.8400000e+01   1.8826219e+04  -8.3658578e+04
   5.8500000e+01  -1.5724748e+04  -1.1694412e+05
   5.8600000e+01  -4.7244953e+04  -1.3740980e+05
   5.8700000e+01  -7.1486344e+04  -1.4556258e+05
   5.8800000e+01  -8.7985258e+04  -1.4963242e+05
   5.8900000e+01  -9.8366594e+04  -1.5660809e+05
   5.9000000e+01  -1.0469172e+05  -1.6592906e+05
   5.9100000e+01  -1.0913788e+05  -1.7197314e+05
   5.9200000e+01  -1.1386073e+05  -1.7090283e+05
   5.9300000e+01  -1.1980232e+05  -1.6362802e+05
   5.9400000e+01  -1.2539139e+05  -1.5307109e+05
   5.9500000e+01  -1.2733879e+05  -1.4095322e+05
   5.9600000e+01  -1.2374828e+05  -1.2819627e+05
   5.9700000e+01  -1.1649195e+05  -1.1684280e+05
   5.9800000e+01  -1.0966275e+05  -1.0930813e+05
   5.9900000e+01  -1.0511536e+05  -1.0520062e+05
   6.0000000e+01  -1.0010978e+05  -1.0019230e+05
   6.0100000e+01  -9.0523102e+04  -8.9482281e+04
   6.0200000e+01  -7.6762891e+04  -7.2693219e+04
   6.0300000e+01  -6.5456988e+04  -5.4745246e+04
   6.0400000e+01  -6.3681242e+04  -4.1233176e+04
   6.0500000e+01  -7.0890070e+04  -3.2706057e+04
   6.0600000e+01  -7.7590703e+04  -2.3678289e+04
   6.0700000e+01  -7.3690555e+04  -7.6134072e+03
   6.0800000e+01  -5.8759402e+04   1.6902352e+04
   6.0900000e+01  -4.3015094e+04   4.4855238e+04
   6.1000000e+01  -3.6924254e+04   6.9400906e+04
   6.1100000e+01  -4.0043465e+04   8.7325633e+04
   6.1200000e+01  -4.1512465e+04   1.0004430e+05
   6.1300000e+01  -3.2130762e+04   1.1059618e+05
   6.1400000e+01  -1.4714477e+04   1.2155749e+05
   6.1500000e+01  -9.5777295e+02   1.3599672e+05
   6.1600000e+01   1.8873999e+03   1.5767595e+05
   6.1700000e+01  -2.5240088e+02   1.8693662e+05
   6.1800000e+01   6.2590181e+03   2.1603405e+05
   6.1900000e+01   2.8953609e+04   2.3169958e+05
   6.2000000e+01   6.1428391e+04   2.2566752e+05
   6.2100000e+01   8.8978594e+04   2.0314708e+05
   6.2200000e+01   1.0153609e+05   1.7908725e+05
   6.2300000e+01   1.0141907e+05   1.6466097e+05
   6.2400000e+01   9.9338828e+04   1.5735520e+05
   6.2500000e+01   1.0335506e+05   1.4437612e+05
   6.2600000e+01   1.1145117e+05   1.1521844e+05
   6.2700000e+01   1.1430011e+05   7.0905672e+04
   6.2800000e+01   1.0488036e+05   2.2405129e+04
   6.2900000e+01   8.5321188e+04  -1.8370637e+04
   6.3000000e+01   6.4752754e+04  -4.6326547e+04
   6.3100000e+01   5.1310113e+04  -6.4456312e+04
   6.3200000e+01   4.6692598e+04  -7.9630953e+04
   6.3300000e+01   4.7570598e+04  -9.7175062e+04
   6.3400000e+01   5.0332430e+04  -1.1783961e+05
   6.3500000e+01   5.3451785e+04  -1.3837502e+05
   6.3600000e+01   5.6405246e+04  -1.5464784e+05
   6.3700000e+01   5.8341547e+04  -1.6490531e+05
   6.3800000e+01   5.8480582e+04  -1.7079283e+05
   6.3900000e+01   5.6841312e+04  -1.7531772e+05
   6.4000000e+01   5.3837961e+04  -1.7949700e+05
   6.4100000e+01   4.9755973e+04  -1.8094403e+05
   6.4200000e+01   4.5328301e+04  -1.7610362e+05
   6.4300000e+01   4.2177355e+04  -1.6394423e+05
   6.4400000e+01   4.1402098e+04  -1.4678864e+05
   6.4500000e+01   4.1658098e+04  -1.2690656e+05
   6.4600000e+01   3.9891898e+04  -1.0288116e+05
   6.4700000e+01   3.4739316e+04  -7.0825398e+04
   6.4800000e+01   2.8498816e+04  -2.9924600e+04
   6.4900000e+01   2.4892426e+04   1.4105149e+04
   6.5000000e+01   2.5282127e+04   5.2407410e+04
   6.5100000e+01   2.7925416e+04   8.0087328e+04
   6.5200000e+01   3.0401049e+04   9.9261297e+04
   6.5300000e+01   3.1099113e+04   1.1483903e+05
   6.5400000e+01   2.7963186e+04   1.2815503e+05
   6.5500000e+01   1.7807992e+04   1.3573108e+05
   6.5600000e+01  -8.5637402e+02   1.3418753e+05
   6.5700000e+01  -2.4572938e+04   1.2528333e+05
   6.5800000e+01  -4.6800570e+04   1.1521335e+05
   6.5900000e+01  -6.4382527e+04   1.0889927e+05
   6.6000000e+01  -8.1109086e+04   1.0540891e+05
   6.6100000e+01  -1.0314220e+05   9.9227828e+04
   6.6200000e+01  -1.3081004e+05   8.5924062e+04
   6.6300000e+01  -1.5613236e+05   6.6505359e+04
   6.6400000e+01  -1.6894077e+05   4.6535461e+04
   6.6500000e+01  -1.6478086e+05   3.1463369e+04
   6.6600000e+01  -1.4678542e+05   2.2859293e+04
   6.6700000e+01  -1.2154048e+05   1.8483752e+04
   6.6800000e+01  -9.4933625e+04   1.4999171e+04
   6.6900000e+01  -7.1426234e+04   1.0233287e+04
   6.7000000e+01  -5.4416664e+04   3.5080408e+03
   6.7100000e+01  -4.4885281e+04  -5.0623081e+03
   6.7200000e+01  -4.0044887e+04  -1.4986108e+04
   6.7300000e+01  -3.5544391e+04  -2.5422121e+04
   6.7400000e+01  -3.0350158e+04  -3.5416359e+04
   6.7500000e+01  -2.8631291e+04  -4.4332941e+04
   6.7600000e+01  -3.5100523e+04  -5.1823938e+04
   6.7700000e+01  -4.7961578e+04  -5.7233535e+04
   6.7800000e+01  -5.7822730e+04  -5.9463965e+04
   6.7900000e+01  -5.5626066e+04  -5.8314602e+04
   6.8000000e+01  -4.2545520e+04  -5.6515434e+04
   6.8100000e+01  -3.1012586e+04  -5.9829090e+04
   6.8200000e+01  -3.3915223e+04  -7.3364438e+04
   6.8300000e+01  -5.1457523e+04  -9.6022422e+04
   6.8400000e+01  -6.8988492e+04  -1.1830391e+05
   6.8500000e+01  -6.9116250e+04  -1.2715220e+05
   6.8600000e+01  -4.7057242e+04  -1.1514885e+05
   6.8700000e+01  -1.4434730e+04  -8.6248258e+04
   6.8800000e+01   1.1964939e+04  -5.2482238e+04
   6.8900000e+01   2.5157930e+04  -2.4452762e+04
   6.9000000e+01   3.2281064e+04  -4.4722700e+03
   6.9100000e+01   4.5218340e+04   1.1745747e+04
   6.9200000e+01   6.7880953e+04   2.7858729e+04
   6.9300000e+01   9.2552219e+04   4.2311438e+04
   6.9400000e+01   1.0773191e+05   5.0647312e+04
   6.9500000e+01   1.0892891e+05   5.0990141e+04
   6.9600000e+01   1.0222227e+05   4.6164578e+04
   6.9700000e+01   9.8247203e+04   4.0735926e+04
   6.9800000e+01   1.0313512e+05   3.7111887e+04
   6.9900000e+01   1.1479755e+05   3.4901836e+04
   7.0000000e+01   1.2699503e+05   3.3022293e+04
   7.0100000e+01   1.3607573e+05   3.1149262e+04
   7.0200000e+01   1.4333298e+05   2.9155471e+04
   7.0300000e+01   1.5122291e+05   2.6402699e+04
   7.0400000e+01   1.5854288e+05   2.2566295e+04
   7.0500000e+01   1.6065609e+05   1.8855658e+04
   7.0600000e+01   1.5477639e+05   1.7512670e+04
   7.0700000e+01   1.4405198e+05   1.9802391e+04
   7.0800000e+01   1.3515758e+05   2.4915994e+04
   7.0900000e+01   1.3143528e+05   3.1018324e+04
   7.1000000e+01   1.2888980e+05   3.6721398e+04
   7.1100000e+01   1.1939441e+05   4.0811840e+04
   7.1200000e+01   9.7797164e+04   4.0931094e+04
   7.1300000e+01   6.5889211e+04   3.4045477e+04
   7.1400000e+01   3.0033785e+04   1.9458844e+04
   7.1500000e+01  -4.3144385e+03   1.0630908e+03
   7.1600000e+01  -3.5842316e+04  -1.4855323e+04
   7.1700000e+01  -6.6354906e+04  -2.5119379e+04
   7.1800000e+01  -9.7734867e+04  -3.2798535e+04
   7.1900000e+01  -1.2997624e+05  -4.4074598e+04
   7.2000000e+01  -1.6109930e+05  -6.1624730e+04
   7.2100000e+01  -1.8776075e+05  -8.1241305e+04
   7.2200000e+01  -2.0587450e+05  -9.5002523e+04
   7.2300000e+01  -2.1211164e+05  -9.7636586e+04
   7.2400000e+01  -2.0666588e+05  -9.0101750e+04
   7.2500000e+01  -1.9494802e+05  -7.7732656e+04
   7.2600000e+01  -1.8486003e+05  -6.5207273e+04
   7.2700000e+01  -1.8022489e+05  -5.2674219e+04
   7.2800000e+01  -1.7641759e+05  -3.6109613e+04
   7.2900000e+01  -1.6384105e+05  -1.1796994e+04
   7.3000000e+01  -1.3708919e+05   1.8726674e+04
   7.3100000e+01  -1.0083853e+05   4.8269145e+04
   7.3200000e+01  -6.6423453e+04   6.9635641e+04
   7.3300000e+01  -4.2877926e+04   8.2355117e+04
   7.3400000e+01  -3.1402049e+04   9.3102820e+04
   7.3500000e+01  -2.7153992e+04   1.0846794e+05
   7.3600000e+01  -2.4236965e+04   1.2742416e+05
   7.3700000e+01  -1.8496846e+04   1.4182572e+05
   7.3800000e+01  -7.8195586e+03   1.4454508e+05
   7.3900000e+01   7.2955005e+03   1.3639558e+05
   7.4000000e+01   2.2660055e+04   1.2456277e+05
   7.4100000e+01   3.1605418e+04   1.1475818e+05
   7.4200000e+01   2.9446322e+04   1.0577116e+05
   7.4300000e+01   1.7784766e+04   9.1891438e+04
   7.4400000e+01   4.3079180e+03   7.0100406e+04
   7.4500000e+01  -2.2597988e+03   4.4187449e+04
   7.4600000e+01   2.1263428e+03   2.1413215e+04
   7.4700000e+01   1.5104614e+04   5.1634312e+03
   7.4800000e+01   3.1198158e+04  -8.6070762e+03
   7.4900000e+01   4.6916738e+04  -2.7008072e+04
   7.5000000e+01   6.3165707e+04  -5.2181234e+04
   7.5100000e+01   8.3065062e+04  -7.8227852e+04
   7.5200000e+01   1.0753254e+05  -9.6773219e+04
   7.5300000e+01   1.3300550e+05  -1.0540215e+05
   7.5400000e+01   1.5344061e+05  -1.0983677e+05
   7.5500000e+01   1.6443044e+05  -1.1759461e+05
   7.5600000e+01   1.6539983e+05  -1.3017283e+05
   7.5700000e+01   1.5831866e+05  -1.4187248e+05
   7.5800000e+01   1.4525969e+05  -1.4549044e+05
   7.5900000e+01   1.2794673e+05  -1.3802920e+05
   7.6000000e+01   1.0928327e+05  -1.2115177e+05
   7.6100000e+01   9.3623531e+04  -9.8106914e+04
   7.6200000e+01   8.3587695e+04  -7.2060820e+04
   7.6300000e+01   7.5967117e+04  -4.7056297e+04
   7.6400000e+01   6.2041684e+04  -2.8284586e+04
   7.6500000e+01   3.4004523e+04  -1.9415363e+04
   7.6600000e+01  -7.8378281e+03  -1.9493777e+04
   7.6700000e+01  -5.4557195e+04  -2.3359496e+04
   7.6800000e+01  -9.5773969e+04  -2.5537809e+04
   7.6900000e+01  -1.2709366e+05  -2.3602293e+04
   7.7000000e+01  -1.5016023e+05  -1.8204977e+04
   7.7100000e+01  -1.6636445e+05  -1.1053210e+04
   7.7200000e+01  -1.7248023e+05  -3.4759102e+03
   7.7300000e+01  -1.6350847e+05   3.8735708e+03
   7.7400000e+01  -1.3884456e+05   1.1034922e+04
   7.7500000e+01  -1.0413185e+05   1.8367570e+04
   7.7600000e+01  -6.6918688e+04   2.5361605e+04
   7.7700000e+01  -3.1509818e+04   3.0075020e+04
   7.7800000e+01   1.6847529e+03   3.1158967e+04
   7.7900000e+01   3.3031121e+04   3.1105311e+04
   7.8000000e+01   6.1239562e+04   3.6342750e+04
   7.8100000e+01   8.3853805e+04   5.2498633e+04
   7.8200000e+01   9.9042078e+04   7.9098789e+04
   7.8300000e+01   1.0645077e+05   1.0923412e+05
   7.8400000e+01   1.0684409e+05   1.3424028e+05
   7.8500000e+01   1.0139373e+05   1.4838789e+05
   7.8600000e+01   9.1048453e+04   1.5011914e+05
   7.8700000e+01   7.6153469e+04   1.4116455e+05
   7.8800000e+01   5.6827066e+04   1.2588669e+05
   7.8900000e+01   3.4118715e+04   1.1020929e+05
   7.9000000e+01   1.0610928e+04   9.8500406e+04
   7.9100000e+01  -1.0907716e+04   9.0054469e+04
   7.9200000e+01  -2.9717227e+04   7.9320836e+04
   7.9300000e+01  -4.7365523e+04   6.1073750e+04
   7.9400000e+01  -6.4516551e+04   3.6088762e+04
   7.9500000e+01  -7.7649141e+04   1.1421412e+04
   7.9600000e+01  -8.0415672e+04  -5.6280991e+03
   7.9700000e+01  -6.9867922e+04  -1.4339211e+04
   7.9800000e+01  -5.1334148e+04  -2.1527512e+04
   7.9900000e+01  -3.5570625e+04  -3.5537859e+04
   8.0000000e+01  -2.9630756e+04  -5.8931340e+04
   8.0100000e+01  -3.0450408e+04  -8.6519227e+04
   8.0200000e+01  -2.8216885e+04  -1.0967988e+05
   8.0300000e+01  -1.6482906e+04  -1.2191380e+05
   8.0400000e+01   1.1414434e+03  -1.2094550e+05
   8.0500000e+01   1.4039898e+04  -1.0798892e+05
   8.0600000e+01   1.3533355e+04  -8.7523820e+04
   8.0700000e+01  -1.1722812e+03  -6.7673648e+04
   8.0800000e+01  -2.4230330e+04  -5.7685762e+04
   8.0900000e+01  -4.8139582e+04  -6.1694820e+04
   8.1000000e+01  -6.7183656e+04  -7.4238055e+04
   8.1100000e+01  -7.8246672e+04  -8.3671227e+04
   8.1200000e+01  -8.1217305e+04  -8.1820078e+04
   8.1300000e+01  -7.9487180e+04  -7.0602000e+04
   8.1400000e+01  -7.8212852e+04  -5.8789758e+04
   8.1500000e+01  -7.9642617e+04  -5.2592527e+04
   8.1600000e+01  -7.9632117e+04  -5.0276461e+04
   8.1700000e+01  -7.0384602e+04  -4.6060707e+04
   8.1800000e+01  -4.8327047e+04  -3.7969367e+04
   8.1900000e+01  -1.9306809e+04  -3.0405438e+04
   8.2000000e+01   5.1941729e+03  -2.8924316e+04
   8.2100000e+01   1.7796609e+04  -3.3616289e+04
   8.2200000e+01   2.1176906e+04  -3.8468625e+04
   8.2300000e+01   2.4499373e+04  -3.6911898e+04
   8.2400000e+01   3.4730848e+04  -2.7406625e+04
   8.2500000e+01   5.1788211e+04  -1.3994802e+04
   8.2600000e+01   7.0963734e+04  -2.4989961e+03
   8.2700000e+01   8.8081273e+04   3.5203955e+03
   8.2800000e+01   1.0161773e+05   4.2781270e+03
   8.2900000e+01   1.1128808e+05   2.8041548e+03
   8.3000000e+01   1.1658358e+05   2.7846812e+03
   8.3100000e+01   1.1717677e+05   6.5017466e+03
   8.3200000e+01   1.1364728e+05   1.4132862e+04
   8.3300000e+01   1.0678695e+05   2.4882398e+04
   8.3400000e+01   9.6362516e+04   3.8552934e+04
   8.3500000e+01   8.1371008e+04   5.5403473e+04
   8.3600000e+01   6.1903680e+04   7.4274438e+04
   8.3700000e+01   4.0540891e+04   9.1721617e+04
   8.3800000e+01   2.1555369e+04   1.0425341e+05
   8.3900000e+01   8.3836445e+03   1.1180291e+05
   8.4000000e+01   1.2583752e+03   1.1828280e+05
   8.4100000e+01  -3.3457925e+03   1.2795115e+05
   8.4200000e+01  -1.0800477e+04   1.4124139e+05
   8.4300000e+01  -2.4536271e+04   1.5452447e+05
   8.4400000e+01  -4.2662977e+04   1.6374492e+05
   8.4500000e+01  -5.8319309e+04   1.6753262e+05
   8.4600000e+01  -6.5046266e+04   1.6657453e+05
   8.4700000e+01  -6.3456273e+04   1.6098762e+05
   8.4800000e+01  -6.2364242e+04   1.4962688e+05
   8.4900000e+01  -7.1511609e+04   1.3197736e+05
   8.5000000e+01  -9.1810500e+04   1.0932892e+05
   8.5100000e+01  -1.1315326e+05   8.3082164e+04
   8.5200000e+01  -1.2306193e+05   5.2756816e+04
   8.5300000e+01  -1.1790461e+05   1.7468846e+04
   8.5400000e+01  -1.0505811e+05  -2.0238129e+04
   8.5500000e+01  -9.3871641e+04  -5.3744488e+04
   8.5600000e+01  -8.5369992e+04  -7.7386016e+04
   8.5700000e+01  -7.1724227e+04  -9.2115461e+04
   8.5800000e+01  -4.5523523e+04  -1.0470402e+05
   8.5900000e+01  -8.3873506e+03  -1.2049863e+05
   8.6000000e+01   3.0145592e+04  -1.3762241e+05
   8.6100000e+01   6.1598520e+04  -1.4919583e+05
   8.6200000e+01   8.5492406e+04  -1.5103394e+05
   8.6300000e+01   1.0727389e+05  -1.4624247e+05
   8.6400000e+01   1.3017911e+05  -1.4195258e+05
   8.6500000e+01   1.5012772e+05  -1.4207842e+05
   8.6600000e+01   1.5919897e+05  -1.4364059e+05
   8.6700000e+01   1.5412266e+05  -1.3975342e+05
   8.6800000e+01   1.4086414e+05  -1.2562149e+05
   8.6900000e+01   1.3012067e+05  -1.0188768e+05
   8.7000000e+01   1.2766319e+05  -7.3359766e+04
   8.7100000e+01   1.2885807e+05  -4.5640457e+04
   8.7200000e+01   1.2285798e+05  -2.2888541e+04
   8.7300000e+01   1.0255272e+05  -7.2235220e+03
   8.7400000e+01   7.0794188e+04   1.6949570e+03
   8.7500000e+01   3.7229148e+04   7.1469697e+03
   8.7600000e+01   9.3648271e+03   1.4041294e+04
   8.7700000e+01  -1.3140160e+04   2.4976988e+04
   8.7800000e+01  -3.5764500e+04   3.6592766e+04
   8.7900000e+01  -6.1570621e+04   4.0585699e+04
   8.8000000e+01  -8.6978750e+04   2.9911785e+04
   8.8100000e+01  -1.0495132e+05   5.2160557e+03
   8.8200000e+01  -1.1168149e+05  -2.4194328e+04
   8.8300000e+01  -1.0965424e+05  -4.5661953e+04
   8.8400000e+01  -1.0448634e+05  -5.0573688e+04
   8.8500000e+01  -9.9595773e+04  -3.9009559e+04
   8.8600000e+01  -9.4134164e+04  -1.9454322e+04
   8.8700000e+01  -8.5151617e+04  -3.8782258e+03
   8.8800000e+01  -7.0669523e+04  -3.1834393e+02
   8.8900000e+01  -5.0864082e+04  -7.2270718e+03
   8.9000000e+01  -2.7845502e+04  -1.4425092e+04
   8.9100000e+01  -5.5771821e+03  -1.1284073e+04
   8.9200000e+01   1.0520643e+04   4.2901328e+03
   8.9300000e+01   1.5833038e+04   2.4647273e+04
   8.9400000e+01   9.8905312e+03   4.0388188e+04
   8.9500000e+01  -2.7533809e+03   4.9179832e+04
   8.9600000e+01  -1.6216474e+04   5.6004984e+04
   8.9700000e+01  -2.8640514e+04   6.5355453e+04
   8.9800000e+01  -4.3615375e+04   7.5209969e+04
   8.9900000e+01  -6.5718367e+04   7.9889375e+04
   9.0000000e+01  -9.4568984e+04   7.7451211e+04
   9.0100000e+01  -1.2354894e+05   7.1795984e+04
   9.0200000e+01  -1.4432072e+05   6.7052078e+04
   9.0300000e+01  -1.5228536e+05   6.2045539e+04
   9.0400000e+01  -1.4787948e+05   5.2140062e+04
   9.0500000e+01  -1.3378427e+05   3.5604316e+04
   9.0600000e+01  -1.1219706e+05   1.5920197e+04
   9.0700000e+01  -8.4957453e+04  -2.5371714e+03
   9.0800000e+01  -5.5104520e+04  -1.9138230e+04
   9.0900000e+01  -2.6828217e+04  -3.5943594e+04
   9.1000000e+01  -3.2095173e+03  -5.3061238e+04
   9.1100000e+01   1.5848041e+04  -6.6885344e+04
   9.1200000e+01   3.3041422e+04  -7.3192172e+04
   9.1300000e+01   5.0683320e+04  -7.0913062e+04
   9.1400000e+01   6.8058531e+04  -6.2518902e+04
   9.1500000e+01   8.1768352e+04  -5.1606141e+04
   9.1600000e+01   8.8955688e+04  -4.0702012e+04
   9.1700000e+01   9.0269523e+04  -3.0723662e+04
   9.1800000e+01   8.9264242e+04  -2.1530184e+04
   9.1900000e+01   8.8489703e+04  -1.2738148e+04
   9.2000000e+01   8.6455242e+04  -4.1585635e+03
   9.2100000e+01   7.9208484e+04   4.6934185e+03
   9.2200000e+01   6.5237906e+04   1.5439740e+04
   9.2300000e+01   4.8369824e+04   3.0178402e+04
   9.2400000e+01   3.5307695e+04   4.8846324e+04
   9.2500000e+01   3.0367248e+04   6.7504820e+04
   9.2600000e+01   3.2878082e+04   8.0757930e+04
   9.2700000e+01   3.9431891e+04   8.6776344e+04
   9.2800000e+01   4.7834352e+04   8.9311414e+04
   9.2900000e+01   5.8315492e+04   9.3853656e+04
   9.3000000e+01   7.1145359e+04   1.0196206e+05
   9.3100000e+01   8.3887055e+04   1.0994949e+05
   9.3200000e+01   9.1898438e+04   1.1277922e+05
   9.3300000e+01   9.2304508e+04   1.0825833e+05
   9.3400000e+01   8.7842461e+04   9.7432734e+04
   9.3500000e+01   8.6293664e+04   8.2296430e+04
   9.3600000e+01   9.4724102e+04   6.4300008e+04
   9.3700000e+01   1.1280133e+05   4.4631109e+04
   9.3800000e+01   1.3133186e+05   2.4547523e+04
   9.3900000e+01   1.3833298e+05   4.8240688e+03
   9.4000000e+01   1.2824469e+05  -1.4530438e+04
   9.4100000e+01   1.0650844e+05  -3.3365430e+04
   9.4200000e+01   8.5302031e+04  -5.0394891e+04
   9.4300000e+01   7.3872719e+04  -6.3663637e+04
   9.4400000e+01   7.1764203e+04  -7.2039977e+04
   9.4500000e+01   7.0689172e+04  -7.5771320e+04
   9.4600000e+01   6.2954699e+04  -7.5327727e+04
   9.4700000e+01   4.8385320e+04  -7.0125109e+04
   9.4800000e+01   3.3370320e+04  -5.9087477e+04
   9.4900000e+01   2.3457164e+04  -4.2814277e+04
   9.5000000e+01   1.7086756e+04  -2.5020254e+04
   9.5100000e+01   6.5282334e+03  -1.1366187e+04
   9.5200000e+01  -1.5176139e+04  -6.2274536e+03
   9.5300000e+01  -4.7844406e+04  -9.8064414e+03
   9.5400000e+01  -8.3763273e+04  -1.7764918e+04
   9.5500000e+01  -1.1312419e+05  -2.3812432e+04
   9.5600000e+01  -1.3061817e+05  -2.3779908e+04
   9.5700000e+01  -1.3806334e+05  -1.8581074e+04
   9.5800000e+01  -1.4121086e+05  -1.3815030e+04
   9.5900000e+01  -1.4364370e+05  -1.5894979e+04
   9.6000000e+01  -1.4347464e+05  -2.7377262e+04
   9.6100000e+01  -1.3622992e+05  -4.5141594e+04
   9.6200000e+01  -1.2097636e+05  -6.2870828e+04
   9.6300000e+01  -1.0273821e+05  -7.5640781e+04
   9.6400000e+01  -8.7831891e+04  -8.2769016e+04
   9.6500000e+01  -7.6789031e+04  -8.6853016e+04
   9.6600000e+01  -6.2884492e+04  -9.0335180e+04
   9.6700000e+01  -3.8591531e+04  -9.2918516e+04
   9.6800000e+01  -3.7240923e+03  -9.2190281e+04
   9.6900000e+01   3.2870426e+04  -8.6724828e+04
   9.7000000e+01   5.9675992e+04  -7.8364195e+04
   9.7100000e+01   7.0895812e+04  -7.0951641e+04
   9.7200000e+01   6.9641328e+04  -6.6485461e+04
   9.7300000e+01   6.4120816e+04  -6.2740637e+04
   9.7400000e+01   6.1050250e+04  -5.5053191e+04
   9.7500000e+01   6.1793688e+04  -4.0336367e+04
   9.7600000e+01   6.3225766e+04  -1.9054643e+04
   9.7700000e+01   6.1124246e+04   6.2207344e+03
   9.7800000e+01   5.2813059e+04   3.2855422e+04
   9.7900000e+01   3.7811094e+04   5.8119891e+04
   9.8000000e+01   1.7414449e+04   7.8289828e+04
   9.8100000e+01  -5.7603940e+03   8.9738367e+04
   9.8200000e+01  -2.8387637e+04   9.1695758e+04
   9.8300000e+01  -4.7590484e+04   8.7053594e+04
   9.8400000e+01  -6.2109188e+04   7.9455922e+04
   9.8500000e+01  -7.2364781e+04   6.9919320e+04
   9.8600000e+01  -7.9091508e+04   5.7412590e+04
   9.8700000e+01  -8.1570117e+04   4.2937004e+04
   9.8800000e+01  -7.7078047e+04   3.1697879e+04
   9.8900000e+01  -6.2483711e+04   2.9647766e+04
   9.9000000e+01  -3.7313320e+04   3.7493547e+04
   9.9100000e+01  -6.0595576e+03   4.8947754e+04
   9.9200000e+01   2.2593664e+04   5.5753707e+04
   9.9300000e+01   3.9869594e+04   5.4544176e+04
   9.9400000e+01   4.1757078e+04   4.8568062e+04
   9.9500000e+01   3.1210697e+04   4.3028246e+04
   9.9600000e+01   1.6159295e+04   3.9588402e+04
   9.9700000e+01   4.5994395e+03   3.5862895e+04
   9.9800000e+01  -1.6241699e+01   2.9444084e+04
   9.9900000e+01   4.7703760e+02   2.0741850e+04
   1.0000000e+02   2.5737332e+03   1.1411383e+04
