   1.1851270e+02   3.6301420e+01   1.8450000e+02
   1.1945621e+02   3.6701549e+01   1.8800000e+01
   0.0000000e+00  -1.4139488e+05  -1.4139488e+05
   1.0000000e-01  -1.2127093e+05  -1.4970161e+05
   2.0000000e-01  -9.5024945e+04  -1.4171378e+05
   3.0000000e-01  -6.6855180e+04  -1.1755930e+05
   4.0000000e-01  -3.8290938e+04  -8.3329227e+04
   5.0000000e-01  -8.3499766e+03  -4.8073336e+04
   6.0000000e-01   2.4946172e+04  -1.7671695e+04
   7.0000000e-01   6.1923559e+04   9.6078877e+03
   8.0000000e-01   9.9072461e+04   4.1604121e+04
   9.0000000e-01   1.2952312e+05   8.5306656e+04
   1.0000000e+00   1.4652250e+05   1.3963789e+05
   1.1000000e+00   1.4732223e+05   1.9360772e+05
   1.2000000e+00   1.3412730e+05   2.3149705e+05
   1.3000000e+00   1.1145170e+05   2.4155608e+05
   1.4000000e+00   8.2806672e+04   2.2210806e+05
   1.5000000e+00   5.0182367e+04   1.8095052e+05
   1.6000000e+00   1.6397260e+04   1.2932860e+05
   1.7000000e+00  -1.3319624e+04   7.5989773e+04
   1.8000000e+00  -3.3707484e+04   2.5618484e+04
   1.9000000e+00  -4.4307320e+04  -1.9379369e+04
   2.0000000e+00  -5.1372633e+04  -5.7722914e+04
   2.1000000e+00  -6.3343180e+04  -8.9682773e+04
   2.2000000e+00  -8.2774922e+04  -1.1601784e+05
   2.3000000e+00  -1.0204648e+05  -1.3432602e+05
   2.4000000e+00  -1.0768149e+05  -1.3758127e+05
   2.5000000e+00  -9.0712656e+04  -1.1969316e+05
   2.6000000e+00  -5.4939555e+04  -8.4258148e+04
   2.7000000e+00  -1.6162723e+04  -4.5901504e+04
   2.8000000e+00   7.4758789e+03  -1.9772947e+04
   2.9000000e+00   6.7715781e+03  -8.7048486e+03
   3.0000000e+00  -1.4250088e+04  -2.0875684e+03
   3.1000000e+00  -4.3701395e+04   1.1608852e+04
   3.2000000e+00  -7.1307336e+04   3.2065834e+04
   3.3000000e+00  -9.3640172e+04   4.7711797e+04
   3.4000000e+00  -1.1218291e+05   4.8092398e+04
   3.5000000e+00  -1.2881527e+05   3.3870742e+04
   3.6000000e+00  -1.4434167e+05   1.4481666e+04
   3.7000000e+00  -1.5972512e+05  -2.0343896e+03
   3.8000000e+00  -1.7542042e+05  -1.5194487e+04
   3.9000000e+00  -1.8787144e+05  -2.9231311e+04
   4.0000000e+00  -1.8855539e+05  -4.6853117e+04
   4.1000000e+00  -1.6985128e+05  -6.6894852e+04
   4.2000000e+00  -1.3320534e+05  -8.6313398e+04
   4.3000000e+00  -8.9949922e+04  -1.0209469e+05
   4.4000000e+00  -5.1923492e+04  -1.1119668e+05
   4.5000000e+00  -2.0788066e+04  -1.1106540e+05
   4.6000000e+00   1.2661403e+04  -1.0228613e+05
   4.7000000e+00   5.8427098e+04  -9.0184062e+04
   4.8000000e+00   1.1712566e+05  -8.1402875e+04
   4.9000000e+00   1.7965078e+05  -7.7206023e+04
   5.0000000e+00   2.3538350e+05  -7.0654898e+04
   5.1000000e+00   2.7932228e+05  -5.2262031e+04
   5.2000000e+00   3.1189159e+05  -1.9740844e+04
   5.3000000e+00   3.3457194e+05   1.8116375e+04
   5.4000000e+00   3.4791788e+05   4.8481980e+04
   5.5000000e+00   3.5297412e+05   6.6247367e+04
   5.6000000e+00   3.5145366e+05   7.8555188e+04
   5.7000000e+00   3.4255122e+05   9.6987312e+04
   5.8000000e+00   3.2106266e+05   1.2521195e+05
   5.9000000e+00   2.8184681e+05   1.5497386e+05
   6.0000000e+00   2.2747038e+05   1.7440244e+05
   6.1000000e+00   1.6988647e+05   1.7930012e+05
   6.2000000e+00   1.2253416e+05   1.7540848e+05
   6.3000000e+00   9.0395125e+04   1.7041505e+05
   6.4000000e+00   6.8001469e+04   1.6563062e+05
   6.5000000e+00   4.5917039e+04   1.5600958e+05
   6.6000000e+00   1.7362383e+04   1.3649745e+05
   6.7000000e+00  -2.0601289e+04   1.0650185e+05
   6.8000000e+00  -6.8190797e+04   6.9018141e+04
   6.9000000e+00  -1.2171770e+05   2.8273381e+04
   7.0000000e+00  -1.7243233e+05  -1.0459861e+04
   7.1000000e+00  -2.1086092e+05  -4.0914441e+04
   7.2000000e+00  -2.3494508e+05  -5.9048977e+04
   7.3000000e+00  -2.5279703e+05  -6.7212086e+04
   7.4000000e+00  -2.7520000e+05  -7.3341547e+04
   7.5000000e+00  -3.0501038e+05  -8.4091852e+04
   7.6000000e+00  -3.3469850e+05  -9.8503188e+04
   7.7000000e+00  -3.5382228e+05  -1.0915477e+05
   7.8000000e+00  -3.5746303e+05  -1.0978429e+05
   7.9000000e+00  -3.4763884e+05  -1.0165262e+05
   8.0000000e+00  -3.2926994e+05  -9.2844469e+04
   8.1000000e+00  -3.0703116e+05  -9.1914070e+04
   8.2000000e+00  -2.8487494e+05  -1.0164064e+05
   8.3000000e+00  -2.6504975e+05  -1.1722045e+05
   8.4000000e+00  -2.4579494e+05  -1.2938525e+05
   8.5000000e+00  -2.2177858e+05  -1.3017710e+05
   8.6000000e+00  -1.8956795e+05  -1.1783752e+05
   8.7000000e+00  -1.5309389e+05  -9.7431820e+04
   8.8000000e+00  -1.2180272e+05  -7.6397641e+04
   8.9000000e+00  -1.0182279e+05  -5.8453086e+04
   9.0000000e+00  -8.9219516e+04  -4.1335332e+04
   9.1000000e+00  -7.2889344e+04  -2.0596508e+04
   9.2000000e+00  -4.4161766e+04   4.3195674e+03
   9.3000000e+00  -3.2490933e+03   2.7952029e+04
   9.4000000e+00   4.2907281e+04   4.2866777e+04
   9.5000000e+00   8.7363500e+04   4.5817375e+04
   9.6000000e+00   1.2724257e+05   4.0117930e+04
   9.7000000e+00   1.6305047e+05   3.2457281e+04
   9.8000000e+00   1.9646012e+05   2.7600383e+04
   9.9000000e+00   2.2908873e+05   2.5465727e+04
   1.0000000e+01   2.6142569e+05   2.2049465e+04
   1.0100000e+01   2.9123531e+05   1.2671445e+04
   1.0200000e+01   3.1370666e+05  -4.5617271e+03
   1.0300000e+01   3.2525741e+05  -2.6634059e+04
   1.0400000e+01   3.2803831e+05  -4.6201801e+04
   1.0500000e+01   3.2947459e+05  -5.5403359e+04
   1.0600000e+01   3.3579100e+05  -5.0931160e+04
   1.0700000e+01   3.4573594e+05  -3.6378641e+04
   1.0800000e+01   3.5139344e+05  -1.9424838e+04
   1.0900000e+01   3.4548866e+05  -5.8560430e+03
   1.1000000e+01   3.2762603e+05   4.7038159e+03
   1.1100000e+01   3.0350744e+05   1.8084002e+04
   1.1200000e+01   2.7903378e+05   4.0770254e+04
   1.1300000e+01   2.5591127e+05   7.4740742e+04
   1.1400000e+01   2.3228605e+05   1.1551921e+05
   1.1500000e+01   2.0585844e+05   1.5475722e+05
   1.1600000e+01   1.7535570e+05   1.8556316e+05
   1.1700000e+01   1.3999580e+05   2.0649559e+05
   1.1800000e+01   9.9688828e+04   2.2081206e+05
   1.1900000e+01   5.6873359e+04   2.3162347e+05
   1.2000000e+01   1.7060729e+04   2.3758098e+05
   1.2100000e+01  -1.4523930e+04   2.3323986e+05
   1.2200000e+01  -3.7768996e+04   2.1357962e+05
   1.2300000e+01  -5.8262625e+04   1.7835902e+05
   1.2400000e+01  -8.1771781e+04   1.3271942e+05
   1.2500000e+01  -1.0802906e+05   8.4032445e+04
   1.2600000e+01  -1.3092009e+05   3.7573348e+04
   1.2700000e+01  -1.4534527e+05  -6.0228633e+03
   1.2800000e+01  -1.5338798e+05  -4.9574242e+04
   1.2900000e+01  -1.6306622e+05  -9.4841312e+04
   1.3000000e+01  -1.8109364e+05  -1.3844914e+05
   1.3100000e+01  -2.0721502e+05  -1.7300225e+05
   1.3200000e+01  -2.3531169e+05  -1.9361550e+05
   1.3300000e+01  -2.5922341e+05  -2.0334586e+05
   1.3400000e+01  -2.7728672e+05  -2.1055202e+05
   1.3500000e+01  -2.9207744e+05  -2.1974566e+05
   1.3600000e+01  -3.0683675e+05  -2.2594491e+05
   1.3700000e+01  -3.2245084e+05  -2.1980933e+05
   1.3800000e+01  -3.3735438e+05  -1.9865848e+05
   1.3900000e+01  -3.4962606e+05  -1.7104875e+05
   1.4000000e+01  -3.5870906e+05  -1.4935669e+05
   1.4100000e+01  -3.6498816e+05  -1.3821103e+05
   1.4200000e+01  -3.6797897e+05  -1.3093141e+05
   1.4300000e+01  -3.6555541e+05  -1.1682709e+05
   1.4400000e+01  -3.5553122e+05  -9.0839234e+04
   1.4500000e+01  -3.3802475e+05  -5.6273098e+04
   1.4600000e+01  -3.1571969e+05  -2.0143811e+04
   1.4700000e+01  -2.9121488e+05   1.2515688e+04
   1.4800000e+01  -2.6397072e+05   4.0688906e+04
   1.4900000e+01  -2.3012334e+05   6.6361750e+04
   1.5000000e+01  -1.8576917e+05   9.2694133e+04
   1.5100000e+01  -1.3108258e+05   1.2167105e+05
   1.5200000e+01  -7.1921281e+04   1.5121206e+05
   1.5300000e+01  -1.7488197e+04   1.7410292e+05
   1.5400000e+01   2.4824965e+04   1.8148950e+05
   1.5500000e+01   5.4442852e+04   1.6942623e+05
   1.5600000e+01   7.8861297e+04   1.4263588e+05
   1.5700000e+01   1.0913922e+05   1.1135138e+05
   1.5800000e+01   1.5189638e+05   8.3918500e+04
   1.5900000e+01   2.0417138e+05   6.2155535e+04
   1.6000000e+01   2.5632420e+05   4.3295684e+04
   1.6100000e+01   3.0093144e+05   2.5401352e+04
   1.6200000e+01   3.3916169e+05   1.0238187e+04
   1.6300000e+01   3.7824119e+05   1.3993635e+03
   1.6400000e+01   4.2299006e+05   8.8195801e+02
   1.6500000e+01   4.7063947e+05   8.0540215e+03
   1.6600000e+01   5.1388756e+05   2.0958348e+04
   1.6700000e+01   5.4753138e+05   3.6909422e+04
   1.6800000e+01   5.7066312e+05   5.1337203e+04
   1.6900000e+01   5.8304456e+05   5.7778145e+04
   1.7000000e+01   5.8194419e+05   5.1588227e+04
   1.7100000e+01   5.6442531e+05   3.4670625e+04
   1.7200000e+01   5.3176394e+05   1.5188053e+04
   1.7300000e+01   4.8887994e+05   6.5000269e+02
   1.7400000e+01   4.3813041e+05  -9.2440234e+03
   1.7500000e+01   3.7529147e+05  -2.2164867e+04
   1.7600000e+01   2.9416559e+05  -4.5153438e+04
   1.7700000e+01   1.9568255e+05  -7.7265852e+04
   1.7800000e+01   9.0916555e+04  -1.0993463e+05
   1.7900000e+01  -6.0583770e+03  -1.3371181e+05
   1.8000000e+01  -8.7832828e+04  -1.4457806e+05
   1.8100000e+01  -1.5580269e+05  -1.4532177e+05
   1.8200000e+01  -2.1414939e+05  -1.4269638e+05
   1.8300000e+01  -2.6385694e+05  -1.4315920e+05
   1.8400000e+01  -3.0280372e+05  -1.4926689e+05
   1.8500000e+01  -3.2943575e+05  -1.5823355e+05
   1.8600000e+01  -3.4440347e+05  -1.6365780e+05
   1.8700000e+01  -3.4928128e+05  -1.5948756e+05
   1.8800000e+01  -3.4563162e+05  -1.4341498e+05
   1.8900000e+01  -3.3559819e+05  -1.1768159e+05
   1.9000000e+01  -3.2178103e+05  -8.7702734e+04
   1.9100000e+01  -3.0557675e+05  -5.9719402e+04
   1.9200000e+01  -2.8672444e+05  -3.7837738e+04
   1.9300000e+01  -2.6570034e+05  -2.1247941e+04
   1.9400000e+01  -2.4586848e+05  -4.1261587e+03
   1.9500000e+01  -2.3170764e+05   2.0084836e+04
   1.9600000e+01  -2.2487678e+05   5.2699051e+04
   1.9700000e+01  -2.2334542e+05   8.7770086e+04
   1.9800000e+01  -2.2463995e+05   1.1660619e+05
   1.9900000e+01  -2.2843389e+05   1.3488058e+05
   2.0000000e+01  -2.3510898e+05   1.4565786e+05
   2.0100000e+01  -2.4334286e+05   1.5567025e+05
   2.0200000e+01  -2.5107267e+05   1.6859509e+05
   2.0300000e+01  -2.5815712e+05   1.8160981e+05
   2.0400000e+01  -2.6539762e+05   1.8822023e+05
   2.0500000e+01  -2.6985109e+05   1.8466952e+05
   2.0600000e+01  -2.6314409e+05   1.7418330e+05
   2.0700000e+01  -2.3702012e+05   1.6539947e+05
   2.0800000e+01  -1.9098850e+05   1.6650727e+05
   2.0900000e+01  -1.3338616e+05   1.8001758e+05
   2.1000000e+01  -7.4414305e+04   2.0176944e+05
   2.1100000e+01  -1.8385961e+04   2.2372027e+05
   2.1200000e+01   3.7710480e+04   2.3763489e+05
   2.1300000e+01   9.9274414e+04   2.3766673e+05
   2.1400000e+01   1.6772833e+05   2.2174253e+05
   2.1500000e+01   2.3721988e+05   1.9202702e+05
   2.1600000e+01   2.9646041e+05   1.5393064e+05
   2.1700000e+01   3.3537378e+05   1.1323404e+05
   2.1800000e+01   3.5256181e+05   7.2581688e+04
   2.1900000e+01   3.5670116e+05   3.0046012e+04
   2.2000000e+01   3.5865172e+05  -1.8416918e+04
   2.2100000e+01   3.6081484e+05  -7.4021258e+04
   2.2200000e+01   3.5528612e+05  -1.3193538e+05
   2.2300000e+01   3.3407934e+05  -1.8316336e+05
   2.2400000e+01   3.0076072e+05  -2.2034875e+05
   2.2500000e+01   2.7006559e+05  -2.4247052e+05
   2.2600000e+01   2.5507114e+05  -2.5455855e+05
   2.2700000e+01   2.5538961e+05  -2.6346556e+05
   2.2800000e+01   2.5837841e+05  -2.7371188e+05
   2.2900000e+01   2.5103523e+05  -2.8571241e+05
   2.3000000e+01   2.3011695e+05  -2.9587528e+05
   2.3100000e+01   2.0219012e+05  -2.9815366e+05
   2.3200000e+01   1.7641995e+05  -2.8772488e+05
   2.3300000e+01   1.5796339e+05  -2.6542459e+05
   2.3400000e+01   1.4607952e+05  -2.3826656e+05
   2.3500000e+01   1.3578955e+05  -2.1338650e+05
   2.3600000e+01   1.2073642e+05  -1.9036527e+05
   2.3700000e+01   9.6101383e+04  -1.6072555e+05
   2.3800000e+01   6.0617824e+04  -1.1652453e+05
   2.3900000e+01   1.6384539e+04  -5.9262414e+04
   2.4000000e+01  -3.3519457e+04   7.0413123e+02
   2.4100000e+01  -8.7496219e+04   5.3327871e+04
   2.4200000e+01  -1.4573991e+05   9.6224805e+04
   2.4300000e+01  -2.0847841e+05   1.3303498e+05
   2.4400000e+01  -2.7418178e+05   1.6659711e+05
   2.4500000e+01  -3.3931109e+05   1.9543542e+05
   2.4600000e+01  -3.9940456e+05   2.1590692e+05
   2.4700000e+01  -4.5040653e+05   2.2503362e+05
   2.4800000e+01  -4.8952062e+05   2.2011945e+05
   2.4900000e+01  -5.1534309e+05   1.9762394e+05
   2.5000000e+01  -5.2718738e+05   1.5542834e+05
   2.5100000e+01  -5.2404656e+05   9.7179445e+04
   2.5200000e+01  -5.0445997e+05   3.2955414e+04
   2.5300000e+01  -4.6811012e+05  -2.6094031e+04
   2.5400000e+01  -4.1780572e+05  -7.4189094e+04
   2.5500000e+01  -3.5906609e+05  -1.1182654e+05
   2.5600000e+01  -2.9660997e+05  -1.4093853e+05
   2.5700000e+01  -2.3108223e+05  -1.6069291e+05
   2.5800000e+01  -1.6008941e+05  -1.6889212e+05
   2.5900000e+01  -8.2959438e+04  -1.6631531e+05
   2.6000000e+01  -3.8501396e+03  -1.5731006e+05
   2.6100000e+01   7.0564289e+04  -1.4482388e+05
   2.6200000e+01   1.3605036e+05  -1.2579387e+05
   2.6300000e+01   1.9267256e+05  -9.3307469e+04
   2.6400000e+01   2.4236655e+05  -4.3990500e+04
   2.6500000e+01   2.8649869e+05   1.7565629e+04
   2.6600000e+01   3.2623091e+05   8.2326594e+04
   2.6700000e+01   3.6294544e+05   1.4393619e+05
   2.6800000e+01   3.9564844e+05   2.0110688e+05
   2.6900000e+01   4.1834650e+05   2.5311197e+05
   2.7000000e+01   4.2303912e+05   2.9470909e+05
   2.7100000e+01   4.0731488e+05   3.1734641e+05
   2.7200000e+01   3.7798369e+05   3.1584169e+05
   2.7300000e+01   3.4540481e+05   2.9322944e+05
   2.7400000e+01   3.1441950e+05   2.5835892e+05
   2.7500000e+01   2.8238916e+05   2.1844848e+05
   2.7600000e+01   2.4624233e+05   1.7379019e+05
   2.7700000e+01   2.0955739e+05   1.1949106e+05
   2.7800000e+01   1.8114283e+05   5.2326000e+04
   2.7900000e+01   1.6692123e+05  -2.3912318e+04
   2.8000000e+01   1.6403555e+05  -9.9501375e+04
   2.8100000e+01   1.6264547e+05  -1.6493805e+05
   2.8200000e+01   1.5277814e+05  -2.1598331e+05
   2.8300000e+01   1.3004415e+05  -2.5298566e+05
   2.8400000e+01   9.6619953e+04  -2.7609206e+05
   2.8500000e+01   5.8064539e+04  -2.8211166e+05
   2.8600000e+01   1.8934688e+04  -2.6648834e+05
   2.8700000e+01  -1.9497795e+04  -2.2804977e+05
   2.8800000e+01  -5.7859289e+04  -1.7150723e+05
   2.8900000e+01  -9.5470344e+04  -1.0542467e+05
   2.9000000e+01  -1.2933796e+05  -3.7715816e+04
   2.9100000e+01  -1.5703578e+05   2.7754496e+04
   2.9200000e+01  -1.8015777e+05   9.1456367e+04
   2.9300000e+01  -2.0356883e+05   1.5561216e+05
   2.9400000e+01  -2.3043019e+05   2.2052978e+05
   2.9500000e+01  -2.5842256e+05   2.8229697e+05
   2.9600000e+01  -2.8156978e+05   3.3358603e+05
   2.9700000e+01  -2.9557331e+05   3.6710922e+05
   2.9800000e+01  -3.0083194e+05   3.7911822e+05
   2.9900000e+01  -3.0074359e+05   3.7034944e+05
   3.0000000e+01  -2.9831028e+05   3.4395081e+05
   3.0100000e+01  -2.9446528e+05   3.0218966e+05
   3.0200000e+01  -2.8785862e+05   2.4459612e+05
   3.0300000e+01  -2.7461528e+05   1.6942442e+05
   3.0400000e+01  -2.4929114e+05   7.8029484e+04
   3.0500000e+01  -2.0901177e+05  -2.1325184e+04
   3.0600000e+01  -1.5829880e+05  -1.1483330e+05
   3.0700000e+01  -1.0838842e+05  -1.9062375e+05
   3.0800000e+01  -6.9167969e+04  -2.4683772e+05
   3.0900000e+01  -4.0786367e+04  -2.9247631e+05
   3.1000000e+01  -1.4091474e+04  -3.3908684e+05
   3.1100000e+01   1.9867264e+04  -3.9027028e+05
   3.1200000e+01   6.1049555e+04  -4.3826109e+05
   3.1300000e+01   1.0120332e+05  -4.6982938e+05
   3.1400000e+01   1.3231839e+05  -4.7527231e+05
   3.1500000e+01   1.5305362e+05  -4.5311906e+05
   3.1600000e+01   1.6703125e+05  -4.0891497e+05
   3.1700000e+01   1.7650138e+05  -3.5142612e+05
   3.1800000e+01   1.7914045e+05  -2.8920822e+05
   3.1900000e+01   1.7102348e+05  -2.2793189e+05
   3.2000000e+01   1.5180530e+05  -1.6873448e+05
   3.2100000e+01   1.2652998e+05  -1.0926295e+05
   3.2200000e+01   1.0258466e+05  -4.7809656e+04
   3.2300000e+01   8.4839414e+04   1.2795642e+04
   3.2400000e+01   7.2975898e+04   6.5891367e+04
   3.2500000e+01   6.2788906e+04   1.0619196e+05
   3.2600000e+01   5.0277527e+04   1.3415592e+05
   3.2700000e+01   3.5410453e+04   1.5475883e+05
   3.2800000e+01   2.2534484e+04   1.7210905e+05
   3.2900000e+01   1.6882818e+04   1.8585309e+05
   3.3000000e+01   2.0103771e+04   1.9293036e+05
   3.3100000e+01   2.8920098e+04   1.9213838e+05
   3.3200000e+01   3.8124836e+04   1.8637253e+05
   3.3300000e+01   4.4783320e+04   1.8059895e+05
   3.3400000e+01   4.9559141e+04   1.7811889e+05
   3.3500000e+01   5.4555559e+04   1.7858420e+05
   3.3600000e+01   6.0665801e+04   1.7881552e+05
   3.3700000e+01   6.7044086e+04   1.7527398e+05
   3.3800000e+01   7.2262836e+04   1.6661455e+05
   3.3900000e+01   7.5341141e+04   1.5488314e+05
   3.4000000e+01   7.6143414e+04   1.4407072e+05
   3.4100000e+01   7.5620234e+04   1.3620367e+05
   3.4200000e+01   7.5430961e+04   1.2790651e+05
   3.4300000e+01   7.6112438e+04   1.1128265e+05
   3.4400000e+01   7.5027180e+04   7.9573039e+04
   3.4500000e+01   6.7006375e+04   3.3054070e+04
   3.4600000e+01   4.8302102e+04  -2.0297740e+04
   3.4700000e+01   2.0185312e+04  -7.0077773e+04
   3.4800000e+01  -1.1859714e+04  -1.0987039e+05
   3.4900000e+01  -4.2580297e+04  -1.3955086e+05
   3.5000000e+01  -7.0163242e+04  -1.6258259e+05
   3.5100000e+01  -9.5202328e+04  -1.8147270e+05
   3.5200000e+01  -1.1762939e+05  -1.9480677e+05
   3.5300000e+01  -1.3554509e+05  -1.9716173e+05
   3.5400000e+01  -1.4653438e+05  -1.8165952e+05
   3.5500000e+01  -1.4887253e+05  -1.4431584e+05
   3.5600000e+01  -1.4125453e+05  -8.8249461e+04
   3.5700000e+01  -1.2277692e+05  -2.4547205e+04
   3.5800000e+01  -9.4715305e+04   3.2456260e+04
   3.5900000e+01  -6.2141406e+04   7.3572891e+04
   3.6000000e+01  -3.1963182e+04   1.0068309e+05
   3.6100000e+01  -7.7548315e+03   1.2451616e+05
   3.6200000e+01   1.3319042e+04   1.5491966e+05
   3.6300000e+01   3.6975094e+04   1.9134989e+05
   3.6400000e+01   6.4283039e+04   2.2211064e+05
   3.6500000e+01   8.8282625e+04   2.3351622e+05
   3.6600000e+01   9.9319266e+04   2.2104794e+05
   3.6700000e+01   9.3875680e+04   1.9257272e+05
   3.6800000e+01   7.7090445e+04   1.6091967e+05
   3.6900000e+01   5.6134055e+04   1.3261402e+05
   3.7000000e+01   3.2427555e+04   1.0256800e+05
   3.7100000e+01   1.9945968e+03   5.9060309e+04
   3.7200000e+01  -3.6982027e+04  -5.0926680e+03
   3.7300000e+01  -7.9336469e+04  -8.3918406e+04
   3.7400000e+01  -1.1704959e+05  -1.5911931e+05
   3.7500000e+01  -1.4697369e+05  -2.1050881e+05
   3.7600000e+01  -1.7237664e+05  -2.2883877e+05
   3.7700000e+01  -1.9672553e+05  -2.2120186e+05
   3.7800000e+01  -2.1788100e+05  -2.0445555e+05
   3.7900000e+01  -2.2965227e+05  -1.9190708e+05
   3.8000000e+01  -2.2786836e+05  -1.8417547e+05
   3.8100000e+01  -2.1298184e+05  -1.7107502e+05
   3.8200000e+01  -1.8681062e+05  -1.4154236e+05
   3.8300000e+01  -1.4899345e+05  -9.2647406e+04
   3.8400000e+01  -9.8490805e+04  -3.1285818e+04
   3.8500000e+01  -3.8120988e+04   3.0931555e+04
   3.8600000e+01   2.4159875e+04   8.4595055e+04
   3.8700000e+01   7.9567906e+04   1.2644266e+05
   3.8800000e+01   1.2420755e+05   1.5839519e+05
   3.8900000e+01   1.6081162e+05   1.8299309e+05
   3.9000000e+01   1.9548023e+05   1.9901109e+05
   3.9100000e+01   2.3250631e+05   2.0109836e+05
   3.9200000e+01   2.7081097e+05   1.8402191e+05
   3.9300000e+01   3.0390062e+05   1.4781739e+05
   3.9400000e+01   3.2363053e+05   9.9196969e+04
   3.9500000e+01   3.2595816e+05   4.8097547e+04
   3.9600000e+01   3.1443388e+05   2.4706523e+03
   3.9700000e+01   2.9750550e+05  -3.4872648e+04
   3.9800000e+01   2.8080306e+05  -6.6044977e+04
   3.9900000e+01   2.6133027e+05  -9.5477102e+04
   4.0000000e+01   2.2994394e+05  -1.2637276e+05
   4.0100000e+01   1.8061556e+05  -1.5769066e+05
   4.0200000e+01   1.1760135e+05  -1.8362069e+05
   4.0300000e+01   5.3206203e+04  -1.9689800e+05
   4.0400000e+01  -1.7823521e+03  -1.9427806e+05
   4.0500000e+01  -4.5628609e+04  -1.7951670e+05
   4.0600000e+01  -8.4306547e+04  -1.6041212e+05
   4.0700000e+01  -1.2364135e+05  -1.4209400e+05
   4.0800000e+01  -1.6316159e+05  -1.2323567e+05
   4.0900000e+01  -1.9689361e+05  -9.9526414e+04
   4.1000000e+01  -2.1892798e+05  -7.0970984e+04
   4.1100000e+01  -2.2791916e+05  -4.4640793e+04
   4.1200000e+01  -2.2716900e+05  -2.8697895e+04
   4.1300000e+01  -2.2130994e+05  -2.3209914e+04
   4.1400000e+01  -2.1258952e+05  -1.7795568e+04
   4.1500000e+01  -1.9934505e+05   3.4032422e+02
   4.1600000e+01  -1.7792886e+05   3.5350117e+04
   4.1700000e+01  -1.4704286e+05   7.9283789e+04
   4.1800000e+01  -1.1069766e+05   1.1885827e+05
   4.1900000e+01  -7.6132070e+04   1.4512630e+05
   4.2000000e+01  -4.7877348e+04   1.5753475e+05
   4.2100000e+01  -2.4198723e+04   1.6104195e+05
   4.2200000e+01  -4.8834976e+02   1.6096630e+05
   4.2300000e+01   2.3646148e+04   1.5944986e+05
   4.2400000e+01   4.1705914e+04   1.5401934e+05
   4.2500000e+01   4.5542109e+04   1.3835352e+05
   4.2600000e+01   3.3137969e+04   1.0634964e+05
   4.2700000e+01   1.0947572e+04   5.8088930e+04
   4.2800000e+01  -1.0960050e+04   2.1752539e+03
   4.2900000e+01  -2.5572844e+04  -4.9557391e+04
   4.3000000e+01  -3.1741713e+04  -9.0894383e+04
   4.3100000e+01  -3.2579285e+04  -1.2443510e+05
   4.3200000e+01  -3.2574141e+04  -1.5552458e+05
   4.3300000e+01  -3.5526238e+04  -1.8385064e+05
   4.3400000e+01  -4.2902527e+04  -2.0209395e+05
   4.3500000e+01  -5.2216867e+04  -2.0238775e+05
   4.3600000e+01  -5.7048281e+04  -1.8275603e+05
   4.3700000e+01  -5.0490141e+04  -1.4741741e+05
   4.3800000e+01  -3.0567891e+04  -1.0296511e+05
   4.3900000e+01  -2.9016626e+03  -5.5605520e+04
   4.4000000e+01   2.2685988e+04  -1.0250292e+04
   4.4100000e+01   3.9153332e+04   3.1201061e+04
   4.4200000e+01   4.6406070e+04   7.1914961e+04
   4.4300000e+01   4.9068094e+04   1.1814927e+05
   4.4400000e+01   5.0958676e+04   1.7218838e+05
   4.4500000e+01   5.2117871e+04   2.2661058e+05
   4.4600000e+01   5.0186000e+04   2.6724434e+05
   4.4700000e+01   4.2962066e+04   2.8348384e+05
   4.4800000e+01   2.9345160e+04   2.7621441e+05
   4.4900000e+01   9.7043740e+03   2.5569858e+05
   4.5000000e+01  -1.2689535e+04   2.3197400e+05
   4.5100000e+01  -3.1164926e+04   2.0716308e+05
   4.5200000e+01  -3.9335547e+04   1.7614522e+05
   4.5300000e+01  -3.7231160e+04   1.3377152e+05
   4.5400000e+01  -3.2898719e+04   8.1564500e+04
   4.5500000e+01  -3.5511641e+04   2.8211893e+04
   4.5600000e+01  -4.5634383e+04  -1.6192554e+04
   4.5700000e+01  -5.3060305e+04  -4.6993594e+04
   4.5800000e+01  -4.5542934e+04  -6.6966422e+04
   4.5900000e+01  -1.9958094e+04  -8.2040555e+04
   4.6000000e+01   1.5493695e+04  -9.5248875e+04
   4.6100000e+01   4.9792188e+04  -1.0478727e+05
   4.6200000e+01   7.8644570e+04  -1.0745600e+05
   4.6300000e+01   1.0504431e+05  -1.0329517e+05
   4.6400000e+01   1.3153986e+05  -9.6731445e+04
   4.6500000e+01   1.5421158e+05  -9.3634398e+04
   4.6600000e+01   1.6574148e+05  -9.7204719e+04
   4.6700000e+01   1.6394780e+05  -1.0568173e+05
   4.6800000e+01   1.5573822e+05  -1.1310902e+05
   4.6900000e+01   1.5177336e+05  -1.1288450e+05
   4.7000000e+01   1.5753219e+05  -1.0229806e+05
   4.7100000e+01   1.6986652e+05  -8.4769469e+04
   4.7200000e+01   1.8135059e+05  -6.7239859e+04
   4.7300000e+01   1.8649198e+05  -5.4193477e+04
   4.7400000e+01   1.8355417e+05  -4.3685480e+04
   4.7500000e+01   1.7231888e+05  -2.9693418e+04
   4.7600000e+01   1.5261028e+05  -9.1214189e+03
   4.7700000e+01   1.2572648e+05   1.3250519e+04
   4.7800000e+01   9.5721812e+04   2.7157633e+04
   4.7900000e+01   6.7193789e+04   2.4999145e+04
   4.8000000e+01   4.1228898e+04   8.4912021e+03
   4.8100000e+01   1.4543194e+04  -1.2326217e+04
   4.8200000e+01  -1.6294046e+04  -2.6974465e+04
   4.8300000e+01  -4.9822590e+04  -3.2365371e+04
   4.8400000e+01  -7.9689266e+04  -3.3892930e+04
   4.8500000e+01  -1.0027200e+05  -3.9363027e+04
   4.8600000e+01  -1.1224609e+05  -5.1572395e+04
   4.8700000e+01  -1.2218969e+05  -6.6019609e+04
   4.8800000e+01  -1.3647020e+05  -7.5289031e+04
   4.8900000e+01  -1.5556345e+05  -7.5842039e+04
   4.9000000e+01  -1.7444266e+05  -7.1160023e+04
   4.9100000e+01  -1.8841167e+05  -6.8608430e+04
   4.9200000e+01  -1.9826388e+05  -7.2990586e+04
   4.9300000e+01  -2.0943802e+05  -8.2648633e+04
   4.9400000e+01  -2.2599012e+05  -9.1388133e+04
   4.9500000e+01  -2.4547334e+05  -9.3812297e+04
   4.9600000e+01  -2.5996170e+05  -8.8647195e+04
   4.9700000e+01  -2.6237431e+05  -7.7465773e+04
   4.9800000e+01  -2.5208650e+05  -6.1401414e+04
   4.9900000e+01  -2.3470053e+05  -3.9901461e+04
   5.0000000e+01  -2.1663559e+05  -1.2208053e+04
   5.0100000e+01  -1.9985411e+05   2.0977129e+04
   5.0200000e+01  -1.8118400e+05   5.7351102e+04
   5.0300000e+01  -1.5595161e+05   9.3451180e+04
   5.0400000e+01  -1.2213666e+05   1.2466054e+05
   5.0500000e+01  -8.1866008e+04   1.4587984e+05
   5.0600000e+01  -4.0036531e+04   1.5409272e+05
   5.0700000e+01  -1.8908583e+03   1.5115531e+05
   5.0800000e+01   2.8816744e+04   1.4340066e+05
   5.0900000e+01   5.0651312e+04   1.3734291e+05
   5.1000000e+01   6.4661109e+04   1.3513428e+05
   5.1100000e+01   7.4060711e+04   1.3411670e+05
   5.1200000e+01   8.3157258e+04   1.3080452e+05
   5.1300000e+01   9.5315438e+04   1.2530723e+05
   5.1400000e+01   1.1071462e+05   1.2188994e+05
   5.1500000e+01   1.2567941e+05   1.2502689e+05
   5.1600000e+01   1.3487138e+05   1.3441928e+05
   5.1700000e+01   1.3520425e+05   1.4354819e+05
   5.1800000e+01   1.2809920e+05   1.4345995e+05
   5.1900000e+01   1.1764458e+05   1.2891012e+05
   5.2000000e+01   1.0629258e+05   1.0177788e+05
   5.2100000e+01   9.2721898e+04   6.9045586e+04
   5.2200000e+01   7.4480766e+04   3.7396914e+04
   5.2300000e+01   5.2618926e+04   9.0074492e+03
   5.2400000e+01   3.2891867e+04  -1.8547000e+04
   5.2500000e+01   2.1743367e+04  -4.8824215e+04
   5.2600000e+01   2.1157896e+04  -8.2265734e+04
   5.2700000e+01   2.7705822e+04  -1.1417403e+05
   5.2800000e+01   3.6375762e+04  -1.3677059e+05
   5.2900000e+01   4.4960590e+04  -1.4459278e+05
   5.3000000e+01   5.5182449e+04  -1.3924875e+05
   5.3100000e+01   7.0742289e+04  -1.2886094e+05
   5.3200000e+01   9.4654883e+04  -1.2173927e+05
   5.3300000e+01   1.2716386e+05  -1.1976530e+05
   5.3400000e+01   1.6455661e+05  -1.1790995e+05
   5.3500000e+01   1.9996242e+05  -1.1018491e+05
   5.3600000e+01   2.2691333e+05  -9.5542641e+04
   5.3700000e+01   2.4341145e+05  -7.7685734e+04
   5.3800000e+01   2.5229650e+05  -5.9942227e+04
   5.3900000e+01   2.5694227e+05  -4.1726332e+04
   5.4000000e+01   2.5676100e+05  -2.0479662e+04
   5.4100000e+01   2.4752084e+05   3.8724277e+03
   5.4200000e+01   2.2588516e+05   2.7463066e+04
   5.4300000e+01   1.9287633e+05   4.5284988e+04
   5.4400000e+01   1.5288823e+05   5.4519699e+04
   5.4500000e+01   1.1026243e+05   5.5063469e+04
   5.4600000e+01   6.7310758e+04   4.8148316e+04
   5.4700000e+01   2.4791217e+04   3.5795555e+04
   5.4800000e+01  -1.6968400e+04   2.1307375e+04
   5.4900000e+01  -5.7686375e+04   8.5858359e+03
   5.5000000e+01  -9.7204031e+04  -3.2331055e+02
   5.5100000e+01  -1.3547705e+05  -6.9012944e+03
   5.5200000e+01  -1.7248130e+05  -1.4697674e+04
   5.5300000e+01  -2.0786173e+05  -2.5986861e+04
   5.5400000e+01  -2.3994605e+05  -3.9909578e+04
   5.5500000e+01  -2.6479750e+05  -5.3538574e+04
   5.5600000e+01  -2.7712256e+05  -6.4245582e+04
   5.5700000e+01  -2.7373141e+05  -7.1234203e+04
   5.5800000e+01  -2.5726239e+05  -7.5644570e+04
   5.5900000e+01  -2.3640573e+05  -7.9504602e+04
   5.6000000e+01  -2.2120416e+05  -8.3741789e+04
   5.6100000e+01  -2.1639816e+05  -8.6249062e+04
   5.6200000e+01  -2.1808158e+05  -8.2206258e+04
   5.6300000e+01  -2.1676083e+05  -6.7690719e+04
   5.6400000e+01  -2.0483466e+05  -4.3846711e+04
   5.6500000e+01  -1.8271633e+05  -1.6927186e+04
   5.6600000e+01  -1.5864025e+05   6.9698105e+03
   5.6700000e+01  -1.4226223e+05   2.7640555e+04
   5.6800000e+01  -1.3734641e+05   5.0732410e+04
   5.6900000e+01  -1.3959988e+05   8.1316602e+04
   5.7000000e+01  -1.4115922e+05   1.1736077e+05
   5.7100000e+01  -1.3728364e+05   1.4972456e+05
   5.7200000e+01  -1.2905423e+05   1.6858773e+05
   5.7300000e+01  -1.2015703e+05   1.6991595e+05
   5.7400000e+01  -1.1185130e+05   1.5638583e+05
   5.7500000e+01  -1.0152821e+05   1.3348253e+05
   5.7600000e+01  -8.5566188e+04   1.0572167e+05
   5.7700000e+01  -6.2360008e+04   7.5936031e+04
   5.7800000e+01  -3.2394318e+04   4.6019797e+04
   5.7900000e+01   2.9430884e+03   1.6621385e+04
   5.8000000e+01   4.0812914e+04  -1.3510761e+04
   5.8100000e+01   7.5837453e+04  -4.5940020e+04
   5.8200000e+01   1.0242114e+05  -7.9019062e+04
   5.8300000e+01   1.2013162e+05  -1.0662579e+05
   5.8400000e+01   1.3579848e+05  -1.2207184e+05
   5.8500000e+01   1.5796055e+05  -1.2399853e+05
   5.8600000e+01   1.8852102e+05  -1.1763584e+05
   5.8700000e+01   2.2101053e+05  -1.0926990e+05
   5.8800000e+01   2.4763936e+05  -9.9659656e+04
   5.8900000e+01   2.6688112e+05  -8.3939906e+04
   5.9000000e+01   2.8300056e+05  -5.8441367e+04
   5.9100000e+01   2.9904372e+05  -2.6782443e+04
   5.9200000e+01   3.1236366e+05   1.9654092e+03
   5.9300000e+01   3.1777381e+05   2.1531598e+04
   5.9400000e+01   3.1381841e+05   3.4424133e+04
   5.9500000e+01   3.0437888e+05   4.9215609e+04
   5.9600000e+01   2.9384659e+05   7.1790648e+04
   5.9700000e+01   2.8144162e+05   9.9258023e+04
   5.9800000e+01   2.6091216e+05   1.2224066e+05
   5.9900000e+01   2.2604736e+05   1.3288050e+05
   6.0000000e+01   1.7665091e+05   1.3079344e+05
   6.0100000e+01   1.1931823e+05   1.2192893e+05
   6.0200000e+01   6.2523910e+04   1.1232331e+05
   6.0300000e+01   1.1067840e+04   1.0293521e+05
   6.0400000e+01  -3.4785176e+04   8.9728766e+04
   6.0500000e+01  -7.5588688e+04   6.7956570e+04
   6.0600000e+01  -1.0974166e+05   3.6515324e+04
   6.0700000e+01  -1.3531067e+05  -7.3799268e+02
   6.0800000e+01  -1.5421191e+05  -3.6968066e+04
   6.0900000e+01  -1.7259486e+05  -6.5946875e+04
   6.1000000e+01  -1.9535528e+05  -8.5041945e+04
   6.1100000e+01  -2.2009334e+05  -9.5853297e+04
   6.1200000e+01  -2.3760514e+05  -1.0220504e+05
   6.1300000e+01  -2.3952086e+05  -1.0725316e+05
   6.1400000e+01  -2.2591142e+05  -1.1216097e+05
   6.1500000e+01  -2.0524781e+05  -1.1685033e+05
   6.1600000e+01  -1.8684234e+05  -1.2085584e+05
   6.1700000e+01  -1.7369817e+05  -1.2268725e+05
   6.1800000e+01  -1.6299911e+05  -1.1899366e+05
   6.1900000e+01  -1.5273678e+05  -1.0593357e+05
   6.2000000e+01  -1.4591814e+05  -8.2334852e+04
   6.2100000e+01  -1.4685034e+05  -5.1171910e+04
   6.2200000e+01  -1.5395445e+05  -1.7249414e+04
   6.2300000e+01  -1.5844281e+05   1.6488586e+04
   6.2400000e+01  -1.5160011e+05   4.9795633e+04
   6.2500000e+01  -1.3300484e+05   8.2322359e+04
   6.2600000e+01  -1.1054420e+05   1.1081520e+05
   6.2700000e+01  -9.2344305e+04   1.2993598e+05
   6.2800000e+01  -7.9471875e+04   1.3611175e+05
   6.2900000e+01  -6.6441539e+04   1.3045212e+05
   6.3000000e+01  -4.7446086e+04   1.1781328e+05
   6.3100000e+01  -2.1010920e+04   1.0305322e+05
   6.3200000e+01   1.0651417e+04   8.8145125e+04
   6.3300000e+01   4.4882594e+04   7.2581945e+04
   6.3400000e+01   8.0176062e+04   5.5931090e+04
   6.3500000e+01   1.1546757e+05   3.9348457e+04
   6.3600000e+01   1.4943094e+05   2.4503979e+04
   6.3700000e+01   1.8101016e+05   1.1658643e+04
   6.3800000e+01   2.0976545e+05  -4.0260046e+02
   6.3900000e+01   2.3453795e+05  -1.2280092e+04
   6.4000000e+01   2.5167675e+05  -2.2064031e+04
   6.4100000e+01   2.5583947e+05  -2.5817904e+04
   6.4200000e+01   2.4415823e+05  -2.0294742e+04
   6.4300000e+01   2.2019034e+05  -5.9723740e+03
   6.4400000e+01   1.9276184e+05   1.1677522e+04
   6.4500000e+01   1.6927577e+05   2.3992750e+04
   6.4600000e+01   1.4939802e+05   2.3691172e+04
   6.4700000e+01   1.2591288e+05   9.5421191e+03
   6.4800000e+01   9.2628859e+04  -1.2620771e+04
   6.4900000e+01   5.1339812e+04  -3.3864578e+04
   6.5000000e+01   1.0312856e+04  -4.8077000e+04
   6.5100000e+01  -2.3933441e+04  -5.5276980e+04
   6.5200000e+01  -5.2048441e+04  -6.0633242e+04
   6.5300000e+01  -7.8295594e+04  -7.0989258e+04
   6.5400000e+01  -1.0283009e+05  -9.1109883e+04
   6.5500000e+01  -1.1995500e+05  -1.2066473e+05
   6.5600000e+01  -1.2526933e+05  -1.5322519e+05
   6.5700000e+01  -1.2331604e+05  -1.7911209e+05
   6.5800000e+01  -1.2583314e+05  -1.9145145e+05
   6.5900000e+01  -1.4113848e+05  -1.9066628e+05
   6.6000000e+01  -1.6535861e+05  -1.8271605e+05
   6.6100000e+01  -1.8457845e+05  -1.7241773e+05
   6.6200000e+01  -1.8595698e+05  -1.5868052e+05
   6.6300000e+01  -1.6769242e+05  -1.3654486e+05
   6.6400000e+01  -1.3987034e+05  -1.0347619e+05
   6.6500000e+01  -1.1659316e+05  -6.3045637e+04
   6.6600000e+01  -1.0591570e+05  -2.2468137e+04
   6.6700000e+01  -1.0443206e+05   1.3045201e+04
   6.6800000e+01  -9.9860359e+04   4.3643922e+04
   6.6900000e+01  -8.0156297e+04   7.3420742e+04
   6.7000000e+01  -4.3126938e+04   1.0610427e+05
   6.7100000e+01   9.6714453e+02   1.4151330e+05
   6.7200000e+01   3.6745535e+04   1.7516191e+05
   6.7300000e+01   5.5376793e+04   2.0087300e+05
   6.7400000e+01   6.0493633e+04   2.1422459e+05
   6.7500000e+01   6.3456047e+04   2.1438581e+05
   6.7600000e+01   7.3251570e+04   2.0361184e+05
   6.7700000e+01   9.0632234e+04   1.8569202e+05
   6.7800000e+01   1.1026984e+05   1.6476284e+05
   6.7900000e+01   1.2630422e+05   1.4431091e+05
   6.8000000e+01   1.3523650e+05   1.2564931e+05
   6.8100000e+01   1.3549647e+05   1.0689618e+05
   6.8200000e+01   1.2694999e+05   8.4651570e+04
   6.8300000e+01   1.1161541e+05   5.8159402e+04
   6.8400000e+01   9.3379414e+04   3.1922793e+04
   6.8500000e+01   7.5351383e+04   1.3057794e+04
   6.8600000e+01   5.7376688e+04   5.1432188e+03
   6.8700000e+01   3.7093688e+04   4.7689131e+03
   6.8800000e+01   1.3929136e+04   4.5031421e+03
   6.8900000e+01  -8.4332344e+03  -9.1108234e+02
   6.9000000e+01  -2.4219180e+04  -1.1537217e+04
   6.9100000e+01  -3.0301746e+04  -2.4756217e+04
   6.9200000e+01  -2.8475012e+04  -3.9478406e+04
   6.9300000e+01  -2.2893285e+04  -5.6995520e+04
   6.9400000e+01  -1.5628078e+04  -7.7869547e+04
   6.9500000e+01  -5.3092476e+03  -9.8909375e+04
   6.9600000e+01   9.7766367e+03  -1.1417944e+05
   6.9700000e+01   2.7906725e+04  -1.1957577e+05
   6.9800000e+01   4.3999184e+04  -1.1647184e+05
   6.9900000e+01   5.3541129e+04  -1.1047817e+05
   7.0000000e+01   5.5874777e+04  -1.0619466e+05
   7.0100000e+01   5.3236512e+04  -1.0315218e+05
   7.0200000e+01   4.7030348e+04  -9.7098242e+04
   7.0300000e+01   3.5942441e+04  -8.5077555e+04
   7.0400000e+01   1.8077436e+04  -6.8640117e+04
   7.0500000e+01  -5.5505278e+03  -5.1853438e+04
   7.0600000e+01  -3.0362557e+04  -3.6903859e+04
   7.0700000e+01  -5.1254141e+04  -2.2575896e+04
   7.0800000e+01  -6.6063195e+04  -6.9359473e+03
   7.0900000e+01  -7.5904438e+04   9.6426348e+03
   7.1000000e+01  -8.2408898e+04   2.4910367e+04
   7.1100000e+01  -8.5224266e+04   3.7661242e+04
   7.1200000e+01  -8.2526172e+04   4.9140746e+04
   7.1300000e+01  -7.3649422e+04   6.1293957e+04
   7.1400000e+01  -6.0531934e+04   7.4390703e+04
   7.1500000e+01  -4.6175941e+04   8.7003789e+04
   7.1600000e+01  -3.1809396e+04   9.7830977e+04
   7.1700000e+01  -1.5810112e+04   1.0650867e+05
   7.1800000e+01   4.5130234e+03   1.1252210e+05
   7.1900000e+01   2.9952225e+04   1.1452655e+05
   7.2000000e+01   5.7734078e+04   1.1194845e+05
   7.2100000e+01   8.2408164e+04   1.0700178e+05
   7.2200000e+01   9.8719805e+04   1.0369599e+05
   7.2300000e+01   1.0450016e+05   1.0392768e+05
   7.2400000e+01   1.0135127e+05   1.0498334e+05
   7.2500000e+01   9.2474234e+04   1.0168794e+05
   7.2600000e+01   7.9630336e+04   9.0920039e+04
   7.2700000e+01   6.2214227e+04   7.3466406e+04
   7.2800000e+01   3.9230574e+04   5.1879066e+04
   7.2900000e+01   1.1902842e+04   2.8008516e+04
   7.3000000e+01  -1.5738188e+04   3.4403916e+03
   7.3100000e+01  -3.8622570e+04  -1.8782332e+04
   7.3200000e+01  -5.3244281e+04  -3.4884645e+04
   7.3300000e+01  -5.9671723e+04  -4.3709781e+04
   7.3400000e+01  -6.2005938e+04  -4.8766922e+04
   7.3500000e+01  -6.6374562e+04  -5.6034520e+04
   7.3600000e+01  -7.6848430e+04  -6.9270492e+04
   7.3700000e+01  -9.2328836e+04  -8.7183648e+04
   7.3800000e+01  -1.0780473e+05  -1.0483752e+05
   7.3900000e+01  -1.1922631e+05  -1.1783008e+05
   7.4000000e+01  -1.2688884e+05  -1.2572897e+05
   7.4100000e+01  -1.3370486e+05  -1.3204442e+05
   7.4200000e+01  -1.4081881e+05  -1.4080370e+05
   7.4300000e+01  -1.4590073e+05  -1.5268439e+05
   7.4400000e+01  -1.4553839e+05  -1.6421920e+05
   7.4500000e+01  -1.3812998e+05  -1.7071630e+05
   7.4600000e+01  -1.2421755e+05  -1.6978530e+05
   7.4700000e+01  -1.0547893e+05  -1.6194689e+05
   7.4800000e+01  -8.4761773e+04  -1.4838703e+05
   7.4900000e+01  -6.6347391e+04  -1.2915304e+05
   7.5000000e+01  -5.3926008e+04  -1.0404857e+05
   7.5100000e+01  -4.6984734e+04  -7.4804109e+04
   7.5200000e+01  -3.9843758e+04  -4.5625785e+04
   7.5300000e+01  -2.5599703e+04  -2.1426604e+04
   7.5400000e+01  -1.6177030e+03  -5.5394214e+03
   7.5500000e+01   2.8782900e+04   1.4959712e+03
   7.5600000e+01   5.9560410e+04   2.0606680e+03
   7.5700000e+01   8.6165516e+04   6.4622998e+02
   7.5800000e+01   1.0691816e+05   1.5153535e+03
   7.5900000e+01   1.2189070e+05   5.3694331e+03
   7.6000000e+01   1.3202406e+05   8.1335752e+03
   7.6100000e+01   1.3931975e+05   4.6472007e+03
   7.6200000e+01   1.4633256e+05  -4.9729756e+03
   7.6300000e+01   1.5390641e+05  -1.2964582e+04
   7.6400000e+01   1.5917692e+05  -9.4048828e+03
   7.6500000e+01   1.5681403e+05   8.9745684e+03
   7.6600000e+01   1.4341472e+05   3.5458395e+04
   7.6700000e+01   1.2124235e+05   5.8793242e+04
   7.6800000e+01   9.7627047e+04   7.1647648e+04
   7.6900000e+01   8.0406586e+04   7.4363367e+04
   7.7000000e+01   7.3416922e+04   7.2648477e+04
   7.7100000e+01   7.5500953e+04   7.3546398e+04
   7.7200000e+01   8.2837266e+04   8.2679688e+04
   7.7300000e+01   9.1752453e+04   1.0186755e+05
   7.7400000e+01   9.9907812e+04   1.2685729e+05
   7.7500000e+01   1.0614977e+05   1.4836880e+05
   7.7600000e+01   1.1031756e+05   1.5831550e+05
   7.7700000e+01   1.1323402e+05   1.5644073e+05
   7.7800000e+01   1.1602509e+05   1.4990430e+05
   7.7900000e+01   1.1860438e+05   1.4532845e+05
   7.8000000e+01   1.1872816e+05   1.4189570e+05
   7.8100000e+01   1.1311626e+05   1.3336366e+05
   7.8200000e+01   1.0010630e+05   1.1642413e+05
   7.8300000e+01   8.1354961e+04   9.5475945e+04
   7.8400000e+01   6.0714828e+04   7.8571703e+04
   7.8500000e+01   4.1184117e+04   6.9730547e+04
   7.8600000e+01   2.2750410e+04   6.6144461e+04
   7.8700000e+01   2.9802080e+03   6.2140051e+04
   7.8800000e+01  -2.0430383e+04   5.4429910e+04
   7.8900000e+01  -4.7499992e+04   4.3515312e+04
   7.9000000e+01  -7.5877812e+04   3.1653258e+04
   7.9100000e+01  -1.0260539e+05   2.0833688e+04
   7.9200000e+01  -1.2601998e+05   1.2360922e+04
   7.9300000e+01  -1.4608233e+05   7.0400566e+03
   7.9400000e+01  -1.6300588e+05   4.9454785e+03
   7.9500000e+01  -1.7599498e+05   5.0520361e+03
   7.9600000e+01  -1.8392562e+05   5.3809321e+03
   7.9700000e+01  -1.8734156e+05   3.8421599e+03
   7.9800000e+01  -1.8901548e+05  -4.6277896e+02
   7.9900000e+01  -1.9174680e+05  -6.2847500e+03
   8.0000000e+01  -1.9572148e+05  -1.0959568e+04
   8.0100000e+01  -1.9872214e+05  -1.3107365e+04
   8.0200000e+01  -1.9895950e+05  -1.4899518e+04
   8.0300000e+01  -1.9686030e+05  -2.0629209e+04
   8.0400000e+01  -1.9362578e+05  -3.1906402e+04
   8.0500000e+01  -1.8882311e+05  -4.4537895e+04
   8.0600000e+01  -1.8049881e+05  -5.1665691e+04
   8.0700000e+01  -1.6768638e+05  -5.1125578e+04
   8.0800000e+01  -1.5188650e+05  -4.9342531e+04
   8.0900000e+01  -1.3556497e+05  -5.6535180e+04
   8.1000000e+01  -1.1963140e+05  -7.6904328e+04
   8.1100000e+01  -1.0294133e+05  -1.0353272e+05
   8.1200000e+01  -8.4127836e+04  -1.2384929e+05
   8.1300000e+01  -6.3374867e+04  -1.3082403e+05
   8.1400000e+01  -4.2126887e+04  -1.2857559e+05
   8.1500000e+01  -2.1134945e+04  -1.2651406e+05
   8.1600000e+01   1.0939160e+03  -1.2857802e+05
   8.1700000e+01   2.7701910e+04  -1.2966809e+05
   8.1800000e+01   6.0785762e+04  -1.2285826e+05
   8.1900000e+01   9.8631945e+04  -1.0804845e+05
   8.2000000e+01   1.3554372e+05  -9.1491492e+04
   8.2100000e+01   1.6512994e+05  -7.7855609e+04
   8.2200000e+01   1.8471470e+05  -6.6029719e+04
   8.2300000e+01   1.9692088e+05  -5.3800758e+04
   8.2400000e+01   2.0665125e+05  -4.3432586e+04
   8.2500000e+01   2.1603922e+05  -3.8908504e+04
   8.2600000e+01   2.2217073e+05  -3.8391391e+04
   8.2700000e+01   2.1992994e+05  -3.3832879e+04
   8.2800000e+01   2.0731947e+05  -2.0564082e+04
   8.2900000e+01   1.8802667e+05  -5.0291221e+03
   8.3000000e+01   1.6868609e+05   5.0384912e+02
   8.3100000e+01   1.5360391e+05  -8.9176602e+03
   8.3200000e+01   1.4203228e+05  -2.5641301e+04
   8.3300000e+01   1.2993345e+05  -3.8273703e+04
   8.3400000e+01   1.1340550e+05  -4.3834688e+04
   8.3500000e+01   9.0237016e+04  -4.9148688e+04
   8.3600000e+01   5.9687582e+04  -6.1176621e+04
   8.3700000e+01   2.3031896e+04  -7.8626930e+04
   8.3800000e+01  -1.4911137e+04  -9.3921203e+04
   8.3900000e+01  -4.6357027e+04  -1.0139401e+05
   8.4000000e+01  -6.4863512e+04  -1.0128945e+05
   8.4100000e+01  -6.9844430e+04  -9.5932758e+04
   8.4200000e+01  -6.6210297e+04  -8.4394352e+04
   8.4300000e+01  -5.9175508e+04  -6.2854793e+04
   8.4400000e+01  -4.9870016e+04  -2.9885561e+04
   8.4500000e+01  -3.6140547e+04   1.0356404e+04
   8.4600000e+01  -1.6584918e+04   5.1106164e+04
   8.4700000e+01   7.1872388e+03   8.8476102e+04
   8.4800000e+01   3.1552559e+04   1.2296789e+05
   8.4900000e+01   5.2402262e+04   1.5572870e+05
   8.5000000e+01   6.5416070e+04   1.8463709e+05
   8.5100000e+01   6.6826789e+04   2.0505914e+05
   8.5200000e+01   5.6144996e+04   2.1404381e+05
   8.5300000e+01   3.8242340e+04   2.1266698e+05
   8.5400000e+01   2.0945590e+04   2.0396973e+05
   8.5500000e+01   9.0315107e+03   1.8958108e+05
   8.5600000e+01   5.1815796e+02   1.6950802e+05
   8.5700000e+01  -1.0627547e+04   1.4517652e+05
   8.5800000e+01  -2.8239361e+04   1.2124239e+05
   8.5900000e+01  -5.0704062e+04   1.0274905e+05
   8.6000000e+01  -7.3251516e+04   9.0008164e+04
   8.6100000e+01  -9.2009633e+04   7.7368477e+04
   8.6200000e+01  -1.0523411e+05   5.8737770e+04
   8.6300000e+01  -1.1188779e+05   3.5084980e+04
   8.6400000e+01  -1.1111195e+05   1.5669801e+04
   8.6500000e+01  -1.0385117e+05   1.0404025e+04
   8.6600000e+01  -9.3821555e+04   2.0349789e+04
   8.6700000e+01  -8.5186156e+04   3.6183020e+04
   8.6800000e+01  -7.8590750e+04   4.6512438e+04
   8.6900000e+01  -6.9897367e+04   4.7607527e+04
   8.7000000e+01  -5.3568633e+04   4.4908840e+04
   8.7100000e+01  -2.8045965e+04   4.5793473e+04
   8.7200000e+01   1.4746035e+03   5.1891570e+04
   8.7300000e+01   2.5331186e+04   5.8354211e+04
   8.7400000e+01   3.5325199e+04   5.9261090e+04
   8.7500000e+01   3.0070797e+04   5.2767574e+04
   8.7600000e+01   1.5596840e+04   4.1655871e+04
   8.7700000e+01   3.9214789e+02   3.0323461e+04
   8.7800000e+01  -1.1147162e+04   2.1581656e+04
   8.7900000e+01  -2.1005383e+04   1.5248756e+04
   8.8000000e+01  -3.3451566e+04   8.7889014e+03
   8.8100000e+01  -4.8849898e+04  -3.8848657e+02
   8.8200000e+01  -6.1996434e+04  -1.2259380e+04
   8.8300000e+01  -6.6936320e+04  -2.3597023e+04
   8.8400000e+01  -6.3353703e+04  -3.0857561e+04
   8.8500000e+01  -5.7898293e+04  -3.4233773e+04
   8.8600000e+01  -5.8886109e+04  -3.8370289e+04
   8.8700000e+01  -6.9192133e+04  -4.8250336e+04
   8.8800000e+01  -8.3555188e+04  -6.4284078e+04
   8.8900000e+01  -9.2242352e+04  -8.1887711e+04
   8.9000000e+01  -8.7723258e+04  -9.5825648e+04
   8.9100000e+01  -6.9325578e+04  -1.0429430e+05
   8.9200000e+01  -4.3258863e+04  -1.0867305e+05
   8.9300000e+01  -1.8851881e+04  -1.1051385e+05
   8.9400000e+01  -3.5424102e+03  -1.1023109e+05
   8.9500000e+01   1.0178657e+03  -1.0877131e+05
   8.9600000e+01  -1.4999512e+01  -1.0921633e+05
   8.9700000e+01   2.4476890e+03  -1.1566873e+05
   8.9800000e+01   1.5557029e+04  -1.3064232e+05
   8.9900000e+01   3.9362457e+04  -1.5375973e+05
   9.0000000e+01   6.6727977e+04  -1.8222241e+05
   9.0100000e+01   8.8902539e+04  -2.1151322e+05
   9.0200000e+01   1.0175780e+05  -2.3600406e+05
   9.0300000e+01   1.0668233e+05  -2.5067047e+05
   9.0400000e+01   1.0594695e+05  -2.5355172e+05
   9.0500000e+01   9.8884547e+04  -2.4628259e+05
   9.0600000e+01   8.4171742e+04  -2.3154930e+05
   9.0700000e+01   6.5321273e+04  -2.1042917e+05
   9.0800000e+01   5.1357254e+04  -1.8299356e+05
   9.0900000e+01   4.9965211e+04  -1.5077033e+05
   9.1000000e+01   6.0242652e+04  -1.1647261e+05
   9.1100000e+01   7.3761305e+04  -8.0278484e+04
   9.1200000e+01   8.3125375e+04  -3.7964145e+04
   9.1300000e+01   8.8238852e+04   1.4898781e+04
   9.1400000e+01   9.3531375e+04   7.6435039e+04
   9.1500000e+01   1.0050437e+05   1.3760248e+05
   9.1600000e+01   1.0495895e+05   1.8885773e+05
   9.1700000e+01   1.0140408e+05   2.2723239e+05
   9.1800000e+01   8.8136367e+04   2.5637833e+05
   9.1900000e+01   6.6915742e+04   2.8063344e+05
   9.2000000e+01   3.9299430e+04   3.0028547e+05
   9.2100000e+01   5.8824365e+03   3.1201134e+05
   9.2200000e+01  -3.0393609e+04   3.1184356e+05
   9.2300000e+01  -6.2381172e+04   2.9701962e+05
   9.2400000e+01  -8.2544320e+04   2.6705525e+05
   9.2500000e+01  -8.9005438e+04   2.2558519e+05
   9.2600000e+01  -8.6686477e+04   1.8103072e+05
   9.2700000e+01  -8.1879297e+04   1.4280256e+05
   9.2800000e+01  -7.6378992e+04   1.1471811e+05
   9.2900000e+01  -6.7594922e+04   9.2399133e+04
   9.3000000e+01  -5.3642566e+04   6.8393828e+04
   9.3100000e+01  -3.6711438e+04   4.0031828e+04
   9.3200000e+01  -2.0793580e+04   1.1568758e+04
   9.3300000e+01  -7.0944287e+03  -1.1148996e+04
   9.3400000e+01   6.9833994e+03  -2.6652496e+04
   9.3500000e+01   2.4143816e+04  -3.7670977e+04
   9.3600000e+01   4.3376055e+04  -4.6122508e+04
   9.3700000e+01   6.0481332e+04  -5.0216117e+04
   9.3800000e+01   7.2161188e+04  -4.7230719e+04
   9.3900000e+01   7.8906062e+04  -3.8217504e+04
   9.4000000e+01   8.3503508e+04  -2.8769719e+04
   9.4100000e+01   8.6981195e+04  -2.4905865e+04
   9.4200000e+01   8.6666367e+04  -2.8503152e+04
   9.4300000e+01   7.8782102e+04  -3.6670816e+04
   9.4400000e+01   6.3046703e+04  -4.5029090e+04
   9.4500000e+01   4.4343191e+04  -5.1298770e+04
   9.4600000e+01   2.9321188e+04  -5.5971570e+04
   9.4700000e+01   2.0937227e+04  -5.9941465e+04
   9.4800000e+01   1.6113262e+04  -6.1818727e+04
   9.4900000e+01   8.7373262e+03  -5.7963359e+04
   9.5000000e+01  -4.7416812e+03  -4.5636805e+04
   9.5100000e+01  -2.2099814e+04  -2.6132438e+04
   9.5200000e+01  -3.7266602e+04  -4.0594026e+03
   9.5300000e+01  -4.5731836e+04   1.7148367e+04
   9.5400000e+01  -4.8730281e+04   3.8582410e+04
   9.5500000e+01  -5.2294582e+04   6.3515262e+04
   9.5600000e+01  -6.1691262e+04   9.1252648e+04
   9.5700000e+01  -7.6384938e+04   1.1440245e+05
   9.5800000e+01  -9.0741125e+04   1.2370809e+05
   9.5900000e+01  -1.0004587e+05   1.1579317e+05
   9.6000000e+01  -1.0549849e+05   9.5321391e+04
   9.6100000e+01  -1.1261211e+05   6.9502922e+04
   9.6200000e+01  -1.2474160e+05   4.1867816e+04
   9.6300000e+01  -1.3889422e+05   1.2389979e+04
   9.6400000e+01  -1.4800641e+05  -1.7632508e+04
   9.6500000e+01  -1.4635989e+05  -4.3474223e+04
   9.6600000e+01  -1.3223048e+05  -6.0666781e+04
   9.6700000e+01  -1.0673161e+05  -6.9142602e+04
   9.6800000e+01  -7.2637711e+04  -7.2049055e+04
   9.6900000e+01  -3.5065742e+04  -7.1317977e+04
   9.7000000e+01  -9.4769141e+02  -6.6842953e+04
   9.7100000e+01   2.5259242e+04  -6.0678367e+04
   9.7200000e+01   4.5867152e+04  -5.9564023e+04
   9.7300000e+01   6.7749852e+04  -7.0194133e+04
   9.7400000e+01   9.3833391e+04  -9.1430953e+04
   9.7500000e+01   1.1733166e+05  -1.1320152e+05
   9.7600000e+01   1.2660621e+05  -1.2498494e+05
   9.7700000e+01   1.1683670e+05  -1.2541330e+05
   9.7800000e+01   9.5953969e+04  -1.2262873e+05
   9.7900000e+01   7.7728359e+04  -1.2521905e+05
   9.8000000e+01   6.8939906e+04  -1.3375686e+05
   9.8100000e+01   6.4029438e+04  -1.4151123e+05
   9.8200000e+01   5.2249922e+04  -1.4220145e+05
   9.8300000e+01   2.9105926e+04  -1.3549103e+05
   9.8400000e+01   5.1102441e+02  -1.2484902e+05
   9.8500000e+01  -2.3048375e+04  -1.1170151e+05
   9.8600000e+01  -3.5079219e+04  -9.3364289e+04
   9.8700000e+01  -3.6296898e+04  -6.6891773e+04
   9.8800000e+01  -3.1395850e+04  -3.3981457e+04
   9.8900000e+01  -2.4239080e+04  -1.3883376e+03
   9.9000000e+01  -1.6029423e+04   2.3453211e+04
   9.9100000e+01  -6.8296338e+03   3.7372227e+04
   9.9200000e+01   2.3189429e+03   4.3025672e+04
   9.9300000e+01   9.2904854e+03   4.6374797e+04
   9.9400000e+01   1.2937879e+04   5.2060566e+04
   9.9500000e+01   1.4873793e+04   5.9841520e+04
   9.9600000e+01   1.8136977e+04   6.4965961e+04
   9.9700000e+01   2.3009430e+04   6.2711961e+04
   9.9800000e+01   2.4566963e+04   5.3073012e+04
   9.9900000e+01   1.6651254e+04   4.0327461e+04
   1.0000000e+02  -2.8803967e+02   2.7844746e+04
