   1.1851270e+02   3.6301420e+01   1.8450000e+02
   1.1964267e+02   3.6447865e+01   9.4000000e+00
   0.0000000e+00   4.6250238e+05   4.6250238e+05
   1.0000000e-01   4.1535988e+05   4.9508978e+05
   2.0000000e-01   3.7113166e+05   5.0305306e+05
   3.0000000e-01   3.4258278e+05   4.8883734e+05
   4.0000000e-01   3.2840094e+05   4.6294603e+05
   5.0000000e-01   3.1485888e+05   4.3535075e+05
   6.0000000e-01   2.8732053e+05   4.0978547e+05
   7.0000000e-01   2.4166945e+05   3.8340653e+05
   8.0000000e-01   1.8619178e+05   3.4979697e+05
   9.0000000e-01   1.3338544e+05   3.0277881e+05
   1.0000000e+00   8.9790906e+04   2.3993977e+05
   1.1000000e+00   5.2437109e+04   1.6479764e+05
   1.2000000e+00   1.3489565e+04   8.5724422e+04
   1.3000000e+00  -3.2428141e+04   1.1228271e+04
   1.4000000e+00  -8.4690656e+04  -5.5239227e+04
   1.5000000e+00  -1.3849877e+05  -1.1639423e+05
   1.6000000e+00  -1.8863627e+05  -1.7695231e+05
   1.7000000e+00  -2.3121831e+05  -2.3795741e+05
   1.8000000e+00  -2.6307209e+05  -2.9465616e+05
   1.9000000e+00  -2.8143681e+05  -3.3945038e+05
   2.0000000e+00  -2.8572631e+05  -3.6707625e+05
   2.1000000e+00  -2.7961044e+05  -3.7784062e+05
   2.2000000e+00  -2.7025647e+05  -3.7678584e+05
   2.3000000e+00  -2.6427406e+05  -3.6982469e+05
   2.4000000e+00  -2.6357850e+05  -3.6008225e+05
   2.5000000e+00  -2.6460244e+05  -3.4745341e+05
   2.6000000e+00  -2.6103412e+05  -3.3148419e+05
   2.7000000e+00  -2.4757267e+05  -3.1424144e+05
   2.8000000e+00  -2.2253069e+05  -2.9960556e+05
   2.9000000e+00  -1.8869978e+05  -2.8945241e+05
   3.0000000e+00  -1.5235772e+05  -2.8123312e+05
   3.1000000e+00  -1.2036700e+05  -2.7035350e+05
   3.2000000e+00  -9.6591500e+04  -2.5522358e+05
   3.3000000e+00  -8.0108164e+04  -2.3947795e+05
   3.4000000e+00  -6.6460594e+04  -2.2892427e+05
   3.5000000e+00  -5.0467223e+04  -2.2656438e+05
   3.6000000e+00  -2.8448979e+04  -2.3058317e+05
   3.7000000e+00   2.7706128e+02  -2.3621667e+05
   3.8000000e+00   3.1949100e+04  -2.3841106e+05
   3.9000000e+00   5.8383512e+04  -2.3282773e+05
   4.0000000e+00   7.0962766e+04  -2.1604736e+05
   4.1000000e+00   6.7239336e+04  -1.8673609e+05
   4.2000000e+00   5.3853871e+04  -1.4709578e+05
   4.3000000e+00   4.1180543e+04  -1.0211351e+05
   4.4000000e+00   3.3772160e+04  -5.6044559e+04
   4.5000000e+00   2.6471725e+04  -9.0823701e+03
   4.6000000e+00   1.0989627e+04   4.2242438e+04
   4.7000000e+00  -1.3404561e+04   1.0087021e+05
   4.8000000e+00  -3.6221875e+04   1.6507009e+05
   4.9000000e+00  -4.3389348e+04   2.2831792e+05
   5.0000000e+00  -2.9328410e+04   2.8330738e+05
   5.1000000e+00  -2.3859194e+03   3.2626206e+05
   5.2000000e+00   2.1471898e+04   3.5760322e+05
   5.3000000e+00   3.1544928e+04   3.7880191e+05
   5.4000000e+00   3.0936605e+04   3.8909762e+05
   5.5000000e+00   3.3234355e+04   3.8576825e+05
   5.6000000e+00   5.0041719e+04   3.6769162e+05
   5.7000000e+00   8.0596070e+04   3.3814825e+05
   5.8000000e+00   1.1307982e+05   3.0335822e+05
   5.9000000e+00   1.3589986e+05   2.6793047e+05
   6.0000000e+00   1.4728058e+05   2.3218569e+05
   6.1000000e+00   1.5395081e+05   1.9453261e+05
   6.2000000e+00   1.6202666e+05   1.5622203e+05
   6.3000000e+00   1.7116853e+05   1.2266929e+05
   6.4000000e+00   1.7753831e+05   9.9397156e+04
   6.5000000e+00   1.7959550e+05   8.7226914e+04
   6.6000000e+00   1.7814634e+05   8.2375258e+04
   6.7000000e+00   1.7114116e+05   8.0922773e+04
   6.8000000e+00   1.5177297e+05   8.1624266e+04
   6.9000000e+00   1.1435193e+05   8.3658086e+04
   7.0000000e+00   6.1595898e+04   8.3268984e+04
   7.1000000e+00   4.0607483e+03   7.5214594e+04
   7.2000000e+00  -4.8365301e+04   5.8371953e+04
   7.3000000e+00  -9.3453641e+04   3.8434656e+04
   7.4000000e+00  -1.3490939e+05   2.3255824e+04
   7.5000000e+00  -1.7535384e+05   1.5128495e+04
   7.6000000e+00  -2.1275658e+05   8.1633135e+03
   7.7000000e+00  -2.4323956e+05  -6.7178130e+03
   7.8000000e+00  -2.6499562e+05  -3.4613273e+04
   7.9000000e+00  -2.7809359e+05  -7.3872859e+04
   8.0000000e+00  -2.8172788e+05  -1.1858897e+05
   8.1000000e+00  -2.7394941e+05  -1.6225784e+05
   8.2000000e+00  -2.5473809e+05  -1.9937031e+05
   8.3000000e+00  -2.2795134e+05  -2.2563791e+05
   8.4000000e+00  -1.9870008e+05  -2.3900570e+05
   8.5000000e+00  -1.6853789e+05  -2.4123655e+05
   8.6000000e+00  -1.3389022e+05  -2.3745305e+05
   8.7000000e+00  -8.9878422e+04  -2.3228925e+05
   8.8000000e+00  -3.6136008e+04  -2.2526936e+05
   8.9000000e+00   2.0876771e+04  -2.1004650e+05
   9.0000000e+00   7.1637555e+04  -1.7918773e+05
   9.1000000e+00   1.1074199e+05  -1.3082917e+05
   9.2000000e+00   1.4130122e+05  -7.1364336e+04
   9.3000000e+00   1.7181791e+05  -1.1851481e+04
   9.4000000e+00   2.0732367e+05   3.8533992e+04
   9.5000000e+00   2.4288606e+05   7.6473125e+04
   9.6000000e+00   2.6655194e+05   1.0323511e+05
   9.7000000e+00   2.6976356e+05   1.2016126e+05
   9.8000000e+00   2.5521964e+05   1.2534522e+05
   9.9000000e+00   2.3440720e+05   1.1476084e+05
   1.0000000e+01   2.1760372e+05   8.7273820e+04
   1.0100000e+01   2.0630489e+05   4.9036145e+04
   1.0200000e+01   1.9434520e+05   1.2121316e+04
   1.0300000e+01   1.7482902e+05  -1.3228579e+04
   1.0400000e+01   1.4574080e+05  -2.6759426e+04
   1.0500000e+01   1.1047781e+05  -3.8846473e+04
   1.0600000e+01   7.4710773e+04  -6.1775043e+04
   1.0700000e+01   4.2690668e+04  -9.8702258e+04
   1.0800000e+01   1.5086953e+04  -1.4000075e+05
   1.0900000e+01  -1.0653342e+04  -1.7014192e+05
   1.1000000e+01  -3.7401062e+04  -1.7903122e+05
   1.1100000e+01  -6.4575988e+04  -1.6847494e+05
   1.1200000e+01  -8.6521234e+04  -1.4930192e+05
   1.1300000e+01  -9.5047117e+04  -1.3228166e+05
   1.1400000e+01  -8.5177797e+04  -1.2011733e+05
   1.1500000e+01  -6.0408922e+04  -1.0633948e+05
   1.1600000e+01  -3.3267410e+04  -8.1685992e+04
   1.1700000e+01  -1.9340871e+04  -4.2926797e+04
   1.1800000e+01  -2.7661092e+04   3.1574021e+03
   1.1900000e+01  -5.4452637e+04   4.4414652e+04
   1.2000000e+01  -8.6126312e+04   7.2909109e+04
   1.2100000e+01  -1.0984566e+05   9.0859984e+04
   1.2200000e+01  -1.2249151e+05   1.0737911e+05
   1.2300000e+01  -1.3003981e+05   1.2925098e+05
   1.2400000e+01  -1.3906709e+05   1.5469572e+05
   1.2500000e+01  -1.4970539e+05   1.7569094e+05
   1.2600000e+01  -1.5633766e+05   1.8583622e+05
   1.2700000e+01  -1.5316581e+05   1.8603419e+05
   1.2800000e+01  -1.3795903e+05   1.8331881e+05
   1.2900000e+01  -1.1200024e+05   1.8449506e+05
   1.3000000e+01  -7.9187859e+04   1.8980173e+05
   1.3100000e+01  -4.5649488e+04   1.9125255e+05
   1.3200000e+01  -1.7449609e+04   1.7743641e+05
   1.3300000e+01   4.1829111e+03   1.4242022e+05
   1.3400000e+01   2.5091758e+04   9.2370938e+04
   1.3500000e+01   5.2991566e+04   4.3544812e+04
   1.3600000e+01   8.8205844e+04   1.1791357e+04
   1.3700000e+01   1.2020868e+05   1.7693882e+03
   1.3800000e+01   1.3500769e+05   4.9157681e+03
   1.3900000e+01   1.2673871e+05   7.2010483e+03
   1.4000000e+01   1.0201616e+05  -6.1732965e+02
   1.4100000e+01   7.3304039e+04  -1.7879465e+04
   1.4200000e+01   4.8766637e+04  -3.5863156e+04
   1.4300000e+01   2.8395652e+04  -4.3964238e+04
   1.4400000e+01   8.4525801e+03  -3.7027672e+04
   1.4500000e+01  -1.1972684e+04  -2.0377490e+04
   1.4600000e+01  -2.8947613e+04  -8.2621260e+03
   1.4700000e+01  -3.7067203e+04  -1.4303040e+04
   1.4800000e+01  -3.4184219e+04  -3.9948535e+04
   1.4900000e+01  -2.3581320e+04  -7.1328164e+04
   1.5000000e+01  -1.2653590e+04  -8.9082156e+04
   1.5100000e+01  -9.3583535e+03  -8.3886250e+04
   1.5200000e+01  -1.8248654e+04  -6.4585609e+04
   1.5300000e+01  -3.8041281e+04  -5.2034695e+04
   1.5400000e+01  -6.2468016e+04  -6.3539641e+04
   1.5500000e+01  -8.4427812e+04  -9.9761281e+04
   1.5600000e+01  -1.0061774e+05  -1.4370981e+05
   1.5700000e+01  -1.1280768e+05  -1.7284427e+05
   1.5800000e+01  -1.2472609e+05  -1.7578475e+05
   1.5900000e+01  -1.3776961e+05  -1.6068706e+05
   1.6000000e+01  -1.4969864e+05  -1.4751808e+05
   1.6100000e+01  -1.5686008e+05  -1.4962844e+05
   1.6200000e+01  -1.5657378e+05  -1.6061094e+05
   1.6300000e+01  -1.4694150e+05  -1.5910659e+05
   1.6400000e+01  -1.2552459e+05  -1.2794954e+05
   1.6500000e+01  -9.0336219e+04  -7.0045594e+04
   1.6600000e+01  -4.3361141e+04  -6.1653008e+03
   1.6700000e+01   7.6177314e+03   4.2849742e+04
   1.6800000e+01   5.2474730e+04   7.2413141e+04
   1.6900000e+01   8.5289516e+04   9.4420102e+04
   1.7000000e+01   1.0773593e+05   1.2278466e+05
   1.7100000e+01   1.2605574e+05   1.5894605e+05
   1.7200000e+01   1.4512405e+05   1.9032623e+05
   1.7300000e+01   1.6553905e+05   2.0157308e+05
   1.7400000e+01   1.8515509e+05   1.8744495e+05
   1.7500000e+01   2.0125534e+05   1.5674083e+05
   1.7600000e+01   2.1039244e+05   1.2583162e+05
   1.7700000e+01   2.0796575e+05   1.0817911e+05
   1.7800000e+01   1.9097247e+05   1.0694677e+05
   1.7900000e+01   1.6240094e+05   1.1390759e+05
   1.8000000e+01   1.3142806e+05   1.1442772e+05
   1.8100000e+01   1.0721606e+05   9.6356094e+04
   1.8200000e+01   9.2165484e+04   5.8368879e+04
   1.8300000e+01   8.2161320e+04   1.1805750e+04
   1.8400000e+01   7.3205594e+04  -2.6687492e+04
   1.8500000e+01   6.5850188e+04  -4.6486254e+04
   1.8600000e+01   6.1908453e+04  -4.8237676e+04
   1.8700000e+01   5.8611000e+04  -3.8402664e+04
   1.8800000e+01   4.9379086e+04  -1.9957617e+04
   1.8900000e+01   3.1602514e+04   9.4035898e+03
   1.9000000e+01   1.1521687e+04   4.9278824e+04
   1.9100000e+01  -1.2065984e+03   8.9219438e+04
   1.9200000e+01  -3.7315752e+03   1.1310396e+05
   1.9300000e+01  -2.7694771e+03   1.1261145e+05
   1.9400000e+01  -6.3423086e+03   9.5015188e+04
   1.9500000e+01  -1.4305442e+04   7.5337547e+04
   1.9600000e+01  -1.8795115e+04   6.0413887e+04
   1.9700000e+01  -1.3769066e+04   4.2321336e+04
   1.9800000e+01  -2.6338374e+03   8.6089707e+03
   1.9900000e+01   3.9278088e+03  -4.2112512e+04
   2.0000000e+01  -3.1931279e+03  -9.6513938e+04
   2.0100000e+01  -2.4803631e+04  -1.3839573e+05
   2.0200000e+01  -5.3673621e+04  -1.6280361e+05
   2.0300000e+01  -7.9991609e+04  -1.7838245e+05
   2.0400000e+01  -9.7446391e+04  -1.9807009e+05
   2.0500000e+01  -1.0627805e+05  -2.2916277e+05
   2.0600000e+01  -1.1166177e+05  -2.7025612e+05
   2.0700000e+01  -1.1866627e+05  -3.1291838e+05
   2.0800000e+01  -1.2803173e+05  -3.4396116e+05
   2.0900000e+01  -1.3659778e+05  -3.4947366e+05
   2.1000000e+01  -1.4125323e+05  -3.2256628e+05
   2.1100000e+01  -1.4128070e+05  -2.6968666e+05
   2.1200000e+01  -1.3664144e+05  -2.0692817e+05
   2.1300000e+01  -1.2579727e+05  -1.4685448e+05
   2.1400000e+01  -1.0729399e+05  -8.8536953e+04
   2.1500000e+01  -8.3202078e+04  -2.1921055e+04
   2.1600000e+01  -5.8714184e+04   5.8067145e+04
   2.1700000e+01  -3.7102383e+04   1.4329689e+05
   2.1800000e+01  -1.6302187e+04   2.1835664e+05
   2.1900000e+01   7.9270557e+03   2.7267972e+05
   2.2000000e+01   3.5864469e+04   3.0586628e+05
   2.2100000e+01   6.2335438e+04   3.2354678e+05
   2.2200000e+01   8.1395523e+04   3.3162594e+05
   2.2300000e+01   9.1071234e+04   3.3470700e+05
   2.2400000e+01   9.3043688e+04   3.3603538e+05
   2.2500000e+01   8.9394055e+04   3.3506053e+05
   2.2600000e+01   8.1359391e+04   3.2545938e+05
   2.2700000e+01   7.0376578e+04   2.9917069e+05
   2.2800000e+01   5.7642949e+04   2.5479847e+05
   2.2900000e+01   4.1469344e+04   2.0132506e+05
   2.3000000e+01   1.6949340e+04   1.5179809e+05
   2.3100000e+01  -1.8916561e+04   1.1299650e+05
   2.3200000e+01  -6.0978215e+04   8.1824734e+04
   2.3300000e+01  -9.6533875e+04   5.1279035e+04
   2.3400000e+01  -1.1445001e+05   1.8180541e+04
   2.3500000e+01  -1.1470281e+05  -1.5821771e+04
   2.3600000e+01  -1.0845947e+05  -4.9472949e+04
   2.3700000e+01  -1.0783595e+05  -8.5751555e+04
   2.3800000e+01  -1.1490862e+05  -1.2935545e+05
   2.3900000e+01  -1.2034670e+05  -1.8078855e+05
   2.4000000e+01  -1.1249581e+05  -2.3365933e+05
   2.4100000e+01  -8.7943062e+04  -2.7806819e+05
   2.4200000e+01  -5.4172535e+04  -3.0701175e+05
   2.4300000e+01  -2.3117729e+04  -3.2050303e+05
   2.4400000e+01  -2.1402703e+03  -3.2444278e+05
   2.4500000e+01   1.0500063e+04  -3.2528250e+05
   2.4600000e+01   2.3488547e+04  -3.2444675e+05
   2.4700000e+01   4.5919934e+04  -3.1679081e+05
   2.4800000e+01   8.0391461e+04  -2.9453159e+05
   2.4900000e+01   1.1986308e+05  -2.5364380e+05
   2.5000000e+01   1.5115273e+05  -1.9745319e+05
   2.5100000e+01   1.6380961e+05  -1.3466866e+05
   2.5200000e+01   1.5783012e+05  -7.4037141e+04
   2.5300000e+01   1.4311394e+05  -2.0085035e+04
   2.5400000e+01   1.3054355e+05   2.7714699e+04
   2.5500000e+01   1.2298293e+05   7.3033344e+04
   2.5600000e+01   1.1480953e+05   1.1933346e+05
   2.5700000e+01   9.9666789e+04   1.6588573e+05
   2.5800000e+01   7.7700156e+04   2.0513761e+05
   2.5900000e+01   5.5059402e+04   2.2475980e+05
   2.6000000e+01   3.7649809e+04   2.1510400e+05
   2.6100000e+01   2.6906324e+04   1.7689133e+05
   2.6200000e+01   2.1431174e+04   1.2163808e+05
   2.6300000e+01   2.0510877e+04   6.3261625e+04
   2.6400000e+01   2.3967002e+04   8.2806270e+03
   2.6500000e+01   2.9015594e+04  -4.6075730e+04
   2.6600000e+01   2.9954320e+04  -1.0438117e+05
   2.6700000e+01   2.3076711e+04  -1.6391753e+05
   2.6800000e+01   1.1312721e+04  -2.1274073e+05
   2.6900000e+01   1.6100201e+03  -2.3624906e+05
   2.7000000e+01  -3.6184277e+03  -2.2596400e+05
   2.7100000e+01  -1.1189703e+04  -1.8331177e+05
   2.7200000e+01  -3.0962830e+04  -1.1641370e+05
   2.7300000e+01  -6.4070648e+04  -3.3707938e+04
   2.7400000e+01  -9.8645898e+04   6.0054312e+04
   2.7500000e+01  -1.1917940e+05   1.6294619e+05
   2.7600000e+01  -1.2070015e+05   2.7231344e+05
   2.7700000e+01  -1.1276177e+05   3.8256753e+05
   2.7800000e+01  -1.0845376e+05   4.8587584e+05
   2.7900000e+01  -1.0969586e+05   5.7390831e+05
   2.8000000e+01  -1.0445398e+05   6.3887894e+05
   2.8100000e+01  -7.9251000e+04   6.7487075e+05
   2.8200000e+01  -3.4393027e+04   6.8071138e+05
   2.8300000e+01   1.3602555e+04   6.6209188e+05
   2.8400000e+01   4.5131672e+04   6.2880656e+05
   2.8500000e+01   5.3881871e+04   5.8755062e+05
   2.8600000e+01   5.1556176e+04   5.3685506e+05
   2.8700000e+01   5.7322109e+04   4.6969481e+05
   2.8800000e+01   8.1905719e+04   3.8107441e+05
   2.8900000e+01   1.1986126e+05   2.7262862e+05
   2.9000000e+01   1.5534048e+05   1.5061961e+05
   2.9100000e+01   1.7500530e+05   2.1579137e+04
   2.9200000e+01   1.7670619e+05  -1.0900034e+05
   2.9300000e+01   1.6772212e+05  -2.3524734e+05
   2.9400000e+01   1.5625516e+05  -3.5068175e+05
   2.9500000e+01   1.4514178e+05  -4.5009191e+05
   2.9600000e+01   1.3277884e+05  -5.3068119e+05
   2.9700000e+01   1.1794694e+05  -5.9124044e+05
   2.9800000e+01   1.0178990e+05  -6.3185950e+05
   2.9900000e+01   8.4942609e+04  -6.5571631e+05
   3.0000000e+01   6.4283352e+04  -6.6971619e+05
   3.0100000e+01   3.4046648e+04  -6.8023538e+05
   3.0200000e+01  -9.5558877e+03  -6.8653081e+05
   3.0300000e+01  -6.4966680e+04  -6.7950362e+05
   3.0400000e+01  -1.2585222e+05  -6.4934481e+05
   3.0500000e+01  -1.8416009e+05  -5.9587294e+05
   3.0600000e+01  -2.3334912e+05  -5.3149981e+05
   3.0700000e+01  -2.7104909e+05  -4.7356475e+05
   3.0800000e+01  -3.0027238e+05  -4.3272897e+05
   3.0900000e+01  -3.2697791e+05  -4.0700600e+05
   3.1000000e+01  -3.5386088e+05  -3.8524272e+05
   3.1100000e+01  -3.7549884e+05  -3.5622925e+05
   3.1200000e+01  -3.8109350e+05  -3.1646228e+05
   3.1300000e+01  -3.6373175e+05  -2.7169150e+05
   3.1400000e+01  -3.2670884e+05  -2.3193983e+05
   3.1500000e+01  -2.7936897e+05  -2.0382648e+05
   3.1600000e+01  -2.2674827e+05  -1.8567011e+05
   3.1700000e+01  -1.6520205e+05  -1.6878380e+05
   3.1800000e+01  -8.9693758e+04  -1.4357938e+05
   3.1900000e+01  -4.5259766e+03  -1.0521962e+05
   3.2000000e+01   7.5319625e+04  -5.4226305e+04
   3.2100000e+01   1.3468608e+05   7.5870488e+03
   3.2200000e+01   1.6989953e+05   8.0841117e+04
   3.2300000e+01   1.9001819e+05   1.6743675e+05
   3.2400000e+01   2.0749836e+05   2.6547869e+05
   3.2500000e+01   2.2816697e+05   3.6615266e+05
   3.2600000e+01   2.4895047e+05   4.5719653e+05
   3.2700000e+01   2.6280831e+05   5.3099438e+05
   3.2800000e+01   2.6463241e+05   5.9014088e+05
   3.2900000e+01   2.5380414e+05   6.4510762e+05
   3.3000000e+01   2.3364689e+05   7.0556075e+05
   3.3100000e+01   2.0955191e+05   7.7217631e+05
   3.3200000e+01   1.8654633e+05   8.3511694e+05
   3.3300000e+01   1.6694692e+05   8.8004244e+05
   3.3400000e+01   1.4975091e+05   8.9697331e+05
   3.3500000e+01   1.3277698e+05   8.8511550e+05
   3.3600000e+01   1.1577855e+05   8.4973831e+05
   3.3700000e+01   1.0121988e+05   7.9412812e+05
   3.3800000e+01   9.1707453e+04   7.1500031e+05
   3.3900000e+01   8.6801547e+04   6.0714506e+05
   3.4000000e+01   8.2553633e+04   4.7330131e+05
   3.4100000e+01   7.4007391e+04   3.2830634e+05
   3.4200000e+01   5.8039551e+04   1.9146662e+05
   3.4300000e+01   3.4428793e+04   7.3733945e+04
   3.4400000e+01   5.3587090e+03  -2.7471215e+04
   3.4500000e+01  -2.5613631e+04  -1.2071552e+05
   3.4600000e+01  -5.4914156e+04  -2.0843531e+05
   3.4700000e+01  -8.0497258e+04  -2.8237141e+05
   3.4800000e+01  -1.0240313e+05  -3.2991166e+05
   3.4900000e+01  -1.2147084e+05  -3.4394069e+05
   3.5000000e+01  -1.3770566e+05  -3.2724997e+05
   3.5100000e+01  -1.5078894e+05  -2.8968694e+05
   3.5200000e+01  -1.6230997e+05  -2.4269973e+05
   3.5300000e+01  -1.7591000e+05  -1.9593367e+05
   3.5400000e+01  -1.9326231e+05  -1.5648661e+05
   3.5500000e+01  -2.0970745e+05  -1.2899385e+05
   3.5600000e+01  -2.1549305e+05  -1.1550506e+05
   3.5700000e+01  -2.0273291e+05  -1.1573079e+05
   3.5800000e+01  -1.7111977e+05  -1.2836378e+05
   3.5900000e+01  -1.2661348e+05  -1.5300450e+05
   3.6000000e+01  -7.5737695e+04  -1.9129853e+05
   3.6100000e+01  -2.2764924e+04  -2.4625492e+05
   3.6200000e+01   2.8069367e+04  -3.2008900e+05
   3.6300000e+01   7.0638289e+04  -4.1204275e+05
   3.6400000e+01   9.9845445e+04  -5.1738547e+05
   3.6500000e+01   1.1630464e+05  -6.2771962e+05
   3.6600000e+01   1.2620434e+05  -7.3236994e+05
   3.6700000e+01   1.3551992e+05  -8.2117975e+05
   3.6800000e+01   1.4478511e+05  -8.8837412e+05
   3.6900000e+01   1.4967023e+05  -9.3465444e+05
   3.7000000e+01   1.4566112e+05  -9.6391075e+05
   3.7100000e+01   1.3161844e+05  -9.7552331e+05
   3.7200000e+01   1.1015074e+05  -9.5960931e+05
   3.7300000e+01   8.6521500e+04  -9.0200425e+05
   3.7400000e+01   6.7218023e+04  -7.9586912e+05
   3.7500000e+01   5.7330172e+04  -6.4796475e+05
   3.7600000e+01   5.7266977e+04  -4.7183341e+05
   3.7700000e+01   6.2122836e+04  -2.7460772e+05
   3.7800000e+01   6.5568984e+04  -5.2361004e+04
   3.7900000e+01   6.4877656e+04   1.9997817e+05
   3.8000000e+01   6.1682867e+04   4.7471434e+05
   3.8100000e+01   5.7950801e+04   7.4907119e+05
   3.8200000e+01   5.2475996e+04   9.9738619e+05
   3.8300000e+01   4.2248238e+04   1.2048364e+06
   3.8400000e+01   2.6431850e+04   1.3686982e+06
   3.8500000e+01   7.2987363e+03   1.4875899e+06
   3.8600000e+01  -1.3163018e+04   1.5522124e+06
   3.8700000e+01  -3.6043164e+04   1.5483798e+06
   3.8800000e+01  -6.3274879e+04   1.4686448e+06
   3.8900000e+01  -9.2771320e+04   1.3194409e+06
   3.9000000e+01  -1.1759607e+05   1.1162952e+06
   3.9100000e+01  -1.3157812e+05   8.7291906e+05
   3.9200000e+01  -1.3579770e+05   5.9576894e+05
   3.9300000e+01  -1.3840066e+05   2.8874384e+05
   3.9400000e+01  -1.4705606e+05  -3.8026422e+04
   3.9500000e+01  -1.6142606e+05  -3.6430291e+05
   3.9600000e+01  -1.7314323e+05  -6.6379162e+05
   3.9700000e+01  -1.7299089e+05  -9.1201475e+05
   3.9800000e+01  -1.5813495e+05  -1.0921445e+06
   3.9900000e+01  -1.3343020e+05  -1.1959842e+06
   4.0000000e+01  -1.0738067e+05  -1.2211344e+06
   4.0100000e+01  -8.7278445e+04  -1.1676675e+06
   4.0200000e+01  -7.6343875e+04  -1.0376357e+06
   4.0300000e+01  -7.2769758e+04  -8.3796256e+05
   4.0400000e+01  -7.0540375e+04  -5.8329531e+05
   4.0500000e+01  -6.2685016e+04  -2.9449619e+05
   4.0600000e+01  -4.5723879e+04   7.1286558e+03
   4.0700000e+01  -2.1586316e+04   3.0443338e+05
   4.0800000e+01   4.8779556e+03   5.8302081e+05
   4.0900000e+01   2.9625670e+04   8.2571112e+05
   4.1000000e+01   5.0000379e+04   1.0099706e+06
   4.1100000e+01   6.2818172e+04   1.1126734e+06
   4.1200000e+01   6.4799312e+04   1.1190161e+06
   4.1300000e+01   5.6806906e+04   1.0284006e+06
   4.1400000e+01   4.6675801e+04   8.5327675e+05
   4.1500000e+01   4.5373086e+04   6.1301188e+05
   4.1600000e+01   5.8891961e+04   3.2787606e+05
   4.1700000e+01   8.3725422e+04   1.6697146e+04
   4.1800000e+01   1.0991378e+05  -3.0176850e+05
   4.1900000e+01   1.2787319e+05  -6.0641831e+05
   4.2000000e+01   1.3305059e+05  -8.7352081e+05
   4.2100000e+01   1.2666132e+05  -1.0799242e+06
   4.2200000e+01   1.1420735e+05  -1.2082652e+06
   4.2300000e+01   1.0271679e+05  -1.2511309e+06
   4.2400000e+01   9.6738945e+04  -1.2120118e+06
   4.2500000e+01   9.5199172e+04  -1.1028845e+06
   4.2600000e+01   9.2590516e+04  -9.3958050e+05
   4.2700000e+01   8.4472516e+04  -7.3681206e+05
   4.2800000e+01   7.2067844e+04  -5.0556984e+05
   4.2900000e+01   6.0884605e+04  -2.5519828e+05
   4.3000000e+01   5.4564258e+04   9.1329028e+02
   4.3100000e+01   5.0490156e+04   2.4153916e+05
   4.3200000e+01   4.1994629e+04   4.4131181e+05
   4.3300000e+01   2.5275594e+04   5.8110225e+05
   4.3400000e+01   4.4028433e+03   6.5713238e+05
   4.3500000e+01  -1.0653400e+04   6.8090631e+05
   4.3600000e+01  -1.1889378e+04   6.6998019e+05
   4.3700000e+01  -4.4975684e+02   6.3744512e+05
   4.3800000e+01   1.3515061e+04   5.8811094e+05
   4.3900000e+01   1.8808445e+04   5.2259759e+05
   4.4000000e+01   1.2061852e+04   4.4404034e+05
   4.4100000e+01  -6.2777148e+02   3.6129209e+05
   4.4200000e+01  -1.0462596e+04   2.8651128e+05
   4.4300000e+01  -1.3961613e+04   2.2963983e+05
   4.4400000e+01  -1.4451953e+04   1.9417500e+05
   4.4500000e+01  -1.6776730e+04   1.7702402e+05
   4.4600000e+01  -2.1822176e+04   1.7158195e+05
   4.4700000e+01  -2.6306621e+04   1.7072605e+05
   4.4800000e+01  -2.6720701e+04   1.6770689e+05
   4.4900000e+01  -2.2590758e+04   1.5644725e+05
   4.5000000e+01  -1.6577590e+04   1.3377195e+05
   4.5100000e+01  -1.2824426e+04   1.0257016e+05
   4.5200000e+01  -1.5467769e+04   7.1395977e+04
   4.5300000e+01  -2.7145447e+04   4.8447477e+04
   4.5400000e+01  -4.6822559e+04   3.4680535e+04
   4.5500000e+01  -6.8373477e+04   2.3371146e+04
   4.5600000e+01  -8.2687695e+04   7.0587944e+03
   4.5700000e+01  -8.3563305e+04  -1.5697359e+04
   4.5800000e+01  -7.3155227e+04  -4.1225926e+04
   4.5900000e+01  -6.1469645e+04  -6.7552062e+04
   4.6000000e+01  -5.8993988e+04  -9.8213641e+04
   4.6100000e+01  -6.8280805e+04  -1.3811972e+05
   4.6200000e+01  -8.2101820e+04  -1.8647008e+05
   4.6300000e+01  -8.9981477e+04  -2.3529300e+05
   4.6400000e+01  -8.6959305e+04  -2.7531541e+05
   4.6500000e+01  -7.6557414e+04  -3.0270750e+05
   4.6600000e+01  -6.6076359e+04  -3.2032122e+05
   4.6700000e+01  -5.9831184e+04  -3.3370141e+05
   4.6800000e+01  -5.6980750e+04  -3.4647275e+05
   4.6900000e+01  -5.4822348e+04  -3.5800347e+05
   4.7000000e+01  -5.2720719e+04  -3.6324903e+05
   4.7100000e+01  -5.2207582e+04  -3.5467081e+05
   4.7200000e+01  -5.3915410e+04  -3.2678256e+05
   4.7300000e+01  -5.5542762e+04  -2.8155638e+05
   4.7400000e+01  -5.3224445e+04  -2.2987323e+05
   4.7500000e+01  -4.4337203e+04  -1.8589191e+05
   4.7600000e+01  -2.8455135e+04  -1.5765423e+05
   4.7700000e+01  -6.2041392e+03  -1.4168941e+05
   4.7800000e+01   2.1291076e+04  -1.2648529e+05
   4.7900000e+01   5.1038094e+04  -1.0209399e+05
   4.8000000e+01   7.7314594e+04  -6.8070758e+04
   4.8100000e+01   9.4223867e+04  -3.3524539e+04
   4.8200000e+01   1.0037416e+05  -9.3817246e+03
   4.8300000e+01   1.0087044e+05   9.9466785e+02
   4.8400000e+01   1.0397765e+05   5.2759258e+03
   4.8500000e+01   1.1519101e+05   1.6686041e+04
   4.8600000e+01   1.3348580e+05   4.3811109e+04
   4.8700000e+01   1.5167819e+05   8.3902742e+04
   4.8800000e+01   1.5981300e+05   1.2479267e+05
   4.8900000e+01   1.5029125e+05   1.5332434e+05
   4.9000000e+01   1.2325853e+05   1.6357948e+05
   4.9100000e+01   8.8500367e+04   1.5947750e+05
   4.9200000e+01   5.9934906e+04   1.5098614e+05
   4.9300000e+01   4.5003680e+04   1.4705250e+05
   4.9400000e+01   3.8526840e+04   1.4988103e+05
   4.9500000e+01   2.8432586e+04   1.5442558e+05
   4.9600000e+01   8.6424980e+03   1.5370331e+05
   4.9700000e+01  -1.4313014e+04   1.4594741e+05
   4.9800000e+01  -2.8232477e+04   1.3756988e+05
   4.9900000e+01  -2.8199117e+04   1.3921945e+05
   5.0000000e+01  -2.1685602e+04   1.5817020e+05
   5.0100000e+01  -2.1096217e+04   1.9301689e+05
   5.0200000e+01  -3.2383434e+04   2.3414859e+05
   5.0300000e+01  -5.1027586e+04   2.6916488e+05
   5.0400000e+01  -6.7581953e+04   2.8987731e+05
   5.0500000e+01  -7.5779602e+04   2.9694794e+05
   5.0600000e+01  -7.5859578e+04   2.9885381e+05
   5.0700000e+01  -7.1959062e+04   3.0475862e+05
   5.0800000e+01  -6.7442711e+04   3.1586494e+05
   5.0900000e+01  -6.2303375e+04   3.2264197e+05
   5.1000000e+01  -5.4153281e+04   3.1152597e+05
   5.1100000e+01  -4.1538574e+04   2.7627259e+05
   5.1200000e+01  -2.6569029e+04   2.2407289e+05
   5.1300000e+01  -1.4048551e+04   1.7039814e+05
   5.1400000e+01  -7.1829854e+03   1.2634945e+05
   5.1500000e+01  -3.8028716e+03   8.9320789e+04
   5.1600000e+01   2.2401060e+03   4.5521633e+04
   5.1700000e+01   1.4467303e+04  -1.7280652e+04
   5.1800000e+01   2.8133418e+04  -9.7915406e+04
   5.1900000e+01   3.2446936e+04  -1.8171038e+05
   5.2000000e+01   2.0324082e+04  -2.5223014e+05
   5.2100000e+01  -3.2084209e+03  -3.0366494e+05
   5.2200000e+01  -2.3055484e+04  -3.4246891e+05
   5.2300000e+01  -2.5880865e+04  -3.7809147e+05
   5.2400000e+01  -1.1083773e+04  -4.1321944e+05
   5.2500000e+01   9.0965977e+03  -4.4275700e+05
   5.2600000e+01   1.9876164e+04  -4.6036331e+05
   5.2700000e+01   1.5138287e+04  -4.6408591e+05
   5.2800000e+01   9.8395679e+02  -4.5562350e+05
   5.2900000e+01  -9.4680781e+03  -4.3579769e+05
   5.3000000e+01  -5.5099570e+03  -4.0227469e+05
   5.3100000e+01   1.3096258e+04  -3.5190306e+05
   5.3200000e+01   3.4447410e+04  -2.8480003e+05
   5.3300000e+01   4.2119656e+04  -2.0611558e+05
   5.3400000e+01   2.8531227e+04  -1.2411658e+05
   5.3500000e+01   2.9663418e+03  -4.6226621e+04
   5.3600000e+01  -1.5229443e+04   2.4283820e+04
   5.3700000e+01  -1.3982259e+04   8.8732844e+04
   5.3800000e+01   4.6619507e+02   1.4976422e+05
   5.3900000e+01   1.0594393e+04   2.0611062e+05
   5.4000000e+01   5.2203799e+03   2.4977625e+05
   5.4100000e+01  -1.1269757e+04   2.6954806e+05
   5.4200000e+01  -2.6720844e+04   2.5941383e+05
   5.4300000e+01  -3.5067691e+04   2.2457108e+05
   5.4400000e+01  -4.0064234e+04   1.7859286e+05
   5.4500000e+01  -4.6763676e+04   1.3393239e+05
   5.4600000e+01  -5.3144766e+04   9.5189969e+04
   5.4700000e+01  -5.1943441e+04   6.1244523e+04
   5.4800000e+01  -3.8950074e+04   3.1827072e+04
   5.4900000e+01  -1.7189791e+04   9.5277861e+03
   5.5000000e+01   6.6759365e+03  -4.4877495e+03
   5.5100000e+01   2.7877322e+04  -1.3547971e+04
   5.5200000e+01   4.4972523e+04  -2.1472430e+04
   5.5300000e+01   5.7998359e+04  -2.6088494e+04
   5.5400000e+01   6.7455086e+04  -1.9559975e+04
   5.5500000e+01   7.4823305e+04   3.2772056e+03
   5.5600000e+01   8.1881227e+04   3.7886902e+04
   5.5700000e+01   8.8034703e+04   7.2727617e+04
   5.5800000e+01   8.8783172e+04   9.8906875e+04
   5.5900000e+01   7.8158961e+04   1.1655547e+05
   5.6000000e+01   5.3620309e+04   1.3223489e+05
   5.6100000e+01   1.9033551e+04   1.5149795e+05
   5.6200000e+01  -1.6849766e+04   1.7421534e+05
   5.6300000e+01  -4.5202418e+04   1.9537938e+05
   5.6400000e+01  -6.1892020e+04   2.0837523e+05
   5.6500000e+01  -6.9274797e+04   2.0733166e+05
   5.6600000e+01  -7.3900586e+04   1.8834161e+05
   5.6700000e+01  -8.1584555e+04   1.5081664e+05
   5.6800000e+01  -9.3475570e+04   9.8608250e+04
   5.6900000e+01  -1.0625532e+05   3.9006160e+04
   5.7000000e+01  -1.1588291e+05  -2.0847652e+04
   5.7100000e+01  -1.2088390e+05  -7.7608445e+04
   5.7200000e+01  -1.2214630e+05  -1.3217072e+05
   5.7300000e+01  -1.2043495e+05  -1.8650122e+05
   5.7400000e+01  -1.1504356e+05  -2.3991789e+05
   5.7500000e+01  -1.0479297e+05  -2.8804397e+05
   5.7600000e+01  -8.9560023e+04  -3.2467081e+05
   5.7700000e+01  -7.0666609e+04  -3.4440209e+05
   5.7800000e+01  -5.0488891e+04  -3.4449231e+05
   5.7900000e+01  -3.1919096e+04  -3.2572897e+05
   5.8000000e+01  -1.7099934e+04  -2.9207947e+05
   5.8100000e+01  -5.4560527e+03  -2.4840880e+05
   5.8200000e+01   6.7018936e+03  -1.9734161e+05
   5.8300000e+01   2.3186129e+04  -1.3852414e+05
   5.8400000e+01   4.4030938e+04  -7.1834266e+04
   5.8500000e+01   6.5575617e+04  -1.0816890e+03
   5.8600000e+01   8.5159602e+04   6.6833953e+04
   5.8700000e+01   1.0467166e+05   1.2699887e+05
   5.8800000e+01   1.2778509e+05   1.7965141e+05
   5.8900000e+01   1.5381175e+05   2.2737716e+05
   5.9000000e+01   1.7637703e+05   2.7008369e+05
   5.9100000e+01   1.8978814e+05   3.0425659e+05
   5.9200000e+01   1.9602619e+05   3.2668803e+05
   5.9300000e+01   2.0343806e+05   3.3663906e+05
   5.9400000e+01   2.1742244e+05   3.3339378e+05
   5.9500000e+01   2.3296117e+05   3.1384903e+05
   5.9600000e+01   2.3746573e+05   2.7537034e+05
   5.9700000e+01   2.2162933e+05   2.2123795e+05
   5.9800000e+01   1.8769488e+05   1.6108653e+05
   5.9900000e+01   1.4733177e+05   1.0446926e+05
   6.0000000e+01   1.1170533e+05   5.4520875e+04
   6.0100000e+01   8.3516508e+04   8.6005830e+03
   6.0200000e+01   5.7881863e+04  -3.5843105e+04
   6.0300000e+01   2.9474092e+04  -7.7435438e+04
   6.0400000e+01  -2.5712375e+03  -1.1236078e+05
   6.0500000e+01  -3.6684141e+04  -1.3773355e+05
   6.0600000e+01  -7.3607609e+04  -1.5270461e+05
   6.0700000e+01  -1.1625163e+05  -1.5754811e+05
   6.0800000e+01  -1.6361266e+05  -1.5332006e+05
   6.0900000e+01  -2.0647855e+05  -1.4262939e+05
   6.1000000e+01  -2.3222070e+05  -1.2985598e+05
   6.1100000e+01  -2.3561489e+05  -1.1986351e+05
   6.1200000e+01  -2.2430342e+05  -1.1593473e+05
   6.1300000e+01  -2.1200795e+05  -1.1794807e+05
   6.1400000e+01  -2.0580534e+05  -1.2166672e+05
   6.1500000e+01  -2.0063048e+05  -1.2045789e+05
   6.1600000e+01  -1.8639455e+05  -1.0983617e+05
   6.1700000e+01  -1.5939702e+05  -9.1852281e+04
   6.1800000e+01  -1.2570014e+05  -7.4481180e+04
   6.1900000e+01  -9.3912188e+04  -6.5179367e+04
   6.2000000e+01  -6.6561508e+04  -6.4474199e+04
   6.2100000e+01  -3.9716750e+04  -6.6240922e+04
   6.2200000e+01  -1.0349473e+04  -6.4027965e+04
   6.2300000e+01   1.7497213e+04  -5.6076074e+04
   6.2400000e+01   3.4567242e+04  -4.4105363e+04
   6.2500000e+01   3.4279227e+04  -2.9106863e+04
   6.2600000e+01   1.9020574e+04  -1.0332534e+04
   6.2700000e+01  -6.0948785e+02   1.1934402e+04
   6.2800000e+01  -1.2698740e+04   3.4855520e+04
   6.2900000e+01  -1.1519094e+04   5.5444367e+04
   6.3000000e+01  -1.8261743e+02   7.3217820e+04
   6.3100000e+01   1.2862308e+04   8.8651594e+04
   6.3200000e+01   2.0040660e+04   9.9145984e+04
   6.3300000e+01   1.8703312e+04   9.8550094e+04
   6.3400000e+01   1.1181632e+04   8.2583070e+04
   6.3500000e+01   2.7416990e+03   5.5230816e+04
   6.3600000e+01  -5.2628833e+02   2.9134586e+04
   6.3700000e+01   5.7622432e+03   1.8217455e+04
   6.3800000e+01   2.1013846e+04   2.7711791e+04
   6.3900000e+01   3.8448727e+04   4.9384871e+04
   6.4000000e+01   4.9262527e+04   6.6554234e+04
   6.4100000e+01   5.0058312e+04   6.6435555e+04
   6.4200000e+01   4.6182895e+04   5.0733641e+04
   6.4300000e+01   4.6563758e+04   3.4964832e+04
   6.4400000e+01   5.4723445e+04   3.5563820e+04
   6.4500000e+01   6.4983508e+04   5.5395938e+04
   6.4600000e+01   6.7202086e+04   8.1139469e+04
   6.4700000e+01   5.4919934e+04   9.5321719e+04
   6.4800000e+01   2.9964197e+04   9.1402547e+04
   6.4900000e+01   1.2240826e+03   7.7352664e+04
   6.5000000e+01  -2.0477941e+04   6.5106023e+04
   6.5100000e+01  -2.8666928e+04   5.7453074e+04
   6.5200000e+01  -2.5656459e+04   4.5657152e+04
   6.5300000e+01  -2.1635129e+04   1.9393396e+04
   6.5400000e+01  -2.7405199e+04  -2.1682430e+04
   6.5500000e+01  -4.5618965e+04  -6.6171672e+04
   6.5600000e+01  -6.8185875e+04  -1.0008740e+05
   6.5700000e+01  -8.2440156e+04  -1.1765503e+05
   6.5800000e+01  -8.0321414e+04  -1.2380668e+05
   6.5900000e+01  -6.2527258e+04  -1.2704212e+05
   6.6000000e+01  -3.5476637e+04  -1.3034961e+05
   6.6100000e+01  -5.6622065e+03  -1.2890851e+05
   6.6200000e+01   2.3423680e+04  -1.1605170e+05
   6.6300000e+01   5.0906180e+04  -9.0870742e+04
   6.6400000e+01   7.6989945e+04  -5.9699793e+04
   6.6500000e+01   1.0195722e+05  -3.0274451e+04
   6.6600000e+01   1.2551934e+05  -4.8640698e+03
   6.6700000e+01   1.4612598e+05   2.0447734e+04
   6.6800000e+01   1.6090647e+05   4.9684836e+04
   6.6900000e+01   1.6704697e+05   8.0569898e+04
   6.7000000e+01   1.6391989e+05   1.0457191e+05
   6.7100000e+01   1.5395469e+05   1.1349958e+05
   6.7200000e+01   1.4104547e+05   1.0610351e+05
   6.7300000e+01   1.2777920e+05   8.8361109e+04
   6.7400000e+01   1.1412688e+05   6.7588594e+04
   6.7500000e+01   9.8581875e+04   4.6409801e+04
   6.7600000e+01   7.9943828e+04   2.2268344e+04
   6.7700000e+01   5.7722652e+04  -7.5276465e+03
   6.7800000e+01   3.1746852e+04  -4.0542844e+04
   6.7900000e+01   2.9513145e+03  -6.9109758e+04
   6.8000000e+01  -2.5024129e+04  -8.5712531e+04
   6.8100000e+01  -4.6416016e+04  -8.8804961e+04
   6.8200000e+01  -5.7204426e+04  -8.3473781e+04
   6.8300000e+01  -5.8696152e+04  -7.6378734e+04
   6.8400000e+01  -5.6579566e+04  -7.0023594e+04
   6.8500000e+01  -5.6385566e+04  -6.1743289e+04
   6.8600000e+01  -6.0528566e+04  -4.7559336e+04
   6.8700000e+01  -6.9370055e+04  -2.6224879e+04
   6.8800000e+01  -8.2987578e+04   3.4462476e+02
   6.8900000e+01  -1.0005192e+05   2.9181020e+04
   6.9000000e+01  -1.1575021e+05   5.7268539e+04
   6.9100000e+01  -1.2341976e+05   8.0340352e+04
   6.9200000e+01  -1.1980655e+05   9.2100055e+04
   6.9300000e+01  -1.0824047e+05   8.6388625e+04
   6.9400000e+01  -9.5835828e+04   6.1208137e+04
   6.9500000e+01  -8.7829320e+04   2.1064414e+04
   6.9600000e+01  -8.4880633e+04  -2.4520508e+04
   6.9700000e+01  -8.4619023e+04  -6.5282520e+04
   6.9800000e+01  -8.4053414e+04  -9.4502281e+04
   6.9900000e+01  -8.0681469e+04  -1.1102511e+05
   7.0000000e+01  -7.3621820e+04  -1.1822603e+05
   7.0100000e+01  -6.5411785e+04  -1.2073523e+05
   7.0200000e+01  -6.1672488e+04  -1.2103578e+05
   7.0300000e+01  -6.6534297e+04  -1.1810743e+05
   7.0400000e+01  -7.7325336e+04  -1.0859120e+05
   7.0500000e+01  -8.4808445e+04  -8.9009773e+04
   7.0600000e+01  -8.0067109e+04  -5.7537176e+04
   7.0700000e+01  -6.1652633e+04  -1.5237588e+04
   7.0800000e+01  -3.6130992e+04   3.3053594e+04
   7.0900000e+01  -1.2260623e+04   7.9498438e+04
   7.1000000e+01   4.9596206e+03   1.1704187e+05
   7.1100000e+01   1.5614436e+04   1.4427342e+05
   7.1200000e+01   2.2550871e+04   1.6631500e+05
   7.1300000e+01   2.9103754e+04   1.8917253e+05
   7.1400000e+01   3.8354809e+04   2.1208044e+05
   7.1500000e+01   5.2637660e+04   2.2595756e+05
   7.1600000e+01   7.2283625e+04   2.2068172e+05
   7.1700000e+01   9.4646250e+04   1.9455416e+05
   7.1800000e+01   1.1499011e+05   1.5663297e+05
   7.1900000e+01   1.2916314e+05   1.1985698e+05
   7.2000000e+01   1.3609816e+05   9.1938242e+04
   7.2100000e+01   1.3801217e+05   7.2148547e+04
   7.2200000e+01   1.3786722e+05   5.5241195e+04
   7.2300000e+01   1.3606047e+05   3.7268219e+04
   7.2400000e+01   1.2956380e+05   1.8227223e+04
   7.2500000e+01   1.1514757e+05   1.0006082e+03
   7.2600000e+01   9.4293078e+04  -1.1112923e+04
   7.2700000e+01   7.4549680e+04  -1.6615699e+04
   7.2800000e+01   6.4437707e+04  -1.7206537e+04
   7.2900000e+01   6.5561430e+04  -1.7452270e+04
   7.3000000e+01   6.9638789e+04  -2.2077020e+04
   7.3100000e+01   6.4243504e+04  -3.2611594e+04
   7.3200000e+01   4.2462297e+04  -4.6927266e+04
   7.3300000e+01   7.7132896e+03  -6.2669891e+04
   7.3400000e+01  -2.9903266e+04  -8.0725008e+04
   7.3500000e+01  -6.1148910e+04  -1.0406705e+05
   7.3600000e+01  -8.2239898e+04  -1.3286555e+05
   7.3700000e+01  -9.4412969e+04  -1.6199131e+05
   7.3800000e+01  -1.0129737e+05  -1.8472722e+05
   7.3900000e+01  -1.0686700e+05  -1.9879809e+05
   7.4000000e+01  -1.1408182e+05  -2.0757108e+05
   7.4100000e+01  -1.2366446e+05  -2.1488297e+05
   7.4200000e+01  -1.3372716e+05  -2.1942914e+05
   7.4300000e+01  -1.4095738e+05  -2.1486339e+05
   7.4400000e+01  -1.4240267e+05  -1.9516158e+05
   7.4500000e+01  -1.3639156e+05  -1.5977656e+05
   7.4600000e+01  -1.2268603e+05  -1.1449195e+05
   7.4700000e+01  -1.0290753e+05  -6.8204633e+04
   7.4800000e+01  -8.0937398e+04  -2.8184418e+04
   7.4900000e+01  -6.1694211e+04   3.5343862e+03
   7.5000000e+01  -4.8144660e+04   3.0318693e+04
   7.5100000e+01  -3.9073508e+04   5.6951805e+04
   7.5200000e+01  -3.0101246e+04   8.4429102e+04
   7.5300000e+01  -1.7148363e+04   1.0862484e+05
   7.5400000e+01   1.0936392e+03   1.2447769e+05
   7.5500000e+01   2.3802594e+04   1.3102484e+05
   7.5600000e+01   5.0143965e+04   1.3137083e+05
   7.5700000e+01   7.9550797e+04   1.2793112e+05
   7.5800000e+01   1.0936775e+05   1.1935745e+05
   7.5900000e+01   1.3299539e+05   1.0329585e+05
   7.6000000e+01   1.4223614e+05   8.1268617e+04
   7.6100000e+01   1.3332223e+05   5.8849422e+04
   7.6200000e+01   1.1124245e+05   4.0240395e+04
   7.6300000e+01   8.7279117e+04   2.3844547e+04
   7.6400000e+01   7.0932383e+04   4.8299458e+03
   7.6500000e+01   6.3458812e+04  -1.7550871e+04
   7.6600000e+01   5.9097633e+04  -3.6217879e+04
   7.6700000e+01   5.2276113e+04  -4.1071938e+04
   7.6800000e+01   4.3075805e+04  -2.8039158e+04
   7.6900000e+01   3.5778977e+04  -3.0048784e+03
   7.7000000e+01   3.3333566e+04   2.3765465e+04
   7.7100000e+01   3.4600867e+04   4.7122000e+04
   7.7200000e+01   3.6870070e+04   7.0422977e+04
   7.7300000e+01   3.9309293e+04   9.9146711e+04
   7.7400000e+01   4.2440473e+04   1.3180838e+05
   7.7500000e+01   4.4722102e+04   1.5861847e+05
   7.7600000e+01   4.1704434e+04   1.6997178e+05
   7.7700000e+01   3.0070631e+04   1.6569703e+05
   7.7800000e+01   1.2278658e+04   1.5472414e+05
   7.7900000e+01  -3.8697793e+03   1.4526688e+05
   7.8000000e+01  -1.0755385e+04   1.3611828e+05
   7.8100000e+01  -6.0974277e+03   1.1834154e+05
   7.8200000e+01   6.5297969e+03   8.5161195e+04
   7.8300000e+01   2.0688947e+04   3.9276762e+04
   7.8400000e+01   3.0048199e+04  -9.6592344e+03
   7.8500000e+01   3.0173975e+04  -5.3753770e+04
   7.8600000e+01   2.0116990e+04  -9.2212828e+04
   7.8700000e+01   3.3426230e+03  -1.2854930e+05
   7.8800000e+01  -1.4008348e+04  -1.6397492e+05
   7.8900000e+01  -2.7308809e+04  -1.9446525e+05
   7.9000000e+01  -3.6373461e+04  -2.1387711e+05
   7.9100000e+01  -4.4114320e+04  -2.1896969e+05
   7.9200000e+01  -5.2520078e+04  -2.1134189e+05
   7.9300000e+01  -6.0159742e+04  -1.9556677e+05
   7.9400000e+01  -6.3162586e+04  -1.7622272e+05
   7.9500000e+01  -5.8272262e+04  -1.5596920e+05
   7.9600000e+01  -4.5865066e+04  -1.3491864e+05
   7.9700000e+01  -3.1368082e+04  -1.1128414e+05
   7.9800000e+01  -2.3275029e+04  -8.3479547e+04
   7.9900000e+01  -2.7230379e+04  -5.2385766e+04
   8.0000000e+01  -4.0255320e+04  -2.1182531e+04
   8.0100000e+01  -5.1960871e+04   7.6293369e+03
   8.0200000e+01  -5.3965707e+04   3.4274902e+04
   8.0300000e+01  -4.8724340e+04   5.9228809e+04
   8.0400000e+01  -4.7458500e+04   7.8613172e+04
   8.0500000e+01  -5.8388289e+04   8.4354352e+04
   8.0600000e+01  -7.8176125e+04   7.1614742e+04
   8.0700000e+01  -9.6297906e+04   4.6564070e+04
   8.0800000e+01  -1.0690428e+05   2.4836357e+04
   8.0900000e+01  -1.1403703e+05   1.9950660e+04
   8.1000000e+01  -1.2437628e+05   3.2227830e+04
   8.1100000e+01  -1.3659753e+05   4.9261180e+04
   8.1200000e+01  -1.4018642e+05   5.7597680e+04
   8.1300000e+01  -1.2556384e+05   5.4177027e+04
   8.1400000e+01  -9.4787547e+04   4.7009309e+04
   8.1500000e+01  -6.1411621e+04   4.6026734e+04
   8.1600000e+01  -3.9096887e+04   5.4474164e+04
   8.1700000e+01  -2.9711236e+04   6.8971383e+04
   8.1800000e+01  -2.2327334e+04   8.5913430e+04
   8.1900000e+01  -4.2582598e+03   1.0535722e+05
   8.2000000e+01   2.6360557e+04   1.2798197e+05
   8.2100000e+01   5.8687281e+04   1.5001148e+05
   8.2200000e+01   7.9798945e+04   1.6347609e+05
   8.2300000e+01   8.7073445e+04   1.6208144e+05
   8.2400000e+01   8.9950016e+04   1.4574728e+05
   8.2500000e+01   9.9899414e+04   1.1889559e+05
   8.2600000e+01   1.1937160e+05   8.5707570e+04
   8.2700000e+01   1.4041861e+05   4.8754598e+04
   8.2800000e+01   1.5272552e+05   1.1672535e+04
   8.2900000e+01   1.5180791e+05  -1.9777027e+04
   8.3000000e+01   1.4017603e+05  -4.1852090e+04
   8.3100000e+01   1.2291555e+05  -5.7906723e+04
   8.3200000e+01   1.0375214e+05  -7.7049250e+04
   8.3300000e+01   8.4615180e+04  -1.0548082e+05
   8.3400000e+01   6.6825945e+04  -1.3848162e+05
   8.3500000e+01   5.1422676e+04  -1.6198119e+05
   8.3600000e+01   3.8821676e+04  -1.6391870e+05
   8.3700000e+01   2.9243615e+04  -1.4565861e+05
   8.3800000e+01   2.3759553e+04  -1.2255420e+05
   8.3900000e+01   2.4411809e+04  -1.1208491e+05
   8.4000000e+01   3.2774680e+04  -1.1949310e+05
   8.4100000e+01   4.8059887e+04  -1.3362486e+05
   8.4200000e+01   6.6216820e+04  -1.3666842e+05
   8.4300000e+01   8.0627047e+04  -1.1899124e+05
   8.4400000e+01   8.4353320e+04  -8.6162680e+04
   8.4500000e+01   7.3434000e+04  -5.3094988e+04
   8.4600000e+01   4.9583637e+04  -3.1935117e+04
   8.4700000e+01   1.9888234e+04  -2.4745512e+04
   8.4800000e+01  -7.2318584e+03  -2.5977457e+04
   8.4900000e+01  -2.7007027e+04  -3.0176273e+04
   8.5000000e+01  -4.0056070e+04  -3.6550398e+04
   8.5100000e+01  -4.9682086e+04  -4.6780879e+04
   8.5200000e+01  -5.7874738e+04  -6.0080109e+04
   8.5300000e+01  -6.3903375e+04  -7.1866805e+04
   8.5400000e+01  -6.6065602e+04  -7.7317688e+04
   8.5500000e+01  -6.4100398e+04  -7.4860781e+04
   8.5600000e+01  -6.0016887e+04  -6.5137918e+04
   8.5700000e+01  -5.7022582e+04  -4.7404660e+04
   8.5800000e+01  -5.7273984e+04  -1.9043297e+04
   8.5900000e+01  -5.9659566e+04   2.0455051e+04
   8.6000000e+01  -5.9742062e+04   6.6267500e+04
   8.6100000e+01  -5.3436422e+04   1.1063068e+05
   8.6200000e+01  -4.2162273e+04   1.4860959e+05
   8.6300000e+01  -3.3650527e+04   1.8068769e+05
   8.6400000e+01  -3.5387164e+04   2.0962133e+05
   8.6500000e+01  -4.5974730e+04   2.3562908e+05
   8.6600000e+01  -5.3925469e+04   2.5492773e+05
   8.6700000e+01  -4.6869578e+04   2.6205481e+05
   8.6800000e+01  -2.3017797e+04   2.5305686e+05
   8.6900000e+01   6.3770796e+03   2.2751408e+05
   8.7000000e+01   2.6121699e+04   1.8918512e+05
   8.7100000e+01   2.9276590e+04   1.4501095e+05
   8.7200000e+01   2.1694736e+04   1.0213684e+05
   8.7300000e+01   1.5627326e+04   6.4345645e+04
   8.7400000e+01   1.8516459e+04   3.0699311e+04
   8.7500000e+01   2.6682971e+04  -2.3889976e+03
   8.7600000e+01   2.9224598e+04  -3.7396715e+04
   8.7700000e+01   1.8530883e+04  -7.2891828e+04
   8.7800000e+01  -2.4056760e+03  -1.0300712e+05
   8.7900000e+01  -2.2958516e+04  -1.1948472e+05
   8.8000000e+01  -3.5018918e+04  -1.1620942e+05
   8.8100000e+01  -3.9859734e+04  -9.4369336e+04
   8.8200000e+01  -4.5105195e+04  -6.3932176e+04
   8.8300000e+01  -5.6072258e+04  -3.8366363e+04
   8.8400000e+01  -7.0998547e+04  -2.5683260e+04
   8.8500000e+01  -8.3952531e+04  -2.3686008e+04
   8.8600000e+01  -9.0655047e+04  -2.4005717e+04
   8.8700000e+01  -9.1075695e+04  -2.0620395e+04
   8.8800000e+01  -8.7905367e+04  -1.4224412e+04
   8.8900000e+01  -8.3889320e+04  -9.1961904e+03
   8.9000000e+01  -8.0115289e+04  -8.2494385e+03
   8.9100000e+01  -7.5403109e+04  -1.1109226e+04
   8.9200000e+01  -6.6897266e+04  -1.7219504e+04
   8.9300000e+01  -5.2006508e+04  -2.7551400e+04
   8.9400000e+01  -3.0435668e+04  -4.3046680e+04
   8.9500000e+01  -4.5193247e+03  -6.2526418e+04
   8.9600000e+01   2.1937934e+04  -8.3223172e+04
   8.9700000e+01   4.4494402e+04  -1.0266591e+05
   8.9800000e+01   5.8447559e+04  -1.1872818e+05
   8.9900000e+01   6.0860094e+04  -1.2831130e+05
   9.0000000e+01   5.4412188e+04  -1.2843779e+05
   9.0100000e+01   4.8790910e+04  -1.2045095e+05
   9.0200000e+01   5.5405477e+04  -1.1211430e+05
   9.0300000e+01   7.8034062e+04  -1.1263804e+05
   9.0400000e+01   1.0814210e+05  -1.2360853e+05
   9.0500000e+01   1.3071782e+05  -1.3514117e+05
   9.0600000e+01   1.3630045e+05  -1.3262978e+05
   9.0700000e+01   1.2814713e+05  -1.0865330e+05
   9.0800000e+01   1.1783922e+05  -6.8917977e+04
   9.0900000e+01   1.1398165e+05  -2.6947389e+04
   9.1000000e+01   1.1534194e+05   6.8016792e+03
   9.1100000e+01   1.1474345e+05   3.1142387e+04
   9.1200000e+01   1.0842089e+05   5.1269289e+04
   9.1300000e+01   9.9887672e+04   7.1645250e+04
   9.1400000e+01   9.4151180e+04   9.2426125e+04
   9.1500000e+01   8.9782922e+04   1.1156554e+05
   9.1600000e+01   7.9047461e+04   1.2793534e+05
   9.1700000e+01   5.6420828e+04   1.4095495e+05
   9.1800000e+01   2.5382436e+04   1.4845036e+05
   9.1900000e+01  -4.5332905e+03   1.4773183e+05
   9.2000000e+01  -2.6485639e+04   1.3997103e+05
   9.2100000e+01  -4.0456355e+04   1.3154678e+05
   9.2200000e+01  -4.9180688e+04   1.2837012e+05
   9.2300000e+01  -5.2770770e+04   1.2892405e+05
   9.2400000e+01  -4.9337988e+04   1.2556166e+05
   9.2500000e+01  -3.9856051e+04   1.1422034e+05
   9.2600000e+01  -2.9851443e+04   1.0102334e+05
   9.2700000e+01  -2.5240871e+04   9.6421688e+04
   9.2800000e+01  -2.7321240e+04   1.0251597e+05
   9.2900000e+01  -3.2409199e+04   1.0831084e+05
   9.3000000e+01  -3.5687453e+04   9.8870289e+04
   9.3100000e+01  -3.4955492e+04   6.8534812e+04
   9.3200000e+01  -3.1758000e+04   2.4810051e+04
   9.3300000e+01  -3.0332568e+04  -1.9051818e+04
   9.3400000e+01  -3.5258508e+04  -5.3727906e+04
   9.3500000e+01  -4.8505129e+04  -7.7738445e+04
   9.3600000e+01  -6.7867992e+04  -9.5440875e+04
   9.3700000e+01  -8.8909602e+04  -1.1275242e+05
   9.3800000e+01  -1.0904352e+05  -1.3288267e+05
   9.3900000e+01  -1.2908040e+05  -1.5377791e+05
   9.4000000e+01  -1.4994906e+05  -1.6976688e+05
   9.4100000e+01  -1.6850053e+05  -1.7716298e+05
   9.4200000e+01  -1.7807123e+05  -1.7818962e+05
   9.4300000e+01  -1.7384947e+05  -1.7780038e+05
   9.4400000e+01  -1.5722159e+05  -1.7628436e+05
   9.4500000e+01  -1.3472100e+05  -1.6692494e+05
   9.4600000e+01  -1.1340999e+05  -1.4270130e+05
   9.4700000e+01  -9.7233477e+04  -1.0474308e+05
   9.4800000e+01  -8.6028516e+04  -6.2616930e+04
   9.4900000e+01  -7.6174906e+04  -2.6201145e+04
   9.5000000e+01  -6.2680367e+04   1.5879136e+03
   9.5100000e+01  -4.2971602e+04   2.4170570e+04
   9.5200000e+01  -1.9824180e+04   4.5409438e+04
   9.5300000e+01   7.1616089e+02   6.5636516e+04
   9.5400000e+01   1.5779473e+04   8.2450172e+04
   9.5500000e+01   2.9298465e+04   9.3501867e+04
   9.5600000e+01   4.7254441e+04   9.8092539e+04
   9.5700000e+01   6.9112797e+04   9.7115023e+04
   9.5800000e+01   8.6187805e+04   9.2123016e+04
   9.5900000e+01   9.0457844e+04   8.4137992e+04
   9.6000000e+01   8.4373180e+04   7.3277578e+04
   9.6100000e+01   7.9827156e+04   6.0277871e+04
   9.6200000e+01   8.6640961e+04   4.8622230e+04
   9.6300000e+01   1.0325763e+05   4.3817301e+04
   9.6400000e+01   1.1984052e+05   4.8697918e+04
   9.6500000e+01   1.2970828e+05   5.9094898e+04
   9.6600000e+01   1.3602502e+05   6.5715297e+04
   9.6700000e+01   1.4684445e+05   6.2238836e+04
   9.6800000e+01   1.6474638e+05   5.2297328e+04
   9.6900000e+01   1.8231906e+05   4.7808473e+04
   9.7000000e+01   1.8756105e+05   5.9056012e+04
   9.7100000e+01   1.7343078e+05   8.5030719e+04
   9.7200000e+01   1.4328750e+05   1.1279770e+05
   9.7300000e+01   1.0886903e+05   1.2680687e+05
   9.7400000e+01   8.3128742e+04   1.2034321e+05
   9.7500000e+01   7.2634883e+04   9.9511492e+04
   9.7600000e+01   7.3994352e+04   7.6889234e+04
   9.7700000e+01   7.6772492e+04   6.1131777e+04
   9.7800000e+01   7.1320664e+04   5.1744914e+04
   9.7900000e+01   5.5706945e+04   4.2291215e+04
   9.8000000e+01   3.6132754e+04   2.7053623e+04
   9.8100000e+01   2.1027725e+04   4.4389023e+03
   9.8200000e+01   1.4708959e+04  -2.4088920e+04
   9.8300000e+01   1.5641411e+04  -5.5802430e+04
   9.8400000e+01   1.8530576e+04  -8.6900758e+04
   9.8500000e+01   1.6500525e+04  -1.1289241e+05
   9.8600000e+01   2.6095417e+03  -1.3089453e+05
   9.8700000e+01  -2.6944217e+04  -1.4169989e+05
   9.8800000e+01  -6.8260305e+04  -1.4854489e+05
   9.8900000e+01  -1.0898791e+05  -1.5368319e+05
   9.9000000e+01  -1.3506988e+05  -1.5692834e+05
   9.9100000e+01  -1.4050681e+05  -1.5739139e+05
   9.9200000e+01  -1.3086418e+05  -1.5510839e+05
   9.9300000e+01  -1.1702079e+05  -1.5012092e+05
   9.9400000e+01  -1.0589814e+05  -1.4128158e+05
   9.9500000e+01  -9.7359234e+04  -1.2775519e+05
   9.9600000e+01  -8.8511375e+04  -1.1132727e+05
   9.9700000e+01  -7.8534203e+04  -9.5148570e+04
   9.9800000e+01  -6.8576156e+04  -7.9634852e+04
   9.9900000e+01  -5.9117348e+04  -6.1898777e+04
   1.0000000e+02  -4.9747473e+04  -4.0788098e+04
