   1.1851270e+02   3.6301420e+01   1.8450000e+02
   1.1940112e+02   3.6951008e+01   8.4000000e+00
   0.0000000e+00   3.1088700e+05   3.1088700e+05
   1.0000000e-01   3.1432141e+05   2.6899394e+05
   2.0000000e-01   2.8621350e+05   2.0823359e+05
   3.0000000e-01   2.5116770e+05   1.5884153e+05
   4.0000000e-01   2.2852731e+05   1.3648898e+05
   5.0000000e-01   2.1901512e+05   1.3215012e+05
   6.0000000e-01   2.1128069e+05   1.2425495e+05
   7.0000000e-01   1.9649908e+05   9.7844664e+04
   8.0000000e-01   1.7411184e+05   5.2346062e+04
   9.0000000e-01   1.4630558e+05  -4.4549116e+03
   1.0000000e+00   1.1231397e+05  -6.4762227e+04
   1.1000000e+00   7.0607508e+04  -1.2238026e+05
   1.2000000e+00   2.4647139e+04  -1.7007598e+05
   1.3000000e+00  -1.6860064e+04  -2.0019020e+05
   1.4000000e+00  -4.6680910e+04  -2.1001694e+05
   1.5000000e+00  -6.5230340e+04  -2.0577569e+05
   1.6000000e+00  -7.9177445e+04  -1.9927720e+05
   1.7000000e+00  -9.4032969e+04  -1.9903725e+05
   1.8000000e+00  -1.0883447e+05  -2.0398811e+05
   1.9000000e+00  -1.1867488e+05  -2.0604575e+05
   2.0000000e+00  -1.2218587e+05  -1.9912444e+05
   2.1000000e+00  -1.2527791e+05  -1.8545991e+05
   2.2000000e+00  -1.3603220e+05  -1.7279961e+05
   2.3000000e+00  -1.5555148e+05  -1.6594119e+05
   2.4000000e+00  -1.7505344e+05  -1.6234073e+05
   2.5000000e+00  -1.8347753e+05  -1.5644202e+05
   2.6000000e+00  -1.7818888e+05  -1.4674755e+05
   2.7000000e+00  -1.6732980e+05  -1.3662552e+05
   2.8000000e+00  -1.6119959e+05  -1.2833276e+05
   2.9000000e+00  -1.6183088e+05  -1.1862645e+05
   3.0000000e+00  -1.6129894e+05  -1.0190170e+05
   3.1000000e+00  -1.4944150e+05  -7.6553430e+04
   3.2000000e+00  -1.2251034e+05  -4.6198730e+04
   3.3000000e+00  -8.5271281e+04  -1.4727313e+04
   3.4000000e+00  -4.6813836e+04   1.7547557e+04
   3.5000000e+00  -1.5106210e+04   5.1396406e+04
   3.6000000e+00   6.3525215e+03   8.3804039e+04
   3.7000000e+00   1.9689158e+04   1.0838224e+05
   3.8000000e+00   3.1795926e+04   1.2200297e+05
   3.9000000e+00   5.0623180e+04   1.3020419e+05
   4.0000000e+00   7.9402875e+04   1.4429302e+05
   4.1000000e+00   1.1289102e+05   1.7165498e+05
   4.2000000e+00   1.3969334e+05   2.0793564e+05
   4.3000000e+00   1.4962377e+05   2.3834759e+05
   4.4000000e+00   1.3995819e+05   2.4741358e+05
   4.5000000e+00   1.1557022e+05   2.2953031e+05
   4.6000000e+00   8.4354406e+04   1.9236005e+05
   4.7000000e+00   5.3490016e+04   1.5087494e+05
   4.8000000e+00   2.9138766e+04   1.1702170e+05
   4.9000000e+00   1.6527311e+04   9.3013969e+04
   5.0000000e+00   1.7065449e+04   7.3017922e+04
   5.1000000e+00   2.4845199e+04   5.1021242e+04
   5.2000000e+00   2.8404602e+04   2.7547967e+04
   5.3000000e+00   1.8991387e+04   9.1040205e+03
   5.4000000e+00  -1.4608301e+03   1.1702428e+03
   5.5000000e+00  -2.0777148e+04   1.9892631e+03
   5.6000000e+00  -2.5778357e+04   3.6851077e+03
   5.7000000e+00  -1.2195679e+04  -4.6503430e+02
   5.8000000e+00   1.3073948e+04  -1.0468535e+04
   5.9000000e+00   3.8193668e+04  -2.1612643e+04
   6.0000000e+00   5.4830477e+04  -3.1228375e+04
   6.1000000e+00   6.2081422e+04  -4.2202098e+04
   6.2000000e+00   6.4145836e+04  -5.9390660e+04
   6.3000000e+00   6.5107012e+04  -8.3356695e+04
   6.4000000e+00   6.5466492e+04  -1.0846021e+05
   6.5000000e+00   6.2579941e+04  -1.2711192e+05
   6.6000000e+00   5.3682055e+04  -1.3570878e+05
   6.7000000e+00   3.8604871e+04  -1.3691150e+05
   6.8000000e+00   2.0273562e+04  -1.3688764e+05
   6.9000000e+00   3.0275288e+03  -1.4022953e+05
   7.0000000e+00  -1.0015861e+04  -1.4651803e+05
   7.1000000e+00  -1.9098262e+04  -1.5090731e+05
   7.2000000e+00  -2.7994436e+04  -1.4791759e+05
   7.3000000e+00  -4.1362066e+04  -1.3508298e+05
   7.4000000e+00  -6.0493082e+04  -1.1362241e+05
   7.5000000e+00  -8.1014875e+04  -8.6558695e+04
   7.6000000e+00  -9.5448672e+04  -5.6920387e+04
   7.7000000e+00  -9.9133297e+04  -2.7329105e+04
   7.8000000e+00  -9.4158117e+04   7.8596924e+01
   7.9000000e+00  -8.7550031e+04   2.4094332e+04
   8.0000000e+00  -8.5737484e+04   4.4062754e+04
   8.1000000e+00  -9.0503359e+04   5.8298023e+04
   8.2000000e+00  -9.8812680e+04   6.3885574e+04
   8.3000000e+00  -1.0463103e+05   5.9992559e+04
   8.4000000e+00  -1.0092177e+05   5.1440238e+04
   8.5000000e+00  -8.2799266e+04   4.6430078e+04
   8.6000000e+00  -5.2136727e+04   4.8400984e+04
   8.7000000e+00  -1.9567783e+04   5.1017328e+04
   8.8000000e+00   8.5549976e+02   4.4359945e+04
   8.9000000e+00   2.2397627e+03   2.7669896e+04
   9.0000000e+00  -8.5958564e+03   1.4177137e+04
   9.1000000e+00  -1.5610867e+04   2.0405080e+04
   9.2000000e+00  -5.7235054e+03   4.9789637e+04
   9.3000000e+00   2.1799961e+04   8.8055656e+04
   9.4000000e+00   5.5811801e+04   1.1567003e+05
   9.5000000e+00   8.1603211e+04   1.2438277e+05
   9.6000000e+00   8.9891789e+04   1.2135949e+05
   9.7000000e+00   8.1031828e+04   1.1895607e+05
   9.8000000e+00   6.3522227e+04   1.2306762e+05
   9.9000000e+00   4.8885609e+04   1.3160841e+05
   1.0000000e+01   4.5744793e+04   1.4094667e+05
   1.0100000e+01   5.5498750e+04   1.4981917e+05
   1.0200000e+01   7.1223953e+04   1.5633303e+05
   1.0300000e+01   8.0689133e+04   1.5439825e+05
   1.0400000e+01   7.3198336e+04   1.3688539e+05
   1.0500000e+01   4.7392000e+04   1.0331773e+05
   1.0600000e+01   1.4346072e+04   6.2830512e+04
   1.0700000e+01  -8.4443750e+03   2.7690709e+04
   1.0800000e+01  -9.4157256e+03   3.2658345e+03
   1.0900000e+01   8.3996592e+03  -1.5611883e+04
   1.1000000e+01   3.0677568e+04  -3.8622590e+04
   1.1100000e+01   4.4329258e+04  -7.0523938e+04
   1.1200000e+01   4.7435820e+04  -1.0711948e+05
   1.1300000e+01   4.7860070e+04  -1.3961591e+05
   1.1400000e+01   5.3554723e+04  -1.6262495e+05
   1.1500000e+01   6.4940508e+04  -1.7827780e+05
   1.1600000e+01   7.5738695e+04  -1.9277638e+05
   1.1700000e+01   7.9463883e+04  -2.0865748e+05
   1.1800000e+01   7.4564359e+04  -2.2033402e+05
   1.1900000e+01   6.4398516e+04  -2.1801417e+05
   1.2000000e+01   5.3423297e+04  -1.9723244e+05
   1.2100000e+01   4.3130629e+04  -1.6499403e+05
   1.2200000e+01   3.0424707e+04  -1.3577491e+05
   1.2300000e+01   9.4806455e+03  -1.2026627e+05
   1.2400000e+01  -2.3684641e+04  -1.1735135e+05
   1.2500000e+01  -6.6776141e+04  -1.1693934e+05
   1.2600000e+01  -1.1065353e+05  -1.1029787e+05
   1.2700000e+01  -1.4405348e+05  -9.6938188e+04
   1.2800000e+01  -1.6045620e+05  -8.1292680e+04
   1.2900000e+01  -1.6152170e+05  -6.4060137e+04
   1.3000000e+01  -1.5442259e+05  -3.9311465e+04
   1.3100000e+01  -1.4604330e+05  -1.7984194e+03
   1.3200000e+01  -1.3923791e+05   4.3770438e+04
   1.3300000e+01  -1.3288644e+05   8.3770719e+04
   1.3400000e+01  -1.2327624e+05   1.0848998e+05
   1.3500000e+01  -1.0495587e+05   1.2346898e+05
   1.3600000e+01  -7.2813055e+04   1.4506981e+05
   1.3700000e+01  -2.6847354e+04   1.8240023e+05
   1.3800000e+01   2.4099812e+04   2.2428897e+05
   1.3900000e+01   6.5637844e+04   2.4666048e+05
   1.4000000e+01   8.7666422e+04   2.3416995e+05
   1.4100000e+01   9.1745586e+04   1.9416064e+05
   1.4200000e+01   8.8113531e+04   1.4924019e+05
   1.4300000e+01   8.5576727e+04   1.1744954e+05
   1.4400000e+01   8.5222031e+04   1.0014513e+05
   1.4500000e+01   8.3391273e+04   8.6575016e+04
   1.4600000e+01   7.7920570e+04   6.6344633e+04
   1.4700000e+01   6.9184562e+04   3.6753758e+04
   1.4800000e+01   5.6353016e+04   1.8283733e+03
   1.4900000e+01   3.6438719e+04  -3.1516367e+04
   1.5000000e+01   9.1464766e+03  -5.6092262e+04
   1.5100000e+01  -1.9028271e+04  -6.6594664e+04
   1.5200000e+01  -3.8661469e+04  -6.2067191e+04
   1.5300000e+01  -4.6461023e+04  -4.6467820e+04
   1.5400000e+01  -4.9075484e+04  -2.5747111e+04
   1.5500000e+01  -5.6187777e+04  -3.9907153e+03
   1.5600000e+01  -6.9567867e+04   1.7315822e+04
   1.5700000e+01  -7.9831547e+04   3.6474871e+04
   1.5800000e+01  -7.4909328e+04   4.9039906e+04
   1.5900000e+01  -5.2143047e+04   4.9180633e+04
   1.6000000e+01  -2.1956984e+04   3.4332605e+04
   1.6100000e+01   1.0091748e+03   8.6738115e+03
   1.6200000e+01   1.1157398e+04  -1.8745082e+04
   1.6300000e+01   1.6527137e+04  -4.0801559e+04
   1.6400000e+01   2.9601709e+04  -5.8387605e+04
   1.6500000e+01   5.3292445e+04  -7.9574008e+04
   1.6600000e+01   7.7064914e+04  -1.1163998e+05
   1.6700000e+01   8.8152305e+04  -1.5310669e+05
   1.6800000e+01   8.5974914e+04  -1.9350084e+05
   1.6900000e+01   8.3182141e+04  -2.2089661e+05
   1.7000000e+01   9.1246656e+04  -2.2951245e+05
   1.7100000e+01   1.0670678e+05  -2.2054802e+05
   1.7200000e+01   1.1418596e+05  -1.9764802e+05
   1.7300000e+01   1.0289635e+05  -1.6386412e+05
   1.7400000e+01   7.7198156e+04  -1.2341847e+05
   1.7500000e+01   4.8979145e+04  -8.4007227e+04
   1.7600000e+01   2.2044426e+04  -5.3730449e+04
   1.7700000e+01  -1.1235177e+04  -3.3518051e+04
   1.7800000e+01  -5.6230352e+04  -1.3126035e+04
   1.7900000e+01  -1.0281139e+05   2.2743062e+04
   1.8000000e+01  -1.3091740e+05   8.1425664e+04
   1.8100000e+01  -1.3053779e+05   1.5361888e+05
   1.8200000e+01  -1.1309020e+05   2.1765059e+05
   1.8300000e+01  -1.0025734e+05   2.5403012e+05
   1.8400000e+01  -1.0253448e+05   2.5842617e+05
   1.8500000e+01  -1.1113598e+05   2.4265497e+05
   1.8600000e+01  -1.1025627e+05   2.2359403e+05
   1.8700000e+01  -9.3461703e+04   2.0975739e+05
   1.8800000e+01  -6.6279914e+04   1.9652227e+05
   1.8900000e+01  -3.6270848e+04   1.7321914e+05
   1.9000000e+01  -5.9224985e+03   1.3504803e+05
   1.9100000e+01   2.3750205e+04   8.8620367e+04
   1.9200000e+01   4.7128777e+04   4.5949938e+04
   1.9300000e+01   5.6293297e+04   1.3214285e+04
   1.9400000e+01   4.9933824e+04  -1.3651015e+04
   1.9500000e+01   3.7455008e+04  -4.1568305e+04
   1.9600000e+01   3.2433656e+04  -6.9584883e+04
   1.9700000e+01   4.1951672e+04  -8.7637203e+04
   1.9800000e+01   6.2083449e+04  -8.6788180e+04
   1.9900000e+01   8.2388227e+04  -6.9063102e+04
   2.0000000e+01   9.3933664e+04  -4.5402414e+04
   2.0100000e+01   9.4298039e+04  -2.4872045e+04
   2.0200000e+01   8.7300797e+04  -8.6115303e+03
   2.0300000e+01   7.9173008e+04   5.2200225e+03
   2.0400000e+01   7.4270703e+04   1.4131260e+04
   2.0500000e+01   7.2970445e+04   1.2733213e+04
   2.0600000e+01   7.2527727e+04   1.0584353e+03
   2.0700000e+01   6.9268305e+04  -1.2464088e+04
   2.0800000e+01   5.9850438e+04  -1.9026092e+04
   2.0900000e+01   4.1453031e+04  -1.9421449e+04
   2.1000000e+01   1.2735358e+04  -2.3765152e+04
   2.1100000e+01  -2.3973301e+04  -4.0925199e+04
   2.1200000e+01  -6.1934406e+04  -6.9410992e+04
   2.1300000e+01  -9.3318781e+04  -9.8909859e+04
   2.1400000e+01  -1.1472653e+05  -1.1955770e+05
   2.1500000e+01  -1.2937719e+05  -1.2905527e+05
   2.1600000e+01  -1.4281908e+05  -1.3186631e+05
   2.1700000e+01  -1.5578325e+05  -1.3310888e+05
   2.1800000e+01  -1.6168452e+05  -1.3365214e+05
   2.1900000e+01  -1.5230959e+05  -1.3041228e+05
   2.2000000e+01  -1.2659134e+05  -1.2045320e+05
   2.2100000e+01  -9.2962320e+04  -1.0394016e+05
   2.2200000e+01  -6.1554762e+04  -8.2523812e+04
   2.2300000e+01  -3.3927531e+04  -5.5496715e+04
   2.2400000e+01  -2.4642637e+03  -1.9883783e+04
   2.2500000e+01   3.8158602e+04   2.3376662e+04
   2.2600000e+01   7.9849125e+04   6.3669117e+04
   2.2700000e+01   1.0468155e+05   8.4274469e+04
   2.2800000e+01   1.0168788e+05   7.5119727e+04
   2.2900000e+01   7.9083086e+04   4.3168578e+04
   2.3000000e+01   5.7784285e+04   9.1244492e+03
   2.3100000e+01   5.2680438e+04  -7.8699473e+03
   2.3200000e+01   6.1368930e+04  -3.8773108e+03
   2.3300000e+01   7.0519406e+04   9.6947344e+03
   2.3400000e+01   7.0272766e+04   1.8214871e+04
   2.3500000e+01   6.0876352e+04   1.6326255e+04
   2.3600000e+01   4.7926516e+04   1.0297168e+04
   2.3700000e+01   3.5537352e+04   1.0017002e+04
   2.3800000e+01   2.5383586e+04   1.9318820e+04
   2.3900000e+01   1.9324480e+04   3.3443902e+04
   2.4000000e+01   1.9373850e+04   4.4892066e+04
   2.4100000e+01   2.4809662e+04   5.1001637e+04
   2.4200000e+01   3.1730152e+04   5.5624668e+04
   2.4300000e+01   3.7072832e+04   6.3887535e+04
   2.4400000e+01   4.2073621e+04   7.6295453e+04
   2.4500000e+01   4.9844766e+04   8.8589336e+04
   2.4600000e+01   5.9386691e+04   9.6873562e+04
   2.4700000e+01   6.3954219e+04   1.0172506e+05
   2.4800000e+01   5.7114859e+04   1.0683058e+05
   2.4900000e+01   3.9890730e+04   1.1434845e+05
   2.5000000e+01   1.9751248e+04   1.2242540e+05
   2.5100000e+01   1.5275767e+03   1.2701166e+05
   2.5200000e+01  -1.9054703e+04   1.2529854e+05
   2.5300000e+01  -5.0369738e+04   1.1732091e+05
   2.5400000e+01  -9.3137102e+04   1.0496076e+05
   2.5500000e+01  -1.3590992e+05   8.9756656e+04
   2.5600000e+01  -1.6448105e+05   7.1199367e+04
   2.5700000e+01  -1.7557303e+05   4.6890609e+04
   2.5800000e+01  -1.7928892e+05   1.5140254e+04
   2.5900000e+01  -1.8705831e+05  -2.1677084e+04
   2.6000000e+01  -1.9830802e+05  -5.6657684e+04
   2.6100000e+01  -2.0058408e+05  -8.2660867e+04
   2.6200000e+01  -1.8270755e+05  -9.8179508e+04
   2.6300000e+01  -1.4634264e+05  -1.0893048e+05
   2.6400000e+01  -1.0388455e+05  -1.2281444e+05
   2.6500000e+01  -6.5881570e+04  -1.4221875e+05
   2.6600000e+01  -3.1591143e+04  -1.6030533e+05
   2.6700000e+01   8.5565439e+03  -1.6485973e+05
   2.6800000e+01   6.2409539e+04  -1.4765817e+05
   2.6900000e+01   1.2758788e+05  -1.1293820e+05
   2.7000000e+01   1.9101842e+05  -7.7820305e+04
   2.7100000e+01   2.3543630e+05  -6.2040344e+04
   2.7200000e+01   2.4875673e+05  -7.2999500e+04
   2.7300000e+01   2.3202706e+05  -9.8269414e+04
   2.7400000e+01   2.0093239e+05  -1.1359733e+05
   2.7500000e+01   1.7700095e+05  -1.0133249e+05
   2.7600000e+01   1.7192644e+05  -6.4042820e+04
   2.7700000e+01   1.7734183e+05  -2.1770623e+04
   2.7800000e+01   1.7124055e+05   4.0642046e+03
   2.7900000e+01   1.3759600e+05   5.8829912e+03
   2.8000000e+01   8.1292305e+04  -7.4694966e+03
   2.8100000e+01   2.3591225e+04  -2.0172230e+04
   2.8200000e+01  -1.7072857e+04  -2.0729338e+04
   2.8300000e+01  -3.9229445e+04  -6.3067510e+03
   2.8400000e+01  -5.4326234e+04   2.0013092e+04
   2.8500000e+01  -7.1641484e+04   5.3124598e+04
   2.8600000e+01  -8.9711547e+04   8.6955141e+04
   2.8700000e+01  -1.0171092e+05   1.1438209e+05
   2.8800000e+01  -1.0546721e+05   1.2939295e+05
   2.8900000e+01  -1.0541855e+05   1.3097131e+05
   2.9000000e+01  -1.0574453e+05   1.2450136e+05
   2.9100000e+01  -1.0481539e+05   1.1808066e+05
   2.9200000e+01  -9.8061359e+04   1.1614355e+05
   2.9300000e+01  -8.4809406e+04   1.1565500e+05
   2.9400000e+01  -6.9749453e+04   1.0835248e+05
   2.9500000e+01  -5.7131883e+04   8.7934711e+04
   2.9600000e+01  -4.5565293e+04   5.6798258e+04
   2.9700000e+01  -3.0769254e+04   2.5891309e+04
   2.9800000e+01  -1.3212759e+04   5.9586504e+03
   2.9900000e+01  -3.8264880e+02  -2.9363147e+03
   3.0000000e+01   7.0407385e+02  -1.2574072e+04
   3.0100000e+01  -7.4436963e+03  -3.4975547e+04
   3.0200000e+01  -1.3817147e+04  -6.8529180e+04
   3.0300000e+01  -1.0408035e+04  -9.6882500e+04
   3.0400000e+01  -1.5258647e+03  -1.0318841e+05
   3.0500000e+01   2.0346582e+02  -8.5519188e+04
   3.0600000e+01  -1.2779840e+04  -5.7691625e+04
   3.0700000e+01  -3.4832359e+04  -3.5697391e+04
   3.0800000e+01  -5.2489934e+04  -2.4814947e+04
   3.0900000e+01  -5.6442668e+04  -1.9497012e+04
   3.1000000e+01  -4.7250312e+04  -1.2554421e+04
   3.1100000e+01  -3.0848219e+04  -1.5817822e+03
   3.1200000e+01  -1.1400271e+04   1.2291103e+04
   3.1300000e+01   1.0143563e+04   2.7267260e+04
   3.1400000e+01   3.2159686e+04   3.9647008e+04
   3.1500000e+01   5.0030824e+04   4.2231254e+04
   3.1600000e+01   5.9493910e+04   2.9173520e+04
   3.1700000e+01   6.2133238e+04   4.6696616e+03
   3.1800000e+01   6.6162469e+04  -1.5926186e+04
   3.1900000e+01   8.0134070e+04  -1.7811146e+04
   3.2000000e+01   1.0468352e+05  -1.0431182e+03
   3.2100000e+01   1.3008409e+05   1.7856486e+04
   3.2200000e+01   1.4234489e+05   1.9440998e+04
   3.2300000e+01   1.3280345e+05  -3.2358601e+03
   3.2400000e+01   1.0344349e+05  -4.1009848e+04
   3.2500000e+01   6.4745805e+04  -7.7309023e+04
   3.2600000e+01   2.9199547e+04  -9.9370789e+04
   3.2700000e+01   5.4029141e+03  -1.0387068e+05
   3.2800000e+01  -4.8343804e+03  -9.5970898e+04
   3.2900000e+01  -6.2087583e+03  -8.4443070e+04
   3.3000000e+01  -6.6313101e+03  -7.5819219e+04
   3.3100000e+01  -1.2096795e+04  -7.1004133e+04
   3.3200000e+01  -2.3134357e+04  -6.6924461e+04
   3.3300000e+01  -3.6052688e+04  -6.1221523e+04
   3.3400000e+01  -4.7694449e+04  -5.4202227e+04
   3.3500000e+01  -5.8412961e+04  -4.5637359e+04
   3.3600000e+01  -7.0094922e+04  -3.1534492e+04
   3.3700000e+01  -8.2194305e+04  -7.1625493e+03
   3.3800000e+01  -9.1106711e+04   2.5700143e+04
   3.3900000e+01  -9.3844859e+04   5.6528113e+04
   3.4000000e+01  -9.1699844e+04   7.3546383e+04
   3.4100000e+01  -8.9804047e+04   7.3984656e+04
   3.4200000e+01  -9.3100883e+04   6.5951750e+04
   3.4300000e+01  -1.0229315e+05   6.0000109e+04
   3.4400000e+01  -1.1253394e+05   5.9984137e+04
   3.4500000e+01  -1.1553109e+05   6.2696156e+04
   3.4600000e+01  -1.0433812e+05   6.4642094e+04
   3.4700000e+01  -7.8490320e+04   6.6331820e+04
   3.4800000e+01  -4.5491695e+04   6.9220516e+04
   3.4900000e+01  -1.6081833e+04   7.1078211e+04
   3.5000000e+01   3.8410347e+03   6.7762047e+04
   3.5100000e+01   1.7474252e+04   5.9996984e+04
   3.5200000e+01   3.3260461e+04   5.5395551e+04
   3.5300000e+01   5.6799824e+04   6.0726836e+04
   3.5400000e+01   8.6664344e+04   7.2527391e+04
   3.5500000e+01   1.1733791e+05   7.8524109e+04
   3.5600000e+01   1.4424886e+05   7.0513961e+04
   3.5700000e+01   1.6444091e+05   5.4567418e+04
   3.5800000e+01   1.7343911e+05   4.5622781e+04
   3.5900000e+01   1.6499873e+05   5.1234691e+04
   3.6000000e+01   1.3715347e+05   6.2954031e+04
   3.6100000e+01   9.8780516e+04   6.6095703e+04
   3.6200000e+01   6.7501492e+04   5.7214461e+04
   3.6300000e+01   5.7730688e+04   4.8637031e+04
   3.6400000e+01   6.8879836e+04   5.3734465e+04
   3.6500000e+01   8.5200422e+04   6.9360789e+04
   3.6600000e+01   8.7996297e+04   7.6241656e+04
   3.6700000e+01   6.9237773e+04   5.8180348e+04
   3.6800000e+01   3.5164594e+04   1.9437533e+04
   3.6900000e+01  -1.1512178e+03  -1.8607549e+04
   3.7000000e+01  -2.9740234e+04  -3.7641047e+04
   3.7100000e+01  -4.7888980e+04  -3.8103910e+04
   3.7200000e+01  -5.7718859e+04  -3.5803578e+04
   3.7300000e+01  -6.2070242e+04  -4.5982727e+04
   3.7400000e+01  -6.2856742e+04  -7.2138891e+04
   3.7500000e+01  -6.1963457e+04  -1.0773583e+05
   3.7600000e+01  -6.2216207e+04  -1.4411506e+05
   3.7700000e+01  -6.6522383e+04  -1.7483209e+05
   3.7800000e+01  -7.5558352e+04  -1.9512942e+05
   3.7900000e+01  -8.6317641e+04  -2.0171905e+05
   3.8000000e+01  -9.3697227e+04  -1.9503336e+05
   3.8100000e+01  -9.4588766e+04  -1.8021255e+05
   3.8200000e+01  -9.0921625e+04  -1.6357325e+05
   3.8300000e+01  -8.8390203e+04  -1.4737248e+05
   3.8400000e+01  -9.1638578e+04  -1.2875065e+05
   3.8500000e+01  -1.0025941e+05  -1.0431160e+05
   3.8600000e+01  -1.0907386e+05  -7.5133625e+04
   3.8700000e+01  -1.1203121e+05  -4.6398098e+04
   3.8800000e+01  -1.0624263e+05  -2.2302381e+04
   3.8900000e+01  -9.3289133e+04  -2.7097117e+03
   3.9000000e+01  -7.7351062e+04   1.4238166e+04
   3.9100000e+01  -6.1842504e+04   2.7091742e+04
   3.9200000e+01  -4.7302602e+04   3.0641387e+04
   3.9300000e+01  -3.2425137e+04   2.1330863e+04
   3.9400000e+01  -1.7031791e+04   2.0921028e+03
   3.9500000e+01  -3.3236938e+03  -1.9383016e+04
   3.9600000e+01   6.4410645e+03  -3.6728539e+04
   3.9700000e+01   1.3061396e+04  -4.8078590e+04
   3.9800000e+01   2.0278598e+04  -5.3557500e+04
   3.9900000e+01   3.1669727e+04  -5.1774996e+04
   4.0000000e+01   4.8426633e+04  -4.0397352e+04
   4.0100000e+01   6.9568180e+04  -1.9555947e+04
   4.0200000e+01   9.2123172e+04   6.9289497e+03
   4.0300000e+01   1.1043380e+05   3.4258484e+04
   4.0400000e+01   1.1838183e+05   6.0204438e+04
   4.0500000e+01   1.1630394e+05   8.6267344e+04
   4.0600000e+01   1.1552343e+05   1.1629698e+05
   4.0700000e+01   1.3124053e+05   1.5370780e+05
   4.0800000e+01   1.6676719e+05   1.9775075e+05
   4.0900000e+01   2.0552056e+05   2.4032338e+05
   4.1000000e+01   2.2239400e+05   2.6716722e+05
   4.1100000e+01   2.0526345e+05   2.6585012e+05
   4.1200000e+01   1.6492198e+05   2.3614186e+05
   4.1300000e+01   1.2372157e+05   1.9318516e+05
   4.1400000e+01   9.5855758e+04   1.5810139e+05
   4.1500000e+01   7.9064734e+04   1.4226400e+05
   4.1600000e+01   6.2561301e+04   1.3882964e+05
   4.1700000e+01   3.9065027e+04   1.2954384e+05
   4.1800000e+01   8.7971699e+03   1.0089591e+05
   4.1900000e+01  -2.4229051e+04   5.5158820e+04
   4.2000000e+01  -5.5946586e+04   7.2958228e+03
   4.2100000e+01  -8.2725398e+04  -2.7725088e+04
   4.2200000e+01  -1.0166740e+05  -4.4940016e+04
   4.2300000e+01  -1.1266164e+05  -4.9423715e+04
   4.2400000e+01  -1.1930652e+05  -4.9630387e+04
   4.2500000e+01  -1.2596565e+05  -5.1694207e+04
   4.2600000e+01  -1.3344525e+05  -5.7888328e+04
   4.2700000e+01  -1.3819664e+05  -6.7127359e+04
   4.2800000e+01  -1.3598397e+05  -7.5794320e+04
   4.2900000e+01  -1.2604995e+05  -8.0030523e+04
   4.3000000e+01  -1.1192012e+05  -7.9437891e+04
   4.3100000e+01  -9.8809680e+04  -7.8269750e+04
   4.3200000e+01  -9.0102156e+04  -8.1148281e+04
   4.3300000e+01  -8.5159531e+04  -8.7263203e+04
   4.3400000e+01  -7.9874953e+04  -9.0679773e+04
   4.3500000e+01  -7.0301805e+04  -8.7830102e+04
   4.3600000e+01  -5.7128418e+04  -8.3427773e+04
   4.3700000e+01  -4.6461340e+04  -8.6356984e+04
   4.3800000e+01  -4.4598340e+04  -9.9029672e+04
   4.3900000e+01  -5.0924293e+04  -1.1288380e+05
   4.4000000e+01  -5.6573559e+04  -1.1658041e+05
   4.4100000e+01  -5.1473004e+04  -1.0833165e+05
   4.4200000e+01  -3.3366867e+04  -9.8044812e+04
   4.4300000e+01  -9.8134062e+03  -9.6297977e+04
   4.4400000e+01   8.6029355e+03  -1.0250883e+05
   4.4500000e+01   1.6613820e+04  -1.0577921e+05
   4.4600000e+01   1.6267196e+04  -9.7360406e+04
   4.4700000e+01   1.2461479e+04  -8.0451641e+04
   4.4800000e+01   8.6016348e+03  -6.6245531e+04
   4.4900000e+01   7.0423379e+03  -6.0689430e+04
   4.5000000e+01   1.1540217e+04  -5.6620535e+04
   4.5100000e+01   2.5767262e+04  -3.9983148e+04
   4.5200000e+01   4.7582047e+04  -4.0712300e+03
   4.5300000e+01   6.6381469e+04   4.2134793e+04
   4.5400000e+01   6.9824055e+04   7.9520617e+04
   4.5500000e+01   5.5652863e+04   9.3570953e+04
   4.5600000e+01   3.6223328e+04   8.5872641e+04
   4.5700000e+01   2.8988713e+04   7.2815906e+04
   4.5800000e+01   4.1177262e+04   7.2237922e+04
   4.5900000e+01   6.4200430e+04   8.8723094e+04
   4.6000000e+01   8.3435414e+04   1.1007946e+05
   4.6100000e+01   9.2523109e+04   1.1841427e+05
   4.6200000e+01   9.7098117e+04   1.0588684e+05
   4.6300000e+01   1.0548362e+05   8.0415727e+04
   4.6400000e+01   1.1824429e+05   5.6622668e+04
   4.6500000e+01   1.2826748e+05   4.2468875e+04
   4.6600000e+01   1.2979130e+05   3.5560246e+04
   4.6700000e+01   1.2484019e+05   3.0887814e+04
   4.6800000e+01   1.1991423e+05   2.8603592e+04
   4.6900000e+01   1.1794487e+05   3.2116791e+04
   4.7000000e+01   1.1546329e+05   4.0292559e+04
   4.7100000e+01   1.0746416e+05   4.5222051e+04
   4.7200000e+01   9.2770422e+04   3.9578000e+04
   4.7300000e+01   7.3070180e+04   2.5179766e+04
   4.7400000e+01   4.8078656e+04   1.2611936e+04
   4.7500000e+01   1.4716535e+04   1.1920057e+04
   4.7600000e+01  -2.7658400e+04   2.3789980e+04
   4.7700000e+01  -7.3065555e+04   3.9201996e+04
   4.7800000e+01  -1.1247177e+05   4.6706617e+04
   4.7900000e+01  -1.4191717e+05   4.0298809e+04
   4.8000000e+01  -1.6569050e+05   2.2131895e+04
   4.8100000e+01  -1.9076588e+05  -4.2961841e+02
   4.8200000e+01  -2.1890331e+05  -2.0113262e+04
   4.8300000e+01  -2.4466066e+05  -3.3713930e+04
   4.8400000e+01  -2.6005656e+05  -4.2772469e+04
   4.8500000e+01  -2.6014909e+05  -5.1042016e+04
   4.8600000e+01  -2.4506162e+05  -6.0535648e+04
   4.8700000e+01  -2.1873911e+05  -6.9044836e+04
   4.8800000e+01  -1.8649905e+05  -7.1607602e+04
   4.8900000e+01  -1.5246808e+05  -6.5575391e+04
   4.9000000e+01  -1.1784125e+05  -5.4944973e+04
   4.9100000e+01  -8.1287781e+04  -4.8599680e+04
   4.9200000e+01  -4.1273797e+04  -5.2104305e+04
   4.9300000e+01   2.1180776e+03  -6.0342258e+04
   4.9400000e+01   4.7429172e+04  -5.9898309e+04
   4.9500000e+01   9.2467211e+04  -4.1392293e+04
   4.9600000e+01   1.3323445e+05  -1.0572010e+04
   4.9700000e+01   1.6275209e+05   1.3986430e+04
   4.9800000e+01   1.7376638e+05   1.6121309e+04
   4.9900000e+01   1.6544505e+05  -3.7413518e+03
   5.0000000e+01   1.4773252e+05  -2.9030018e+04
   5.0100000e+01   1.3672327e+05  -4.1263930e+04
   5.0200000e+01   1.4270294e+05  -3.4322062e+04
   5.0300000e+01   1.6123161e+05  -1.6455479e+04
   5.0400000e+01   1.7647434e+05  -4.8502307e+02
   5.0500000e+01   1.7456753e+05   7.2397881e+03
   5.0600000e+01   1.5456344e+05   9.7293516e+03
   5.0700000e+01   1.2686048e+05   1.3619608e+04
   5.0800000e+01   1.0209777e+05   2.1717326e+04
   5.0900000e+01   8.2915398e+04   3.0943301e+04
   5.1000000e+01   6.6153281e+04   3.6881102e+04
   5.1100000e+01   5.0209273e+04   3.9530305e+04
   5.1200000e+01   3.7252523e+04   4.3605203e+04
   5.1300000e+01   2.8318490e+04   5.2644699e+04
   5.1400000e+01   1.9264148e+04   6.3682734e+04
   5.1500000e+01   3.9955835e+03   6.9445508e+04
   5.1600000e+01  -1.8831900e+04   6.6399047e+04
   5.1700000e+01  -4.4115016e+04   5.9194305e+04
   5.1800000e+01  -6.5426125e+04   5.5508129e+04
   5.1900000e+01  -8.0466367e+04   5.6903227e+04
   5.2000000e+01  -9.1185070e+04   5.6763500e+04
   5.2100000e+01  -1.0041020e+05   4.8008488e+04
   5.2200000e+01  -1.1026282e+05   3.1201668e+04
   5.2300000e+01  -1.2330896e+05   1.3309430e+04
   5.2400000e+01  -1.4259416e+05  -6.9297021e+02
   5.2500000e+01  -1.6837398e+05  -1.2393507e+04
   5.2600000e+01  -1.9485023e+05  -2.5322547e+04
   5.2700000e+01  -2.1175759e+05  -3.8010797e+04
   5.2800000e+01  -2.1082028e+05  -4.4330184e+04
   5.2900000e+01  -1.9154350e+05  -4.0818711e+04
   5.3000000e+01  -1.6096802e+05  -3.1589783e+04
   5.3100000e+01  -1.2776136e+05  -2.4769383e+04
   5.3200000e+01  -9.6220844e+04  -2.5042287e+04
   5.3300000e+01  -6.5225613e+04  -3.0848854e+04
   5.3400000e+01  -3.1957316e+04  -3.8035445e+04
   5.3500000e+01   4.0234226e+03  -4.4199887e+04
   5.3600000e+01   4.0111883e+04  -4.8843480e+04
   5.3700000e+01   7.3217680e+04  -5.0787227e+04
   5.3800000e+01   1.0245787e+05  -4.7152004e+04
   5.3900000e+01   1.2926987e+05  -3.5277625e+04
   5.4000000e+01   1.5476853e+05  -1.5609828e+04
   5.4100000e+01   1.7676362e+05   6.6936587e+03
   5.4200000e+01   1.8982052e+05   2.2921365e+04
   5.4300000e+01   1.8970080e+05   2.5697219e+04
   5.4400000e+01   1.7887341e+05   1.5838328e+04
   5.4500000e+01   1.6682856e+05   4.8973633e+03
   5.4600000e+01   1.6263516e+05   7.6982891e+03
   5.4700000e+01   1.6574789e+05   2.8678135e+04
   5.4800000e+01   1.6491683e+05   5.5199801e+04
   5.4900000e+01   1.4773136e+05   6.6829250e+04
   5.5000000e+01   1.1172573e+05   5.3263559e+04
   5.5100000e+01   6.5918109e+04   2.3320510e+04
   5.5200000e+01   2.2368115e+04  -3.7644089e+03
   5.5300000e+01  -1.2044171e+04  -1.5168740e+04
   5.5400000e+01  -3.5820801e+04  -1.2961721e+04
   5.5500000e+01  -4.8583477e+04  -8.4922842e+03
   5.5600000e+01  -5.0629391e+04  -1.1051874e+04
   5.5700000e+01  -4.6891180e+04  -2.1659332e+04
   5.5800000e+01  -4.7431773e+04  -3.4937570e+04
   5.5900000e+01  -6.0046605e+04  -4.4970941e+04
   5.6000000e+01  -8.1752344e+04  -5.0071266e+04
   5.6100000e+01  -9.9584719e+04  -5.3522426e+04
   5.6200000e+01  -1.0152488e+05  -5.9968508e+04
   5.6300000e+01  -8.7032867e+04  -7.0469477e+04
   5.6400000e+01  -6.7072969e+04  -8.1295375e+04
   5.6500000e+01  -5.4460469e+04  -8.8228375e+04
   5.6600000e+01  -5.4031633e+04  -9.1462336e+04
   5.6700000e+01  -6.0463266e+04  -9.4670906e+04
   5.6800000e+01  -6.3783387e+04  -9.8856617e+04
   5.6900000e+01  -5.7200699e+04  -9.8668938e+04
   5.7000000e+01  -4.1750773e+04  -8.6288438e+04
   5.7100000e+01  -2.5069363e+04  -5.8755387e+04
   5.7200000e+01  -1.5312645e+04  -2.0731215e+04
   5.7300000e+01  -1.4872691e+04   1.9424656e+04
   5.7400000e+01  -1.9451877e+04   5.5078363e+04
   5.7500000e+01  -2.3659674e+04   8.3130617e+04
   5.7600000e+01  -2.7432576e+04   1.0255960e+05
   5.7700000e+01  -3.5907820e+04   1.1309772e+05
   5.7800000e+01  -5.2276508e+04   1.1557125e+05
   5.7900000e+01  -7.1571469e+04   1.1261816e+05
   5.8000000e+01  -8.3008375e+04   1.0812345e+05
   5.8100000e+01  -7.8933680e+04   1.0523432e+05
   5.8200000e+01  -6.0806273e+04   1.0440856e+05
   5.8300000e+01  -3.6301344e+04   1.0334162e+05
   5.8400000e+01  -1.1990528e+04   9.8998336e+04
   5.8500000e+01   9.8680117e+03   8.9505664e+04
   5.8600000e+01   2.8752756e+04   7.3947094e+04
   5.8700000e+01   4.3775582e+04   5.2008156e+04
   5.8800000e+01   5.6313938e+04   2.7064629e+04
   5.8900000e+01   7.2697719e+04   1.0505516e+04
   5.9000000e+01   9.9745766e+04   1.8418363e+04
   5.9100000e+01   1.3505872e+05   5.7010820e+04
   5.9200000e+01   1.6339656e+05   1.0903041e+05
   5.9300000e+01   1.6641080e+05   1.3973203e+05
   5.9400000e+01   1.3818339e+05   1.2351653e+05
   5.9500000e+01   9.0927594e+04   6.7387695e+04
   5.9600000e+01   4.4624613e+04   6.1218447e+03
   5.9700000e+01   1.1159288e+04  -2.7735424e+04
   5.9800000e+01  -1.1535080e+04  -2.9409625e+04
   5.9900000e+01  -3.1804965e+04  -1.9405023e+04
   6.0000000e+01  -5.3774258e+04  -2.0033029e+04
   6.0100000e+01  -7.5181219e+04  -3.7135742e+04
   6.0200000e+01  -9.2996555e+04  -6.1872047e+04
   6.0300000e+01  -1.0764665e+05  -8.3903945e+04
   6.0400000e+01  -1.2053213e+05  -9.9570867e+04
   6.0500000e+01  -1.2917082e+05  -1.1021572e+05
   6.0600000e+01  -1.2726402e+05  -1.1770694e+05
   6.0700000e+01  -1.1059017e+05  -1.2314263e+05
   6.0800000e+01  -8.2411398e+04  -1.2728723e+05
   6.0900000e+01  -5.2274148e+04  -1.2959924e+05
   6.1000000e+01  -2.8799395e+04  -1.2715978e+05
   6.1100000e+01  -1.2971498e+04  -1.1668575e+05
   6.1200000e+01   1.9800461e+03  -9.8653281e+04
   6.1300000e+01   2.4035705e+04  -7.8602422e+04
   6.1400000e+01   5.5193715e+04  -6.3126070e+04
   6.1500000e+01   9.0149867e+04  -5.4241684e+04
   6.1600000e+01   1.2151645e+05  -4.8090117e+04
   6.1700000e+01   1.4568339e+05  -3.9356246e+04
   6.1800000e+01   1.6318772e+05  -2.6741438e+04
   6.1900000e+01   1.7406495e+05  -1.3971889e+04
   6.2000000e+01   1.7462895e+05  -5.7459370e+03
   6.2100000e+01   1.6027855e+05  -3.0956606e+03
   6.2200000e+01   1.3132811e+05  -2.7195808e+03
   6.2300000e+01   9.4742000e+04  -4.1140857e+02
   6.2400000e+01   5.9214742e+04   5.3720122e+03
   6.2500000e+01   2.8870709e+04   1.3465843e+04
   6.2600000e+01   2.4648354e+03   2.2975668e+04
   6.2700000e+01  -2.1692240e+04   3.5189215e+04
   6.2800000e+01  -4.1771133e+04   5.1448855e+04
   6.2900000e+01  -5.4680281e+04   6.9138273e+04
   6.3000000e+01  -6.1410359e+04   8.1326445e+04
   6.3100000e+01  -6.7407484e+04   8.2376727e+04
   6.3200000e+01  -7.5591281e+04   7.4557539e+04
   6.3300000e+01  -8.0007031e+04   6.7924789e+04
   6.3400000e+01  -6.9832523e+04   7.1986992e+04
   6.3500000e+01  -4.2209398e+04   8.6655719e+04
   6.3600000e+01  -1.0276824e+04   1.0132778e+05
   6.3700000e+01   4.6337837e+03   1.0290416e+05
   6.3800000e+01  -8.7925635e+03   8.5302820e+04
   6.3900000e+01  -4.0914871e+04   5.3078184e+04
   6.4000000e+01  -6.8644641e+04   1.8071557e+04
   6.4100000e+01  -7.4205000e+04  -7.3286182e+03
   6.4200000e+01  -5.7748848e+04  -1.6593580e+04
   6.4300000e+01  -3.4168836e+04  -1.2349911e+04
   6.4400000e+01  -1.9827426e+04  -4.2064429e+03
   6.4500000e+01  -2.1835621e+04  -1.4314591e+03
   6.4600000e+01  -3.6737867e+04  -5.7943438e+03
   6.4700000e+01  -5.5933109e+04  -1.1142406e+04
   6.4800000e+01  -7.1362297e+04  -1.0048747e+04
   6.4900000e+01  -7.7994359e+04  -4.4022552e+02
   6.5000000e+01  -7.4148234e+04   1.4136329e+04
   6.5100000e+01  -6.1844473e+04   2.8929924e+04
   6.5200000e+01  -4.6963336e+04   4.0770039e+04
   6.5300000e+01  -3.6905926e+04   4.7178289e+04
   6.5400000e+01  -3.5396406e+04   4.5647000e+04
   6.5500000e+01  -3.8535168e+04   3.5547625e+04
   6.5600000e+01  -3.7136387e+04   1.9412816e+04
   6.5700000e+01  -2.4676328e+04   1.7667828e+02
   6.5800000e+01  -3.4033066e+03  -2.2535986e+04
   6.5900000e+01   1.8013299e+04  -5.0915430e+04
   6.6000000e+01   3.3089180e+04  -8.2591727e+04
   6.6100000e+01   4.3190516e+04  -1.0766070e+05
   6.6200000e+01   5.4338105e+04  -1.1511613e+05
   6.6300000e+01   6.9146086e+04  -1.0349992e+05
   6.6400000e+01   8.3054789e+04  -8.4096359e+04
   6.6500000e+01   8.8894539e+04  -7.1849188e+04
   6.6600000e+01   8.4625445e+04  -7.2187086e+04
   6.6700000e+01   7.5906531e+04  -7.6762336e+04
   6.6800000e+01   7.0807758e+04  -7.2466859e+04
   6.6900000e+01   7.2094242e+04  -5.4833895e+04
   6.7000000e+01   7.4779750e+04  -3.2446285e+04
   6.7100000e+01   7.1115570e+04  -1.7999898e+04
   6.7200000e+01   5.7781328e+04  -1.5478899e+04
   6.7300000e+01   3.8385676e+04  -1.7085785e+04
   6.7400000e+01   1.9769291e+04  -1.2861323e+04
   6.7500000e+01   6.7327324e+03  -1.5770176e+03
   6.7600000e+01   1.2335046e+02   9.7758506e+03
   6.7700000e+01  -1.5847568e+03   1.6542338e+04
   6.7800000e+01  -5.5503284e+02   2.3138078e+04
   6.7900000e+01   5.1353479e+02   3.7028609e+04
   6.8000000e+01  -1.5586442e+03   5.7574805e+04
   6.8100000e+01  -8.5642266e+03   7.4380680e+04
   6.8200000e+01  -1.8291795e+04   7.7971469e+04
   6.8300000e+01  -2.4250463e+04   7.0070453e+04
   6.8400000e+01  -1.9351590e+04   6.1315867e+04
   6.8500000e+01  -1.6148403e+03   5.9865535e+04
   6.8600000e+01   2.2450742e+04   6.4780664e+04
   6.8700000e+01   4.0266168e+04   7.0671477e+04
   6.8800000e+01   4.0708355e+04   7.5457039e+04
   6.8900000e+01   2.1368062e+04   8.0396562e+04
   6.9000000e+01  -1.0459036e+04   8.3452297e+04
   6.9100000e+01  -4.3748828e+04   7.7038586e+04
   6.9200000e+01  -7.0860055e+04   5.5656168e+04
   6.9300000e+01  -8.9525117e+04   2.4854688e+04
   6.9400000e+01  -9.9928258e+04  -9.4343091e+02
   6.9500000e+01  -1.0243430e+05  -1.1766232e+04
   6.9600000e+01  -9.8978531e+04  -1.2458480e+04
   6.9700000e+01  -9.4562352e+04  -1.7932100e+04
   6.9800000e+01  -9.4327391e+04  -3.7708496e+04
   6.9900000e+01  -9.8081430e+04  -6.6093812e+04
   7.0000000e+01  -9.8979102e+04  -8.7874516e+04
   7.0100000e+01  -8.9041188e+04  -9.2598953e+04
   7.0200000e+01  -6.6110766e+04  -8.2624438e+04
   7.0300000e+01  -3.5121750e+04  -6.8538609e+04
   7.0400000e+01  -3.1865371e+03  -5.8802379e+04
   7.0500000e+01   2.5607910e+04  -5.3956816e+04
   7.0600000e+01   5.0961316e+04  -4.8632020e+04
   7.0700000e+01   7.3762336e+04  -3.7277680e+04
   7.0800000e+01   9.4018547e+04  -1.8809209e+04
   7.0900000e+01   1.1087733e+05   1.7907407e+03
   7.1000000e+01   1.2335682e+05   1.5485617e+04
   7.1100000e+01   1.3049809e+05   1.4802334e+04
   7.1200000e+01   1.3133091e+05   3.1551880e+02
   7.1300000e+01   1.2536285e+05  -1.7658613e+04
   7.1400000e+01   1.1321334e+05  -2.5603324e+04
   7.1500000e+01   9.6524227e+04  -1.7509654e+04
   7.1600000e+01   7.7102172e+04  -3.9554370e+02
   7.1700000e+01   5.6189836e+04   1.1030344e+04
   7.1800000e+01   3.4711500e+04   6.3959731e+03
   7.1900000e+01   1.4339643e+04  -1.1861816e+04
   7.2000000e+01  -1.8573838e+03  -3.0267584e+04
   7.2100000e+01  -1.0528095e+04  -3.4025977e+04
   7.2200000e+01  -1.0793582e+04  -1.6806445e+04
   7.2300000e+01  -6.4607646e+03   1.5685854e+04
   7.2400000e+01  -5.0587510e+03   4.9435141e+04
   7.2500000e+01  -1.3345708e+04   7.0381492e+04
   7.2600000e+01  -3.2136896e+04   7.2922047e+04
   7.2700000e+01  -5.4414773e+04   6.3741062e+04
   7.2800000e+01  -6.8707492e+04   5.7315000e+04
   7.2900000e+01  -6.6259336e+04   6.4647918e+04
   7.3000000e+01  -4.7698945e+04   8.3569703e+04
   7.3100000e+01  -2.4269189e+04   9.9776594e+04
   7.3200000e+01  -1.1398637e+04   9.8927617e+04
   7.3300000e+01  -1.8044922e+04   7.8984203e+04
   7.3400000e+01  -3.9828664e+04   5.1034434e+04
   7.3500000e+01  -6.2154344e+04   2.8405758e+04
   7.3600000e+01  -7.1175016e+04   1.5578430e+04
   7.3700000e+01  -6.3198641e+04   7.2625269e+03
   7.3800000e+01  -4.4833734e+04  -3.8024714e+03
   7.3900000e+01  -2.5384057e+04  -1.9928395e+04
   7.4000000e+01  -9.8275693e+03  -3.8331836e+04
   7.4100000e+01   1.7443188e+03  -5.4994273e+04
   7.4200000e+01   1.0180443e+04  -6.7167789e+04
   7.4300000e+01   1.4758207e+04  -7.3404844e+04
   7.4400000e+01   1.4771225e+04  -7.3330719e+04
   7.4500000e+01   1.2410296e+04  -6.8026359e+04
   7.4600000e+01   1.2695532e+04  -5.9866234e+04
   7.4700000e+01   1.9522379e+04  -5.1496219e+04
   7.4800000e+01   3.1115238e+04  -4.5050875e+04
   7.4900000e+01   3.9562680e+04  -4.1892402e+04
   7.5000000e+01   3.6230043e+04  -4.2065203e+04
   7.5100000e+01   1.9278953e+04  -4.3853219e+04
   7.5200000e+01  -3.9366938e+03  -4.5049633e+04
   7.5300000e+01  -2.3238848e+04  -4.5551664e+04
   7.5400000e+01  -3.5334969e+04  -4.8072176e+04
   7.5500000e+01  -4.6514500e+04  -5.5201676e+04
   7.5600000e+01  -6.4689305e+04  -6.5790203e+04
   7.5700000e+01  -8.9446961e+04  -7.4950648e+04
   7.5800000e+01  -1.1176981e+05  -7.7673719e+04
   7.5900000e+01  -1.2370991e+05  -7.2140586e+04
   7.6000000e+01  -1.2604544e+05  -6.0405031e+04
   7.6100000e+01  -1.2463162e+05  -4.7613195e+04
   7.6200000e+01  -1.2073535e+05  -4.0523184e+04
   7.6300000e+01  -1.0815193e+05  -4.3732738e+04
   7.6400000e+01  -8.0579844e+04  -5.4091434e+04
   7.6500000e+01  -3.9340637e+04  -5.9132113e+04
   7.6600000e+01   8.0037207e+03  -4.4857828e+04
   7.6700000e+01   5.4745559e+04  -8.6212871e+03
   7.6800000e+01   9.7583359e+04   3.5517000e+04
   7.6900000e+01   1.3271230e+05   6.6753695e+04
   7.7000000e+01   1.5427212e+05   7.5577680e+04
   7.7100000e+01   1.6073800e+05   7.3230500e+04
   7.7200000e+01   1.6150531e+05   8.2823859e+04
   7.7300000e+01   1.7189631e+05   1.1902320e+05
   7.7400000e+01   1.9792130e+05   1.7378672e+05
   7.7500000e+01   2.2662192e+05   2.2077294e+05
   7.7600000e+01   2.3444662e+05   2.3525586e+05
   7.7700000e+01   2.0730372e+05   2.1302741e+05
   7.7800000e+01   1.5313614e+05   1.7221905e+05
   7.7900000e+01   9.5301523e+04   1.3671814e+05
   7.8000000e+01   5.3865078e+04   1.1654145e+05
   7.8100000e+01   3.2124025e+04   1.0318812e+05
   7.8200000e+01   1.8652178e+04   8.2836055e+04
   7.8300000e+01   1.8619067e+02   5.2180520e+04
   7.8400000e+01  -2.7477760e+04   2.0236912e+04
   7.8500000e+01  -5.8992691e+04  -3.7295649e+03
   7.8600000e+01  -8.6937008e+04  -2.0359213e+04
   7.8700000e+01  -1.0816780e+05  -3.6529711e+04
   7.8800000e+01  -1.2317253e+05  -5.3932773e+04
   7.8900000e+01  -1.3144223e+05  -6.5410191e+04
   7.9000000e+01  -1.3032156e+05  -6.4020316e+04
   7.9100000e+01  -1.1944469e+05  -5.3214570e+04
   7.9200000e+01  -1.0437109e+05  -4.4951742e+04
   7.9300000e+01  -9.2913344e+04  -4.7471738e+04
   7.9400000e+01  -8.7209977e+04  -5.6790520e+04
   7.9500000e+01  -8.1493883e+04  -6.1164477e+04
   7.9600000e+01  -6.9360672e+04  -5.2950996e+04
   7.9700000e+01  -5.1975316e+04  -3.5324789e+04
   7.9800000e+01  -3.6661172e+04  -1.8439240e+04
   7.9900000e+01  -2.7545527e+04  -1.0572358e+04
   8.0000000e+01  -2.0720787e+04  -1.2806224e+04
   8.0100000e+01  -1.0793383e+04  -2.0466105e+04
   8.0200000e+01  -3.6892993e+02  -2.8426215e+04
   8.0300000e+01   7.2150757e+02  -3.5456945e+04
   8.0400000e+01  -1.3110548e+04  -4.4461441e+04
   8.0500000e+01  -3.4700008e+04  -5.8724973e+04
   8.0600000e+01  -4.9416004e+04  -7.7665711e+04
   8.0700000e+01  -4.8791750e+04  -9.6424594e+04
   8.0800000e+01  -3.7485008e+04  -1.0992388e+05
   8.0900000e+01  -2.6825283e+04  -1.1684832e+05
   8.1000000e+01  -2.3329201e+04  -1.1897006e+05
   8.1100000e+01  -2.4656680e+04  -1.1736952e+05
   8.1200000e+01  -2.5402406e+04  -1.1135813e+05
   8.1300000e+01  -2.4038197e+04  -1.0154721e+05
   8.1400000e+01  -2.2562016e+04  -9.1185086e+04
   8.1500000e+01  -2.0165660e+04  -8.1317555e+04
   8.1600000e+01  -9.7522529e+03  -6.5536086e+04
   8.1700000e+01   1.6715816e+04  -3.4383242e+04
   8.1800000e+01   5.8083492e+04   1.1537259e+04
   8.1900000e+01   9.9771078e+04   5.4813613e+04
   8.2000000e+01   1.2191779e+05   7.2730414e+04
   8.2100000e+01   1.1448792e+05   5.8442273e+04
   8.2200000e+01   8.5979648e+04   2.9594773e+04
   8.2300000e+01   5.7146809e+04   1.3770509e+04
   8.2400000e+01   4.4827504e+04   2.4831428e+04
   8.2500000e+01   5.0095605e+04   5.3468594e+04
   8.2600000e+01   6.0357941e+04   7.9195789e+04
   8.2700000e+01   6.1731875e+04   8.9179648e+04
   8.2800000e+01   4.9693340e+04   8.5431844e+04
   8.2900000e+01   2.9941461e+04   7.6961555e+04
   8.3000000e+01   1.1757364e+04   6.8613344e+04
   8.3100000e+01   1.5996558e+03   5.8532891e+04
   8.3200000e+01   1.3790284e+03   4.4622230e+04
   8.3300000e+01   9.8264316e+03   3.0734350e+04
   8.3400000e+01   2.3754861e+04   2.4796541e+04
   8.3500000e+01   3.8758539e+04   3.0698594e+04
   8.3600000e+01   5.0654176e+04   4.3101477e+04
   8.3700000e+01   5.7310816e+04   5.1458555e+04
   8.3800000e+01   5.8830801e+04   4.9455086e+04
   8.3900000e+01   5.5733547e+04   4.0085320e+04
   8.4000000e+01   4.7640398e+04   3.1689246e+04
   8.4100000e+01   3.4343883e+04   3.0199748e+04
   8.4200000e+01   1.7447035e+04   3.5594117e+04
   8.4300000e+01  -5.0770630e+02   4.3876719e+04
   8.4400000e+01  -1.8887365e+04   4.9836715e+04
   8.4500000e+01  -3.9762359e+04   4.7993770e+04
   8.4600000e+01  -6.4789664e+04   3.4270113e+04
   8.4700000e+01  -9.1747906e+04   9.7713936e+03
   8.4800000e+01  -1.1537856e+05  -1.7653129e+04
   8.4900000e+01  -1.3197309e+05  -3.8387508e+04
   8.5000000e+01  -1.4234075e+05  -4.8856219e+04
   8.5100000e+01  -1.4969273e+05  -5.3274539e+04
   8.5200000e+01  -1.5506080e+05  -5.6808840e+04
   8.5300000e+01  -1.5551022e+05  -5.8366234e+04
   8.5400000e+01  -1.4691267e+05  -5.2128402e+04
   8.5500000e+01  -1.2812030e+05  -3.6149824e+04
   8.5600000e+01  -1.0236988e+05  -1.7385449e+04
   8.5700000e+01  -7.4765133e+04  -6.5230464e+03
   8.5800000e+01  -4.8190672e+04  -7.7232642e+03
   8.5900000e+01  -2.1208967e+04  -1.3863725e+04
   8.6000000e+01   1.0084355e+04  -1.1905784e+04
   8.6100000e+01   4.7454289e+04   6.5574512e+03
   8.6200000e+01   8.6865883e+04   3.8063258e+04
   8.6300000e+01   1.1904696e+05   6.8266141e+04
   8.6400000e+01   1.3438908e+05   8.0400477e+04
   8.6500000e+01   1.2913869e+05   6.6319195e+04
   8.6600000e+01   1.0895552e+05   3.3191746e+04
   8.6700000e+01   8.7139578e+04   2.1133582e+02
   8.6800000e+01   7.7324305e+04  -1.4191036e+04
   8.6900000e+01   8.4208328e+04  -5.8333970e+03
   8.7000000e+01   9.9278297e+04   1.2412494e+04
   8.7100000e+01   1.0680938e+05   2.1741617e+04
   8.7200000e+01   9.6898625e+04   1.2849458e+04
   8.7300000e+01   7.4077617e+04  -8.3780254e+03
   8.7400000e+01   5.2681020e+04  -2.9246994e+04
   8.7500000e+01   4.3304988e+04  -4.2919074e+04
   8.7600000e+01   4.4276137e+04  -5.2367398e+04
   8.7700000e+01   4.6280172e+04  -6.3418215e+04
   8.7800000e+01   4.3474266e+04  -7.6463078e+04
   8.7900000e+01   3.8100805e+04  -8.6007406e+04
   8.8000000e+01   3.4683652e+04  -8.6801508e+04
   8.8100000e+01   3.2275686e+04  -7.8415633e+04
   8.8200000e+01   2.4172729e+04  -6.3947590e+04
   8.8300000e+01   4.7414146e+03  -4.6251926e+04
   8.8400000e+01  -2.4516119e+04  -2.6695551e+04
   8.8500000e+01  -5.5251719e+04  -6.7305215e+03
   8.8600000e+01  -7.7605117e+04   1.0992412e+04
   8.8700000e+01  -8.5970211e+04   2.3716391e+04
   8.8800000e+01  -8.1922906e+04   3.0416445e+04
   8.8900000e+01  -7.3154289e+04   3.2269211e+04
   8.9000000e+01  -6.8702094e+04   3.1286553e+04
   8.9100000e+01  -7.2879938e+04   2.8244143e+04
   8.9200000e+01  -8.2246914e+04   2.1752096e+04
   8.9300000e+01  -8.8582484e+04   9.9404082e+03
   8.9400000e+01  -8.5822828e+04  -5.9789692e+03
   8.9500000e+01  -7.4927133e+04  -1.9923025e+04
   8.9600000e+01  -6.2292609e+04  -2.4255762e+04
   8.9700000e+01  -5.3512641e+04  -1.6440346e+04
   8.9800000e+01  -4.8853512e+04  -2.4830579e+03
   8.9900000e+01  -4.4933812e+04   7.1908975e+03
   9.0000000e+01  -4.0310094e+04   5.9837700e+03
   9.0100000e+01  -3.8048207e+04  -4.3830137e+03
   9.0200000e+01  -4.1476875e+04  -1.6668529e+04
   9.0300000e+01  -4.7608305e+04  -2.4034910e+04
   9.0400000e+01  -4.6758094e+04  -2.3047801e+04
   9.0500000e+01  -3.0747002e+04  -1.2901041e+04
   9.0600000e+01  -1.6964391e+03   5.2938574e+03
   9.0700000e+01   2.8641326e+04   2.7061881e+04
   9.0800000e+01   4.9115469e+04   4.3960648e+04
   9.0900000e+01   5.8254684e+04   4.7694363e+04
   9.1000000e+01   6.2980199e+04   3.7371695e+04
   9.1100000e+01   6.9848703e+04   2.2789799e+04
   9.1200000e+01   7.9443703e+04   1.8397514e+04
   9.1300000e+01   8.8796641e+04   3.1402703e+04
   9.1400000e+01   9.5958133e+04   5.4611332e+04
   9.1500000e+01   9.9457711e+04   7.1627945e+04
   9.1600000e+01   9.4522102e+04   7.0588469e+04
   9.1700000e+01   7.4246109e+04   5.3855281e+04
   9.1800000e+01   3.7838582e+04   3.4595766e+04
   9.1900000e+01  -3.0374055e+03   2.3950270e+04
   9.2000000e+01  -2.9757881e+04   2.1546059e+04
   9.2100000e+01  -3.1561686e+04   1.8108215e+04
   9.2200000e+01  -1.5344473e+04   6.3338516e+03
   9.2300000e+01   4.3150940e+02  -1.1643023e+04
   9.2400000e+01   2.3150718e+03  -2.7241895e+04
   9.2500000e+01  -7.5357275e+03  -3.4579871e+04
   9.2600000e+01  -1.6486598e+04  -3.5727637e+04
   9.2700000e+01  -1.5196988e+04  -3.7321473e+04
   9.2800000e+01  -5.0128271e+03  -4.3342598e+04
   9.2900000e+01   6.9673589e+03  -5.2031324e+04
   9.3000000e+01   1.6951102e+04  -5.9056074e+04
   9.3100000e+01   2.6776334e+04  -6.1951195e+04
   9.3200000e+01   3.8683523e+04  -6.0732172e+04
   9.3300000e+01   5.0544246e+04  -5.5505688e+04
   9.3400000e+01   5.7060523e+04  -4.5598797e+04
   9.3500000e+01   5.4219840e+04  -3.1670703e+04
   9.3600000e+01   4.1738094e+04  -1.7174818e+04
   9.3700000e+01   2.2661418e+04  -5.7955312e+03
   9.3800000e+01   2.3903008e+03   2.8786780e+03
   9.3900000e+01  -1.2821715e+04   1.3696212e+04
   9.4000000e+01  -1.9552816e+04   3.0482375e+04
   9.4100000e+01  -2.1169143e+04   5.0181844e+04
   9.4200000e+01  -2.6614914e+04   6.3634117e+04
   9.4300000e+01  -4.2737562e+04   6.3306074e+04
   9.4400000e+01  -6.7327891e+04   5.0482188e+04
   9.4500000e+01  -9.1094703e+04   3.4553438e+04
   9.4600000e+01  -1.0686951e+05   2.5323189e+04
   9.4700000e+01  -1.1523731e+05   2.6292010e+04
   9.4800000e+01  -1.1995818e+05   3.4713500e+04
   9.4900000e+01  -1.1965330e+05   4.5956500e+04
   9.5000000e+01  -1.0746095e+05   5.5809672e+04
   9.5100000e+01  -8.0224117e+04   5.9324766e+04
   9.5200000e+01  -4.5650914e+04   5.1224039e+04
   9.5300000e+01  -1.6874600e+04   3.1216299e+04
   9.5400000e+01   1.2611135e+03   9.2171514e+03
   9.5500000e+01   1.8844158e+04   1.8983269e+03
   9.5600000e+01   5.1642918e+04   1.9812891e+04
   9.5700000e+01   1.0421290e+05   5.5818355e+04
   9.5800000e+01   1.6218348e+05   8.7031922e+04
   9.5900000e+01   2.0166084e+05   9.0839578e+04
   9.6000000e+01   2.0738156e+05   6.1928570e+04
   9.6100000e+01   1.8389180e+05   1.5704080e+04
   9.6200000e+01   1.5109539e+05  -2.4477246e+04
   9.6300000e+01   1.2879692e+05  -4.4718789e+04
   9.6400000e+01   1.2281084e+05  -4.8067379e+04
   9.6500000e+01   1.2284522e+05  -4.7568844e+04
   9.6600000e+01   1.1278708e+05  -5.3286078e+04
   9.6700000e+01   8.4539430e+04  -6.5276906e+04
   9.6800000e+01   4.4157727e+04  -7.6789258e+04
   9.6900000e+01   5.8029976e+03  -8.2026289e+04
   9.7000000e+01  -2.0346309e+04  -8.0601141e+04
   9.7100000e+01  -3.5056426e+04  -7.6378242e+04
   9.7200000e+01  -4.6233543e+04  -7.3868633e+04
   9.7300000e+01  -5.9453992e+04  -7.5390391e+04
   9.7400000e+01  -7.2941391e+04  -7.9579250e+04
   9.7500000e+01  -8.1343664e+04  -8.1381453e+04
   9.7600000e+01  -8.2759164e+04  -7.4680484e+04
   9.7700000e+01  -8.0491977e+04  -5.7167387e+04
   9.7800000e+01  -7.8005164e+04  -3.3471910e+04
   9.7900000e+01  -7.3958258e+04  -1.2505071e+04
   9.8000000e+01  -6.3961418e+04  -5.5842310e+02
   9.8100000e+01  -4.7125363e+04   3.1208823e+03
   9.8200000e+01  -2.9168391e+04   3.7989265e+03
   9.8300000e+01  -1.7730688e+04   4.9774736e+03
   9.8400000e+01  -1.5077482e+04   5.5015991e+03
   9.8500000e+01  -1.6801299e+04   2.6136113e+03
   9.8600000e+01  -1.8030029e+04  -3.6443386e+03
   9.8700000e+01  -1.9549645e+04  -1.0200452e+04
   9.8800000e+01  -2.6268934e+04  -1.4588285e+04
   9.8900000e+01  -3.9670742e+04  -1.7401777e+04
   9.9000000e+01  -5.3311105e+04  -2.0589338e+04
   9.9100000e+01  -5.7252207e+04  -2.4132189e+04
   9.9200000e+01  -4.7258508e+04  -2.5418439e+04
   9.9300000e+01  -2.9183844e+04  -2.1975662e+04
   9.9400000e+01  -1.4116522e+04  -1.4315499e+04
   9.9500000e+01  -9.3827676e+03  -5.9690913e+03
   9.9600000e+01  -1.3877488e+04  -8.6579852e+02
   9.9700000e+01  -2.0614615e+04  -1.4810805e+02
   9.9800000e+01  -2.2408176e+04  -7.6322632e+02
   9.9900000e+01  -1.6015405e+04   2.0470905e+03
   1.0000000e+02  -3.6235610e+03   9.3322061e+03
