   1.1851270e+02   3.6301420e+01   1.8450000e+02
   1.1965877e+02   3.6499359e+01   1.1800000e+01
   0.0000000e+00  -1.8613864e+05  -1.8613864e+05
   1.0000000e-01  -2.8650066e+05  -8.1374336e+04
   2.0000000e-01  -3.7570406e+05   3.0058730e+04
   3.0000000e-01  -4.3897603e+05   1.5015052e+05
   4.0000000e-01  -4.6345750e+05   2.7031759e+05
   5.0000000e-01  -4.4782434e+05   3.7157303e+05
   6.0000000e-01  -4.0378316e+05   4.3672309e+05
   7.0000000e-01  -3.4900084e+05   4.6373216e+05
   8.0000000e-01  -2.9716316e+05   4.6740434e+05
   9.0000000e-01  -2.5188116e+05   4.6727822e+05
   1.0000000e+00  -2.0787012e+05   4.7230719e+05
   1.1000000e+00  -1.5795892e+05   4.7528484e+05
   1.2000000e+00  -1.0094296e+05   4.6068656e+05
   1.3000000e+00  -4.4949582e+04   4.1824494e+05
   1.4000000e+00  -3.8749690e+03   3.5124141e+05
   1.5000000e+00   1.1273187e+04   2.7449644e+05
   1.6000000e+00   8.6937646e+02   2.0546798e+05
   1.7000000e+00  -2.1092010e+04   1.5542828e+05
   1.8000000e+00  -3.4059945e+04   1.2529080e+05
   1.9000000e+00  -2.3801176e+04   1.0664727e+05
   2.0000000e+00   8.1678291e+03   8.6695680e+04
   2.1000000e+00   4.6582836e+04   5.5414660e+04
   2.2000000e+00   7.4513039e+04   1.2172116e+04
   2.3000000e+00   8.4930766e+04  -3.2512254e+04
   2.4000000e+00   8.2092555e+04  -6.2772539e+04
   2.5000000e+00   7.3718461e+04  -6.8044891e+04
   2.6000000e+00   6.3587762e+04  -5.0998141e+04
   2.7000000e+00   5.1404012e+04  -2.6398965e+04
   2.8000000e+00   3.7183945e+04  -1.1624734e+04
   2.9000000e+00   2.3212512e+04  -1.6201689e+04
   3.0000000e+00   1.1804173e+04  -3.8105785e+04
   3.1000000e+00   3.2851394e+03  -6.8695766e+04
   3.2000000e+00  -2.6626611e+03  -1.0131729e+05
   3.3000000e+00  -4.9767612e+03  -1.3620431e+05
   3.4000000e+00  -2.4511650e+03  -1.7786178e+05
   3.5000000e+00   3.0350859e+03  -2.2774444e+05
   3.6000000e+00   6.4577251e+03  -2.7939234e+05
   3.7000000e+00   4.3721094e+03  -3.2120806e+05
   3.8000000e+00  -5.5444238e+02  -3.4493619e+05
   3.9000000e+00  -9.3700293e+02  -3.5209662e+05
   4.0000000e+00   8.7398555e+03  -3.5214300e+05
   4.1000000e+00   2.6955215e+04  -3.5391869e+05
   4.2000000e+00   4.6505297e+04  -3.5833522e+05
   4.3000000e+00   6.0842758e+04  -3.5872966e+05
   4.4000000e+00   6.9591320e+04  -3.4785169e+05
   4.5000000e+00   7.8992094e+04  -3.2460047e+05
   4.6000000e+00   9.7412867e+04  -2.9472325e+05
   4.7000000e+00   1.2906954e+05  -2.6562238e+05
   4.8000000e+00   1.6984900e+05  -2.4017950e+05
   4.9000000e+00   2.0830500e+05  -2.1450916e+05
   5.0000000e+00   2.3218523e+05  -1.8103975e+05
   5.1000000e+00   2.3647644e+05  -1.3458088e+05
   5.2000000e+00   2.2637455e+05  -7.7208242e+04
   5.3000000e+00   2.1183692e+05  -1.8266732e+04
   5.4000000e+00   1.9798300e+05   3.1566539e+04
   5.5000000e+00   1.8014247e+05   6.8964672e+04
   5.6000000e+00   1.4823005e+05   1.0268602e+05
   5.7000000e+00   9.6006203e+04   1.4877141e+05
   5.8000000e+00   2.6299867e+04   2.1774075e+05
   5.9000000e+00  -5.1895234e+04   3.0358128e+05
   6.0000000e+00  -1.3011824e+05   3.8512812e+05
   6.1000000e+00  -2.0386978e+05   4.4055097e+05
   6.2000000e+00  -2.7074319e+05   4.6308938e+05
   6.3000000e+00  -3.2729888e+05   4.6379119e+05
   6.4000000e+00  -3.6902441e+05   4.5871262e+05
   6.5000000e+00  -3.9312572e+05   4.5294269e+05
   6.6000000e+00  -4.0062322e+05   4.3675719e+05
   6.7000000e+00  -3.9564384e+05   3.9696928e+05
   6.8000000e+00  -3.8312003e+05   3.3161125e+05
   6.9000000e+00  -3.6709419e+05   2.5349692e+05
   7.0000000e+00  -3.5013609e+05   1.7994080e+05
   7.1000000e+00  -3.3296603e+05   1.1944023e+05
   7.2000000e+00  -3.1393900e+05   6.8107367e+04
   7.3000000e+00  -2.8924309e+05   1.8025613e+04
   7.4000000e+00  -2.5455373e+05  -3.2073137e+04
   7.5000000e+00  -2.0760427e+05  -7.4782586e+04
   7.6000000e+00  -1.5016816e+05  -1.0200017e+05
   7.7000000e+00  -8.8103070e+04  -1.1399910e+05
   7.8000000e+00  -2.8972719e+04  -1.2006100e+05
   7.9000000e+00   2.2030719e+04  -1.3021704e+05
   8.0000000e+00   6.5724734e+04  -1.4661048e+05
   8.1000000e+00   1.0924207e+05  -1.6272753e+05
   8.2000000e+00   1.6156881e+05  -1.7026556e+05
   8.3000000e+00   2.2659716e+05  -1.6616945e+05
   8.4000000e+00   2.9901262e+05  -1.5349827e+05
   8.5000000e+00   3.6696828e+05  -1.3685414e+05
   8.6000000e+00   4.1977212e+05  -1.1797072e+05
   8.7000000e+00   4.5388800e+05  -9.5427375e+04
   8.8000000e+00   4.7195800e+05  -6.7593617e+04
   8.9000000e+00   4.7656994e+05  -3.5388914e+04
   9.0000000e+00   4.6595488e+05  -2.7277988e+03
   9.1000000e+00   4.3654950e+05   2.5092141e+04
   9.2000000e+00   3.8958719e+05   4.3707570e+04
   9.3000000e+00   3.3408462e+05   5.1409914e+04
   9.4000000e+00   2.8212584e+05   4.9284332e+04
   9.5000000e+00   2.4035716e+05   3.9556242e+04
   9.6000000e+00   2.0549891e+05   2.3368721e+04
   9.7000000e+00   1.6777055e+05   8.9619629e+01
   9.8000000e+00   1.1901080e+05  -3.0947434e+04
   9.9000000e+00   5.8926320e+04  -6.7945125e+04
   1.0000000e+01  -4.7075981e+03  -1.0621963e+05
   1.0100000e+01  -6.1337500e+04  -1.4070462e+05
   1.0200000e+01  -1.0450654e+05  -1.6902983e+05
   1.0300000e+01  -1.3555052e+05  -1.9206472e+05
   1.0400000e+01  -1.6105948e+05  -2.1148631e+05
   1.0500000e+01  -1.8541648e+05  -2.2692545e+05
   1.0600000e+01  -2.0465845e+05  -2.3516834e+05
   1.0700000e+01  -2.0833612e+05  -2.3134255e+05
   1.0800000e+01  -1.8923327e+05  -2.1055742e+05
   1.0900000e+01  -1.5214697e+05  -1.6961170e+05
   1.1000000e+01  -1.1232167e+05  -1.0951553e+05
   1.1100000e+01  -8.4085711e+04  -3.7975539e+04
   1.1200000e+01  -7.0612938e+04   3.1518945e+04
   1.1300000e+01  -6.4512664e+04   8.6201867e+04
   1.1400000e+01  -5.7264172e+04   1.2267256e+05
   1.1500000e+01  -4.6983867e+04   1.4980289e+05
   1.1600000e+01  -3.7952398e+04   1.8120038e+05
   1.1700000e+01  -3.5397645e+04   2.2207333e+05
   1.1800000e+01  -4.2451082e+04   2.6214588e+05
   1.1900000e+01  -6.0588469e+04   2.8228616e+05
   1.2000000e+01  -8.9759531e+04   2.7007978e+05
   1.2100000e+01  -1.2668534e+05   2.3049812e+05
   1.2200000e+01  -1.6458472e+05   1.8172466e+05
   1.2300000e+01  -1.9677261e+05   1.4008555e+05
   1.2400000e+01  -2.2112091e+05   1.0823220e+05
   1.2500000e+01  -2.4047550e+05   7.6983273e+04
   1.2600000e+01  -2.5879703e+05   3.7629641e+04
   1.2700000e+01  -2.7762847e+05  -7.9247441e+03
   1.2800000e+01  -2.9612528e+05  -4.8262250e+04
   1.2900000e+01  -3.1276684e+05  -7.2346891e+04
   1.3000000e+01  -3.2523731e+05  -7.8289086e+04
   1.3100000e+01  -3.2864934e+05  -7.3589578e+04
   1.3200000e+01  -3.1572028e+05  -6.7733453e+04
   1.3300000e+01  -2.8078278e+05  -6.4030949e+04
   1.3400000e+01  -2.2473867e+05  -5.7349051e+04
   1.3500000e+01  -1.5619264e+05  -3.9176992e+04
   1.3600000e+01  -8.7229227e+04  -5.5409536e+03
   1.3700000e+01  -2.6922395e+04   3.8961621e+04
   1.3800000e+01   2.2939619e+04   8.4319523e+04
   1.3900000e+01   6.7730398e+04   1.2238252e+05
   1.4000000e+01   1.1623703e+05   1.5162555e+05
   1.4100000e+01   1.7548633e+05   1.7539262e+05
   1.4200000e+01   2.4661897e+05   1.9564180e+05
   1.4300000e+01   3.2406469e+05   2.0794667e+05
   1.4400000e+01   3.9875531e+05   2.0222838e+05
   1.4500000e+01   4.6310309e+05   1.6922594e+05
   1.4600000e+01   5.1358475e+05   1.0831621e+05
   1.4700000e+01   5.4894950e+05   3.0464033e+04
   1.4800000e+01   5.6690744e+05  -4.7347820e+04
   1.4900000e+01   5.6410112e+05  -1.1316798e+05
   1.5000000e+01   5.4022869e+05  -1.6760873e+05
   1.5100000e+01   5.0147900e+05  -2.2048619e+05
   1.5200000e+01   4.5797109e+05  -2.7899903e+05
   1.5300000e+01   4.1605059e+05  -3.3869997e+05
   1.5400000e+01   3.7261309e+05  -3.8622288e+05
   1.5500000e+01   3.1789966e+05  -4.1076916e+05
   1.5600000e+01   2.4544642e+05  -4.1258022e+05
   1.5700000e+01   1.6054820e+05  -4.0057075e+05
   1.5800000e+01   7.9033969e+04  -3.8287134e+05
   1.5900000e+01   1.6359705e+04  -3.6008566e+05
   1.6000000e+01  -2.4301893e+04  -3.2632338e+05
   1.6100000e+01  -5.4986277e+04  -2.7496634e+05
   1.6200000e+01  -9.4164969e+04  -2.0374645e+05
   1.6300000e+01  -1.5305331e+05  -1.1693615e+05
   1.6400000e+01  -2.2741223e+05  -2.4949072e+04
   1.6500000e+01  -3.0052394e+05   5.8841953e+04
   1.6600000e+01  -3.5451038e+05   1.2395943e+05
   1.6700000e+01  -3.8170253e+05   1.6818591e+05
   1.6800000e+01  -3.8859881e+05   1.9770130e+05
   1.6900000e+01  -3.9035350e+05   2.2124931e+05
   1.7000000e+01  -3.9979162e+05   2.4374614e+05
   1.7100000e+01  -4.1836509e+05   2.6546491e+05
   1.7200000e+01  -4.3551503e+05   2.8656616e+05
   1.7300000e+01  -4.3755488e+05   3.1057722e+05
   1.7400000e+01  -4.1995175e+05   3.4178850e+05
   1.7500000e+01  -3.9289669e+05   3.7888253e+05
   1.7600000e+01  -3.7398619e+05   4.1201475e+05
   1.7700000e+01  -3.7256119e+05   4.2765300e+05
   1.7800000e+01  -3.7916309e+05   4.1789366e+05
   1.7900000e+01  -3.7108650e+05   3.8634497e+05
   1.8000000e+01  -3.3107931e+05   3.4523962e+05
   1.8100000e+01  -2.6311822e+05   3.0577381e+05
   1.8200000e+01  -1.9043719e+05   2.6937797e+05
   1.8300000e+01  -1.3679734e+05   2.2693548e+05
   1.8400000e+01  -1.0748677e+05   1.6643517e+05
   1.8500000e+01  -8.6608398e+04   8.2716758e+04
   1.8600000e+01  -5.2087570e+04  -1.8235176e+04
   1.8700000e+01   5.6530874e+03  -1.2281880e+05
   1.8800000e+01   7.7252008e+04  -2.1717136e+05
   1.8900000e+01   1.4415400e+05  -2.9265584e+05
   1.9000000e+01   1.9466700e+05  -3.4720522e+05
   1.9100000e+01   2.3248225e+05  -3.8401803e+05
   1.9200000e+01   2.7155266e+05  -4.0930075e+05
   1.9300000e+01   3.2284962e+05  -4.2886972e+05
   1.9400000e+01   3.8426156e+05  -4.4366866e+05
   1.9500000e+01   4.4111309e+05  -4.4711916e+05
   1.9600000e+01   4.7596150e+05  -4.2822247e+05
   1.9700000e+01   4.8001812e+05  -3.7993891e+05
   1.9800000e+01   4.5858309e+05  -3.0600284e+05
   1.9900000e+01   4.2746716e+05  -2.1890108e+05
   2.0000000e+01   4.0279206e+05  -1.2988266e+05
   2.0100000e+01   3.9047484e+05  -4.0878664e+04
   2.0200000e+01   3.8259578e+05   5.2671961e+04
   2.0300000e+01   3.6405784e+05   1.5055261e+05
   2.0400000e+01   3.2527672e+05   2.4046941e+05
   2.0500000e+01   2.7078972e+05   3.0374306e+05
   2.0600000e+01   2.1611583e+05   3.2917412e+05
   2.0700000e+01   1.7531194e+05   3.2132500e+05
   2.0800000e+01   1.5023195e+05   2.9544606e+05
   2.0900000e+01   1.3089569e+05   2.6502700e+05
   2.1000000e+01   1.0599775e+05   2.3396773e+05
   2.1100000e+01   7.3532797e+04   1.9839538e+05
   2.1200000e+01   4.1985168e+04   1.5304541e+05
   2.1300000e+01   2.1300789e+04   9.5321258e+04
   2.1400000e+01   1.1794145e+04   2.6007883e+04
   2.1500000e+01   1.0254399e+03  -5.0308492e+04
   2.1600000e+01  -2.7732141e+04  -1.2445075e+05
   2.1700000e+01  -8.1677492e+04  -1.8446352e+05
   2.1800000e+01  -1.5100652e+05  -2.2142089e+05
   2.1900000e+01  -2.1502705e+05  -2.3528281e+05
   2.2000000e+01  -2.5739098e+05  -2.3483872e+05
   2.2100000e+01  -2.7738959e+05  -2.3042816e+05
   2.2200000e+01  -2.8771956e+05  -2.2501850e+05
   2.2300000e+01  -3.0177531e+05  -2.1137423e+05
   2.2400000e+01  -3.2265753e+05  -1.7818791e+05
   2.2500000e+01  -3.4286203e+05  -1.2037809e+05
   2.2600000e+01  -3.5270550e+05  -4.4979410e+04
   2.2700000e+01  -3.4876406e+05   3.2332943e+04
   2.2800000e+01  -3.3605722e+05   9.6989328e+04
   2.2900000e+01  -3.2401172e+05   1.4334488e+05
   2.3000000e+01  -3.1968128e+05   1.7506847e+05
   2.3100000e+01  -3.2202819e+05   1.9988661e+05
   2.3200000e+01  -3.2096262e+05   2.2434028e+05
   2.3300000e+01  -3.0333538e+05   2.5135647e+05
   2.3400000e+01  -2.6296022e+05   2.7914806e+05
   2.3500000e+01  -2.0645522e+05   3.0044728e+05
   2.3600000e+01  -1.4862852e+05   3.0446241e+05
   2.3700000e+01  -1.0083961e+05   2.8317456e+05
   2.3800000e+01  -6.3308555e+04   2.3787334e+05
   2.3900000e+01  -2.8463283e+04   1.7923083e+05
   2.4000000e+01   9.0692441e+03   1.2004929e+05
   2.4100000e+01   4.6404227e+04   6.7652336e+04
   2.4200000e+01   7.5486617e+04   2.2576188e+04
   2.4300000e+01   9.0918617e+04  -1.7626605e+04
   2.4400000e+01   9.4777242e+04  -5.5363664e+04
   2.4500000e+01   9.5034203e+04  -9.2858305e+04
   2.4600000e+01   9.9721008e+04  -1.3187528e+05
   2.4700000e+01   1.1107606e+05  -1.7186794e+05
   2.4800000e+01   1.2345575e+05  -2.0967062e+05
   2.4900000e+01   1.2713885e+05  -2.4260992e+05
   2.5000000e+01   1.1643690e+05  -2.7088669e+05
   2.5100000e+01   9.5951914e+04  -2.9457234e+05
   2.5200000e+01   7.8609570e+04  -3.0848034e+05
   2.5300000e+01   7.5919961e+04  -3.0347197e+05
   2.5400000e+01   8.8849570e+04  -2.7588238e+05
   2.5500000e+01   1.0762475e+05  -2.3518159e+05
   2.5600000e+01   1.2006180e+05  -1.9958719e+05
   2.5700000e+01   1.2016657e+05  -1.8232608e+05
   2.5800000e+01   1.1000255e+05  -1.8197508e+05
   2.5900000e+01   9.5420508e+04  -1.8568584e+05
   2.6000000e+01   8.1101516e+04  -1.8040458e+05
   2.6100000e+01   6.8707383e+04  -1.6090978e+05
   2.6200000e+01   5.8036652e+04  -1.2987911e+05
   2.6300000e+01   4.9482773e+04  -9.3885102e+04
   2.6400000e+01   4.6153625e+04  -6.0064906e+04
   2.6500000e+01   5.3718828e+04  -3.3706520e+04
   2.6600000e+01   7.6754453e+04  -1.5627946e+04
   2.6700000e+01   1.1381911e+05  -1.2472593e+03
   2.6800000e+01   1.5656558e+05   1.5877725e+04
   2.6900000e+01   1.9550195e+05   3.7807895e+04
   2.7000000e+01   2.2760652e+05   5.9539492e+04
   2.7100000e+01   2.5749184e+05   7.3825094e+04
   2.7200000e+01   2.8997491e+05   7.9730398e+04
   2.7300000e+01   3.2177331e+05   8.6385805e+04
   2.7400000e+01   3.4185284e+05   1.0716614e+05
   2.7500000e+01   3.4074072e+05   1.4856777e+05
   2.7600000e+01   3.1918144e+05   2.0367597e+05
   2.7700000e+01   2.8726238e+05   2.5671827e+05
   2.7800000e+01   2.5530831e+05   2.9536206e+05
   2.7900000e+01   2.2565623e+05   3.1988219e+05
   2.8000000e+01   1.9208448e+05   3.4056000e+05
   2.8100000e+01   1.4566755e+05   3.6557134e+05
   2.8200000e+01   8.1397672e+04   3.9110600e+05
   2.8300000e+01   1.5545116e+03   4.0356903e+05
   2.8400000e+01  -8.5107797e+04   3.9165491e+05
   2.8500000e+01  -1.6795897e+05   3.5630619e+05
   2.8600000e+01  -2.4107630e+05   3.0953491e+05
   2.8700000e+01  -3.0735088e+05   2.6496166e+05
   2.8800000e+01  -3.7545166e+05   2.3007142e+05
   2.8900000e+01  -4.5049894e+05   2.0562050e+05
   2.9000000e+01  -5.2626512e+05   1.8894444e+05
   2.9100000e+01  -5.8676281e+05   1.7615848e+05
   2.9200000e+01  -6.1661775e+05   1.6323948e+05
   2.9300000e+01  -6.1117088e+05   1.4830564e+05
   2.9400000e+01  -5.7781806e+05   1.3342436e+05
   2.9500000e+01  -5.2862669e+05   1.2165586e+05
   2.9600000e+01  -4.7155091e+05   1.1034072e+05
   2.9700000e+01  -4.0715362e+05   8.8716438e+04
   2.9800000e+01  -3.3193881e+05   4.5538988e+04
   2.9900000e+01  -2.4450030e+05  -1.9049770e+04
   3.0000000e+01  -1.4970864e+05  -8.9951844e+04
   3.0100000e+01  -5.7924477e+04  -1.4702912e+05
   3.0200000e+01   2.0773121e+04  -1.7985112e+05
   3.0300000e+01   8.3691570e+04  -1.9389333e+05
   3.0400000e+01   1.3797486e+05  -2.0384103e+05
   3.0500000e+01   1.9471678e+05  -2.2172658e+05
   3.0600000e+01   2.5816606e+05  -2.5044875e+05
   3.0700000e+01   3.1944100e+05  -2.8609831e+05
   3.0800000e+01   3.6186522e+05  -3.2437772e+05
   3.0900000e+01   3.7471700e+05  -3.6457528e+05
   3.1000000e+01   3.6328703e+05  -4.0859478e+05
   3.1100000e+01   3.4527506e+05  -4.5737175e+05
   3.1200000e+01   3.3575744e+05  -5.0856009e+05
   3.1300000e+01   3.3384075e+05  -5.5723331e+05
   3.1400000e+01   3.2308803e+05  -5.9809112e+05
   3.1500000e+01   2.8570050e+05  -6.2656575e+05
   3.1600000e+01   2.1838383e+05  -6.3828712e+05
   3.1700000e+01   1.3647225e+05  -6.2899444e+05
   3.1800000e+01   6.3035500e+04  -5.9669350e+05
   3.1900000e+01   1.2307549e+04  -5.4461019e+05
   3.2000000e+01  -1.8823158e+04  -4.8135288e+05
   3.2100000e+01  -4.4817902e+04  -4.1689406e+05
   3.2200000e+01  -7.7079898e+04  -3.5744328e+05
   3.2300000e+01  -1.1406097e+05  -3.0370944e+05
   3.2400000e+01  -1.4404783e+05  -2.5345336e+05
   3.2500000e+01  -1.5705273e+05  -2.0470884e+05
   3.2600000e+01  -1.5442272e+05  -1.5590658e+05
   3.2700000e+01  -1.4771067e+05  -1.0340407e+05
   3.2800000e+01  -1.4852983e+05  -4.0374555e+04
   3.2900000e+01  -1.5876880e+05   4.0344332e+04
   3.3000000e+01  -1.6936453e+05   1.4113103e+05
   3.3100000e+01  -1.6806695e+05   2.5624430e+05
   3.3200000e+01  -1.4949286e+05   3.7286828e+05
   3.3300000e+01  -1.1956194e+05   4.7614131e+05
   3.3400000e+01  -9.1190570e+04   5.5572425e+05
   3.3500000e+01  -7.4841969e+04   6.1056025e+05
   3.3600000e+01  -7.1178117e+04   6.4863900e+05
   3.3700000e+01  -7.0953328e+04   6.8101662e+05
   3.3800000e+01  -6.1375805e+04   7.1378731e+05
   3.3900000e+01  -3.3690734e+04   7.4419200e+05
   3.4000000e+01   1.2718416e+04   7.6382506e+05
   3.4100000e+01   7.0658320e+04   7.6544656e+05
   3.4200000e+01   1.2841278e+05   7.4717944e+05
   3.4300000e+01   1.7477419e+05   7.1171138e+05
   3.4400000e+01   2.0461958e+05   6.6342675e+05
   3.4500000e+01   2.2196780e+05   6.0693694e+05
   3.4600000e+01   2.3695275e+05   5.4692044e+05
   3.4700000e+01   2.5739836e+05   4.8719769e+05
   3.4800000e+01   2.8160178e+05   4.2896956e+05
   3.4900000e+01   2.9922562e+05   3.7051369e+05
   3.5000000e+01   2.9990691e+05   3.0964519e+05
   3.5100000e+01   2.8160712e+05   2.4714233e+05
   3.5200000e+01   2.5124741e+05   1.8792347e+05
   3.5300000e+01   2.1814380e+05   1.3850123e+05
   3.5400000e+01   1.8726531e+05   1.0236662e+05
   3.5500000e+01   1.5789089e+05   7.7040070e+04
   3.5600000e+01   1.2674546e+05   5.5909203e+04
   3.5700000e+01   9.0977359e+04   3.4215480e+04
   3.5800000e+01   4.8643473e+04   1.3932915e+04
   3.5900000e+01  -1.5089299e+03   1.7116558e+03
   3.6000000e+01  -5.8801320e+04   6.7217773e+01
   3.6100000e+01  -1.1908387e+05  -3.1013037e+02
   3.6200000e+01  -1.7594373e+05  -1.8654160e+04
   3.6300000e+01  -2.2490036e+05  -7.2798141e+04
   3.6400000e+01  -2.6655919e+05  -1.6783595e+05
   3.6500000e+01  -3.0488319e+05  -2.9402984e+05
   3.6600000e+01  -3.4205147e+05  -4.3426325e+05
   3.6700000e+01  -3.7553247e+05  -5.7367081e+05
   3.6800000e+01  -4.0049178e+05  -7.0477750e+05
   3.6900000e+01  -4.1428169e+05  -8.2719162e+05
   3.7000000e+01  -4.1753600e+05  -9.4424006e+05
   3.7100000e+01  -4.1106988e+05  -1.0583761e+06
   3.7200000e+01  -3.9310125e+05  -1.1667958e+06
   3.7300000e+01  -3.6043606e+05  -1.2599824e+06
   3.7400000e+01  -3.1189534e+05  -1.3253516e+06
   3.7500000e+01  -2.4982650e+05  -1.3538986e+06
   3.7600000e+01  -1.7868423e+05  -1.3440435e+06
   3.7700000e+01  -1.0322978e+05  -1.2991511e+06
   3.7800000e+01  -2.8060404e+04  -1.2216784e+06
   3.7900000e+01   4.2719301e+04  -1.1102688e+06
   3.8000000e+01   1.0681578e+05  -9.6235638e+05
   3.8100000e+01   1.6452780e+05  -7.7863900e+05
   3.8200000e+01   2.1711216e+05  -5.6415969e+05
   3.8300000e+01   2.6406325e+05  -3.2498788e+05
   3.8400000e+01   3.0263612e+05  -6.4489785e+04
   3.8500000e+01   3.3025931e+05   2.1620283e+05
   3.8600000e+01   3.4662925e+05   5.1300750e+05
   3.8700000e+01   3.5281603e+05   8.1349600e+05
   3.8800000e+01   3.4897881e+05   1.0972666e+06
   3.8900000e+01   3.3420244e+05   1.3438815e+06
   3.9000000e+01   3.0874644e+05   1.5428924e+06
   3.9100000e+01   2.7523403e+05   1.6968528e+06
   3.9200000e+01   2.3651194e+05   1.8133218e+06
   3.9300000e+01   1.9271127e+05   1.8923460e+06
   3.9400000e+01   1.4189525e+05   1.9211589e+06
   3.9500000e+01   8.4613203e+04   1.8813850e+06
   3.9600000e+01   2.7408105e+04   1.7620652e+06
   3.9700000e+01  -1.9520246e+04   1.5668186e+06
   3.9800000e+01  -4.9298562e+04   1.3102526e+06
   3.9900000e+01  -6.3444391e+04   1.0090110e+06
   4.0000000e+01  -6.9774305e+04   6.7595769e+05
   4.0100000e+01  -7.4874852e+04   3.2068144e+05
   4.0200000e+01  -7.8352086e+04  -4.6680582e+04
   4.0300000e+01  -7.4402805e+04  -4.1241150e+05
   4.0400000e+01  -5.8969699e+04  -7.5846794e+05
   4.0500000e+01  -3.5199918e+04  -1.0635810e+06
   4.0600000e+01  -1.1810558e+04  -1.3058430e+06
   4.0700000e+01   3.6746492e+03  -1.4666364e+06
   4.0800000e+01   9.7529619e+03  -1.5347908e+06
   4.0900000e+01   9.2916895e+03  -1.5088414e+06
   4.1000000e+01   4.0699402e+03  -1.3958740e+06
   4.1100000e+01  -7.9548145e+03  -1.2077892e+06
   4.1200000e+01  -2.9714197e+04  -9.5801538e+05
   4.1300000e+01  -6.0096344e+04  -6.6127806e+05
   4.1400000e+01  -9.2724211e+04  -3.3582725e+05
   4.1500000e+01  -1.1980185e+05  -4.5341567e+03
   4.1600000e+01  -1.3716330e+05   3.0778541e+05
   4.1700000e+01  -1.4624311e+05   5.7914738e+05
   4.1800000e+01  -1.5234670e+05   7.9293400e+05
   4.1900000e+01  -1.6129133e+05   9.3648106e+05
   4.2000000e+01  -1.7605338e+05   9.9903331e+05
   4.2100000e+01  -1.9419828e+05   9.7320356e+05
   4.2200000e+01  -2.0773427e+05   8.5925706e+05
   4.2300000e+01  -2.0717506e+05   6.6719612e+05
   4.2400000e+01  -1.8820334e+05   4.1378366e+05
   4.2500000e+01  -1.5524947e+05   1.1772519e+05
   4.2600000e+01  -1.1771678e+05  -2.0171814e+05
   4.2700000e+01  -8.1846781e+04  -5.2229612e+05
   4.2800000e+01  -4.6362129e+04  -8.1764006e+05
   4.2900000e+01  -6.2277158e+03  -1.0613902e+06
   4.3000000e+01   3.9997637e+04  -1.2340558e+06
   4.3100000e+01   8.7293844e+04  -1.3264310e+06
   4.3200000e+01   1.2823820e+05  -1.3369946e+06
   4.3300000e+01   1.5887214e+05  -1.2668866e+06
   4.3400000e+01   1.8040347e+05  -1.1177666e+06
   4.3500000e+01   1.9619264e+05  -8.9403281e+05
   4.3600000e+01   2.0792812e+05  -6.0662612e+05
   4.3700000e+01   2.1428206e+05  -2.7485862e+05
   4.3800000e+01   2.1224938e+05   7.5312531e+04
   4.3900000e+01   1.9954520e+05   4.1599231e+05
   4.4000000e+01   1.7626927e+05   7.2279938e+05
   4.4100000e+01   1.4454405e+05   9.7795244e+05
   4.4200000e+01   1.0628766e+05   1.1691639e+06
   4.4300000e+01   6.1416789e+04   1.2863068e+06
   4.4400000e+01   9.0019414e+03   1.3205916e+06
   4.4500000e+01  -4.9276059e+04   1.2687290e+06
   4.4600000e+01  -1.0726544e+05   1.1386192e+06
   4.4700000e+01  -1.5663359e+05   9.5036781e+05
   4.4800000e+01  -1.9097331e+05   7.3058888e+05
   4.4900000e+01  -2.0735533e+05   5.0453709e+05
   4.5000000e+01  -2.0474012e+05   2.9180281e+05
   4.5100000e+01  -1.8301452e+05   1.0628278e+05
   4.5200000e+01  -1.4497598e+05  -4.3167473e+04
   4.5300000e+01  -9.8237500e+04  -1.5339470e+05
   4.5400000e+01  -5.2662648e+04  -2.2668169e+05
   4.5500000e+01  -1.4222517e+04  -2.6732697e+05
   4.5600000e+01   1.8674166e+04  -2.7754112e+05
   4.5700000e+01   5.2375180e+04  -2.5769561e+05
   4.5800000e+01   9.1638672e+04  -2.1173072e+05
   4.5900000e+01   1.3593369e+05  -1.5194248e+05
   4.6000000e+01   1.8065133e+05  -9.6758039e+04
   4.6100000e+01   2.2002673e+05  -6.2071691e+04
   4.6200000e+01   2.4830144e+05  -5.3690535e+04
   4.6300000e+01   2.5978466e+05  -6.7513336e+04
   4.6400000e+01   2.5060588e+05  -9.6314578e+04
   4.6500000e+01   2.2205075e+05  -1.3596664e+05
   4.6600000e+01   1.8165372e+05  -1.8571116e+05
   4.6700000e+01   1.3934378e+05  -2.4392611e+05
   4.6800000e+01   1.0135158e+05  -3.0500688e+05
   4.6900000e+01   6.7752156e+04  -3.6072112e+05
   4.7000000e+01   3.5935445e+04  -4.0428838e+05
   4.7100000e+01   5.5854717e+03  -4.3329534e+05
   4.7200000e+01  -2.1020984e+04  -4.4966619e+05
   4.7300000e+01  -4.3704457e+04  -4.5767478e+05
   4.7400000e+01  -6.7567469e+04  -4.6138531e+05
   4.7500000e+01  -9.9072578e+04  -4.6204478e+05
   4.7600000e+01  -1.3777969e+05  -4.5636328e+05
   4.7700000e+01  -1.7279705e+05  -4.3761897e+05
   4.7800000e+01  -1.8938855e+05  -4.0004334e+05
   4.7900000e+01  -1.8095077e+05  -3.4312862e+05
   4.8000000e+01  -1.5555892e+05  -2.7122606e+05
   4.8100000e+01  -1.3078798e+05  -1.8835711e+05
   4.8200000e+01  -1.2098056e+05  -9.4156891e+04
   4.8300000e+01  -1.2754946e+05   1.3475049e+04
   4.8400000e+01  -1.3985689e+05   1.3103196e+05
   4.8500000e+01  -1.4504517e+05   2.4565673e+05
   4.8600000e+01  -1.3803098e+05   3.4040728e+05
   4.8700000e+01  -1.2351405e+05   4.0474169e+05
   4.8800000e+01  -1.0933209e+05   4.4106616e+05
   4.8900000e+01  -9.8089484e+04   4.6190969e+05
   4.9000000e+01  -8.4926391e+04   4.8032494e+05
   4.9100000e+01  -6.2930836e+04   5.0077019e+05
   4.9200000e+01  -3.0314863e+04   5.1647125e+05
   4.9300000e+01   7.6997617e+03   5.1466109e+05
   4.9400000e+01   4.3483227e+04   4.8613938e+05
   4.9500000e+01   7.2762977e+04   4.3250719e+05
   4.9600000e+01   9.5747516e+04   3.6558703e+05
   4.9700000e+01   1.1330930e+05   2.9937578e+05
   4.9800000e+01   1.2313441e+05   2.4113734e+05
   4.9900000e+01   1.2031098e+05   1.8888355e+05
   5.0000000e+01   1.0183529e+05   1.3658952e+05
   5.0100000e+01   7.0529883e+04   8.1836539e+04
   5.0200000e+01   3.4601328e+04   2.9319590e+04
   5.0300000e+01   3.1058696e+03  -1.2053362e+04
   5.0400000e+01  -1.9115641e+04  -3.5568555e+04
   5.0500000e+01  -3.3348852e+04  -4.1670660e+04
   5.0600000e+01  -4.4613535e+04  -3.8125105e+04
   5.0700000e+01  -5.7011246e+04  -3.5479039e+04
   5.0800000e+01  -7.0542359e+04  -4.0954188e+04
   5.0900000e+01  -8.1860062e+04  -5.4671934e+04
   5.1000000e+01  -8.7909008e+04  -7.0292359e+04
   5.1100000e+01  -8.8744922e+04  -7.9345047e+04
   5.1200000e+01  -8.6851609e+04  -7.6673805e+04
   5.1300000e+01  -8.3955594e+04  -6.3997000e+04
   5.1400000e+01  -7.8614477e+04  -4.9266117e+04
   5.1500000e+01  -6.6553797e+04  -4.1606969e+04
   5.1600000e+01  -4.3148422e+04  -4.5015219e+04
   5.1700000e+01  -6.6529995e+03  -5.6005711e+04
   5.1800000e+01   3.8848785e+04  -6.7794227e+04
   5.1900000e+01   8.2632570e+04  -7.7437609e+04
   5.2000000e+01   1.1138158e+05  -8.8949281e+04
   5.2100000e+01   1.1786850e+05  -1.0927820e+05
   5.2200000e+01   1.0794730e+05  -1.4153666e+05
   5.2300000e+01   9.7776578e+04  -1.8256184e+05
   5.2400000e+01   1.0108956e+05  -2.2673967e+05
   5.2500000e+01   1.1741753e+05  -2.7115612e+05
   5.2600000e+01   1.3325022e+05  -3.1639425e+05
   5.2700000e+01   1.3557758e+05  -3.6285656e+05
   5.2800000e+01   1.2402980e+05  -4.0739481e+05
   5.2900000e+01   1.0938469e+05  -4.4396969e+05
   5.3000000e+01   1.0136251e+05  -4.6712116e+05
   5.3100000e+01   9.9910727e+04  -4.7419338e+05
   5.3200000e+01   9.8693844e+04  -4.6419975e+05
   5.3300000e+01   9.4614516e+04  -4.3516006e+05
   5.3400000e+01   9.1079031e+04  -3.8333416e+05
   5.3500000e+01   9.1829352e+04  -3.0567291e+05
   5.3600000e+01   9.4147906e+04  -2.0334420e+05
   5.3700000e+01   9.0391422e+04  -8.2831047e+04
   5.3800000e+01   7.6067906e+04   4.6744574e+04
   5.3900000e+01   5.4915430e+04   1.7768052e+05
   5.4000000e+01   3.5434074e+04   3.0520331e+05
   5.4100000e+01   2.3041195e+04   4.2506412e+05
   5.4200000e+01   1.5883641e+04   5.3015675e+05
   5.4300000e+01   7.3631201e+03   6.1046594e+05
   5.4400000e+01  -8.2623457e+03   6.5732538e+05
   5.4500000e+01  -3.2242744e+04   6.6836269e+05
   5.4600000e+01  -6.1357484e+04   6.4864638e+05
   5.4700000e+01  -9.0130547e+04   6.0724444e+05
   5.4800000e+01  -1.1335212e+05   5.5248462e+05
   5.4900000e+01  -1.2798169e+05   4.8955466e+05
   5.5000000e+01  -1.3410117e+05   4.2101369e+05
   5.5100000e+01  -1.3477886e+05   3.4819606e+05
   5.5200000e+01  -1.3497127e+05   2.7176706e+05
   5.5300000e+01  -1.3971723e+05   1.9167878e+05
   5.5400000e+01  -1.5180978e+05   1.0778761e+05
   5.5500000e+01  -1.6956947e+05   2.1452605e+04
   5.5600000e+01  -1.8637047e+05  -6.3166273e+04
   5.5700000e+01  -1.9350108e+05  -1.3978038e+05
   5.5800000e+01  -1.8540989e+05  -2.0283322e+05
   5.5900000e+01  -1.6330186e+05  -2.5056439e+05
   5.6000000e+01  -1.3345583e+05  -2.8548288e+05
   5.6100000e+01  -1.0147285e+05  -3.1140644e+05
   5.6200000e+01  -6.8185383e+04  -3.2960000e+05
   5.6300000e+01  -3.1552535e+04  -3.3775844e+05
   5.6400000e+01   7.7433418e+03  -3.3266225e+05
   5.6500000e+01   4.3846887e+04  -3.1330978e+05
   5.6600000e+01   7.0101523e+04  -2.8118491e+05
   5.6700000e+01   8.6021047e+04  -2.3843414e+05
   5.6800000e+01   9.8914000e+04  -1.8744977e+05
   5.6900000e+01   1.1734532e+05  -1.3266505e+05
   5.7000000e+01   1.4239380e+05  -8.1148883e+04
   5.7100000e+01   1.6546816e+05  -3.9554258e+04
   5.7200000e+01   1.7499011e+05  -1.0373825e+04
   5.7300000e+01   1.6540423e+05   7.7133438e+03
   5.7400000e+01   1.4017294e+05   1.5830420e+04
   5.7500000e+01   1.0714195e+05   1.2817771e+04
   5.7600000e+01   7.2148492e+04  -1.9879868e+03
   5.7700000e+01   3.7085406e+04  -2.5253807e+04
   5.7800000e+01   2.5779399e+03  -5.0917953e+04
   5.7900000e+01  -2.9397762e+04  -7.5208852e+04
   5.8000000e+01  -5.6106707e+04  -9.9149086e+04
   5.8100000e+01  -7.6114609e+04  -1.2543116e+05
   5.8200000e+01  -8.9350992e+04  -1.5342488e+05
   5.8300000e+01  -9.5043336e+04  -1.7763597e+05
   5.8400000e+01  -9.1010180e+04  -1.9039728e+05
   5.8500000e+01  -7.6540922e+04  -1.8569425e+05
   5.8600000e+01  -5.6012211e+04  -1.6146355e+05
   5.8700000e+01  -3.7902086e+04  -1.1962542e+05
   5.8800000e+01  -2.8152494e+04  -6.4001129e+04
   5.8900000e+01  -2.4056496e+04   2.5553953e+03
   5.9000000e+01  -1.6344727e+04   7.8847148e+04
   5.9100000e+01   6.3526831e+02   1.6217798e+05
   5.9200000e+01   2.0487125e+04   2.4458769e+05
   5.9300000e+01   2.8098645e+04   3.1416672e+05
   5.9400000e+01   1.3239531e+04   3.6210803e+05
   5.9500000e+01  -1.8586355e+04   3.8862531e+05
   5.9600000e+01  -4.9240781e+04   4.0077422e+05
   5.9700000e+01  -6.2191027e+04   4.0379634e+05
   5.9800000e+01  -5.4139000e+04   3.9481800e+05
   5.9900000e+01  -3.4189707e+04   3.6512122e+05
   6.0000000e+01  -1.3939826e+04   3.0833900e+05
   6.0100000e+01   8.1636865e+02   2.2681855e+05
   6.0200000e+01   1.0923914e+04   1.3120669e+05
   6.0300000e+01   2.0023188e+04   3.4532824e+04
   6.0400000e+01   3.1049561e+04  -5.4140555e+04
   6.0500000e+01   4.4560281e+04  -1.3195070e+05
   6.0600000e+01   5.8229973e+04  -1.9943172e+05
   6.0700000e+01   6.8067211e+04  -2.5602608e+05
   6.0800000e+01   7.1842828e+04  -2.9863834e+05
   6.0900000e+01   7.2116555e+04  -3.2442069e+05
   6.1000000e+01   7.4990625e+04  -3.3382519e+05
   6.1100000e+01   8.4832867e+04  -3.2957112e+05
   6.1200000e+01   1.0015188e+05  -3.1271200e+05
   6.1300000e+01   1.1482285e+05  -2.8146197e+05
   6.1400000e+01   1.2291725e+05  -2.3534070e+05
   6.1500000e+01   1.2204527e+05  -1.7998631e+05
   6.1600000e+01   1.1302937e+05  -1.2612298e+05
   6.1700000e+01   9.8129977e+04  -8.2556297e+04
   6.1800000e+01   8.0233859e+04  -4.9925559e+04
   6.1900000e+01   6.2512523e+04  -2.1127188e+04
   6.2000000e+01   4.7145883e+04   1.2597424e+04
   6.2100000e+01   3.3874242e+04   5.5661090e+04
   6.2200000e+01   2.0465453e+04   1.0628720e+05
   6.2300000e+01   5.2137681e+03   1.5838942e+05
   6.2400000e+01  -1.1026020e+04   2.0465900e+05
   6.2500000e+01  -2.5390143e+04   2.3928253e+05
   6.2600000e+01  -3.5403883e+04   2.5983022e+05
   6.2700000e+01  -4.0750602e+04   2.6775603e+05
   6.2800000e+01  -4.3070926e+04   2.6690703e+05
   6.2900000e+01  -4.4571809e+04   2.6059653e+05
   6.3000000e+01  -4.6843246e+04   2.4921967e+05
   6.3100000e+01  -5.0386012e+04   2.3037764e+05
   6.3200000e+01  -5.4684281e+04   2.0163892e+05
   6.3300000e+01  -5.8910211e+04   1.6373008e+05
   6.3400000e+01  -6.3346816e+04   1.2110847e+05
   6.3500000e+01  -7.0488789e+04   7.8719375e+04
   6.3600000e+01  -8.3923219e+04   3.7381863e+04
   6.3700000e+01  -1.0467902e+05  -7.5413008e+03
   6.3800000e+01  -1.2809723e+05  -6.1768312e+04
   6.3900000e+01  -1.4534014e+05  -1.2523152e+05
   6.4000000e+01  -1.4968519e+05  -1.8935752e+05
   6.4100000e+01  -1.4208255e+05  -2.4176766e+05
   6.4200000e+01  -1.2999705e+05  -2.7421222e+05
   6.4300000e+01  -1.2021685e+05  -2.8621416e+05
   6.4400000e+01  -1.1311346e+05  -2.8187278e+05
   6.4500000e+01  -1.0443746e+05  -2.6479678e+05
   6.4600000e+01  -9.2104625e+04  -2.3709166e+05
   6.4700000e+01  -7.9712000e+04  -2.0192211e+05
   6.4800000e+01  -7.2723516e+04  -1.6420784e+05
   6.4900000e+01  -7.2177930e+04  -1.2720792e+05
   6.5000000e+01  -7.3385727e+04  -8.9531523e+04
   6.5100000e+01  -7.0574820e+04  -4.7721672e+04
   6.5200000e+01  -6.1443688e+04  -2.4783867e+03
   6.5300000e+01  -4.6680113e+04   3.8994684e+04
   6.5400000e+01  -2.6451859e+04   6.8330469e+04
   6.5500000e+01   6.3907568e+02   8.3814766e+04
   6.5600000e+01   3.4604391e+04   9.2011430e+04
   6.5700000e+01   7.1206719e+04   1.0096809e+05
   6.5800000e+01   1.0337019e+05   1.1188140e+05
   6.5900000e+01   1.2602090e+05   1.1785462e+05
   6.6000000e+01   1.3971856e+05   1.1105963e+05
   6.6100000e+01   1.4977472e+05   9.1057445e+04
   6.6200000e+01   1.6175652e+05   6.5970945e+04
   6.6300000e+01   1.7701255e+05   4.5541008e+04
   6.6400000e+01   1.9152470e+05   3.3297359e+04
   6.6500000e+01   1.9905714e+05   2.5730801e+04
   6.6600000e+01   1.9659286e+05   1.8726092e+04
   6.6700000e+01   1.8781216e+05   1.3639725e+04
   6.6800000e+01   1.8096933e+05   1.5933658e+04
   6.6900000e+01   1.8192245e+05   2.7852162e+04
   6.7000000e+01   1.8816002e+05   4.3734316e+04
   6.7100000e+01   1.8987991e+05   5.3900883e+04
   6.7200000e+01   1.7785978e+05   5.3343586e+04
   6.7300000e+01   1.5085708e+05   4.5732027e+04
   6.7400000e+01   1.1547544e+05   3.8335555e+04
   6.7500000e+01   7.9297180e+04   3.3713184e+04
   6.7600000e+01   4.5024555e+04   2.7621811e+04
   6.7700000e+01   1.1439195e+04   1.5238820e+04
   6.7800000e+01  -2.1429182e+04  -2.0100253e+03
   6.7900000e+01  -5.0249844e+04  -1.7430223e+04
   6.8000000e+01  -7.2208016e+04  -2.6915197e+04
   6.8100000e+01  -8.9477805e+04  -3.4332090e+04
   6.8200000e+01  -1.0779691e+05  -4.7604887e+04
   6.8300000e+01  -1.2966121e+05  -6.9312422e+04
   6.8400000e+01  -1.4967728e+05  -9.2110055e+04
   6.8500000e+01  -1.5816138e+05  -1.0425991e+05
   6.8600000e+01  -1.5046450e+05  -9.9873664e+04
   6.8700000e+01  -1.3295759e+05  -8.3929461e+04
   6.8800000e+01  -1.1911998e+05  -6.7961023e+04
   6.8900000e+01  -1.1854937e+05  -6.1403145e+04
   6.9000000e+01  -1.2895562e+05  -6.6457891e+04
   6.9100000e+01  -1.3900877e+05  -7.9449570e+04
   6.9200000e+01  -1.3966838e+05  -9.5446852e+04
   6.9300000e+01  -1.3292820e+05  -1.1157755e+05
   6.9400000e+01  -1.2899262e+05  -1.2752616e+05
   6.9500000e+01  -1.3464947e+05  -1.4444639e+05
   6.9600000e+01  -1.4507409e+05  -1.6330950e+05
   6.9700000e+01  -1.4787227e+05  -1.8254256e+05
   6.9800000e+01  -1.3512309e+05  -1.9562914e+05
   6.9900000e+01  -1.1089464e+05  -1.9140512e+05
   7.0000000e+01  -8.7131391e+04  -1.5929064e+05
   7.0100000e+01  -7.3051406e+04  -9.7220102e+04
   7.0200000e+01  -6.8396156e+04  -1.5683416e+04
   7.0300000e+01  -6.5021441e+04   6.7163031e+04
   7.0400000e+01  -5.3218070e+04   1.3678030e+05
   7.0500000e+01  -2.7454389e+04   1.9088067e+05
   7.0600000e+01   1.0628749e+04   2.3807645e+05
   7.0700000e+01   5.2419184e+04   2.8807975e+05
   7.0800000e+01   8.6502328e+04   3.4232372e+05
   7.0900000e+01   1.0574458e+05   3.9261931e+05
   7.1000000e+01   1.1231071e+05   4.2762134e+05
   7.1100000e+01   1.1543504e+05   4.4062634e+05
   7.1200000e+01   1.2293147e+05   4.3276328e+05
   7.1300000e+01   1.3393792e+05   4.1060359e+05
   7.1400000e+01   1.3965181e+05   3.8108412e+05
   7.1500000e+01   1.3133866e+05   3.4714631e+05
   7.1600000e+01   1.0843600e+05   3.0630903e+05
   7.1700000e+01   7.9867625e+04   2.5306716e+05
   7.1800000e+01   5.7444355e+04   1.8403575e+05
   7.1900000e+01   4.6452492e+04   1.0232497e+05
   7.2000000e+01   4.1099445e+04   1.7261543e+04
   7.2100000e+01   2.9367189e+04  -6.0971320e+04
   7.2200000e+01   4.1131797e+03  -1.2750716e+05
   7.2300000e+01  -2.9220338e+04  -1.8451477e+05
   7.2400000e+01  -5.6009672e+04  -2.3724720e+05
   7.2500000e+01  -6.4383965e+04  -2.8817762e+05
   7.2600000e+01  -5.4426742e+04  -3.3404694e+05
   7.2700000e+01  -3.6184781e+04  -3.6762806e+05
   7.2800000e+01  -1.9608758e+04  -3.8246059e+05
   7.2900000e+01  -6.9210562e+03  -3.7731191e+05
   7.3000000e+01   6.4977578e+03  -3.5749212e+05
   7.3100000e+01   2.6121949e+04  -3.3174078e+05
   7.3200000e+01   5.3910684e+04  -3.0624391e+05
   7.3300000e+01   8.7732727e+04  -2.8022097e+05
   7.3400000e+01   1.2239376e+05  -2.4737286e+05
   7.3500000e+01   1.5103264e+05  -2.0280944e+05
   7.3600000e+01   1.6797809e+05  -1.4948288e+05
   7.3700000e+01   1.7256436e+05  -9.7644969e+04
   7.3800000e+01   1.7007423e+05  -5.7044172e+04
   7.3900000e+01   1.6713850e+05  -2.8848117e+04
   7.4000000e+01   1.6491772e+05  -5.0947573e+03
   7.4100000e+01   1.5711230e+05   2.3536330e+04
   7.4200000e+01   1.3587355e+05   5.8911449e+04
   7.4300000e+01   1.0059387e+05   9.3784617e+04
   7.4400000e+01   6.0960914e+04   1.1825635e+05
   7.4500000e+01   3.0568992e+04   1.2748865e+05
   7.4600000e+01   1.6139283e+04   1.2352139e+05
   7.4700000e+01   1.1790234e+04   1.1103091e+05
   7.4800000e+01   3.7515488e+03   9.2926133e+04
   7.4900000e+01  -1.8182395e+04   7.0288938e+04
   7.5000000e+01  -5.2377379e+04   4.5030844e+04
   7.5100000e+01  -8.7579055e+04   2.0765914e+04
   7.5200000e+01  -1.1328462e+05   8.0553174e+02
   7.5300000e+01  -1.2821991e+05  -1.3496012e+04
   7.5400000e+01  -1.3914197e+05  -2.1602951e+04
   7.5500000e+01  -1.5244202e+05  -2.1880338e+04
   7.5600000e+01  -1.6822888e+05  -1.2446805e+04
   7.5700000e+01  -1.8266819e+05   5.4638296e+03
   7.5800000e+01  -1.9415973e+05   2.5897582e+04
   7.5900000e+01  -2.0488036e+05   4.1112371e+04
   7.6000000e+01  -2.1605834e+05   4.6453922e+04
   7.6100000e+01  -2.2397783e+05   4.2226445e+04
   7.6200000e+01  -2.2282783e+05   3.1382289e+04
   7.6300000e+01  -2.1136617e+05   1.6872381e+04
   7.6400000e+01  -1.9506008e+05   2.1767222e+03
   7.6500000e+01  -1.8078989e+05  -6.7431162e+03
   7.6600000e+01  -1.7014123e+05  -2.9148596e+03
   7.6700000e+01  -1.5845419e+05   1.5767048e+04
   7.6800000e+01  -1.3957064e+05   4.1905688e+04
   7.6900000e+01  -1.1041823e+05   6.1750668e+04
   7.7000000e+01  -7.1638531e+04   6.5490645e+04
   7.7100000e+01  -2.5957172e+04   5.6062234e+04
   7.7200000e+01   2.2649125e+04   4.7938352e+04
   7.7300000e+01   6.8995078e+04   5.6036824e+04
   7.7400000e+01   1.0776766e+05   8.3785375e+04
   7.7500000e+01   1.3563072e+05   1.2010816e+05
   7.7600000e+01   1.5235684e+05   1.4742294e+05
   7.7700000e+01   1.6002361e+05   1.5388528e+05
   7.7800000e+01   1.6150912e+05   1.4045627e+05
   7.7900000e+01   1.5964911e+05   1.1827587e+05
   7.8000000e+01   1.5688386e+05   9.9551406e+04
   7.8100000e+01   1.5473300e+05   8.9471617e+04
   7.8200000e+01   1.5338511e+05   8.4648102e+04
   7.8300000e+01   1.5200533e+05   7.7624500e+04
   7.8400000e+01   1.4943419e+05   6.2467074e+04
   7.8500000e+01   1.4456019e+05   3.7033977e+04
   7.8600000e+01   1.3656191e+05   1.8847158e+03
   7.8700000e+01   1.2557391e+05  -4.1022578e+04
   7.8800000e+01   1.1302538e+05  -8.7940766e+04
   7.8900000e+01   1.0017774e+05  -1.3288073e+05
   7.9000000e+01   8.5533984e+04  -1.6961172e+05
   7.9100000e+01   6.4572395e+04  -1.9538333e+05
   7.9200000e+01   3.3974555e+04  -2.1244877e+05
   7.9300000e+01  -2.8651914e+03  -2.2503658e+05
   7.9400000e+01  -3.5371074e+04  -2.3448994e+05
   7.9500000e+01  -5.2465785e+04  -2.3769464e+05
   7.9600000e+01  -5.0803562e+04  -2.3034459e+05
   7.9700000e+01  -3.6776922e+04  -2.1117972e+05
   7.9800000e+01  -2.0786818e+04  -1.8258958e+05
   7.9900000e+01  -9.8444873e+03  -1.4758939e+05
   8.0000000e+01  -5.0323438e+03  -1.0726771e+05
   8.0100000e+01  -4.1908018e+03  -6.1589988e+04
   8.0200000e+01  -5.2705522e+03  -1.1969820e+04
   8.0300000e+01  -7.0161919e+03   3.8022129e+04
   8.0400000e+01  -7.9363481e+03   8.4932867e+04
   8.0500000e+01  -6.2399263e+03   1.2812767e+05
   8.0600000e+01  -1.4681628e+03   1.6973634e+05
   8.0700000e+01   3.9192021e+03   2.1151548e+05
   8.0800000e+01   5.1473276e+03   2.5149606e+05
   8.0900000e+01  -1.6393022e+03   2.8372466e+05
   8.1000000e+01  -1.5667620e+04   3.0168316e+05
   8.1100000e+01  -3.1095977e+04   3.0249781e+05
   8.1200000e+01  -4.1735125e+04   2.8807516e+05
   8.1300000e+01  -4.7538059e+04   2.6211069e+05
   8.1400000e+01  -5.5837473e+04   2.2608761e+05
   8.1500000e+01  -7.4178781e+04   1.7861958e+05
   8.1600000e+01  -1.0088204e+05   1.1910101e+05
   8.1700000e+01  -1.2375124e+05   5.1886703e+04
   8.1800000e+01  -1.2984163e+05  -1.3797841e+04
   8.1900000e+01  -1.1701996e+05  -6.8990375e+04
   8.2000000e+01  -9.5402852e+04  -1.1086254e+05
   8.2100000e+01  -7.7494953e+04  -1.4394244e+05
   8.2200000e+01  -6.7777938e+04  -1.7528034e+05
   8.2300000e+01  -6.1926969e+04  -2.0747022e+05
   8.2400000e+01  -5.4269141e+04  -2.3540239e+05
   8.2500000e+01  -4.3795566e+04  -2.4956641e+05
   8.2600000e+01  -3.2963992e+04  -2.4320748e+05
   8.2700000e+01  -2.3151137e+04  -2.1734105e+05
   8.2800000e+01  -1.3585360e+04  -1.7957895e+05
   8.2900000e+01  -4.4658853e+03  -1.3831328e+05
   8.3000000e+01   1.1546357e+03  -9.7791953e+04
   8.3100000e+01   3.6199207e+02  -5.8098031e+04
   8.3200000e+01  -4.9299355e+03  -1.8793551e+04
   8.3300000e+01  -7.6240508e+03   1.8252258e+04
   8.3400000e+01  -7.6929053e+02   4.9394625e+04
   8.3500000e+01   1.6625662e+04   7.1516820e+04
   8.3600000e+01   3.9267984e+04   8.3264812e+04
   8.3700000e+01   6.0923078e+04   8.4684664e+04
   8.3800000e+01   7.9732859e+04   7.6686531e+04
   8.3900000e+01   9.8202727e+04   6.0871285e+04
   8.4000000e+01   1.1855044e+05   3.8823008e+04
   8.4100000e+01   1.3902694e+05   1.0947690e+04
   8.4200000e+01   1.5531792e+05  -2.3187814e+04
   8.4300000e+01   1.6515038e+05  -6.2132035e+04
   8.4400000e+01   1.7068844e+05  -1.0020403e+05
   8.4500000e+01   1.7605111e+05  -1.2933334e+05
   8.4600000e+01   1.8273430e+05  -1.4458866e+05
   8.4700000e+01   1.8754706e+05  -1.4787303e+05
   8.4800000e+01   1.8452147e+05  -1.4524542e+05
   8.4900000e+01   1.6860753e+05  -1.4008066e+05
   8.5000000e+01   1.3855353e+05  -1.2907122e+05
   8.5100000e+01   9.7938406e+04  -1.0515811e+05
   8.5200000e+01   5.4004766e+04  -6.4247371e+04
   8.5300000e+01   1.4145349e+04  -9.2438779e+03
   8.5400000e+01  -1.8361756e+04   5.1435277e+04
   8.5500000e+01  -4.5826445e+04   1.0819342e+05
   8.5600000e+01  -7.2897133e+04   1.5351461e+05
   8.5700000e+01  -1.0153154e+05   1.8317561e+05
   8.5800000e+01  -1.2948134e+05   1.9666138e+05
   8.5900000e+01  -1.5362464e+05   1.9706036e+05
   8.6000000e+01  -1.7362123e+05   1.8928253e+05
   8.6100000e+01  -1.9117103e+05   1.7674266e+05
   8.6200000e+01  -2.0607483e+05   1.5923173e+05
   8.6300000e+01  -2.1462619e+05   1.3446194e+05
   8.6400000e+01  -2.1293325e+05   1.0206614e+05
   8.6500000e+01  -2.0145330e+05   6.5912492e+04
   8.6600000e+01  -1.8537375e+05   3.2198795e+04
   8.6700000e+01  -1.7025767e+05   5.2231128e+03
   8.6800000e+01  -1.5748142e+05  -1.4997738e+04
   8.6900000e+01  -1.4376062e+05  -3.1190859e+04
   8.7000000e+01  -1.2471505e+05  -4.5125160e+04
   8.7100000e+01  -9.9051477e+04  -5.5202430e+04
   8.7200000e+01  -7.0091500e+04  -5.7371766e+04
   8.7300000e+01  -4.3653148e+04  -4.8577109e+04
   8.7400000e+01  -2.3761955e+04  -2.9894949e+04
   8.7500000e+01  -9.3976660e+03  -6.5637515e+03
   8.7600000e+01   4.6668672e+03   1.5518047e+04
   8.7700000e+01   2.2986695e+04   3.4040641e+04
   8.7800000e+01   4.4787168e+04   5.1402223e+04
   8.7900000e+01   6.4385660e+04   7.1498914e+04
   8.8000000e+01   7.6603938e+04   9.5183289e+04
   8.8100000e+01   8.1540656e+04   1.1869108e+05
   8.8200000e+01   8.3771688e+04   1.3618141e+05
   8.8300000e+01   8.7583234e+04   1.4340302e+05
   8.8400000e+01   9.4134984e+04   1.3894136e+05
   8.8500000e+01   1.0307423e+05   1.2277527e+05
   8.8600000e+01   1.1485328e+05   9.4844633e+04
   8.8700000e+01   1.2950976e+05   5.5646203e+04
   8.8800000e+01   1.4347656e+05   7.8257646e+03
   8.8900000e+01   1.4969612e+05  -4.3690938e+04
   8.9000000e+01   1.4243217e+05  -9.3632789e+04
   8.9100000e+01   1.2193863e+05  -1.3837780e+05
   8.9200000e+01   9.4059008e+04  -1.7602133e+05
   8.9300000e+01   6.5810234e+04  -2.0514662e+05
   8.9400000e+01   4.1903207e+04  -2.2463119e+05
   8.9500000e+01   2.4438846e+04  -2.3509541e+05
   8.9600000e+01   1.3532488e+04  -2.3955075e+05
   8.9700000e+01   6.7463906e+03  -2.4091938e+05
   8.9800000e+01  -1.1805303e+03  -2.3815609e+05
   8.9900000e+01  -1.5856339e+04  -2.2575966e+05
   9.0000000e+01  -3.8998410e+04  -1.9872438e+05
   9.0100000e+01  -6.6409539e+04  -1.5863914e+05
   9.0200000e+01  -9.0454734e+04  -1.1431966e+05
   9.0300000e+01  -1.0492505e+05  -7.5633070e+04
   9.0400000e+01  -1.0808728e+05  -4.6415152e+04
   9.0500000e+01  -1.0177390e+05  -2.3152557e+04
   9.0600000e+01  -8.8052172e+04   3.0699246e+02
   9.0700000e+01  -6.6997945e+04   2.7600227e+04
   9.0800000e+01  -3.7946340e+04   5.8774121e+04
   9.0900000e+01  -3.1328220e+03   9.2349906e+04
   9.1000000e+01   3.0353289e+04   1.2679263e+05
   9.1100000e+01   5.3641418e+04   1.5996812e+05
   9.1200000e+01   6.2644801e+04   1.8844497e+05
   9.1300000e+01   6.2024418e+04   2.0846444e+05
   9.1400000e+01   6.1767363e+04   2.1788845e+05
   9.1500000e+01   6.8636055e+04   2.1710511e+05
   9.1600000e+01   8.0440320e+04   2.0808603e+05
   9.1700000e+01   8.8842875e+04   1.9266039e+05
   9.1800000e+01   8.7982547e+04   1.7161712e+05
   9.1900000e+01   8.0313547e+04   1.4539008e+05
   9.2000000e+01   7.3938188e+04   1.1575426e+05
   9.2100000e+01   7.4347250e+04   8.6912688e+04
   9.2200000e+01   7.8962625e+04   6.4328312e+04
   9.2300000e+01   7.9748312e+04   5.1253520e+04
   9.2400000e+01   7.0906039e+04   4.5381695e+04
   9.2500000e+01   5.3854422e+04   3.9010781e+04
   9.2600000e+01   3.5014633e+04   2.3783107e+04
   9.2700000e+01   1.9515445e+04  -3.1397129e+03
   9.2800000e+01   7.6384531e+03  -3.6680973e+04
   9.2900000e+01  -2.9689846e+03  -6.7731883e+04
   9.3000000e+01  -1.2896967e+04  -9.0250531e+04
   9.3100000e+01  -1.9885148e+04  -1.0531989e+05
   9.3200000e+01  -2.2030324e+04  -1.1855876e+05
   9.3300000e+01  -2.1126697e+04  -1.3362995e+05
   9.3400000e+01  -2.2178254e+04  -1.4843800e+05
   9.3500000e+01  -2.9770402e+04  -1.5777962e+05
   9.3600000e+01  -4.5073742e+04  -1.5930262e+05
   9.3700000e+01  -6.5603445e+04  -1.5596483e+05
   9.3800000e+01  -8.6664047e+04  -1.5211562e+05
   9.3900000e+01  -1.0303303e+05  -1.4782809e+05
   9.4000000e+01  -1.1119566e+05  -1.3851645e+05
   9.4100000e+01  -1.1226458e+05  -1.2079554e+05
   9.4200000e+01  -1.1304014e+05  -9.7698203e+04
   9.4300000e+01  -1.2210561e+05  -7.6420500e+04
   9.4400000e+01  -1.4240459e+05  -6.0474859e+04
   9.4500000e+01  -1.6703934e+05  -4.5392969e+04
   9.4600000e+01  -1.8367847e+05  -2.3659250e+04
   9.4700000e+01  -1.8461639e+05   6.2632656e+03
   9.4800000e+01  -1.7296316e+05   3.7327250e+04
   9.4900000e+01  -1.5872814e+05   6.1206258e+04
   9.5000000e+01  -1.4884359e+05   7.7432211e+04
   9.5100000e+01  -1.4124752e+05   9.3853289e+04
   9.5200000e+01  -1.2838381e+05   1.1773632e+05
   9.5300000e+01  -1.0551101e+05   1.4755584e+05
   9.5400000e+01  -7.5114562e+04   1.7462045e+05
   9.5500000e+01  -4.4101176e+04   1.9231555e+05
   9.5600000e+01  -1.8094266e+04   2.0220020e+05
   9.5700000e+01   1.4464475e+03   2.1029230e+05
   9.5800000e+01   1.6213509e+04   2.1851505e+05
   9.5900000e+01   2.8847992e+04   2.2173588e+05
   9.6000000e+01   4.1307672e+04   2.1392830e+05
   9.6100000e+01   5.3410289e+04   1.9612642e+05
   9.6200000e+01   6.1925523e+04   1.7678284e+05
   9.6300000e+01   6.2381035e+04   1.6393427e+05
   9.6400000e+01   5.3891641e+04   1.5766048e+05
   9.6500000e+01   4.2685207e+04   1.5053133e+05
   9.6600000e+01   3.9188484e+04   1.3487228e+05
   9.6700000e+01   4.9606043e+04   1.0919688e+05
   9.6800000e+01   6.9680219e+04   7.8315758e+04
   9.6900000e+01   8.7280281e+04   4.8460348e+04
   9.7000000e+01   9.1915000e+04   2.2544197e+04
   9.7100000e+01   8.2484859e+04  -9.6939716e+02
   9.7200000e+01   6.6774766e+04  -2.5716277e+04
   9.7300000e+01   5.4352152e+04  -5.3788664e+04
   9.7400000e+01   4.9893891e+04  -8.3327719e+04
   9.7500000e+01   5.2028973e+04  -1.0924959e+05
   9.7600000e+01   5.6923676e+04  -1.2713264e+05
   9.7700000e+01   6.2145305e+04  -1.3752450e+05
   9.7800000e+01   6.7422641e+04  -1.4673286e+05
   9.7900000e+01   7.2669617e+04  -1.6267053e+05
   9.8000000e+01   7.6229875e+04  -1.8886683e+05
   9.8100000e+01   7.5564633e+04  -2.2179450e+05
   9.8200000e+01   6.9599430e+04  -2.5375577e+05
   9.8300000e+01   5.9948680e+04  -2.7841744e+05
   9.8400000e+01   4.9521047e+04  -2.9387338e+05
   9.8500000e+01   4.0144891e+04  -3.0101041e+05
   9.8600000e+01   3.2051766e+04  -2.9991819e+05
   9.8700000e+01   2.5681301e+04  -2.8893494e+05
   9.8800000e+01   2.3103703e+04  -2.6765903e+05
   9.8900000e+01   2.6414031e+04  -2.4031711e+05
   9.9000000e+01   3.4043438e+04  -2.1475489e+05
   9.9100000e+01   3.9077879e+04  -1.9675981e+05
   9.9200000e+01   3.2588854e+04  -1.8495939e+05
   9.9300000e+01   1.0305533e+04  -1.7189825e+05
   9.9400000e+01  -2.2826516e+04  -1.5096966e+05
   9.9500000e+01  -5.4622250e+04  -1.2261959e+05
   9.9600000e+01  -7.3159195e+04  -9.3603086e+04
   9.9700000e+01  -7.3753367e+04  -7.0209602e+04
   9.9800000e+01  -5.9809859e+04  -5.2785738e+04
   9.9900000e+01  -3.7979586e+04  -3.7231480e+04
   1.0000000e+02  -1.3238325e+04  -2.0819703e+04
