   1.1851270e+02   3.6301420e+01   1.8450000e+02
   1.1871701e+02   3.6650914e+01   1.1520000e+02
   0.0000000e+00   6.3210700e+05   6.3210700e+05
   1.0000000e-01   6.9549156e+05   5.7507950e+05
   2.0000000e-01   7.5594550e+05   5.1472853e+05
   3.0000000e-01   7.8980069e+05   4.3380959e+05
   4.0000000e-01   7.7317831e+05   3.2708712e+05
   5.0000000e-01   6.9444162e+05   2.1172980e+05
   6.0000000e-01   5.5888262e+05   1.1841535e+05
   7.0000000e-01   3.8593309e+05   7.0997727e+04
   8.0000000e-01   2.0106419e+05   7.2498938e+04
   9.0000000e-01   2.4807602e+04   1.0737671e+05
   1.0000000e+00  -1.3636012e+05   1.5456747e+05
   1.1000000e+00  -2.9069606e+05   1.9893691e+05
   1.2000000e+00  -4.5068697e+05   2.3424228e+05
   1.3000000e+00  -6.1762106e+05   2.5924992e+05
   1.4000000e+00  -7.7362438e+05   2.7211694e+05
   1.5000000e+00  -8.8915875e+05   2.6707328e+05
   1.6000000e+00  -9.4106638e+05   2.3538019e+05
   1.7000000e+00  -9.2637694e+05   1.7002623e+05
   1.8000000e+00  -8.6057206e+05   7.0754734e+04
   1.9000000e+00  -7.6332212e+05  -5.4456328e+04
   2.0000000e+00  -6.4576144e+05  -1.9201466e+05
   2.1000000e+00  -5.0991334e+05  -3.2670372e+05
   2.2000000e+00  -3.5719503e+05  -4.4514912e+05
   2.3000000e+00  -1.9444455e+05  -5.3931675e+05
   2.4000000e+00  -3.1284559e+04  -6.0943919e+05
   2.5000000e+00   1.2602815e+05  -6.6265575e+05
   2.6000000e+00   2.7587488e+05  -7.0574738e+05
   2.7000000e+00   4.1681094e+05  -7.3794150e+05
   2.8000000e+00   5.4378262e+05  -7.5242094e+05
   2.9000000e+00   6.4926600e+05  -7.4609850e+05
   3.0000000e+00   7.2644069e+05  -7.2589606e+05
   3.1000000e+00   7.7004662e+05  -7.0203381e+05
   3.2000000e+00   7.7587875e+05  -6.7458594e+05
   3.3000000e+00   7.4260344e+05  -6.2978531e+05
   3.4000000e+00   6.7482856e+05  -5.5276531e+05
   3.5000000e+00   5.8194044e+05  -4.4380462e+05
   3.6000000e+00   4.7160831e+05  -3.1950034e+05
   3.7000000e+00   3.4499175e+05  -1.9672703e+05
   3.8000000e+00   1.9988569e+05  -7.7031047e+04
   3.9000000e+00   3.7809270e+04   5.1096043e+04
   4.0000000e+00  -1.3428506e+05   1.9486791e+05
   4.1000000e+00  -3.0879266e+05   3.4446391e+05
   4.2000000e+00  -4.7974416e+05   4.7890469e+05
   4.3000000e+00  -6.3772731e+05   5.8352662e+05
   4.4000000e+00  -7.6625456e+05   6.6002506e+05
   4.5000000e+00  -8.5031725e+05   7.1970038e+05
   4.6000000e+00  -8.9118025e+05   7.6911256e+05
   4.7000000e+00  -9.0781819e+05   8.0341194e+05
   4.8000000e+00  -9.1721981e+05   8.1167269e+05
   4.9000000e+00  -9.1260588e+05   7.8574256e+05
   5.0000000e+00  -8.6625031e+05   7.2371469e+05
   5.1000000e+00  -7.5817462e+05   6.2795850e+05
   5.2000000e+00  -6.0133275e+05   5.0293162e+05
   5.3000000e+00  -4.3498522e+05   3.5493594e+05
   5.4000000e+00  -2.9154775e+05   1.9176295e+05
   5.5000000e+00  -1.7062506e+05   2.1331789e+04
   5.6000000e+00  -4.5816266e+04  -1.4819475e+05
   5.7000000e+00   1.0464538e+05  -3.0531500e+05
   5.8000000e+00   2.7534400e+05  -4.3242684e+05
   5.9000000e+00   4.4003000e+05  -5.0850838e+05
   6.0000000e+00   5.7715900e+05  -5.1776941e+05
   6.1000000e+00   6.8744556e+05  -4.5865562e+05
   6.2000000e+00   7.8738512e+05  -3.4637416e+05
   6.3000000e+00   8.8809669e+05  -2.0678409e+05
   6.4000000e+00   9.8204962e+05  -6.5498352e+04
   6.5000000e+00   1.0496576e+06   6.1074656e+04
   6.6000000e+00   1.0764411e+06   1.6764339e+05
   6.7000000e+00   1.0620948e+06   2.5455445e+05
   6.8000000e+00   1.0138779e+06   3.1962631e+05
   6.9000000e+00   9.3454981e+05   3.5397681e+05
   7.0000000e+00   8.1958331e+05   3.4558369e+05
   7.1000000e+00   6.6573094e+05   2.8810422e+05
   7.2000000e+00   4.7929284e+05   1.8771439e+05
   7.3000000e+00   2.7381903e+05   6.1725703e+04
   7.4000000e+00   6.0676090e+04  -7.0531359e+04
   7.5000000e+00  -1.5562222e+05  -1.9706416e+05
   7.6000000e+00  -3.7211775e+05  -3.1493131e+05
   7.7000000e+00  -5.7947581e+05  -4.2388931e+05
   7.8000000e+00  -7.6149756e+05  -5.1957400e+05
   7.9000000e+00  -9.0278019e+05  -5.9348919e+05
   8.0000000e+00  -9.9606719e+05  -6.3862681e+05
   8.1000000e+00  -1.0423891e+06  -6.5328956e+05
   8.2000000e+00  -1.0458720e+06  -6.3926312e+05
   8.3000000e+00  -1.0100149e+06  -5.9848800e+05
   8.4000000e+00  -9.3861238e+05  -5.3338544e+05
   8.5000000e+00  -8.3810100e+05  -4.4906319e+05
   8.6000000e+00  -7.1672150e+05  -3.5178247e+05
   8.7000000e+00  -5.8052294e+05  -2.4393044e+05
   8.8000000e+00  -4.3110253e+05  -1.2274012e+05
   8.9000000e+00  -2.6924706e+05   1.3395822e+04
   9.0000000e+00  -1.0230546e+05   1.5756659e+05
   9.1000000e+00   5.2398383e+04   2.9527966e+05
   9.2000000e+00   1.7374870e+05   4.1344066e+05
   9.3000000e+00   2.4911786e+05   5.0768772e+05
   9.4000000e+00   2.8214444e+05   5.8130844e+05
   9.5000000e+00   2.8883400e+05   6.3919681e+05
   9.6000000e+00   2.8598756e+05   6.8387244e+05
   9.7000000e+00   2.8280838e+05   7.1489831e+05
   9.8000000e+00   2.8166028e+05   7.2866800e+05
   9.9000000e+00   2.8377638e+05   7.1849475e+05
   1.0000000e+01   2.9221444e+05   6.7798638e+05
   1.0100000e+01   3.1012775e+05   6.0657194e+05
   1.0200000e+01   3.3865800e+05   5.1071859e+05
   1.0300000e+01   3.7775122e+05   3.9802762e+05
   1.0400000e+01   4.2781272e+05   2.7108259e+05
   1.0500000e+01   4.8829200e+05   1.2973274e+05
   1.0600000e+01   5.5331369e+05  -1.9934750e+04
   1.0700000e+01   6.0911475e+05  -1.6124538e+05
   1.0800000e+01   6.3778594e+05  -2.7400041e+05
   1.0900000e+01   6.2647456e+05  -3.4652169e+05
   1.1000000e+01   5.7541200e+05  -3.8098375e+05
   1.1100000e+01   4.9751500e+05  -3.8857406e+05
   1.1200000e+01   4.0877472e+05  -3.8108231e+05
   1.1300000e+01   3.1718238e+05  -3.6585422e+05
   1.1400000e+01   2.1974750e+05  -3.4477353e+05
   1.1500000e+01   1.0934544e+05  -3.1525128e+05
   1.1600000e+01  -1.6136463e+04  -2.7346147e+05
   1.1700000e+01  -1.5034944e+05  -2.2000341e+05
   1.1800000e+01  -2.8115556e+05  -1.6367344e+05
   1.1900000e+01  -3.9458212e+05  -1.1786109e+05
   1.2000000e+01  -4.7749288e+05  -9.1214477e+04
   1.2100000e+01  -5.2010769e+05  -8.1922547e+04
   1.2200000e+01  -5.1840238e+05  -8.2065656e+04
   1.2300000e+01  -4.7421016e+05  -8.6905062e+04
   1.2400000e+01  -3.9350334e+05  -9.8042500e+04
   1.2500000e+01  -2.8711281e+05  -1.1720164e+05
   1.2600000e+01  -1.7492792e+05  -1.3936383e+05
   1.2700000e+01  -8.6791633e+04  -1.5479669e+05
   1.2800000e+01  -5.3060383e+04  -1.5809662e+05
   1.2900000e+01  -8.8776820e+04  -1.5337370e+05
   1.3000000e+01  -1.8483047e+05  -1.4949052e+05
   1.3100000e+01  -3.1452262e+05  -1.5146948e+05
   1.3200000e+01  -4.4958134e+05  -1.5830061e+05
   1.3300000e+01  -5.7222969e+05  -1.6855681e+05
   1.3400000e+01  -6.7600088e+05  -1.8490220e+05
   1.3500000e+01  -7.5838056e+05  -2.0986505e+05
   1.3600000e+01  -8.1263631e+05  -2.3675927e+05
   1.3700000e+01  -8.2445412e+05  -2.4749055e+05
   1.3800000e+01  -7.7618212e+05  -2.2326805e+05
   1.3900000e+01  -6.5777156e+05  -1.6036139e+05
   1.4000000e+01  -4.7752922e+05  -7.5740719e+04
   1.4100000e+01  -2.6242644e+05   4.6818149e+03
   1.4200000e+01  -4.4426621e+04   6.6098750e+04
   1.4300000e+01   1.5703745e+05   1.1503534e+05
   1.4400000e+01   3.4043491e+05   1.6996781e+05
   1.4500000e+01   5.1075588e+05   2.4135150e+05
   1.4600000e+01   6.6465731e+05   3.2088606e+05
   1.4700000e+01   7.8890519e+05   3.9057491e+05
   1.4800000e+01   8.7270788e+05   4.4121388e+05
   1.4900000e+01   9.1769200e+05   4.7962178e+05
   1.5000000e+01   9.3265912e+05   5.1656109e+05
   1.5100000e+01   9.1987162e+05   5.4975219e+05
   1.5200000e+01   8.7066538e+05   5.6292444e+05
   1.5300000e+01   7.7658956e+05   5.4363350e+05
   1.5400000e+01   6.4289800e+05   4.9981369e+05
   1.5500000e+01   4.8863816e+05   4.5480653e+05
   1.5600000e+01   3.3417631e+05   4.2450884e+05
   1.5700000e+01   1.9100625e+05   4.0117841e+05
   1.5800000e+01   6.3391996e+04   3.6186303e+05
   1.5900000e+01  -4.4113980e+04   2.9259909e+05
   1.6000000e+01  -1.2444437e+05   2.0290430e+05
   1.6100000e+01  -1.7266456e+05   1.1657766e+05
   1.6200000e+01  -1.8965275e+05   5.0001664e+04
   1.6300000e+01  -1.7988562e+05   1.3388672e+00
   1.6400000e+01  -1.4756512e+05  -4.9423453e+04
   1.6500000e+01  -9.7130750e+04  -1.1154345e+05
   1.6600000e+01  -3.6881996e+04  -1.8803991e+05
   1.6700000e+01   2.0826391e+04  -2.7205712e+05
   1.6800000e+01   6.4915258e+04  -3.5651200e+05
   1.6900000e+01   9.0534047e+04  -4.3898481e+05
   1.7000000e+01   9.7274898e+04  -5.2059122e+05
   1.7100000e+01   8.2536430e+04  -6.0187050e+05
   1.7200000e+01   3.8643980e+04  -6.7950050e+05
   1.7300000e+01  -4.1142020e+04  -7.4554244e+05
   1.7400000e+01  -1.5277155e+05  -7.8928756e+05
   1.7500000e+01  -2.7816388e+05  -8.0130912e+05
   1.7600000e+01  -3.9359509e+05  -7.7865562e+05
   1.7700000e+01  -4.8393422e+05  -7.2847144e+05
   1.7800000e+01  -5.5128494e+05  -6.6617425e+05
   1.7900000e+01  -6.1070756e+05  -6.0655669e+05
   1.8000000e+01  -6.7554862e+05  -5.5235056e+05
   1.8100000e+01  -7.4296294e+05  -4.8991309e+05
   1.8200000e+01  -7.9114175e+05  -3.9858003e+05
   1.8300000e+01  -7.9223025e+05  -2.6836978e+05
   1.8400000e+01  -7.3267906e+05  -1.1083075e+05
   1.8500000e+01  -6.2470069e+05   4.7995559e+04
   1.8600000e+01  -4.9761112e+05   1.8693733e+05
   1.8700000e+01  -3.7490666e+05   3.0350056e+05
   1.8800000e+01  -2.5724069e+05   4.0998625e+05
   1.8900000e+01  -1.2712462e+05   5.1769547e+05
   1.9000000e+01   2.9926215e+04   6.2566975e+05
   1.9100000e+01   2.0960650e+05   7.2331688e+05
   1.9200000e+01   3.9354916e+05   8.0108094e+05
   1.9300000e+01   5.6661525e+05   8.5693106e+05
   1.9400000e+01   7.2549781e+05   8.9354131e+05
   1.9500000e+01   8.6932869e+05   9.1144775e+05
   1.9600000e+01   9.8566950e+05   9.0624856e+05
   1.9700000e+01   1.0512764e+06   8.7245256e+05
   1.9800000e+01   1.0493224e+06   8.0982338e+05
   1.9900000e+01   9.8480969e+05   7.2596744e+05
   2.0000000e+01   8.8128594e+05   6.3226312e+05
   2.0100000e+01   7.6227562e+05   5.3614838e+05
   2.0200000e+01   6.3632588e+05   4.3641003e+05
   2.0300000e+01   4.9898312e+05   3.2586369e+05
   2.0400000e+01   3.4676241e+05   1.9907144e+05
   2.0500000e+01   1.8760559e+05   5.8209395e+04
   2.0600000e+01   3.8539605e+04  -8.7301766e+04
   2.0700000e+01  -8.5074188e+04  -2.2549747e+05
   2.0800000e+01  -1.7781683e+05  -3.4636538e+05
   2.0900000e+01  -2.4429759e+05  -4.4438153e+05
   2.1000000e+01  -2.9427431e+05  -5.1986019e+05
   2.1100000e+01  -3.3875897e+05  -5.7842519e+05
   2.1200000e+01  -3.8824588e+05  -6.2663531e+05
   2.1300000e+01  -4.4963662e+05  -6.6550669e+05
   2.1400000e+01  -5.2090494e+05  -6.8835275e+05
   2.1500000e+01  -5.8873800e+05  -6.8668438e+05
   2.1600000e+01  -6.3462525e+05  -6.5865638e+05
   2.1700000e+01  -6.4643756e+05  -6.1040056e+05
   2.1800000e+01  -6.2512638e+05  -5.4869075e+05
   2.1900000e+01  -5.8022731e+05  -4.7470094e+05
   2.2000000e+01  -5.1995134e+05  -3.8803962e+05
   2.2100000e+01  -4.4731444e+05  -2.9692269e+05
   2.2200000e+01  -3.6572659e+05  -2.2066653e+05
   2.2300000e+01  -2.8546619e+05  -1.7799880e+05
   2.2400000e+01  -2.2124664e+05  -1.7147392e+05
   2.2500000e+01  -1.8188120e+05  -1.8436678e+05
   2.2600000e+01  -1.6269400e+05  -1.9386647e+05
   2.2700000e+01  -1.4874802e+05  -1.8746181e+05
   2.2800000e+01  -1.2571258e+05  -1.6719952e+05
   2.2900000e+01  -8.7971953e+04  -1.4036567e+05
   2.3000000e+01  -3.7540812e+04  -1.0851766e+05
   2.3100000e+01   2.2660025e+04  -6.5834547e+04
   2.3200000e+01   9.2459352e+04  -6.1932773e+03
   2.3300000e+01   1.7112297e+05   6.9792852e+04
   2.3400000e+01   2.5220481e+05   1.5423681e+05
   2.3500000e+01   3.2441978e+05   2.3696470e+05
   2.3600000e+01   3.7926044e+05   3.1087203e+05
   2.3700000e+01   4.1742416e+05   3.7375353e+05
   2.3800000e+01   4.4681972e+05   4.2622903e+05
   2.3900000e+01   4.7449741e+05   4.6810991e+05
   2.4000000e+01   5.0120894e+05   4.9639803e+05
   2.4100000e+01   5.2255738e+05   5.0665844e+05
   2.4200000e+01   5.3210700e+05   4.9645931e+05
   2.4300000e+01   5.2163128e+05   4.6754503e+05
   2.4400000e+01   4.8125628e+05   4.2475469e+05
   2.4500000e+01   4.0483709e+05   3.7303706e+05
   2.4600000e+01   2.9792384e+05   3.1547419e+05
   2.4700000e+01   1.7849762e+05   2.5360306e+05
   2.4800000e+01   6.6606609e+04   1.8903414e+05
   2.4900000e+01  -2.7752793e+04   1.2491860e+05
   2.5000000e+01  -1.0633107e+05   6.6512570e+04
   2.5100000e+01  -1.7399338e+05   2.0258125e+04
   2.5200000e+01  -2.3147503e+05  -8.9800381e+03
   2.5300000e+01  -2.7726172e+05  -2.1198857e+04
   2.5400000e+01  -3.1314100e+05  -2.1999016e+04
   2.5500000e+01  -3.4394256e+05  -1.9144152e+04
   2.5600000e+01  -3.7159594e+05  -1.7653357e+04
   2.5700000e+01  -3.9207225e+05  -1.8385699e+04
   2.5800000e+01  -3.9904409e+05  -2.1529238e+04
   2.5900000e+01  -3.8823022e+05  -3.0602496e+04
   2.6000000e+01  -3.5661191e+05  -5.1743418e+04
   2.6100000e+01  -3.0021200e+05  -8.8721117e+04
   2.6200000e+01  -2.1731827e+05  -1.3936920e+05
   2.6300000e+01  -1.1479767e+05  -1.9730098e+05
   2.6400000e+01  -7.3700186e+03  -2.5628159e+05
   2.6500000e+01   9.2869578e+04  -3.1201600e+05
   2.6600000e+01   1.8520155e+05  -3.6048747e+05
   2.6700000e+01   2.7537572e+05  -3.9685475e+05
   2.6800000e+01   3.6156066e+05  -4.1733303e+05
   2.6900000e+01   4.2820356e+05  -4.2105778e+05
   2.7000000e+01   4.5619325e+05  -4.0830272e+05
   2.7100000e+01   4.3813881e+05  -3.7745953e+05
   2.7200000e+01   3.8188509e+05  -3.2699138e+05
   2.7300000e+01   3.0018259e+05  -2.6260041e+05
   2.7400000e+01   2.0010086e+05  -2.0020883e+05
   2.7500000e+01   8.3284297e+04  -1.5615245e+05
   2.7600000e+01  -4.6837105e+04  -1.3030490e+05
   2.7700000e+01  -1.8172334e+05  -1.0014412e+05
   2.7800000e+01  -3.1099547e+05  -3.6673641e+04
   2.7900000e+01  -4.2562300e+05   6.9518523e+04
   2.8000000e+01  -5.1696647e+05   1.9740939e+05
   2.8100000e+01  -5.7638969e+05   3.1206800e+05
   2.8200000e+01  -6.0018344e+05   3.9284578e+05
   2.8300000e+01  -5.9474412e+05   4.4554569e+05
   2.8400000e+01  -5.7245500e+05   4.8861362e+05
   2.8500000e+01  -5.3886300e+05   5.3060169e+05
   2.8600000e+01  -4.8486194e+05   5.6233975e+05
   2.8700000e+01  -3.9511512e+05   5.6788688e+05
   2.8800000e+01  -2.6604319e+05   5.3856888e+05
   2.8900000e+01  -1.1430316e+05   4.7628216e+05
   2.9000000e+01   3.4212512e+04   3.8846584e+05
   2.9100000e+01   1.6400397e+05   2.8460006e+05
   2.9200000e+01   2.7871953e+05   1.7589762e+05
   2.9300000e+01   3.9205300e+05   7.1987992e+04
   2.9400000e+01   5.1179403e+05  -2.6038734e+04
   2.9500000e+01   6.3189038e+05  -1.2694074e+05
   2.9600000e+01   7.3633881e+05  -2.3862734e+05
   2.9700000e+01   8.0802506e+05  -3.5398319e+05
   2.9800000e+01   8.3538031e+05  -4.4924538e+05
   2.9900000e+01   8.1508256e+05  -4.9945491e+05
   3.0000000e+01   7.5144775e+05  -4.9730697e+05
   3.0100000e+01   6.5275744e+05  -4.5784959e+05
   3.0200000e+01   5.2637988e+05  -4.0579688e+05
   3.0300000e+01   3.7712622e+05  -3.5820072e+05
   3.0400000e+01   2.1101494e+05  -3.1682103e+05
   3.0500000e+01   3.9995590e+04  -2.7320888e+05
   3.0600000e+01  -1.1931062e+05  -2.1893898e+05
   3.0700000e+01  -2.5347759e+05  -1.5249438e+05
   3.0800000e+01  -3.5929566e+05  -7.9993164e+04
   3.0900000e+01  -4.4277319e+05  -1.1656049e+04
   3.1000000e+01  -5.1119362e+05   4.3246965e+04
   3.1100000e+01  -5.6562575e+05   8.0826680e+04
   3.1200000e+01  -5.9946831e+05   1.0417994e+05
   3.1300000e+01  -6.0275981e+05   1.2044356e+05
   3.1400000e+01  -5.6880956e+05   1.3438511e+05
   3.1500000e+01  -4.9981253e+05   1.4334881e+05
   3.1600000e+01  -4.0840531e+05   1.3880103e+05
   3.1700000e+01  -3.1288938e+05   1.1462939e+05
   3.1800000e+01  -2.2780025e+05   7.5434758e+04
   3.1900000e+01  -1.5666483e+05   3.6467000e+04
   3.2000000e+01  -9.3528594e+04   1.3776993e+04
   3.2100000e+01  -3.2062145e+04   1.2853617e+04
   3.2200000e+01   2.6640754e+04   2.6391525e+04
   3.2300000e+01   7.5008969e+04   4.3305270e+04
   3.2400000e+01   1.0667865e+05   5.9810082e+04
   3.2500000e+01   1.2218397e+05   8.1369227e+04
   3.2600000e+01   1.2720638e+05   1.1405704e+05
   3.2700000e+01   1.2658961e+05   1.5498155e+05
   3.2800000e+01   1.2115203e+05   1.9196353e+05
   3.2900000e+01   1.0995508e+05   2.1259467e+05
   3.3000000e+01   9.4382828e+04   2.1341602e+05
   3.3100000e+01   7.9307172e+04   2.0083247e+05
   3.3200000e+01   7.0647172e+04   1.8420936e+05
   3.3300000e+01   7.2240094e+04   1.6831911e+05
   3.3400000e+01   8.4543328e+04   1.5103283e+05
   3.3500000e+01   1.0499333e+05   1.2646637e+05
   3.3600000e+01   1.2859221e+05   9.0301141e+04
   3.3700000e+01   1.4855867e+05   4.4201617e+04
   3.3800000e+01   1.5828933e+05  -3.0269058e+03
   3.3900000e+01   1.5485811e+05  -3.9598746e+04
   3.4000000e+01   1.4151472e+05  -5.9425492e+04
   3.4100000e+01   1.2581343e+05  -6.8906008e+04
   3.4200000e+01   1.1340801e+05  -8.3785758e+04
   3.4300000e+01   1.0240329e+05  -1.1602402e+05
   3.4400000e+01   8.3863391e+04  -1.6203000e+05
   3.4500000e+01   4.8919789e+04  -2.0456655e+05
   3.4600000e+01  -3.2207595e+03  -2.2726197e+05
   3.4700000e+01  -6.3109168e+04  -2.2723108e+05
   3.4800000e+01  -1.1669083e+05  -2.1387314e+05
   3.4900000e+01  -1.5458675e+05  -1.9747125e+05
   3.5000000e+01  -1.7791369e+05  -1.8101283e+05
   3.5100000e+01  -1.9556355e+05  -1.6225253e+05
   3.5200000e+01  -2.1425116e+05  -1.4058188e+05
   3.5300000e+01  -2.2971145e+05  -1.2005219e+05
   3.5400000e+01  -2.2828341e+05  -1.0670079e+05
   3.5500000e+01  -1.9901677e+05  -1.0419185e+05
   3.5600000e+01  -1.4469220e+05  -1.1111805e+05
   3.5700000e+01  -7.9655570e+04  -1.2076521e+05
   3.5800000e+01  -1.6391883e+04  -1.2376545e+05
   3.5900000e+01   4.3905930e+04  -1.1329922e+05
   3.6000000e+01   1.0584157e+05  -8.9575602e+04
   3.6100000e+01   1.6645870e+05  -5.9417863e+04
   3.6200000e+01   2.1090162e+05  -3.1002957e+04
   3.6300000e+01   2.2332850e+05  -8.4828359e+03
   3.6400000e+01   2.0149272e+05   9.6327129e+03
   3.6500000e+01   1.5978745e+05   2.8861055e+04
   3.6600000e+01   1.1873155e+05   5.6035312e+04
   3.6700000e+01   9.1821984e+04   9.5941062e+04
   3.6800000e+01   8.0143703e+04   1.4777055e+05
   3.6900000e+01   7.5885875e+04   2.0427114e+05
   3.7000000e+01   6.9768508e+04   2.5583522e+05
   3.7100000e+01   5.7445781e+04   2.9656825e+05
   3.7200000e+01   4.1653031e+04   3.2640128e+05
   3.7300000e+01   2.8570115e+04   3.4772438e+05
   3.7400000e+01   2.0747125e+04   3.6131406e+05
   3.7500000e+01   1.3132721e+04   3.6587800e+05
   3.7600000e+01  -2.8881797e+03   3.5956397e+05
   3.7700000e+01  -3.0607867e+04   3.3961478e+05
   3.7800000e+01  -6.3319477e+04   3.0109541e+05
   3.7900000e+01  -8.9100000e+04   2.3931491e+05
   3.8000000e+01  -1.0064759e+05   1.5631373e+05
   3.8100000e+01  -1.0093302e+05   6.4603766e+04
   3.8200000e+01  -9.9969570e+04  -1.8344021e+04
   3.8300000e+01  -1.0620283e+05  -8.2187086e+04
   3.8400000e+01  -1.1993988e+05  -1.3167216e+05
   3.8500000e+01  -1.3368061e+05  -1.8210062e+05
   3.8600000e+01  -1.3842108e+05  -2.4471536e+05
   3.8700000e+01  -1.3040971e+05  -3.1366669e+05
   3.8800000e+01  -1.1273688e+05  -3.6604388e+05
   3.8900000e+01  -9.0992828e+04  -3.7687316e+05
   3.9000000e+01  -6.8005398e+04  -3.3868297e+05
   3.9100000e+01  -4.3248039e+04  -2.6961331e+05
   3.9200000e+01  -1.6659916e+04  -2.0145423e+05
   3.9300000e+01   8.9800654e+03  -1.5584238e+05
   3.9400000e+01   3.1065709e+04  -1.2888074e+05
   3.9500000e+01   5.1922078e+04  -9.8337062e+04
   3.9600000e+01   7.8120359e+04  -4.6724500e+04
   3.9700000e+01   1.1307962e+05   2.1801777e+04
   3.9800000e+01   1.5055995e+05   8.6098023e+04
   3.9900000e+01   1.7730148e+05   1.2757309e+05
   4.0000000e+01   1.8360928e+05   1.4424786e+05
   4.0100000e+01   1.7157747e+05   1.4721367e+05
   4.0200000e+01   1.5251611e+05   1.4627042e+05
   4.0300000e+01   1.3615503e+05   1.4001289e+05
   4.0400000e+01   1.2223584e+05   1.1775493e+05
   4.0500000e+01   1.0188202e+05   6.8881508e+04
   4.0600000e+01   6.6184500e+04  -8.3354229e+03
   4.0700000e+01   1.3663484e+04  -1.0303596e+05
   4.0800000e+01  -4.8703117e+04  -1.9476528e+05
   4.0900000e+01  -1.0964184e+05  -2.6306103e+05
   4.1000000e+01  -1.5872311e+05  -2.9947062e+05
   4.1100000e+01  -1.8983411e+05  -3.1320078e+05
   4.1200000e+01  -2.0254956e+05  -3.2366194e+05
   4.1300000e+01  -2.0134381e+05  -3.4357150e+05
   4.1400000e+01  -1.9239044e+05  -3.6597300e+05
   4.1500000e+01  -1.7884461e+05  -3.6711125e+05
   4.1600000e+01  -1.5750277e+05  -3.2439675e+05
   4.1700000e+01  -1.2009700e+05  -2.3533811e+05
   4.1800000e+01  -5.9660598e+04  -1.2114051e+05
   4.1900000e+01   2.2010193e+04  -1.0817523e+04
   4.2000000e+01   1.1180449e+05   8.0978172e+04
   4.2100000e+01   1.9060638e+05   1.6234909e+05
   4.2200000e+01   2.4318023e+05   2.5089534e+05
   4.2300000e+01   2.6537019e+05   3.5212822e+05
   4.2400000e+01   2.6343588e+05   4.5127922e+05
   4.2500000e+01   2.4674753e+05   5.2567169e+05
   4.2600000e+01   2.2027167e+05   5.6294231e+05
   4.2700000e+01   1.8310012e+05   5.6617844e+05
   4.2800000e+01   1.3387411e+05   5.4438262e+05
   4.2900000e+01   7.7451461e+04   5.0318628e+05
   4.3000000e+01   2.5225467e+04   4.4634328e+05
   4.3100000e+01  -1.2888256e+04   3.8135594e+05
   4.3200000e+01  -3.7689480e+04   3.1703584e+05
   4.3300000e+01  -6.1013938e+04   2.5410577e+05
   4.3400000e+01  -9.5142625e+04   1.8269178e+05
   4.3500000e+01  -1.4116542e+05   9.3784703e+04
   4.3600000e+01  -1.8810116e+05  -6.7415645e+03
   4.3700000e+01  -2.2329989e+05  -9.8677672e+04
   4.3800000e+01  -2.4279345e+05  -1.6388338e+05
   4.3900000e+01  -2.5150369e+05  -2.0123852e+05
   4.4000000e+01  -2.5529791e+05  -2.2413667e+05
   4.4100000e+01  -2.5489725e+05  -2.4426758e+05
   4.4200000e+01  -2.4725098e+05  -2.6029764e+05
   4.4300000e+01  -2.3063631e+05  -2.6321550e+05
   4.4400000e+01  -2.0705139e+05  -2.5049886e+05
   4.4500000e+01  -1.8040573e+05  -2.3188133e+05
   4.4600000e+01  -1.5352227e+05  -2.2032325e+05
   4.4700000e+01  -1.2647985e+05  -2.1912134e+05
   4.4800000e+01  -9.6579133e+04  -2.1971878e+05
   4.4900000e+01  -5.9720453e+04  -2.1162252e+05
   4.5000000e+01  -1.2931737e+04  -1.9244936e+05
   4.5100000e+01   4.3504930e+04  -1.6782981e+05
   4.5200000e+01   1.0618416e+05  -1.4377370e+05
   4.5300000e+01   1.7029409e+05  -1.2156749e+05
   4.5400000e+01   2.3024248e+05  -9.9657461e+04
   4.5500000e+01   2.7895675e+05  -7.7693266e+04
   4.5600000e+01   3.0930244e+05  -5.7079922e+04
   4.5700000e+01   3.1898522e+05  -3.8920586e+04
   4.5800000e+01   3.1355269e+05  -2.3623016e+04
   4.5900000e+01   3.0116634e+05  -1.2609771e+04
   4.6000000e+01   2.8243969e+05  -8.4634980e+03
   4.6100000e+01   2.4763139e+05  -1.1919340e+04
   4.6200000e+01   1.8757519e+05  -1.9095674e+04
   4.6300000e+01   1.0797020e+05  -2.2895395e+04
   4.6400000e+01   2.9846822e+04  -1.7844248e+04
   4.6500000e+01  -2.6786217e+04  -3.8088770e+03
   4.6600000e+01  -5.9441887e+04   1.4693935e+04
   4.6700000e+01  -8.2079797e+04   3.2599436e+04
   4.6800000e+01  -1.0819134e+05   4.7989320e+04
   4.6900000e+01  -1.3658789e+05   6.2264660e+04
   4.7000000e+01  -1.5362628e+05   7.7040336e+04
   4.7100000e+01  -1.4706628e+05   9.1344477e+04
   4.7200000e+01  -1.1676955e+05   1.0268977e+05
   4.7300000e+01  -7.4293742e+04   1.1122054e+05
   4.7400000e+01  -3.4905789e+04   1.2164076e+05
   4.7500000e+01  -8.8711729e+03   1.3906677e+05
   4.7600000e+01   4.0691487e+03   1.6214119e+05
   4.7700000e+01   1.4501432e+04   1.8142494e+05
   4.7800000e+01   3.5469445e+04   1.8645358e+05
   4.7900000e+01   7.0503672e+04   1.7516661e+05
   4.8000000e+01   1.0813907e+05   1.5596436e+05
   4.8100000e+01   1.3059520e+05   1.4004148e+05
   4.8200000e+01   1.3005830e+05   1.3179241e+05
   4.8300000e+01   1.1607135e+05   1.2659286e+05
   4.8400000e+01   1.0581762e+05   1.1677430e+05
   4.8500000e+01   1.0749645e+05   9.8117234e+04
   4.8600000e+01   1.1377385e+05   7.0222219e+04
   4.8700000e+01   1.0988088e+05   3.2789824e+04
   4.8800000e+01   8.5591008e+04  -1.4891229e+04
   4.8900000e+01   4.0020676e+04  -6.9081461e+04
   4.9000000e+01  -2.0374820e+04  -1.1846695e+05
   4.9100000e+01  -8.4344125e+04  -1.5045498e+05
   4.9200000e+01  -1.3813206e+05  -1.6336914e+05
   4.9300000e+01  -1.7156339e+05  -1.7092159e+05
   4.9400000e+01  -1.8638034e+05  -1.9072489e+05
   4.9500000e+01  -1.9747338e+05  -2.2613934e+05
   4.9600000e+01  -2.2166673e+05  -2.6053850e+05
   4.9700000e+01  -2.6266838e+05  -2.7188131e+05
   4.9800000e+01  -3.0724003e+05  -2.5415033e+05
   4.9900000e+01  -3.3682872e+05  -2.2424589e+05
   5.0000000e+01  -3.4266194e+05  -2.0728414e+05
   5.0100000e+01  -3.2959625e+05  -2.1434644e+05
   5.0200000e+01  -3.0718941e+05  -2.3291584e+05
   5.0300000e+01  -2.7932675e+05  -2.3721209e+05
   5.0400000e+01  -2.4238861e+05  -2.0817380e+05
   5.0500000e+01  -1.9079127e+05  -1.4677945e+05
   5.0600000e+01  -1.2219145e+05  -7.1985328e+04
   5.0700000e+01  -3.8347832e+04  -6.7040400e+03
   5.0800000e+01   5.6227258e+04   3.7322426e+04
   5.0900000e+01   1.5526347e+05   6.5419914e+04
   5.1000000e+01   2.5206281e+05   9.3156273e+04
   5.1100000e+01   3.4195594e+05   1.3244623e+05
   5.1200000e+01   4.2346347e+05   1.8192389e+05
   5.1300000e+01   4.9550172e+05   2.2989420e+05
   5.1400000e+01   5.5285788e+05   2.6706822e+05
   5.1500000e+01   5.8573075e+05   2.9626084e+05
   5.1600000e+01   5.8535044e+05   3.2817862e+05
   5.1700000e+01   5.5036469e+05   3.6670216e+05
   5.1800000e+01   4.8718616e+05   3.9969725e+05
   5.1900000e+01   4.0430756e+05   4.0734769e+05
   5.2000000e+01   3.0741488e+05   3.8138959e+05
   5.2100000e+01   2.0046252e+05   3.3538275e+05
   5.2200000e+01   8.9810961e+04   2.9434728e+05
   5.2300000e+01  -1.5633068e+04   2.7374462e+05
   5.2400000e+01  -1.1005495e+05   2.6858106e+05
   5.2500000e+01  -1.9560758e+05   2.6138255e+05
   5.2600000e+01  -2.7935581e+05   2.3780875e+05
   5.2700000e+01  -3.6387756e+05   1.9391119e+05
   5.2800000e+01  -4.4118712e+05   1.3242845e+05
   5.2900000e+01  -4.9703575e+05   5.7926359e+04
   5.3000000e+01  -5.2168553e+05  -2.2858152e+04
   5.3100000e+01  -5.1627125e+05  -1.0041232e+05
   5.3200000e+01  -4.8884234e+05  -1.6783194e+05
   5.3300000e+01  -4.4537922e+05  -2.2768647e+05
   5.3400000e+01  -3.8592462e+05  -2.8951119e+05
   5.3500000e+01  -3.0944378e+05  -3.5678831e+05
   5.3600000e+01  -2.2095647e+05  -4.1741028e+05
   5.3700000e+01  -1.3219402e+05  -4.5153997e+05
   5.3800000e+01  -5.4641277e+04  -4.5194831e+05
   5.3900000e+01   7.5845195e+03  -4.3501109e+05
   5.4000000e+01   5.7660980e+04  -4.2735406e+05
   5.4100000e+01   9.9799414e+04  -4.3929322e+05
   5.4200000e+01   1.3454897e+05  -4.5299844e+05
   5.4300000e+01   1.6067672e+05  -4.3952291e+05
   5.4400000e+01   1.7996381e+05  -3.8755547e+05
   5.4500000e+01   1.9758475e+05  -3.1318278e+05
   5.4600000e+01   2.1676148e+05  -2.4093748e+05
   5.4700000e+01   2.3431106e+05  -1.7853967e+05
   5.4800000e+01   2.4304453e+05  -1.1359943e+05
   5.4900000e+01   2.3844462e+05  -3.3756277e+04
   5.5000000e+01   2.2182741e+05   5.5054844e+04
   5.5100000e+01   1.9698705e+05   1.3291455e+05
   5.5200000e+01   1.6540117e+05   1.8551194e+05
   5.5300000e+01   1.2580727e+05   2.1551884e+05
   5.5400000e+01   7.7422188e+04   2.3517494e+05
   5.5500000e+01   2.1995234e+04   2.5209841e+05
   5.5600000e+01  -3.6907129e+04   2.6484328e+05
   5.5700000e+01  -9.4759039e+04   2.6974822e+05
   5.5800000e+01  -1.4588389e+05   2.6778931e+05
   5.5900000e+01  -1.8471769e+05   2.6339597e+05
   5.6000000e+01  -2.0952534e+05   2.5839788e+05
   5.6100000e+01  -2.2421770e+05   2.4892683e+05
   5.6200000e+01  -2.3386594e+05   2.2867905e+05
   5.6300000e+01  -2.3732419e+05   1.9569220e+05
   5.6400000e+01  -2.2613503e+05   1.5683686e+05
   5.6500000e+01  -1.9311181e+05   1.2510814e+05
   5.6600000e+01  -1.4193942e+05   1.0975909e+05
   5.6700000e+01  -8.5872625e+04   1.0678175e+05
   5.6800000e+01  -3.4945254e+04   9.9971281e+04
   5.6900000e+01   1.5007631e+04   7.4418109e+04
   5.7000000e+01   7.8353883e+04   3.0810035e+04
   5.7100000e+01   1.6319830e+05  -1.4087943e+04
   5.7200000e+01   2.5950988e+05  -4.2080270e+04
   5.7300000e+01   3.4541100e+05  -4.8808191e+04
   5.7400000e+01   4.0595406e+05  -4.4962121e+04
   5.7500000e+01   4.4449319e+05  -4.4167680e+04
   5.7600000e+01   4.7434116e+05  -5.1232438e+04
   5.7700000e+01   5.0035744e+05  -6.1393258e+04
   5.7800000e+01   5.1148456e+05  -6.8140883e+04
   5.7900000e+01   4.9237247e+05  -6.9744250e+04
   5.8000000e+01   4.4003319e+05  -6.8852914e+04
   5.8100000e+01   3.6630259e+05  -6.7937367e+04
   5.8200000e+01   2.8439100e+05  -6.6418531e+04
   5.8300000e+01   1.9619127e+05  -6.1888453e+04
   5.8400000e+01   9.4657977e+04  -5.2996699e+04
   5.8500000e+01  -2.2990736e+04  -4.0239934e+04
   5.8600000e+01  -1.4724989e+05  -2.3926840e+04
   5.8700000e+01  -2.6200130e+05  -2.7462817e+03
   5.8800000e+01  -3.5658275e+05   2.3492086e+04
   5.8900000e+01  -4.3104475e+05   4.8845238e+04
   5.9000000e+01  -4.9006366e+05   6.0989965e+04
   5.9100000e+01  -5.3331612e+05   4.9558938e+04
   5.9200000e+01  -5.5323794e+05   1.6681994e+04
   5.9300000e+01  -5.4258981e+05  -2.1672730e+04
   5.9400000e+01  -5.0324134e+05  -4.6763395e+04
   5.9500000e+01  -4.4600641e+05  -5.0728312e+04
   5.9600000e+01  -3.8163697e+05  -4.0702223e+04
   5.9700000e+01  -3.1377778e+05  -3.1858100e+04
   5.9800000e+01  -2.4224444e+05  -3.7496492e+04
   5.9900000e+01  -1.7130461e+05  -6.2744242e+04
   6.0000000e+01  -1.1025547e+05  -1.0203861e+05
   6.0100000e+01  -6.3593168e+04  -1.4013873e+05
   6.0200000e+01  -2.3377830e+04  -1.5940483e+05
   6.0300000e+01   2.4084459e+04  -1.5215486e+05
   6.0400000e+01   8.2622797e+04  -1.2778189e+05
   6.0500000e+01   1.3945023e+05  -1.0479366e+05
   6.0600000e+01   1.7578708e+05  -9.3005719e+04
   6.0700000e+01   1.8348745e+05  -8.3942875e+04
   6.0800000e+01   1.7015708e+05  -6.0128777e+04
   6.0900000e+01   1.4917802e+05  -1.3276188e+04
   6.1000000e+01   1.2715608e+05   4.7819434e+04
   6.1100000e+01   1.0157716e+05   1.0615513e+05
   6.1200000e+01   6.8514391e+04   1.5068294e+05
   6.1300000e+01   3.0287426e+04   1.8181866e+05
   6.1400000e+01  -4.7063477e+03   2.0641889e+05
   6.1500000e+01  -2.8498555e+04   2.2990595e+05
   6.1600000e+01  -3.9052926e+04   2.5169172e+05
   6.1700000e+01  -3.9474613e+04   2.6482212e+05
   6.1800000e+01  -3.2322574e+04   2.5956433e+05
   6.1900000e+01  -1.5239269e+04   2.3048880e+05
   6.2000000e+01   1.7309971e+04   1.8274909e+05
   6.2100000e+01   6.7688812e+04   1.3053805e+05
   6.2200000e+01   1.3041062e+05   8.6523516e+04
   6.2300000e+01   1.9357348e+05   5.1355043e+04
   6.2400000e+01   2.4465711e+05   1.4039497e+04
   6.2500000e+01   2.7551003e+05  -3.6918238e+04
   6.2600000e+01   2.8380303e+05  -1.0289638e+05
   6.2700000e+01   2.7211778e+05  -1.7454017e+05
   6.2800000e+01   2.4612023e+05  -2.3902472e+05
   6.2900000e+01   2.1135383e+05  -2.8650816e+05
   6.3000000e+01   1.6894480e+05  -3.1191378e+05
   6.3100000e+01   1.1383338e+05  -3.1509744e+05
   6.3200000e+01   3.9353164e+04  -3.0146169e+05
   6.3300000e+01  -5.3815941e+04  -2.7996347e+05
   6.3400000e+01  -1.5254927e+05  -2.5671498e+05
   6.3500000e+01  -2.3679512e+05  -2.2976559e+05
   6.3600000e+01  -2.9271047e+05  -1.9232088e+05
   6.3700000e+01  -3.2170072e+05  -1.4223972e+05
   6.3800000e+01  -3.3604494e+05  -8.6553305e+04
   6.3900000e+01  -3.4461375e+05  -3.4559070e+04
   6.4000000e+01  -3.4285416e+05   1.2522109e+04
   6.4100000e+01  -3.1757994e+05   6.1814586e+04
   6.4200000e+01  -2.6163448e+05   1.1730952e+05
   6.4300000e+01  -1.8275570e+05   1.7025466e+05
   6.4400000e+01  -9.7446938e+04   2.0438284e+05
   6.4500000e+01  -1.7236814e+04   2.1202262e+05
   6.4600000e+01   5.7853742e+04   2.0353441e+05
   6.4700000e+01   1.3338989e+05   1.9854420e+05
   6.4800000e+01   2.1061558e+05   2.0703281e+05
   6.4900000e+01   2.8279078e+05   2.1990223e+05
   6.5000000e+01   3.3893472e+05   2.1904272e+05
   6.5100000e+01   3.6980184e+05   1.9618078e+05
   6.5200000e+01   3.7264184e+05   1.6057183e+05
   6.5300000e+01   3.5348147e+05   1.2831450e+05
   6.5400000e+01   3.2412012e+05   1.0634323e+05
   6.5500000e+01   2.9286897e+05   8.8682758e+04
   6.5600000e+01   2.5668945e+05   6.6711133e+04
   6.5700000e+01   2.0579522e+05   3.9115223e+04
   6.5800000e+01   1.3910648e+05   1.0504280e+04
   6.5900000e+01   7.2659148e+04  -1.5948379e+04
   6.6000000e+01   2.7320189e+04  -3.9946871e+04
   6.6100000e+01   7.0766299e+03  -5.8906059e+04
   6.6200000e+01  -6.0743496e+03  -6.6632711e+04
   6.6300000e+01  -3.2391367e+04  -6.0416062e+04
   6.6400000e+01  -7.2096586e+04  -4.7080898e+04
   6.6500000e+01  -1.0685588e+05  -3.8027473e+04
   6.6600000e+01  -1.2240848e+05  -3.8110695e+04
   6.6700000e+01  -1.2420498e+05  -4.2216125e+04
   6.6800000e+01  -1.2791159e+05  -4.3356879e+04
   6.6900000e+01  -1.3842602e+05  -4.1179914e+04
   6.7000000e+01  -1.4416961e+05  -4.0630910e+04
   6.7100000e+01  -1.3297614e+05  -4.4687539e+04
   6.7200000e+01  -1.0919896e+05  -5.1810148e+04
   6.7300000e+01  -9.1204789e+04  -5.9874176e+04
   6.7400000e+01  -9.2427055e+04  -6.8695227e+04
   6.7500000e+01  -1.0761912e+05  -7.7157078e+04
   6.7600000e+01  -1.1880459e+05  -8.1135297e+04
   6.7700000e+01  -1.1353227e+05  -7.8188141e+04
   6.7800000e+01  -9.6379578e+04  -7.3903688e+04
   6.7900000e+01  -8.3425930e+04  -7.9518234e+04
   6.8000000e+01  -8.6637211e+04  -1.0033511e+05
   6.8100000e+01  -1.0320677e+05  -1.2745880e+05
   6.8200000e+01  -1.1863118e+05  -1.4375730e+05
   6.8300000e+01  -1.1993822e+05  -1.3927947e+05
   6.8400000e+01  -1.0774031e+05  -1.2010976e+05
   6.8500000e+01  -9.7149969e+04  -1.0140523e+05
   6.8600000e+01  -1.0610670e+05  -9.2406008e+04
   6.8700000e+01  -1.3979839e+05  -8.9166734e+04
   6.8800000e+01  -1.8432441e+05  -8.1313117e+04
   6.8900000e+01  -2.1631955e+05  -6.3854305e+04
   6.9000000e+01  -2.2124114e+05  -4.1144480e+04
   6.9100000e+01  -2.0402259e+05  -2.0526018e+04
   6.9200000e+01  -1.8230222e+05  -4.6652837e+03
   6.9300000e+01  -1.6932600e+05   8.8789600e+03
   6.9400000e+01  -1.6324312e+05   2.2371906e+04
   6.9500000e+01  -1.5145508e+05   3.4775668e+04
   6.9600000e+01  -1.2280329e+05   4.4247270e+04
   6.9700000e+01  -7.4804719e+04   5.1679273e+04
   6.9800000e+01  -1.2034143e+04   5.9825859e+04
   6.9900000e+01   5.8322000e+04   6.9229430e+04
   7.0000000e+01   1.2858140e+05   7.6829023e+04
   7.0100000e+01   1.9208147e+05   7.9602469e+04
   7.0200000e+01   2.4659122e+05   7.8873250e+04
   7.0300000e+01   2.9605112e+05   7.9879086e+04
   7.0400000e+01   3.4551988e+05   8.6964898e+04
   7.0500000e+01   3.9238022e+05   9.9945742e+04
   7.0600000e+01   4.2423384e+05   1.1566332e+05
   7.0700000e+01   4.2830988e+05   1.3269341e+05
   7.0800000e+01   4.0344300e+05   1.5360959e+05
   7.0900000e+01   3.6112928e+05   1.8190008e+05
   7.1000000e+01   3.1396697e+05   2.1647425e+05
   7.1100000e+01   2.6431506e+05   2.4955853e+05
   7.1200000e+01   2.0564428e+05   2.7072903e+05
   7.1300000e+01   1.3440105e+05   2.7379625e+05
   7.1400000e+01   5.8697539e+04   2.6031417e+05
   7.1500000e+01  -5.6180332e+03   2.3673662e+05
   7.1600000e+01  -4.7211824e+04   2.0838716e+05
   7.1700000e+01  -6.7749266e+04   1.7594809e+05
   7.1800000e+01  -7.9285242e+04   1.3680483e+05
   7.1900000e+01  -9.3674891e+04   8.8690250e+04
   7.2000000e+01  -1.1318836e+05   3.2037672e+04
   7.2100000e+01  -1.2956243e+05  -2.9885383e+04
   7.2200000e+01  -1.3167578e+05  -9.1956852e+04
   7.2300000e+01  -1.1519749e+05  -1.4868558e+05
   7.2400000e+01  -8.5957859e+04  -1.9620919e+05
   7.2500000e+01  -5.4493457e+04  -2.3376566e+05
   7.2600000e+01  -2.7874947e+04  -2.6297734e+05
   7.2700000e+01  -7.5297090e+03  -2.8520416e+05
   7.2800000e+01   5.7325771e+03  -2.9964694e+05
   7.2900000e+01   7.7901528e+03  -3.0423588e+05
   7.3000000e+01  -4.3488208e+03  -2.9810222e+05
   7.3100000e+01  -2.4434945e+04  -2.8270466e+05
   7.3200000e+01  -3.7738859e+04  -2.6047297e+05
   7.3300000e+01  -3.4435434e+04  -2.3262117e+05
   7.3400000e+01  -2.2415875e+04  -1.9847248e+05
   7.3500000e+01  -2.3023500e+04  -1.5712844e+05
   7.3600000e+01  -5.0927734e+04  -1.1029152e+05
   7.3700000e+01  -9.8647953e+04  -6.3637539e+04
   7.3800000e+01  -1.4291306e+05  -2.4412682e+04
   7.3900000e+01  -1.6616502e+05   4.0190405e+03
   7.4000000e+01  -1.6988134e+05   2.5794258e+04
   7.4100000e+01  -1.6676023e+05   4.9348266e+04
   7.4200000e+01  -1.6319189e+05   7.8865164e+04
   7.4300000e+01  -1.5256553e+05   1.0885094e+05
   7.4400000e+01  -1.2474380e+05   1.2852812e+05
   7.4500000e+01  -7.8185664e+04   1.3221686e+05
   7.4600000e+01  -2.1137303e+04   1.2447955e+05
   7.4700000e+01   3.6307930e+04   1.1436067e+05
   7.4800000e+01   8.7881945e+04   1.0571013e+05
   7.4900000e+01   1.2945227e+05   9.4921250e+04
   7.5000000e+01   1.5563716e+05   7.7967766e+04
   7.5100000e+01   1.6116994e+05   5.7275113e+04
   7.5200000e+01   1.4557797e+05   3.9888520e+04
   7.5300000e+01   1.1508881e+05   2.9846254e+04
   7.5400000e+01   7.9275336e+04   2.4588463e+04
   7.5500000e+01   4.5584742e+04   1.9202959e+04
   7.5600000e+01   1.5974162e+04   1.2087844e+04
   7.5700000e+01  -1.2729356e+04   4.7376875e+03
   7.5800000e+01  -4.5340211e+04  -2.9178701e+03
   7.5900000e+01  -8.3359578e+04  -1.4303689e+04
   7.6000000e+01  -1.2148494e+05  -3.2358703e+04
   7.6100000e+01  -1.4895730e+05  -5.5253207e+04
   7.6200000e+01  -1.5629391e+05  -7.7141109e+04
   7.6300000e+01  -1.4288372e+05  -9.2469164e+04
   7.6400000e+01  -1.1867805e+05  -9.8470203e+04
   7.6500000e+01  -9.7301023e+04  -9.4452883e+04
   7.6600000e+01  -8.5510781e+04  -8.1331672e+04
   7.6700000e+01  -7.7941320e+04  -6.3002480e+04
   7.6800000e+01  -6.2109074e+04  -4.6194293e+04
   7.6900000e+01  -2.9886920e+04  -3.6150242e+04
   7.7000000e+01   1.4063729e+04  -3.1909555e+04
   7.7100000e+01   5.3926859e+04  -2.7391801e+04
   7.7200000e+01   7.3214281e+04  -1.7959154e+04
   7.7300000e+01   6.6093227e+04  -4.7537422e+03
   7.7400000e+01   4.1297141e+04   8.6038232e+03
   7.7500000e+01   1.5932901e+04   2.2571492e+04
   7.7600000e+01   3.5951067e+03   4.2498297e+04
   7.7700000e+01   5.4219644e+03   7.1676164e+04
   7.7800000e+01   1.1173392e+04   1.0470575e+05
   7.7900000e+01   9.9687295e+03   1.2980718e+05
   7.8000000e+01   1.7212942e+03   1.3869381e+05
   7.8100000e+01  -1.4319385e+03   1.3375006e+05
   7.8200000e+01   1.4268912e+04   1.2489223e+05
   7.8300000e+01   5.1482418e+04   1.1963382e+05
   7.8400000e+01   9.9503719e+04   1.1684048e+05
   7.8500000e+01   1.4453350e+05   1.0983905e+05
   7.8600000e+01   1.8149978e+05   9.4111688e+04
   7.8700000e+01   2.1512528e+05   7.1032438e+04
   7.8800000e+01   2.4987689e+05   4.5430543e+04
   7.8900000e+01   2.8043775e+05   2.2029547e+04
   7.9000000e+01   2.9338191e+05   4.7715532e+03
   7.9100000e+01   2.7845616e+05  -3.2926384e+03
   7.9200000e+01   2.3795798e+05  -3.0374600e+03
   7.9300000e+01   1.8523464e+05  -2.4334756e+03
   7.9400000e+01   1.3444578e+05  -1.3181895e+04
   7.9500000e+01   9.1341969e+04  -4.0444547e+04
   7.9600000e+01   5.2168676e+04  -7.5143781e+04
   7.9700000e+01   9.4739287e+03  -9.8360133e+04
   7.9800000e+01  -4.1387746e+04  -9.5643984e+04
   7.9900000e+01  -9.9468281e+04  -6.8447164e+04
   8.0000000e+01  -1.5920186e+05  -3.2344705e+04
   8.0100000e+01  -2.1332973e+05  -4.2806064e+03
   8.0200000e+01  -2.5652769e+05   9.5468379e+03
   8.0300000e+01  -2.8827022e+05   1.5649835e+04
   8.0400000e+01  -3.1231662e+05   2.5313680e+04
   8.0500000e+01  -3.3174053e+05   4.4722035e+04
   8.0600000e+01  -3.4342750e+05   7.0918703e+04
   8.0700000e+01  -3.3862228e+05   9.5017883e+04
   8.0800000e+01  -3.1084997e+05   1.0804745e+05
   8.0900000e+01  -2.6359656e+05   1.0450745e+05
   8.1000000e+01  -2.0868734e+05   8.3342461e+04
   8.1100000e+01  -1.5604617e+05   4.9167770e+04
   8.1200000e+01  -1.0566570e+05   1.3776988e+04
   8.1300000e+01  -5.0430562e+04  -6.6732021e+03
   8.1400000e+01   1.3844256e+04  -1.5066765e+03
   8.1500000e+01   8.2154602e+04   2.3842467e+04
   8.1600000e+01   1.4310302e+05   4.7884496e+04
   8.1700000e+01   1.8597466e+05   4.7492684e+04
   8.1800000e+01   2.0543816e+05   1.5630918e+04
   8.1900000e+01   2.0284964e+05  -3.3706621e+04
   8.2000000e+01   1.8599931e+05  -7.7599734e+04
   8.2100000e+01   1.6624547e+05  -1.0123996e+05
   8.2200000e+01   1.5138100e+05  -1.0479806e+05
   8.2300000e+01   1.3856741e+05  -9.7495148e+04
   8.2400000e+01   1.1578321e+05  -8.8702031e+04
   8.2500000e+01   7.3417430e+04  -8.4879414e+04
   8.2600000e+01   1.5785467e+04  -9.1000133e+04
   8.2700000e+01  -3.9462312e+04  -1.1011450e+05
   8.2800000e+01  -7.3952938e+04  -1.4004716e+05
   8.2900000e+01  -8.0795547e+04  -1.7259777e+05
   8.3000000e+01  -6.5545758e+04  -1.9856261e+05
   8.3100000e+01  -3.7793660e+04  -2.1439586e+05
   8.3200000e+01  -3.8099922e+03  -2.2362636e+05
   8.3300000e+01   3.3385629e+04  -2.3161867e+05
   8.3400000e+01   6.9975562e+04  -2.3903833e+05
   8.3500000e+01   1.0027468e+05  -2.4012952e+05
   8.3600000e+01   1.2014148e+05  -2.2704841e+05
   8.3700000e+01   1.3004363e+05  -1.9638786e+05
   8.3800000e+01   1.3365044e+05  -1.5245317e+05
   8.3900000e+01   1.3386684e+05  -1.0422938e+05
   8.4000000e+01   1.3133983e+05  -5.8020805e+04
   8.4100000e+01   1.2664609e+05  -1.2177104e+04
   8.4200000e+01   1.2199119e+05   4.0538781e+04
   8.4300000e+01   1.1893809e+05   1.0445909e+05
   8.4400000e+01   1.1479317e+05   1.7467356e+05
   8.4500000e+01   1.0328929e+05   2.3945703e+05
   8.4600000e+01   8.0311336e+04   2.8884847e+05
   8.4700000e+01   4.8655797e+04   3.2034859e+05
   8.4800000e+01   1.6258979e+04   3.3667850e+05
   8.4900000e+01  -1.0271973e+04   3.3989509e+05
   8.5000000e+01  -2.9964895e+04   3.2947888e+05
   8.5100000e+01  -4.6038359e+04   3.0587509e+05
   8.5200000e+01  -6.1849023e+04   2.7377516e+05
   8.5300000e+01  -7.9166164e+04   2.4011314e+05
   8.5400000e+01  -9.9518977e+04   2.0875548e+05
   8.5500000e+01  -1.2541571e+05   1.7811788e+05
   8.5600000e+01  -1.5903209e+05   1.4452023e+05
   8.5700000e+01  -1.9950167e+05   1.0754484e+05
   8.5800000e+01  -2.4176975e+05   7.1531719e+04
   8.5900000e+01  -2.7854506e+05   4.1447621e+04
   8.6000000e+01  -3.0395022e+05   1.7071682e+04
   8.6100000e+01  -3.1571150e+05  -8.5906582e+03
   8.6200000e+01  -3.1397162e+05  -4.4053164e+04
   8.6300000e+01  -2.9845156e+05  -9.0752922e+04
   8.6400000e+01  -2.6792594e+05  -1.3877706e+05
   8.6500000e+01  -2.2323588e+05  -1.7237372e+05
   8.6600000e+01  -1.6967525e+05  -1.8226384e+05
   8.6700000e+01  -1.1398030e+05  -1.7409131e+05
   8.6800000e+01  -5.8011043e+04  -1.6416052e+05
   8.6900000e+01   2.6706865e+03  -1.6526067e+05
   8.7000000e+01   7.1537312e+04  -1.7576395e+05
   8.7100000e+01   1.4277945e+05  -1.8255178e+05
   8.7200000e+01   2.0299672e+05  -1.7433817e+05
   8.7300000e+01   2.4268798e+05  -1.5146312e+05
   8.7400000e+01   2.6441762e+05  -1.2291599e+05
   8.7500000e+01   2.7731822e+05  -9.5838289e+04
   8.7600000e+01   2.8409472e+05  -7.0340766e+04
   8.7700000e+01   2.7648894e+05  -4.4674789e+04
   8.7800000e+01   2.4540667e+05  -2.2472684e+04
   8.7900000e+01   1.9422819e+05  -1.1258358e+04
   8.8000000e+01   1.3964434e+05  -1.2792464e+04
   8.8100000e+01   9.8287898e+04  -1.7088404e+04
   8.8200000e+01   7.2866625e+04  -9.0375938e+03
   8.8300000e+01   5.1640848e+04   1.7643512e+04
   8.8400000e+01   2.1274721e+04   5.3561336e+04
   8.8500000e+01  -1.9549607e+04   8.1637977e+04
   8.8600000e+01  -5.8247383e+04   9.2430711e+04
   8.8700000e+01  -7.9451531e+04   9.1891281e+04
   8.8800000e+01  -7.8766938e+04   9.4620789e+04
   8.8900000e+01  -6.6629117e+04   1.1001555e+05
   8.9000000e+01  -5.8818422e+04   1.3477584e+05
   8.9100000e+01  -6.2464676e+04   1.5791105e+05
   8.9200000e+01  -7.0347820e+04   1.7192427e+05
   8.9300000e+01  -6.8038914e+04   1.7859447e+05
   8.9400000e+01  -4.6413074e+04   1.8409288e+05
   8.9500000e+01  -8.3838828e+03   1.8926677e+05
   8.9600000e+01   3.4241227e+04   1.8583094e+05
   8.9700000e+01   6.8986711e+04   1.6315898e+05
   8.9800000e+01   8.9114703e+04   1.1935170e+05
   8.9900000e+01   9.5287906e+04   6.5419254e+04
   9.0000000e+01   9.3431797e+04   1.8002229e+04
   9.0100000e+01   9.0723906e+04  -1.2534729e+04
   9.0200000e+01   9.1610102e+04  -2.7629305e+04
   9.0300000e+01   9.5857289e+04  -3.5982387e+04
   9.0400000e+01   9.9574891e+04  -4.5435352e+04
   9.0500000e+01   9.7920242e+04  -5.9296098e+04
   9.0600000e+01   8.7432930e+04  -7.7711477e+04
   9.0700000e+01   6.7463773e+04  -9.8975289e+04
   9.0800000e+01   4.1071762e+04  -1.1884817e+05
   9.0900000e+01   1.4361600e+04  -1.3185295e+05
   9.1000000e+01  -7.2029580e+03  -1.3672830e+05
   9.1100000e+01  -2.3466207e+04  -1.4024991e+05
   9.1200000e+01  -3.9816539e+04  -1.5207161e+05
   9.1300000e+01  -6.1097133e+04  -1.7353252e+05
   9.1400000e+01  -8.5557000e+04  -1.9334991e+05
   9.1500000e+01  -1.0698790e+05  -1.9772823e+05
   9.1600000e+01  -1.2355718e+05  -1.8547469e+05
   9.1700000e+01  -1.4201752e+05  -1.7085739e+05
   9.1800000e+01  -1.7018220e+05  -1.6962278e+05
   9.1900000e+01  -2.0543469e+05  -1.8283528e+05
   9.2000000e+01  -2.3357756e+05  -1.9591638e+05
   9.2100000e+01  -2.4078436e+05  -1.9310541e+05
   9.2200000e+01  -2.2565956e+05  -1.7103325e+05
   9.2300000e+01  -1.9836278e+05  -1.3798280e+05
   9.2400000e+01  -1.6919220e+05  -1.0254548e+05
   9.2500000e+01  -1.4023234e+05  -6.5845391e+04
   9.2600000e+01  -1.0772212e+05  -2.4714695e+04
   9.2700000e+01  -6.9231805e+04   2.0387328e+04
   9.2800000e+01  -2.5951484e+04   6.3002699e+04
   9.2900000e+01   2.0957822e+04   9.6031711e+04
   9.3000000e+01   7.2900008e+04   1.1807250e+05
   9.3100000e+01   1.3067123e+05   1.3410250e+05
   9.3200000e+01   1.8945889e+05   1.5076903e+05
   9.3300000e+01   2.3920427e+05   1.7130591e+05
   9.3400000e+01   2.7177162e+05   1.9365744e+05
   9.3500000e+01   2.8814131e+05   2.1166883e+05
   9.3600000e+01   2.9724722e+05   2.1791045e+05
   9.3700000e+01   3.0571250e+05   2.0736050e+05
   9.3800000e+01   3.0789259e+05   1.8072333e+05
   9.3900000e+01   2.8757041e+05   1.4479144e+05
   9.4000000e+01   2.3221786e+05   1.0833769e+05
   9.4100000e+01   1.4704070e+05   7.6215430e+04
   9.4200000e+01   5.4145988e+04   4.7105332e+04
   9.4300000e+01  -2.3739492e+04   1.7359723e+04
   9.4400000e+01  -7.9526039e+04  -1.2941014e+04
   9.4500000e+01  -1.2240546e+05  -3.8138602e+04
   9.4600000e+01  -1.6377889e+05  -5.1297523e+04
   9.4700000e+01  -2.0418522e+05  -5.0112609e+04
   9.4800000e+01  -2.3399686e+05  -3.8581547e+04
   9.4900000e+01  -2.4454227e+05  -2.3411865e+04
   9.5000000e+01  -2.3604080e+05  -9.2717383e+03
   9.5100000e+01  -2.1487488e+05   2.7375544e+03
   9.5200000e+01  -1.8614353e+05   1.2918591e+04
   9.5300000e+01  -1.5173767e+05   2.0179715e+04
   9.5400000e+01  -1.1538808e+05   2.1691547e+04
   9.5500000e+01  -8.6201188e+04   1.5315510e+04
   9.5600000e+01  -7.3655789e+04   2.3960791e+03
   9.5700000e+01  -7.8080234e+04  -1.1863415e+04
   9.5800000e+01  -8.7683125e+04  -2.1099445e+04
   9.5900000e+01  -8.7271156e+04  -2.1570830e+04
   9.6000000e+01  -7.1200742e+04  -1.4282844e+04
   9.6100000e+01  -4.8121098e+04  -4.3514165e+03
   9.6200000e+01  -3.3209402e+04   1.4462974e+03
   9.6300000e+01  -3.5710473e+04  -2.4355022e+03
   9.6400000e+01  -5.2978500e+04  -1.7629816e+04
   9.6500000e+01  -7.4732320e+04  -4.0149645e+04
   9.6600000e+01  -9.1848891e+04  -6.1380863e+04
   9.6700000e+01  -1.0155784e+05  -7.2834102e+04
   9.6800000e+01  -1.0574475e+05  -7.2324719e+04
   9.6900000e+01  -1.0551772e+05  -6.6370430e+04
   9.7000000e+01  -9.8070711e+04  -6.5567695e+04
   9.7100000e+01  -7.9454406e+04  -7.5915016e+04
   9.7200000e+01  -5.0879930e+04  -9.3341086e+04
   9.7300000e+01  -2.1659244e+04  -1.0617273e+05
   9.7400000e+01  -4.1552012e+03  -1.0332850e+05
   9.7500000e+01  -4.2943857e+03  -8.1617719e+04
   9.7600000e+01  -1.6682393e+04  -4.7206934e+04
   9.7700000e+01  -2.9115512e+04  -1.1155348e+04
   9.7800000e+01  -3.1634230e+04   1.7596676e+04
   9.7900000e+01  -2.1513543e+04   3.7470648e+04
   9.8000000e+01  -1.5151384e+03   5.4212898e+04
   9.8100000e+01   2.4093000e+04   7.5029242e+04
   9.8200000e+01   5.1417688e+04   1.0127970e+05
   9.8300000e+01   7.7322133e+04   1.2670448e+05
   9.8400000e+01   1.0033577e+05   1.4361592e+05
   9.8500000e+01   1.2108231e+05   1.5084406e+05
   9.8600000e+01   1.4032694e+05   1.5452131e+05
   9.8700000e+01   1.5637222e+05   1.6062733e+05
   9.8800000e+01   1.6554167e+05   1.6792136e+05
   9.8900000e+01   1.6556958e+05   1.6937408e+05
   9.9000000e+01   1.5734769e+05   1.6002889e+05
   9.9100000e+01   1.4277859e+05   1.4222908e+05
   9.9200000e+01   1.2246641e+05   1.2339330e+05
   9.9300000e+01   9.7389125e+04   1.1017168e+05
   9.9400000e+01   7.2343891e+04   1.0481309e+05
   9.9500000e+01   5.5153391e+04   1.0481337e+05
   9.9600000e+01   5.0496719e+04   1.0406525e+05
   9.9700000e+01   5.4564172e+04   9.5638477e+04
   9.9800000e+01   5.6919461e+04   7.6409398e+04
   9.9900000e+01   4.8948270e+04   4.9261039e+04
   1.0000000e+02   3.1662197e+04   1.9182383e+04
