   1.1851270e+02   3.6301420e+01   1.8450000e+02
   1.1853231e+02   3.6350462e+01   1.3530000e+02
   0.0000000e+00  -3.1933598e+06  -3.1933598e+06
   1.0000000e-01  -4.3465325e+06  -1.9385701e+06
   2.0000000e-01  -5.2892490e+06  -6.8790238e+05
   3.0000000e-01  -5.9864585e+06   5.0211916e+05
   4.0000000e-01  -6.4796100e+06   1.5798314e+06
   5.0000000e-01  -6.8177205e+06   2.4460480e+06
   6.0000000e-01  -7.0128150e+06   3.0023145e+06
   7.0000000e-01  -7.0639910e+06   3.2618368e+06
   8.0000000e-01  -6.9875845e+06   3.3675522e+06
   9.0000000e-01  -6.7917675e+06   3.4574668e+06
   1.0000000e+00  -6.4329560e+06   3.5194852e+06
   1.1000000e+00  -5.8326365e+06   3.4157890e+06
   1.2000000e+00  -4.9527595e+06   3.0615380e+06
   1.3000000e+00  -3.8432908e+06   2.5526140e+06
   1.4000000e+00  -2.6081252e+06   2.0930152e+06
   1.5000000e+00  -1.3370325e+06   1.8060955e+06
   1.6000000e+00  -8.2294555e+04   1.6397301e+06
   1.7000000e+00   1.1134275e+06   1.4543808e+06
   1.8000000e+00   2.1984572e+06   1.1804496e+06
   1.9000000e+00   3.1353215e+06   8.8460150e+05
   2.0000000e+00   3.9242822e+06   7.0906038e+05
   2.1000000e+00   4.5765005e+06   7.6394100e+05
   2.2000000e+00   5.0602280e+06   1.0518380e+06
   2.3000000e+00   5.2986965e+06   1.4567562e+06
   2.4000000e+00   5.2474025e+06   1.8141746e+06
   2.5000000e+00   4.9716230e+06   2.0451661e+06
   2.6000000e+00   4.6207590e+06   2.2433240e+06
   2.7000000e+00   4.3055420e+06   2.5775988e+06
   2.8000000e+00   4.0069455e+06   3.0536298e+06
   2.9000000e+00   3.6239698e+06   3.4053000e+06
   3.0000000e+00   3.1102350e+06   3.3197935e+06
   3.1000000e+00   2.5418072e+06   2.8018055e+06
   3.2000000e+00   2.0386001e+06   2.2294512e+06
   3.3000000e+00   1.6364300e+06   1.9595518e+06
   3.4000000e+00   1.2618164e+06   1.9101919e+06
   3.5000000e+00   8.3204762e+05   1.6451641e+06
   3.6000000e+00   3.5457984e+05   9.0000506e+05
   3.7000000e+00  -8.6763953e+04  -7.6871719e+04
   3.8000000e+00  -4.2700288e+05  -7.9344775e+05
   3.9000000e+00  -6.7665644e+05  -1.0700026e+06
   4.0000000e+00  -8.8495550e+05  -1.2083891e+06
   4.1000000e+00  -1.0724020e+06  -1.5940265e+06
   4.2000000e+00  -1.2175959e+06  -2.2421258e+06
   4.3000000e+00  -1.3007328e+06  -2.8218312e+06
   4.4000000e+00  -1.3371944e+06  -3.0703945e+06
   4.5000000e+00  -1.3601032e+06  -3.0663165e+06
   4.6000000e+00  -1.3828958e+06  -3.0760088e+06
   4.7000000e+00  -1.3944900e+06  -3.2269220e+06
   4.8000000e+00  -1.3897849e+06  -3.4057090e+06
   4.9000000e+00  -1.3885019e+06  -3.4401652e+06
   5.0000000e+00  -1.4114352e+06  -3.2970260e+06
   5.1000000e+00  -1.4426960e+06  -3.0831618e+06
   5.2000000e+00  -1.4306708e+06  -2.9093470e+06
   5.3000000e+00  -1.3348912e+06  -2.7981328e+06
   5.4000000e+00  -1.1666279e+06  -2.7058050e+06
   5.5000000e+00  -9.7450369e+05  -2.5875228e+06
   5.6000000e+00  -7.9166675e+05  -2.4254672e+06
   5.7000000e+00  -6.0725375e+05  -2.2156538e+06
   5.8000000e+00  -3.9367412e+05  -1.9522292e+06
   5.9000000e+00  -1.5232966e+05  -1.6301998e+06
   6.0000000e+00   7.9328914e+04  -1.2567944e+06
   6.1000000e+00   2.6477334e+05  -8.5388288e+05
   6.2000000e+00   4.0024419e+05  -4.4603581e+05
   6.3000000e+00   5.0317091e+05  -4.5114219e+04
   6.4000000e+00   5.7674088e+05   3.5243562e+05
   6.5000000e+00   5.9921006e+05   7.5308044e+05
   6.6000000e+00   5.5243194e+05   1.1548288e+06
   6.7000000e+00   4.5323356e+05   1.5505515e+06
   6.8000000e+00   3.4737412e+05   1.9357379e+06
   6.9000000e+00   2.7136359e+05   2.3019018e+06
   7.0000000e+00   2.2557570e+05   2.6220078e+06
   7.1000000e+00   1.8812377e+05   2.8561888e+06
   7.2000000e+00   1.5106877e+05   2.9833718e+06
   7.3000000e+00   1.3519864e+05   3.0224865e+06
   7.4000000e+00   1.6558031e+05   3.0105460e+06
   7.5000000e+00   2.3676056e+05   2.9593880e+06
   7.6000000e+00   3.0983712e+05   2.8449540e+06
   7.7000000e+00   3.4778406e+05   2.6430848e+06
   7.8000000e+00   3.5116444e+05   2.3656828e+06
   7.9000000e+00   3.5464512e+05   2.0534358e+06
   8.0000000e+00   3.8780250e+05   1.7408848e+06
   8.1000000e+00   4.4230666e+05   1.4409675e+06
   8.2000000e+00   4.7861338e+05   1.1593006e+06
   8.3000000e+00   4.6157619e+05   9.0428438e+05
   8.4000000e+00   3.8685722e+05   6.7403881e+05
   8.5000000e+00   2.7607116e+05   4.4719581e+05
   8.6000000e+00   1.5349294e+05   2.0489556e+05
   8.7000000e+00   3.0044346e+04  -3.8934836e+04
   8.8000000e+00  -9.6093250e+04  -2.4551334e+05
   8.9000000e+00  -2.3145192e+05  -3.9754959e+05
   9.0000000e+00  -3.8122338e+05  -5.2803525e+05
   9.1000000e+00  -5.4508756e+05  -6.9026081e+05
   9.2000000e+00  -7.1311200e+05  -8.9948294e+05
   9.3000000e+00  -8.6530825e+05  -1.1132814e+06
   9.4000000e+00  -9.7815181e+05  -1.2729046e+06
   9.5000000e+00  -1.0339389e+06  -1.3592576e+06
   9.6000000e+00  -1.0259094e+06  -1.4059451e+06
   9.7000000e+00  -9.5813962e+05  -1.4624202e+06
   9.8000000e+00  -8.4403625e+05  -1.5479784e+06
   9.9000000e+00  -7.0349062e+05  -1.6359968e+06
   1.0000000e+01  -5.5479462e+05  -1.6741885e+06
   1.0100000e+01  -4.0358309e+05  -1.6207492e+06
   1.0200000e+01  -2.4017625e+05  -1.4719692e+06
   1.0300000e+01  -5.2546656e+04  -1.2645840e+06
   1.0400000e+01   1.5508998e+05  -1.0503894e+06
   1.0500000e+01   3.5744266e+05  -8.6036988e+05
   1.0600000e+01   5.2358141e+05  -6.8748812e+05
   1.0700000e+01   6.3737369e+05  -5.0406041e+05
   1.0800000e+01   7.0278300e+05  -2.9773591e+05
   1.0900000e+01   7.3154350e+05  -9.1221320e+04
   1.1000000e+01   7.2938888e+05   7.3295633e+04
   1.1100000e+01   6.9545000e+05   1.6932011e+05
   1.1200000e+01   6.3189031e+05   2.0705264e+05
   1.1300000e+01   5.4962906e+05   2.2150448e+05
   1.1400000e+01   4.6301581e+05   2.4012708e+05
   1.1500000e+01   3.8055416e+05   2.6004562e+05
   1.1600000e+01   3.0234609e+05   2.5498206e+05
   1.1700000e+01   2.2533064e+05   2.0456042e+05
   1.1800000e+01   1.4829275e+05   1.1833175e+05
   1.1900000e+01   7.1276242e+04   3.2130094e+04
   1.2000000e+01  -6.6508774e+03  -1.9021484e+04
   1.2100000e+01  -8.4855070e+04  -2.4887602e+04
   1.2200000e+01  -1.5546745e+05   1.0898848e+03
   1.2300000e+01  -2.0354052e+05   4.3514531e+04
   1.2400000e+01  -2.1697791e+05   1.0296384e+05
   1.2500000e+01  -1.9731070e+05   1.9245303e+05
   1.2600000e+01  -1.5823477e+05   3.1854369e+05
   1.2700000e+01  -1.1121168e+05   4.6786862e+05
   1.2800000e+01  -5.3271246e+04   6.1227638e+05
   1.2900000e+01   2.8341986e+04   7.2675506e+05
   1.3000000e+01   1.3838803e+05   8.0318106e+05
   1.3100000e+01   2.6190250e+05   8.4848562e+05
   1.3200000e+01   3.7161672e+05   8.7111575e+05
   1.3300000e+01   4.4678256e+05   8.7032225e+05
   1.3400000e+01   4.8438847e+05   8.3890788e+05
   1.3500000e+01   4.9403491e+05   7.7524200e+05
   1.3600000e+01   4.8550281e+05   6.8989331e+05
   1.3700000e+01   4.6238053e+05   5.9841381e+05
   1.3800000e+01   4.2410334e+05   5.0830462e+05
   1.3900000e+01   3.6887112e+05   4.1534312e+05
   1.4000000e+01   2.9272375e+05   3.1286022e+05
   1.4100000e+01   1.8869492e+05   2.0164709e+05
   1.4200000e+01   5.1212031e+04   8.8561070e+04
   1.4300000e+01  -1.1661109e+05  -2.2012973e+04
   1.4400000e+01  -3.0066228e+05  -1.3002252e+05
   1.4500000e+01  -4.8218312e+05  -2.3159077e+05
   1.4600000e+01  -6.4724950e+05  -3.1378591e+05
   1.4700000e+01  -7.9009675e+05  -3.6358256e+05
   1.4800000e+01  -9.0715019e+05  -3.8291256e+05
   1.4900000e+01  -9.8877988e+05  -3.9051469e+05
   1.5000000e+01  -1.0194847e+06  -4.0536916e+05
   1.5100000e+01  -9.8930456e+05  -4.2942234e+05
   1.5200000e+01  -9.0619056e+05  -4.4935462e+05
   1.5300000e+01  -7.9491838e+05  -4.5458819e+05
   1.5400000e+01  -6.8010656e+05  -4.4976106e+05
   1.5500000e+01  -5.6843475e+05  -4.4795616e+05
   1.5600000e+01  -4.4828662e+05  -4.5480106e+05
   1.5700000e+01  -3.0769484e+05  -4.6297816e+05
   1.5800000e+01  -1.5171667e+05  -4.6206984e+05
   1.5900000e+01  -1.0948892e+03  -4.5058609e+05
   1.6000000e+01   1.2514199e+05  -4.3702019e+05
   1.6100000e+01   2.2371962e+05  -4.3098150e+05
   1.6200000e+01   3.0415403e+05  -4.3464625e+05
   1.6300000e+01   3.7461547e+05  -4.4104000e+05
   1.6400000e+01   4.3257747e+05  -4.3814872e+05
   1.6500000e+01   4.6822650e+05  -4.1543759e+05
   1.6600000e+01   4.7502766e+05  -3.6996147e+05
   1.6700000e+01   4.5722147e+05  -3.0856209e+05
   1.6800000e+01   4.2904719e+05  -2.4326444e+05
   1.6900000e+01   4.0717591e+05  -1.8231550e+05
   1.7000000e+01   4.0172084e+05  -1.2457162e+05
   1.7100000e+01   4.1214444e+05  -6.2438434e+04
   1.7200000e+01   4.3119431e+05   1.0110565e+04
   1.7300000e+01   4.5278562e+05   9.2600711e+04
   1.7400000e+01   4.7524322e+05   1.7982648e+05
   1.7500000e+01   4.9674478e+05   2.6645769e+05
   1.7600000e+01   5.1040894e+05   3.4898597e+05
   1.7700000e+01   5.0798566e+05   4.2414881e+05
   1.7800000e+01   4.8928250e+05   4.8720450e+05
   1.7900000e+01   4.6423816e+05   5.3280144e+05
   1.8000000e+01   4.4163053e+05   5.5766262e+05
   1.8100000e+01   4.1597094e+05   5.6234194e+05
   1.8200000e+01   3.6925766e+05   5.5067644e+05
   1.8300000e+01   2.8814091e+05   5.2820744e+05
   1.8400000e+01   1.7858825e+05   5.0145034e+05
   1.8500000e+01   6.2279453e+04   4.7763534e+05
   1.8600000e+01  -4.0891707e+04   4.6250769e+05
   1.8700000e+01  -1.2601497e+05   4.5573988e+05
   1.8800000e+01  -2.0116727e+05   4.4812159e+05
   1.8900000e+01  -2.7625016e+05   4.2559066e+05
   1.9000000e+01  -3.5508941e+05   3.7902881e+05
   1.9100000e+01  -4.3538584e+05   3.1147872e+05
   1.9200000e+01  -5.1203366e+05   2.3527431e+05
   1.9300000e+01  -5.7905338e+05   1.6102361e+05
   1.9400000e+01  -6.3034525e+05   8.8589414e+04
   1.9500000e+01  -6.6140581e+05   8.4797676e+03
   1.9600000e+01  -6.7165119e+05  -8.7420992e+04
   1.9700000e+01  -6.6473056e+05  -1.9481470e+05
   1.9800000e+01  -6.4536794e+05  -2.9506638e+05
   1.9900000e+01  -6.1478031e+05  -3.6531912e+05
   2.0000000e+01  -5.6926150e+05  -3.9438247e+05
   2.0100000e+01  -5.0487822e+05  -3.9197059e+05
   2.0200000e+01  -4.2514666e+05  -3.8192381e+05
   2.0300000e+01  -3.4334828e+05  -3.8312144e+05
   2.0400000e+01  -2.7432647e+05  -3.9451544e+05
   2.0500000e+01  -2.2177402e+05  -3.9871484e+05
   2.0600000e+01  -1.7436353e+05  -3.8081116e+05
   2.0700000e+01  -1.1686812e+05  -3.4337362e+05
   2.0800000e+01  -4.6310527e+04  -3.0273778e+05
   2.0900000e+01   2.3717117e+04  -2.7188572e+05
   2.1000000e+01   7.6049773e+04  -2.4876341e+05
   2.1100000e+01   1.0789010e+05  -2.2115853e+05
   2.1200000e+01   1.3609719e+05  -1.8059938e+05
   2.1300000e+01   1.8438206e+05  -1.2979638e+05
   2.1400000e+01   2.6344200e+05  -7.7854961e+04
   2.1500000e+01   3.6078050e+05  -3.1136846e+04
   2.1600000e+01   4.4871203e+05   1.0175562e+04
   2.1700000e+01   5.0460316e+05   4.8560324e+04
   2.1800000e+01   5.2733131e+05   8.4866195e+04
   2.1900000e+01   5.3584506e+05   1.1784046e+05
   2.2000000e+01   5.4998444e+05   1.4586286e+05
   2.2100000e+01   5.7019000e+05   1.6698352e+05
   2.2200000e+01   5.7574738e+05   1.7705895e+05
   2.2300000e+01   5.4484900e+05   1.6999531e+05
   2.2400000e+01   4.7793791e+05   1.4286969e+05
   2.2500000e+01   4.0106450e+05   1.0233080e+05
   2.2600000e+01   3.4496006e+05   6.4197535e+04
   2.2700000e+01   3.1956894e+05   4.2684859e+04
   2.2800000e+01   3.0794003e+05   3.7326418e+04
   2.2900000e+01   2.8365781e+05   3.2057352e+04
   2.3000000e+01   2.3347602e+05   1.1323896e+04
   2.3100000e+01   1.6429050e+05  -2.0990893e+04
   2.3200000e+01   9.1430641e+04  -4.1111754e+04
   2.3300000e+01   2.3123766e+04  -2.7506221e+04
   2.3400000e+01  -4.3711750e+04   1.5753053e+04
   2.3500000e+01  -1.1556122e+05   5.9976387e+04
   2.3600000e+01  -1.9333039e+05   7.7989141e+04
   2.3700000e+01  -2.7125056e+05   6.8952406e+04
   2.3800000e+01  -3.4200428e+05   5.6588074e+04
   2.3900000e+01  -4.0043247e+05   6.3575555e+04
   2.4000000e+01  -4.4238828e+05   8.8378602e+04
   2.4100000e+01  -4.6283103e+05   1.0598288e+05
   2.4200000e+01  -4.5837091e+05   8.9784844e+04
   2.4300000e+01  -4.3294478e+05   3.4274586e+04
   2.4400000e+01  -3.9933494e+05  -3.9475109e+04
   2.4500000e+01  -3.7184706e+05  -9.8449406e+04
   2.4600000e+01  -3.5498153e+05  -1.2101294e+05
   2.4700000e+01  -3.3900894e+05  -1.1162292e+05
   2.4800000e+01  -3.0806566e+05  -9.5332227e+04
   2.4900000e+01  -2.5403506e+05  -9.5904977e+04
   2.5000000e+01  -1.8313316e+05  -1.1585189e+05
   2.5100000e+01  -1.0929716e+05  -1.3591922e+05
   2.5200000e+01  -4.1773070e+04  -1.3379791e+05
   2.5300000e+01   2.0648779e+04  -1.0400192e+05
   2.5400000e+01   8.4288023e+04  -6.1210828e+04
   2.5500000e+01   1.5095655e+05  -2.6281818e+04
   2.5600000e+01   2.1363319e+05  -9.0801191e+03
   2.5700000e+01   2.6043125e+05  -2.0703215e+03
   2.5800000e+01   2.8251253e+05   1.2299563e+04
   2.5900000e+01   2.7961244e+05   4.7204668e+04
   2.6000000e+01   2.5935178e+05   1.0022581e+05
   2.6100000e+01   2.3070703e+05   1.5337605e+05
   2.6200000e+01   1.9649942e+05   1.8539936e+05
   2.6300000e+01   1.5170942e+05   1.8748733e+05
   2.6400000e+01   9.0023609e+04   1.6896191e+05
   2.6500000e+01   1.2485050e+04   1.4753095e+05
   2.6600000e+01  -7.0916297e+04   1.3369323e+05
   2.6700000e+01  -1.4814673e+05   1.2460164e+05
   2.6800000e+01  -2.1223964e+05   1.1194564e+05
   2.6900000e+01  -2.6145125e+05   9.3421594e+04
   2.7000000e+01  -2.9558356e+05   7.5304062e+04
   2.7100000e+01  -3.1585125e+05   6.5330305e+04
   2.7200000e+01  -3.2741416e+05   6.5315391e+04
   2.7300000e+01  -3.3628622e+05   7.0734039e+04
   2.7400000e+01  -3.3959203e+05   7.5630352e+04
   2.7500000e+01  -3.2143494e+05   7.7290250e+04
   2.7600000e+01  -2.6469219e+05   7.7921875e+04
   2.7700000e+01  -1.6981189e+05   8.3258141e+04
   2.7800000e+01  -5.9462984e+04   9.7885562e+04
   2.7900000e+01   3.8577344e+04   1.1878958e+05
   2.8000000e+01   1.1324027e+05   1.3314045e+05
   2.8100000e+01   1.7443616e+05   1.2615054e+05
   2.8200000e+01   2.3807992e+05   9.5078805e+04
   2.8300000e+01   3.1031141e+05   5.5358594e+04
   2.8400000e+01   3.8568450e+05   2.8964465e+04
   2.8500000e+01   4.5520578e+05   2.3135492e+04
   2.8600000e+01   5.1151775e+05   2.0347430e+04
   2.8700000e+01   5.4778512e+05  -8.3589863e+03
   2.8800000e+01   5.5723656e+05  -7.7570906e+04
   2.8900000e+01   5.3742650e+05  -1.7317716e+05
   2.9000000e+01   4.9388991e+05  -2.6292481e+05
   2.9100000e+01   4.3693722e+05  -3.2221312e+05
   2.9200000e+01   3.7396062e+05  -3.5245466e+05
   2.9300000e+01   3.0554347e+05  -3.7697859e+05
   2.9400000e+01   2.2939639e+05  -4.1891569e+05
   2.9500000e+01   1.4767705e+05  -4.7982897e+05
   2.9600000e+01   7.0073602e+04  -5.3648244e+05
   2.9700000e+01   9.1327490e+03  -5.5806431e+05
   2.9800000e+01  -2.8966350e+04  -5.2938981e+05
   2.9900000e+01  -5.0632738e+04  -4.6086656e+05
   3.0000000e+01  -7.1574766e+04  -3.7777206e+05
   3.0100000e+01  -1.0468511e+05  -2.9935912e+05
   3.0200000e+01  -1.4867977e+05  -2.2596239e+05
   3.0300000e+01  -1.8869283e+05  -1.4333820e+05
   3.0400000e+01  -2.0995131e+05  -3.8046441e+04
   3.0500000e+01  -2.1229889e+05   8.9577977e+04
   3.0600000e+01  -2.1139228e+05   2.2344480e+05
   3.0700000e+01  -2.2555195e+05   3.3994681e+05
   3.0800000e+01  -2.6172583e+05   4.1991500e+05
   3.0900000e+01  -3.1368472e+05   4.5729353e+05
   3.1000000e+01  -3.7133016e+05   4.6032366e+05
   3.1100000e+01  -4.2886988e+05   4.4542097e+05
   3.1200000e+01  -4.8388900e+05   4.2789488e+05
   3.1300000e+01  -5.3196512e+05   4.1460006e+05
   3.1400000e+01  -5.6601131e+05   4.0161550e+05
   3.1500000e+01  -5.8133075e+05   3.7783666e+05
   3.1600000e+01  -5.7868825e+05   3.3366172e+05
   3.1700000e+01  -5.6053700e+05   2.7045544e+05
   3.1800000e+01  -5.2556356e+05   2.0262409e+05
   3.1900000e+01  -4.6959766e+05   1.4715081e+05
   3.2000000e+01  -3.9231844e+05   1.0756038e+05
   3.2100000e+01  -3.0073475e+05   6.8685609e+04
   3.2200000e+01  -2.0396630e+05   1.0819943e+04
   3.2300000e+01  -1.0514309e+05  -6.8852977e+04
   3.2400000e+01  -4.3224414e+02  -1.5010202e+05
   3.2500000e+01   1.1330021e+05  -2.0669825e+05
   3.2600000e+01   2.3108998e+05  -2.2951762e+05
   3.2700000e+01   3.4114138e+05  -2.3167834e+05
   3.2800000e+01   4.3316928e+05  -2.3131661e+05
   3.2900000e+01   5.0520838e+05  -2.3134186e+05
   3.3000000e+01   5.6329900e+05  -2.1717953e+05
   3.3100000e+01   6.1583975e+05  -1.7307466e+05
   3.3200000e+01   6.6742869e+05  -9.8825531e+04
   3.3300000e+01   7.1512050e+05  -1.0856907e+04
   3.3400000e+01   7.4843681e+05   7.1081172e+04
   3.3500000e+01   7.5438744e+05   1.3750262e+05
   3.3600000e+01   7.2636438e+05   1.9180867e+05
   3.3700000e+01   6.7063725e+05   2.4232148e+05
   3.3800000e+01   6.0316406e+05   2.9178266e+05
   3.3900000e+01   5.3724675e+05   3.3193012e+05
   3.4000000e+01   4.7262872e+05   3.4659178e+05
   3.4100000e+01   3.9684684e+05   3.2221688e+05
   3.4200000e+01   2.9794019e+05   2.5948434e+05
   3.4300000e+01   1.7631872e+05   1.7596684e+05
   3.4400000e+01   4.5196039e+04   9.4482508e+04
   3.4500000e+01  -7.9062102e+04   2.5251955e+04
   3.4600000e+01  -1.8679547e+05  -4.0678852e+04
   3.4700000e+01  -2.7784525e+05  -1.1799480e+05
   3.4800000e+01  -3.5772375e+05  -2.0618027e+05
   3.4900000e+01  -4.3120838e+05  -2.8390322e+05
   3.5000000e+01  -4.9657612e+05  -3.2644188e+05
   3.5100000e+01  -5.4355862e+05  -3.2861338e+05
   3.5200000e+01  -5.5843688e+05  -3.0905619e+05
   3.5300000e+01  -5.3532194e+05  -2.9172538e+05
   3.5400000e+01  -4.8472119e+05  -2.8421725e+05
   3.5500000e+01  -4.2922006e+05  -2.7393300e+05
   3.5600000e+01  -3.8720591e+05  -2.4295611e+05
   3.5700000e+01  -3.5890019e+05  -1.8485703e+05
   3.5800000e+01  -3.2848756e+05  -1.0887564e+05
   3.5900000e+01  -2.8054478e+05  -3.2087076e+04
   3.6000000e+01  -2.1505830e+05   3.0285252e+04
   3.6100000e+01  -1.4806806e+05   6.9575383e+04
   3.6200000e+01  -9.9804391e+04   8.4167094e+04
   3.6300000e+01  -8.2067695e+04   7.8491695e+04
   3.6400000e+01  -9.3245797e+04   6.0365320e+04
   3.6500000e+01  -1.2069204e+05   3.6017168e+04
   3.6600000e+01  -1.4677439e+05   5.9358184e+03
   3.6700000e+01  -1.5655714e+05  -3.3440551e+04
   3.6800000e+01  -1.4500966e+05  -8.2073305e+04
   3.6900000e+01  -1.1909672e+05  -1.3009547e+05
   3.7000000e+01  -9.1468570e+04  -1.6117994e+05
   3.7100000e+01  -6.9737062e+04  -1.6485481e+05
   3.7200000e+01  -5.0704680e+04  -1.4687902e+05
   3.7300000e+01  -2.4667025e+04  -1.2641014e+05
   3.7400000e+01   1.5192402e+04  -1.2024350e+05
   3.7500000e+01   6.7761180e+04  -1.2749991e+05
   3.7600000e+01   1.2683614e+05  -1.2951384e+05
   3.7700000e+01   1.8677994e+05  -1.0644608e+05
   3.7800000e+01   2.4455264e+05  -5.5933441e+04
   3.7900000e+01   2.9753309e+05   4.0598657e+03
   3.8000000e+01   3.4146528e+05   5.1552707e+04
   3.8100000e+01   3.7158184e+05   8.0509945e+04
   3.8200000e+01   3.8544797e+05   1.0487140e+05
   3.8300000e+01   3.8410466e+05   1.4284931e+05
   3.8400000e+01   3.7014600e+05   1.9749034e+05
   3.8500000e+01   3.4464031e+05   2.5266111e+05
   3.8600000e+01   3.0615109e+05   2.8733925e+05
   3.8700000e+01   2.5338811e+05   2.9328716e+05
   3.8800000e+01   1.8927455e+05   2.7996269e+05
   3.8900000e+01   1.2176297e+05   2.6469297e+05
   3.9000000e+01   5.9214688e+04   2.5912794e+05
   3.9100000e+01   4.4826079e+03   2.6302978e+05
   3.9200000e+01  -4.5187820e+04   2.6753356e+05
   3.9300000e+01  -9.1155625e+04   2.6300853e+05
   3.9400000e+01  -1.2727438e+05   2.4589645e+05
   3.9500000e+01  -1.4338711e+05   2.2108666e+05
   3.9600000e+01  -1.3620412e+05   1.9856862e+05
   3.9700000e+01  -1.1516567e+05   1.8596967e+05
   3.9800000e+01  -9.5099180e+04   1.8197928e+05
   3.9900000e+01  -8.2576609e+04   1.7618103e+05
   4.0000000e+01  -7.0954172e+04   1.5619878e+05
   4.0100000e+01  -4.9839969e+04   1.1666477e+05
   4.0200000e+01  -1.8694307e+04   6.2574230e+04
   4.0300000e+01   1.0104915e+04   4.4136855e+03
   4.0400000e+01   2.1741801e+04  -5.0218754e+04
   4.0500000e+01   1.1959227e+04  -1.0074167e+05
   4.0600000e+01  -1.0125398e+04  -1.5003450e+05
   4.0700000e+01  -3.1135230e+04  -1.9770683e+05
   4.0800000e+01  -4.4832836e+04  -2.3830703e+05
   4.0900000e+01  -5.5121891e+04  -2.6723362e+05
   4.1000000e+01  -6.9068195e+04  -2.8771300e+05
   4.1100000e+01  -8.8047234e+04  -3.0962725e+05
   4.1200000e+01  -1.0599756e+05  -3.3963659e+05
   4.1300000e+01  -1.1549591e+05  -3.7283469e+05
   4.1400000e+01  -1.1416451e+05  -3.9583506e+05
   4.1500000e+01  -1.0478679e+05  -3.9886641e+05
   4.1600000e+01  -9.0743547e+04  -3.8415428e+05
   4.1700000e+01  -7.3453164e+04  -3.6188625e+05
   4.1800000e+01  -5.4389707e+04  -3.3867534e+05
   4.1900000e+01  -3.7289078e+04  -3.1082272e+05
   4.2000000e+01  -2.6136465e+04  -2.6839203e+05
   4.2100000e+01  -2.1086582e+04  -2.0490534e+05
   4.2200000e+01  -1.7943309e+04  -1.2379389e+05
   4.2300000e+01  -1.2276342e+04  -3.7739594e+04
   4.2400000e+01  -3.2297559e+03   3.7335641e+04
   4.2500000e+01   7.1982153e+03   9.0305203e+04
   4.2600000e+01   1.7694488e+04   1.2122698e+05
   4.2700000e+01   2.9324361e+04   1.4141138e+05
   4.2800000e+01   4.3780852e+04   1.6480133e+05
   4.2900000e+01   6.0709723e+04   1.9594797e+05
   4.3000000e+01   7.7000797e+04   2.2551878e+05
   4.3100000e+01   8.8607133e+04   2.3884673e+05
   4.3200000e+01   9.3575672e+04   2.2984934e+05
   4.3300000e+01   9.4140945e+04   2.0648191e+05
   4.3400000e+01   9.5628641e+04   1.8281141e+05
   4.3500000e+01   1.0180331e+05   1.6682544e+05
   4.3600000e+01   1.1017039e+05   1.5616122e+05
   4.3700000e+01   1.1245570e+05   1.4390266e+05
   4.3800000e+01   1.0125091e+05   1.2651523e+05
   4.3900000e+01   7.6982281e+04   1.0639626e+05
   4.4000000e+01   4.8049723e+04   8.8844219e+04
   4.4100000e+01   2.3696402e+04   7.7790062e+04
   4.4200000e+01   6.6246055e+03   7.3560375e+04
   4.4300000e+01  -7.7958257e+03   7.3345312e+04
   4.4400000e+01  -2.5943059e+04   7.3605484e+04
   4.4500000e+01  -4.9945773e+04   7.2653664e+04
   4.4600000e+01  -7.6279953e+04   7.1401875e+04
   4.4700000e+01  -9.8909633e+04   7.2184133e+04
   4.4800000e+01  -1.1349770e+05   7.7725891e+04
   4.4900000e+01  -1.1964782e+05   9.0968734e+04
   4.5000000e+01  -1.2054186e+05   1.1319605e+05
   4.5100000e+01  -1.2117579e+05   1.3925862e+05
   4.5200000e+01  -1.2658621e+05   1.5511403e+05
   4.5300000e+01  -1.4028870e+05   1.4470608e+05
   4.5400000e+01  -1.6216738e+05   1.0386289e+05
   4.5500000e+01  -1.8615695e+05   4.7763109e+04
   4.5600000e+01  -2.0063545e+05   1.4462217e+03
   4.5700000e+01  -1.9437745e+05  -2.0016332e+04
   4.5800000e+01  -1.6557545e+05  -2.2807703e+04
   4.5900000e+01  -1.2556906e+05  -2.6202465e+04
   4.6000000e+01  -9.1215898e+04  -4.3944707e+04
   4.6100000e+01  -7.1003047e+04  -7.3744031e+04
   4.6200000e+01  -5.8287375e+04  -1.0325002e+05
   4.6300000e+01  -3.8979371e+04  -1.2378364e+05
   4.6400000e+01  -5.4937471e+03  -1.3747020e+05
   4.6500000e+01   3.8128605e+04  -1.5262289e+05
   4.6600000e+01   8.4294789e+04  -1.7425281e+05
   4.6700000e+01   1.3182611e+05  -1.9945794e+05
   4.6800000e+01   1.8524586e+05  -2.2070536e+05
   4.6900000e+01   2.4515350e+05  -2.3217100e+05
   4.7000000e+01   3.0275622e+05  -2.3281827e+05
   4.7100000e+01   3.4579169e+05  -2.2472452e+05
   4.7200000e+01   3.6850272e+05  -2.1020517e+05
   4.7300000e+01   3.7397547e+05  -1.9125308e+05
   4.7400000e+01   3.6749141e+05  -1.7062267e+05
   4.7500000e+01   3.5014038e+05  -1.5127525e+05
   4.7600000e+01   3.1973219e+05  -1.3341455e+05
   4.7700000e+01   2.7568247e+05  -1.1274650e+05
   4.7800000e+01   2.2029583e+05  -8.3676852e+04
   4.7900000e+01   1.5514889e+05  -4.5732566e+04
   4.8000000e+01   7.8504820e+04  -6.6026079e+03
   4.8100000e+01  -1.1707870e+04   2.2709848e+04
   4.8200000e+01  -1.1224464e+05   3.7178586e+04
   4.8300000e+01  -2.1271420e+05   4.2563496e+04
   4.8400000e+01  -2.9979181e+05   5.0457887e+04
   4.8500000e+01  -3.6339503e+05   6.8146273e+04
   4.8600000e+01  -3.9970469e+05   9.3490758e+04
   4.8700000e+01  -4.1018894e+05   1.1965473e+05
   4.8800000e+01  -3.9942134e+05   1.4337402e+05
   4.8900000e+01  -3.7369416e+05   1.6647992e+05
   4.9000000e+01  -3.3967491e+05   1.8892189e+05
   4.9100000e+01  -3.0206506e+05   2.0297794e+05
   4.9200000e+01  -2.6157250e+05   1.9824417e+05
   4.9300000e+01  -2.1559430e+05   1.7399823e+05
   4.9400000e+01  -1.6162219e+05   1.4463212e+05
   4.9500000e+01  -1.0034454e+05   1.2926324e+05
   4.9600000e+01  -3.5756098e+04   1.3397925e+05
   4.9700000e+01   2.7108654e+04   1.4510052e+05
   4.9800000e+01   8.4191086e+04   1.4190589e+05
   4.9900000e+01   1.3305969e+05   1.1704216e+05
   5.0000000e+01   1.7327955e+05   8.4140672e+04
   5.0100000e+01   2.0697670e+05   6.4987508e+04
   5.0200000e+01   2.3790975e+05   6.9427844e+04
   5.0300000e+01   2.6794697e+05   8.7705922e+04
   5.0400000e+01   2.9372297e+05   1.0093058e+05
   5.0500000e+01   3.0813066e+05   9.7265680e+04
   5.0600000e+01   3.0690928e+05   7.8573344e+04
   5.0700000e+01   2.9383866e+05   5.4702902e+04
   5.0800000e+01   2.7774525e+05   3.4000660e+04
   5.0900000e+01   2.6302553e+05   1.7995996e+04
   5.1000000e+01   2.4367648e+05   1.4759419e+03
   5.1100000e+01   2.0829359e+05  -2.3594133e+04
   5.1200000e+01   1.5169344e+05  -6.1316016e+04
   5.1300000e+01   8.1058016e+04  -1.0583903e+05
   5.1400000e+01   1.0224044e+04  -1.4288559e+05
   5.1500000e+01  -5.1486105e+04  -1.6075317e+05
   5.1600000e+01  -1.0445405e+05  -1.6138422e+05
   5.1700000e+01  -1.5428183e+05  -1.5894512e+05
   5.1800000e+01  -2.0419511e+05  -1.6585756e+05
   5.1900000e+01  -2.5187039e+05  -1.8088714e+05
   5.2000000e+01  -2.9113947e+05  -1.9207675e+05
   5.2100000e+01  -3.1451334e+05  -1.9046625e+05
   5.2200000e+01  -3.1511834e+05  -1.7907944e+05
   5.2300000e+01  -2.8988125e+05  -1.6854803e+05
   5.2400000e+01  -2.4330753e+05  -1.6600586e+05
   5.2500000e+01  -1.8711838e+05  -1.6939161e+05
   5.2600000e+01  -1.3351809e+05  -1.7117586e+05
   5.2700000e+01  -8.7640031e+04  -1.6550814e+05
   5.2800000e+01  -4.7119465e+04  -1.5143305e+05
   5.2900000e+01  -8.8738467e+03  -1.3086680e+05
   5.3000000e+01   2.5604424e+04  -1.0532509e+05
   5.3100000e+01   5.2868965e+04  -7.5129703e+04
   5.3200000e+01   7.3526430e+04  -4.0808781e+04
   5.3300000e+01   9.2221695e+04  -3.7701680e+03
   5.3400000e+01   1.1064388e+05   3.4897219e+04
   5.3500000e+01   1.2318722e+05   7.4953047e+04
   5.3600000e+01   1.2245263e+05   1.1442651e+05
   5.3700000e+01   1.0849529e+05   1.4659606e+05
   5.3800000e+01   8.9533742e+04   1.6241020e+05
   5.3900000e+01   7.2219508e+04   1.5884081e+05
   5.4000000e+01   5.3557184e+04   1.4445091e+05
   5.4100000e+01   2.5267289e+04   1.3329591e+05
   5.4200000e+01  -1.4305049e+04   1.3077941e+05
   5.4300000e+01  -5.5474012e+04   1.2654001e+05
   5.4400000e+01  -8.5580172e+04   1.0429444e+05
   5.4500000e+01  -1.0032794e+05   6.0297961e+04
   5.4600000e+01  -1.0506516e+05   1.1218380e+04
   5.4700000e+01  -1.0579691e+05  -1.7916637e+04
   5.4800000e+01  -1.0147995e+05  -1.4610468e+04
   5.4900000e+01  -8.6274289e+04   1.1454676e+04
   5.5000000e+01  -5.8199703e+04   3.8617379e+04
   5.5100000e+01  -2.3862270e+04   5.2721391e+04
   5.5200000e+01   6.1468408e+03   5.7847840e+04
   5.5300000e+01   2.6569914e+04   7.0184633e+04
   5.5400000e+01   4.1906426e+04   1.0257909e+05
   5.5500000e+01   6.0666406e+04   1.5366602e+05
   5.5600000e+01   8.4266539e+04   2.0898052e+05
   5.5700000e+01   1.0216003e+05   2.5085725e+05
   5.5800000e+01   1.0023580e+05   2.6877631e+05
   5.5900000e+01   7.5781922e+04   2.6376712e+05
   5.6000000e+01   4.3320094e+04   2.4532412e+05
   5.6100000e+01   2.3351191e+04   2.2359436e+05
   5.6200000e+01   2.4247361e+04   2.0222009e+05
   5.6300000e+01   3.5801930e+04   1.7674312e+05
   5.6400000e+01   4.0743781e+04   1.3910653e+05
   5.6500000e+01   3.1376762e+04   8.3820750e+04
   5.6600000e+01   1.4364346e+04   1.1074727e+04
   5.6700000e+01   1.1291172e+03  -7.3552250e+04
   5.6800000e+01  -3.6880615e+03  -1.6031556e+05
   5.6900000e+01  -4.0778418e+03  -2.3718377e+05
   5.7000000e+01  -5.7018848e+03  -2.9425638e+05
   5.7100000e+01  -9.2671055e+03  -3.2932728e+05
   5.7200000e+01  -1.0258555e+04  -3.4858641e+05
   5.7300000e+01  -3.5187363e+03  -3.5927962e+05
   5.7400000e+01   1.2136878e+04  -3.6058703e+05
   5.7500000e+01   3.2520500e+04  -3.4317756e+05
   5.7600000e+01   5.0495598e+04  -2.9967225e+05
   5.7700000e+01   6.0570109e+04  -2.3601119e+05
   5.7800000e+01   6.2225566e+04  -1.7155992e+05
   5.7900000e+01   5.9163219e+04  -1.2633575e+05
   5.8000000e+01   5.5537324e+04  -1.0597031e+05
   5.8100000e+01   5.3375453e+04  -9.7383633e+04
   5.8200000e+01   5.3223910e+04  -7.9241055e+04
   5.8300000e+01   5.5197535e+04  -3.8926289e+04
   5.8400000e+01   5.7404441e+04   1.8029539e+04
   5.8500000e+01   5.4121707e+04   7.3951805e+04
   5.8600000e+01   3.8783250e+04   1.1443916e+05
   5.8700000e+01   1.1077401e+04   1.3839044e+05
   5.8800000e+01  -1.9842000e+04   1.5402089e+05
   5.8900000e+01  -4.1665762e+04   1.6747817e+05
   5.9000000e+01  -4.9410305e+04   1.7766217e+05
   5.9100000e+01  -4.8805176e+04   1.8150783e+05
   5.9200000e+01  -4.8869742e+04   1.8043236e+05
   5.9300000e+01  -5.2186445e+04   1.7820962e+05
   5.9400000e+01  -5.3372680e+04   1.7313681e+05
   5.9500000e+01  -4.6154508e+04   1.5593884e+05
   5.9600000e+01  -3.0110164e+04   1.1814619e+05
   5.9700000e+01  -1.0246588e+04   6.2418062e+04
   5.9800000e+01   8.0085996e+03   2.9989453e+03
   5.9900000e+01   2.1235809e+04  -4.5176859e+04
   6.0000000e+01   2.5757965e+04  -7.8292336e+04
   6.0100000e+01   1.5853664e+04  -1.0491975e+05
   6.0200000e+01  -1.2462518e+04  -1.3554566e+05
   6.0300000e+01  -5.4715648e+04  -1.7042381e+05
   6.0400000e+01  -9.6860023e+04  -1.9767931e+05
   6.0500000e+01  -1.2415870e+05  -2.0392097e+05
   6.0600000e+01  -1.3316616e+05  -1.8702091e+05
   6.0700000e+01  -1.3428064e+05  -1.5796739e+05
   6.0800000e+01  -1.4074550e+05  -1.2988034e+05
   6.0900000e+01  -1.5493839e+05  -1.0611333e+05
   6.1000000e+01  -1.6697989e+05  -8.0004703e+04
   6.1100000e+01  -1.6732400e+05  -4.5136516e+04
   6.1200000e+01  -1.5843750e+05  -3.3229160e+03
   6.1300000e+01  -1.5110105e+05   3.8037273e+04
   6.1400000e+01  -1.4911120e+05   7.3657094e+04
   6.1500000e+01  -1.4081105e+05   1.0244371e+05
   6.1600000e+01  -1.0876291e+05   1.2284246e+05
   6.1700000e+01  -4.7936648e+04   1.3032473e+05
   6.1800000e+01   2.7258873e+04   1.2232787e+05
   6.1900000e+01   9.4561508e+04   1.0425164e+05
   6.2000000e+01   1.4190688e+05   8.7165719e+04
   6.2100000e+01   1.7458380e+05   7.8302281e+04
   6.2200000e+01   2.0671702e+05   7.5255680e+04
   6.2300000e+01   2.4698655e+05   7.0769500e+04
   6.2400000e+01   2.9111544e+05   6.2192035e+04
   6.2500000e+01   3.2542934e+05   5.4451699e+04
   6.2600000e+01   3.3696069e+05   5.3789688e+04
   6.2700000e+01   3.2246438e+05   6.0360059e+04
   6.2800000e+01   2.9061216e+05   6.8105562e+04
   6.2900000e+01   2.5600961e+05   7.1084773e+04
   6.3000000e+01   2.2886506e+05   6.8707344e+04
   6.3100000e+01   2.0764692e+05   6.5198273e+04
   6.3200000e+01   1.8066350e+05   6.5613375e+04
   6.3300000e+01   1.3596788e+05   7.2879633e+04
   6.3400000e+01   7.2025359e+04   8.6873438e+04
   6.3500000e+01   3.0995755e+02   1.0402876e+05
   6.3600000e+01  -6.2665488e+04   1.1770219e+05
   6.3700000e+01  -1.0727106e+05   1.2116380e+05
   6.3800000e+01  -1.3638908e+05   1.1228089e+05
   6.3900000e+01  -1.6036470e+05   9.5141859e+04
   6.4000000e+01  -1.8694997e+05   7.5781664e+04
   6.4100000e+01  -2.1584847e+05   5.6060020e+04
   6.4200000e+01  -2.4131227e+05   3.2700590e+04
   6.4300000e+01  -2.5765441e+05   2.6295459e+03
   6.4400000e+01  -2.6160091e+05  -3.1915174e+04
   6.4500000e+01  -2.5172747e+05  -6.4462590e+04
   6.4600000e+01  -2.2905878e+05  -8.9630516e+04
   6.4700000e+01  -1.9916064e+05  -1.0616938e+05
   6.4800000e+01  -1.7131652e+05  -1.1541550e+05
   6.4900000e+01  -1.5278653e+05  -1.1892999e+05
   6.5000000e+01  -1.4307686e+05  -1.1856970e+05
   6.5100000e+01  -1.3481055e+05  -1.1720209e+05
   6.5200000e+01  -1.2110883e+05  -1.1721546e+05
   6.5300000e+01  -1.0220732e+05  -1.1827258e+05
   6.5400000e+01  -8.4664594e+04  -1.1804745e+05
   6.5500000e+01  -7.3934062e+04  -1.1577688e+05
   6.5600000e+01  -6.7464172e+04  -1.1399688e+05
   6.5700000e+01  -5.5198133e+04  -1.1570418e+05
   6.5800000e+01  -2.7934934e+04  -1.2018632e+05
   6.5900000e+01   1.3406189e+04  -1.2283243e+05
   6.6000000e+01   5.6591969e+04  -1.1963870e+05
   6.6100000e+01   8.7344727e+04  -1.1156618e+05
   6.6200000e+01   1.0107388e+05  -1.0377774e+05
   6.6300000e+01   1.0559945e+05  -1.0003136e+05
   6.6400000e+01   1.1212945e+05  -9.7738734e+04
   6.6500000e+01   1.2409961e+05  -8.9215812e+04
   6.6600000e+01   1.3528061e+05  -6.8856922e+04
   6.6700000e+01   1.3757673e+05  -3.9438926e+04
   6.6800000e+01   1.2860491e+05  -1.0619066e+04
   6.6900000e+01   1.1166970e+05   9.5616816e+03
   6.7000000e+01   9.1374102e+04   2.1486631e+04
   6.7100000e+01   7.2127953e+04   3.1895521e+04
   6.7200000e+01   5.9869633e+04   4.5701570e+04
   6.7300000e+01   6.0761523e+04   6.1176027e+04
   6.7400000e+01   7.4821562e+04   7.3260672e+04
   6.7500000e+01   9.1742422e+04   7.9724281e+04
   6.7600000e+01   9.6594250e+04   8.2200352e+04
   6.7700000e+01   8.2192664e+04   8.1601242e+04
   6.7800000e+01   5.5827137e+04   7.4826891e+04
   6.7900000e+01   3.2713232e+04   5.7786762e+04
   6.8000000e+01   2.2229732e+04   3.1636703e+04
   6.8100000e+01   2.0338240e+04   5.0783296e+03
   6.8200000e+01   1.4995104e+04  -1.0143154e+04
   6.8300000e+01  -1.2785068e+03  -6.5376108e+03
   6.8400000e+01  -2.3395252e+04   1.4976378e+04
   6.8500000e+01  -3.6960527e+04   4.6247832e+04
   6.8600000e+01  -2.9645383e+04   7.6294422e+04
   6.8700000e+01  -1.2788159e+03   9.6020352e+04
   6.8800000e+01   3.5410293e+04   1.0188211e+05
   6.8900000e+01   6.4077117e+04   9.7658320e+04
   6.9000000e+01   7.6699453e+04   9.2671547e+04
   6.9100000e+01   7.8499781e+04   9.5775547e+04
   6.9200000e+01   8.2109023e+04   1.0844709e+05
   6.9300000e+01   9.6503266e+04   1.2317489e+05
   6.9400000e+01   1.2027484e+05   1.2973530e+05
   6.9500000e+01   1.4399619e+05   1.2383476e+05
   6.9600000e+01   1.5806606e+05   1.0928584e+05
   6.9700000e+01   1.5866852e+05   9.1757477e+04
   6.9800000e+01   1.4782489e+05   7.2006633e+04
   6.9900000e+01   1.2935027e+05   4.7032461e+04
   7.0000000e+01   1.0513666e+05   1.7366670e+04
   7.0100000e+01   7.4434312e+04  -9.6300957e+03
   7.0200000e+01   3.5672465e+04  -2.5998893e+04
   7.0300000e+01  -1.1210820e+04  -3.2173135e+04
   7.0400000e+01  -6.3581426e+04  -3.7415973e+04
   7.0500000e+01  -1.1661267e+05  -4.9796371e+04
   7.0600000e+01  -1.6511573e+05  -6.6262031e+04
   7.0700000e+01  -2.0571328e+05  -7.4211133e+04
   7.0800000e+01  -2.3805959e+05  -6.3981094e+04
   7.0900000e+01  -2.6417922e+05  -3.9933375e+04
   7.1000000e+01  -2.8615712e+05  -1.8721633e+04
   7.1100000e+01  -3.0358791e+05  -1.5829865e+04
   7.1200000e+01  -3.1242947e+05  -3.2954965e+04
   7.1300000e+01  -3.0623847e+05  -5.7991406e+04
   7.1400000e+01  -2.7980144e+05  -7.7109195e+04
   7.1500000e+01  -2.3380448e+05  -8.6861141e+04
   7.1600000e+01  -1.7737094e+05  -9.4949305e+04
   7.1700000e+01  -1.2493217e+05  -1.1022739e+05
   7.1800000e+01  -8.7548320e+04  -1.3300144e+05
   7.1900000e+01  -6.4879602e+04  -1.5503227e+05
   7.2000000e+01  -4.5804148e+04  -1.6775973e+05
   7.2100000e+01  -1.8779689e+04  -1.6952028e+05
   7.2200000e+01   1.6981523e+04  -1.6517628e+05
   7.2300000e+01   5.0355668e+04  -1.5982042e+05
   7.2400000e+01   6.8395070e+04  -1.5295488e+05
   7.2500000e+01   6.7751023e+04  -1.3787417e+05
   7.2600000e+01   5.6920859e+04  -1.0649994e+05
   7.2700000e+01   4.8605188e+04  -5.6222953e+04
   7.2800000e+01   5.0269695e+04   6.3572734e+03
   7.2900000e+01   6.0467043e+04   6.8376188e+04
   7.3000000e+01   7.1749750e+04   1.1869967e+05
   7.3100000e+01   7.6302375e+04   1.5422753e+05
   7.3200000e+01   7.0612352e+04   1.7883747e+05
   7.3300000e+01   5.7418363e+04   1.9676178e+05
   7.3400000e+01   4.4208516e+04   2.0788758e+05
   7.3500000e+01   3.8636406e+04   2.0942373e+05
   7.3600000e+01   4.3374656e+04   2.0045172e+05
   7.3700000e+01   5.4213059e+04   1.8317820e+05
   7.3800000e+01   6.3213793e+04   1.6004727e+05
   7.3900000e+01   6.4490504e+04   1.3131716e+05
   7.4000000e+01   5.7801133e+04   9.6175289e+04
   7.4100000e+01   4.7329707e+04   5.5315230e+04
   7.4200000e+01   3.7710141e+04   1.1795016e+04
   7.4300000e+01   3.1545158e+04  -2.9751430e+04
   7.4400000e+01   3.0014545e+04  -6.4052016e+04
   7.4500000e+01   3.3971262e+04  -8.6885391e+04
   7.4600000e+01   4.2673965e+04  -9.8294469e+04
   7.4700000e+01   5.1645395e+04  -1.0412295e+05
   7.4800000e+01   5.4179773e+04  -1.1137374e+05
   7.4900000e+01   4.7467512e+04  -1.1967720e+05
   7.5000000e+01   3.7436875e+04  -1.1869466e+05
   7.5100000e+01   3.5417777e+04  -9.7337812e+04
   7.5200000e+01   4.7947141e+04  -5.6824707e+04
   7.5300000e+01   6.9800266e+04  -1.2688524e+04
   7.5400000e+01   8.8376625e+04   1.8304307e+04
   7.5500000e+01   9.5653812e+04   3.3160984e+04
   7.5600000e+01   9.5481438e+04   4.3548219e+04
   7.5700000e+01   9.9093500e+04   6.1929039e+04
   7.5800000e+01   1.1426682e+05   8.8147438e+04
   7.5900000e+01   1.3889430e+05   1.1015059e+05
   7.6000000e+01   1.6313502e+05   1.1664976e+05
   7.6100000e+01   1.7566095e+05   1.0759989e+05
   7.6200000e+01   1.6877945e+05   9.2335664e+04
   7.6300000e+01   1.4164786e+05   7.8911820e+04
   7.6400000e+01   1.0171470e+05   6.6545891e+04
   7.6500000e+01   6.1775285e+04   4.8411062e+04
   7.6600000e+01   3.1501605e+04   2.0554498e+04
   7.6700000e+01   9.5062637e+03  -1.3228113e+04
   7.6800000e+01  -1.5046054e+04  -4.5433652e+04
   7.6900000e+01  -5.0874422e+04  -7.2587023e+04
   7.7000000e+01  -9.4439617e+04  -9.7897883e+04
   7.7100000e+01  -1.3242334e+05  -1.2642759e+05
   7.7200000e+01  -1.5441481e+05  -1.5847211e+05
   7.7300000e+01  -1.6200391e+05  -1.8757186e+05
   7.7400000e+01  -1.6491083e+05  -2.0379141e+05
   7.7500000e+01  -1.6959252e+05  -1.9880828e+05
   7.7600000e+01  -1.7350098e+05  -1.7029269e+05
   7.7700000e+01  -1.7056897e+05  -1.2449421e+05
   7.7800000e+01  -1.6032162e+05  -7.4769273e+04
   7.7900000e+01  -1.4943727e+05  -3.4277227e+04
   7.8000000e+01  -1.4391762e+05  -6.8039648e+03
   7.8100000e+01  -1.4111275e+05   1.5478742e+04
   7.8200000e+01  -1.3121397e+05   4.3490625e+04
   7.8300000e+01  -1.0722866e+05   7.9912781e+04
   7.8400000e+01  -7.2833406e+04   1.1724290e+05
   7.8500000e+01  -3.9742152e+04   1.4710723e+05
   7.8600000e+01  -1.7768359e+04   1.6947888e+05
   7.8700000e+01  -8.3026953e+03   1.9085508e+05
   7.8800000e+01  -6.9721548e+03   2.1413850e+05
   7.8900000e+01  -1.0395119e+04   2.3280045e+05
   7.9000000e+01  -1.8567881e+04   2.3606497e+05
   7.9100000e+01  -3.1673787e+04   2.1860041e+05
   7.9200000e+01  -4.7413484e+04   1.8407106e+05
   7.9300000e+01  -6.2719246e+04   1.4043191e+05
   7.9400000e+01  -7.6274508e+04   9.3886945e+04
   7.9500000e+01  -8.7054109e+04   4.7406938e+04
   7.9600000e+01  -9.0869219e+04   2.4294019e+03
   7.9700000e+01  -8.1181445e+04  -4.0524992e+04
   7.9800000e+01  -5.5114992e+04  -8.2601930e+04
   7.9900000e+01  -1.7734283e+04  -1.2561094e+05
   8.0000000e+01   2.1271822e+04  -1.6875161e+05
   8.0100000e+01   5.5147824e+04  -2.0695177e+05
   8.0200000e+01   8.3514672e+04  -2.3384588e+05
   8.0300000e+01   1.0911327e+05  -2.4684802e+05
   8.0400000e+01   1.3345608e+05  -2.4882500e+05
   8.0500000e+01   1.5650017e+05  -2.4455827e+05
   8.0600000e+01   1.7821548e+05  -2.3596431e+05
   8.0700000e+01   1.9740638e+05  -2.2108948e+05
   8.0800000e+01   2.0900578e+05  -1.9745592e+05
   8.0900000e+01   2.0566461e+05  -1.6578203e+05
   8.1000000e+01   1.8453900e+05  -1.3015552e+05
   8.1100000e+01   1.5192248e+05  -9.4711961e+04
   8.1200000e+01   1.1911222e+05  -6.0338305e+04
   8.1300000e+01   9.3033641e+04  -2.4610145e+04
   8.1400000e+01   7.1672195e+04   1.5263495e+04
   8.1500000e+01   4.8683496e+04   5.9553719e+04
   8.1600000e+01   2.1183072e+04   1.0558136e+05
   8.1700000e+01  -7.4932949e+03   1.4900536e+05
   8.1800000e+01  -3.1234232e+04   1.8454764e+05
   8.1900000e+01  -4.5884449e+04   2.0591300e+05
   8.2000000e+01  -5.1446289e+04   2.0721347e+05
   8.2100000e+01  -5.1774133e+04   1.8691592e+05
   8.2200000e+01  -5.2588145e+04   1.5107777e+05
   8.2300000e+01  -5.7932219e+04   1.1137798e+05
   8.2400000e+01  -6.6837773e+04   7.8280133e+04
   8.2500000e+01  -7.3824586e+04   5.5436543e+04
   8.2600000e+01  -7.4106391e+04   4.0545715e+04
   8.2700000e+01  -6.8675422e+04   3.0617463e+04
   8.2800000e+01  -6.3402887e+04   2.4894293e+04
   8.2900000e+01  -6.2523988e+04   2.2670637e+04
   8.3000000e+01  -6.3365215e+04   2.0676781e+04
   8.3100000e+01  -5.8174961e+04   1.5372125e+04
   8.3200000e+01  -4.1702992e+04   8.1485278e+03
   8.3300000e+01  -1.7590236e+04   6.0329268e+03
   8.3400000e+01   2.3934248e+03   1.5026727e+04
   8.3500000e+01   6.3876445e+03   3.2616934e+04
   8.3600000e+01  -8.1121348e+03   4.8206906e+04
   8.3700000e+01  -3.1254129e+04   5.1936527e+04
   8.3800000e+01  -4.7825422e+04   4.3283895e+04
   8.3900000e+01  -4.9226996e+04   3.1290098e+04
   8.4000000e+01  -3.9998551e+04   2.6880201e+04
   8.4100000e+01  -3.2817137e+04   3.4598504e+04
   8.4200000e+01  -3.6840004e+04   5.0058832e+04
   8.4300000e+01  -5.0311398e+04   6.3743297e+04
   8.4400000e+01  -6.2978613e+04   6.7661016e+04
   8.4500000e+01  -6.3934309e+04   6.0732266e+04
   8.4600000e+01  -4.7471113e+04   4.9802941e+04
   8.4700000e+01  -1.4719873e+04   4.5046875e+04
   8.4800000e+01   2.6752969e+04   5.1880996e+04
   8.4900000e+01   6.4927816e+04   6.5145730e+04
   8.5000000e+01   8.8739891e+04   7.1204844e+04
   8.5100000e+01   9.5296102e+04   5.7777105e+04
   8.5200000e+01   9.2150406e+04   2.3974555e+04
   8.5300000e+01   9.0364023e+04  -1.8253361e+04
   8.5400000e+01   9.3908273e+04  -5.2835574e+04
   8.5500000e+01   9.6434234e+04  -7.0907789e+04
   8.5600000e+01   8.9376109e+04  -7.5361781e+04
   8.5700000e+01   7.2866250e+04  -7.6103141e+04
   8.5800000e+01   5.7389512e+04  -8.1529547e+04
   8.5900000e+01   5.3851305e+04  -9.3417109e+04
   8.6000000e+01   6.2167289e+04  -1.0801986e+05
   8.6100000e+01   7.0384852e+04  -1.2116845e+05
   8.6200000e+01   6.5907344e+04  -1.3289855e+05
   8.6300000e+01   4.8119645e+04  -1.4762606e+05
   8.6400000e+01   2.9604031e+04  -1.6900972e+05
   8.6500000e+01   2.3653668e+04  -1.9381159e+05
   8.6600000e+01   2.9589334e+04  -2.1184756e+05
   8.6700000e+01   3.1043824e+04  -2.1421623e+05
   8.6800000e+01   1.0771150e+04  -2.0221683e+05
   8.6900000e+01  -3.1413818e+04  -1.8621973e+05
   8.7000000e+01  -7.5872766e+04  -1.7378273e+05
   8.7100000e+01  -9.9756594e+04  -1.5970045e+05
   8.7200000e+01  -9.7277219e+04  -1.3062900e+05
   8.7300000e+01  -8.3473852e+04  -8.1052594e+04
   8.7400000e+01  -7.8092070e+04  -2.3197270e+04
   8.7500000e+01  -8.6589094e+04   2.1504818e+04
   8.7600000e+01  -9.7299914e+04   4.1937980e+04
   8.7700000e+01  -9.5921219e+04   4.7763945e+04
   8.7800000e+01  -8.0854656e+04   5.9860527e+04
   8.7900000e+01  -6.3955246e+04   9.0580844e+04
   8.8000000e+01  -5.7652547e+04   1.3348983e+05
   8.8100000e+01  -6.2629609e+04   1.7125170e+05
   8.8200000e+01  -6.7915586e+04   1.9167820e+05
   8.8300000e+01  -6.2278590e+04   1.9569877e+05
   8.8400000e+01  -4.5680539e+04   1.9189075e+05
   8.8500000e+01  -3.0296670e+04   1.8626064e+05
   8.8600000e+01  -3.0054861e+04   1.7819664e+05
   8.8700000e+01  -4.7733934e+04   1.6424978e+05
   8.8800000e+01  -7.1272914e+04   1.4308352e+05
   8.8900000e+01  -8.3219453e+04   1.1608962e+05
   8.9000000e+01  -7.5111438e+04   8.4895656e+04
   8.9100000e+01  -5.3552250e+04   5.0284199e+04
   8.9200000e+01  -3.2686566e+04   1.4048604e+04
   8.9300000e+01  -2.1054516e+04  -1.9093188e+04
   8.9400000e+01  -1.5430007e+04  -4.2826816e+04
   8.9500000e+01  -5.8749429e+03  -5.3429051e+04
   8.9600000e+01   1.4986824e+04  -5.2869980e+04
   8.9700000e+01   4.7515254e+04  -4.7342117e+04
   8.9800000e+01   8.7215648e+04  -4.2079133e+04
   8.9900000e+01   1.2859324e+05  -3.7289973e+04
   9.0000000e+01   1.6633055e+05  -2.9136053e+04
   9.0100000e+01   1.9441691e+05  -1.4385142e+04
   9.0200000e+01   2.0670247e+05   6.5043838e+03
   9.0300000e+01   2.0045039e+05   3.0847281e+04
   9.0400000e+01   1.8028866e+05   5.6925500e+04
   9.0500000e+01   1.5770789e+05   8.4123172e+04
   9.0600000e+01   1.4389500e+05   1.0974641e+05
   9.0700000e+01   1.4034569e+05   1.2737620e+05
   9.0800000e+01   1.3620183e+05   1.3028690e+05
   9.0900000e+01   1.1694850e+05   1.1707933e+05
   9.1000000e+01   7.7842664e+04   9.3382258e+04
   9.1100000e+01   2.8984330e+04   6.7571750e+04
   9.1200000e+01  -1.3657273e+04   4.4843582e+04
   9.1300000e+01  -4.2218066e+04   2.5028379e+04
   9.1400000e+01  -6.1495914e+04   4.8628535e+03
   9.1500000e+01  -8.0411219e+04  -1.8604953e+04
   9.1600000e+01  -1.0109693e+05  -4.6067469e+04
   9.1700000e+01  -1.1766179e+05  -7.5344586e+04
   9.1800000e+01  -1.2442562e+05  -1.0158997e+05
   9.1900000e+01  -1.2307543e+05  -1.1907603e+05
   9.2000000e+01  -1.2112990e+05  -1.2464908e+05
   9.2100000e+01  -1.2469705e+05  -1.2036166e+05
   9.2200000e+01  -1.3355155e+05  -1.1239912e+05
   9.2300000e+01  -1.4214162e+05  -1.0688641e+05
   9.2400000e+01  -1.4387083e+05  -1.0645427e+05
   9.2500000e+01  -1.3485955e+05  -1.1024362e+05
   9.2600000e+01  -1.1583150e+05  -1.1597175e+05
   9.2700000e+01  -9.1966273e+04  -1.2109597e+05
   9.2800000e+01  -7.0247102e+04  -1.2258980e+05
   9.2900000e+01  -5.5020840e+04  -1.1740270e+05
   9.3000000e+01  -4.5015379e+04  -1.0464326e+05
   9.3100000e+01  -3.4996473e+04  -8.7494641e+04
   9.3200000e+01  -2.1043729e+04  -7.2112703e+04
   9.3300000e+01  -4.3163149e+03  -6.3492203e+04
   9.3400000e+01   1.0609346e+04  -6.1482188e+04
   9.3500000e+01   2.0860406e+04  -6.0387469e+04
   9.3600000e+01   2.7897180e+04  -5.2721426e+04
   9.3700000e+01   3.4645055e+04  -3.4290238e+04
   9.3800000e+01   4.0933250e+04  -6.7012197e+03
   9.3900000e+01   4.3417707e+04   2.4490285e+04
   9.4000000e+01   4.0543125e+04   5.4049035e+04
   9.4100000e+01   3.6052840e+04   7.9690633e+04
   9.4200000e+01   3.5501348e+04   1.0081185e+05
   9.4300000e+01   3.9037906e+04   1.1535854e+05
   9.4400000e+01   3.9548668e+04   1.1917958e+05
   9.4500000e+01   2.9862801e+04   1.0955488e+05
   9.4600000e+01   1.1908739e+04   8.9478742e+04
   9.4700000e+01  -2.3402046e+03   6.7599305e+04
   9.4800000e+01   3.2694043e+02   5.2887410e+04
   9.4900000e+01   2.4236812e+04   4.8717973e+04
   9.5000000e+01   6.2082105e+04   5.1697113e+04
   9.5100000e+01   1.0018579e+05   5.5536250e+04
   9.5200000e+01   1.2618158e+05   5.5487977e+04
   9.5300000e+01   1.3421806e+05   4.9667633e+04
   9.5400000e+01   1.2640111e+05   3.8277527e+04
   9.5500000e+01   1.1084305e+05   2.3895230e+04
   9.5600000e+01   9.7063984e+04   1.2820979e+04
   9.5700000e+01   9.0883930e+04   1.3718876e+04
   9.5800000e+01   9.1985859e+04   3.1629768e+04
   9.5900000e+01   9.5522234e+04   6.1885156e+04
   9.6000000e+01   9.5893641e+04   9.1334328e+04
   9.6100000e+01   8.9806727e+04   1.0815581e+05
   9.6200000e+01   7.7325992e+04   1.1174446e+05
   9.6300000e+01   6.1053051e+04   1.1224821e+05
   9.6400000e+01   4.3806066e+04   1.1930415e+05
   9.6500000e+01   2.6052904e+04   1.3142839e+05
   9.6600000e+01   5.8049517e+03   1.3750611e+05
   9.6700000e+01  -1.7605035e+04   1.2870423e+05
   9.6800000e+01  -3.9181020e+04   1.0735448e+05
   9.6900000e+01  -4.9322727e+04   8.2924586e+04
   9.7000000e+01  -4.1499438e+04   6.0473328e+04
   9.7100000e+01  -1.9483773e+04   3.5908059e+04
   9.7200000e+01   4.3843618e+03   3.8851025e+03
   9.7300000e+01   1.9483281e+04  -3.1688812e+04
   9.7400000e+01   2.5422990e+04  -5.8383816e+04
   9.7500000e+01   2.9769832e+04  -6.7669328e+04
   9.7600000e+01   3.7940844e+04  -6.5024812e+04
   9.7700000e+01   4.7108938e+04  -6.5731508e+04
   9.7800000e+01   5.0923828e+04  -8.0415703e+04
   9.7900000e+01   4.8570211e+04  -1.0552214e+05
   9.8000000e+01   4.6200781e+04  -1.2776170e+05
   9.8100000e+01   4.8206391e+04  -1.3657802e+05
   9.8200000e+01   4.9009523e+04  -1.3198897e+05
   9.8300000e+01   3.6593266e+04  -1.2216421e+05
   9.8400000e+01   5.2751987e+03  -1.1565146e+05
   9.8500000e+01  -3.6537418e+04  -1.1610073e+05
   9.8600000e+01  -7.3087750e+04  -1.2242180e+05
   9.8700000e+01  -9.5716875e+04  -1.3182828e+05
   9.8800000e+01  -1.0954559e+05  -1.4206645e+05
   9.8900000e+01  -1.2589109e+05  -1.5144606e+05
   9.9000000e+01  -1.4966459e+05  -1.5800288e+05
   9.9100000e+01  -1.7524044e+05  -1.5995167e+05
   9.9200000e+01  -1.9328122e+05  -1.5776419e+05
   9.9300000e+01  -1.9897864e+05  -1.5528902e+05
   9.9400000e+01  -1.9299166e+05  -1.5699191e+05
   9.9500000e+01  -1.7700817e+05  -1.6246073e+05
   9.9600000e+01  -1.5176231e+05  -1.6387325e+05
   9.9700000e+01  -1.1974005e+05  -1.5075058e+05
   9.9800000e+01  -8.6850844e+04  -1.1853788e+05
   9.9900000e+01  -5.8788172e+04  -7.1818188e+04
   1.0000000e+02  -3.6005363e+04  -1.8805141e+04
