   1.1851270e+02   3.6301420e+01   1.8450000e+02
   1.1914471e+02   3.6801325e+01   1.4600000e+01
   0.0000000e+00  -9.1917288e+05  -9.1917288e+05
   1.0000000e-01  -9.7126856e+05  -8.3395800e+05
   2.0000000e-01  -9.8301650e+05  -7.2360356e+05
   3.0000000e-01  -9.5224812e+05  -5.9416812e+05
   4.0000000e-01  -8.8356431e+05  -4.5048991e+05
   5.0000000e-01  -7.8547669e+05  -2.9808741e+05
   6.0000000e-01  -6.6571806e+05  -1.4337275e+05
   7.0000000e-01  -5.2920175e+05   7.8781484e+03
   8.0000000e-01  -3.7999281e+05   1.5149312e+05
   9.0000000e-01  -2.2433412e+05   2.8400125e+05
   1.0000000e+00  -7.1072469e+04   4.0122731e+05
   1.1000000e+00   7.0904164e+04   4.9841594e+05
   1.2000000e+00   1.9551694e+05   5.7181256e+05
   1.3000000e+00   3.0023138e+05   6.1971431e+05
   1.4000000e+00   3.8487756e+05   6.4183681e+05
   1.5000000e+00   4.5026441e+05   6.3815262e+05
   1.6000000e+00   4.9748347e+05   6.0904331e+05
   1.7000000e+00   5.2747650e+05   5.5685919e+05
   1.8000000e+00   5.4046519e+05   4.8712494e+05
   1.9000000e+00   5.3581025e+05   4.0788844e+05
   2.0000000e+00   5.1301753e+05   3.2749112e+05
   2.1000000e+00   4.7350372e+05   2.5225822e+05
   2.2000000e+00   4.2162459e+05   1.8535673e+05
   2.3000000e+00   3.6385425e+05   1.2722293e+05
   2.4000000e+00   3.0664081e+05   7.7297688e+04
   2.5000000e+00   2.5470388e+05   3.6121453e+04
   2.6000000e+00   2.1096256e+05   6.1735088e+03
   2.7000000e+00   1.7745092e+05  -9.7380078e+03
   2.8000000e+00   1.5549984e+05  -1.1625533e+04
   2.9000000e+00   1.4453184e+05  -3.9898945e+03
   3.0000000e+00   1.4095698e+05   6.3654883e+03
   3.1000000e+00   1.3923567e+05   1.5090068e+04
   3.2000000e+00   1.3508861e+05   2.3192520e+04
   3.3000000e+00   1.2817944e+05   3.4902648e+04
   3.4000000e+00   1.2159207e+05   5.2247484e+04
   3.5000000e+00   1.1846068e+05   7.1689328e+04
   3.6000000e+00   1.1893128e+05   8.6252453e+04
   3.7000000e+00   1.2002359e+05   9.0874062e+04
   3.8000000e+00   1.1771830e+05   8.5393984e+04
   3.9000000e+00   1.0867261e+05   7.2361930e+04
   4.0000000e+00   9.0459305e+04   5.2610367e+04
   4.1000000e+00   6.1687180e+04   2.3768656e+04
   4.2000000e+00   2.3160000e+04  -1.6854395e+04
   4.3000000e+00  -2.1265838e+04  -6.8762969e+04
   4.4000000e+00  -6.6253969e+04  -1.2834395e+05
   4.5000000e+00  -1.0831892e+05  -1.9211653e+05
   4.6000000e+00  -1.4734088e+05  -2.5886669e+05
   4.7000000e+00  -1.8413406e+05  -3.2792506e+05
   4.8000000e+00  -2.1665522e+05  -3.9581412e+05
   4.9000000e+00  -2.3953831e+05  -4.5569872e+05
   5.0000000e+00  -2.4805481e+05  -5.0084781e+05
   5.1000000e+00  -2.4244469e+05  -5.2859994e+05
   5.2000000e+00  -2.2809864e+05  -5.4072788e+05
   5.3000000e+00  -2.1169700e+05  -5.4012606e+05
   5.4000000e+00  -1.9742297e+05  -5.2762012e+05
   5.5000000e+00  -1.8640833e+05  -5.0203619e+05
   5.6000000e+00  -1.7858817e+05  -4.6269666e+05
   5.7000000e+00  -1.7407461e+05  -4.1098316e+05
   5.8000000e+00  -1.7267159e+05  -3.4928856e+05
   5.9000000e+00  -1.7271475e+05  -2.7914303e+05
   6.0000000e+00  -1.7114408e+05  -2.0119897e+05
   6.1000000e+00  -1.6534323e+05  -1.1717115e+05
   6.2000000e+00  -1.5534550e+05  -3.1193133e+04
   6.3000000e+00  -1.4423406e+05   5.1300883e+04
   6.4000000e+00  -1.3587198e+05   1.2611215e+05
   6.5000000e+00  -1.3174308e+05   1.9172741e+05
   6.6000000e+00  -1.3001595e+05   2.4876609e+05
   6.7000000e+00  -1.2784390e+05   2.9868047e+05
   6.8000000e+00  -1.2414986e+05   3.4296941e+05
   6.9000000e+00  -1.1938043e+05   3.8270531e+05
   7.0000000e+00  -1.1260033e+05   4.1784269e+05
   7.1000000e+00  -1.0027705e+05   4.4695062e+05
   7.2000000e+00  -7.9535398e+04   4.6835638e+05
   7.3000000e+00  -5.2703734e+04   4.8205228e+05
   7.4000000e+00  -2.7158951e+04   4.9029397e+05
   7.5000000e+00  -9.2524668e+03   4.9593456e+05
   7.6000000e+00   1.6562148e+03   5.0011772e+05
   7.7000000e+00   1.2324393e+04   5.0168356e+05
   7.8000000e+00   2.8555795e+04   4.9860116e+05
   7.9000000e+00   4.9616695e+04   4.8957459e+05
   8.0000000e+00   7.0075938e+04   4.7423409e+05
   8.1000000e+00   8.6411109e+04   4.5225653e+05
   8.2000000e+00   1.0042914e+05   4.2275659e+05
   8.3000000e+00   1.1571505e+05   3.8455031e+05
   8.4000000e+00   1.3176498e+05   3.3689491e+05
   8.5000000e+00   1.4307908e+05   2.8022353e+05
   8.6000000e+00   1.4445897e+05   2.1664375e+05
   8.7000000e+00   1.3658991e+05   1.4983814e+05
   8.8000000e+00   1.2601870e+05   8.3974266e+04
   8.9000000e+00   1.2007993e+05   2.2084990e+04
   9.0000000e+00   1.2219744e+05  -3.4726098e+04
   9.1000000e+00   1.3130303e+05  -8.6461555e+04
   9.2000000e+00   1.4420669e+05  -1.3283769e+05
   9.3000000e+00   1.5774959e+05  -1.7321641e+05
   9.4000000e+00   1.6958928e+05  -2.0812306e+05
   9.5000000e+00   1.7856602e+05  -2.4024416e+05
   9.6000000e+00   1.8515512e+05  -2.7289769e+05
   9.7000000e+00   1.9126772e+05  -3.0698978e+05
   9.8000000e+00   1.9906098e+05  -3.3991553e+05
   9.9000000e+00   2.0967808e+05  -3.6828578e+05
   1.0000000e+01   2.2273867e+05  -3.9202344e+05
   1.0100000e+01   2.3620522e+05  -4.1534469e+05
   1.0200000e+01   2.4619712e+05  -4.4325834e+05
   1.0300000e+01   2.4759541e+05  -4.7716938e+05
   1.0400000e+01   2.3634216e+05  -5.1416309e+05
   1.0500000e+01   2.1213122e+05  -5.5029825e+05
   1.0600000e+01   1.7858731e+05  -5.8377788e+05
   1.0700000e+01   1.4005000e+05  -6.1437412e+05
   1.0800000e+01   9.7947562e+04  -6.4014425e+05
   1.0900000e+01   5.0537867e+04  -6.5569494e+05
   1.1000000e+01  -3.9383652e+03  -6.5440569e+05
   1.1100000e+01  -6.4478023e+04  -6.3251675e+05
   1.1200000e+01  -1.2786972e+05  -5.9093388e+05
   1.1300000e+01  -1.9121416e+05  -5.3303812e+05
   1.1400000e+01  -2.5277941e+05  -4.6086734e+05
   1.1500000e+01  -3.1009566e+05  -3.7354838e+05
   1.1600000e+01  -3.5809644e+05  -2.6940728e+05
   1.1700000e+01  -3.9041172e+05  -1.4942461e+05
   1.1800000e+01  -4.0327619e+05  -1.8509227e+04
   1.1900000e+01  -3.9828712e+05   1.1632891e+05
   1.2000000e+01  -3.8100897e+05   2.4839670e+05
   1.2100000e+01  -3.5628275e+05   3.7165572e+05
   1.2200000e+01  -3.2417759e+05   4.7967741e+05
   1.2300000e+01  -2.8012422e+05   5.6636244e+05
   1.2400000e+01  -2.1935481e+05   6.2938525e+05
   1.2500000e+01  -1.4216186e+05   6.7284294e+05
   1.2600000e+01  -5.5603180e+04   7.0487212e+05
   1.2700000e+01   2.9910459e+04   7.3094500e+05
   1.2800000e+01   1.0631595e+05   7.4872350e+05
   1.2900000e+01   1.7100994e+05   7.4945806e+05
   1.3000000e+01   2.2499736e+05   7.2474106e+05
   1.3100000e+01   2.6851022e+05   6.7274531e+05
   1.3200000e+01   2.9880731e+05   5.9941719e+05
   1.3300000e+01   3.1218031e+05   5.1496428e+05
   1.3400000e+01   3.0750244e+05   4.2912691e+05
   1.3500000e+01   2.8712078e+05   3.4822247e+05
   1.3600000e+01   2.5420200e+05   2.7478631e+05
   1.3700000e+01   2.0986673e+05   2.0899148e+05
   1.3800000e+01   1.5364342e+05   1.5039630e+05
   1.3900000e+01   8.6707398e+04   9.8840180e+04
   1.4000000e+01   1.3943018e+04   5.4327559e+04
   1.4100000e+01  -5.7781422e+04   1.6719082e+04
   1.4200000e+01  -1.2328499e+05  -1.4108305e+04
   1.4300000e+01  -1.8075927e+05  -3.7977297e+04
   1.4400000e+01  -2.3021234e+05  -5.4708246e+04
   1.4500000e+01  -2.7123794e+05  -6.4875578e+04
   1.4600000e+01  -3.0281734e+05  -7.0167242e+04
   1.4700000e+01  -3.2460366e+05  -7.2950547e+04
   1.4800000e+01  -3.3719862e+05  -7.5552922e+04
   1.4900000e+01  -3.4080459e+05  -7.9828430e+04
   1.5000000e+01  -3.3432178e+05  -8.6942156e+04
   1.5100000e+01  -3.1647794e+05  -9.7136391e+04
   1.5200000e+01  -2.8766856e+05  -1.0976530e+05
   1.5300000e+01  -2.5009875e+05  -1.2412316e+05
   1.5400000e+01  -2.0612702e+05  -1.4093981e+05
   1.5500000e+01  -1.5711938e+05  -1.6347045e+05
   1.5600000e+01  -1.0429025e+05  -1.9688394e+05
   1.5700000e+01  -5.0177164e+04  -2.4563089e+05
   1.5800000e+01   1.5391108e+03  -3.1021466e+05
   1.5900000e+01   4.8044805e+04  -3.8588756e+05
   1.6000000e+01   8.9102281e+04  -4.6472225e+05
   1.6100000e+01   1.2664749e+05  -5.3954119e+05
   1.6200000e+01   1.6277114e+05  -6.0621044e+05
   1.6300000e+01   1.9807733e+05  -6.6238456e+05
   1.6400000e+01   2.3171603e+05  -7.0457206e+05
   1.6500000e+01   2.6262509e+05  -7.2700762e+05
   1.6600000e+01   2.9054869e+05  -7.2339788e+05
   1.6700000e+01   3.1591397e+05  -6.8937294e+05
   1.6800000e+01   3.3893156e+05  -6.2337681e+05
   1.6900000e+01   3.5906494e+05  -5.2630888e+05
   1.7000000e+01   3.7552541e+05  -4.0151109e+05
   1.7100000e+01   3.8819906e+05  -2.5518962e+05
   1.7200000e+01   3.9780934e+05  -9.5838055e+04
   1.7300000e+01   4.0495934e+05   6.7720320e+04
   1.7400000e+01   4.0903194e+05   2.2803069e+05
   1.7500000e+01   4.0808925e+05   3.7899100e+05
   1.7600000e+01   3.9968344e+05   5.1498725e+05
   1.7700000e+01   3.8148278e+05   6.3115050e+05
   1.7800000e+01   3.5115609e+05   7.2490538e+05
   1.7900000e+01   3.0625691e+05   7.9670912e+05
   1.8000000e+01   2.4507744e+05   8.4831181e+05
   1.8100000e+01   1.6815894e+05   8.7962988e+05
   1.8200000e+01   7.8944828e+04   8.8707006e+05
   1.8300000e+01  -1.7430039e+04   8.6491962e+05
   1.8400000e+01  -1.1638292e+05   8.0875831e+05
   1.8500000e+01  -2.1515547e+05   7.1845125e+05
   1.8600000e+01  -3.1197491e+05   5.9902081e+05
   1.8700000e+01  -4.0408275e+05   4.5929900e+05
   1.8800000e+01  -4.8681178e+05   3.0935034e+05
   1.8900000e+01  -5.5485569e+05   1.5795138e+05
   1.9000000e+01  -6.0465306e+05   1.1099034e+04
   1.9100000e+01  -6.3567231e+05  -1.2809151e+05
   1.9200000e+01  -6.4947825e+05  -2.5829689e+05
   1.9300000e+01  -6.4750112e+05  -3.7815191e+05
   1.9400000e+01  -6.2938569e+05  -4.8435400e+05
   1.9500000e+01  -5.9309094e+05  -5.7092181e+05
   1.9600000e+01  -5.3658031e+05  -6.3085212e+05
   1.9700000e+01  -4.6003209e+05  -6.5978806e+05
   1.9800000e+01  -3.6717950e+05  -6.5885775e+05
   1.9900000e+01  -2.6474634e+05  -6.3363381e+05
   2.0000000e+01  -1.6017783e+05  -5.8965681e+05
   2.0100000e+01  -5.9329172e+04  -5.2885850e+05
   2.0200000e+01   3.4136293e+04  -4.5067394e+05
   2.0300000e+01   1.1767971e+05  -3.5655897e+05
   2.0400000e+01   1.8891620e+05  -2.5279114e+05
   2.0500000e+01   2.4598527e+05  -1.4839573e+05
   2.0600000e+01   2.8845891e+05  -5.0532031e+04
   2.0700000e+01   3.1726222e+05   3.7800586e+04
   2.0800000e+01   3.3358359e+05   1.1586070e+05
   2.0900000e+01   3.3814906e+05   1.8175406e+05
   2.1000000e+01   3.3152284e+05   2.3127473e+05
   2.1100000e+01   3.1459656e+05   2.5997520e+05
   2.1200000e+01   2.8855138e+05   2.6638978e+05
   2.1300000e+01   2.5492241e+05   2.5376662e+05
   2.1400000e+01   2.1649536e+05   2.2913659e+05
   2.1500000e+01   1.7817712e+05   2.0032639e+05
   2.1600000e+01   1.4626000e+05   1.7265612e+05
   2.1700000e+01   1.2609448e+05   1.4735498e+05
   2.1800000e+01   1.2011220e+05   1.2287213e+05
   2.1900000e+01   1.2780356e+05   9.8307055e+04
   2.2000000e+01   1.4719877e+05   7.6364883e+04
   2.2100000e+01   1.7622577e+05   6.3285336e+04
   2.2200000e+01   2.1297806e+05   6.5489812e+04
   2.2300000e+01   2.5503088e+05   8.5426219e+04
   2.2400000e+01   2.9840878e+05   1.1983254e+05
   2.2500000e+01   3.3701597e+05   1.6166506e+05
   2.2600000e+01   3.6350562e+05   2.0398231e+05
   2.2700000e+01   3.7178225e+05   2.4268862e+05
   2.2800000e+01   3.5955353e+05   2.7628662e+05
   2.2900000e+01   3.2858953e+05   3.0345069e+05
   2.3000000e+01   2.8223697e+05   3.2100369e+05
   2.3100000e+01   2.2259650e+05   3.2428878e+05
   2.3200000e+01   1.5011898e+05   3.0956762e+05
   2.3300000e+01   6.5525957e+04   2.7612819e+05
   2.3400000e+01  -2.8674910e+04   2.2613156e+05
   2.3500000e+01  -1.2894971e+05   1.6258681e+05
   2.3600000e+01  -2.3245830e+05   8.7802906e+04
   2.3700000e+01  -3.3704328e+05   3.9845996e+03
   2.3800000e+01  -4.3901662e+05  -8.4992664e+04
   2.3900000e+01  -5.3131694e+05  -1.7312005e+05
   2.4000000e+01  -6.0474206e+05  -2.5405722e+05
   2.4100000e+01  -6.5194900e+05  -3.2338753e+05
   2.4200000e+01  -6.7102538e+05  -3.7903162e+05
   2.4300000e+01  -6.6560725e+05  -4.1995103e+05
   2.4400000e+01  -6.4147994e+05  -4.4533838e+05
   2.4500000e+01  -6.0259831e+05  -4.5535731e+05
   2.4600000e+01  -5.4983462e+05  -4.5179706e+05
   2.4700000e+01  -4.8309688e+05  -4.3683100e+05
   2.4800000e+01  -4.0414700e+05  -4.1102478e+05
   2.4900000e+01  -3.1689366e+05  -3.7364681e+05
   2.5000000e+01  -2.2507164e+05  -3.2582606e+05
   2.5100000e+01  -1.3058723e+05  -2.7299122e+05
   2.5200000e+01  -3.5047547e+04  -2.2302631e+05
   2.5300000e+01   5.7367016e+04  -1.8141905e+05
   2.5400000e+01   1.3981448e+05  -1.4839958e+05
   2.5500000e+01   2.0633055e+05  -1.2084402e+05
   2.5600000e+01   2.5505869e+05  -9.6393695e+04
   2.5700000e+01   2.8753228e+05  -7.5465367e+04
   2.5800000e+01   3.0550959e+05  -6.0094547e+04
   2.5900000e+01   3.0974434e+05  -5.1883027e+04
   2.6000000e+01   3.0181134e+05  -5.0852867e+04
   2.6100000e+01   2.8560222e+05  -5.4926461e+04
   2.6200000e+01   2.6581225e+05  -5.9726055e+04
   2.6300000e+01   2.4524852e+05  -5.9620992e+04
   2.6400000e+01   2.2433594e+05  -5.0193867e+04
   2.6500000e+01   2.0288119e+05  -3.0062932e+04
   2.6600000e+01   1.8127770e+05  -1.7642773e+02
   2.6700000e+01   1.5993008e+05   3.8173945e+04
   2.6800000e+01   1.3868323e+05   8.3812484e+04
   2.6900000e+01   1.1772299e+05   1.3447295e+05
   2.7000000e+01   9.8693148e+04   1.8673291e+05
   2.7100000e+01   8.4230977e+04   2.3829325e+05
   2.7200000e+01   7.6491992e+04   2.8979559e+05
   2.7300000e+01   7.6558383e+04   3.4326509e+05
   2.7400000e+01   8.4857844e+04   3.9879678e+05
   2.7500000e+01   1.0095952e+05   4.5371716e+05
   2.7600000e+01   1.2244912e+05   5.0506169e+05
   2.7700000e+01   1.4490961e+05   5.5161719e+05
   2.7800000e+01   1.6423864e+05   5.9273344e+05
   2.7900000e+01   1.7914672e+05   6.2606369e+05
   2.8000000e+01   1.9064236e+05   6.4782156e+05
   2.8100000e+01   1.9878097e+05   6.5489650e+05
   2.8200000e+01   2.0067694e+05   6.4498481e+05
   2.8300000e+01   1.9257719e+05   6.1404800e+05
   2.8400000e+01   1.7381431e+05   5.5546344e+05
   2.8500000e+01   1.4798280e+05   4.6414669e+05
   2.8600000e+01   1.1994944e+05   3.4227888e+05
   2.8700000e+01   9.2165531e+04   2.0010428e+05
   2.8800000e+01   6.4145105e+04   5.0474395e+04
   2.8900000e+01   3.4835277e+04  -9.7048203e+04
   2.9000000e+01   4.5263223e+03  -2.3684403e+05
   2.9100000e+01  -2.5511336e+04  -3.6389622e+05
   2.9200000e+01  -5.4196746e+04  -4.7223053e+05
   2.9300000e+01  -8.0802289e+04  -5.5758669e+05
   2.9400000e+01  -1.0469220e+05  -6.2060244e+05
   2.9500000e+01  -1.2610656e+05  -6.6585600e+05
   2.9600000e+01  -1.4727245e+05  -6.9706175e+05
   2.9700000e+01  -1.7145548e+05  -7.1307025e+05
   2.9800000e+01  -1.9970686e+05  -7.0834094e+05
   2.9900000e+01  -2.2862244e+05  -6.7728044e+05
   3.0000000e+01  -2.5221534e+05  -6.1896206e+05
   3.0100000e+01  -2.6650216e+05  -5.3910606e+05
   3.0200000e+01  -2.7208634e+05  -4.4833156e+05
   3.0300000e+01  -2.7225125e+05  -3.5794872e+05
   3.0400000e+01  -2.6919819e+05  -2.7601938e+05
   3.0500000e+01  -2.6281928e+05  -2.0612728e+05
   3.0600000e+01  -2.5287988e+05  -1.4902819e+05
   3.0700000e+01  -2.4130614e+05  -1.0492143e+05
   3.0800000e+01  -2.3138906e+05  -7.4059422e+04
   3.0900000e+01  -2.2456111e+05  -5.5788109e+04
   3.1000000e+01  -2.1827233e+05  -4.7969609e+04
   3.1100000e+01  -2.0737114e+05  -4.7880523e+04
   3.1200000e+01  -1.8782314e+05  -5.3441945e+04
   3.1300000e+01  -1.5932638e+05  -6.3003691e+04
   3.1400000e+01  -1.2450628e+05  -7.3648352e+04
   3.1500000e+01  -8.5781711e+04  -7.9897352e+04
   3.1600000e+01  -4.3435602e+04  -7.4497492e+04
   3.1700000e+01   2.7615247e+03  -5.0941141e+04
   3.1800000e+01   5.0106621e+04  -5.8059746e+03
   3.1900000e+01   9.2102031e+04   6.0526520e+04
   3.2000000e+01   1.2221459e+05   1.4446773e+05
   3.2100000e+01   1.3889130e+05   2.3990134e+05
   3.2200000e+01   1.4640120e+05   3.3857156e+05
   3.2300000e+01   1.5042617e+05   4.3109784e+05
   3.2400000e+01   1.5324288e+05   5.0925281e+05
   3.2500000e+01   1.5354981e+05   5.6832525e+05
   3.2600000e+01   1.5020467e+05   6.0741975e+05
   3.2700000e+01   1.4469809e+05   6.2708819e+05
   3.2800000e+01   1.3951992e+05   6.2640144e+05
   3.2900000e+01   1.3515398e+05   6.0235100e+05
   3.3000000e+01   1.2984082e+05   5.5231294e+05
   3.3100000e+01   1.2217679e+05   4.7737950e+05
   3.3200000e+01   1.1302211e+05   3.8355600e+05
   3.3300000e+01   1.0462884e+05   2.7974334e+05
   3.3400000e+01   9.8686898e+04   1.7419720e+05
   3.3500000e+01   9.5775734e+04   7.2345898e+04
   3.3600000e+01   9.6109391e+04  -2.2606881e+04
   3.3700000e+01   9.9762414e+04  -1.0763666e+05
   3.3800000e+01   1.0597856e+05  -1.7911720e+05
   3.3900000e+01   1.1297788e+05  -2.3436944e+05
   3.4000000e+01   1.1893110e+05  -2.7364197e+05
   3.4100000e+01   1.2282339e+05  -2.9985747e+05
   3.4200000e+01   1.2401066e+05  -3.1601012e+05
   3.4300000e+01   1.2136927e+05  -3.2295003e+05
   3.4400000e+01   1.1376240e+05  -3.1989241e+05
   3.4500000e+01   1.0161682e+05  -3.0680822e+05
   3.4600000e+01   8.7349734e+04  -2.8581147e+05
   3.4700000e+01   7.3306734e+04  -2.6008136e+05
   3.4800000e+01   5.8928379e+04  -2.3172897e+05
   3.4900000e+01   4.0304125e+04  -2.0090664e+05
   3.5000000e+01   1.3168647e+04  -1.6678025e+05
   3.5100000e+01  -2.3061162e+04  -1.2909839e+05
   3.5200000e+01  -6.3796605e+04  -8.8956367e+04
   3.5300000e+01  -1.0172159e+05  -4.8506375e+04
   3.5400000e+01  -1.3122275e+05  -1.0257438e+04
   3.5500000e+01  -1.5138116e+05   2.3421688e+04
   3.5600000e+01  -1.6547373e+05   5.0529680e+04
   3.5700000e+01  -1.7769450e+05   6.9731602e+04
   3.5800000e+01  -1.8970227e+05   8.0976898e+04
   3.5900000e+01  -1.9939895e+05   8.6116906e+04
   3.6000000e+01  -2.0248327e+05   8.8720641e+04
   3.6100000e+01  -1.9531552e+05   9.2640055e+04
   3.6200000e+01  -1.7693608e+05   1.0002402e+05
   3.6300000e+01  -1.4910211e+05   1.1025637e+05
   3.6400000e+01  -1.1492029e+05   1.2065077e+05
   3.6500000e+01  -7.7487273e+04   1.2821666e+05
   3.6600000e+01  -3.9325055e+04   1.3103346e+05
   3.6700000e+01  -2.3308516e+03   1.2844855e+05
   3.6800000e+01   3.2285551e+04   1.2044695e+05
   3.6900000e+01   6.4091559e+04   1.0692483e+05
   3.7000000e+01   9.3310766e+04   8.7314141e+04
   3.7100000e+01   1.2055648e+05   6.0834219e+04
   3.7200000e+01   1.4658370e+05   2.7549693e+04
   3.7300000e+01   1.7180125e+05  -1.0277809e+04
   3.7400000e+01   1.9526186e+05  -4.8004703e+04
   3.7500000e+01   2.1382888e+05  -8.0684945e+04
   3.7600000e+01   2.2296302e+05  -1.0634491e+05
   3.7700000e+01   2.1937484e+05  -1.2754327e+05
   3.7800000e+01   2.0337434e+05  -1.4938136e+05
   3.7900000e+01   1.7823294e+05  -1.7553458e+05
   3.8000000e+01   1.4679542e+05  -2.0587767e+05
   3.8100000e+01   1.0896984e+05  -2.3744267e+05
   3.8200000e+01   6.3130477e+04  -2.6690631e+05
   3.8300000e+01   9.9644473e+03  -2.9177584e+05
   3.8400000e+01  -4.5821574e+04  -3.0983931e+05
   3.8500000e+01  -9.8153750e+04  -3.1881547e+05
   3.8600000e+01  -1.4367728e+05  -3.1737494e+05
   3.8700000e+01  -1.8277288e+05  -3.0623972e+05
   3.8800000e+01  -2.1681236e+05  -2.8761397e+05
   3.8900000e+01  -2.4521952e+05  -2.6340388e+05
   3.9000000e+01  -2.6553328e+05  -2.3427534e+05
   3.9100000e+01  -2.7579772e+05  -2.0026780e+05
   3.9200000e+01  -2.7626844e+05  -1.6150294e+05
   3.9300000e+01  -2.6881212e+05  -1.1779727e+05
   3.9400000e+01  -2.5498519e+05  -6.8200828e+04
   3.9500000e+01  -2.3470867e+05  -1.1996745e+04
   3.9600000e+01  -2.0660442e+05   4.9619852e+04
   3.9700000e+01  -1.6969436e+05   1.1365104e+05
   3.9800000e+01  -1.2505183e+05   1.7770142e+05
   3.9900000e+01  -7.5823375e+04   2.4190523e+05
   4.0000000e+01  -2.5518918e+04   3.0773853e+05
   4.0100000e+01   2.3471676e+04   3.7490362e+05
   4.0200000e+01   6.9262594e+04   4.3996362e+05
   4.0300000e+01   1.0870525e+05   4.9820325e+05
   4.0400000e+01   1.3744472e+05   5.4631631e+05
   4.0500000e+01   1.5272314e+05   5.8306538e+05
   4.0600000e+01   1.5595452e+05   6.0809875e+05
   4.0700000e+01   1.5176578e+05   6.2107888e+05
   4.0800000e+01   1.4440109e+05   6.2186050e+05
   4.0900000e+01   1.3568686e+05   6.1045712e+05
   4.1000000e+01   1.2659045e+05   5.8609338e+05
   4.1100000e+01   1.1957221e+05   5.4648169e+05
   4.1200000e+01   1.1790905e+05   4.8845644e+05
   4.1300000e+01   1.2236633e+05   4.0940188e+05
   4.1400000e+01   1.2946490e+05   3.0839438e+05
   4.1500000e+01   1.3403069e+05   1.8719912e+05
   4.1600000e+01   1.3364477e+05   5.1592078e+04
   4.1700000e+01   1.3028288e+05  -8.8220766e+04
   4.1800000e+01   1.2753174e+05  -2.2010597e+05
   4.1900000e+01   1.2643962e+05  -3.3483128e+05
   4.2000000e+01   1.2405002e+05  -4.2927294e+05
   4.2100000e+01   1.1549222e+05  -5.0487572e+05
   4.2200000e+01   9.7222664e+04  -5.6315775e+05
   4.2300000e+01   6.8849797e+04  -6.0321150e+05
   4.2400000e+01   3.3021297e+04  -6.2347569e+05
   4.2500000e+01  -5.7834570e+03  -6.2481669e+05
   4.2600000e+01  -4.2916574e+04  -6.1072438e+05
   4.2700000e+01  -7.5375523e+04  -5.8442950e+05
   4.2800000e+01  -1.0295865e+05  -5.4662950e+05
   4.2900000e+01  -1.2764682e+05  -4.9657150e+05
   4.3000000e+01  -1.5118141e+05  -4.3510631e+05
   4.3100000e+01  -1.7253634e+05  -3.6627666e+05
   4.3200000e+01  -1.8739906e+05  -2.9598838e+05
   4.3300000e+01  -1.9022741e+05  -2.2940967e+05
   4.3400000e+01  -1.7739319e+05  -1.6946988e+05
   4.3500000e+01  -1.4917605e+05  -1.1713109e+05
   4.3600000e+01  -1.0937939e+05  -7.2441164e+04
   4.3700000e+01  -6.3132273e+04  -3.5300215e+04
   4.3800000e+01  -1.4688307e+04  -5.7707969e+03
   4.3900000e+01   3.3162484e+04   1.5806107e+04
   4.4000000e+01   7.8032898e+04   2.9052441e+04
   4.4100000e+01   1.1684233e+05   3.4618816e+04
   4.4200000e+01   1.4628588e+05   3.5721758e+04
   4.4300000e+01   1.6457059e+05   3.8465910e+04
   4.4400000e+01   1.7238297e+05   4.9463406e+04
   4.4500000e+01   1.7166152e+05   7.1855258e+04
   4.4600000e+01   1.6322844e+05   1.0338067e+05
   4.4700000e+01   1.4581778e+05   1.3903423e+05
   4.4800000e+01   1.1768113e+05   1.7623041e+05
   4.4900000e+01   7.9223633e+04   2.1719627e+05
   4.5000000e+01   3.4038645e+04   2.6576275e+05
   4.5100000e+01  -1.2665822e+04   3.2165175e+05
   4.5200000e+01  -5.6782867e+04   3.7816450e+05
   4.5300000e+01  -9.6855430e+04   4.2565744e+05
   4.5400000e+01  -1.3341830e+05   4.5732916e+05
   4.5500000e+01  -1.6696025e+05   4.7194016e+05
   4.5600000e+01  -1.9619378e+05   4.7164888e+05
   4.5700000e+01  -2.1787956e+05   4.5788219e+05
   4.5800000e+01  -2.2836131e+05   4.2942259e+05
   4.5900000e+01  -2.2583831e+05   3.8415466e+05
   4.6000000e+01  -2.1168592e+05   3.2240094e+05
   4.6100000e+01  -1.8952106e+05   2.4858488e+05
   4.6200000e+01  -1.6254259e+05   1.6968216e+05
   4.6300000e+01  -1.3162484e+05   9.1730133e+04
   4.6400000e+01  -9.6247492e+04   1.7219438e+04
   4.6500000e+01  -5.7218738e+04  -5.4606117e+04
   4.6600000e+01  -1.7710025e+04  -1.2490759e+05
   4.6700000e+01   1.8997715e+04  -1.9227062e+05
   4.6800000e+01   5.2160211e+04  -2.5206164e+05
   4.6900000e+01   8.2658883e+04  -2.9864466e+05
   4.7000000e+01   1.0928856e+05  -3.2859659e+05
   4.7100000e+01   1.2754753e+05  -3.4228450e+05
   4.7200000e+01   1.3369497e+05  -3.4272553e+05
   4.7300000e+01   1.2962300e+05  -3.3313016e+05
   4.7400000e+01   1.2201188e+05  -3.1551309e+05
   4.7500000e+01   1.1611277e+05  -2.9127016e+05
   4.7600000e+01   1.1167414e+05  -2.6227831e+05
   4.7700000e+01   1.0600817e+05  -2.3053783e+05
   4.7800000e+01   9.9847602e+04  -1.9637586e+05
   4.7900000e+01   9.8018867e+04  -1.5752523e+05
   4.8000000e+01   1.0405779e+05  -1.1106733e+05
   4.8100000e+01   1.1602603e+05  -5.7178781e+04
   4.8200000e+01   1.2892379e+05  -1.0938818e+03
   4.8300000e+01   1.4010567e+05   4.9086805e+04
   4.8400000e+01   1.5042633e+05   8.6955797e+04
   4.8500000e+01   1.6007234e+05   1.1039227e+05
   4.8600000e+01   1.6515764e+05   1.2011867e+05
   4.8700000e+01   1.5974442e+05   1.1677327e+05
   4.8800000e+01   1.4078131e+05   1.0039358e+05
   4.8900000e+01   1.1036238e+05   7.2512891e+04
   4.9000000e+01   7.3702516e+04   3.7182500e+04
   4.9100000e+01   3.5820625e+04  -1.4532070e+03
   4.9200000e+01  -3.4832617e+02  -4.2384461e+04
   4.9300000e+01  -3.4447527e+04  -8.7266891e+04
   4.9400000e+01  -6.8371836e+04  -1.3609833e+05
   4.9500000e+01  -1.0455676e+05  -1.8403942e+05
   4.9600000e+01  -1.4309867e+05  -2.2338378e+05
   4.9700000e+01  -1.8019609e+05  -2.4848000e+05
   4.9800000e+01  -2.1004342e+05  -2.5792214e+05
   4.9900000e+01  -2.2859552e+05  -2.5206245e+05
   5.0000000e+01  -2.3534358e+05  -2.2987966e+05
   5.0100000e+01  -2.3181620e+05  -1.8964355e+05
   5.0200000e+01  -2.1958066e+05  -1.3235642e+05
   5.0300000e+01  -2.0047520e+05  -6.3075125e+04
   5.0400000e+01  -1.7792752e+05   1.1984604e+04
   5.0500000e+01  -1.5625633e+05   8.9101227e+04
   5.0600000e+01  -1.3775397e+05   1.6710692e+05
   5.0700000e+01  -1.2098942e+05   2.4425961e+05
   5.0800000e+01  -1.0284265e+05   3.1628075e+05
   5.0900000e+01  -8.2252648e+04   3.7801219e+05
   5.1000000e+01  -6.1492676e+04   4.2631097e+05
   5.1100000e+01  -4.3827883e+04   4.6049212e+05
   5.1200000e+01  -3.0688549e+04   4.8017275e+05
   5.1300000e+01  -2.1574248e+04   4.8371788e+05
   5.1400000e+01  -1.5999967e+04   4.6935688e+05
   5.1500000e+01  -1.4219626e+04   4.3733044e+05
   5.1600000e+01  -1.5528021e+04   3.9012797e+05
   5.1700000e+01  -1.6710918e+04   3.3045828e+05
   5.1800000e+01  -1.3481064e+04   2.5956966e+05
   5.1900000e+01  -3.8942012e+03   1.7821636e+05
   5.2000000e+01   1.0303985e+04   8.9489430e+04
   5.2100000e+01   2.6463906e+04   4.0697266e+02
   5.2200000e+01   4.5004945e+04  -7.9915695e+04
   5.2300000e+01   6.9714156e+04  -1.4452375e+05
   5.2400000e+01   1.0346808e+05  -1.9193808e+05
   5.2500000e+01   1.4394022e+05  -2.2576994e+05
   5.2600000e+01   1.8424225e+05  -2.5101017e+05
   5.2700000e+01   2.1797811e+05  -2.7024044e+05
   5.2800000e+01   2.4320300e+05  -2.8288291e+05
   5.2900000e+01   2.6124306e+05  -2.8746109e+05
   5.3000000e+01   2.7248984e+05  -2.8386656e+05
   5.3100000e+01   2.7468334e+05  -2.7307762e+05
   5.3200000e+01   2.6581719e+05  -2.5523248e+05
   5.3300000e+01   2.4790748e+05  -2.2924480e+05
   5.3400000e+01   2.2664944e+05  -1.9527428e+05
   5.3500000e+01   2.0677225e+05  -1.5737406e+05
   5.3600000e+01   1.8791125e+05  -1.2263839e+05
   5.3700000e+01   1.6533755e+05  -9.6866969e+04
   5.3800000e+01   1.3474267e+05  -8.0917891e+04
   5.3900000e+01   9.6278812e+04  -7.1390656e+04
   5.4000000e+01   5.4209203e+04  -6.4558949e+04
   5.4100000e+01   1.3130143e+04  -5.9210629e+04
   5.4200000e+01  -2.5160809e+04  -5.5957562e+04
   5.4300000e+01  -6.1331266e+04  -5.4898215e+04
   5.4400000e+01  -9.5781258e+04  -5.4909438e+04
   5.4500000e+01  -1.2689858e+05  -5.5149805e+04
   5.4600000e+01  -1.5221061e+05  -5.6475988e+04
   5.4700000e+01  -1.7096769e+05  -6.0828953e+04
   5.4800000e+01  -1.8522023e+05  -6.9169758e+04
   5.4900000e+01  -1.9827584e+05  -7.9954578e+04
   5.5000000e+01  -2.1221108e+05  -8.9356156e+04
   5.5100000e+01  -2.2679953e+05  -9.3013242e+04
   5.5200000e+01  -2.4046919e+05  -8.8277016e+04
   5.5300000e+01  -2.5191759e+05  -7.5514391e+04
   5.5400000e+01  -2.6071288e+05  -5.7115312e+04
   5.5500000e+01  -2.6650916e+05  -3.4421203e+04
   5.5600000e+01  -2.6798634e+05  -5.3487285e+03
   5.5700000e+01  -2.6297509e+05   3.4056422e+04
   5.5800000e+01  -2.5005909e+05   8.4530312e+04
   5.5900000e+01  -2.3017338e+05   1.3994858e+05
   5.6000000e+01  -2.0625203e+05   1.8985367e+05
   5.6100000e+01  -1.8080338e+05   2.2673855e+05
   5.6200000e+01  -1.5373811e+05   2.5108259e+05
   5.6300000e+01  -1.2284777e+05   2.6891650e+05
   5.6400000e+01  -8.6536570e+04   2.8445666e+05
   5.6500000e+01  -4.5898840e+04   2.9548219e+05
   5.6600000e+01  -4.0358635e+03   2.9585541e+05
   5.6700000e+01   3.6424285e+04   2.8183331e+05
   5.6800000e+01   7.4983398e+04   2.5528252e+05
   5.6900000e+01   1.1281915e+05   2.2099570e+05
   5.7000000e+01   1.5115734e+05   1.8169769e+05
   5.7100000e+01   1.9002566e+05   1.3607530e+05
   5.7200000e+01   2.2801578e+05   8.1272359e+04
   5.7300000e+01   2.6276362e+05   1.6798529e+04
   5.7400000e+01   2.9162619e+05  -5.3808617e+04
   5.7500000e+01   3.1215456e+05  -1.2442459e+05
   5.7600000e+01   3.2227334e+05  -1.8905378e+05
   5.7700000e+01   3.2052700e+05  -2.4364212e+05
   5.7800000e+01   3.0675962e+05  -2.8615631e+05
   5.7900000e+01   2.8282266e+05  -3.1546256e+05
   5.8000000e+01   2.5229402e+05  -3.3012384e+05
   5.8100000e+01   2.1885123e+05  -3.2811638e+05
   5.8200000e+01   1.8436322e+05  -3.0782491e+05
   5.8300000e+01   1.4821073e+05  -2.6971716e+05
   5.8400000e+01   1.0832915e+05  -2.1739277e+05
   5.8500000e+01   6.3232129e+04  -1.5692969e+05
   5.8600000e+01   1.3878735e+04  -9.4671578e+04
   5.8700000e+01  -3.5652750e+04  -3.4946301e+04
   5.8800000e+01  -7.9451945e+04   2.0553500e+04
   5.8900000e+01  -1.1271975e+05   7.1356727e+04
   5.9000000e+01  -1.3434508e+05   1.1630434e+05
   5.9100000e+01  -1.4678292e+05   1.5322112e+05
   5.9200000e+01  -1.5332870e+05   1.8057467e+05
   5.9300000e+01  -1.5570358e+05   1.9922212e+05
   5.9400000e+01  -1.5434205e+05   2.1204264e+05
   5.9500000e+01  -1.5019134e+05   2.2152044e+05
   5.9600000e+01  -1.4489733e+05   2.2765809e+05
   5.9700000e+01  -1.3879306e+05   2.2825423e+05
   5.9800000e+01  -1.2968912e+05   2.2108317e+05
   5.9900000e+01  -1.1488022e+05   2.0586020e+05
   6.0000000e+01  -9.4498859e+04   1.8469362e+05
   6.0100000e+01  -7.2208992e+04   1.6141350e+05
   6.0200000e+01  -5.2329164e+04   1.4054544e+05
   6.0300000e+01  -3.6729652e+04   1.2597100e+05
   6.0400000e+01  -2.4711711e+04   1.1925156e+05
   6.0500000e+01  -1.5122431e+04   1.1847808e+05
   6.0600000e+01  -7.6697588e+03   1.1874030e+05
   6.0700000e+01  -2.3373359e+03   1.1406845e+05
   6.0800000e+01   1.4471740e+03   9.9414297e+04
   6.0900000e+01   4.5056553e+03   7.1554398e+04
   6.1000000e+01   7.2288848e+03   2.9186949e+04
   6.1100000e+01   9.6490664e+03  -2.6953982e+04
   6.1200000e+01   1.1698392e+04  -9.3956031e+04
   6.1300000e+01   1.2582842e+04  -1.6723497e+05
   6.1400000e+01   1.0090578e+04  -2.4171525e+05
   6.1500000e+01   1.7857209e+03  -3.1264694e+05
   6.1600000e+01  -1.2188965e+04  -3.7534022e+05
   6.1700000e+01  -2.7969771e+04  -4.2471312e+05
   6.1800000e+01  -4.0836324e+04  -4.5618800e+05
   6.1900000e+01  -4.9767508e+04  -4.6778697e+05
   6.2000000e+01  -5.8670844e+04  -4.6110688e+05
   6.2100000e+01  -7.2452641e+04  -4.3937900e+05
   6.2200000e+01  -9.1783055e+04  -4.0413850e+05
   6.2300000e+01  -1.1185851e+05  -3.5415344e+05
   6.2400000e+01  -1.2603234e+05  -2.8802412e+05
   6.2500000e+01  -1.3023844e+05  -2.0750659e+05
   6.2600000e+01  -1.2413596e+05  -1.1771408e+05
   6.2700000e+01  -1.0901536e+05  -2.4278395e+04
   6.2800000e+01  -8.5510586e+04   6.8753562e+04
   6.2900000e+01  -5.3280648e+04   1.5799680e+05
   6.3000000e+01  -1.2245705e+04   2.3897069e+05
   6.3100000e+01   3.6118926e+04   3.0682753e+05
   6.3200000e+01   8.8284836e+04   3.5910141e+05
   6.3300000e+01   1.3921125e+05   3.9680150e+05
   6.3400000e+01   1.8401333e+05   4.2216881e+05
   6.3500000e+01   2.2013052e+05   4.3578200e+05
   6.3600000e+01   2.4824980e+05   4.3630116e+05
   6.3700000e+01   2.7059950e+05   4.2245553e+05
   6.3800000e+01   2.8769194e+05   3.9430219e+05
   6.3900000e+01   2.9667700e+05   3.5268488e+05
   6.4000000e+01   2.9328444e+05   2.9884109e+05
   6.4100000e+01   2.7561519e+05   2.3560127e+05
   6.4200000e+01   2.4588678e+05   1.6854297e+05
   6.4300000e+01   2.0830689e+05   1.0466197e+05
   6.4400000e+01   1.6540742e+05   4.9060609e+04
   6.4500000e+01   1.1680773e+05   2.8207275e+03
   6.4600000e+01   6.1676473e+04  -3.5979504e+04
   6.4700000e+01   2.0991738e+03  -6.9574203e+04
   6.4800000e+01  -5.6430777e+04  -9.8944070e+04
   6.4900000e+01  -1.0805670e+05  -1.2425952e+05
   6.5000000e+01  -1.4995483e+05  -1.4590302e+05
   6.5100000e+01  -1.8252347e+05  -1.6453306e+05
   6.5200000e+01  -2.0637425e+05  -1.8022984e+05
   6.5300000e+01  -2.1977202e+05  -1.9194195e+05
   6.5400000e+01  -2.1972383e+05  -1.9819547e+05
   6.5500000e+01  -2.0568166e+05  -1.9878144e+05
   6.5600000e+01  -1.8158986e+05  -1.9595733e+05
   6.5700000e+01  -1.5372136e+05  -1.9370212e+05
   6.5800000e+01  -1.2657763e+05  -1.9522116e+05
   6.5900000e+01  -1.0129095e+05  -2.0086353e+05
   6.6000000e+01  -7.7757547e+04  -2.0850605e+05
   6.6100000e+01  -5.7187688e+04  -2.1585948e+05
   6.6200000e+01  -4.1663066e+04  -2.2202944e+05
   6.6300000e+01  -3.1636555e+04  -2.2681061e+05
   6.6400000e+01  -2.5174617e+04  -2.2915345e+05
   6.6500000e+01  -2.0243701e+04  -2.2698455e+05
   6.6600000e+01  -1.6997945e+04  -2.1827572e+05
   6.6700000e+01  -1.6928707e+04  -2.0157931e+05
   6.6800000e+01  -2.0063062e+04  -1.7565559e+05
   6.6900000e+01  -2.4110723e+04  -1.3974120e+05
   6.7000000e+01  -2.6754213e+04  -9.4984086e+04
   6.7100000e+01  -2.7940045e+04  -4.5061555e+04
   6.7200000e+01  -2.9103219e+04   5.6680986e+03
   6.7300000e+01  -3.0570523e+04   5.4777742e+04
   6.7400000e+01  -3.0912074e+04   1.0193162e+05
   6.7500000e+01  -2.9303777e+04   1.4637092e+05
   6.7600000e+01  -2.7775867e+04   1.8511222e+05
   6.7700000e+01  -3.0143211e+04   2.1443797e+05
   6.7800000e+01  -3.8447875e+04   2.3305228e+05
   6.7900000e+01  -5.0729375e+04   2.4322800e+05
   6.8000000e+01  -6.2417742e+04   2.4875258e+05
   6.8100000e+01  -6.9757469e+04   2.5202138e+05
   6.8200000e+01  -7.1840188e+04   2.5307069e+05
   6.8300000e+01  -6.9605602e+04   2.5089662e+05
   6.8400000e+01  -6.3312805e+04   2.4525597e+05
   6.8500000e+01  -5.1389668e+04   2.3723336e+05
   6.8600000e+01  -3.2081688e+04   2.2843977e+05
   6.8700000e+01  -6.3370781e+03   2.2000017e+05
   6.8800000e+01   2.1312197e+04   2.1244038e+05
   6.8900000e+01   4.5544344e+04   2.0639238e+05
   6.9000000e+01   6.4678898e+04   2.0300681e+05
   6.9100000e+01   8.2535445e+04   2.0330262e+05
   6.9200000e+01   1.0547577e+05   2.0701164e+05
   6.9300000e+01   1.3685662e+05   2.1210302e+05
   6.9400000e+01   1.7368369e+05   2.1537725e+05
   6.9500000e+01   2.0838362e+05   2.1353575e+05
   6.9600000e+01   2.3414138e+05   2.0416462e+05
   6.9700000e+01   2.4925927e+05   1.8652362e+05
   6.9800000e+01   2.5696272e+05   1.6184525e+05
   6.9900000e+01   2.6109186e+05   1.3259856e+05
   7.0000000e+01   2.6177055e+05   1.0096940e+05
   7.0100000e+01   2.5516536e+05   6.7901492e+04
   7.0200000e+01   2.3753283e+05   3.3544832e+04
   7.0300000e+01   2.0947133e+05  -1.9026357e+03
   7.0400000e+01   1.7599895e+05  -3.8590816e+04
   7.0500000e+01   1.4230673e+05  -7.8453500e+04
   7.0600000e+01   1.0946125e+05  -1.2553733e+05
   7.0700000e+01   7.4343406e+04  -1.8380786e+05
   7.0800000e+01   3.3793156e+04  -2.5378998e+05
   7.0900000e+01  -1.1224562e+04  -3.3094884e+05
   7.1000000e+01  -5.5562965e+04  -4.0732512e+05
   7.1100000e+01  -9.4037727e+04  -4.7518872e+05
   7.1200000e+01  -1.2575866e+05  -5.2999288e+05
   7.1300000e+01  -1.5438278e+05  -5.7069444e+05
   7.1400000e+01  -1.8403678e+05  -5.9770562e+05
   7.1500000e+01  -2.1509680e+05  -6.1065594e+05
   7.1600000e+01  -2.4413270e+05  -6.0813988e+05
   7.1700000e+01  -2.6771428e+05  -5.8946469e+05
   7.1800000e+01  -2.8557891e+05  -5.5609688e+05
   7.1900000e+01  -2.9982275e+05  -5.1077300e+05
   7.2000000e+01  -3.1171350e+05  -4.5512641e+05
   7.2100000e+01  -3.2010700e+05  -3.8875550e+05
   7.2200000e+01  -3.2267259e+05  -3.1113962e+05
   7.2300000e+01  -3.1757512e+05  -2.2434136e+05
   7.2400000e+01  -3.0374950e+05  -1.3330484e+05
   7.2500000e+01  -2.8079978e+05  -4.3210914e+04
   7.2600000e+01  -2.4987388e+05   4.3444043e+04
   7.2700000e+01  -2.1424536e+05   1.2726295e+05
   7.2800000e+01  -1.7753908e+05   2.0973898e+05
   7.2900000e+01  -1.4060300e+05   2.9055262e+05
   7.3000000e+01  -1.0066914e+05   3.6648272e+05
   7.3100000e+01  -5.4312883e+04   4.3263044e+05
   7.3200000e+01  -1.1864526e+03   4.8523216e+05
   7.3300000e+01   5.5450773e+04   5.2421153e+05
   7.3400000e+01   1.1154123e+05   5.5319744e+05
   7.3500000e+01   1.6489167e+05   5.7621019e+05
   7.3600000e+01   2.1505362e+05   5.9342844e+05
   7.3700000e+01   2.6135428e+05   6.0028388e+05
   7.3800000e+01   3.0171691e+05   5.9147262e+05
   7.3900000e+01   3.3338519e+05   5.6613031e+05
   7.4000000e+01   3.5450847e+05   5.2848188e+05
   7.4100000e+01   3.6511956e+05   4.8291047e+05
   7.4200000e+01   3.6694141e+05   4.2891312e+05
   7.4300000e+01   3.6218134e+05   3.6195250e+05
   7.4400000e+01   3.5183762e+05   2.7957794e+05
   7.4500000e+01   3.3457394e+05   1.8598280e+05
   7.4600000e+01   3.0743503e+05   8.9853859e+04
   7.4700000e+01   2.6847447e+05  -2.0392354e+03
   7.4800000e+01   2.1923378e+05  -8.8532930e+04
   7.4900000e+01   1.6447098e+05  -1.7156062e+05
   7.5000000e+01   1.0903134e+05  -2.5091609e+05
   7.5100000e+01   5.4980473e+04  -3.2213209e+05
   7.5200000e+01   2.0775195e+03  -3.7919947e+05
   7.5300000e+01  -4.9142590e+04  -4.1863481e+05
   7.5400000e+01  -9.5574562e+04  -4.4073728e+05
   7.5500000e+01  -1.3334094e+05  -4.4755972e+05
   7.5600000e+01  -1.6095820e+05  -4.4054172e+05
   7.5700000e+01  -1.7997019e+05  -4.2043847e+05
   7.5800000e+01  -1.9250209e+05  -3.8908116e+05
   7.5900000e+01  -1.9906280e+05  -3.5032559e+05
   7.6000000e+01  -1.9921014e+05  -3.0857488e+05
   7.6100000e+01  -1.9365475e+05  -2.6619675e+05
   7.6200000e+01  -1.8469931e+05  -2.2257930e+05
   7.6300000e+01  -1.7461659e+05  -1.7584459e+05
   7.6400000e+01  -1.6443739e+05  -1.2540309e+05
   7.6500000e+01  -1.5459628e+05  -7.2906867e+04
   7.6600000e+01  -1.4586203e+05  -2.1243848e+04
   7.6700000e+01  -1.3867077e+05   2.6787723e+04
   7.6800000e+01  -1.3177789e+05   6.8923852e+04
   7.6900000e+01  -1.2267952e+05   1.0354335e+05
   7.7000000e+01  -1.1002536e+05   1.3032076e+05
   7.7100000e+01  -9.5310102e+04   1.5088256e+05
   7.7200000e+01  -8.1648070e+04   1.6811348e+05
   7.7300000e+01  -7.0833570e+04   1.8409347e+05
   7.7400000e+01  -6.1836066e+04   1.9850602e+05
   7.7500000e+01  -5.2175352e+04   2.0919669e+05
   7.7600000e+01  -4.0587488e+04   2.1436016e+05
   7.7700000e+01  -2.8376066e+04   2.1412536e+05
   7.7800000e+01  -1.8344781e+04   2.1004939e+05
   7.7900000e+01  -1.2329137e+04   2.0332638e+05
   7.8000000e+01  -9.3898945e+03   1.9380941e+05
   7.8100000e+01  -6.2015938e+03   1.8085939e+05
   7.8200000e+01   6.0000342e+02   1.6478072e+05
   7.8300000e+01   1.2143428e+04   1.4677112e+05
   7.8400000e+01   2.7175572e+04   1.2708714e+05
   7.8500000e+01   4.3923672e+04   1.0371812e+05
   7.8600000e+01   6.1702191e+04   7.3985898e+04
   7.8700000e+01   8.0522906e+04   3.8270930e+04
   7.8800000e+01   9.9570320e+04   1.8895344e+03
   7.8900000e+01   1.1672391e+05  -2.7749059e+04
   7.9000000e+01   1.2969373e+05  -4.6614383e+04
   7.9100000e+01   1.3720727e+05  -5.6749672e+04
   7.9200000e+01   1.3900020e+05  -6.3392926e+04
   7.9300000e+01   1.3530233e+05  -6.9640250e+04
   7.9400000e+01   1.2692101e+05  -7.4192859e+04
   7.9500000e+01   1.1546980e+05  -7.3991000e+04
   7.9600000e+01   1.0264841e+05  -6.8295789e+04
   7.9700000e+01   8.9087875e+04  -5.9981980e+04
   7.9800000e+01   7.4461773e+04  -5.3466055e+04
   7.9900000e+01   5.8920652e+04  -5.1892512e+04
   8.0000000e+01   4.3645371e+04  -5.5868211e+04
   8.0100000e+01   2.9270711e+04  -6.3966449e+04
   8.0200000e+01   1.4297297e+04  -7.4200031e+04
   8.0300000e+01  -3.6304934e+03  -8.5655312e+04
   8.0400000e+01  -2.4351479e+04  -9.9232391e+04
   8.0500000e+01  -4.3773609e+04  -1.1653315e+05
   8.0600000e+01  -5.6513934e+04  -1.3757988e+05
   8.0700000e+01  -5.9739359e+04  -1.5987062e+05
   8.0800000e+01  -5.4012473e+04  -1.8035972e+05
   8.0900000e+01  -4.1005066e+04  -1.9847841e+05
   8.1000000e+01  -2.1853799e+04  -2.1648838e+05
   8.1100000e+01   1.5271172e+03  -2.3619009e+05
   8.1200000e+01   2.4510262e+04  -2.5540567e+05
   8.1300000e+01   4.0902211e+04  -2.6827203e+05
   8.1400000e+01   4.7008684e+04  -2.6922806e+05
   8.1500000e+01   4.4376766e+04  -2.5654361e+05
   8.1600000e+01   3.8017270e+04  -2.3200020e+05
   8.1700000e+01   3.1875387e+04  -1.9773092e+05
   8.1800000e+01   2.6189121e+04  -1.5408281e+05
   8.1900000e+01   1.8891611e+04  -1.0070727e+05
   8.2000000e+01   8.6457480e+03  -3.9227586e+04
   8.2100000e+01  -4.1110215e+03   2.5855324e+04
   8.2200000e+01  -1.8636422e+04   8.9267422e+04
   8.2300000e+01  -3.5232586e+04   1.4796245e+05
   8.2400000e+01  -5.4453059e+04   2.0189128e+05
   8.2500000e+01  -7.5291000e+04   2.5175916e+05
   8.2600000e+01  -9.4860359e+04   2.9617938e+05
   8.2700000e+01  -1.1007395e+05   3.3127484e+05
   8.2800000e+01  -1.1929535e+05   3.5319219e+05
   8.2900000e+01  -1.2221466e+05   3.6096591e+05
   8.3000000e+01  -1.1864946e+05   3.5693119e+05
   8.3100000e+01  -1.0819697e+05   3.4454625e+05
   8.3200000e+01  -9.1209898e+04   3.2602491e+05
   8.3300000e+01  -6.9645680e+04   3.0200066e+05
   8.3400000e+01  -4.6501168e+04   2.7306812e+05
   8.3500000e+01  -2.4285213e+04   2.4114472e+05
   8.3600000e+01  -3.9031177e+03   2.0899272e+05
   8.3700000e+01   1.5374098e+04   1.7830259e+05
   8.3800000e+01   3.5057367e+04   1.4833862e+05
   8.3900000e+01   5.5996621e+04   1.1670530e+05
   8.4000000e+01   7.6834820e+04   8.1678781e+04
   8.4100000e+01   9.3682922e+04   4.3903754e+04
   8.4200000e+01   1.0220593e+05   5.9447832e+03
   8.4300000e+01   1.0093046e+05  -2.9481477e+04
   8.4400000e+01   9.2309219e+04  -6.0587516e+04
   8.4500000e+01   7.9728086e+04  -8.6335250e+04
   8.4600000e+01   6.3495836e+04  -1.0635361e+05
   8.4700000e+01   4.0892930e+04  -1.2180459e+05
   8.4800000e+01   1.0878158e+04  -1.3579097e+05
   8.4900000e+01  -2.2091000e+04  -1.5156355e+05
   8.5000000e+01  -5.0297688e+04  -1.6954391e+05
   8.5100000e+01  -6.8984344e+04  -1.8636119e+05
   8.5200000e+01  -7.9352938e+04  -1.9724216e+05
   8.5300000e+01  -8.5020789e+04  -1.9929078e+05
   8.5400000e+01  -8.6686469e+04  -1.9250352e+05
   8.5500000e+01  -8.1642047e+04  -1.7860775e+05
   8.5600000e+01  -6.8224578e+04  -1.6027602e+05
   8.5700000e+01  -4.9077848e+04  -1.4158453e+05
   8.5800000e+01  -2.9090666e+04  -1.2760277e+05
   8.5900000e+01  -1.0917613e+04  -1.2154891e+05
   8.6000000e+01   6.2414482e+03  -1.2162678e+05
   8.6100000e+01   2.3452855e+04  -1.2125879e+05
   8.6200000e+01   3.8742152e+04  -1.1332180e+05
   8.6300000e+01   4.7664664e+04  -9.4842094e+04
   8.6400000e+01   4.6940375e+04  -6.8373602e+04
   8.6500000e+01   3.7248035e+04  -3.9783641e+04
   8.6600000e+01   2.2824236e+04  -1.4971262e+04
   8.6700000e+01   8.8484316e+03   2.4041631e+03
   8.6800000e+01  -1.0839482e+03   1.1883576e+04
   8.6900000e+01  -6.0929727e+03   1.6040893e+04
   8.7000000e+01  -7.6946943e+03   1.8975918e+04
   8.7100000e+01  -8.4435391e+03   2.3894611e+04
   8.7200000e+01  -1.0225125e+04   3.1554766e+04
   8.7300000e+01  -1.3242723e+04   4.1084387e+04
   8.7400000e+01  -1.6419244e+04   5.2293234e+04
   8.7500000e+01  -1.8672383e+04   6.6841641e+04
   8.7600000e+01  -1.9590754e+04   8.6917930e+04
   8.7700000e+01  -1.8804287e+04   1.1293736e+05
   8.7800000e+01  -1.5131090e+04   1.4266602e+05
   8.7900000e+01  -7.0952744e+03   1.7224633e+05
   8.8000000e+01   5.3386455e+03   1.9766259e+05
   8.8100000e+01   1.9953770e+04   2.1555512e+05
   8.8200000e+01   3.3951473e+04   2.2373644e+05
   8.8300000e+01   4.6721922e+04   2.2184534e+05
   8.8400000e+01   6.0529754e+04   2.1148572e+05
   8.8500000e+01   7.7897055e+04   1.9516078e+05
   8.8600000e+01   9.8271352e+04   1.7472166e+05
   8.8700000e+01   1.1765777e+05   1.5068095e+05
   8.8800000e+01   1.3173758e+05   1.2247430e+05
   8.8900000e+01   1.3917550e+05   8.8647805e+04
   8.9000000e+01   1.4176367e+05   4.6942129e+04
   8.9100000e+01   1.4164102e+05  -4.3979980e+03
   8.9200000e+01   1.3882323e+05  -6.4015379e+04
   8.9300000e+01   1.3149072e+05  -1.2621495e+05
   8.9400000e+01   1.1825827e+05  -1.8355022e+05
   8.9500000e+01   9.9740453e+04  -2.3135462e+05
   8.9600000e+01   7.7871953e+04  -2.6934706e+05
   8.9700000e+01   5.3973660e+04  -2.9854653e+05
   8.9800000e+01   2.7741600e+04  -3.1766266e+05
   8.9900000e+01  -1.8005791e+03  -3.2391050e+05
   9.0000000e+01  -3.4449695e+04  -3.1720853e+05
   9.0100000e+01  -6.8043148e+04  -3.0178897e+05
   9.0200000e+01  -9.9549258e+04  -2.8236647e+05
   9.0300000e+01  -1.2684488e+05  -2.5937680e+05
   9.0400000e+01  -1.4938672e+05  -2.2946388e+05
   9.0500000e+01  -1.6740372e+05  -1.9083972e+05
   9.0600000e+01  -1.8090245e+05  -1.4692077e+05
   9.0700000e+01  -1.8958592e+05  -1.0390771e+05
   9.0800000e+01  -1.9318922e+05  -6.5535121e+04
   9.0900000e+01  -1.9122862e+05  -3.1193719e+04
   9.1000000e+01  -1.8262291e+05   1.2172891e+03
   9.1100000e+01  -1.6665828e+05   3.2025410e+04
   9.1200000e+01  -1.4511867e+05   5.9821809e+04
   9.1300000e+01  -1.2294820e+05   8.3522602e+04
   9.1400000e+01  -1.0553963e+05   1.0296150e+05
   9.1500000e+01  -9.4717336e+04   1.1744084e+05
   9.1600000e+01  -8.7694781e+04   1.2496149e+05
   9.1700000e+01  -8.0212188e+04   1.2395571e+05
   9.1800000e+01  -7.0188648e+04   1.1581283e+05
   9.1900000e+01  -5.7924406e+04   1.0518720e+05
   9.2000000e+01  -4.3607316e+04   9.7570445e+04
   9.2100000e+01  -2.6243947e+04   9.6621586e+04
   9.2200000e+01  -5.7022129e+03   1.0366056e+05
   9.2300000e+01   1.5101352e+04   1.1894555e+05
   9.2400000e+01   3.1304758e+04   1.4241925e+05
   9.2500000e+01   3.9827461e+04   1.7281744e+05
   9.2600000e+01   4.1995680e+04   2.0666295e+05
   9.2700000e+01   4.2830961e+04   2.3921900e+05
   9.2800000e+01   4.8107320e+04   2.6710594e+05
   9.2900000e+01   6.1448797e+04   2.8999266e+05
   9.3000000e+01   8.2755164e+04   3.0955662e+05
   9.3100000e+01   1.0845202e+05   3.2682125e+05
   9.3200000e+01   1.3368239e+05   3.4042075e+05
   9.3300000e+01   1.5527408e+05   3.4682984e+05
   9.3400000e+01   1.7301995e+05   3.4153491e+05
   9.3500000e+01   1.8800220e+05   3.2010316e+05
   9.3600000e+01   1.9991164e+05   2.7940528e+05
   9.3700000e+01   2.0653845e+05   2.1933314e+05
   9.3800000e+01   2.0581738e+05   1.4393281e+05
   9.3900000e+01   1.9747039e+05   6.0361734e+04
   9.4000000e+01   1.8192308e+05  -2.4138109e+04
   9.4100000e+01   1.5804961e+05  -1.0484434e+05
   9.4200000e+01   1.2323052e+05  -1.7952614e+05
   9.4300000e+01   7.6540508e+04  -2.4629198e+05
   9.4400000e+01   2.1892625e+04  -3.0208722e+05
   9.4500000e+01  -3.2464896e+04  -3.4377362e+05
   9.4600000e+01  -7.8102797e+04  -3.7057241e+05
   9.4700000e+01  -1.1068345e+05  -3.8476716e+05
   9.4800000e+01  -1.3093541e+05  -3.8936591e+05
   9.4900000e+01  -1.4213495e+05  -3.8505062e+05
   9.5000000e+01  -1.4680366e+05  -3.6986934e+05
   9.5100000e+01  -1.4538630e+05  -3.4211019e+05
   9.5200000e+01  -1.3735522e+05  -3.0310538e+05
   9.5300000e+01  -1.2299138e+05  -2.5692289e+05
   9.5400000e+01  -1.0397545e+05  -2.0771056e+05
   9.5500000e+01  -8.2562570e+04  -1.5802438e+05
   9.5600000e+01  -6.0544062e+04  -1.0972080e+05
   9.5700000e+01  -3.9034754e+04  -6.5627266e+04
   9.5800000e+01  -1.8939174e+04  -2.9646891e+04
   9.5900000e+01  -1.3108542e+03  -5.3459321e+03
   9.6000000e+01   1.2733205e+04   5.2564688e+03
   9.6100000e+01   2.2223951e+04   1.9350527e+03
   9.6200000e+01   2.6371906e+04  -1.3766645e+04
   9.6300000e+01   2.4559906e+04  -3.8451320e+04
   9.6400000e+01   1.6519711e+04  -6.7350438e+04
   9.6500000e+01   2.5203110e+03  -9.5730125e+04
   9.6600000e+01  -1.6785094e+04  -1.2029050e+05
   9.6700000e+01  -4.0750316e+04  -1.3949783e+05
   9.6800000e+01  -6.8737703e+04  -1.5303552e+05
   9.6900000e+01  -9.9380672e+04  -1.6123662e+05
   9.7000000e+01  -1.2974616e+05  -1.6466420e+05
   9.7100000e+01  -1.5554977e+05  -1.6346266e+05
   9.7200000e+01  -1.7273269e+05  -1.5678088e+05
   9.7300000e+01  -1.7922055e+05  -1.4316423e+05
   9.7400000e+01  -1.7530472e+05  -1.2187223e+05
   9.7500000e+01  -1.6250136e+05  -9.3690898e+04
   9.7600000e+01  -1.4241831e+05  -6.0149422e+04
   9.7700000e+01  -1.1695248e+05  -2.1976438e+04
   9.7800000e+01  -8.9111516e+04   2.1348053e+04
   9.7900000e+01  -6.2509305e+04   7.0352367e+04
   9.8000000e+01  -3.9096531e+04   1.2401181e+05
   9.8100000e+01  -1.7386846e+04   1.7954555e+05
   9.8200000e+01   6.2628672e+03   2.3372244e+05
   9.8300000e+01   3.3858000e+04   2.8430662e+05
   9.8400000e+01   6.3114898e+04   3.3031034e+05
   9.8500000e+01   8.8842172e+04   3.7104500e+05
   9.8600000e+01   1.0710602e+05   4.0511841e+05
   9.8700000e+01   1.1804505e+05   4.3040903e+05
   9.8800000e+01   1.2482367e+05   4.4493675e+05
   9.8900000e+01   1.3037547e+05   4.4772944e+05
   9.9000000e+01   1.3548202e+05   4.3911869e+05
   9.9100000e+01   1.3948738e+05   4.2065997e+05
   9.9200000e+01   1.4168075e+05   3.9486788e+05
   9.9300000e+01   1.4116702e+05   3.6441550e+05
   9.9400000e+01   1.3583141e+05   3.3078706e+05
   9.9500000e+01   1.2287157e+05   2.9363259e+05
   9.9600000e+01   1.0164670e+05   2.5212086e+05
   9.9700000e+01   7.6276227e+04   2.0737562e+05
   9.9800000e+01   5.4561387e+04   1.6309575e+05
   9.9900000e+01   4.2659051e+04   1.2289831e+05
   1.0000000e+02   3.9447086e+04   8.6814430e+04
