   1.1851270e+02   3.6301420e+01   1.8450000e+02
   1.1971772e+02   3.6652335e+01   7.3000000e+00
   0.0000000e+00   2.0723450e+05   2.0723450e+05
   1.0000000e-01   1.0473244e+05   2.5418773e+05
   2.0000000e-01  -2.3705186e+04   2.5680380e+05
   3.0000000e-01  -1.3121742e+05   2.5468842e+05
   4.0000000e-01  -1.8964466e+05   2.7919688e+05
   5.0000000e-01  -2.0472105e+05   3.2795838e+05
   6.0000000e-01  -2.0131984e+05   3.7243222e+05
   7.0000000e-01  -1.9853602e+05   3.8611838e+05
   8.0000000e-01  -1.9891378e+05   3.6393525e+05
   9.0000000e-01  -1.9663373e+05   3.1847528e+05
   1.0000000e+00  -1.9028088e+05   2.6455156e+05
   1.1000000e+00  -1.8552956e+05   2.1056100e+05
   1.2000000e+00  -1.8741969e+05   1.6097112e+05
   1.3000000e+00  -1.9329723e+05   1.2022805e+05
   1.4000000e+00  -1.9507669e+05   9.0687617e+04
   1.5000000e+00  -1.8809850e+05   6.8770289e+04
   1.6000000e+00  -1.7655792e+05   4.7197113e+04
   1.7000000e+00  -1.6955461e+05   2.2598795e+04
   1.8000000e+00  -1.7210831e+05  -5.8932690e+02
   1.9000000e+00  -1.8055941e+05  -1.5518346e+04
   2.0000000e+00  -1.8648889e+05  -2.1837947e+04
   2.1000000e+00  -1.8408845e+05  -2.7428355e+04
   2.2000000e+00  -1.7307441e+05  -4.0192723e+04
   2.3000000e+00  -1.5519000e+05  -5.8811383e+04
   2.4000000e+00  -1.2968301e+05  -7.3105164e+04
   2.5000000e+00  -9.3694031e+04  -7.4347367e+04
   2.6000000e+00  -4.7253266e+04  -6.4974664e+04
   2.7000000e+00   3.1789209e+03  -5.7454812e+04
   2.8000000e+00   4.7577984e+04  -6.3031297e+04
   2.9000000e+00   7.9633180e+04  -8.1205727e+04
   3.0000000e+00   1.0110765e+05  -1.0007555e+05
   3.1000000e+00   1.1860112e+05  -1.0707320e+05
   3.2000000e+00   1.3652308e+05  -9.9755766e+04
   3.3000000e+00   1.5460673e+05  -8.6688961e+04
   3.4000000e+00   1.7233503e+05  -7.8683938e+04
   3.5000000e+00   1.9275372e+05  -8.0230383e+04
   3.6000000e+00   2.1800870e+05  -8.9674992e+04
   3.7000000e+00   2.4111373e+05  -1.0576758e+05
   3.8000000e+00   2.4747241e+05  -1.3030870e+05
   3.9000000e+00   2.3037733e+05  -1.6195747e+05
   4.0000000e+00   2.0506730e+05  -1.8920614e+05
   4.1000000e+00   2.0141591e+05  -1.9460622e+05
   4.2000000e+00   2.3662375e+05  -1.7020288e+05
   4.3000000e+00   2.9423566e+05  -1.2884847e+05
   4.4000000e+00   3.3348328e+05  -9.7031344e+04
   4.5000000e+00   3.2255772e+05  -9.3496758e+04
   4.6000000e+00   2.6407856e+05  -1.1392135e+05
   4.7000000e+00   1.8919492e+05  -1.3652791e+05
   4.8000000e+00   1.2869884e+05  -1.4229661e+05
   4.9000000e+00   8.9984148e+04  -1.2968325e+05
   5.0000000e+00   5.8321191e+04  -1.1140145e+05
   5.1000000e+00   1.5354971e+04  -9.9646742e+04
   5.2000000e+00  -4.5052867e+04  -9.5633891e+04
   5.3000000e+00  -1.1502880e+05  -9.1835109e+04
   5.4000000e+00  -1.8113764e+05  -8.1533781e+04
   5.5000000e+00  -2.3331262e+05  -6.4726734e+04
   5.6000000e+00  -2.6877972e+05  -4.5465543e+04
   5.7000000e+00  -2.9123331e+05  -2.5282617e+04
   5.8000000e+00  -3.0736069e+05  -7.0128613e+02
   5.9000000e+00  -3.2245078e+05   3.2436088e+04
   6.0000000e+00  -3.3701097e+05   7.2939914e+04
   6.1000000e+00  -3.4653859e+05   1.1371395e+05
   6.2000000e+00  -3.4505012e+05   1.4769822e+05
   6.3000000e+00  -3.3006391e+05   1.7373008e+05
   6.4000000e+00  -3.0506984e+05   1.9558470e+05
   6.5000000e+00  -2.7711591e+05   2.1538145e+05
   6.6000000e+00  -2.5116016e+05   2.2927717e+05
   6.7000000e+00  -2.2592431e+05   2.3067417e+05
   6.8000000e+00  -1.9510067e+05   2.1718805e+05
   6.9000000e+00  -1.5317436e+05   1.9321288e+05
   7.0000000e+00  -1.0082433e+05   1.6522536e+05
   7.1000000e+00  -4.5061418e+04   1.3531931e+05
   7.2000000e+00   5.9017676e+03   1.0008617e+05
   7.3000000e+00   4.8050586e+04   5.5693191e+04
   7.4000000e+00   8.2093641e+04   3.6213435e+03
   7.5000000e+00   1.0916352e+05  -4.8277609e+04
   7.6000000e+00   1.2715451e+05  -8.9521273e+04
   7.7000000e+00   1.3269022e+05  -1.1178170e+05
   7.8000000e+00   1.2698523e+05  -1.1173493e+05
   7.9000000e+00   1.1806199e+05  -9.1845797e+04
   8.0000000e+00   1.1467677e+05  -5.9856371e+04
   8.1000000e+00   1.1732003e+05  -2.6295299e+04
   8.2000000e+00   1.1728683e+05   1.0700548e+03
   8.3000000e+00   1.0733588e+05   2.3764348e+04
   8.4000000e+00   9.3400070e+04   5.4060176e+04
   8.5000000e+00   9.2866039e+04   1.0661039e+05
   8.6000000e+00   1.1823947e+05   1.8408516e+05
   8.7000000e+00   1.6222062e+05   2.6922244e+05
   8.8000000e+00   2.0120659e+05   3.3345475e+05
   8.9000000e+00   2.1590814e+05   3.5778175e+05
   9.0000000e+00   2.0917345e+05   3.4792959e+05
   9.1000000e+00   2.0271227e+05   3.2861653e+05
   9.2000000e+00   2.1520895e+05   3.2073559e+05
   9.3000000e+00   2.4289431e+05   3.2216781e+05
   9.4000000e+00   2.6123294e+05   3.0994341e+05
   9.5000000e+00   2.4588806e+05   2.6110544e+05
   9.6000000e+00   1.9309869e+05   1.7243998e+05
   9.7000000e+00   1.2114783e+05   6.1972086e+04
   9.8000000e+00   5.3220641e+04  -4.6464039e+04
   9.9000000e+00  -9.8036572e+02  -1.3950466e+05
   1.0000000e+01  -4.8189676e+04  -2.1764384e+05
   1.0100000e+01  -9.8964391e+04  -2.8650341e+05
   1.0200000e+01  -1.5418514e+05  -3.4748656e+05
   1.0300000e+01  -2.0377427e+05  -3.9664919e+05
   1.0400000e+01  -2.3620638e+05  -4.2986200e+05
   1.0500000e+01  -2.4684445e+05  -4.4619653e+05
   1.0600000e+01  -2.3734752e+05  -4.4572900e+05
   1.0700000e+01  -2.1022853e+05  -4.2609950e+05
   1.0800000e+01  -1.6704638e+05  -3.8384678e+05
   1.0900000e+01  -1.1159300e+05  -3.2005669e+05
   1.1000000e+01  -5.1610605e+04  -2.4367423e+05
   1.1100000e+01   5.2490879e+03  -1.6782688e+05
   1.1200000e+01   5.6737574e+04  -1.0235309e+05
   1.1300000e+01   1.0509752e+05  -4.9912766e+04
   1.1400000e+01   1.4984714e+05  -8.8482383e+03
   1.1500000e+01   1.8273619e+05   2.1280678e+04
   1.1600000e+01   1.9185205e+05   3.7499047e+04
   1.1700000e+01   1.7155319e+05   3.5933578e+04
   1.1800000e+01   1.2796046e+05   1.5392994e+04
   1.1900000e+01   7.4272266e+04  -2.1677031e+04
   1.2000000e+01   2.0794359e+04  -7.0796609e+04
   1.2100000e+01  -3.0614730e+04  -1.2696141e+05
   1.2200000e+01  -8.3522773e+04  -1.8450722e+05
   1.2300000e+01  -1.4003731e+05  -2.3651183e+05
   1.2400000e+01  -1.9745178e+05  -2.7582656e+05
   1.2500000e+01  -2.5066289e+05  -2.9781856e+05
   1.2600000e+01  -2.9616462e+05  -3.0218466e+05
   1.2700000e+01  -3.3252319e+05  -2.9108688e+05
   1.2800000e+01  -3.5717156e+05  -2.6442353e+05
   1.2900000e+01  -3.6439309e+05  -2.1717059e+05
   1.3000000e+01  -3.4860106e+05  -1.4326866e+05
   1.3100000e+01  -3.1056134e+05  -4.4048000e+04
   1.3200000e+01  -2.5898694e+05   6.7529953e+04
   1.3300000e+01  -2.0322034e+05   1.7382936e+05
   1.3400000e+01  -1.4301288e+05   2.6649081e+05
   1.3500000e+01  -6.7411117e+04   3.5328309e+05
   1.3600000e+01   3.2817625e+04   4.4808388e+05
   1.3700000e+01   1.5018097e+05   5.5152888e+05
   1.3800000e+01   2.5965077e+05   6.4237894e+05
   1.3900000e+01   3.3585841e+05   6.9131775e+05
   1.4000000e+01   3.7276294e+05   6.8585075e+05
   1.4100000e+01   3.8628794e+05   6.4178100e+05
   1.4200000e+01   3.9744584e+05   5.8921288e+05
   1.4300000e+01   4.1315138e+05   5.4670062e+05
   1.4400000e+01   4.2289125e+05   5.0835247e+05
   1.4500000e+01   4.1174638e+05   4.5411244e+05
   1.4600000e+01   3.7438150e+05   3.7029891e+05
   1.4700000e+01   3.1682500e+05   2.6046247e+05
   1.4800000e+01   2.4795986e+05   1.3998525e+05
   1.4900000e+01   1.7259792e+05   2.3954477e+04
   1.5000000e+01   9.3300469e+04  -7.9745195e+04
   1.5100000e+01   1.6442365e+04  -1.6949939e+05
   1.5200000e+01  -4.6885770e+04  -2.4632166e+05
   1.5300000e+01  -8.8133070e+04  -3.1183219e+05
   1.5400000e+01  -1.0977173e+05  -3.6759975e+05
   1.5500000e+01  -1.2541067e+05  -4.1416044e+05
   1.5600000e+01  -1.4955678e+05  -4.5011128e+05
   1.5700000e+01  -1.8559755e+05  -4.7287506e+05
   1.5800000e+01  -2.2336158e+05  -4.8104178e+05
   1.5900000e+01  -2.4898786e+05  -4.7597819e+05
   1.6000000e+01  -2.5775369e+05  -4.6071678e+05
   1.6100000e+01  -2.5738366e+05  -4.3684378e+05
   1.6200000e+01  -2.5903812e+05  -4.0243394e+05
   1.6300000e+01  -2.6580506e+05  -3.5352750e+05
   1.6400000e+01  -2.7052884e+05  -2.8846597e+05
   1.6500000e+01  -2.6413997e+05  -2.1143155e+05
   1.6600000e+01  -2.4448400e+05  -1.3170459e+05
   1.6700000e+01  -2.1643838e+05  -5.8773137e+04
   1.6800000e+01  -1.8504894e+05   2.6592344e+03
   1.6900000e+01  -1.5088909e+05   5.3452848e+04
   1.7000000e+01  -1.1229614e+05   9.6382125e+04
   1.7100000e+01  -6.9480805e+04   1.3231738e+05
   1.7200000e+01  -2.3899361e+04   1.6027038e+05
   1.7300000e+01   2.5368662e+04   1.8017216e+05
   1.7400000e+01   8.0448500e+04   1.9331439e+05
   1.7500000e+01   1.3722545e+05   1.9862080e+05
   1.7600000e+01   1.8165355e+05   1.9043691e+05
   1.7700000e+01   1.9960172e+05   1.6475272e+05
   1.7800000e+01   1.9412391e+05   1.3063448e+05
   1.7900000e+01   1.9034809e+05   1.1256572e+05
   1.8000000e+01   2.1650959e+05   1.3391470e+05
   1.8100000e+01   2.7530122e+05   1.9236481e+05
   1.8200000e+01   3.3462259e+05   2.5287673e+05
   1.8300000e+01   3.5105753e+05   2.7140125e+05
   1.8400000e+01   3.0667531e+05   2.3134981e+05
   1.8500000e+01   2.2468262e+05   1.5823856e+05
   1.8600000e+01   1.4920344e+05   9.7138977e+04
   1.8700000e+01   1.0891773e+05   7.4250844e+04
   1.8800000e+01   9.8010211e+04   7.8850852e+04
   1.8900000e+01   8.8546148e+04   7.9524625e+04
   1.9000000e+01   5.8159094e+04   5.4439121e+04
   1.9100000e+01   6.3129365e+03   5.7168501e+03
   1.9200000e+01  -5.1707223e+04  -5.0680582e+04
   1.9300000e+01  -1.0158890e+05  -1.0263127e+05
   1.9400000e+01  -1.3973889e+05  -1.4739225e+05
   1.9500000e+01  -1.6997875e+05  -1.8359177e+05
   1.9600000e+01  -1.9521744e+05  -2.0398448e+05
   1.9700000e+01  -2.1413791e+05  -1.9974945e+05
   1.9800000e+01  -2.2430338e+05  -1.7122475e+05
   1.9900000e+01  -2.2573362e+05  -1.3120769e+05
   2.0000000e+01  -2.2044953e+05  -9.5006500e+04
   2.0100000e+01  -2.0976800e+05  -6.6804203e+04
   2.0200000e+01  -1.9367275e+05  -3.7179805e+04
   2.0300000e+01  -1.7289358e+05   4.5496836e+03
   2.0400000e+01  -1.5009041e+05   5.5526777e+04
   2.0500000e+01  -1.2759732e+05   9.7826062e+04
   2.0600000e+01  -1.0418324e+05   1.1234520e+05
   2.0700000e+01  -7.5574930e+04   9.4028672e+04
   2.0800000e+01  -3.9593375e+04   5.3225258e+04
   2.0900000e+01  -8.6055957e+02   3.2085898e+03
   2.1000000e+01   3.0769344e+04  -5.1593133e+04
   2.1100000e+01   4.7900750e+04  -1.1438419e+05
   2.1200000e+01   5.2438477e+04  -1.8520872e+05
   2.1300000e+01   5.4501535e+04  -2.5452428e+05
   2.1400000e+01   6.3882125e+04  -3.0873188e+05
   2.1500000e+01   8.2362336e+04  -3.4060131e+05
   2.1600000e+01   1.0459623e+05  -3.5250941e+05
   2.1700000e+01   1.2583101e+05  -3.5029931e+05
   2.1800000e+01   1.4658028e+05  -3.3702203e+05
   2.1900000e+01   1.6789678e+05  -3.1413372e+05
   2.2000000e+01   1.8352008e+05  -2.8572200e+05
   2.2100000e+01   1.8151898e+05  -2.5586830e+05
   2.2200000e+01   1.5767594e+05  -2.1909705e+05
   2.2300000e+01   1.2598090e+05  -1.5692236e+05
   2.2400000e+01   1.1014267e+05  -5.0949352e+04
   2.2500000e+01   1.2014236e+05   9.5837500e+04
   2.2600000e+01   1.3801988e+05   2.5170594e+05
   2.2700000e+01   1.3137694e+05   3.7472216e+05
   2.2800000e+01   8.4200953e+04   4.4325706e+05
   2.2900000e+01   1.4211665e+04   4.7056203e+05
   2.3000000e+01  -4.1682695e+04   4.8976109e+05
   2.3100000e+01  -5.9597684e+04   5.2364619e+05
   2.3200000e+01  -4.6946605e+04   5.6675062e+05
   2.3300000e+01  -3.0906924e+04   5.9351306e+05
   2.3400000e+01  -3.1499793e+04   5.8177488e+05
   2.3500000e+01  -4.6418844e+04   5.2957131e+05
   2.3600000e+01  -5.9333812e+04   4.5300806e+05
   2.3700000e+01  -5.9030680e+04   3.7130450e+05
   2.3800000e+01  -4.8808230e+04   2.9427081e+05
   2.3900000e+01  -3.9282582e+04   2.2162331e+05
   2.4000000e+01  -3.5869852e+04   1.5076162e+05
   2.4100000e+01  -3.5424645e+04   8.2786391e+04
   2.4200000e+01  -3.3682684e+04   2.1051123e+04
   2.4300000e+01  -3.2592814e+04  -3.3881262e+04
   2.4400000e+01  -3.8452883e+04  -8.5412352e+04
   2.4500000e+01  -5.4084109e+04  -1.3663203e+05
   2.4600000e+01  -7.5223383e+04  -1.8634672e+05
   2.4700000e+01  -9.5067203e+04  -2.3042473e+05
   2.4800000e+01  -1.1055027e+05  -2.6600250e+05
   2.4900000e+01  -1.2269812e+05  -2.9241209e+05
   2.5000000e+01  -1.3177530e+05  -3.0799688e+05
   2.5100000e+01  -1.3449470e+05  -3.0870972e+05
   2.5200000e+01  -1.2740511e+05  -2.9255156e+05
   2.5300000e+01  -1.1252873e+05  -2.6536966e+05
   2.5400000e+01  -9.8269984e+04  -2.3993600e+05
   2.5500000e+01  -9.3555383e+04  -2.2723677e+05
   2.5600000e+01  -1.0026169e+05  -2.2827069e+05
   2.5700000e+01  -1.1110407e+05  -2.3474566e+05
   2.5800000e+01  -1.1537030e+05  -2.3755420e+05
   2.5900000e+01  -1.0744862e+05  -2.3388531e+05
   2.6000000e+01  -9.0011039e+04  -2.2619934e+05
   2.6100000e+01  -6.8850664e+04  -2.1587483e+05
   2.6200000e+01  -4.5386195e+04  -2.0013425e+05
   2.6300000e+01  -1.5717231e+04  -1.7635997e+05
   2.6400000e+01   2.2664611e+04  -1.4812700e+05
   2.6500000e+01   6.5349305e+04  -1.2371104e+05
   2.6600000e+01   1.0472695e+05  -1.0604421e+05
   2.6700000e+01   1.3912352e+05  -8.5001781e+04
   2.6800000e+01   1.7526970e+05  -4.3786906e+04
   2.6900000e+01   2.1913389e+05   2.3176082e+04
   2.7000000e+01   2.6501184e+05   9.8612328e+04
   2.7100000e+01   2.9666766e+05   1.5195120e+05
   2.7200000e+01   3.0124925e+05   1.6396397e+05
   2.7300000e+01   2.8170197e+05   1.4321748e+05
   2.7400000e+01   2.5431723e+05   1.1778915e+05
   2.7500000e+01   2.3380205e+05   1.1016873e+05
   2.7600000e+01   2.2096125e+05   1.1942438e+05
   2.7700000e+01   2.0451405e+05   1.2609472e+05
   2.7800000e+01   1.7401497e+05   1.1263401e+05
   2.7900000e+01   1.3090955e+05   7.9292703e+04
   2.8000000e+01   8.7928891e+04   4.2575406e+04
   2.8100000e+01   5.8338570e+04   2.0400877e+04
   2.8200000e+01   4.5108512e+04   1.8121818e+04
   2.8300000e+01   3.9185766e+04   2.6221957e+04
   2.8400000e+01   2.7439609e+04   2.9610908e+04
   2.8500000e+01   2.3048420e+03   1.9634762e+04
   2.8600000e+01  -3.5469836e+04  -8.2202527e+02
   2.8700000e+01  -8.1630234e+04  -2.1885287e+04
   2.8800000e+01  -1.3342567e+05  -3.5288934e+04
   2.8900000e+01  -1.8864075e+05  -3.9040848e+04
   2.9000000e+01  -2.4148586e+05  -3.5525668e+04
   2.9100000e+01  -2.8331962e+05  -2.7197727e+04
   2.9200000e+01  -3.0989428e+05  -1.4787629e+04
   2.9300000e+01  -3.2671353e+05   1.9393232e+03
   2.9400000e+01  -3.4420200e+05   2.4037465e+04
   2.9500000e+01  -3.6617472e+05   5.4446098e+04
   2.9600000e+01  -3.8418612e+05   9.7187828e+04
   2.9700000e+01  -3.8458228e+05   1.5317295e+05
   2.9800000e+01  -3.6092962e+05   2.1629894e+05
   2.9900000e+01  -3.1893134e+05   2.7482594e+05
   3.0000000e+01  -2.7002088e+05   3.1765541e+05
   3.0100000e+01  -2.2177902e+05   3.3956778e+05
   3.0200000e+01  -1.7453661e+05   3.4079578e+05
   3.0300000e+01  -1.2488604e+05   3.2279594e+05
   3.0400000e+01  -7.0149680e+04   2.8568022e+05
   3.0500000e+01  -9.7674863e+03   2.2959211e+05
   3.0600000e+01   5.5024992e+04   1.5702219e+05
   3.0700000e+01   1.2077064e+05   7.2380000e+04
   3.0800000e+01   1.8154038e+05  -2.0514254e+04
   3.0900000e+01   2.3153511e+05  -1.1885388e+05
   3.1000000e+01   2.7000881e+05  -2.1727098e+05
   3.1100000e+01   3.0358288e+05  -3.0428016e+05
   3.1200000e+01   3.4151669e+05  -3.6510541e+05
   3.1300000e+01   3.8598172e+05  -3.9154006e+05
   3.1400000e+01   4.2603078e+05  -3.9032438e+05
   3.1500000e+01   4.4314362e+05  -3.7957547e+05
   3.1600000e+01   4.2641141e+05  -3.7303588e+05
   3.1700000e+01   3.8457106e+05  -3.6570006e+05
   3.1800000e+01   3.4183666e+05  -3.3620166e+05
   3.1900000e+01   3.1816038e+05  -2.6637769e+05
   3.2000000e+01   3.1078253e+05  -1.6051750e+05
   3.2100000e+01   2.9559053e+05  -4.5358332e+04
   3.2200000e+01   2.4926497e+05   4.9999762e+04
   3.2300000e+01   1.7231192e+05   1.1553002e+05
   3.2400000e+01   9.0742156e+04   1.6355520e+05
   3.2500000e+01   3.4392332e+04   2.1264975e+05
   3.2600000e+01   1.2563286e+04   2.6888222e+05
   3.2700000e+01   9.2861475e+03   3.2115744e+05
   3.2800000e+01   7.1199219e+01   3.5199784e+05
   3.2900000e+01  -2.8153365e+04   3.5152409e+05
   3.3000000e+01  -7.1670461e+04   3.2286409e+05
   3.3100000e+01  -1.1938238e+05   2.7761891e+05
   3.3200000e+01  -1.6366445e+05   2.2799353e+05
   3.3300000e+01  -2.0268325e+05   1.8170156e+05
   3.3400000e+01  -2.3649458e+05   1.4095870e+05
   3.3500000e+01  -2.6472531e+05   1.0401458e+05
   3.3600000e+01  -2.8828403e+05   6.7865906e+04
   3.3700000e+01  -3.1085341e+05   3.1258367e+04
   3.3800000e+01  -3.3654138e+05  -3.4817227e+03
   3.3900000e+01  -3.6570494e+05  -3.1402438e+04
   3.4000000e+01  -3.9366572e+05  -4.8660758e+04
   3.4100000e+01  -4.1384769e+05  -5.6569844e+04
   3.4200000e+01  -4.2216434e+05  -6.2534387e+04
   3.4300000e+01  -4.1853566e+05  -7.6414305e+04
   3.4400000e+01  -4.0472391e+05  -1.0465778e+05
   3.4500000e+01  -3.8141506e+05  -1.4686788e+05
   3.4600000e+01  -3.4784991e+05  -1.9755180e+05
   3.4700000e+01  -3.0413556e+05  -2.5090523e+05
   3.4800000e+01  -2.5314044e+05  -3.0367459e+05
   3.4900000e+01  -1.9927195e+05  -3.5384031e+05
   3.5000000e+01  -1.4516747e+05  -3.9805697e+05
   3.5100000e+01  -9.0040156e+04  -4.3200200e+05
   3.5200000e+01  -3.1668080e+04  -4.5333797e+05
   3.5300000e+01   3.0303396e+04  -4.6268091e+05
   3.5400000e+01   9.3735062e+04  -4.5992412e+05
   3.5500000e+01   1.5678248e+05  -4.3975881e+05
   3.5600000e+01   2.2029298e+05  -3.9317884e+05
   3.5700000e+01   2.8574444e+05  -3.1636966e+05
   3.5800000e+01   3.4992312e+05  -2.1932586e+05
   3.5900000e+01   4.0303969e+05  -1.2373255e+05
   3.6000000e+01   4.3550634e+05  -4.8048367e+04
   3.6100000e+01   4.4919241e+05   8.8184326e+03
   3.6200000e+01   4.6067800e+05   6.8688867e+04
   3.6300000e+01   4.8842331e+05   1.5490686e+05
   3.6400000e+01   5.3241962e+05   2.6754844e+05
   3.6500000e+01   5.6703581e+05   3.7681391e+05
   3.6600000e+01   5.5862469e+05   4.4390156e+05
   3.6700000e+01   4.9450831e+05   4.5218891e+05
   3.6800000e+01   3.9560412e+05   4.1993153e+05
   3.6900000e+01   2.9941647e+05   3.8265644e+05
   3.7000000e+01   2.2974952e+05   3.6252009e+05
   3.7100000e+01   1.8216089e+05   3.5312678e+05
   3.7200000e+01   1.3635070e+05   3.3105847e+05
   3.7300000e+01   7.9119453e+04   2.7944262e+05
   3.7400000e+01   1.4229092e+04   2.0099358e+05
   3.7500000e+01  -4.6662629e+04   1.1270863e+05
   3.7600000e+01  -9.7683844e+04   3.2699008e+04
   3.7700000e+01  -1.4178916e+05  -2.7199482e+04
   3.7800000e+01  -1.8310047e+05  -6.0309320e+04
   3.7900000e+01  -2.2009227e+05  -6.2484164e+04
   3.8000000e+01  -2.4744964e+05  -3.3407715e+04
   3.8100000e+01  -2.6278281e+05   2.0802582e+04
   3.8200000e+01  -2.6942838e+05   8.9552031e+04
   3.8300000e+01  -2.7268944e+05   1.6464877e+05
   3.8400000e+01  -2.7513509e+05   2.4533758e+05
   3.8500000e+01  -2.7685112e+05   3.3522025e+05
   3.8600000e+01  -2.7931347e+05   4.3336212e+05
   3.8700000e+01  -2.8646806e+05   5.2909594e+05
   3.8800000e+01  -3.0028328e+05   6.0691656e+05
   3.8900000e+01  -3.1603269e+05   6.5674962e+05
   3.9000000e+01  -3.2457541e+05   6.7809281e+05
   3.9100000e+01  -3.2135091e+05   6.7285856e+05
   3.9200000e+01  -3.1282894e+05   6.3503188e+05
   3.9300000e+01  -3.1176769e+05   5.5012512e+05
   3.9400000e+01  -3.2383912e+05   4.0704425e+05
   3.9500000e+01  -3.3866478e+05   2.1050777e+05
   3.9600000e+01  -3.3590394e+05  -1.9442645e+04
   3.9700000e+01  -3.0234775e+05  -2.6044255e+05
   3.9800000e+01  -2.4353667e+05  -4.9941625e+05
   3.9900000e+01  -1.7754377e+05  -7.3149500e+05
   4.0000000e+01  -1.1699180e+05  -9.5036056e+05
   4.0100000e+01  -5.8857469e+04  -1.1436655e+06
   4.0200000e+01   6.3946694e+03  -1.2993191e+06
   4.0300000e+01   7.7524195e+04  -1.4130344e+06
   4.0400000e+01   1.3958423e+05  -1.4844731e+06
   4.0500000e+01   1.8182888e+05  -1.5040212e+06
   4.0600000e+01   2.1595728e+05  -1.4475732e+06
   4.0700000e+01   2.6942297e+05  -1.2920692e+06
   4.0800000e+01   3.5570953e+05  -1.0414904e+06
   4.0900000e+01   4.5288078e+05  -7.3666975e+05
   4.1000000e+01   5.1700403e+05  -4.3398381e+05
   4.1100000e+01   5.2029728e+05  -1.6886445e+05
   4.1200000e+01   4.7603194e+05   6.2459238e+04
   4.1300000e+01   4.2546975e+05   2.8618497e+05
   4.1400000e+01   4.0140053e+05   5.1680591e+05
   4.1500000e+01   4.0440138e+05   7.3915138e+05
   4.1600000e+01   4.1061656e+05   9.2115775e+05
   4.1700000e+01   3.9681088e+05   1.0401366e+06
   4.1800000e+01   3.5617069e+05   1.0950920e+06
   4.1900000e+01   2.9486919e+05   1.0969632e+06
   4.2000000e+01   2.2095800e+05   1.0528189e+06
   4.2100000e+01   1.4009508e+05   9.6252350e+05
   4.2200000e+01   5.8987176e+04   8.2847131e+05
   4.2300000e+01  -1.3123807e+04   6.6392881e+05
   4.2400000e+01  -7.0206727e+04   4.8946981e+05
   4.2500000e+01  -1.1607820e+05   3.2203662e+05
   4.2600000e+01  -1.6226058e+05   1.6870539e+05
   4.2700000e+01  -2.1689695e+05   3.0367547e+04
   4.2800000e+01  -2.7570906e+05  -9.0595859e+04
   4.2900000e+01  -3.2510369e+05  -1.8738422e+05
   4.3000000e+01  -3.5468622e+05  -2.5265686e+05
   4.3100000e+01  -3.6603600e+05  -2.8397144e+05
   4.3200000e+01  -3.6882281e+05  -2.8492569e+05
   4.3300000e+01  -3.6943784e+05  -2.6136548e+05
   4.3400000e+01  -3.6492109e+05  -2.1698816e+05
   4.3500000e+01  -3.4787747e+05  -1.5295742e+05
   4.3600000e+01  -3.1564222e+05  -7.2085086e+04
   4.3700000e+01  -2.7368672e+05   1.6481533e+04
   4.3800000e+01  -2.3115459e+05   9.7154477e+04
   4.3900000e+01  -1.9460039e+05   1.5359794e+05
   4.4000000e+01  -1.6570423e+05   1.7592164e+05
   4.4100000e+01  -1.4282694e+05   1.6350173e+05
   4.4200000e+01  -1.2290940e+05   1.2196825e+05
   4.4300000e+01  -1.0207065e+05   5.8504930e+04
   4.4400000e+01  -7.6296719e+04  -2.0217443e+04
   4.4500000e+01  -4.3759328e+04  -1.0813463e+05
   4.4600000e+01  -7.6711099e+03  -2.0111492e+05
   4.4700000e+01   2.3797141e+04  -2.9856259e+05
   4.4800000e+01   4.3061242e+04  -4.0006116e+05
   4.4900000e+01   5.1590770e+04  -4.9640638e+05
   4.5000000e+01   6.3385242e+04  -5.6444725e+05
   4.5100000e+01   9.6832844e+04  -5.7619544e+05
   4.5200000e+01   1.5860506e+05  -5.1858284e+05
   4.5300000e+01   2.3378088e+05  -4.0548372e+05
   4.5400000e+01   2.9407481e+05  -2.6770734e+05
   4.5500000e+01   3.1951300e+05  -1.2841211e+05
   4.5600000e+01   3.1410138e+05   1.2736046e+04
   4.5700000e+01   3.0017194e+05   1.7175925e+05
   4.5800000e+01   2.9675325e+05   3.5771947e+05
   4.5900000e+01   3.0311669e+05   5.5742625e+05
   4.6000000e+01   3.0267225e+05   7.4024550e+05
   4.6100000e+01   2.8135250e+05   8.7588125e+05
   4.6200000e+01   2.4106456e+05   9.4832144e+05
   4.6300000e+01   1.9598964e+05   9.5637162e+05
   4.6400000e+01   1.5799891e+05   9.0491919e+05
   4.6500000e+01   1.2717721e+05   7.9763706e+05
   4.6600000e+01   9.5689945e+04   6.3720269e+05
   4.6700000e+01   5.8366043e+04   4.2994309e+05
   4.6800000e+01   1.7700559e+04   1.8779062e+05
   4.6900000e+01  -2.0901801e+04  -7.5043547e+04
   4.7000000e+01  -5.6405520e+04  -3.4600597e+05
   4.7100000e+01  -9.2786969e+04  -6.1317731e+05
   4.7200000e+01  -1.3259078e+05  -8.6062650e+05
   4.7300000e+01  -1.7157444e+05  -1.0674480e+06
   4.7400000e+01  -2.0129102e+05  -1.2142576e+06
   4.7500000e+01  -2.1709844e+05  -1.2914262e+06
   4.7600000e+01  -2.2262881e+05  -1.3000079e+06
   4.7700000e+01  -2.2553666e+05  -1.2444301e+06
   4.7800000e+01  -2.2908603e+05  -1.1260030e+06
   4.7900000e+01  -2.2895188e+05  -9.4542144e+05
   4.8000000e+01  -2.1904202e+05  -7.1122625e+05
   4.8100000e+01  -2.0009931e+05  -4.4330088e+05
   4.8200000e+01  -1.8131988e+05  -1.6581920e+05
   4.8300000e+01  -1.7245761e+05   1.0360796e+05
   4.8400000e+01  -1.7433025e+05   3.5727194e+05
   4.8500000e+01  -1.7775833e+05   5.9047450e+05
   4.8600000e+01  -1.7199966e+05   7.9328350e+05
   4.8700000e+01  -1.5355250e+05   9.5090800e+05
   4.8800000e+01  -1.2648709e+05   1.0522318e+06
   4.8900000e+01  -9.5813109e+04   1.0963821e+06
   4.9000000e+01  -6.3089652e+04   1.0896158e+06
   4.9100000e+01  -2.8984953e+04   1.0364758e+06
   4.9200000e+01   3.0175254e+03   9.3647025e+05
   4.9300000e+01   2.9525430e+04   7.9139875e+05
   4.9400000e+01   5.4353242e+04   6.1534969e+05
   4.9500000e+01   8.8723453e+04   4.3428091e+05
   4.9600000e+01   1.3972816e+05   2.7200441e+05
   4.9700000e+01   1.9790184e+05   1.3459039e+05
   4.9800000e+01   2.3987364e+05   9.1094033e+03
   4.9900000e+01   2.4745761e+05  -1.2025059e+05
   5.0000000e+01   2.2533786e+05  -2.5306870e+05
   5.0100000e+01   1.9844688e+05  -3.6904294e+05
   5.0200000e+01   1.9007259e+05  -4.4412378e+05
   5.0300000e+01   2.0143219e+05  -4.7178241e+05
   5.0400000e+01   2.1185070e+05  -4.6946197e+05
   5.0500000e+01   1.9827641e+05  -4.6385122e+05
   5.0600000e+01   1.5531227e+05  -4.6820053e+05
   5.0700000e+01   9.8611000e+04  -4.7207303e+05
   5.0800000e+01   5.0979461e+04  -4.5223675e+05
   5.0900000e+01   2.4805801e+04  -3.9414888e+05
   5.1000000e+01   1.5010638e+04  -3.0464684e+05
   5.1100000e+01   6.1283623e+03  -2.0579091e+05
   5.1200000e+01  -1.4139954e+04  -1.1754530e+05
   5.1300000e+01  -4.6070141e+04  -4.5869477e+04
   5.1400000e+01  -7.9527930e+04   1.4847238e+04
   5.1500000e+01  -1.0292555e+05   7.0917477e+04
   5.1600000e+01  -1.1139163e+05   1.2228514e+05
   5.1700000e+01  -1.0842526e+05   1.6427117e+05
   5.1800000e+01  -1.0178822e+05   1.9262066e+05
   5.1900000e+01  -9.8356961e+04   2.0490200e+05
   5.2000000e+01  -1.0130893e+05   1.9873681e+05
   5.2100000e+01  -1.0968504e+05   1.7232258e+05
   5.2200000e+01  -1.1934285e+05   1.2841023e+05
   5.2300000e+01  -1.2526061e+05   7.5952867e+04
   5.2400000e+01  -1.2479352e+05   2.4820033e+04
   5.2500000e+01  -1.1951892e+05  -2.2117633e+04
   5.2600000e+01  -1.1334099e+05  -7.0293289e+04
   5.2700000e+01  -1.0818247e+05  -1.2547213e+05
   5.2800000e+01  -1.0183614e+05  -1.8460128e+05
   5.2900000e+01  -9.0576797e+04  -2.3531075e+05
   5.3000000e+01  -7.3587203e+04  -2.6439809e+05
   5.3100000e+01  -5.3982887e+04  -2.6639212e+05
   5.3200000e+01  -3.5359816e+04  -2.4466598e+05
   5.3300000e+01  -1.8272156e+04  -2.0641831e+05
   5.3400000e+01  -9.4624768e+02  -1.5798836e+05
   5.3500000e+01   1.6962979e+04  -1.0377366e+05
   5.3600000e+01   3.2696014e+04  -4.6655211e+04
   5.3700000e+01   4.3402352e+04   1.2587723e+04
   5.3800000e+01   5.0565465e+04   7.5757680e+04
   5.3900000e+01   6.0231781e+04   1.4486503e+05
   5.4000000e+01   7.7473164e+04   2.1709950e+05
   5.4100000e+01   9.9970977e+04   2.8145803e+05
   5.4200000e+01   1.1799884e+05   3.2184388e+05
   5.4300000e+01   1.2316361e+05   3.2692041e+05
   5.4400000e+01   1.1921156e+05   3.0026703e+05
   5.4500000e+01   1.2338162e+05   2.6120030e+05
   5.4600000e+01   1.5320356e+05   2.3206850e+05
   5.4700000e+01   2.0824686e+05   2.2015817e+05
   5.4800000e+01   2.6494147e+05   2.1058314e+05
   5.4900000e+01   2.9304831e+05   1.7947495e+05
   5.5000000e+01   2.8083378e+05   1.1763486e+05
   5.5100000e+01   2.4486758e+05   4.2413617e+04
   5.5200000e+01   2.1414153e+05  -1.4721765e+04
   5.5300000e+01   2.0408962e+05  -3.3615840e+04
   5.5400000e+01   2.0587447e+05  -1.9677760e+04
   5.5500000e+01   1.9903459e+05   4.9285845e+03
   5.5600000e+01   1.7124231e+05   2.1522543e+04
   5.5700000e+01   1.2479606e+05   2.5982047e+04
   5.5800000e+01   6.7752297e+04   2.3428768e+04
   5.5900000e+01   4.4945049e+03   1.7352840e+04
   5.6000000e+01  -6.3120590e+04   6.4921445e+03
   5.6100000e+01  -1.2925861e+05  -9.9182539e+03
   5.6200000e+01  -1.8429272e+05  -2.8339791e+04
   5.6300000e+01  -2.2343600e+05  -4.4725801e+04
   5.6400000e+01  -2.5301675e+05  -6.0893887e+04
   5.6500000e+01  -2.8531516e+05  -8.4351953e+04
   5.6600000e+01  -3.2640738e+05  -1.2014956e+05
   5.6700000e+01  -3.6987197e+05  -1.6329770e+05
   5.6800000e+01  -4.0272434e+05  -2.0074197e+05
   5.6900000e+01  -4.1679506e+05  -2.2193566e+05
   5.7000000e+01  -4.1395191e+05  -2.2747736e+05
   5.7100000e+01  -4.0127872e+05  -2.2676072e+05
   5.7200000e+01  -3.8286300e+05  -2.2714759e+05
   5.7300000e+01  -3.5698366e+05  -2.2650278e+05
   5.7400000e+01  -3.2047438e+05  -2.1730286e+05
   5.7500000e+01  -2.7439425e+05  -1.9732350e+05
   5.7600000e+01  -2.2461147e+05  -1.7399705e+05
   5.7700000e+01  -1.7696188e+05  -1.5666459e+05
   5.7800000e+01  -1.3246433e+05  -1.4544106e+05
   5.7900000e+01  -8.7725031e+04  -1.3004924e+05
   5.8000000e+01  -3.9706859e+04  -1.0049834e+05
   5.8100000e+01   1.1007963e+04  -5.7185090e+04
   5.8200000e+01   6.2380973e+04  -8.5106660e+03
   5.8300000e+01   1.1502830e+05   4.0424746e+04
   5.8400000e+01   1.7103522e+05   9.2887016e+04
   5.8500000e+01   2.2662231e+05   1.5180419e+05
   5.8600000e+01   2.6822238e+05   2.0850247e+05
   5.8700000e+01   2.8165794e+05   2.4623934e+05
   5.8800000e+01   2.6945956e+05   2.5898648e+05
   5.8900000e+01   2.5717856e+05   2.6422641e+05
   5.9000000e+01   2.7567769e+05   2.8989041e+05
   5.9100000e+01   3.3133138e+05   3.4316562e+05
   5.9200000e+01   3.9345072e+05   3.9324719e+05
   5.9300000e+01   4.1544341e+05   3.9088184e+05
   5.9400000e+01   3.7316947e+05   3.1055197e+05
   5.9500000e+01   2.8527228e+05   1.7547316e+05
   5.9600000e+01   1.9688617e+05   4.0547438e+04
   5.9700000e+01   1.4305827e+05  -5.0568203e+04
   5.9800000e+01   1.2547623e+05  -9.4164953e+04
   5.9900000e+01   1.1999844e+05  -1.1778166e+05
   6.0000000e+01   1.0246677e+05  -1.4839645e+05
   6.0100000e+01   6.7003766e+04  -1.9025864e+05
   6.0200000e+01   2.3885156e+04  -2.2924192e+05
   6.0300000e+01  -1.4432658e+04  -2.5199850e+05
   6.0400000e+01  -4.2746516e+04  -2.5743300e+05
   6.0500000e+01  -6.1588383e+04  -2.5186197e+05
   6.0600000e+01  -7.1635516e+04  -2.3819723e+05
   6.0700000e+01  -7.2836336e+04  -2.1301964e+05
   6.0800000e+01  -6.8050234e+04  -1.7325734e+05
   6.0900000e+01  -6.3913680e+04  -1.2272959e+05
   6.1000000e+01  -6.5469082e+04  -7.0520039e+04
   6.1100000e+01  -7.0456797e+04  -2.3839000e+04
   6.1200000e+01  -7.1350844e+04   1.5856713e+04
   6.1300000e+01  -6.4359309e+04   4.9677516e+04
   6.1400000e+01  -5.5263523e+04   7.6233641e+04
   6.1500000e+01  -5.4386730e+04   9.1829984e+04
   6.1600000e+01  -6.5377672e+04   9.6034484e+04
   6.1700000e+01  -8.0336250e+04   9.5451211e+04
   6.1800000e+01  -8.7331570e+04   9.9825438e+04
   6.1900000e+01  -8.2681258e+04   1.1325483e+05
   6.2000000e+01  -7.5077664e+04   1.2955589e+05
   6.2100000e+01  -7.7492008e+04   1.3734134e+05
   6.2200000e+01  -9.5485250e+04   1.3035450e+05
   6.2300000e+01  -1.2331790e+05   1.1284112e+05
   6.2400000e+01  -1.5012675e+05   9.4868734e+04
   6.2500000e+01  -1.6827825e+05   8.3201336e+04
   6.2600000e+01  -1.7561775e+05   7.7479281e+04
   6.2700000e+01  -1.7190694e+05   7.4161461e+04
   6.2800000e+01  -1.5658012e+05   7.1024453e+04
   6.2900000e+01  -1.3181398e+05   6.5583039e+04
   6.3000000e+01  -1.0579268e+05   5.1216070e+04
   6.3100000e+01  -8.8170234e+04   2.0559926e+04
   6.3200000e+01  -7.8861281e+04  -2.3196785e+04
   6.3300000e+01  -6.2668570e+04  -6.0289938e+04
   6.3400000e+01  -2.0196631e+04  -6.5915656e+04
   6.3500000e+01   5.1636934e+04  -3.2725805e+04
   6.3600000e+01   1.3018771e+05   1.8257203e+04
   6.3700000e+01   1.8177519e+05   5.2538629e+04
   6.3800000e+01   1.8915823e+05   5.0757258e+04
   6.3900000e+01   1.6565756e+05   2.3528430e+04
   6.4000000e+01   1.4216533e+05  -1.3343447e+03
   6.4100000e+01   1.4028122e+05  -5.2149238e+03
   6.4200000e+01   1.5733202e+05   7.2182363e+03
   6.4300000e+01   1.7476861e+05   1.7100398e+04
   6.4400000e+01   1.7775355e+05   1.0957866e+04
   6.4500000e+01   1.6589758e+05  -9.1723701e+03
   6.4600000e+01   1.4807466e+05  -3.1955900e+04
   6.4700000e+01   1.3088428e+05  -4.9488562e+04
   6.4800000e+01   1.1353472e+05  -6.3093523e+04
   6.4900000e+01   9.2052516e+04  -7.8526305e+04
   6.5000000e+01   6.5784883e+04  -9.7872867e+04
   6.5100000e+01   3.8654965e+04  -1.1705681e+05
   6.5200000e+01   1.4637708e+04  -1.3050208e+05
   6.5300000e+01  -6.8394277e+03  -1.3678762e+05
   6.5400000e+01  -3.0189291e+04  -1.3892130e+05
   6.5500000e+01  -5.8180449e+04  -1.3966841e+05
   6.5600000e+01  -8.7645438e+04  -1.3814428e+05
   6.5700000e+01  -1.1155059e+05  -1.3186736e+05
   6.5800000e+01  -1.2579158e+05  -1.2121282e+05
   6.5900000e+01  -1.3333383e+05  -1.0987172e+05
   6.6000000e+01  -1.4065919e+05  -1.0004255e+05
   6.6100000e+01  -1.5026177e+05  -8.8390359e+04
   6.6200000e+01  -1.5816455e+05  -6.8733477e+04
   6.6300000e+01  -1.6001238e+05  -3.9441688e+04
   6.6400000e+01  -1.5871089e+05  -7.2822710e+03
   6.6500000e+01  -1.6370683e+05   1.7184309e+04
   6.6600000e+01  -1.8138927e+05   2.8300492e+04
   6.6700000e+01  -2.0705962e+05   2.9322295e+04
   6.6800000e+01  -2.2777572e+05   2.8252988e+04
   6.6900000e+01  -2.3293194e+05   3.0620340e+04
   6.7000000e+01  -2.2088798e+05   3.6558539e+04
   6.7100000e+01  -1.9585594e+05   4.3568340e+04
   6.7200000e+01  -1.6153919e+05   4.9744992e+04
   6.7300000e+01  -1.2044530e+05   5.3015055e+04
   6.7400000e+01  -7.7668258e+04   4.8783273e+04
   6.7500000e+01  -4.0066465e+04   3.2141527e+04
   6.7600000e+01  -8.1717378e+03   5.3469629e+03
   6.7700000e+01   2.9194613e+04  -1.7685203e+04
   6.7800000e+01   8.7053898e+04  -1.8508992e+04
   6.7900000e+01   1.6764381e+05   1.0170344e+04
   6.8000000e+01   2.5246411e+05   5.5174406e+04
   6.8100000e+01   3.1403378e+05   9.1682023e+04
   6.8200000e+01   3.3814231e+05   1.0441884e+05
   6.8300000e+01   3.3557206e+05   1.0148164e+05
   6.8400000e+01   3.3195131e+05   1.0685805e+05
   6.8500000e+01   3.4515778e+05   1.3826069e+05
   6.8600000e+01   3.7056159e+05   1.9104519e+05
   6.8700000e+01   3.8613169e+05   2.4250845e+05
   6.8800000e+01   3.7154266e+05   2.7126816e+05
   6.8900000e+01   3.2432603e+05   2.7346125e+05
   6.9000000e+01   2.6014892e+05   2.6232478e+05
   6.9100000e+01   1.9862209e+05   2.5364983e+05
   6.9200000e+01   1.4802272e+05   2.5122812e+05
   6.9300000e+01   1.0195270e+05   2.4456475e+05
   6.9400000e+01   4.9096488e+04   2.1924788e+05
   6.9500000e+01  -1.4611545e+04   1.6957255e+05
   6.9600000e+01  -8.2633875e+04   1.0231270e+05
   6.9700000e+01  -1.4424294e+05   2.9674344e+04
   6.9800000e+01  -1.9234120e+05  -4.0538215e+04
   6.9900000e+01  -2.2551616e+05  -1.0814127e+05
   7.0000000e+01  -2.4544483e+05  -1.7571339e+05
   7.0100000e+01  -2.5510186e+05  -2.4254431e+05
   7.0200000e+01  -2.5926736e+05  -3.0412866e+05
   7.0300000e+01  -2.6368356e+05  -3.5632141e+05
   7.0400000e+01  -2.7087575e+05  -3.9773206e+05
   7.0500000e+01  -2.7677006e+05  -4.2705366e+05
   7.0600000e+01  -2.7347338e+05  -4.3943066e+05
   7.0700000e+01  -2.5685031e+05  -4.2795138e+05
   7.0800000e+01  -2.3098606e+05  -3.9009678e+05
   7.0900000e+01  -2.0423247e+05  -3.3221697e+05
   7.1000000e+01  -1.8099314e+05  -2.6640359e+05
   7.1100000e+01  -1.5835691e+05  -2.0224131e+05
   7.1200000e+01  -1.3089280e+05  -1.4140323e+05
   7.1300000e+01  -9.7323133e+04  -7.9841047e+04
   7.1400000e+01  -6.1084477e+04  -1.4536372e+04
   7.1500000e+01  -2.4874551e+04   5.1920656e+04
   7.1600000e+01   1.3018780e+04   1.1228313e+05
   7.1700000e+01   5.5201469e+04   1.5894339e+05
   7.1800000e+01   9.8665266e+04   1.8755502e+05
   7.1900000e+01   1.3430353e+05   1.9827734e+05
   7.2000000e+01   1.5498602e+05   1.9546120e+05
   7.2100000e+01   1.6402962e+05   1.8654497e+05
   7.2200000e+01   1.7369600e+05   1.7953488e+05
   7.2300000e+01   1.9325266e+05   1.7873167e+05
   7.2400000e+01   2.1808011e+05   1.8106509e+05
   7.2500000e+01   2.3203555e+05   1.7741906e+05
   7.2600000e+01   2.2268178e+05   1.6058869e+05
   7.2700000e+01   1.9511184e+05   1.3443317e+05
   7.2800000e+01   1.6962066e+05   1.1438295e+05
   7.2900000e+01   1.6348842e+05   1.1516068e+05
   7.3000000e+01   1.7361408e+05   1.3486766e+05
   7.3100000e+01   1.7751116e+05   1.5175394e+05
   7.3200000e+01   1.5296269e+05   1.4016733e+05
   7.3300000e+01   9.8034297e+04   9.2687094e+04
   7.3400000e+01   3.2486814e+04   2.7211496e+04
   7.3500000e+01  -1.9897850e+04  -2.8246191e+04
   7.3600000e+01  -5.0154641e+04  -5.8101605e+04
   7.3700000e+01  -6.6943289e+04  -6.7917555e+04
   7.3800000e+01  -8.4002953e+04  -7.3985609e+04
   7.3900000e+01  -1.0761117e+05  -8.7458062e+04
   7.4000000e+01  -1.3573388e+05  -1.0837586e+05
   7.4100000e+01  -1.6521134e+05  -1.3082354e+05
   7.4200000e+01  -1.9535069e+05  -1.4927334e+05
   7.4300000e+01  -2.2384395e+05  -1.5931586e+05
   7.4400000e+01  -2.4263656e+05  -1.5579650e+05
   7.4500000e+01  -2.4190392e+05  -1.3429700e+05
   7.4600000e+01  -2.1945812e+05  -9.5826070e+04
   7.4700000e+01  -1.8487233e+05  -4.8879898e+04
   7.4800000e+01  -1.5253833e+05  -5.0820308e+03
   7.4900000e+01  -1.2988074e+05   2.8384037e+04
   7.5000000e+01  -1.1220477e+05   5.2511605e+04
   7.5100000e+01  -8.8781875e+04   7.2806570e+04
   7.5200000e+01  -5.3773430e+04   9.1907609e+04
   7.5300000e+01  -1.1683049e+04   1.0593839e+05
   7.5400000e+01   2.6959578e+04   1.0819598e+05
   7.5500000e+01   5.4749898e+04   9.5879531e+04
   7.5600000e+01   7.2642602e+04   7.2153266e+04
   7.5700000e+01   8.6956289e+04   4.1331125e+04
   7.5800000e+01   1.0186239e+05   3.4772227e+03
   7.5900000e+01   1.1500838e+05  -4.4160793e+04
   7.6000000e+01   1.2020138e+05  -9.9866109e+04
   7.6100000e+01   1.1376785e+05  -1.5333652e+05
   7.6200000e+01   9.7997453e+04  -1.9106281e+05
   7.6300000e+01   7.9064500e+04  -2.0644759e+05
   7.6400000e+01   6.2980301e+04  -2.0348820e+05
   7.6500000e+01   5.4116117e+04  -1.8939452e+05
   7.6600000e+01   5.5883500e+04  -1.6432494e+05
   7.6700000e+01   6.9325297e+04  -1.2078924e+05
   7.6800000e+01   8.8790836e+04  -5.4961520e+04
   7.6900000e+01   1.0091659e+05   2.2567215e+04
   7.7000000e+01   9.3292156e+04   9.1153141e+04
   7.7100000e+01   6.8468914e+04   1.3855780e+05
   7.7200000e+01   4.8228262e+04   1.7453756e+05
   7.7300000e+01   5.7933512e+04   2.2181112e+05
   7.7400000e+01   1.0128551e+05   2.8971922e+05
   7.7500000e+01   1.5064245e+05   3.5730172e+05
   7.7600000e+01   1.6684383e+05   3.8637294e+05
   7.7700000e+01   1.3270670e+05   3.5465509e+05
   7.7800000e+01   6.7946062e+04   2.7662428e+05
   7.7900000e+01   1.0689043e+04   1.9122545e+05
   7.8000000e+01  -1.5411553e+04   1.2918155e+05
   7.8100000e+01  -1.6349744e+04   9.1662812e+04
   7.8200000e+01  -1.4139283e+04   5.7536523e+04
   7.8300000e+01  -2.3098404e+04   7.0799453e+03
   7.8400000e+01  -4.0606582e+04  -6.2117707e+04
   7.8500000e+01  -5.6653812e+04  -1.3775136e+05
   7.8600000e+01  -6.6747109e+04  -2.0498100e+05
   7.8700000e+01  -7.4109938e+04  -2.5447112e+05
   7.8800000e+01  -8.2624727e+04  -2.8229916e+05
   7.8900000e+01  -9.1236234e+04  -2.8717638e+05
   7.9000000e+01  -9.5661227e+04  -2.7020512e+05
   7.9100000e+01  -9.3778312e+04  -2.3648459e+05
   7.9200000e+01  -8.8262484e+04  -1.9471606e+05
   7.9300000e+01  -8.4451891e+04  -1.5339705e+05
   7.9400000e+01  -8.6356898e+04  -1.1647332e+05
   7.9500000e+01  -9.4465477e+04  -8.2596266e+04
   7.9600000e+01  -1.0635402e+05  -4.8925625e+04
   7.9700000e+01  -1.1845479e+05  -1.5813354e+04
   7.9800000e+01  -1.2710996e+05   1.2385299e+04
   7.9900000e+01  -1.2895331e+05   3.1009150e+04
   8.0000000e+01  -1.2200235e+05   3.8840012e+04
   8.0100000e+01  -1.0751311e+05   3.7416215e+04
   8.0200000e+01  -9.0258438e+04   2.6945238e+04
   8.0300000e+01  -7.5354422e+04   4.4423066e+03
   8.0400000e+01  -6.3738473e+04  -3.2551090e+04
   8.0500000e+01  -5.1198516e+04  -8.0190094e+04
   8.0600000e+01  -3.2967762e+04  -1.2723312e+05
   8.0700000e+01  -9.6095273e+03  -1.6065062e+05
   8.0800000e+01   1.2419998e+04  -1.7255903e+05
   8.0900000e+01   2.6863691e+04  -1.6188975e+05
   8.1000000e+01   3.4038980e+04  -1.3080911e+05
   8.1100000e+01   3.9894699e+04  -8.2165242e+04
   8.1200000e+01   4.7922879e+04  -2.1803193e+04
   8.1300000e+01   5.3171078e+04   3.9026914e+04
   8.1400000e+01   4.7160422e+04   8.8937547e+04
   8.1500000e+01   3.0764645e+04   1.2802627e+05
   8.1600000e+01   2.0676051e+04   1.7281894e+05
   8.1700000e+01   3.8418223e+04   2.4357202e+05
   8.1800000e+01   8.8908727e+04   3.4117844e+05
   8.1900000e+01   1.4994358e+05   4.3641512e+05
   8.2000000e+01   1.8649684e+05   4.8664791e+05
   8.2100000e+01   1.7910662e+05   4.6836712e+05
   8.2200000e+01   1.3968302e+05   3.9581041e+05
   8.2300000e+01   9.9501070e+04   3.0771488e+05
   8.2400000e+01   8.1742953e+04   2.3506931e+05
   8.2500000e+01   8.5202273e+04   1.8031081e+05
   8.2600000e+01   9.2233156e+04   1.2486349e+05
   8.2700000e+01   8.8947977e+04   5.3155711e+04
   8.2800000e+01   7.6097242e+04  -3.2114711e+04
   8.2900000e+01   6.2605211e+04  -1.1531509e+05
   8.3000000e+01   5.2847621e+04  -1.8329372e+05
   8.3100000e+01   4.2798410e+04  -2.3328144e+05
   8.3200000e+01   2.7523896e+04  -2.6808444e+05
   8.3300000e+01   9.3151475e+03  -2.8819547e+05
   8.3400000e+01  -3.6238325e+03  -2.9121406e+05
   8.3500000e+01  -5.9769751e+03  -2.7760041e+05
   8.3600000e+01  -8.8802881e+02  -2.5359502e+05
   8.3700000e+01   4.0855093e+03  -2.2655644e+05
   8.3800000e+01   5.3679648e+03  -1.9836930e+05
   8.3900000e+01   5.9255117e+03  -1.6554750e+05
   8.4000000e+01   9.2952891e+03  -1.2651615e+05
   8.4100000e+01   1.2940816e+04  -8.7322719e+04
   8.4200000e+01   9.5412598e+03  -5.8131094e+04
   8.4300000e+01  -4.9593325e+03  -4.3369031e+04
   8.4400000e+01  -2.6021648e+04  -3.6261344e+04
   8.4500000e+01  -4.4364715e+04  -2.4487861e+04
   8.4600000e+01  -5.5046336e+04  -2.0097274e+03
   8.4700000e+01  -6.2156105e+04   2.4645812e+04
   8.4800000e+01  -7.4448875e+04   4.1935113e+04
   8.4900000e+01  -9.6569219e+04   4.1153375e+04
   8.5000000e+01  -1.2427862e+05   2.5130152e+04
   8.5100000e+01  -1.4745153e+05   4.1276606e+03
   8.5200000e+01  -1.5728217e+05  -1.3603749e+04
   8.5300000e+01  -1.5129469e+05  -2.6643045e+04
   8.5400000e+01  -1.3308712e+05  -3.7098363e+04
   8.5500000e+01  -1.0898444e+05  -4.5261320e+04
   8.5600000e+01  -8.5499711e+04  -4.9624477e+04
   8.5700000e+01  -6.8535984e+04  -5.1415539e+04
   8.5800000e+01  -6.1894641e+04  -5.5649453e+04
   8.5900000e+01  -6.3816418e+04  -6.4588926e+04
   8.6000000e+01  -6.5023695e+04  -7.0525086e+04
   8.6100000e+01  -5.3232934e+04  -5.8696406e+04
   8.6200000e+01  -2.3133498e+04  -2.0902365e+04
   8.6300000e+01   1.7022129e+04   3.3432715e+04
   8.6400000e+01   5.0411871e+04   8.2220141e+04
   8.6500000e+01   6.5398141e+04   1.0916751e+05
   8.6600000e+01   6.5177062e+04   1.1793059e+05
   8.6700000e+01   6.3577188e+04   1.2737550e+05
   8.6800000e+01   7.1251555e+04   1.5258239e+05
   8.6900000e+01   8.6156023e+04   1.9064588e+05
   8.7000000e+01   9.7045492e+04   2.2456906e+05
   8.7100000e+01   9.5098461e+04   2.3970909e+05
   8.7200000e+01   8.1657430e+04   2.3582773e+05
   8.7300000e+01   6.5660648e+04   2.2442078e+05
   8.7400000e+01   5.4866531e+04   2.1636800e+05
   8.7500000e+01   4.9577387e+04   2.1270377e+05
   8.7600000e+01   4.3723461e+04   2.0585108e+05
   8.7700000e+01   3.1316346e+04   1.8803005e+05
   8.7800000e+01   1.2310828e+04   1.5824344e+05
   8.7900000e+01  -7.0722065e+03   1.2224630e+05
   8.8000000e+01  -1.9662336e+04   8.6800055e+04
   8.8100000e+01  -2.3270393e+04   5.4119055e+04
   8.8200000e+01  -2.1531555e+04   2.1392025e+04
   8.8300000e+01  -1.9249043e+04  -1.5057505e+04
   8.8400000e+01  -1.7854988e+04  -5.5836434e+04
   8.8500000e+01  -1.6043627e+04  -9.8589484e+04
   8.8600000e+01  -1.3727658e+04  -1.4076300e+05
   8.8700000e+01  -1.3172988e+04  -1.8077648e+05
   8.8800000e+01  -1.5583212e+04  -2.1650964e+05
   8.8900000e+01  -1.8541762e+04  -2.4466686e+05
   8.9000000e+01  -1.9054455e+04  -2.6369353e+05
   8.9100000e+01  -1.8686676e+04  -2.7710428e+05
   8.9200000e+01  -2.3205326e+04  -2.9164350e+05
   8.9300000e+01  -3.5986461e+04  -3.1029072e+05
   8.9400000e+01  -5.3375961e+04  -3.2733209e+05
   8.9500000e+01  -6.8353477e+04  -3.3176675e+05
   8.9600000e+01  -7.7936391e+04  -3.1630250e+05
   8.9700000e+01  -8.4604852e+04  -2.8281859e+05
   8.9800000e+01  -9.0111266e+04  -2.3925422e+05
   8.9900000e+01  -9.0572664e+04  -1.9241516e+05
   9.0000000e+01  -8.0225969e+04  -1.4471195e+05
   9.0100000e+01  -5.9408863e+04  -9.6827641e+04
   9.0200000e+01  -3.5980574e+04  -5.0886195e+04
   9.0300000e+01  -1.7150482e+04  -9.0220127e+03
   9.0400000e+01  -8.5793030e+02   3.0682305e+04
   9.0500000e+01   2.2718326e+04   7.4383172e+04
   9.0600000e+01   6.0079672e+04   1.2627570e+05
   9.0700000e+01   1.0521030e+05   1.8169055e+05
   9.0800000e+01   1.4249208e+05   2.2794427e+05
   9.0900000e+01   1.6010777e+05   2.5454298e+05
   9.1000000e+01   1.6163772e+05   2.6400094e+05
   9.1100000e+01   1.6413822e+05   2.7164156e+05
   9.1200000e+01   1.8272700e+05   2.9201862e+05
   9.1300000e+01   2.1472133e+05   3.2340253e+05
   9.1400000e+01   2.3862327e+05   3.4595641e+05
   9.1500000e+01   2.3090562e+05   3.3741438e+05
   9.1600000e+01   1.8656570e+05   2.9256003e+05
   9.1700000e+01   1.2436445e+05   2.2788717e+05
   9.1800000e+01   7.1311625e+04   1.6703252e+05
   9.1900000e+01   4.0904348e+04   1.2158778e+05
   9.2000000e+01   2.5448533e+04   8.5429805e+04
   9.2100000e+01   8.0278525e+03   4.5497758e+04
   9.2200000e+01  -1.9991617e+04  -4.4094097e+03
   9.2300000e+01  -5.3690129e+04  -6.0231004e+04
   9.2400000e+01  -8.4169055e+04  -1.1425322e+05
   9.2500000e+01  -1.0957930e+05  -1.6134172e+05
   9.2600000e+01  -1.3492298e+05  -1.9852350e+05
   9.2700000e+01  -1.6278419e+05  -2.2196617e+05
   9.2800000e+01  -1.8776325e+05  -2.2812141e+05
   9.2900000e+01  -2.0184958e+05  -2.1866517e+05
   9.3000000e+01  -2.0402327e+05  -2.0224514e+05
   9.3100000e+01  -2.0208706e+05  -1.8874434e+05
   9.3200000e+01  -2.0404503e+05  -1.8063939e+05
   9.3300000e+01  -2.0872427e+05  -1.7047303e+05
   9.3400000e+01  -2.0615230e+05  -1.4783358e+05
   9.3500000e+01  -1.8696964e+05  -1.0918823e+05
   9.3600000e+01  -1.5045420e+05  -6.0534828e+04
   9.3700000e+01  -1.0350935e+05  -1.0513718e+04
   9.3800000e+01  -5.3799203e+04   3.7653625e+04
   9.3900000e+01  -5.6503799e+03   8.5730609e+04
   9.4000000e+01   3.8167500e+04   1.3227703e+05
   9.4100000e+01   7.3759422e+04   1.6757919e+05
   9.4200000e+01   9.7611938e+04   1.7964889e+05
   9.4300000e+01   1.1038120e+05   1.6591578e+05
   9.4400000e+01   1.1707862e+05   1.3745344e+05
   9.4500000e+01   1.2225441e+05   1.1026998e+05
   9.4600000e+01   1.2559283e+05   9.2588062e+04
   9.4700000e+01   1.2343158e+05   8.1206789e+04
   9.4800000e+01   1.1480643e+05   6.9394953e+04
   9.4900000e+01   1.0496745e+05   5.6061273e+04
   9.5000000e+01   1.0150481e+05   4.5594523e+04
   9.5100000e+01   1.0618852e+05   3.9501168e+04
   9.5200000e+01   1.1132981e+05   3.1152176e+04
   9.5300000e+01   1.0657146e+05   1.2010525e+04
   9.5400000e+01   9.1631445e+04  -1.5734980e+04
   9.5500000e+01   8.1876641e+04  -3.4850281e+04
   9.5600000e+01   9.7277336e+04  -2.5790590e+04
   9.5700000e+01   1.4149972e+05   1.2660604e+04
   9.5800000e+01   1.9150634e+05   5.5706152e+04
   9.5900000e+01   2.1177425e+05   6.9301500e+04
   9.6000000e+01   1.8324627e+05   3.8793992e+04
   9.6100000e+01   1.1986813e+05  -1.7390293e+04
   9.6200000e+01   5.5990789e+04  -6.3147781e+04
   9.6300000e+01   1.6944375e+04  -7.5035461e+04
   9.6400000e+01   1.3367629e+03  -5.9052969e+04
   9.6500000e+01  -1.0444601e+04  -4.0114605e+04
   9.6600000e+01  -3.4454027e+04  -3.7793711e+04
   9.6700000e+01  -7.1215820e+04  -5.2737051e+04
   9.6800000e+01  -1.1140943e+05  -7.3311078e+04
   9.6900000e+01  -1.4739258e+05  -9.0487859e+04
   9.7000000e+01  -1.7673455e+05  -1.0399567e+05
   9.7100000e+01  -1.9756198e+05  -1.1637736e+05
   9.7200000e+01  -2.0550055e+05  -1.2569038e+05
   9.7300000e+01  -1.9742353e+05  -1.2668529e+05
   9.7400000e+01  -1.7662598e+05  -1.1802771e+05
   9.7500000e+01  -1.5168230e+05  -1.0538287e+05
   9.7600000e+01  -1.2925863e+05  -9.5747312e+04
   9.7700000e+01  -1.0886248e+05  -8.9722820e+04
   9.7800000e+01  -8.5566359e+04  -8.1380820e+04
   9.7900000e+01  -5.7659414e+04  -6.6222945e+04
   9.8000000e+01  -3.0528400e+04  -4.7563930e+04
   9.8100000e+01  -1.2192725e+04  -3.3172973e+04
   9.8200000e+01  -5.1868521e+03  -2.5897547e+04
   9.8300000e+01  -3.6707446e+03  -1.9818715e+04
   9.8400000e+01   8.6357422e+02  -7.1674087e+03
   9.8500000e+01   1.1161467e+04   1.1949012e+04
   9.8600000e+01   2.1857980e+04   2.8767113e+04
   9.8700000e+01   2.5478750e+04   3.5225594e+04
   9.8800000e+01   2.0197674e+04   3.2559285e+04
   9.8900000e+01   1.1251540e+04   2.9407156e+04
   9.9000000e+01   5.2803799e+03   3.2472115e+04
   9.9100000e+01   4.6861382e+03   4.1214051e+04
   9.9200000e+01   8.2924238e+03   5.2016051e+04
   9.9300000e+01   1.6005532e+04   6.4761434e+04
   9.9400000e+01   2.9497982e+04   8.1796039e+04
   9.9500000e+01   4.6459133e+04   1.0000970e+05
   9.9600000e+01   5.6970332e+04   1.0792392e+05
   9.9700000e+01   5.1414191e+04   9.5704203e+04
   9.9800000e+01   3.3813113e+04   6.8463391e+04
   9.9900000e+01   2.0349955e+04   4.3204855e+04
   1.0000000e+02   1.8533998e+04   2.8175045e+04
