   1.1851270e+02   3.6301420e+01   1.8450000e+02
   1.1867918e+02   3.6550846e+01   1.7830000e+02
   0.0000000e+00  -1.0356308e+06  -1.0356308e+06
   1.0000000e-01  -7.3907119e+05  -1.3357040e+06
   2.0000000e-01  -4.5292891e+05  -1.6035780e+06
   3.0000000e-01  -1.6586620e+05  -1.7959579e+06
   4.0000000e-01   1.2551334e+05  -1.8967765e+06
   5.0000000e-01   4.0464556e+05  -1.9307196e+06
   6.0000000e-01   6.4697319e+05  -1.9410718e+06
   7.0000000e-01   8.3859544e+05  -1.9529046e+06
   8.0000000e-01   9.8152919e+05  -1.9554246e+06
   9.0000000e-01   1.0858420e+06  -1.9160502e+06
   1.0000000e+00   1.1632689e+06  -1.8083792e+06
   1.1000000e+00   1.2280349e+06  -1.6279058e+06
   1.2000000e+00   1.2946820e+06  -1.3873758e+06
   1.3000000e+00   1.3654048e+06  -1.1045679e+06
   1.4000000e+00   1.4187948e+06  -7.9732356e+05
   1.5000000e+00   1.4196515e+06  -4.8642503e+05
   1.6000000e+00   1.3492665e+06  -1.9608841e+05
   1.7000000e+00   1.2283352e+06   5.3694293e+04
   1.8000000e+00   1.1055502e+06   2.5665692e+05
   1.9000000e+00   1.0183831e+06   4.2110162e+05
   2.0000000e+00   9.6318450e+05   5.5996269e+05
   2.1000000e+00   9.0399450e+05   6.7890644e+05
   2.2000000e+00   8.1020219e+05   7.7289156e+05
   2.3000000e+00   6.8480081e+05   8.3301581e+05
   2.4000000e+00   5.5745169e+05   8.5611694e+05
   2.5000000e+00   4.5407369e+05   8.4826594e+05
   2.6000000e+00   3.7562597e+05   8.2005712e+05
   2.7000000e+00   3.0373484e+05   7.7935675e+05
   2.8000000e+00   2.2127270e+05   7.2899200e+05
   2.9000000e+00   1.2508921e+05   6.7157825e+05
   3.0000000e+00   2.2353947e+04   6.1611025e+05
   3.1000000e+00  -8.0026766e+04   5.7828269e+05
   3.2000000e+00  -1.8087330e+05   5.7214125e+05
   3.3000000e+00  -2.8252662e+05   5.9983444e+05
   3.4000000e+00  -3.8560878e+05   6.4924319e+05
   3.5000000e+00  -4.8521703e+05   7.0201275e+05
   3.6000000e+00  -5.7086469e+05   7.4462638e+05
   3.7000000e+00  -6.3122669e+05   7.7372075e+05
   3.8000000e+00  -6.6158475e+05   7.9432094e+05
   3.9000000e+00  -6.6748169e+05   8.1537725e+05
   4.0000000e+00  -6.5933375e+05   8.4446512e+05
   4.1000000e+00  -6.4173894e+05   8.7988381e+05
   4.2000000e+00  -6.0857269e+05   9.0286219e+05
   4.3000000e+00  -5.5036512e+05   8.7985194e+05
   4.4000000e+00  -4.6716766e+05   7.8084800e+05
   4.5000000e+00  -3.7304825e+05   6.0314325e+05
   4.6000000e+00  -2.8635416e+05   3.7905928e+05
   4.7000000e+00  -2.1502125e+05   1.5699547e+05
   4.8000000e+00  -1.5223720e+05  -3.0656184e+04
   4.9000000e+00  -8.7687875e+04  -1.8614573e+05
   5.0000000e+00  -2.3398312e+04  -3.3648866e+05
   5.1000000e+00   2.2299590e+04  -5.0465366e+05
   5.2000000e+00   2.7513039e+04  -6.8651738e+05
   5.3000000e+00  -1.5945736e+04  -8.5182706e+05
   5.4000000e+00  -9.7220320e+04  -9.6629419e+05
   5.5000000e+00  -1.9625222e+05  -1.0146225e+06
   5.6000000e+00  -2.9647266e+05  -1.0056049e+06
   5.7000000e+00  -3.8771000e+05  -9.5873162e+05
   5.8000000e+00  -4.6072450e+05  -8.8861812e+05
   5.9000000e+00  -5.0489172e+05  -8.0181938e+05
   6.0000000e+00  -5.1432659e+05  -7.0391244e+05
   6.1000000e+00  -4.9432666e+05  -6.0396244e+05
   6.2000000e+00  -4.5764150e+05  -5.1077384e+05
   6.3000000e+00  -4.1231094e+05  -4.2852909e+05
   6.4000000e+00  -3.5423272e+05  -3.5952866e+05
   6.5000000e+00  -2.7367141e+05  -3.0953291e+05
   6.6000000e+00  -1.6962555e+05  -2.8560309e+05
   6.7000000e+00  -5.6589527e+04  -2.8670425e+05
   6.8000000e+00   4.4742238e+04  -2.9935406e+05
   6.9000000e+00   1.2501820e+05  -3.0632253e+05
   7.0000000e+00   1.9506777e+05  -2.9994697e+05
   7.1000000e+00   2.7627778e+05  -2.8455288e+05
   7.2000000e+00   3.7984278e+05  -2.6504091e+05
   7.3000000e+00   4.9335512e+05  -2.3595288e+05
   7.4000000e+00   5.8751819e+05  -1.8569131e+05
   7.5000000e+00   6.3784844e+05  -1.1267984e+05
   7.6000000e+00   6.4256931e+05  -3.4762309e+04
   7.7000000e+00   6.2139838e+05   2.1594150e+04
   7.8000000e+00   5.9714712e+05   4.4683965e+04
   7.9000000e+00   5.7659362e+05   5.1679539e+04
   8.0000000e+00   5.4626075e+05   7.9459555e+04
   8.1000000e+00   4.8525234e+05   1.5988573e+05
   8.2000000e+00   3.8426203e+05   3.0071712e+05
   8.3000000e+00   2.5663444e+05   4.8584975e+05
   8.4000000e+00   1.3334927e+05   6.8941662e+05
   8.5000000e+00   4.3827703e+04   8.8749856e+05
   8.6000000e+00  -5.6436152e+03   1.0582918e+06
   8.7000000e+00  -3.9255930e+04   1.1768745e+06
   8.8000000e+00  -9.5019055e+04   1.2169482e+06
   8.9000000e+00  -1.9308917e+05   1.1628040e+06
   9.0000000e+00  -3.1484309e+05   1.0209980e+06
   9.1000000e+00  -4.1409569e+05   8.1882256e+05
   9.2000000e+00  -4.5437678e+05   5.8911088e+05
   9.3000000e+00  -4.3972575e+05   3.5481466e+05
   9.4000000e+00  -4.0959644e+05   1.2642839e+05
   9.5000000e+00  -4.0167259e+05  -8.9140406e+04
   9.6000000e+00  -4.1750566e+05  -2.8141403e+05
   9.7000000e+00  -4.2284412e+05  -4.3957531e+05
   9.8000000e+00  -3.8040356e+05  -5.6037981e+05
   9.9000000e+00  -2.8290628e+05  -6.4911900e+05
   1.0000000e+01  -1.5763305e+05  -7.1149781e+05
   1.0100000e+01  -4.3291379e+04  -7.4613869e+05
   1.0200000e+01   3.6705277e+04  -7.4630112e+05
   1.0300000e+01   8.4103125e+04  -7.0760612e+05
   1.0400000e+01   1.1845662e+05  -6.3184162e+05
   1.0500000e+01   1.6439088e+05  -5.2325869e+05
   1.0600000e+01   2.4093986e+05  -3.8408403e+05
   1.0700000e+01   3.5242947e+05  -2.1715133e+05
   1.0800000e+01   4.8207441e+05  -3.4500297e+04
   1.0900000e+01   5.9601562e+05   1.3798625e+05
   1.1000000e+01   6.6207694e+05   2.6858875e+05
   1.1100000e+01   6.7215850e+05   3.3777094e+05
   1.1200000e+01   6.4755425e+05   3.5173641e+05
   1.1300000e+01   6.1864875e+05   3.3698469e+05
   1.1400000e+01   5.9589806e+05   3.1712744e+05
   1.1500000e+01   5.6041650e+05   2.9235719e+05
   1.1600000e+01   4.8466200e+05   2.4299286e+05
   1.1700000e+01   3.6339200e+05   1.5521206e+05
   1.1800000e+01   2.2408514e+05   4.1967234e+04
   1.1900000e+01   1.0621829e+05  -6.4818359e+04
   1.2000000e+01   2.9109590e+04  -1.4331406e+05
   1.2100000e+01  -2.2043715e+04  -2.0001239e+05
   1.2200000e+01  -8.0933227e+04  -2.5697078e+05
   1.2300000e+01  -1.7160973e+05  -3.2313447e+05
   1.2400000e+01  -2.9197944e+05  -3.8168581e+05
   1.2500000e+01  -4.2023612e+05  -4.0494059e+05
   1.2600000e+01  -5.3333581e+05  -3.7709916e+05
   1.2700000e+01  -6.1873312e+05  -3.0053019e+05
   1.2800000e+01  -6.7225006e+05  -1.8515984e+05
   1.2900000e+01  -6.9144056e+05  -4.0204035e+04
   1.3000000e+01  -6.7627969e+05   1.2077175e+05
   1.3100000e+01  -6.3562931e+05   2.7258028e+05
   1.3200000e+01  -5.8680388e+05   3.8538994e+05
   1.3300000e+01  -5.4272500e+05   4.4411178e+05
   1.3400000e+01  -4.9891072e+05   4.6034122e+05
   1.3500000e+01  -4.3723756e+05   4.6223453e+05
   1.3600000e+01  -3.4602116e+05   4.7024412e+05
   1.3700000e+01  -2.3614508e+05   4.8090300e+05
   1.3800000e+01  -1.3555816e+05   4.7229644e+05
   1.3900000e+01  -6.7454414e+04   4.2409659e+05
   1.4000000e+01  -3.3987141e+04   3.3324803e+05
   1.4100000e+01  -1.9369332e+04   2.1306414e+05
   1.4200000e+01  -5.5069116e+03   7.9875680e+04
   1.4300000e+01   1.5926102e+04  -5.8427227e+04
   1.4400000e+01   4.2417957e+04  -2.0193714e+05
   1.4500000e+01   6.6214281e+04  -3.4954700e+05
   1.4600000e+01   8.0207609e+04  -4.9268694e+05
   1.4700000e+01   8.2014539e+04  -6.1885100e+05
   1.4800000e+01   7.5593492e+04  -7.1958275e+05
   1.4900000e+01   6.8772086e+04  -7.9230494e+05
   1.5000000e+01   6.7677758e+04  -8.3351700e+05
   1.5100000e+01   7.3685969e+04  -8.3266256e+05
   1.5200000e+01   8.6757797e+04  -7.7649769e+05
   1.5300000e+01   1.1048432e+05  -6.6146888e+05
   1.5400000e+01   1.5019927e+05  -5.0091553e+05
   1.5500000e+01   2.0375814e+05  -3.1819272e+05
   1.5600000e+01   2.5581341e+05  -1.3184548e+05
   1.5700000e+01   2.8525594e+05   5.2311961e+04
   1.5800000e+01   2.8132706e+05   2.3489856e+05
   1.5900000e+01   2.5313941e+05   4.1035825e+05
   1.6000000e+01   2.2302550e+05   5.6210269e+05
   1.6100000e+01   2.0985931e+05   6.7059250e+05
   1.6200000e+01   2.1700756e+05   7.2614769e+05
   1.6300000e+01   2.3331517e+05   7.3449025e+05
   1.6400000e+01   2.4325388e+05   7.1112450e+05
   1.6500000e+01   2.3668078e+05   6.7056488e+05
   1.6600000e+01   2.1238641e+05   6.1846869e+05
   1.6700000e+01   1.7607631e+05   5.4992344e+05
   1.6800000e+01   1.3623650e+05   4.5295466e+05
   1.6900000e+01   1.0037686e+05   3.1616884e+05
   1.7000000e+01   7.2852703e+04   1.3940566e+05
   1.7100000e+01   5.5097633e+04  -5.7391758e+04
   1.7200000e+01   4.7958887e+04  -2.3558973e+05
   1.7300000e+01   5.3354844e+04  -3.5435372e+05
   1.7400000e+01   7.1999742e+04  -3.9483494e+05
   1.7500000e+01   9.8459070e+04  -3.7395525e+05
   1.7600000e+01   1.2052321e+05  -3.3313909e+05
   1.7700000e+01   1.2811106e+05  -3.0652406e+05
   1.7800000e+01   1.2572338e+05  -2.9326088e+05
   1.7900000e+01   1.3362530e+05  -2.5938934e+05
   1.8000000e+01   1.7037845e+05  -1.7106942e+05
   1.8100000e+01   2.2963055e+05  -3.1432180e+04
   1.8200000e+01   2.7516756e+05   1.1337352e+05
   1.8300000e+01   2.6398356e+05   2.0709030e+05
   1.8400000e+01   1.7940991e+05   2.2675366e+05
   1.8500000e+01   4.4703500e+04   1.9718795e+05
   1.8600000e+01  -9.4715000e+04   1.6444062e+05
   1.8700000e+01  -2.0366141e+05   1.5491028e+05
   1.8800000e+01  -2.7721062e+05   1.5834700e+05
   1.8900000e+01  -3.3617069e+05   1.4650770e+05
   1.9000000e+01  -4.0695628e+05   1.0419580e+05
   1.9100000e+01  -5.0255522e+05   4.1644227e+04
   1.9200000e+01  -6.1491238e+05  -1.9148385e+04
   1.9300000e+01  -7.1995400e+05  -6.5162207e+04
   1.9400000e+01  -7.9101244e+05  -9.9012039e+04
   1.9500000e+01  -8.1297344e+05  -1.2928883e+05
   1.9600000e+01  -7.8815588e+05  -1.5841078e+05
   1.9700000e+01  -7.2994456e+05  -1.7981512e+05
   1.9800000e+01  -6.5053962e+05  -1.8387539e+05
   1.9900000e+01  -5.5466581e+05  -1.6498203e+05
   2.0000000e+01  -4.4399781e+05  -1.2521439e+05
   2.0100000e+01  -3.2442834e+05  -7.4792281e+04
   2.0200000e+01  -2.0542719e+05  -2.9554695e+04
   2.0300000e+01  -9.1669008e+04  -4.3818213e+03
   2.0400000e+01   2.1862824e+04  -4.3181396e+03
   2.0500000e+01   1.4349891e+05  -1.9987566e+04
   2.0600000e+01   2.7348353e+05  -3.3104105e+04
   2.0700000e+01   4.0063697e+05  -2.9577889e+04
   2.0800000e+01   5.1090275e+05  -9.8919990e+03
   2.0900000e+01   5.9790931e+05   1.2036979e+04
   2.1000000e+01   6.6444144e+05   2.0256188e+04
   2.1100000e+01   7.1530756e+05   8.4216201e+03
   2.1200000e+01   7.5101188e+05  -1.7642965e+04
   2.1300000e+01   7.6798300e+05  -4.7055977e+04
   2.1400000e+01   7.6243344e+05  -7.2926609e+04
   2.1500000e+01   7.3331781e+05  -9.5009953e+04
   2.1600000e+01   6.8428769e+05  -1.1475659e+05
   2.1700000e+01   6.2487962e+05  -1.2948209e+05
   2.1800000e+01   5.6672488e+05  -1.3320366e+05
   2.1900000e+01   5.1267075e+05  -1.2401097e+05
   2.2000000e+01   4.4858503e+05  -1.0947895e+05
   2.2100000e+01   3.5284153e+05  -1.0242026e+05
   2.2200000e+01   2.2199847e+05  -1.0957438e+05
   2.2300000e+01   8.6921930e+04  -1.2444357e+05
   2.2400000e+01  -5.3352266e+03  -1.3200481e+05
   2.2500000e+01  -3.3996141e+04  -1.2082133e+05
   2.2600000e+01  -2.9539979e+04  -9.0942109e+04
   2.2700000e+01  -5.1373270e+04  -5.1390258e+04
   2.2800000e+01  -1.3648150e+05  -1.1661602e+04
   2.2900000e+01  -2.6853138e+05   2.4450668e+04
   2.3000000e+01  -3.9542291e+05   5.9232340e+04
   2.3100000e+01  -4.7415853e+05   9.7918719e+04
   2.3200000e+01  -4.9955328e+05   1.4518161e+05
   2.3300000e+01  -4.9692566e+05   2.0237955e+05
   2.3400000e+01  -4.9555934e+05   2.6612288e+05
   2.3500000e+01  -5.1000284e+05   3.2916562e+05
   2.3600000e+01  -5.3863550e+05   3.8354094e+05
   2.3700000e+01  -5.7087950e+05   4.2372303e+05
   2.3800000e+01  -5.9348338e+05   4.4747288e+05
   2.3900000e+01  -5.9461412e+05   4.5441447e+05
   2.4000000e+01  -5.6789406e+05   4.4431191e+05
   2.4100000e+01  -5.1554562e+05   4.1641050e+05
   2.4200000e+01  -4.4773638e+05   3.6971519e+05
   2.4300000e+01  -3.7724766e+05   3.0397862e+05
   2.4400000e+01  -3.1193941e+05   2.2169889e+05
   2.4500000e+01  -2.4961453e+05   1.3027354e+05
   2.4600000e+01  -1.7985636e+05   4.1326352e+04
   2.4700000e+01  -9.3572391e+04  -3.4839062e+04
   2.4800000e+01   6.2971870e+03  -9.6363750e+04
   2.4900000e+01   1.0349209e+05  -1.5105569e+05
   2.5000000e+01   1.8041753e+05  -2.0821433e+05
   2.5100000e+01   2.3329212e+05  -2.6784403e+05
   2.5200000e+01   2.7440200e+05  -3.1896397e+05
   2.5300000e+01   3.1727559e+05  -3.5020944e+05
   2.5400000e+01   3.5957253e+05  -3.6183244e+05
   2.5500000e+01   3.8271712e+05  -3.6542828e+05
   2.5600000e+01   3.6987969e+05  -3.7131519e+05
   2.5700000e+01   3.2360672e+05  -3.7810838e+05
   2.5800000e+01   2.6484259e+05  -3.7650878e+05
   2.5900000e+01   2.1589870e+05  -3.6195797e+05
   2.6000000e+01   1.8638012e+05  -3.3994691e+05
   2.6100000e+01   1.7434622e+05  -3.1735219e+05
   2.6200000e+01   1.7531266e+05  -2.9144081e+05
   2.6300000e+01   1.8472067e+05  -2.5171605e+05
   2.6400000e+01   1.9281298e+05  -1.9337891e+05
   2.6500000e+01   1.8467288e+05  -1.2545778e+05
   2.6600000e+01   1.5229998e+05  -6.2375875e+04
   2.6700000e+01   1.0704052e+05  -8.5837451e+03
   2.6800000e+01   7.4956570e+04   4.4634195e+04
   2.6900000e+01   7.5014016e+04   1.0588033e+05
   2.7000000e+01   1.0074123e+05   1.7040909e+05
   2.7100000e+01   1.2482706e+05   2.2350423e+05
   2.7200000e+01   1.2303133e+05   2.5589173e+05
   2.7300000e+01   9.4226445e+04   2.7142719e+05
   2.7400000e+01   5.8241391e+04   2.7774069e+05
   2.7500000e+01   3.5861523e+04   2.7300181e+05
   2.7600000e+01   3.1343793e+04   2.4725889e+05
   2.7700000e+01   3.2401262e+04   1.9788130e+05
   2.7800000e+01   2.4399418e+04   1.3956638e+05
   2.7900000e+01   3.8056826e+03   9.4451273e+04
   2.8000000e+01  -2.0173275e+04   7.1297156e+04
   2.8100000e+01  -3.4646414e+04   5.6518980e+04
   2.8200000e+01  -3.3618750e+04   2.7800014e+04
   2.8300000e+01  -2.1901529e+04  -2.3160379e+04
   2.8400000e+01  -1.0435488e+04  -8.1905273e+04
   2.8500000e+01  -7.3178765e+03  -1.2488748e+05
   2.8600000e+01  -1.1783568e+04  -1.4098325e+05
   2.8700000e+01  -1.6251760e+04  -1.3897116e+05
   2.8800000e+01  -1.4607325e+04  -1.3423833e+05
   2.8900000e+01  -8.5413154e+03  -1.2949992e+05
   2.9000000e+01  -5.4689688e+03  -1.1037362e+05
   2.9100000e+01  -1.0966939e+04  -6.1424805e+04
   2.9200000e+01  -2.4972764e+04   1.2919166e+04
   2.9300000e+01  -4.5446336e+04   8.4479812e+04
   2.9400000e+01  -7.2509797e+04   1.2119302e+05
   2.9500000e+01  -1.0535937e+05   1.1451373e+05
   2.9600000e+01  -1.3579903e+05   8.8871266e+04
   2.9700000e+01  -1.5003142e+05   8.2119391e+04
   2.9800000e+01  -1.4124442e+05   1.1258065e+05
   2.9900000e+01  -1.1957550e+05   1.6248994e+05
   3.0000000e+01  -1.0525077e+05   1.9395416e+05
   3.0100000e+01  -1.0914080e+05   1.8305009e+05
   3.0200000e+01  -1.2097802e+05   1.4016605e+05
   3.0300000e+01  -1.1860265e+05   9.8596406e+04
   3.0400000e+01  -8.9132008e+04   8.4540586e+04
   3.0500000e+01  -4.0882457e+04   9.7486188e+04
   3.0600000e+01   4.1135381e+03   1.1574866e+05
   3.0700000e+01   2.7410812e+04   1.1636483e+05
   3.0800000e+01   2.4914557e+04   8.9584344e+04
   3.0900000e+01   4.8029204e+03   4.0429781e+04
   3.1000000e+01  -2.1142611e+04  -1.6562457e+04
   3.1100000e+01  -4.4246992e+04  -6.3549949e+04
   3.1200000e+01  -6.1226422e+04  -8.7493961e+04
   3.1300000e+01  -7.4242016e+04  -8.9668789e+04
   3.1400000e+01  -8.9789398e+04  -8.7855273e+04
   3.1500000e+01  -1.1501295e+05  -1.0329859e+05
   3.1600000e+01  -1.5158406e+05  -1.3973989e+05
   3.1700000e+01  -1.9164097e+05  -1.7501689e+05
   3.1800000e+01  -2.2106714e+05  -1.7779709e+05
   3.1900000e+01  -2.2934692e+05  -1.3707386e+05
   3.2000000e+01  -2.1762719e+05  -7.6115562e+04
   3.2100000e+01  -1.9650788e+05  -3.4889555e+04
   3.2200000e+01  -1.7458306e+05  -3.5324090e+04
   3.2300000e+01  -1.4871142e+05  -6.1659254e+04
   3.2400000e+01  -1.0622370e+05  -7.4717594e+04
   3.2500000e+01  -3.7706391e+04  -4.6983789e+04
   3.2600000e+01   5.1512809e+04   1.3627686e+04
   3.2700000e+01   1.4184814e+05   7.1536844e+04
   3.2800000e+01   2.1148969e+05   9.3307305e+04
   3.2900000e+01   2.4972362e+05   7.1977812e+04
   3.3000000e+01   2.6108167e+05   2.7387068e+04
   3.3100000e+01   2.5826166e+05  -1.2424580e+04
   3.3200000e+01   2.5107492e+05  -2.9678082e+04
   3.3300000e+01   2.4127638e+05  -2.2232145e+04
   3.3400000e+01   2.2677988e+05   1.7928457e+03
   3.3500000e+01   2.0900781e+05   3.0323156e+04
   3.3600000e+01   1.9393995e+05   4.9843465e+04
   3.3700000e+01   1.8519139e+05   4.7608500e+04
   3.3800000e+01   1.7801159e+05   1.7586773e+04
   3.3900000e+01   1.6325642e+05  -3.3053363e+04
   3.4000000e+01   1.3840089e+05  -8.5160406e+04
   3.4100000e+01   1.1268453e+05  -1.1949449e+05
   3.4200000e+01   9.8875797e+04  -1.3065426e+05
   3.4300000e+01   9.9597391e+04  -1.2964656e+05
   3.4400000e+01   1.0306567e+05  -1.3151719e+05
   3.4500000e+01   9.2916727e+04  -1.4001366e+05
   3.4600000e+01   6.1851250e+04  -1.4507297e+05
   3.4700000e+01   1.6334512e+04  -1.3521208e+05
   3.4800000e+01  -2.9570969e+04  -1.1035323e+05
   3.4900000e+01  -6.3336699e+04  -8.0508555e+04
   3.5000000e+01  -7.9314875e+04  -5.2629078e+04
   3.5100000e+01  -8.0282828e+04  -2.1941477e+04
   3.5200000e+01  -7.7051797e+04   2.1436473e+04
   3.5300000e+01  -8.4483227e+04   7.8220609e+04
   3.5400000e+01  -1.1184901e+05   1.3497239e+05
   3.5500000e+01  -1.5221934e+05   1.7467927e+05
   3.5600000e+01  -1.8181216e+05   1.9117434e+05
   3.5700000e+01  -1.7537569e+05   1.9126181e+05
   3.5800000e+01  -1.2832301e+05   1.8275845e+05
   3.5900000e+01  -6.5213434e+04   1.6336608e+05
   3.6000000e+01  -2.2234375e+04   1.2479412e+05
   3.6100000e+01  -1.5566447e+04   6.8315922e+04
   3.6200000e+01  -2.4966434e+04   1.2376181e+04
   3.6300000e+01  -1.1265707e+04  -2.0481047e+04
   3.6400000e+01   4.6080934e+04  -2.6169301e+04
   3.6500000e+01   1.2723840e+05  -2.5703881e+04
   3.6600000e+01   1.8796116e+05  -4.5184641e+04
   3.6700000e+01   1.9793700e+05  -8.8092734e+04
   3.6800000e+01   1.6462227e+05  -1.2962566e+05
   3.6900000e+01   1.2208040e+05  -1.4008978e+05
   3.7000000e+01   9.9230602e+04  -1.1284691e+05
   3.7100000e+01   9.8257109e+04  -6.8047875e+04
   3.7200000e+01   9.8928227e+04  -3.0768445e+04
   3.7300000e+01   7.9167609e+04  -8.8831055e+03
   3.7400000e+01   3.2156594e+04   7.4969683e+03
   3.7500000e+01  -3.0919816e+04   2.9531527e+04
   3.7600000e+01  -9.0060273e+04   5.7612027e+04
   3.7700000e+01  -1.2895898e+05   8.5799586e+04
   3.7800000e+01  -1.4323798e+05   1.1377440e+05
   3.7900000e+01  -1.4067752e+05   1.4984339e+05
   3.8000000e+01  -1.3435009e+05   2.0050475e+05
   3.8100000e+01  -1.3361475e+05   2.5791634e+05
   3.8200000e+01  -1.3897383e+05   2.9964616e+05
   3.8300000e+01  -1.4378006e+05   3.0346697e+05
   3.8400000e+01  -1.4089747e+05   2.6519688e+05
   3.8500000e+01  -1.2913312e+05   2.0311716e+05
   3.8600000e+01  -1.1463612e+05   1.4319527e+05
   3.8700000e+01  -1.0636419e+05   9.7015672e+04
   3.8800000e+01  -1.0957203e+05   5.2722145e+04
   3.8900000e+01  -1.2285629e+05  -1.1607752e+04
   3.9000000e+01  -1.4061478e+05  -1.0435044e+05
   3.9100000e+01  -1.5747178e+05  -2.0953520e+05
   3.9200000e+01  -1.7021005e+05  -2.9952469e+05
   3.9300000e+01  -1.7674873e+05  -3.5806356e+05
   3.9400000e+01  -1.7517152e+05  -3.9045422e+05
   3.9500000e+01  -1.6464697e+05  -4.1206116e+05
   3.9600000e+01  -1.4689908e+05  -4.2933706e+05
   3.9700000e+01  -1.2618099e+05  -4.3384509e+05
   3.9800000e+01  -1.0732720e+05  -4.1349638e+05
   3.9900000e+01  -9.2630547e+04  -3.6621978e+05
   4.0000000e+01  -7.8953641e+04  -3.0111356e+05
   4.0100000e+01  -5.7787188e+04  -2.2875770e+05
   4.0200000e+01  -2.0508186e+04  -1.5402908e+05
   4.0300000e+01   3.3855953e+04  -7.8069398e+04
   4.0400000e+01   9.6068055e+04  -2.2950186e+03
   4.0500000e+01   1.5376338e+05   7.3760492e+04
   4.0600000e+01   2.0188628e+05   1.5653144e+05
   4.0700000e+01   2.4481223e+05   2.5346731e+05
   4.0800000e+01   2.8716500e+05   3.5928147e+05
   4.0900000e+01   3.2393666e+05   4.4920169e+05
   4.1000000e+01   3.4203238e+05   4.9230756e+05
   4.1100000e+01   3.3220266e+05   4.7648016e+05
   4.1200000e+01   2.9836150e+05   4.2093216e+05
   4.1300000e+01   2.5461491e+05   3.6257078e+05
   4.1400000e+01   2.1400547e+05   3.2809428e+05
   4.1500000e+01   1.8067128e+05   3.1654775e+05
   4.1600000e+01   1.5148714e+05   3.0487172e+05
   4.1700000e+01   1.2271553e+05   2.6768038e+05
   4.1800000e+01   9.3739836e+04   1.9417756e+05
   4.1900000e+01   6.5535484e+04   9.3030062e+04
   4.2000000e+01   3.8189508e+04  -1.3291117e+04
   4.2100000e+01   1.1888300e+04  -9.9599516e+04
   4.2200000e+01  -9.9689805e+03  -1.5002573e+05
   4.2300000e+01  -2.1039730e+04  -1.6583756e+05
   4.2400000e+01  -1.7988199e+04  -1.6382527e+05
   4.2500000e+01  -6.7567480e+03  -1.6510428e+05
   4.2600000e+01  -1.0520586e+03  -1.8187466e+05
   4.2700000e+01  -1.2054138e+04  -2.1182823e+05
   4.2800000e+01  -3.8424477e+04  -2.4337853e+05
   4.2900000e+01  -6.6782219e+04  -2.6588619e+05
   4.3000000e+01  -8.2615406e+04  -2.7594412e+05
   4.3100000e+01  -8.1281875e+04  -2.7553034e+05
   4.3200000e+01  -6.9711820e+04  -2.6548238e+05
   4.3300000e+01  -5.9432996e+04  -2.4182023e+05
   4.3400000e+01  -5.8549457e+04  -1.9966328e+05
   4.3500000e+01  -6.8133258e+04  -1.4181661e+05
   4.3600000e+01  -8.2861750e+04  -8.3074547e+04
   4.3700000e+01  -9.4021195e+04  -4.3468121e+04
   4.3800000e+01  -9.4200086e+04  -3.3657109e+04
   4.3900000e+01  -8.2080281e+04  -4.4495395e+04
   4.4000000e+01  -6.3443992e+04  -5.1017160e+04
   4.4100000e+01  -4.6275762e+04  -2.9183469e+04
   4.4200000e+01  -3.3871258e+04   2.7385539e+04
   4.4300000e+01  -2.2941309e+04   1.0335431e+05
   4.4400000e+01  -8.9642490e+03   1.7220114e+05
   4.4500000e+01   6.6950757e+03   2.1226270e+05
   4.4600000e+01   1.5500443e+04   2.1725291e+05
   4.4700000e+01   8.3836289e+03   1.9672070e+05
   4.4800000e+01  -1.4969623e+04   1.6906402e+05
   4.4900000e+01  -4.2350953e+04   1.5191314e+05
   4.5000000e+01  -5.5476211e+04   1.5348439e+05
   4.5100000e+01  -4.3593457e+04   1.6801550e+05
   4.5200000e+01  -1.3989284e+04   1.7847853e+05
   4.5300000e+01   1.1033303e+04   1.6680834e+05
   4.5400000e+01   1.1181984e+04   1.2587430e+05
   4.5500000e+01  -1.3817498e+04   6.4363523e+04
   4.5600000e+01  -4.1992609e+04   5.5375977e+02
   4.5700000e+01  -4.6890551e+04  -4.9943008e+04
   4.5800000e+01  -2.0761664e+04  -8.2830305e+04
   4.5900000e+01   1.7891406e+04  -1.0457864e+05
   4.6000000e+01   3.9815613e+04  -1.2494438e+05
   4.6100000e+01   2.9603242e+04  -1.4925186e+05
   4.6200000e+01  -2.8838496e+03  -1.7575914e+05
   4.6300000e+01  -3.3564613e+04  -1.9882264e+05
   4.6400000e+01  -4.5650609e+04  -2.1422675e+05
   4.6500000e+01  -4.1048664e+04  -2.2164567e+05
   4.6600000e+01  -3.3070605e+04  -2.2219294e+05
   4.6700000e+01  -3.1031281e+04  -2.1443684e+05
   4.6800000e+01  -3.3554320e+04  -1.9443247e+05
   4.6900000e+01  -3.5420246e+04  -1.6071992e+05
   4.7000000e+01  -3.7180609e+04  -1.1841724e+05
   4.7100000e+01  -4.5030727e+04  -7.6283438e+04
   4.7200000e+01  -6.1414477e+04  -3.8650301e+04
   4.7300000e+01  -7.8676008e+04  -1.2418311e+03
   4.7400000e+01  -8.4934320e+04   4.3333141e+04
   4.7500000e+01  -7.6953352e+04   9.5539203e+04
   4.7600000e+01  -6.5714891e+04   1.4540738e+05
   4.7700000e+01  -6.7386000e+04   1.8006902e+05
   4.7800000e+01  -8.8185289e+04   1.9468984e+05
   4.7900000e+01  -1.1876715e+05   1.9522530e+05
   4.8000000e+01  -1.4376484e+05   1.9036609e+05
   4.8100000e+01  -1.5581077e+05   1.8195555e+05
   4.8200000e+01  -1.5908838e+05   1.6464706e+05
   4.8300000e+01  -1.6004008e+05   1.3488008e+05
   4.8400000e+01  -1.5737450e+05   9.8463648e+04
   4.8500000e+01  -1.4301691e+05   6.7531547e+04
   4.8600000e+01  -1.1159711e+05   4.9828359e+04
   4.8700000e+01  -6.6172477e+04   4.2161051e+04
   4.8800000e+01  -1.3751898e+04   3.5064852e+04
   4.8900000e+01   4.2653309e+04   2.2947199e+04
   4.9000000e+01   1.0509802e+05   8.2999395e+03
   4.9100000e+01   1.7422438e+05  -3.5668279e+03
   4.9200000e+01   2.4453058e+05  -1.1396388e+04
   4.9300000e+01   3.0827403e+05  -1.7569465e+04
   4.9400000e+01   3.6340181e+05  -2.1634666e+04
   4.9500000e+01   4.1486469e+05  -1.7280486e+04
   4.9600000e+01   4.6601906e+05   1.7102524e+03
   4.9700000e+01   5.0937019e+05   3.2383975e+04
   4.9800000e+01   5.2869475e+05   6.1445496e+04
   4.9900000e+01   5.1306500e+05   7.5514812e+04
   5.0000000e+01   4.6930394e+05   7.3899156e+04
   5.0100000e+01   4.1884422e+05   7.0804117e+04
   5.0200000e+01   3.7994306e+05   8.3008062e+04
   5.0300000e+01   3.5159419e+05   1.1323905e+05
   5.0400000e+01   3.1471444e+05   1.4500433e+05
   5.0500000e+01   2.4960534e+05   1.5499345e+05
   5.0600000e+01   1.5335006e+05   1.3251481e+05
   5.0700000e+01   4.1989578e+04   8.7981102e+04
   5.0800000e+01  -6.2414082e+04   4.2605113e+04
   5.0900000e+01  -1.4659903e+05   9.7409307e+03
   5.1000000e+01  -2.1069497e+05  -1.4047420e+04
   5.1100000e+01  -2.6221397e+05  -4.1034422e+04
   5.1200000e+01  -3.0818538e+05  -7.7760648e+04
   5.1300000e+01  -3.5248794e+05  -1.1922864e+05
   5.1400000e+01  -3.9715309e+05  -1.5584650e+05
   5.1500000e+01  -4.4199059e+05  -1.8330500e+05
   5.1600000e+01  -4.8117750e+05  -2.0452733e+05
   5.1700000e+01  -5.0242997e+05  -2.2355478e+05
   5.1800000e+01  -4.9407659e+05  -2.3990409e+05
   5.1900000e+01  -4.5617269e+05  -2.4943234e+05
   5.2000000e+01  -4.0416256e+05  -2.4920064e+05
   5.2100000e+01  -3.5863888e+05  -2.4007805e+05
   5.2200000e+01  -3.2940456e+05  -2.2489447e+05
   5.2300000e+01  -3.0979803e+05  -2.0536125e+05
   5.2400000e+01  -2.8724469e+05  -1.8135512e+05
   5.2500000e+01  -2.5819530e+05  -1.5253242e+05
   5.2600000e+01  -2.3080141e+05  -1.1984636e+05
   5.2700000e+01  -2.1313156e+05  -8.5695031e+04
   5.2800000e+01  -2.0144844e+05  -5.3493562e+04
   5.2900000e+01  -1.8226841e+05  -2.7380627e+04
   5.3000000e+01  -1.4543330e+05  -1.1055596e+04
   5.3100000e+01  -9.3489508e+04  -4.6589746e+03
   5.3200000e+01  -3.8313691e+04  -1.5980254e+03
   5.3300000e+01   9.6290459e+03   9.9089707e+03
   5.3400000e+01   4.7945250e+04   3.8154383e+04
   5.3500000e+01   8.0280938e+04   7.7701156e+04
   5.3600000e+01   1.1045177e+05   1.0902192e+05
   5.3700000e+01   1.3966423e+05   1.1371373e+05
   5.3800000e+01   1.6874280e+05   9.4860648e+04
   5.3900000e+01   2.0152178e+05   8.1392039e+04
   5.4000000e+01   2.4387248e+05   1.0581495e+05
   5.4100000e+01   2.9672681e+05   1.7162656e+05
   5.4200000e+01   3.4901569e+05   2.4301894e+05
   5.4300000e+01   3.8061909e+05   2.7279238e+05
   5.4400000e+01   3.7826294e+05   2.4602794e+05
   5.4500000e+01   3.5177559e+05   1.9660362e+05
   5.4600000e+01   3.3141816e+05   1.7718053e+05
   5.4700000e+01   3.4248066e+05   2.1007630e+05
   5.4800000e+01   3.7912844e+05   2.6702031e+05
   5.4900000e+01   4.0579997e+05   2.9662569e+05
   5.5000000e+01   3.8875612e+05   2.7046922e+05
   5.5100000e+01   3.2787041e+05   2.0317623e+05
   5.5200000e+01   2.5659155e+05   1.3245248e+05
   5.5300000e+01   2.1068236e+05   8.4752562e+04
   5.5400000e+01   1.9798914e+05   5.9613453e+04
   5.5500000e+01   1.9764386e+05   4.0199281e+04
   5.5600000e+01   1.8451728e+05   1.2662852e+04
   5.5700000e+01   1.5119791e+05  -2.3992461e+04
   5.5800000e+01   1.0834742e+05  -6.1044953e+04
   5.5900000e+01   6.9722430e+04  -8.9104320e+04
   5.6000000e+01   4.0380711e+04  -1.0560073e+05
   5.6100000e+01   1.6835531e+04  -1.1636539e+05
   5.6200000e+01  -6.7795527e+03  -1.3027530e+05
   5.6300000e+01  -3.5082734e+04  -1.5108636e+05
   5.6400000e+01  -7.1411812e+04  -1.7431336e+05
   5.6500000e+01  -1.1752920e+05  -1.9265047e+05
   5.6600000e+01  -1.7185875e+05  -2.0365472e+05
   5.6700000e+01  -2.2909955e+05  -2.1065536e+05
   5.6800000e+01  -2.8329291e+05  -2.1684659e+05
   5.6900000e+01  -3.3226538e+05  -2.2133172e+05
   5.7000000e+01  -3.7911912e+05  -2.2209253e+05
   5.7100000e+01  -4.2847147e+05  -2.2023166e+05
   5.7200000e+01  -4.7973631e+05  -2.1833638e+05
   5.7300000e+01  -5.2334116e+05  -2.1562816e+05
   5.7400000e+01  -5.4487412e+05  -2.0836084e+05
   5.7500000e+01  -5.3573931e+05  -1.9607617e+05
   5.7600000e+01  -5.0154691e+05  -1.8421784e+05
   5.7700000e+01  -4.5935031e+05  -1.7741348e+05
   5.7800000e+01  -4.2447997e+05  -1.7152800e+05
   5.7900000e+01  -3.9836609e+05  -1.5644986e+05
   5.8000000e+01  -3.6835528e+05  -1.2808819e+05
   5.8100000e+01  -3.1872262e+05  -9.4555953e+04
   5.8200000e+01  -2.4189922e+05  -6.7183680e+04
   5.8300000e+01  -1.4137270e+05  -4.6105508e+04
   5.8400000e+01  -2.8089613e+04  -1.8322777e+04
   5.8500000e+01   8.3156250e+04   2.7989865e+04
   5.8600000e+01   1.7632109e+05   8.8905609e+04
   5.8700000e+01   2.4004084e+05   1.4712891e+05
   5.8800000e+01   2.7666172e+05   1.8945830e+05
   5.8900000e+01   3.0497172e+05   2.2004247e+05
   5.9000000e+01   3.4811334e+05   2.5431733e+05
   5.9100000e+01   4.1278872e+05   2.9960869e+05
   5.9200000e+01   4.7895556e+05   3.4329194e+05
   5.9300000e+01   5.1320238e+05   3.6206653e+05
   5.9400000e+01   4.9651184e+05   3.4398628e+05
   5.9500000e+01   4.4112750e+05   3.0118812e+05
   5.9600000e+01   3.8016697e+05   2.6011233e+05
   5.9700000e+01   3.3973356e+05   2.3853486e+05
   5.9800000e+01   3.1990591e+05   2.3186378e+05
   5.9900000e+01   3.0120166e+05   2.2130475e+05
   6.0000000e+01   2.6763978e+05   1.9412522e+05
   6.0100000e+01   2.2246853e+05   1.5498588e+05
   6.0200000e+01   1.8213747e+05   1.1857895e+05
   6.0300000e+01   1.5702042e+05   9.4251867e+04
   6.0400000e+01   1.4015208e+05   7.9970516e+04
   6.0500000e+01   1.1565803e+05   6.9680422e+04
   6.0600000e+01   7.7215430e+04   6.2052727e+04
   6.0700000e+01   3.6052484e+04   5.9109402e+04
   6.0800000e+01   9.1093682e+03   5.8278527e+04
   6.0900000e+01  -4.6874658e+02   5.0816141e+04
   6.1000000e+01  -9.3930918e+03   3.0869781e+04
   6.1100000e+01  -3.9473977e+04   4.1536987e+03
   6.1200000e+01  -9.6644117e+04  -1.6208439e+04
   6.1300000e+01  -1.6494723e+05  -2.3788754e+04
   6.1400000e+01  -2.2106900e+05  -2.6993932e+04
   6.1500000e+01  -2.5433148e+05  -4.1337113e+04
   6.1600000e+01  -2.7288219e+05  -7.3978727e+04
   6.1700000e+01  -2.9187100e+05  -1.1697013e+05
   6.1800000e+01  -3.1685641e+05  -1.5512525e+05
   6.1900000e+01  -3.3856250e+05  -1.7897227e+05
   6.2000000e+01  -3.4282969e+05  -1.9055702e+05
   6.2100000e+01  -3.2532297e+05  -1.9991502e+05
   6.2200000e+01  -2.9695534e+05  -2.1832533e+05
   6.2300000e+01  -2.7488391e+05  -2.5297888e+05
   6.2400000e+01  -2.6693272e+05  -3.0312847e+05
   6.2500000e+01  -2.6333772e+05  -3.5830362e+05
   6.2600000e+01  -2.4364516e+05  -4.0182825e+05
   6.2700000e+01  -1.9350344e+05  -4.2010922e+05
   6.2800000e+01  -1.1746977e+05  -4.1135744e+05
   6.2900000e+01  -3.7402797e+04  -3.8588984e+05
   6.3000000e+01   2.2027840e+04  -3.5735159e+05
   6.3100000e+01   4.9496391e+04  -3.3228891e+05
   6.3200000e+01   5.3420480e+04  -3.0604588e+05
   6.3300000e+01   5.4767219e+04  -2.6705491e+05
   6.3400000e+01   7.1489797e+04  -2.0600458e+05
   6.3500000e+01   1.0535706e+05  -1.2415680e+05
   6.3600000e+01   1.4101608e+05  -3.5151969e+04
   6.3700000e+01   1.5872039e+05   4.2604297e+04
   6.3800000e+01   1.5064775e+05   9.9080938e+04
   6.3900000e+01   1.2644967e+05   1.4063262e+05
   6.4000000e+01   1.0315425e+05   1.8406989e+05
   6.4100000e+01   8.9970227e+04   2.4023869e+05
   6.4200000e+01   8.3311828e+04   3.0207812e+05
   6.4300000e+01   7.5529375e+04   3.4943400e+05
   6.4400000e+01   6.5901453e+04   3.6681475e+05
   6.4500000e+01   6.1625980e+04   3.5709344e+05
   6.4600000e+01   6.9450305e+04   3.3816900e+05
   6.4700000e+01   8.8624211e+04   3.2674434e+05
   6.4800000e+01   1.1211025e+05   3.2548219e+05
   6.4900000e+01   1.3271475e+05   3.2468591e+05
   6.5000000e+01   1.4725672e+05   3.1407853e+05
   6.5100000e+01   1.5667325e+05   2.9140238e+05
   6.5200000e+01   1.6422511e+05   2.6059080e+05
   6.5300000e+01   1.7314928e+05   2.2454784e+05
   6.5400000e+01   1.8382822e+05   1.8215378e+05
   6.5500000e+01   1.9242664e+05   1.3248734e+05
   6.5600000e+01   1.9379945e+05   8.0423703e+04
   6.5700000e+01   1.8707270e+05   3.6414121e+04
   6.5800000e+01   1.7741455e+05   9.6924453e+03
   6.5900000e+01   1.7027497e+05   1.0132207e+03
   6.6000000e+01   1.6341948e+05   1.8230084e+03
   6.6100000e+01   1.4630445e+05   1.1359135e+03
   6.6200000e+01   1.0920318e+05  -5.7350244e+03
   6.6300000e+01   5.3471855e+04  -1.4693501e+04
   6.6400000e+01  -7.7437671e+03  -1.9224578e+04
   6.6500000e+01  -5.9596168e+04  -1.9245244e+04
   6.6600000e+01  -9.6971695e+04  -2.2888426e+04
   6.6700000e+01  -1.2689879e+05  -3.8898152e+04
   6.6800000e+01  -1.6042203e+05  -6.7845109e+04
   6.6900000e+01  -2.0178533e+05  -1.0188234e+05
   6.7000000e+01  -2.4428959e+05  -1.3290431e+05
   6.7100000e+01  -2.7573716e+05  -1.5957617e+05
   6.7200000e+01  -2.8833303e+05  -1.8618675e+05
   6.7300000e+01  -2.8481856e+05  -2.1662811e+05
   6.7400000e+01  -2.7612912e+05  -2.5111073e+05
   6.7500000e+01  -2.7249606e+05  -2.8700212e+05
   6.7600000e+01  -2.7459366e+05  -3.1909622e+05
   6.7700000e+01  -2.7141862e+05  -3.3814922e+05
   6.7800000e+01  -2.4754564e+05  -3.3333681e+05
   6.7900000e+01  -1.9606066e+05  -3.0155388e+05
   6.8000000e+01  -1.2774636e+05  -2.5520947e+05
   6.8100000e+01  -6.6947984e+04  -2.1634419e+05
   6.8200000e+01  -3.3766508e+04  -1.9769603e+05
   6.8300000e+01  -2.6022906e+04  -1.8806419e+05
   6.8400000e+01  -1.8930453e+04  -1.5907941e+05
   6.8500000e+01   1.3560836e+04  -9.0305180e+04
   6.8600000e+01   7.3817711e+04   1.0025361e+04
   6.8700000e+01   1.3653630e+05   1.0891072e+05
   6.8800000e+01   1.7091853e+05   1.7439886e+05
   6.8900000e+01   1.6769503e+05   1.9996569e+05
   6.9000000e+01   1.4498277e+05   2.0606938e+05
   6.9100000e+01   1.2951105e+05   2.1941773e+05
   6.9200000e+01   1.3412159e+05   2.5043088e+05
   6.9300000e+01   1.5234108e+05   2.8854200e+05
   6.9400000e+01   1.6958362e+05   3.1593200e+05
   6.9500000e+01   1.7479377e+05   3.2334716e+05
   6.9600000e+01   1.6226808e+05   3.1325325e+05
   6.9700000e+01   1.2898867e+05   2.9154706e+05
   6.9800000e+01   7.6541141e+04   2.6044331e+05
   6.9900000e+01   1.5844561e+04   2.2027398e+05
   7.0000000e+01  -3.5180207e+04   1.7499536e+05
   7.0100000e+01  -6.3651086e+04   1.3194800e+05
   7.0200000e+01  -7.2547336e+04   9.5332758e+04
   7.0300000e+01  -7.7778664e+04   6.2371914e+04
   7.0400000e+01  -9.2976641e+04   2.8351191e+04
   7.0500000e+01  -1.1715473e+05  -4.9480278e+03
   7.0600000e+01  -1.3766869e+05  -2.8460652e+04
   7.0700000e+01  -1.4469062e+05  -3.5446219e+04
   7.0800000e+01  -1.4159628e+05  -3.1409898e+04
   7.0900000e+01  -1.4054561e+05  -3.2068590e+04
   7.1000000e+01  -1.4817988e+05  -4.9121961e+04
   7.1100000e+01  -1.5639439e+05  -7.7486133e+04
   7.1200000e+01  -1.4800294e+05  -9.8139375e+04
   7.1300000e+01  -1.1241557e+05  -9.5823188e+04
   7.1400000e+01  -5.6515945e+04  -7.4945516e+04
   7.1500000e+01  -1.9671924e+02  -5.7192062e+04
   7.1600000e+01   3.9401766e+04  -6.2106730e+04
   7.1700000e+01   6.0040383e+04  -8.9578531e+04
   7.1800000e+01   7.1993594e+04  -1.2144184e+05
   7.1900000e+01   8.5423086e+04  -1.3934759e+05
   7.2000000e+01   1.0212005e+05  -1.3970444e+05
   7.2100000e+01   1.1982804e+05  -1.3193267e+05
   7.2200000e+01   1.4127859e+05  -1.2597847e+05
   7.2300000e+01   1.7367294e+05  -1.2498964e+05
   7.2400000e+01   2.1660927e+05  -1.2871886e+05
   7.2500000e+01   2.5343814e+05  -1.3810628e+05
   7.2600000e+01   2.6092316e+05  -1.5194152e+05
   7.2700000e+01   2.3197416e+05  -1.6071027e+05
   7.2800000e+01   1.8808434e+05  -1.4985752e+05
   7.2900000e+01   1.6465672e+05  -1.1359634e+05
   7.3000000e+01   1.7966822e+05  -6.4934117e+04
   7.3100000e+01   2.1545945e+05  -2.8548324e+04
   7.3200000e+01   2.3257984e+05  -2.0991865e+04
   7.3300000e+01   2.0343720e+05  -3.6840242e+04
   7.3400000e+01   1.3439700e+05  -5.3677188e+04
   7.3500000e+01   5.7602609e+04  -5.0333773e+04
   7.3600000e+01   3.6121479e+03  -2.1721629e+04
   7.3700000e+01  -1.8732172e+04   2.0522217e+04
   7.3800000e+01  -2.1154025e+04   5.8648848e+04
   7.3900000e+01  -2.1731965e+04   8.0354023e+04
   7.4000000e+01  -3.3249242e+04   8.3774391e+04
   7.4100000e+01  -5.9596141e+04   7.5143656e+04
   7.4200000e+01  -9.5857094e+04   6.2753574e+04
   7.4300000e+01  -1.2980184e+05   5.1920062e+04
   7.4400000e+01  -1.4799442e+05   4.4150777e+04
   7.4500000e+01  -1.4605447e+05   3.9973922e+04
   7.4600000e+01  -1.3386409e+05   4.1239406e+04
   7.4700000e+01  -1.2778536e+05   4.9451234e+04
   7.4800000e+01  -1.3564595e+05   6.2139746e+04
   7.4900000e+01  -1.4995350e+05   7.2837500e+04
   7.5000000e+01  -1.5685875e+05   7.6238164e+04
   7.5100000e+01  -1.5114431e+05   7.2988352e+04
   7.5200000e+01  -1.4123925e+05   6.8146656e+04
   7.5300000e+01  -1.3971072e+05   6.5055148e+04
   7.5400000e+01  -1.4998391e+05   6.2089855e+04
   7.5500000e+01  -1.6277650e+05   5.5742461e+04
   7.5600000e+01  -1.6501944e+05   4.5427266e+04
   7.5700000e+01  -1.5218866e+05   3.4139781e+04
   7.5800000e+01  -1.3267633e+05   2.5187771e+04
   7.5900000e+01  -1.2048390e+05   1.9424645e+04
   7.6000000e+01  -1.2288132e+05   1.5069277e+04
   7.6100000e+01  -1.3429655e+05   8.7826484e+03
   7.6200000e+01  -1.4221058e+05  -2.7379717e+03
   7.6300000e+01  -1.3909469e+05  -2.0052889e+04
   7.6400000e+01  -1.2768705e+05  -3.8637270e+04
   7.6500000e+01  -1.1375660e+05  -5.0267496e+04
   7.6600000e+01  -9.5313484e+04  -4.8147473e+04
   7.6700000e+01  -6.2929312e+04  -3.0926326e+04
   7.6800000e+01  -1.3227546e+04  -2.0900015e+03
   7.6900000e+01   4.0352523e+04   3.2863637e+04
   7.7000000e+01   7.5860562e+04   6.7888734e+04
   7.7100000e+01   8.5188617e+04   9.7906703e+04
   7.7200000e+01   8.5945945e+04   1.2293709e+05
   7.7300000e+01   1.0614326e+05   1.5050367e+05
   7.7400000e+01   1.5466406e+05   1.8871894e+05
   7.7500000e+01   2.0857906e+05   2.3305608e+05
   7.7600000e+01   2.3222742e+05   2.6274456e+05
   7.7700000e+01   2.0943105e+05   2.5680753e+05
   7.7800000e+01   1.5683394e+05   2.1642609e+05
   7.7900000e+01   1.0731971e+05   1.6796017e+05
   7.8000000e+01   8.2732273e+04   1.3919445e+05
   7.8100000e+01   8.1706633e+04   1.3188453e+05
   7.8200000e+01   8.8434312e+04   1.2002195e+05
   7.8300000e+01   8.7865492e+04   7.6264578e+04
   7.8400000e+01   7.3078414e+04  -9.2777295e+02
   7.8500000e+01   4.4553492e+04  -8.6379125e+04
   7.8600000e+01   8.6863418e+03  -1.5178616e+05
   7.8700000e+01  -2.2508520e+04  -1.8820725e+05
   7.8800000e+01  -3.5218055e+04  -2.0701264e+05
   7.8900000e+01  -2.2788066e+04  -2.2354833e+05
   7.9000000e+01   7.2385703e+03  -2.4332898e+05
   7.9100000e+01   3.6786094e+04  -2.6257009e+05
   7.9200000e+01   5.0959867e+04  -2.7656484e+05
   7.9300000e+01   5.0055613e+04  -2.8318584e+05
   7.9400000e+01   4.7978438e+04  -2.7940503e+05
   7.9500000e+01   5.7770488e+04  -2.5983741e+05
   7.9600000e+01   7.8218570e+04  -2.2280183e+05
   7.9700000e+01   9.5203672e+04  -1.7687069e+05
   7.9800000e+01   9.6507031e+04  -1.3752438e+05
   7.9900000e+01   8.4341844e+04  -1.1508995e+05
   8.0000000e+01   7.2052445e+04  -1.0674345e+05
   8.0100000e+01   6.8705148e+04  -1.0135842e+05
   8.0200000e+01   6.8736906e+04  -9.1082875e+04
   8.0300000e+01   5.8127074e+04  -7.6518164e+04
   8.0400000e+01   3.0057861e+04  -6.1456672e+04
   8.0500000e+01  -7.3520244e+03  -4.6021672e+04
   8.0600000e+01  -3.9463051e+04  -2.7721088e+04
   8.0700000e+01  -5.9852320e+04  -8.5653633e+03
   8.0800000e+01  -7.4879109e+04   2.3138447e+03
   8.0900000e+01  -9.3488906e+04  -3.5420503e+03
   8.1000000e+01  -1.1468763e+05  -2.2668750e+04
   8.1100000e+01  -1.2799195e+05  -3.8396828e+04
   8.1200000e+01  -1.2701288e+05  -3.4402395e+04
   8.1300000e+01  -1.1985590e+05  -1.1446127e+04
   8.1400000e+01  -1.2192278e+05   1.1214033e+04
   8.1500000e+01  -1.3682659e+05   1.4877259e+04
   8.1600000e+01  -1.4720159e+05   3.2850579e+03
   8.1700000e+01  -1.2896476e+05   2.6711064e+03
   8.1800000e+01  -7.6780891e+04   3.6051230e+04
   8.1900000e+01  -1.3845139e+04   9.6883133e+04
   8.2000000e+01   2.6217303e+04   1.5131675e+05
   8.2100000e+01   2.8417734e+04   1.6929850e+05
   8.2200000e+01   7.9903232e+03   1.5324367e+05
   8.2300000e+01  -5.5035010e+03   1.3474019e+05
   8.2400000e+01   5.8191704e+03   1.4354072e+05
   8.2500000e+01   3.6473797e+04   1.8119031e+05
   8.2600000e+01   6.6952734e+04   2.2377211e+05
   8.2700000e+01   8.0638680e+04   2.4604420e+05
   8.2800000e+01   7.2826406e+04   2.4001858e+05
   8.2900000e+01   4.9328984e+04   2.1326028e+05
   8.3000000e+01   2.1665525e+04   1.7674906e+05
   8.3100000e+01   3.0922012e+03   1.3914808e+05
   8.3200000e+01   3.5590190e+03   1.0951166e+05
   8.3300000e+01   2.2925352e+04   9.6897867e+04
   8.3400000e+01   4.7970977e+04   1.0154024e+05
   8.3500000e+01   5.9077902e+04   1.0841039e+05
   8.3600000e+01   4.3988699e+04   9.6107062e+04
   8.3700000e+01   8.0150708e+03   5.6364336e+04
   8.3800000e+01  -2.8216680e+04   3.6672065e+03
   8.3900000e+01  -4.2510820e+04  -3.7680363e+04
   8.4000000e+01  -2.6472652e+04  -5.6908203e+04
   8.4100000e+01   8.6035244e+03  -6.5536766e+04
   8.4200000e+01   3.9913164e+04  -8.1781047e+04
   8.4300000e+01   4.9832438e+04  -1.0775492e+05
   8.4400000e+01   3.8327168e+04  -1.2489406e+05
   8.4500000e+01   2.0661744e+04  -1.1340964e+05
   8.4600000e+01   1.2394945e+04  -7.5656336e+04
   8.4700000e+01   1.5687579e+04  -3.8661773e+04
   8.4800000e+01   1.9665389e+04  -3.1984242e+04
   8.4900000e+01   1.3045134e+04  -6.1659258e+04
   8.5000000e+01  -4.9871387e+03  -1.0479154e+05
   8.5100000e+01  -2.5972795e+04  -1.2936270e+05
   8.5200000e+01  -4.1477266e+04  -1.2023180e+05
   8.5300000e+01  -4.9146863e+04  -8.7949938e+04
   8.5400000e+01  -5.1219953e+04  -5.5037523e+04
   8.5500000e+01  -5.1335680e+04  -3.5691293e+04
   8.5600000e+01  -5.4996242e+04  -2.8209703e+04
   8.5700000e+01  -7.0241711e+04  -2.3478961e+04
   8.5800000e+01  -1.0219930e+05  -1.6589902e+04
   8.5900000e+01  -1.4383734e+05  -9.0723242e+03
   8.6000000e+01  -1.7413520e+05  -2.7464478e+03
   8.6100000e+01  -1.7050978e+05   4.7603857e+03
   8.6200000e+01  -1.2742212e+05   1.7462762e+04
   8.6300000e+01  -6.4214160e+04   3.5927008e+04
   8.6400000e+01  -1.3246742e+04   5.6262359e+04
   8.6500000e+01   3.1517402e+03   7.3467695e+04
   8.6600000e+01  -1.1477730e+04   8.4367375e+04
   8.6700000e+01  -3.1353215e+04   8.7412641e+04
   8.6800000e+01  -2.8233586e+04   8.1271938e+04
   8.6900000e+01   7.8476279e+03   6.4942812e+04
   8.7000000e+01   6.2200719e+04   3.9336336e+04
   8.7100000e+01   1.0781068e+05   8.4501553e+03
   8.7200000e+01   1.2634716e+05  -2.1020711e+04
   8.7300000e+01   1.2065866e+05  -4.1599609e+04
   8.7400000e+01   1.0868826e+05  -4.8066445e+04
   8.7500000e+01   1.0553313e+05  -4.0632449e+04
   8.7600000e+01   1.1119948e+05  -2.6190631e+04
   8.7700000e+01   1.1472888e+05  -1.5803371e+04
   8.7800000e+01   1.0768092e+05  -1.9127707e+04
   8.7900000e+01   9.1221656e+04  -3.9216195e+04
   8.8000000e+01   7.0889633e+04  -7.1011242e+04
   8.8100000e+01   4.8582105e+04  -1.0383557e+05
   8.8200000e+01   2.2945930e+04  -1.2562384e+05
   8.8300000e+01  -3.9122241e+03  -1.2711642e+05
   8.8400000e+01  -2.5006018e+04  -1.0603340e+05
   8.8500000e+01  -3.6324145e+04  -7.0572047e+04
   8.8600000e+01  -4.3384906e+04  -3.8560141e+04
   8.8700000e+01  -5.5182566e+04  -2.8691338e+04
   8.8800000e+01  -7.0467312e+04  -4.7084898e+04
   8.8900000e+01  -7.4071328e+04  -8.0215719e+04
   8.9000000e+01  -5.1703949e+04  -1.0325220e+05
   8.9100000e+01  -8.8718066e+03  -9.9208836e+04
   8.9200000e+01   2.8974365e+04  -7.2226734e+04
   8.9300000e+01   3.9133184e+04  -4.2414652e+04
   8.9400000e+01   2.4704240e+04  -2.7489197e+04
   8.9500000e+01   1.2542288e+04  -2.9005814e+04
   8.9600000e+01   2.6833121e+04  -3.4742348e+04
   8.9700000e+01   6.5640844e+04  -3.1827100e+04
   8.9800000e+01   1.0438706e+05  -1.6718074e+04
   8.9900000e+01   1.2053891e+05   4.7639409e+03
   9.0000000e+01   1.1191100e+05   2.2965197e+04
   9.0100000e+01   9.1242492e+04   2.9054217e+04
   9.0200000e+01   6.8157234e+04   1.8186881e+04
   9.0300000e+01   4.1791910e+04  -6.6300879e+03
   9.0400000e+01   1.0399921e+04  -3.2066506e+04
   9.0500000e+01  -1.8624180e+04  -3.9136141e+04
   9.0600000e+01  -3.4371066e+04  -1.5984908e+04
   9.0700000e+01  -3.7363453e+04   3.0004092e+04
   9.0800000e+01  -4.2778609e+04   7.3103336e+04
   9.0900000e+01  -6.3922719e+04   8.6426805e+04
   9.1000000e+01  -9.3488758e+04   6.3615750e+04
   9.1100000e+01  -1.0614170e+05   2.6233117e+04
   9.1200000e+01  -8.3192062e+04   8.0358882e+03
   9.1300000e+01  -3.4279938e+04   2.7742660e+04
   9.1400000e+01   7.5569731e+03   7.4131938e+04
   9.1500000e+01   1.3422197e+04   1.1736528e+05
   9.1600000e+01  -1.8152664e+04   1.3569728e+05
   9.1700000e+01  -6.2775953e+04   1.3183234e+05
   9.1800000e+01  -9.1295867e+04   1.2458295e+05
   9.1900000e+01  -8.9031086e+04   1.2743299e+05
   9.2000000e+01  -5.9769078e+04   1.3763922e+05
   9.2100000e+01  -1.8881064e+04   1.4502734e+05
   9.2200000e+01   1.4129373e+04   1.4683119e+05
   9.2300000e+01   2.1216189e+04   1.5041866e+05
   9.2400000e+01  -6.6919805e+03   1.6262842e+05
   9.2500000e+01  -6.1556383e+04   1.8036436e+05
   9.2600000e+01  -1.1839659e+05   1.9345967e+05
   9.2700000e+01  -1.4920173e+05   1.9478109e+05
   9.2800000e+01  -1.4249786e+05   1.8510323e+05
   9.2900000e+01  -1.1213797e+05   1.6885822e+05
   9.3000000e+01  -8.6516719e+04   1.4827467e+05
   9.3100000e+01  -8.6463719e+04   1.2326483e+05
   9.3200000e+01  -1.0990917e+05   9.5084406e+04
   9.3300000e+01  -1.3499556e+05   6.6803422e+04
   9.3400000e+01  -1.3746923e+05   3.9011590e+04
   9.3500000e+01  -1.0755706e+05   6.8692139e+03
   9.3600000e+01  -5.4221496e+04  -3.5851816e+04
   9.3700000e+01   3.8152949e+03  -8.8448883e+04
   9.3800000e+01   5.1361336e+04  -1.3976122e+05
   9.3900000e+01   8.4481195e+04  -1.7510294e+05
   9.4000000e+01   1.0873166e+05  -1.8881492e+05
   9.4100000e+01   1.3113220e+05  -1.9036803e+05
   9.4200000e+01   1.5297961e+05  -1.9633291e+05
   9.4300000e+01   1.6931508e+05  -2.1414250e+05
   9.4400000e+01   1.7492338e+05  -2.3354450e+05
   9.4500000e+01   1.7047053e+05  -2.3595248e+05
   9.4600000e+01   1.6220659e+05  -2.1364880e+05
   9.4700000e+01   1.5599867e+05  -1.7868178e+05
   9.4800000e+01   1.5324733e+05  -1.5073936e+05
   9.4900000e+01   1.5332267e+05  -1.3641209e+05
   9.5000000e+01   1.5761455e+05  -1.2319237e+05
   9.5100000e+01   1.6770570e+05  -9.5786961e+04
   9.5200000e+01   1.7973956e+05  -5.6326953e+04
   9.5300000e+01   1.8544911e+05  -2.4335031e+04
   9.5400000e+01   1.8285283e+05  -1.5073184e+04
   9.5500000e+01   1.8369534e+05  -2.0553125e+04
   9.5600000e+01   2.0369336e+05  -1.5855716e+04
   9.5700000e+01   2.4214983e+05   1.4522113e+04
   9.5800000e+01   2.7506753e+05   5.8307188e+04
   9.5900000e+01   2.7453159e+05   8.5094156e+04
   9.6000000e+01   2.3643520e+05   7.4557602e+04
   9.6100000e+01   1.8596331e+05   3.5224574e+04
   9.6200000e+01   1.5367705e+05  -3.2994717e+03
   9.6300000e+01   1.4796422e+05  -1.5272273e+04
   9.6400000e+01   1.5265309e+05   2.4981636e+03
   9.6500000e+01   1.4873400e+05   3.2046562e+04
   9.6600000e+01   1.3299684e+05   5.0218000e+04
   9.6700000e+01   1.1408818e+05   4.4285656e+04
   9.6800000e+01   9.5659742e+04   1.7484773e+04
   9.6900000e+01   7.0187352e+04  -1.5445445e+04
   9.7000000e+01   3.0770828e+04  -3.7656203e+04
   9.7100000e+01  -1.5478211e+04  -3.9527770e+04
   9.7200000e+01  -5.0502918e+04  -2.3878357e+04
   9.7300000e+01  -6.2194477e+04  -3.9516309e+03
   9.7400000e+01  -5.5999910e+04   5.6233301e+03
   9.7500000e+01  -4.9071055e+04  -5.5770996e+02
   9.7600000e+01  -5.4935234e+04  -1.4663772e+04
   9.7700000e+01  -7.5311930e+04  -2.2470867e+04
   9.7800000e+01  -1.0447462e+05  -1.6367869e+04
   9.7900000e+01  -1.3678797e+05  -3.2387466e+03
   9.8000000e+01  -1.6802631e+05   1.0593857e+03
   9.8100000e+01  -1.9288464e+05  -1.3126281e+04
   9.8200000e+01  -2.0664225e+05  -3.8633723e+04
   9.8300000e+01  -2.1082516e+05  -5.6836531e+04
   9.8400000e+01  -2.1399348e+05  -5.4821527e+04
   9.8500000e+01  -2.2360431e+05  -3.7389281e+04
   9.8600000e+01  -2.3749378e+05  -2.1397916e+04
   9.8700000e+01  -2.4584688e+05  -1.8343746e+04
   9.8800000e+01  -2.4206603e+05  -2.3560109e+04
   9.8900000e+01  -2.2975353e+05  -2.3001977e+04
   9.9000000e+01  -2.1773220e+05  -9.3963711e+03
   9.9100000e+01  -2.0925869e+05   1.0184784e+04
   9.9200000e+01  -1.9760855e+05   2.3158945e+04
   9.9300000e+01  -1.7240077e+05   2.6147996e+04
   9.9400000e+01  -1.3023448e+05   2.8652152e+04
   9.9500000e+01  -8.0178977e+04   4.1254898e+04
   9.9600000e+01  -3.9119641e+04   6.1709664e+04
   9.9700000e+01  -1.9233438e+04   7.5339102e+04
   9.9800000e+01  -1.7565961e+04   6.9705242e+04
   9.9900000e+01  -2.0054516e+04   4.5691543e+04
   1.0000000e+02  -1.8518016e+04   1.2745994e+04
