   1.1851270e+02   3.6301420e+01   1.8450000e+02
   1.1882286e+02   3.6351565e+01   1.3650000e+02
   0.0000000e+00   1.0519639e+05   1.0519639e+05
   1.0000000e-01   3.0343769e+05   1.2535453e+04
   2.0000000e-01   5.7376562e+05  -1.4282656e+03
   3.0000000e-01   8.5249138e+05  -1.3481445e+02
   4.0000000e-01   1.0954770e+06  -2.9858234e+04
   5.0000000e-01   1.2978445e+06  -9.0586812e+04
   6.0000000e-01   1.4748696e+06  -1.5293917e+05
   7.0000000e-01   1.6350856e+06  -1.9240481e+05
   8.0000000e-01   1.7714316e+06  -2.0555541e+05
   9.0000000e-01   1.8674828e+06  -2.0517948e+05
   1.0000000e+00   1.9056799e+06  -2.1194348e+05
   1.1000000e+00   1.8745282e+06  -2.4945358e+05
   1.2000000e+00   1.7752766e+06  -3.3640100e+05
   1.3000000e+00   1.6214565e+06  -4.7638262e+05
   1.4000000e+00   1.4274990e+06  -6.5642500e+05
   1.5000000e+00   1.1977719e+06  -8.5779800e+05
   1.6000000e+00   9.3039500e+05  -1.0678076e+06
   1.7000000e+00   6.3179319e+05  -1.2815126e+06
   1.8000000e+00   3.2318603e+05  -1.4954282e+06
   1.9000000e+00   3.1003143e+04  -1.7012910e+06
   2.0000000e+00  -2.2640538e+05  -1.8829021e+06
   2.1000000e+00  -4.4204000e+05  -2.0166494e+06
   2.2000000e+00  -6.1565438e+05  -2.0793914e+06
   2.3000000e+00  -7.5082581e+05  -2.0631769e+06
   2.4000000e+00  -8.5466062e+05  -1.9837779e+06
   2.5000000e+00  -9.3506906e+05  -1.8692096e+06
   2.6000000e+00  -9.9691181e+05  -1.7347065e+06
   2.7000000e+00  -1.0426247e+06  -1.5694246e+06
   2.8000000e+00  -1.0748975e+06  -1.3504442e+06
   2.9000000e+00  -1.0932564e+06  -1.0699644e+06
   3.0000000e+00  -1.0870730e+06  -7.4753988e+05
   3.1000000e+00  -1.0394425e+06  -4.1698328e+05
   3.2000000e+00  -9.4588506e+05  -1.0415505e+05
   3.3000000e+00  -8.2812844e+05   1.8301303e+05
   3.4000000e+00  -7.2147450e+05   4.4818569e+05
   3.5000000e+00  -6.4389212e+05   6.9578075e+05
   3.6000000e+00  -5.8033394e+05   9.2594356e+05
   3.7000000e+00  -5.0193753e+05   1.1345244e+06
   3.8000000e+00  -4.0097016e+05   1.3126882e+06
   3.9000000e+00  -3.0451931e+05   1.4467101e+06
   4.0000000e+00  -2.5250041e+05   1.5241814e+06
   4.1000000e+00  -2.6114727e+05   1.5477565e+06
   4.2000000e+00  -3.0493459e+05   1.5454358e+06
   4.3000000e+00  -3.3162975e+05   1.5627291e+06
   4.4000000e+00  -2.9805194e+05   1.6363242e+06
   4.5000000e+00  -1.9916628e+05   1.7693202e+06
   4.6000000e+00  -6.7971875e+04   1.9308409e+06
   4.7000000e+00   5.4506625e+04   2.0805109e+06
   4.8000000e+00   1.5401041e+05   2.1932905e+06
   4.9000000e+00   2.5026903e+05   2.2612785e+06
   5.0000000e+00   3.6877619e+05   2.2757800e+06
   5.1000000e+00   5.0644881e+05   2.2143738e+06
   5.2000000e+00   6.2992288e+05   2.0499625e+06
   5.3000000e+00   7.1063575e+05   1.7728812e+06
   5.4000000e+00   7.5740181e+05   1.4033558e+06
   5.5000000e+00   8.0655350e+05   9.8264406e+05
   5.6000000e+00   8.7727419e+05   5.5178238e+05
   5.7000000e+00   9.4205412e+05   1.3590981e+05
   5.8000000e+00   9.4794544e+05  -2.5509347e+05
   5.9000000e+00   8.6742250e+05  -6.1320400e+05
   6.0000000e+00   7.2368988e+05  -9.2007450e+05
   6.1000000e+00   5.6390112e+05  -1.1496905e+06
   6.2000000e+00   4.1134466e+05  -1.2865014e+06
   6.3000000e+00   2.4829267e+05  -1.3426789e+06
   6.4000000e+00   4.4307750e+04  -1.3547326e+06
   6.5000000e+00  -2.0417109e+05  -1.3582528e+06
   6.6000000e+00  -4.6426800e+05  -1.3634011e+06
   6.7000000e+00  -6.9216850e+05  -1.3550628e+06
   6.8000000e+00  -8.6374325e+05  -1.3157135e+06
   6.9000000e+00  -9.8161400e+05  -1.2451479e+06
   7.0000000e+00  -1.0582716e+06  -1.1580855e+06
   7.1000000e+00  -1.0970120e+06  -1.0691245e+06
   7.2000000e+00  -1.0896129e+06  -9.8784638e+05
   7.3000000e+00  -1.0303755e+06  -9.2879719e+05
   7.4000000e+00  -9.3027219e+05  -9.1776012e+05
   7.5000000e+00  -8.1519462e+05  -9.7979512e+05
   7.6000000e+00  -7.0746994e+05  -1.1202089e+06
   7.7000000e+00  -6.0683056e+05  -1.3207562e+06
   7.8000000e+00  -4.8988738e+05  -1.5540962e+06
   7.9000000e+00  -3.3100691e+05  -1.7965384e+06
   8.0000000e+00  -1.2654734e+05  -2.0244252e+06
   8.1000000e+00   9.9692867e+04  -2.2054608e+06
   8.2000000e+00   3.1371006e+05  -2.3060810e+06
   8.3000000e+00   4.9336019e+05  -2.3142542e+06
   8.4000000e+00   6.3534294e+05  -2.2517500e+06
   8.5000000e+00   7.4565281e+05  -2.1552925e+06
   8.6000000e+00   8.2876325e+05  -2.0386081e+06
   8.7000000e+00   8.8726519e+05  -1.8700721e+06
   8.8000000e+00   9.2691362e+05  -1.5878159e+06
   8.9000000e+00   9.5467281e+05  -1.1398522e+06
   9.0000000e+00   9.6854638e+05  -5.1591506e+05
   9.1000000e+00   9.5226719e+05   2.5158581e+05
   9.2000000e+00   8.8540531e+05   1.1116589e+06
   9.3000000e+00   7.6186038e+05   2.0193635e+06
   9.4000000e+00   5.9831106e+05   2.9416195e+06
   9.5000000e+00   4.2346272e+05   3.8449365e+06
   9.6000000e+00   2.5866781e+05   4.6811055e+06
   9.7000000e+00   1.0862699e+05   5.3857060e+06
   9.8000000e+00  -3.0884082e+04   5.8908735e+06
   9.9000000e+00  -1.5920195e+05   6.1418460e+06
   1.0000000e+01  -2.6668559e+05   6.1054955e+06
   1.0100000e+01  -3.4391594e+05   5.7680860e+06
   1.0200000e+01  -3.9235094e+05   5.1304305e+06
   1.0300000e+01  -4.2278175e+05   4.2116215e+06
   1.0400000e+01  -4.4187525e+05   3.0629182e+06
   1.0500000e+01  -4.4164591e+05   1.7779091e+06
   1.0600000e+01  -4.0492816e+05   4.8122803e+05
   1.0700000e+01  -3.2258172e+05  -7.0501756e+05
   1.0800000e+01  -2.0469309e+05  -1.6949705e+06
   1.0900000e+01  -7.4666484e+04  -2.4492848e+06
   1.1000000e+01   4.5874656e+04  -2.9629172e+06
   1.1100000e+01   1.4516195e+05  -3.2525802e+06
   1.1200000e+01   2.1786667e+05  -3.3562148e+06
   1.1300000e+01   2.6061138e+05  -3.3307725e+06
   1.1400000e+01   2.7479853e+05  -3.2317458e+06
   1.1500000e+01   2.7063941e+05  -3.0856838e+06
   1.1600000e+01   2.6157428e+05  -2.8859060e+06
   1.1700000e+01   2.5131056e+05  -2.6200058e+06
   1.1800000e+01   2.2823955e+05  -2.2999770e+06
   1.1900000e+01   1.7530731e+05  -1.9620578e+06
   1.2000000e+01   8.5347156e+04  -1.6399355e+06
   1.2100000e+01  -3.3851449e+04  -1.3447662e+06
   1.2200000e+01  -1.6699047e+05  -1.0722194e+06
   1.2300000e+01  -2.9942634e+05  -8.2176769e+05
   1.2400000e+01  -4.1735325e+05  -6.0241119e+05
   1.2500000e+01  -5.0509056e+05  -4.2092803e+05
   1.2600000e+01  -5.4917431e+05  -2.7081406e+05
   1.2700000e+01  -5.4860200e+05  -1.3617952e+05
   1.2800000e+01  -5.1965366e+05  -5.4806875e+03
   1.2900000e+01  -4.8668975e+05   1.1977909e+05
   1.3000000e+01  -4.6431128e+05   2.2896400e+05
   1.3100000e+01  -4.4629572e+05   3.1384506e+05
   1.3200000e+01  -4.1258119e+05   3.7662216e+05
   1.3300000e+01  -3.5025831e+05   4.2663297e+05
   1.3400000e+01  -2.7062494e+05   4.6828038e+05
   1.3500000e+01  -2.0493125e+05   4.9260438e+05
   1.3600000e+01  -1.7934756e+05   4.8373750e+05
   1.3700000e+01  -1.9091141e+05   4.3664881e+05
   1.3800000e+01  -2.0854552e+05   3.6853966e+05
   1.3900000e+01  -1.9998739e+05   3.1058494e+05
   1.4000000e+01  -1.5854773e+05   2.8683962e+05
   1.4100000e+01  -1.0332372e+05   3.0019712e+05
   1.4200000e+01  -5.5148867e+04   3.3642906e+05
   1.4300000e+01  -1.6124375e+04   3.7841197e+05
   1.4400000e+01   2.6357461e+04   4.1584000e+05
   1.4500000e+01   8.0175094e+04   4.4522566e+05
   1.4600000e+01   1.3901288e+05   4.6552809e+05
   1.4700000e+01   1.9272964e+05   4.7491291e+05
   1.4800000e+01   2.4173967e+05   4.6933653e+05
   1.4900000e+01   2.9602131e+05   4.4302938e+05
   1.5000000e+01   3.6036459e+05   3.9274381e+05
   1.5100000e+01   4.2516834e+05   3.2487038e+05
   1.5200000e+01   4.7493781e+05   2.5896430e+05
   1.5300000e+01   5.0482159e+05   2.2159980e+05
   1.5400000e+01   5.2586875e+05   2.3254623e+05
   1.5500000e+01   5.5261606e+05   2.9241731e+05
   1.5600000e+01   5.8617144e+05   3.8005916e+05
   1.5700000e+01   6.1038688e+05   4.6153922e+05
   1.5800000e+01   6.0468169e+05   5.0655341e+05
   1.5900000e+01   5.6064344e+05   5.0397353e+05
   1.6000000e+01   4.8709619e+05   4.6650819e+05
   1.6100000e+01   4.0051675e+05   4.1909353e+05
   1.6200000e+01   3.1117722e+05   3.7797981e+05
   1.6300000e+01   2.1780752e+05   3.3781066e+05
   1.6400000e+01   1.1436126e+05   2.7895362e+05
   1.6500000e+01   1.3025107e+03   1.8841962e+05
   1.6600000e+01  -1.0955020e+05   7.4064844e+04
   1.6700000e+01  -2.0118306e+05  -4.0939887e+04
   1.6800000e+01  -2.6305359e+05  -1.3593177e+05
   1.6900000e+01  -2.9779503e+05  -2.0467578e+05
   1.7000000e+01  -3.1709309e+05  -2.5284125e+05
   1.7100000e+01  -3.3117594e+05  -2.8911853e+05
   1.7200000e+01  -3.4234109e+05  -3.2168612e+05
   1.7300000e+01  -3.4775169e+05  -3.6025166e+05
   1.7400000e+01  -3.4563550e+05  -4.1430303e+05
   1.7500000e+01  -3.3563372e+05  -4.8421084e+05
   1.7600000e+01  -3.1392181e+05  -5.5570212e+05
   1.7700000e+01  -2.7422053e+05  -6.0962962e+05
   1.7800000e+01  -2.2001389e+05  -6.4154806e+05
   1.7900000e+01  -1.7481084e+05  -6.6893469e+05
   1.8000000e+01  -1.7124664e+05  -7.1222062e+05
   1.8100000e+01  -2.2111958e+05  -7.6560744e+05
   1.8200000e+01  -2.9594750e+05  -7.9122531e+05
   1.8300000e+01  -3.4455672e+05  -7.4976325e+05
   1.8400000e+01  -3.3648928e+05  -6.3998250e+05
   1.8500000e+01  -2.8866578e+05  -5.0487288e+05
   1.8600000e+01  -2.4697592e+05  -3.9437172e+05
   1.8700000e+01  -2.4125633e+05  -3.2048956e+05
   1.8800000e+01  -2.5902184e+05  -2.4923561e+05
   1.8900000e+01  -2.6116092e+05  -1.3535162e+05
   1.9000000e+01  -2.1918233e+05   3.6679402e+04
   1.9100000e+01  -1.3671894e+05   2.4372242e+05
   1.9200000e+01  -4.0245723e+04   4.4924894e+05
   1.9300000e+01   4.5312496e+04   6.3237106e+05
   1.9400000e+01   1.1263549e+05   7.9317100e+05
   1.9500000e+01   1.7080352e+05   9.3544050e+05
   1.9600000e+01   2.3344867e+05   1.0492016e+06
   1.9700000e+01   3.0668294e+05   1.1106890e+06
   1.9800000e+01   3.8329084e+05   1.0972582e+06
   1.9900000e+01   4.4533638e+05   1.0013628e+06
   2.0000000e+01   4.7373459e+05   8.3205150e+05
   2.0100000e+01   4.5960569e+05   6.0641262e+05
   2.0200000e+01   4.1039375e+05   3.4175759e+05
   2.0300000e+01   3.4627072e+05   5.5163250e+04
   2.0400000e+01   2.8819000e+05  -2.3296591e+05
   2.0500000e+01   2.4466203e+05  -4.9867819e+05
   2.0600000e+01   2.0661612e+05  -7.1933631e+05
   2.0700000e+01   1.5591856e+05  -8.7814900e+05
   2.0800000e+01   8.3120547e+04  -9.6384988e+05
   2.0900000e+01   1.5912158e+02  -9.6855825e+05
   2.1000000e+01  -6.5121430e+04  -8.9024138e+05
   2.1100000e+01  -9.0371438e+04  -7.3933150e+05
   2.1200000e+01  -7.7099320e+04  -5.4027125e+05
   2.1300000e+01  -4.7778211e+04  -3.2107566e+05
   2.1400000e+01  -2.4075398e+04  -9.7676219e+04
   2.1500000e+01  -8.2963750e+03   1.3091996e+05
   2.1600000e+01   1.3403136e+04   3.6924731e+05
   2.1700000e+01   5.1354242e+04   6.0603950e+05
   2.1800000e+01   9.9004258e+04   8.0995731e+05
   2.1900000e+01   1.3978556e+05   9.4722125e+05
   2.2000000e+01   1.6407464e+05   1.0044944e+06
   2.2100000e+01   1.7538247e+05   9.9349550e+05
   2.2200000e+01   1.7962569e+05   9.3266806e+05
   2.2300000e+01   1.7274708e+05   8.2616550e+05
   2.2400000e+01   1.4384725e+05   6.6379006e+05
   2.2500000e+01   9.1330875e+04   4.4240162e+05
   2.2600000e+01   3.2380127e+04   1.8449494e+05
   2.2700000e+01  -7.8709062e+03  -6.9007250e+04
   2.2800000e+01  -1.8589564e+04  -2.8728606e+05
   2.2900000e+01  -1.4687299e+04  -4.7097341e+05
   2.3000000e+01  -2.5498504e+04  -6.4392581e+05
   2.3100000e+01  -7.1003742e+04  -8.2340256e+05
   2.3200000e+01  -1.4703669e+05  -9.9840100e+05
   2.3300000e+01  -2.3127897e+05  -1.1358172e+06
   2.3400000e+01  -3.0264691e+05  -1.2045708e+06
   2.3500000e+01  -3.5601262e+05  -1.1921615e+06
   2.3600000e+01  -4.0015797e+05  -1.1018210e+06
   2.3700000e+01  -4.4284269e+05  -9.4205856e+05
   2.3800000e+01  -4.7865344e+05  -7.2490806e+05
   2.3900000e+01  -4.9225153e+05  -4.7179706e+05
   2.4000000e+01  -4.7387156e+05  -2.1218572e+05
   2.4100000e+01  -4.3046769e+05   3.0521520e+04
   2.4200000e+01  -3.7967994e+05   2.5138336e+05
   2.4300000e+01  -3.3249219e+05   4.5793244e+05
   2.4400000e+01  -2.8375972e+05   6.5016062e+05
   2.4500000e+01  -2.2139908e+05   8.0947662e+05
   2.4600000e+01  -1.4353052e+05   9.1093162e+05
   2.4700000e+01  -6.3519688e+04   9.4590350e+05
   2.4800000e+01   2.8936074e+03   9.2958625e+05
   2.4900000e+01   5.3441664e+04   8.8485169e+05
   2.5000000e+01   1.0050517e+05   8.2073194e+05
   2.5100000e+01   1.5724422e+05   7.2869412e+05
   2.5200000e+01   2.2411291e+05   5.9882100e+05
   2.5300000e+01   2.8839334e+05   4.3660294e+05
   2.5400000e+01   3.3443709e+05   2.6262350e+05
   2.5500000e+01   3.5356612e+05   9.7151422e+04
   2.5600000e+01   3.4697269e+05  -5.3635875e+04
   2.5700000e+01   3.2315853e+05  -1.9708102e+05
   2.5800000e+01   2.9353753e+05  -3.4154791e+05
   2.5900000e+01   2.6723578e+05  -4.8461312e+05
   2.6000000e+01   2.4590231e+05  -6.1213019e+05
   2.6100000e+01   2.2226027e+05  -7.0772506e+05
   2.6200000e+01   1.8593197e+05  -7.6320631e+05
   2.6300000e+01   1.3368803e+05  -7.8044425e+05
   2.6400000e+01   7.4933266e+04  -7.6445294e+05
   2.6500000e+01   2.5658590e+04  -7.1671700e+05
   2.6600000e+01  -5.0134351e+03  -6.3668412e+05
   2.6700000e+01  -2.3045545e+04  -5.2823950e+05
   2.6800000e+01  -4.3639152e+04  -4.0068175e+05
   2.6900000e+01  -7.5864266e+04  -2.6089461e+05
   2.7000000e+01  -1.1184758e+05  -1.0679770e+05
   2.7100000e+01  -1.3072368e+05   6.6825836e+04
   2.7200000e+01  -1.1444305e+05   2.5414391e+05
   2.7300000e+01  -6.2669199e+04   4.3228409e+05
   2.7400000e+01   4.8794082e+03   5.7265131e+05
   2.7500000e+01   6.0668852e+04   6.5927200e+05
   2.7600000e+01   8.7666172e+04   6.9632425e+05
   2.7700000e+01   9.0307625e+04   6.9975838e+05
   2.7800000e+01   8.9074883e+04   6.8404994e+05
   2.7900000e+01   1.0217953e+05   6.5595919e+05
   2.8000000e+01   1.2964992e+05   6.1575181e+05
   2.8100000e+01   1.5407225e+05   5.5953481e+05
   2.8200000e+01   1.5673045e+05   4.8059147e+05
   2.8300000e+01   1.3289219e+05   3.7287491e+05
   2.8400000e+01   9.2228023e+04   2.3717352e+05
   2.8500000e+01   4.7310242e+04   8.4702148e+04
   2.8600000e+01   4.5514092e+03  -6.6389086e+04
   2.8700000e+01  -3.4848648e+04  -1.9911305e+05
   2.8800000e+01  -7.0266172e+04  -3.0360109e+05
   2.8900000e+01  -1.0162427e+05  -3.7738181e+05
   2.9000000e+01  -1.3172425e+05  -4.2222400e+05
   2.9100000e+01  -1.6315031e+05  -4.4142591e+05
   2.9200000e+01  -1.9078939e+05  -4.3877041e+05
   2.9300000e+01  -2.0108755e+05  -4.1801919e+05
   2.9400000e+01  -1.8360369e+05  -3.8217847e+05
   2.9500000e+01  -1.4395488e+05  -3.3302244e+05
   2.9600000e+01  -1.0181626e+05  -2.7141122e+05
   2.9700000e+01  -7.3027594e+04  -1.9827589e+05
   2.9800000e+01  -5.4052641e+04  -1.1600619e+05
   2.9900000e+01  -2.6466875e+04  -2.9955469e+04
   3.0000000e+01   2.1986734e+04   5.1125008e+04
   3.0100000e+01   8.1448531e+04   1.1752824e+05
   3.0200000e+01   1.2581420e+05   1.6372692e+05
   3.0300000e+01   1.3480930e+05   1.9225666e+05
   3.0400000e+01   1.1102159e+05   2.1166752e+05
   3.0500000e+01   7.6915578e+04   2.2901027e+05
   3.0600000e+01   5.6461703e+04   2.4370030e+05
   3.0700000e+01   5.8545898e+04   2.4907114e+05
   3.0800000e+01   7.4583195e+04   2.3954767e+05
   3.0900000e+01   8.8614625e+04   2.1460723e+05
   3.1000000e+01   8.9084969e+04   1.7476412e+05
   3.1100000e+01   7.3740758e+04   1.1581180e+05
   3.1200000e+01   4.7428441e+04   3.1488238e+04
   3.1300000e+01   1.8006090e+04  -7.5203969e+04
   3.1400000e+01  -5.9637715e+03  -1.8474083e+05
   3.1500000e+01  -1.7107578e+04  -2.6980703e+05
   3.1600000e+01  -1.3646905e+04  -3.1564434e+05
   3.1700000e+01  -4.4324600e+03  -3.3312638e+05
   3.1800000e+01  -7.2447686e+03  -3.5001438e+05
   3.1900000e+01  -3.6114875e+04  -3.8610238e+05
   3.2000000e+01  -8.5732289e+04  -4.3392022e+05
   3.2100000e+01  -1.2943856e+05  -4.6249459e+05
   3.2200000e+01  -1.3821617e+05  -4.4150653e+05
   3.2300000e+01  -1.0652992e+05  -3.6563128e+05
   3.2400000e+01  -5.9991992e+04  -2.5892178e+05
   3.2500000e+01  -3.5121086e+04  -1.5616442e+05
   3.2600000e+01  -4.9326367e+04  -7.7519414e+04
   3.2700000e+01  -8.9408062e+04  -1.7970775e+04
   3.2800000e+01  -1.2755235e+05   4.0676691e+04
   3.2900000e+01  -1.4653480e+05   1.0807367e+05
   3.3000000e+01  -1.5014327e+05   1.7475312e+05
   3.3100000e+01  -1.5375073e+05   2.2145066e+05
   3.3200000e+01  -1.6925506e+05   2.3735016e+05
   3.3300000e+01  -1.9829288e+05   2.2903384e+05
   3.3400000e+01  -2.3416272e+05   2.1311470e+05
   3.3500000e+01  -2.6558628e+05   2.0167219e+05
   3.3600000e+01  -2.7992169e+05   1.9418138e+05
   3.3700000e+01  -2.6812650e+05   1.8085686e+05
   3.3800000e+01  -2.3024948e+05   1.5197281e+05
   3.3900000e+01  -1.7538344e+05   1.0544043e+05
   3.4000000e+01  -1.1382806e+05   4.9187395e+04
   3.4100000e+01  -4.8380160e+04  -1.3184941e+03
   3.4200000e+01   2.6159658e+04  -2.9326119e+04
   3.4300000e+01   1.1468946e+05  -2.5169984e+04
   3.4400000e+01   2.1328834e+05   7.4266333e+03
   3.4500000e+01   3.0869469e+05   5.2791828e+04
   3.4600000e+01   3.8603916e+05   9.4192617e+04
   3.4700000e+01   4.3848584e+05   1.2730062e+05
   3.4800000e+01   4.7161853e+05   1.6423902e+05
   3.4900000e+01   4.9865028e+05   2.2233047e+05
   3.5000000e+01   5.2816162e+05   3.0608122e+05
   3.5100000e+01   5.5292875e+05   3.9943928e+05
   3.5200000e+01   5.5102894e+05   4.7677156e+05
   3.5300000e+01   5.0206522e+05   5.2216297e+05
   3.5400000e+01   4.0594425e+05   5.3781538e+05
   3.5500000e+01   2.8560588e+05   5.3434712e+05
   3.5600000e+01   1.6924895e+05   5.1557788e+05
   3.5700000e+01   6.9359414e+04   4.7518481e+05
   3.5800000e+01  -2.0100459e+04   4.0713722e+05
   3.5900000e+01  -1.0760680e+05   3.1508225e+05
   3.6000000e+01  -1.9013589e+05   2.0799536e+05
   3.6100000e+01  -2.5836900e+05   8.7364227e+04
   3.6200000e+01  -3.1251225e+05  -5.7196867e+04
   3.6300000e+01  -3.6546494e+05  -2.3599905e+05
   3.6400000e+01  -4.2585141e+05  -4.4223241e+05
   3.6500000e+01  -4.8062144e+05  -6.4800012e+05
   3.6600000e+01  -5.0068669e+05  -8.1838656e+05
   3.6700000e+01  -4.6706353e+05  -9.3026519e+05
   3.6800000e+01  -3.9025512e+05  -9.7943175e+05
   3.6900000e+01  -3.0210122e+05  -9.7370325e+05
   3.7000000e+01  -2.2927436e+05  -9.2349644e+05
   3.7100000e+01  -1.7588595e+05  -8.3962062e+05
   3.7200000e+01  -1.2978245e+05  -7.3521388e+05
   3.7300000e+01  -8.0612242e+04  -6.2257281e+05
   3.7400000e+01  -2.8467980e+04  -5.0421941e+05
   3.7500000e+01   2.2643857e+04  -3.6908178e+05
   3.7600000e+01   7.3453797e+04  -2.0274994e+05
   3.7700000e+01   1.2711965e+05  -5.5207051e+03
   3.7800000e+01   1.7921973e+05   1.9906547e+05
   3.7900000e+01   2.1474906e+05   3.7530288e+05
   3.8000000e+01   2.1943155e+05   4.9719784e+05
   3.8100000e+01   1.9526423e+05   5.6170206e+05
   3.8200000e+01   1.6315569e+05   5.8272106e+05
   3.8300000e+01   1.4750641e+05   5.7411862e+05
   3.8400000e+01   1.5620653e+05   5.3918250e+05
   3.8500000e+01   1.7496314e+05   4.7514000e+05
   3.8600000e+01   1.8114689e+05   3.8493888e+05
   3.8700000e+01   1.6356817e+05   2.8215681e+05
   3.8800000e+01   1.2982598e+05   1.8411178e+05
   3.8900000e+01   9.6188453e+04   1.0151644e+05
   3.9000000e+01   7.1884680e+04   3.5582094e+04
   3.9100000e+01   5.3243223e+04  -1.6082936e+04
   3.9200000e+01   3.1283277e+04  -5.2928781e+04
   3.9300000e+01   2.7525742e+03  -7.1358680e+04
   3.9400000e+01  -2.7013135e+04  -6.9483078e+04
   3.9500000e+01  -5.0689098e+04  -4.9921750e+04
   3.9600000e+01  -6.6221633e+04  -1.7366777e+04
   3.9700000e+01  -7.6749266e+04   2.5471885e+04
   3.9800000e+01  -8.4808469e+04   7.7902328e+04
   3.9900000e+01  -8.9102500e+04   1.3652630e+05
   4.0000000e+01  -8.7852711e+04   1.9147822e+05
   4.0100000e+01  -8.3126617e+04   2.3009234e+05
   4.0200000e+01  -7.8521781e+04   2.4694845e+05
   4.0300000e+01  -7.2262703e+04   2.4981697e+05
   4.0400000e+01  -5.6996641e+04   2.5143697e+05
   4.0500000e+01  -3.1682141e+04   2.5154697e+05
   4.0600000e+01  -1.3541801e+04   2.2873050e+05
   4.0700000e+01  -3.1103139e+04   1.5688047e+05
   4.0800000e+01  -9.7070273e+04   3.5153836e+04
   4.0900000e+01  -1.8611425e+05  -9.9759109e+04
   4.1000000e+01  -2.4523522e+05  -1.9723905e+05
   4.1100000e+01  -2.3387512e+05  -2.3335056e+05
   4.1200000e+01  -1.5796498e+05  -2.2900728e+05
   4.1300000e+01  -6.4673617e+04  -2.2756698e+05
   4.1400000e+01  -2.7653984e+03  -2.5490775e+05
   4.1500000e+01   1.3534585e+04  -3.0088297e+05
   4.1600000e+01   6.2915156e+03  -3.3602412e+05
   4.1700000e+01   6.7792783e+03  -3.4158294e+05
   4.1800000e+01   2.9783014e+04  -3.2265931e+05
   4.1900000e+01   6.9673586e+04  -2.9693412e+05
   4.2000000e+01   1.1238146e+05  -2.7627131e+05
   4.2100000e+01   1.4601042e+05  -2.6016006e+05
   4.2200000e+01   1.6312261e+05  -2.4283898e+05
   4.2300000e+01   1.6038278e+05  -2.2210253e+05
   4.2400000e+01   1.4044747e+05  -2.0020341e+05
   4.2500000e+01   1.1276459e+05  -1.7884931e+05
   4.2600000e+01   8.8797852e+04  -1.5627175e+05
   4.2700000e+01   7.4563609e+04  -1.2961217e+05
   4.2800000e+01   6.7921438e+04  -9.8385688e+04
   4.2900000e+01   6.3165023e+04  -6.4171285e+04
   4.3000000e+01   5.7685059e+04  -2.7582910e+04
   4.3100000e+01   5.4166570e+04   1.2719016e+04
   4.3200000e+01   5.7078777e+04   5.7754324e+04
   4.3300000e+01   6.7248062e+04   1.0681838e+05
   4.3400000e+01   7.9030664e+04   1.6003502e+05
   4.3500000e+01   8.2457008e+04   2.2143173e+05
   4.3600000e+01   6.9686703e+04   2.9650528e+05
   4.3700000e+01   4.1707902e+04   3.8448038e+05
   4.3800000e+01   9.5451475e+03   4.7334469e+05
   4.3900000e+01  -1.2398524e+04   5.4476594e+05
   4.4000000e+01  -1.6193389e+04   5.8594250e+05
   4.4100000e+01  -5.3100371e+03   5.9730425e+05
   4.4200000e+01   8.7349785e+03   5.8819619e+05
   4.4300000e+01   1.3729188e+04   5.6458512e+05
   4.4400000e+01   2.2872158e+03   5.2142816e+05
   4.4500000e+01  -2.5468471e+04   4.4838944e+05
   4.4600000e+01  -6.0569539e+04   3.4384962e+05
   4.4700000e+01  -8.7332188e+04   2.2194662e+05
   4.4800000e+01  -9.2856055e+04   1.0268616e+05
   4.4900000e+01  -8.0044102e+04  -6.7579150e+03
   4.5000000e+01  -7.0638164e+04  -1.1892583e+05
   4.5100000e+01  -8.9190531e+04  -2.4993005e+05
   4.5200000e+01  -1.3845481e+05  -3.9413588e+05
   4.5300000e+01  -1.9039381e+05  -5.1736544e+05
   4.5400000e+01  -2.0563397e+05  -5.8038962e+05
   4.5500000e+01  -1.6644602e+05  -5.7263125e+05
   4.5600000e+01  -9.3579000e+04  -5.2264147e+05
   4.5700000e+01  -3.1632609e+04  -4.7344862e+05
   4.5800000e+01  -1.5777787e+04  -4.4569019e+05
   4.5900000e+01  -4.6980102e+04  -4.2314081e+05
   4.6000000e+01  -9.3439336e+04  -3.7242969e+05
   4.6100000e+01  -1.1507184e+05  -2.7606159e+05
   4.6200000e+01  -9.2298766e+04  -1.4788712e+05
   4.6300000e+01  -3.8319637e+04  -1.9952264e+04
   4.6400000e+01   1.4060166e+04   8.3113273e+04
   4.6500000e+01   4.0130797e+04   1.5761411e+05
   4.6600000e+01   4.1446465e+04   2.1310239e+05
   4.6700000e+01   3.8546941e+04   2.5567691e+05
   4.6800000e+01   4.7357234e+04   2.8047050e+05
   4.6900000e+01   6.4761742e+04   2.7860362e+05
   4.7000000e+01   7.7208352e+04   2.4785941e+05
   4.7100000e+01   7.9360641e+04   1.9461173e+05
   4.7200000e+01   7.9634742e+04   1.2700023e+05
   4.7300000e+01   8.7382148e+04   4.9701211e+04
   4.7400000e+01   9.9146930e+04  -3.3396219e+04
   4.7500000e+01   1.0102211e+05  -1.1416041e+05
   4.7600000e+01   8.3290656e+04  -1.8184955e+05
   4.7700000e+01   4.9536227e+04  -2.3097200e+05
   4.7800000e+01   1.1167097e+04  -2.6540288e+05
   4.7900000e+01  -2.3713568e+04  -2.9223872e+05
   4.8000000e+01  -5.3581348e+04  -3.1147638e+05
   4.8100000e+01  -7.7516000e+04  -3.1356556e+05
   4.8200000e+01  -9.0292602e+04  -2.8845272e+05
   4.8300000e+01  -8.6028195e+04  -2.3662956e+05
   4.8400000e+01  -6.5654422e+04  -1.7013809e+05
   4.8500000e+01  -3.7805730e+04  -1.0235320e+05
   4.8600000e+01  -1.0530041e+04  -3.7376367e+04
   4.8700000e+01   1.7052303e+04   3.0110301e+04
   4.8800000e+01   5.2823312e+04   1.0518789e+05
   4.8900000e+01   1.0072796e+05   1.8399919e+05
   4.9000000e+01   1.5321153e+05   2.5479412e+05
   4.9100000e+01   1.9634812e+05   3.0658791e+05
   4.9200000e+01   2.2222375e+05   3.3590875e+05
   4.9300000e+01   2.3410427e+05   3.4565472e+05
   4.9400000e+01   2.3843519e+05   3.3927403e+05
   4.9500000e+01   2.3422881e+05   3.1773738e+05
   4.9600000e+01   2.1414506e+05   2.8238122e+05
   4.9700000e+01   1.7662922e+05   2.3945797e+05
   4.9800000e+01   1.3301502e+05   1.9979850e+05
   4.9900000e+01   9.8134359e+04   1.7160255e+05
   5.0000000e+01   7.3669375e+04   1.5206862e+05
   5.0100000e+01   4.4617824e+04   1.2730230e+05
   5.0200000e+01  -4.6333594e+03   8.4266906e+04
   5.0300000e+01  -7.1566352e+04   2.5922168e+04
   5.0400000e+01  -1.3549947e+05  -2.6599729e+04
   5.0500000e+01  -1.7680366e+05  -5.1384066e+04
   5.0600000e+01  -1.9423805e+05  -4.8426727e+04
   5.0700000e+01  -2.0226155e+05  -4.3626660e+04
   5.0800000e+01  -2.1345052e+05  -6.6492891e+04
   5.0900000e+01  -2.2666502e+05  -1.2211341e+05
   5.1000000e+01  -2.3227662e+05  -1.8606569e+05
   5.1100000e+01  -2.2504814e+05  -2.2750672e+05
   5.1200000e+01  -2.0851317e+05  -2.3586042e+05
   5.1300000e+01  -1.8784544e+05  -2.2412736e+05
   5.1400000e+01  -1.6280581e+05  -2.0904258e+05
   5.1500000e+01  -1.3058363e+05  -1.9311756e+05
   5.1600000e+01  -9.4304219e+04  -1.6821070e+05
   5.1700000e+01  -6.5097137e+04  -1.3307169e+05
   5.1800000e+01  -5.3050398e+04  -1.0105927e+05
   5.1900000e+01  -5.5614715e+04  -8.7054180e+04
   5.2000000e+01  -5.6026945e+04  -8.8273461e+04
   5.2100000e+01  -3.5200922e+04  -8.2098891e+04
   5.2200000e+01   1.2350314e+04  -4.5599062e+04
   5.2300000e+01   7.2540078e+04   2.2894404e+04
   5.2400000e+01   1.2160684e+05   1.0257886e+05
   5.2500000e+01   1.4385520e+05   1.6984003e+05
   5.2600000e+01   1.4187462e+05   2.1728664e+05
   5.2700000e+01   1.3071457e+05   2.5318589e+05
   5.2800000e+01   1.2258636e+05   2.8560194e+05
   5.2900000e+01   1.1698371e+05   3.1181038e+05
   5.3000000e+01   1.0432773e+05   3.2417531e+05
   5.3100000e+01   7.7385547e+04   3.2169400e+05
   5.3200000e+01   3.8729594e+04   3.1014366e+05
   5.3300000e+01  -1.1363264e+03   2.9063512e+05
   5.3400000e+01  -3.1013621e+04   2.5340014e+05
   5.3500000e+01  -4.5126441e+04   1.8754131e+05
   5.3600000e+01  -4.5308020e+04   9.5781430e+04
   5.3700000e+01  -3.9707520e+04  -5.1869824e+03
   5.3800000e+01  -3.8844969e+04  -1.0105070e+05
   5.3900000e+01  -4.9956297e+04  -1.9358177e+05
   5.4000000e+01  -7.1982289e+04  -2.9391081e+05
   5.4100000e+01  -9.4517422e+04  -4.0170203e+05
   5.4200000e+01  -1.0273071e+05  -4.9476781e+05
   5.4300000e+01  -8.6814641e+04  -5.4392012e+05
   5.4400000e+01  -5.0350672e+04  -5.4017138e+05
   5.4500000e+01  -1.0184296e+04  -5.0606978e+05
   5.4600000e+01   1.4990889e+04  -4.7718847e+05
   5.4700000e+01   1.9841377e+04  -4.6971294e+05
   5.4800000e+01   1.7382062e+04  -4.6511047e+05
   5.4900000e+01   2.6970785e+04  -4.2715072e+05
   5.5000000e+01   5.5457930e+04  -3.3524069e+05
   5.5100000e+01   9.0257180e+04  -2.0269161e+05
   5.5200000e+01   1.1174077e+05  -6.4407742e+04
   5.5300000e+01   1.1203595e+05   5.1588699e+04
   5.5400000e+01   1.0075713e+05   1.4132528e+05
   5.5500000e+01   9.2947562e+04   2.1824366e+05
   5.5600000e+01   9.3542695e+04   2.9453669e+05
   5.5700000e+01   9.4779844e+04   3.7030031e+05
   5.5800000e+01   8.7173547e+04   4.3756022e+05
   5.5900000e+01   6.9936336e+04   4.8989806e+05
   5.6000000e+01   4.9252742e+04   5.2576588e+05
   5.6100000e+01   2.8302961e+04   5.4422900e+05
   5.6200000e+01   2.8020830e+03   5.4165031e+05
   5.6300000e+01  -3.1282654e+04   5.1551900e+05
   5.6400000e+01  -6.6827336e+04   4.7073300e+05
   5.6500000e+01  -8.6039844e+04   4.1825603e+05
   5.6600000e+01  -7.4974008e+04   3.6466428e+05
   5.6700000e+01  -3.8129766e+04   3.0452616e+05
   5.6800000e+01   2.8172939e+03   2.2750933e+05
   5.6900000e+01   2.6369621e+04   1.3474391e+05
   5.7000000e+01   2.8359227e+04   4.4486879e+04
   5.7100000e+01   2.3213477e+04  -2.3220787e+04
   5.7200000e+01   2.9835957e+04  -6.7432625e+04
   5.7300000e+01   5.6387168e+04  -1.0734148e+05
   5.7400000e+01   9.6363406e+04  -1.5971394e+05
   5.7500000e+01   1.3566678e+05  -2.1766430e+05
   5.7600000e+01   1.6149667e+05  -2.5575725e+05
   5.7700000e+01   1.6623402e+05  -2.5643577e+05
   5.7800000e+01   1.4728434e+05  -2.2854416e+05
   5.7900000e+01   1.0725916e+05  -1.9847925e+05
   5.8000000e+01   5.5120168e+04  -1.8519802e+05
   5.8100000e+01   4.1632451e+03  -1.8601403e+05
   5.8200000e+01  -3.5502406e+04  -1.8550344e+05
   5.8300000e+01  -6.4556461e+04  -1.7442709e+05
   5.8400000e+01  -9.2744250e+04  -1.5748750e+05
   5.8500000e+01  -1.2643288e+05  -1.4399869e+05
   5.8600000e+01  -1.5795541e+05  -1.3542009e+05
   5.8700000e+01  -1.7154862e+05  -1.2645138e+05
   5.8800000e+01  -1.6347930e+05  -1.1915792e+05
   5.8900000e+01  -1.5402628e+05  -1.3141327e+05
   5.9000000e+01  -1.7249042e+05  -1.8393652e+05
   5.9100000e+01  -2.2539055e+05  -2.7458500e+05
   5.9200000e+01  -2.8137788e+05  -3.6801762e+05
   5.9300000e+01  -2.9371750e+05  -4.1772297e+05
   5.9400000e+01  -2.4195253e+05  -4.0332719e+05
   5.9500000e+01  -1.5163406e+05  -3.4647159e+05
   5.9600000e+01  -7.1961984e+04  -2.8826422e+05
   5.9700000e+01  -3.3810055e+04  -2.5087264e+05
   5.9800000e+01  -2.8566266e+04  -2.2159350e+05
   5.9900000e+01  -2.4108926e+04  -1.7262264e+05
   6.0000000e+01   2.8439575e+03  -9.2585531e+04
   6.0100000e+01   4.9762719e+04   3.0935125e+03
   6.0200000e+01   9.7358516e+04   9.0214930e+04
   6.0300000e+01   1.2949086e+05   1.5984583e+05
   6.0400000e+01   1.4377755e+05   2.2316791e+05
   6.0500000e+01   1.4723973e+05   2.9483438e+05
   6.0600000e+01   1.4606875e+05   3.7453172e+05
   6.0700000e+01   1.4049650e+05   4.4580706e+05
   6.0800000e+01   1.2753163e+05   4.9161028e+05
   6.0900000e+01   1.0636270e+05   5.0922262e+05
   6.1000000e+01   8.0250992e+04   5.0981950e+05
   6.1100000e+01   5.3946094e+04   5.0517309e+05
   6.1200000e+01   3.0956604e+04   4.9657628e+05
   6.1300000e+01   1.4477410e+04   4.7632244e+05
   6.1400000e+01   9.7966416e+03   4.3734453e+05
   6.1500000e+01   2.2287105e+04   3.7941706e+05
   6.1600000e+01   5.0101355e+04   3.0722825e+05
   6.1700000e+01   7.9737367e+04   2.2582453e+05
   6.1800000e+01   9.3169078e+04   1.3972155e+05
   6.1900000e+01   8.3087914e+04   5.4813770e+04
   6.2000000e+01   6.0894238e+04  -2.1712238e+04
   6.2100000e+01   4.6700586e+04  -8.4454812e+04
   6.2200000e+01   4.9701531e+04  -1.3230578e+05
   6.2300000e+01   5.9449926e+04  -1.6796831e+05
   6.2400000e+01   5.7888852e+04  -1.9590517e+05
   6.2500000e+01   3.8970938e+04  -2.2066462e+05
   6.2600000e+01   1.3938205e+04  -2.4525594e+05
   6.2700000e+01  -3.1162017e+03  -2.6894369e+05
   6.2800000e+01  -1.1898998e+04  -2.8603091e+05
   6.2900000e+01  -2.5264285e+04  -2.8786875e+05
   6.3000000e+01  -5.3088699e+04  -2.6796703e+05
   6.3100000e+01  -9.1172688e+04  -2.2757191e+05
   6.3200000e+01  -1.2852944e+05  -1.7838306e+05
   6.3300000e+01  -1.6231773e+05  -1.3939967e+05
   6.3400000e+01  -1.9929347e+05  -1.2684477e+05
   6.3500000e+01  -2.4016206e+05  -1.4173519e+05
   6.3600000e+01  -2.6713994e+05  -1.6558119e+05
   6.3700000e+01  -2.5420186e+05  -1.7179462e+05
   6.3800000e+01  -1.9276931e+05  -1.4643616e+05
   6.3900000e+01  -1.0489833e+05  -1.0006198e+05
   6.4000000e+01  -2.7444895e+04  -5.8277055e+04
   6.4100000e+01   1.7996031e+04  -3.9121469e+04
   6.4200000e+01   3.9364848e+04  -3.8902215e+04
   6.4300000e+01   6.0213922e+04  -3.9155086e+04
   6.4400000e+01   9.4590719e+04  -2.5847963e+04
   6.4500000e+01   1.3655898e+05  -1.0944277e+03
   6.4600000e+01   1.7138434e+05   2.2362492e+04
   6.4700000e+01   1.9212500e+05   3.5484113e+04
   6.4800000e+01   2.0266392e+05   4.0521145e+04
   6.4900000e+01   2.0640066e+05   4.5453164e+04
   6.5000000e+01   1.9690188e+05   5.3069656e+04
   6.5100000e+01   1.6379930e+05   5.7175766e+04
   6.5200000e+01   1.0822555e+05   4.9842551e+04
   6.5300000e+01   4.9187848e+04   3.1321828e+04
   6.5400000e+01   1.0961018e+04   1.1347465e+04
   6.5500000e+01   2.8209722e+03   2.9590039e+02
   6.5600000e+01   1.2014926e+04   2.0878613e+02
   6.5700000e+01   1.7192141e+04   5.5217139e+03
   6.5800000e+01   7.8711470e+03   1.1541929e+04
   6.5900000e+01  -9.5474219e+03   1.9706240e+04
   6.6000000e+01  -2.2448512e+04   3.3651988e+04
   6.6100000e+01  -2.4965688e+04   5.2530840e+04
   6.6200000e+01  -1.9618943e+04   7.1499883e+04
   6.6300000e+01  -9.5261982e+03   8.9277750e+04
   6.6400000e+01   6.7201309e+03   1.1232037e+05
   6.6500000e+01   3.1376391e+04   1.4842181e+05
   6.6600000e+01   6.1242406e+04   1.9575353e+05
   6.6700000e+01   8.7842453e+04   2.4007609e+05
   6.6800000e+01   1.0449559e+05   2.6458806e+05
   6.6900000e+01   1.1201512e+05   2.6312338e+05
   6.7000000e+01   1.1631680e+05   2.4367570e+05
   6.7100000e+01   1.2044686e+05   2.1925786e+05
   6.7200000e+01   1.1978470e+05   1.9580305e+05
   6.7300000e+01   1.0583607e+05   1.6903758e+05
   6.7400000e+01   7.4860914e+04   1.3224948e+05
   6.7500000e+01   3.2163967e+04   8.5317727e+04
   6.7600000e+01  -1.2943898e+04   3.4517648e+04
   6.7700000e+01  -5.6556090e+04  -1.6315233e+04
   6.7800000e+01  -1.0359969e+05  -7.1728617e+04
   6.7900000e+01  -1.6060420e+05  -1.3857653e+05
   6.8000000e+01  -2.2480812e+05  -2.1338744e+05
   6.8100000e+01  -2.8175425e+05  -2.7882053e+05
   6.8200000e+01  -3.1556019e+05  -3.1678197e+05
   6.8300000e+01  -3.2261475e+05  -3.2647531e+05
   6.8400000e+01  -3.1492347e+05  -3.2740534e+05
   6.8500000e+01  -3.0904788e+05  -3.4175744e+05
   6.8600000e+01  -3.1076431e+05  -3.7297544e+05
   6.8700000e+01  -3.0984281e+05  -4.0230353e+05
   6.8800000e+01  -2.8970722e+05  -4.0627394e+05
   6.8900000e+01  -2.4286322e+05  -3.7654834e+05
   6.9000000e+01  -1.7803114e+05  -3.2301459e+05
   6.9100000e+01  -1.1314377e+05  -2.6070920e+05
   6.9200000e+01  -6.1631375e+04  -1.9742050e+05
   6.9300000e+01  -2.4855148e+04  -1.3408597e+05
   6.9400000e+01   3.9902349e+03  -7.2634594e+04
   6.9500000e+01   3.1232340e+04  -1.8035711e+04
   6.9600000e+01   5.9101383e+04   2.8535617e+04
   6.9700000e+01   8.8190719e+04   7.4875883e+04
   6.9800000e+01   1.1876422e+05   1.3163281e+05
   6.9900000e+01   1.4733838e+05   1.9959591e+05
   7.0000000e+01   1.6500791e+05   2.6480666e+05
   7.0100000e+01   1.6442756e+05   3.0859662e+05
   7.0200000e+01   1.5010666e+05   3.2341334e+05
   7.0300000e+01   1.3844353e+05   3.1851394e+05
   7.0400000e+01   1.4381192e+05   3.0985834e+05
   7.0500000e+01   1.6459911e+05   3.0474728e+05
   7.0600000e+01   1.8512645e+05   2.9683203e+05
   7.0700000e+01   1.9149123e+05   2.7598006e+05
   7.0800000e+01   1.8359470e+05   2.4183191e+05
   7.0900000e+01   1.7159733e+05   2.0606800e+05
   7.1000000e+01   1.6406962e+05   1.8060567e+05
   7.1100000e+01   1.6260647e+05   1.6445184e+05
   7.1200000e+01   1.6610625e+05   1.4390467e+05
   7.1300000e+01   1.7490878e+05   1.0662992e+05
   7.1400000e+01   1.8769256e+05   5.5175754e+04
   7.1500000e+01   1.9672330e+05   6.2091821e+03
   7.1600000e+01   1.9107905e+05  -2.3116311e+04
   7.1700000e+01   1.6714588e+05  -2.7894785e+04
   7.1800000e+01   1.3468269e+05  -1.6539852e+04
   7.1900000e+01   1.0953537e+05  -2.1563643e+03
   7.2000000e+01   9.8207367e+04   6.1954907e+03
   7.2100000e+01   8.9479039e+04   6.1874097e+03
   7.2200000e+01   6.3035738e+04   1.9804126e+02
   7.2300000e+01   8.9355664e+03  -7.1965928e+03
   7.2400000e+01  -6.0112605e+04  -1.0584467e+04
   7.2500000e+01  -1.1707024e+05  -5.5533418e+03
   7.2600000e+01  -1.4410838e+05   7.4457681e+03
   7.2700000e+01  -1.4978292e+05   1.9210127e+04
   7.2800000e+01  -1.6176316e+05   1.3301358e+04
   7.2900000e+01  -1.9976259e+05  -2.3660861e+04
   7.3000000e+01  -2.5411088e+05  -8.8376039e+04
   7.3100000e+01  -2.9192456e+05  -1.5692006e+05
   7.3200000e+01  -2.8624700e+05  -1.9851555e+05
   7.3300000e+01  -2.4016997e+05  -1.9823664e+05
   7.3400000e+01  -1.8261869e+05  -1.6824997e+05
   7.3500000e+01  -1.4101789e+05  -1.3613173e+05
   7.3600000e+01  -1.1867306e+05  -1.2121702e+05
   7.3700000e+01  -9.7956352e+04  -1.2161318e+05
   7.3800000e+01  -6.2664445e+04  -1.2236175e+05
   7.3900000e+01  -1.4579004e+04  -1.1328848e+05
   7.4000000e+01   3.1247713e+04  -9.7541148e+04
   7.4100000e+01   6.3573418e+04  -8.4712180e+04
   7.4200000e+01   8.4095234e+04  -7.9011820e+04
   7.4300000e+01   1.0057493e+05  -7.5479289e+04
   7.4400000e+01   1.1503375e+05  -6.6250102e+04
   7.4500000e+01   1.2171326e+05  -4.8696832e+04
   7.4600000e+01   1.1576691e+05  -2.7576463e+04
   7.4700000e+01   1.0073133e+05  -1.0724818e+04
   7.4800000e+01   8.5404812e+04  -3.2175039e+03
   7.4900000e+01   7.3891297e+04  -4.3611963e+03
   7.5000000e+01   6.0400953e+04  -8.5229160e+03
   7.5100000e+01   3.5160863e+04  -8.6726680e+03
   7.5200000e+01  -3.8431758e+03  -9.3042480e+02
   7.5300000e+01  -4.4973324e+04   1.2213105e+04
   7.5400000e+01  -7.0078344e+04   2.2645094e+04
   7.5500000e+01  -6.9977078e+04   2.2041205e+04
   7.5600000e+01  -5.4254086e+04   8.6829434e+03
   7.5700000e+01  -4.4287375e+04  -9.8623135e+03
   7.5800000e+01  -5.3778004e+04  -2.1255559e+04
   7.5900000e+01  -7.5048438e+04  -1.7373258e+04
   7.6000000e+01  -8.5740133e+04  -8.7214404e+02
   7.6100000e+01  -7.0115250e+04   1.6426814e+04
   7.6200000e+01  -3.3335930e+04   2.3006312e+04
   7.6300000e+01   5.2352373e+03   1.7667873e+04
   7.6400000e+01   3.0346572e+04   1.0778308e+04
   7.6500000e+01   3.9901527e+04   1.4137733e+04
   7.6600000e+01   3.7772055e+04   2.8442217e+04
   7.6700000e+01   2.4483793e+04   4.2065156e+04
   7.6800000e+01   4.9968262e+02   4.4422641e+04
   7.6900000e+01  -2.3768402e+04   3.9844391e+04
   7.7000000e+01  -3.0446621e+04   4.4181480e+04
   7.7100000e+01  -1.3720775e+04   6.4874805e+04
   7.7200000e+01   5.2942432e+03   8.6952312e+04
   7.7300000e+01  -7.9247891e+03   8.4711328e+04
   7.7400000e+01  -6.6317992e+04   5.0438828e+04
   7.7500000e+01  -1.4088117e+05   9.0634121e+03
   7.7600000e+01  -1.8092006e+05  -4.4546680e+02
   7.7700000e+01  -1.5837255e+05   3.9324785e+04
   7.7800000e+01  -9.2090609e+04   1.0724849e+05
   7.7900000e+01  -2.8066387e+04   1.6212222e+05
   7.8000000e+01   2.5399023e+03   1.7751064e+05
   7.8100000e+01   5.2053750e+03   1.5957609e+05
   7.8200000e+01   6.6463433e+03   1.3432494e+05
   7.8300000e+01   2.4598438e+04   1.2082778e+05
   7.8400000e+01   5.5071387e+04   1.1680276e+05
   7.8500000e+01   8.4329891e+04   1.0669666e+05
   7.8600000e+01   1.0601811e+05   7.9902055e+04
   7.8700000e+01   1.2396189e+05   3.9877973e+04
   7.8800000e+01   1.4193958e+05  -2.6084980e+03
   7.8900000e+01   1.5587612e+05  -4.1880930e+04
   7.9000000e+01   1.5757052e+05  -8.0888375e+04
   7.9100000e+01   1.4382697e+05  -1.2307140e+05
   7.9200000e+01   1.1965180e+05  -1.6366669e+05
   7.9300000e+01   9.3004555e+04  -1.9175784e+05
   7.9400000e+01   6.8833281e+04  -2.0091809e+05
   7.9500000e+01   4.9335039e+04  -1.9560106e+05
   7.9600000e+01   3.7729680e+04  -1.8560689e+05
   7.9700000e+01   3.7625477e+04  -1.7537245e+05
   7.9800000e+01   4.6801926e+04  -1.6057055e+05
   7.9900000e+01   5.4242152e+04  -1.3510248e+05
   8.0000000e+01   4.7925312e+04  -9.9462766e+04
   8.0100000e+01   2.7505436e+04  -6.1084094e+04
   8.0200000e+01   7.1228379e+03  -2.7374449e+04
   8.0300000e+01   2.6537168e+03   2.9532959e+02
   8.0400000e+01   1.5783881e+04   2.5936652e+04
   8.0500000e+01   3.2249643e+04   5.3489957e+04
   8.0600000e+01   3.6165977e+04   8.2328516e+04
   8.0700000e+01   2.4513016e+04   1.0717039e+05
   8.0800000e+01   6.6426992e+03   1.2123152e+05
   8.0900000e+01  -8.6605273e+03   1.1918152e+05
   8.1000000e+01  -2.2714699e+04   9.8299695e+04
   8.1100000e+01  -4.2669953e+04   5.9658340e+04
   8.1200000e+01  -6.9497148e+04   1.1063907e+04
   8.1300000e+01  -9.3174609e+04  -3.1690387e+04
   8.1400000e+01  -1.0234670e+05  -5.1896566e+04
   8.1500000e+01  -9.9494555e+04  -4.6646102e+04
   8.1600000e+01  -1.0414538e+05  -3.5422605e+04
   8.1700000e+01  -1.3609370e+05  -4.7918867e+04
   8.1800000e+01  -1.9171238e+05  -9.6062930e+04
   8.1900000e+01  -2.3839625e+05  -1.5662320e+05
   8.2000000e+01  -2.3850919e+05  -1.8588005e+05
   8.2100000e+01  -1.8399062e+05  -1.5630653e+05
   8.2200000e+01  -1.0741883e+05  -8.0574234e+04
   8.2300000e+01  -5.5438781e+04   2.7920703e+02
   8.2400000e+01  -4.8382625e+04   5.1742871e+04
   8.2500000e+01  -6.5099805e+04   7.0025719e+04
   8.2600000e+01  -6.6782297e+04   7.6371516e+04
   8.2700000e+01  -3.4550473e+04   9.2889523e+04
   8.2800000e+01   1.5995428e+04   1.2495409e+05
   8.2900000e+01   5.4168141e+04   1.6275169e+05
   8.3000000e+01   6.4669195e+04   1.9433028e+05
   8.3100000e+01   5.8870719e+04   2.1506547e+05
   8.3200000e+01   5.9232066e+04   2.2653905e+05
   8.3300000e+01   7.5910133e+04   2.2974291e+05
   8.3400000e+01   9.9416094e+04   2.2178284e+05
   8.3500000e+01   1.1424914e+05   1.9973611e+05
   8.3600000e+01   1.1677143e+05   1.6675569e+05
   8.3700000e+01   1.1796459e+05   1.3277561e+05
   8.3800000e+01   1.2953109e+05   1.0793117e+05
   8.3900000e+01   1.5017283e+05   9.4683672e+04
   8.4000000e+01   1.6767602e+05   8.6013523e+04
   8.4100000e+01   1.7357261e+05   7.0949062e+04
   8.4200000e+01   1.7270161e+05   4.2353227e+04
   8.4300000e+01   1.7656591e+05   1.3929619e+03
   8.4400000e+01   1.8864748e+05  -4.3080711e+04
   8.4500000e+01   1.9890680e+05  -7.8949055e+04
   8.4600000e+01   1.9356800e+05  -9.6940578e+04
   8.4700000e+01   1.6882412e+05  -9.5913805e+04
   8.4800000e+01   1.3342531e+05  -8.4243617e+04
   8.4900000e+01   9.8355258e+04  -7.5481562e+04
   8.5000000e+01   6.6035375e+04  -8.0101984e+04
   8.5100000e+01   3.0815586e+04  -9.8709984e+04
   8.5200000e+01  -1.1430193e+04  -1.2218443e+05
   8.5300000e+01  -5.7311266e+04  -1.3960594e+05
   8.5400000e+01  -1.0081730e+05  -1.4802623e+05
   8.5500000e+01  -1.4161947e+05  -1.5506766e+05
   8.5600000e+01  -1.8408023e+05  -1.7081053e+05
   8.5700000e+01  -2.2674792e+05  -1.9639450e+05
   8.5800000e+01  -2.5718155e+05  -2.2193725e+05
   8.5900000e+01  -2.6324622e+05  -2.3759456e+05
   8.6000000e+01  -2.5062641e+05  -2.4612781e+05
   8.6100000e+01  -2.4363408e+05  -2.6116494e+05
   8.6200000e+01  -2.6220269e+05  -2.9013225e+05
   8.6300000e+01  -2.9705266e+05  -3.1972344e+05
   8.6400000e+01  -3.1207919e+05  -3.2225972e+05
   8.6500000e+01  -2.7603675e+05  -2.8014256e+05
   8.6600000e+01  -1.9327114e+05  -2.0484483e+05
   8.6700000e+01  -1.0236508e+05  -1.3005441e+05
   8.6800000e+01  -4.3733160e+04  -8.3891156e+04
   8.6900000e+01  -2.7585191e+04  -6.6436086e+04
   8.7000000e+01  -3.1163086e+04  -5.3611289e+04
   8.7100000e+01  -2.4123535e+04  -2.2018332e+04
   8.7200000e+01   4.4259741e+03   3.0723457e+04
   8.7300000e+01   4.1091641e+04   8.8736422e+04
   8.7400000e+01   6.5429191e+04   1.3693370e+05
   8.7500000e+01   6.9276156e+04   1.7371453e+05
   8.7600000e+01   6.0153859e+04   2.0516748e+05
   8.7700000e+01   4.9262000e+04   2.3192422e+05
   8.7800000e+01   3.9580941e+04   2.4762286e+05
   8.7900000e+01   2.6732400e+04   2.5110644e+05
   8.8000000e+01   9.5816299e+03   2.5469630e+05
   8.8100000e+01  -3.1030044e+03   2.7421462e+05
   8.8200000e+01   1.7190786e+03   3.0993553e+05
   8.8300000e+01   2.9276369e+04   3.4165450e+05
   8.8400000e+01   7.1200797e+04   3.4638634e+05
   8.8500000e+01   1.1173441e+05   3.2056050e+05
   8.8600000e+01   1.3947966e+05   2.8254253e+05
   8.8700000e+01   1.5399812e+05   2.5348525e+05
   8.8800000e+01   1.6303603e+05   2.3811148e+05
   8.8900000e+01   1.7500183e+05   2.2484353e+05
   8.9000000e+01   1.9372191e+05   2.0174209e+05
   8.9100000e+01   2.1800864e+05   1.6920994e+05
   8.9200000e+01   2.4353431e+05   1.3773552e+05
   8.9300000e+01   2.6413806e+05   1.1642357e+05
   8.9400000e+01   2.7289759e+05   1.0521374e+05
   8.9500000e+01   2.6491378e+05   9.6656938e+04
   8.9600000e+01   2.4118847e+05   8.3296461e+04
   8.9700000e+01   2.0959741e+05   6.3377598e+04
   8.9800000e+01   1.8017641e+05   4.0466559e+04
   8.9900000e+01   1.5784206e+05   1.7816859e+04
   9.0000000e+01   1.3957573e+05  -6.9096445e+03
   9.0100000e+01   1.1919051e+05  -4.0488348e+04
   9.0200000e+01   9.4350398e+04  -8.6821664e+04
   9.0300000e+01   6.7515070e+04  -1.4157859e+05
   9.0400000e+01   3.9706090e+04  -1.9584208e+05
   9.0500000e+01   5.6309614e+03  -2.4479419e+05
   9.0600000e+01  -4.1609500e+04  -2.8993553e+05
   9.0700000e+01  -9.9747469e+04  -3.3105516e+05
   9.0800000e+01  -1.5386984e+05  -3.5893884e+05
   9.0900000e+01  -1.8803694e+05  -3.6138547e+05
   9.1000000e+01  -2.0251872e+05  -3.3851091e+05
   9.1100000e+01  -2.1751508e+05  -3.0862025e+05
   9.1200000e+01  -2.5565666e+05  -2.9389491e+05
   9.1300000e+01  -3.1826984e+05  -2.9885519e+05
   9.1400000e+01  -3.7973622e+05  -3.0542638e+05
   9.1500000e+01  -4.0800666e+05  -2.9142938e+05
   9.1600000e+01  -3.9275847e+05  -2.5311031e+05
   9.1700000e+01  -3.5375784e+05  -2.0766005e+05
   9.1800000e+01  -3.2118694e+05  -1.7417964e+05
   9.1900000e+01  -3.0774250e+05  -1.5488708e+05
   9.2000000e+01  -2.9995609e+05  -1.3613780e+05
   9.2100000e+01  -2.7553762e+05  -1.0543332e+05
   9.2200000e+01  -2.2680216e+05  -6.4106887e+04
   9.2300000e+01  -1.6587666e+05  -2.3164918e+04
   9.2400000e+01  -1.0894873e+05   1.0160816e+04
   9.2500000e+01  -5.9353309e+04   3.9135336e+04
   9.2600000e+01  -7.9920049e+03   7.1717102e+04
   9.2700000e+01   5.2117023e+04   1.1068808e+05
   9.2800000e+01   1.1599988e+05   1.5063647e+05
   9.2900000e+01   1.7258145e+05   1.8367464e+05
   9.3000000e+01   2.1731267e+05   2.0710653e+05
   9.3100000e+01   2.5543577e+05   2.2586288e+05
   9.3200000e+01   2.9273306e+05   2.4815108e+05
   9.3300000e+01   3.2637528e+05   2.7826112e+05
   9.3400000e+01   3.4766762e+05   3.1232738e+05
   9.3500000e+01   3.5315012e+05   3.4054656e+05
   9.3600000e+01   3.5003706e+05   3.5412853e+05
   9.3700000e+01   3.4884247e+05   3.5087266e+05
   9.3800000e+01   3.5144009e+05   3.3438938e+05
   9.3900000e+01   3.4832175e+05   3.0859309e+05
   9.4000000e+01   3.2818091e+05   2.7420694e+05
   9.4100000e+01   2.8899722e+05   2.3114630e+05
   9.4200000e+01   2.3869222e+05   1.8278381e+05
   9.4300000e+01   1.8598288e+05   1.3532839e+05
   9.4400000e+01   1.3296289e+05   9.2122352e+04
   9.4500000e+01   7.7364578e+04   5.0227340e+04
   9.4600000e+01   1.9482168e+04   4.4867031e+03
   9.4700000e+01  -3.6953844e+04  -4.5728430e+04
   9.4800000e+01  -9.1709445e+04  -9.6041117e+04
   9.4900000e+01  -1.5244202e+05  -1.4319050e+05
   9.5000000e+01  -2.2729753e+05  -1.8786186e+05
   9.5100000e+01  -3.1116156e+05  -2.2820370e+05
   9.5200000e+01  -3.8205425e+05  -2.5305911e+05
   9.5300000e+01  -4.1649175e+05  -2.4890675e+05
   9.5400000e+01  -4.1209484e+05  -2.1810322e+05
   9.5500000e+01  -3.9432466e+05  -1.8664522e+05
   9.5600000e+01  -3.9662550e+05  -1.8542606e+05
   9.5700000e+01  -4.2949438e+05  -2.1892362e+05
   9.5800000e+01  -4.6772031e+05  -2.5478536e+05
   9.5900000e+01  -4.7012450e+05  -2.4974461e+05
   9.6000000e+01  -4.1516578e+05  -1.8877025e+05
   9.6100000e+01  -3.1945003e+05  -9.8933562e+04
   9.6200000e+01  -2.2218702e+05  -2.5157152e+04
   9.6300000e+01  -1.5169488e+05   7.0318555e+03
   9.6400000e+01  -1.0645127e+05   6.9716045e+03
   9.6500000e+01  -6.6471125e+04   2.8384316e+03
   9.6600000e+01  -1.9510102e+04   1.4231611e+04
   9.6700000e+01   2.6129951e+04   3.8926652e+04
   9.6800000e+01   5.3062176e+04   6.0839004e+04
   9.6900000e+01   5.5050562e+04   6.6246695e+04
   9.7000000e+01   4.3659555e+04   5.2076043e+04
   9.7100000e+01   3.6249848e+04   2.2345461e+04
   9.7200000e+01   4.0231109e+04  -1.8453217e+04
   9.7300000e+01   4.9813969e+04  -6.6042148e+04
   9.7400000e+01   5.5841297e+04  -1.1264319e+05
   9.7500000e+01   5.6006676e+04  -1.4760514e+05
   9.7600000e+01   5.5341488e+04  -1.6511848e+05
   9.7700000e+01   5.9308492e+04  -1.7008547e+05
   9.7800000e+01   6.8755219e+04  -1.7255775e+05
   9.7900000e+01   8.1192578e+04  -1.7485856e+05
   9.8000000e+01   9.4538992e+04  -1.6658980e+05
   9.8100000e+01   1.0801361e+05  -1.3511755e+05
   9.8200000e+01   1.2036636e+05  -8.0443836e+04
   9.8300000e+01   1.2960860e+05  -1.6961264e+04
   9.8400000e+01   1.3563598e+05   4.0564938e+04
   9.8500000e+01   1.4200119e+05   9.0975609e+04
   9.8600000e+01   1.5313823e+05   1.4490103e+05
   9.8700000e+01   1.6911331e+05   2.0945384e+05
   9.8800000e+01   1.8410298e+05   2.7655294e+05
   9.8900000e+01   1.9122933e+05   3.2758644e+05
   9.9000000e+01   1.8861619e+05   3.4956922e+05
   9.9100000e+01   1.7921378e+05   3.4622756e+05
   9.9200000e+01   1.6420236e+05   3.3297519e+05
   9.9300000e+01   1.3886591e+05   3.2143572e+05
   9.9400000e+01   9.8719078e+04   3.1006756e+05
   9.9500000e+01   5.0885359e+04   2.9049903e+05
   9.9600000e+01   1.5249328e+04   2.6051395e+05
   9.9700000e+01   7.7307695e+03   2.2586100e+05
   9.9800000e+01   2.1217475e+04   1.8844073e+05
   9.9900000e+01   3.1297672e+04   1.4112350e+05
   1.0000000e+02   2.6763131e+04   8.1592219e+04
