   1.1851270e+02   3.6301420e+01   1.8450000e+02
   1.1893055e+02   3.6901693e+01   9.6000000e+00
   0.0000000e+00  -5.7820731e+05  -5.7820731e+05
   1.0000000e-01  -6.1185488e+05  -4.6342281e+05
   2.0000000e-01  -5.8651994e+05  -3.0324466e+05
   3.0000000e-01  -5.5690812e+05  -1.6160014e+05
   4.0000000e-01  -5.5805988e+05  -7.4889281e+04
   5.0000000e-01  -5.7933094e+05  -2.5983633e+04
   6.0000000e-01  -5.8536044e+05   2.9220018e+04
   7.0000000e-01  -5.5481225e+05   1.1445870e+05
   8.0000000e-01  -4.9521784e+05   2.1351244e+05
   9.0000000e-01  -4.2547631e+05   2.9212094e+05
   1.0000000e+00  -3.5345325e+05   3.3199062e+05
   1.1000000e+00  -2.7476481e+05   3.4207822e+05
   1.2000000e+00  -1.8812762e+05   3.4306778e+05
   1.3000000e+00  -1.0303284e+05   3.4799072e+05
   1.4000000e+00  -2.8966262e+04   3.5791072e+05
   1.5000000e+00   3.8316691e+04   3.6922997e+05
   1.6000000e+00   1.1308342e+05   3.7839241e+05
   1.7000000e+00   2.0031266e+05   3.7970581e+05
   1.8000000e+00   2.8363612e+05   3.6482119e+05
   1.9000000e+00   3.3676844e+05   3.3010269e+05
   2.0000000e+00   3.4779431e+05   2.8508025e+05
   2.1000000e+00   3.3034469e+05   2.4988984e+05
   2.2000000e+00   3.0985400e+05   2.4025288e+05
   2.3000000e+00   3.0012016e+05   2.5318370e+05
   2.4000000e+00   2.9446275e+05   2.6796491e+05
   2.5000000e+00   2.7797588e+05   2.6253291e+05
   2.6000000e+00   2.4453538e+05   2.3031100e+05
   2.7000000e+00   1.9998764e+05   1.8252123e+05
   2.8000000e+00   1.5142848e+05   1.3578289e+05
   2.9000000e+00   9.8533398e+04   9.8616742e+04
   3.0000000e+00   3.8370871e+04   6.9192578e+04
   3.1000000e+00  -2.3017035e+04   4.2959227e+04
   3.2000000e+00  -6.8563016e+04   1.8650738e+04
   3.3000000e+00  -8.3454203e+04  -4.3481797e+03
   3.4000000e+00  -7.0720016e+04  -3.1664232e+04
   3.5000000e+00  -5.0706906e+04  -7.2333406e+04
   3.6000000e+00  -4.1847324e+04  -1.2905840e+05
   3.7000000e+00  -4.1370789e+04  -1.9138809e+05
   3.8000000e+00  -2.7383137e+04  -2.4187445e+05
   3.9000000e+00   1.7634422e+04  -2.7107991e+05
   4.0000000e+00   8.5915977e+04  -2.8604019e+05
   4.1000000e+00   1.4951331e+05  -3.0215638e+05
   4.2000000e+00   1.8771209e+05  -3.2567162e+05
   4.3000000e+00   2.0814897e+05  -3.4455931e+05
   4.4000000e+00   2.3867938e+05  -3.3812628e+05
   4.5000000e+00   2.9793769e+05  -2.9716150e+05
   4.6000000e+00   3.7462103e+05  -2.3550730e+05
   4.7000000e+00   4.3526994e+05  -1.8136167e+05
   4.8000000e+00   4.5096150e+05  -1.5549222e+05
   4.9000000e+00   4.1722394e+05  -1.5585109e+05
   5.0000000e+00   3.5226384e+05  -1.6207014e+05
   5.1000000e+00   2.7996600e+05  -1.5476389e+05
   5.2000000e+00   2.1367944e+05  -1.3139247e+05
   5.3000000e+00   1.5084197e+05  -1.0509054e+05
   5.4000000e+00   7.8541078e+04  -8.9866062e+04
   5.5000000e+00  -1.5241699e+04  -8.7532258e+04
   5.6000000e+00  -1.3147014e+05  -8.7747141e+04
   5.7000000e+00  -2.5715383e+05  -7.8615188e+04
   5.8000000e+00  -3.7165597e+05  -5.6296852e+04
   5.9000000e+00  -4.5736144e+05  -2.5496797e+04
   6.0000000e+00  -5.0678703e+05   7.1718647e+03
   6.1000000e+00  -5.2249303e+05   3.8894930e+04
   6.2000000e+00  -5.1267475e+05   7.0242680e+04
   6.3000000e+00  -4.8678534e+05   1.0108660e+05
   6.4000000e+00  -4.5236238e+05   1.2946149e+05
   6.5000000e+00  -4.1258206e+05   1.5589272e+05
   6.6000000e+00  -3.6593256e+05   1.8741659e+05
   6.7000000e+00  -3.0996956e+05   2.3337867e+05
   6.8000000e+00  -2.4728423e+05   2.9417378e+05
   6.9000000e+00  -1.8787991e+05   3.5511103e+05
   7.0000000e+00  -1.4413225e+05   3.9527812e+05
   7.1000000e+00  -1.2145568e+05   4.0473547e+05
   7.2000000e+00  -1.1258946e+05   3.9172022e+05
   7.3000000e+00  -1.0113312e+05   3.7152619e+05
   7.4000000e+00  -7.2660641e+04   3.5034269e+05
   7.5000000e+00  -2.5478414e+04   3.2318788e+05
   7.6000000e+00   2.7374666e+04   2.8631197e+05
   7.7000000e+00   6.7247188e+04   2.4520578e+05
   7.8000000e+00   8.3778992e+04   2.0604048e+05
   7.9000000e+00   8.2726039e+04   1.6285506e+05
   8.0000000e+00   8.1237461e+04   1.0124784e+05
   8.1000000e+00   9.4486984e+04   1.7990150e+04
   8.2000000e+00   1.2460119e+05  -6.7973914e+04
   8.3000000e+00   1.6009638e+05  -1.3081096e+05
   8.4000000e+00   1.8488066e+05  -1.6511139e+05
   8.5000000e+00   1.8924000e+05  -1.9367856e+05
   8.6000000e+00   1.7559311e+05  -2.4473825e+05
   8.7000000e+00   1.5632448e+05  -3.2228391e+05
   8.8000000e+00   1.4544688e+05  -4.0113391e+05
   8.9000000e+00   1.4907508e+05  -4.5070928e+05
   9.0000000e+00   1.6115694e+05  -4.6133919e+05
   9.1000000e+00   1.6825694e+05  -4.4727469e+05
   9.2000000e+00   1.6021512e+05  -4.2764116e+05
   9.3000000e+00   1.3790825e+05  -4.0804116e+05
   9.4000000e+00   1.1164883e+05  -3.8012328e+05
   9.5000000e+00   9.2512773e+04  -3.3478372e+05
   9.6000000e+00   8.4933547e+04  -2.7231609e+05
   9.7000000e+00   8.6098086e+04  -2.0039011e+05
   9.8000000e+00   9.0138805e+04  -1.2581043e+05
   9.9000000e+00   9.1591234e+04  -5.0866898e+04
   1.0000000e+01   8.5865125e+04   2.3233082e+04
   1.0100000e+01   6.9216766e+04   9.2596070e+04
   1.0200000e+01   4.0890777e+04   1.5225333e+05
   1.0300000e+01   5.8795605e+03   2.0037567e+05
   1.0400000e+01  -2.6332828e+04   2.3829989e+05
   1.0500000e+01  -4.8896820e+04   2.6542466e+05
   1.0600000e+01  -6.5323125e+04   2.7578894e+05
   1.0700000e+01  -8.8699438e+04   2.6205105e+05
   1.0800000e+01  -1.2943606e+05   2.2346225e+05
   1.0900000e+01  -1.8132395e+05   1.6890084e+05
   1.1000000e+01  -2.2138125e+05   1.1133790e+05
   1.1100000e+01  -2.2764959e+05   5.9648766e+04
   1.1200000e+01  -1.9942183e+05   1.5850418e+04
   1.1300000e+01  -1.5838164e+05  -2.1108406e+04
   1.1400000e+01  -1.2719441e+05  -5.0668281e+04
   1.1500000e+01  -1.0678296e+05  -6.9898852e+04
   1.1600000e+01  -7.6565578e+04  -7.5951336e+04
   1.1700000e+01  -1.7722781e+04  -6.8276508e+04
   1.1800000e+01   6.5548555e+04  -4.8930582e+04
   1.1900000e+01   1.4913706e+05  -2.1530461e+04
   1.2000000e+01   2.1147266e+05   1.0283014e+04
   1.2100000e+01   2.5001244e+05   4.4107180e+04
   1.2200000e+01   2.7570378e+05   7.8646898e+04
   1.2300000e+01   2.9557766e+05   1.1207254e+05
   1.2400000e+01   3.0535034e+05   1.4113145e+05
   1.2500000e+01   2.9880084e+05   1.6329817e+05
   1.2600000e+01   2.7896806e+05   1.8013686e+05
   1.2700000e+01   2.5480583e+05   1.9674617e+05
   1.2800000e+01   2.2690409e+05   2.1558609e+05
   1.2900000e+01   1.8183530e+05   2.3059227e+05
   1.3000000e+01   1.0589055e+05   2.2952362e+05
   1.3100000e+01   4.8818672e+03   2.0449092e+05
   1.3200000e+01  -9.3632414e+04   1.6063433e+05
   1.3300000e+01  -1.6163667e+05   1.1294142e+05
   1.3400000e+01  -1.9453434e+05   7.2774266e+04
   1.3500000e+01  -2.1199023e+05   3.7156531e+04
   1.3600000e+01  -2.3454950e+05  -7.3494727e+03
   1.3700000e+01  -2.6135859e+05  -6.8395234e+04
   1.3800000e+01  -2.7264069e+05  -1.3500695e+05
   1.3900000e+01  -2.5289216e+05  -1.8269194e+05
   1.4000000e+01  -2.0899072e+05  -1.9415831e+05
   1.4100000e+01  -1.6514241e+05  -1.7640372e+05
   1.4200000e+01  -1.4241062e+05  -1.5620342e+05
   1.4300000e+01  -1.4425430e+05  -1.5672355e+05
   1.4400000e+01  -1.5891198e+05  -1.7772306e+05
   1.4500000e+01  -1.7124642e+05  -1.9864014e+05
   1.4600000e+01  -1.7159845e+05  -1.9991541e+05
   1.4700000e+01  -1.5770806e+05  -1.7942295e+05
   1.4800000e+01  -1.3333945e+05  -1.4857225e+05
   1.4900000e+01  -1.0629103e+05  -1.1658328e+05
   1.5000000e+01  -8.5024508e+04  -8.2876562e+04
   1.5100000e+01  -7.4001438e+04  -4.4244824e+04
   1.5200000e+01  -7.0717617e+04  -4.1608320e+03
   1.5300000e+01  -6.7050891e+04   2.9197375e+04
   1.5400000e+01  -5.4264844e+04   5.2784945e+04
   1.5500000e+01  -2.8809242e+04   7.1973844e+04
   1.5600000e+01   4.2570820e+03   9.1921016e+04
   1.5700000e+01   3.3191117e+04   1.0798023e+05
   1.5800000e+01   4.7722641e+04   1.0817375e+05
   1.5900000e+01   4.8752098e+04   8.6242406e+04
   1.6000000e+01   5.0488453e+04   5.1020973e+04
   1.6100000e+01   7.0352469e+04   2.1646613e+04
   1.6200000e+01   1.1391734e+05   1.2899145e+04
   1.6300000e+01   1.6883472e+05   2.4178867e+04
   1.6400000e+01   2.1377192e+05   4.1088766e+04
   1.6500000e+01   2.3358228e+05   4.6881344e+04
   1.6600000e+01   2.2698422e+05   3.3677789e+04
   1.6700000e+01   2.0276306e+05   5.5210566e+03
   1.6800000e+01   1.7204950e+05  -2.6703756e+04
   1.6900000e+01   1.4427325e+05  -5.2406398e+04
   1.7000000e+01   1.2591586e+05  -6.5239375e+04
   1.7100000e+01   1.1753471e+05  -6.3948227e+04
   1.7200000e+01   1.1039001e+05  -5.2826832e+04
   1.7300000e+01   8.9645562e+04  -4.1195543e+04
   1.7400000e+01   4.6400785e+04  -3.8255098e+04
   1.7500000e+01  -1.0587141e+04  -4.4315727e+04
   1.7600000e+01  -5.6914906e+04  -4.7796000e+04
   1.7700000e+01  -7.1156609e+04  -3.6036355e+04
   1.7800000e+01  -5.5758387e+04  -1.2777805e+04
   1.7900000e+01  -3.9356723e+04  -2.4033945e+03
   1.8000000e+01  -5.3624441e+04  -3.0271047e+04
   1.8100000e+01  -1.0236982e+05  -9.4775859e+04
   1.8200000e+01  -1.5228269e+05  -1.6073959e+05
   1.8300000e+01  -1.5815738e+05  -1.8529884e+05
   1.8400000e+01  -1.0269268e+05  -1.5359741e+05
   1.8500000e+01  -1.4152086e+04  -8.9853656e+04
   1.8600000e+01   5.6016832e+04  -3.4093059e+04
   1.8700000e+01   7.5600820e+04  -9.1163945e+03
   1.8800000e+01   5.5200344e+04  -8.9593594e+03
   1.8900000e+01   3.3316621e+04  -1.4403078e+04
   1.9000000e+01   4.0044340e+04  -1.3907867e+04
   1.9100000e+01   7.3635148e+04  -8.4425469e+03
   1.9200000e+01   1.0769695e+05  -1.1329895e+03
   1.9300000e+01   1.1696980e+05   1.1065211e+04
   1.9400000e+01   9.6078078e+04   3.3181359e+04
   1.9500000e+01   5.7453520e+04   6.2915375e+04
   1.9600000e+01   1.5978707e+04   8.9927523e+04
   1.9700000e+01  -2.2438580e+04   1.0605742e+05
   1.9800000e+01  -5.9763113e+04   1.1465380e+05
   1.9900000e+01  -9.8624609e+04   1.2723418e+05
   2.0000000e+01  -1.3989073e+05   1.4979041e+05
   2.0100000e+01  -1.8595000e+05   1.7340928e+05
   2.0200000e+01  -2.4022053e+05   1.8063072e+05
   2.0300000e+01  -2.9788444e+05   1.6283189e+05
   2.0400000e+01  -3.3804031e+05   1.3147934e+05
   2.0500000e+01  -3.3214481e+05   1.1078565e+05
   2.0600000e+01  -2.6699334e+05   1.1726138e+05
   2.0700000e+01  -1.6026423e+05   1.4493527e+05
   2.0800000e+01  -4.9730641e+04   1.6995502e+05
   2.0900000e+01   3.5990922e+04   1.6993478e+05
   2.1000000e+01   9.6962000e+04   1.4029984e+05
   2.1100000e+01   1.5395638e+05   9.4401227e+04
   2.1200000e+01   2.2419919e+05   5.0249562e+04
   2.1300000e+01   3.0609069e+05   1.7575035e+04
   2.1400000e+01   3.8401144e+05  -4.7310273e+03
   2.1500000e+01   4.4214481e+05  -2.2501039e+04
   2.1600000e+01   4.7178291e+05  -3.9957305e+04
   2.1700000e+01   4.6996278e+05  -5.8038523e+04
   2.1800000e+01   4.3794238e+05  -7.5114664e+04
   2.1900000e+01   3.8349669e+05  -8.6588797e+04
   2.2000000e+01   3.2083775e+05  -8.5120766e+04
   2.2100000e+01   2.6207727e+05  -6.5927266e+04
   2.2200000e+01   2.0565880e+05  -3.5382820e+04
   2.2300000e+01   1.3525536e+05  -1.2645240e+04
   2.2400000e+01   3.4997559e+04  -1.6778949e+04
   2.2500000e+01  -9.0795461e+04  -4.7595742e+04
   2.2600000e+01  -2.1383866e+05  -8.0099844e+04
   2.2700000e+01  -3.0173562e+05  -8.2643781e+04
   2.2800000e+01  -3.4499128e+05  -4.4313570e+04
   2.2900000e+01  -3.6437016e+05   1.4997938e+04
   2.3000000e+01  -3.8921097e+05   6.1937984e+04
   2.3100000e+01  -4.2696506e+05   7.6709031e+04
   2.3200000e+01  -4.5463847e+05   6.3953508e+04
   2.3300000e+01  -4.4107047e+05   4.1217664e+04
   2.3400000e+01  -3.7729084e+05   2.1477135e+04
   2.3500000e+01  -2.8455956e+05   7.0675430e+03
   2.3600000e+01  -1.9393133e+05  -4.9591055e+03
   2.3700000e+01  -1.2031623e+05  -1.7642115e+04
   2.3800000e+01  -5.7086375e+04  -3.4714230e+04
   2.3900000e+01   6.7986143e+03  -6.1481844e+04
   2.4000000e+01   6.8625773e+04  -1.0048188e+05
   2.4100000e+01   1.1254583e+05  -1.4594247e+05
   2.4200000e+01   1.2642830e+05  -1.8535055e+05
   2.4300000e+01   1.1506030e+05  -2.0890984e+05
   2.4400000e+01   9.5400289e+04  -2.1793338e+05
   2.4500000e+01   8.0111594e+04  -2.2336439e+05
   2.4600000e+01   6.7746281e+04  -2.3539100e+05
   2.4700000e+01   4.9159594e+04  -2.5373638e+05
   2.4800000e+01   2.1109203e+04  -2.6731122e+05
   2.4900000e+01  -9.0898496e+03  -2.6327803e+05
   2.5000000e+01  -3.2257572e+04  -2.3741744e+05
   2.5100000e+01  -4.7884953e+04  -1.9692294e+05
   2.5200000e+01  -6.3728664e+04  -1.5377297e+05
   2.5300000e+01  -8.5622672e+04  -1.1544075e+05
   2.5400000e+01  -1.1019077e+05  -8.1752906e+04
   2.5500000e+01  -1.2859484e+05  -4.9769117e+04
   2.5600000e+01  -1.3568369e+05  -1.9673691e+04
   2.5700000e+01  -1.3349466e+05   5.9280586e+03
   2.5800000e+01  -1.2660066e+05   2.7875590e+04
   2.5900000e+01  -1.1695353e+05   5.2243082e+04
   2.6000000e+01  -1.0471443e+05   8.3136453e+04
   2.6100000e+01  -9.2065211e+04   1.1423650e+05
   2.6200000e+01  -8.2637828e+04   1.3168000e+05
   2.6300000e+01  -7.5607148e+04   1.2906630e+05
   2.6400000e+01  -6.1864496e+04   1.1890499e+05
   2.6500000e+01  -2.8915996e+04   1.2465225e+05
   2.6600000e+01   2.8275148e+04   1.5765927e+05
   2.6700000e+01   1.0063333e+05   2.0266028e+05
   2.6800000e+01   1.6973780e+05   2.2990350e+05
   2.6900000e+01   2.2087809e+05   2.2427491e+05
   2.7000000e+01   2.5333783e+05   2.0144145e+05
   2.7100000e+01   2.7872666e+05   1.9253719e+05
   2.7200000e+01   3.0853825e+05   2.1196259e+05
   2.7300000e+01   3.4211819e+05   2.4177584e+05
   2.7400000e+01   3.6654412e+05   2.4935475e+05
   2.7500000e+01   3.6903906e+05   2.2014831e+05
   2.7600000e+01   3.4991219e+05   1.7208348e+05
   2.7700000e+01   3.2266694e+05   1.3831709e+05
   2.7800000e+01   3.0077300e+05   1.3758598e+05
   2.7900000e+01   2.8502409e+05   1.6157752e+05
   2.8000000e+01   2.6506603e+05   1.8820922e+05
   2.8100000e+01   2.3271789e+05   2.0318192e+05
   2.8200000e+01   1.9111278e+05   2.0759328e+05
   2.8300000e+01   1.4918406e+05   2.0803470e+05
   2.8400000e+01   1.0969550e+05   2.0436819e+05
   2.8500000e+01   6.7522719e+04   1.8960564e+05
   2.8600000e+01   2.1377801e+04   1.5993686e+05
   2.8700000e+01  -1.7012791e+04   1.2106834e+05
   2.8800000e+01  -3.1598375e+04   8.2456523e+04
   2.8900000e+01  -2.1839588e+04   4.6161578e+04
   2.9000000e+01  -1.0239707e+04   3.9061055e+03
   2.9100000e+01  -2.5131727e+04  -5.3378438e+04
   2.9200000e+01  -7.4061898e+04  -1.2380389e+05
   2.9300000e+01  -1.3534106e+05  -1.9368375e+05
   2.9400000e+01  -1.7723098e+05  -2.4848316e+05
   2.9500000e+01  -1.8598702e+05  -2.8357431e+05
   2.9600000e+01  -1.7620900e+05  -3.0423106e+05
   2.9700000e+01  -1.7590506e+05  -3.1737697e+05
   2.9800000e+01  -2.0233141e+05  -3.2582256e+05
   2.9900000e+01  -2.4999688e+05  -3.2989144e+05
   3.0000000e+01  -2.9821725e+05  -3.3089894e+05
   3.0100000e+01  -3.2877881e+05  -3.3033831e+05
   3.0200000e+01  -3.3864847e+05  -3.2719034e+05
   3.0300000e+01  -3.3914434e+05  -3.1958128e+05
   3.0400000e+01  -3.4399097e+05  -3.0979112e+05
   3.0500000e+01  -3.5649431e+05  -3.0445144e+05
   3.0600000e+01  -3.6610425e+05  -3.0679925e+05
   3.0700000e+01  -3.5680406e+05  -3.0951550e+05
   3.0800000e+01  -3.1988681e+05  -2.9837303e+05
   3.0900000e+01  -2.6038091e+05  -2.6464941e+05
   3.1000000e+01  -1.9286241e+05  -2.1320611e+05
   3.1100000e+01  -1.3183075e+05  -1.5755852e+05
   3.1200000e+01  -8.4748180e+04  -1.0764491e+05
   3.1300000e+01  -5.0922117e+04  -6.2949094e+04
   3.1400000e+01  -2.4111469e+04  -1.6351020e+04
   3.1500000e+01   3.3940977e+03   3.7079125e+04
   3.1600000e+01   3.5573320e+04   9.4924352e+04
   3.1700000e+01   6.8198742e+04   1.4892584e+05
   3.1800000e+01   8.9907430e+04   1.9061280e+05
   3.1900000e+01   9.1074812e+04   2.1729925e+05
   3.2000000e+01   7.4248961e+04   2.3527725e+05
   3.2100000e+01   5.5269438e+04   2.5732253e+05
   3.2200000e+01   5.1544180e+04   2.9397631e+05
   3.2300000e+01   6.7323055e+04   3.4378231e+05
   3.2400000e+01   9.0224188e+04   3.9147225e+05
   3.2500000e+01   1.0269091e+05   4.1813722e+05
   3.2600000e+01   9.7443359e+04   4.1585025e+05
   3.2700000e+01   8.2802531e+04   3.9311322e+05
   3.2800000e+01   7.4430586e+04   3.6557356e+05
   3.2900000e+01   8.2485133e+04   3.4147091e+05
   3.3000000e+01   1.0546505e+05   3.1646362e+05
   3.3100000e+01   1.3414938e+05   2.8144916e+05
   3.3200000e+01   1.6017028e+05   2.3276383e+05
   3.3300000e+01   1.8151870e+05   1.7360495e+05
   3.3400000e+01   2.0175934e+05   1.0815723e+05
   3.3500000e+01   2.2564338e+05   3.8705094e+04
   3.3600000e+01   2.5582430e+05  -3.0186879e+04
   3.3700000e+01   2.9237891e+05  -8.8305078e+04
   3.3800000e+01   3.3288416e+05  -1.2574561e+05
   3.3900000e+01   3.7112175e+05  -1.4399870e+05
   3.4000000e+01   3.9675269e+05  -1.5823662e+05
   3.4100000e+01   3.9980919e+05  -1.8425191e+05
   3.4200000e+01   3.7834438e+05  -2.2130481e+05
   3.4300000e+01   3.4116644e+05  -2.4963991e+05
   3.4400000e+01   3.0045241e+05  -2.4796128e+05
   3.4500000e+01   2.6047025e+05  -2.1472798e+05
   3.4600000e+01   2.1476994e+05  -1.7135556e+05
   3.4700000e+01   1.5535394e+05  -1.4312472e+05
   3.4800000e+01   8.3023852e+04  -1.3671616e+05
   3.4900000e+01   6.6858691e+03  -1.3674566e+05
   3.5000000e+01  -6.6409445e+04  -1.2357019e+05
   3.5100000e+01  -1.3593967e+05  -9.3107508e+04
   3.5200000e+01  -2.0239594e+05  -5.9453062e+04
   3.5300000e+01  -2.5906164e+05  -4.0616469e+04
   3.5400000e+01  -2.9545031e+05  -4.3731004e+04
   3.5500000e+01  -3.1051762e+05  -6.2601922e+04
   3.5600000e+01  -3.1887953e+05  -8.5316852e+04
   3.5700000e+01  -3.3867962e+05  -1.0156834e+05
   3.5800000e+01  -3.7126794e+05  -1.0470500e+05
   3.5900000e+01  -3.9531859e+05  -9.2045094e+04
   3.6000000e+01  -3.8517353e+05  -6.7505547e+04
   3.6100000e+01  -3.3727503e+05  -4.4155359e+04
   3.6200000e+01  -2.7755478e+05  -4.0404012e+04
   3.6300000e+01  -2.3987748e+05  -6.8096625e+04
   3.6400000e+01  -2.3482662e+05  -1.2011651e+05
   3.6500000e+01  -2.3930677e+05  -1.6960177e+05
   3.6600000e+01  -2.1805453e+05  -1.8577134e+05
   3.6700000e+01  -1.5690672e+05  -1.5625894e+05
   3.6800000e+01  -7.6217484e+04  -9.6676758e+04
   3.6900000e+01  -1.2726801e+04  -3.6940238e+04
   3.7000000e+01   1.1390936e+04   4.3704570e+03
   3.7100000e+01   3.4752441e+03   3.3176750e+04
   3.7200000e+01  -1.1227961e+04   6.7683461e+04
   3.7300000e+01  -1.2936469e+04   1.1416816e+05
   3.7400000e+01  -5.0582617e+02   1.5715562e+05
   3.7500000e+01   1.3561988e+04   1.7483638e+05
   3.7600000e+01   1.6997961e+04   1.6295914e+05
   3.7700000e+01   7.0368535e+03   1.4120081e+05
   3.7800000e+01  -1.0050104e+04   1.3532291e+05
   3.7900000e+01  -2.4810039e+04   1.5446666e+05
   3.8000000e+01  -2.9355195e+04   1.8683359e+05
   3.8100000e+01  -1.8921264e+04   2.1545578e+05
   3.8200000e+01   7.2754121e+03   2.3419094e+05
   3.8300000e+01   4.3889691e+04   2.4680184e+05
   3.8400000e+01   7.8690164e+04   2.5419417e+05
   3.8500000e+01   9.8050430e+04   2.4894053e+05
   3.8600000e+01   9.7987125e+04   2.2524880e+05
   3.8700000e+01   9.1237219e+04   1.9100911e+05
   3.8800000e+01   1.0049473e+05   1.6433355e+05
   3.8900000e+01   1.4035677e+05   1.5603994e+05
   3.9000000e+01   2.0378225e+05   1.5790505e+05
   3.9100000e+01   2.6658131e+05   1.5064384e+05
   3.9200000e+01   3.0587050e+05   1.2249155e+05
   3.9300000e+01   3.1466203e+05   7.7667281e+04
   3.9400000e+01   3.0043456e+05   2.7572637e+04
   3.9500000e+01   2.7335706e+05  -2.1843680e+04
   3.9600000e+01   2.3866273e+05  -7.1243336e+04
   3.9700000e+01   1.9871311e+05  -1.1948730e+05
   3.9800000e+01   1.5695886e+05  -1.6007691e+05
   3.9900000e+01   1.1564641e+05  -1.8860442e+05
   4.0000000e+01   7.0912781e+04  -2.1038423e+05
   4.0100000e+01   1.5625150e+04  -2.3522156e+05
   4.0200000e+01  -4.8899023e+04  -2.6290531e+05
   4.0300000e+01  -1.0574405e+05  -2.7759606e+05
   4.0400000e+01  -1.3304288e+05  -2.6197538e+05
   4.0500000e+01  -1.2645166e+05  -2.1905617e+05
   4.0600000e+01  -1.0976265e+05  -1.7711589e+05
   4.0700000e+01  -1.1713136e+05  -1.6770188e+05
   4.0800000e+01  -1.5961912e+05  -1.9497591e+05
   4.0900000e+01  -2.0934716e+05  -2.2696427e+05
   4.1000000e+01  -2.2072262e+05  -2.2050291e+05
   4.1100000e+01  -1.7101653e+05  -1.5887408e+05
   4.1200000e+01  -8.1388891e+04  -6.7324117e+04
   4.1300000e+01   1.5682344e+03   8.2122773e+03
   4.1400000e+01   4.4370320e+04   3.9222020e+04
   4.1500000e+01   4.8258148e+04   3.4858703e+04
   4.1600000e+01   3.7773898e+04   2.8465084e+04
   4.1700000e+01   3.3790348e+04   4.6459109e+04
   4.1800000e+01   3.8672492e+04   8.8822664e+04
   4.1900000e+01   4.2268734e+04   1.3483464e+05
   4.2000000e+01   3.5378297e+04   1.6291527e+05
   4.2100000e+01   1.5649305e+04   1.6469003e+05
   4.2200000e+01  -1.4923795e+04   1.4501625e+05
   4.2300000e+01  -5.2429199e+04   1.1476678e+05
   4.2400000e+01  -8.9851219e+04   8.5511453e+04
   4.2500000e+01  -1.1739826e+05   6.6909688e+04
   4.2600000e+01  -1.2869202e+05   6.2675902e+04
   4.2700000e+01  -1.2814570e+05   6.5959016e+04
   4.2800000e+01  -1.3009817e+05   6.1092879e+04
   4.2900000e+01  -1.4708591e+05   3.4692727e+04
   4.3000000e+01  -1.7644500e+05  -1.2173711e+04
   4.3100000e+01  -1.9832286e+05  -6.2984125e+04
   4.3200000e+01  -1.8894112e+05  -9.7859531e+04
   4.3300000e+01  -1.3876506e+05  -1.0729836e+05
   4.3400000e+01  -5.9888891e+04  -9.5527219e+04
   4.3500000e+01   2.3737434e+04  -7.3694117e+04
   4.3600000e+01   9.4087797e+04  -5.2360156e+04
   4.3700000e+01   1.4898414e+05  -3.8762020e+04
   4.3800000e+01   1.9691750e+05  -3.5555277e+04
   4.3900000e+01   2.4433878e+05  -3.7846719e+04
   4.4000000e+01   2.8859816e+05  -3.2941188e+04
   4.4100000e+01   3.2117722e+05  -8.5446445e+03
   4.4200000e+01   3.3420322e+05   3.4772414e+04
   4.4300000e+01   3.2220559e+05   7.9603305e+04
   4.4400000e+01   2.8038262e+05   1.0295671e+05
   4.4500000e+01   2.0663022e+05   9.3949383e+04
   4.4600000e+01   1.0827863e+05   6.1855203e+04
   4.4700000e+01   4.3247534e+03   2.7597402e+04
   4.4800000e+01  -8.4589320e+04   7.0197134e+03
   4.4900000e+01  -1.5180891e+05   2.0045801e+02
   4.5000000e+01  -2.0910334e+05  -5.8154502e+03
   4.5100000e+01  -2.7209803e+05  -2.4515814e+04
   4.5200000e+01  -3.3954112e+05  -5.7490469e+04
   4.5300000e+01  -3.8818522e+05  -9.1115438e+04
   4.5400000e+01  -3.9047800e+05  -1.0546437e+05
   4.5500000e+01  -3.3884619e+05  -8.9947391e+04
   4.5600000e+01  -2.5330219e+05  -5.3494027e+04
   4.5700000e+01  -1.6577112e+05  -1.9109602e+04
   4.5800000e+01  -9.6804609e+04  -5.1893633e+03
   4.5900000e+01  -4.5468496e+04  -9.4342930e+03
   4.6000000e+01   1.8270273e+03  -1.1058551e+04
   4.6100000e+01   5.5410203e+04   9.6806094e+03
   4.6200000e+01   1.1424309e+05   5.3050746e+04
   4.6300000e+01   1.6952250e+05   1.0012806e+05
   4.6400000e+01   2.1279359e+05   1.3029573e+05
   4.6500000e+01   2.4043272e+05   1.3767723e+05
   4.6600000e+01   2.5290484e+05   1.3169186e+05
   4.6700000e+01   2.5239905e+05   1.2495426e+05
   4.6800000e+01   2.4201344e+05   1.2300957e+05
   4.6900000e+01   2.2620139e+05   1.2415801e+05
   4.7000000e+01   2.1004567e+05   1.2476105e+05
   4.7100000e+01   1.9598938e+05   1.2197010e+05
   4.7200000e+01   1.8003877e+05   1.1290297e+05
   4.7300000e+01   1.5208372e+05   9.4949000e+04
   4.7400000e+01   1.0300230e+05   6.8866266e+04
   4.7500000e+01   3.4341172e+04   4.0496793e+04
   4.7600000e+01  -3.8938824e+04   1.7197283e+04
   4.7700000e+01  -9.7994406e+04   1.3323906e+03
   4.7800000e+01  -1.3509295e+05  -1.2456469e+04
   4.7900000e+01  -1.5961255e+05  -3.2370553e+04
   4.8000000e+01  -1.8769145e+05  -6.0607457e+04
   4.8100000e+01  -2.2443267e+05  -8.9011031e+04
   4.8200000e+01  -2.5605712e+05  -1.0461458e+05
   4.8300000e+01  -2.6044730e+05  -1.0116091e+05
   4.8400000e+01  -2.2682012e+05  -8.5588938e+04
   4.8500000e+01  -1.6649552e+05  -7.2049469e+04
   4.8600000e+01  -1.0516120e+05  -6.8670062e+04
   4.8700000e+01  -6.3989242e+04  -7.0980906e+04
   4.8800000e+01  -4.6207957e+04  -6.9369352e+04
   4.8900000e+01  -3.9301066e+04  -6.1787062e+04
   4.9000000e+01  -2.8257926e+04  -5.6065082e+04
   4.9100000e+01  -7.0219175e+03  -5.8466332e+04
   4.9200000e+01   1.9687895e+04  -6.2967809e+04
   4.9300000e+01   4.1547980e+04  -5.6620098e+04
   4.9400000e+01   4.8563938e+04  -3.6885188e+04
   4.9500000e+01   3.6085648e+04  -1.9820523e+04
   4.9600000e+01   9.9068047e+03  -2.5817297e+04
   4.9700000e+01  -1.2061020e+04  -5.5770305e+04
   4.9800000e+01  -8.1407188e+03  -8.4667844e+04
   4.9900000e+01   3.0260938e+04  -8.2916727e+04
   5.0000000e+01   8.7569484e+04  -4.5147656e+04
   5.0100000e+01   1.3253227e+05   3.5187637e+03
   5.0200000e+01   1.4195130e+05   3.0590559e+04
   5.0300000e+01   1.1828606e+05   2.4870223e+04
   5.0400000e+01   8.4504000e+04   2.6011367e+03
   5.0500000e+01   6.2263258e+04  -1.1555082e+04
   5.0600000e+01   5.5308289e+04  -6.3402734e+03
   5.0700000e+01   5.2356734e+04   1.1745555e+04
   5.0800000e+01   4.2889645e+04   2.9528711e+04
   5.0900000e+01   2.8077502e+04   3.7683551e+04
   5.1000000e+01   1.7220695e+04   3.2412416e+04
   5.1100000e+01   1.6169211e+04   1.4033050e+04
   5.1200000e+01   2.1068492e+04  -1.1256791e+04
   5.1300000e+01   2.3293148e+04  -3.0555703e+04
   5.1400000e+01   1.9083506e+04  -3.1427480e+04
   5.1500000e+01   1.3122963e+04  -1.3467325e+04
   5.1600000e+01   1.2757115e+04   8.5493867e+03
   5.1700000e+01   2.0091805e+04   1.6058480e+04
   5.1800000e+01   3.1001004e+04   2.8378164e+03
   5.1900000e+01   4.1232203e+04  -1.9831242e+04
   5.2000000e+01   5.1058141e+04  -3.3560453e+04
   5.2100000e+01   6.2234648e+04  -2.8223018e+04
   5.2200000e+01   7.1658953e+04  -8.4496230e+03
   5.2300000e+01   7.1372312e+04   1.2672994e+04
   5.2400000e+01   5.6993941e+04   2.5186457e+04
   5.2500000e+01   3.5311758e+04   2.8852305e+04
   5.2600000e+01   2.1039525e+04   3.0592215e+04
   5.2700000e+01   2.4262227e+04   3.6792641e+04
   5.2800000e+01   4.0500125e+04   4.7925676e+04
   5.2900000e+01   5.2959098e+04   5.9556578e+04
   5.3000000e+01   4.4743594e+04   6.7327156e+04
   5.3100000e+01   1.0466576e+04   7.0308602e+04
   5.3200000e+01  -4.1070723e+04   7.0088125e+04
   5.3300000e+01  -9.3120609e+04   6.8165188e+04
   5.3400000e+01  -1.3024448e+05   6.5475582e+04
   5.3500000e+01  -1.4477566e+05   6.4134816e+04
   5.3600000e+01  -1.3845530e+05   6.7892961e+04
   5.3700000e+01  -1.2062459e+05   7.8904195e+04
   5.3800000e+01  -1.0492245e+05   9.3050984e+04
   5.3900000e+01  -1.0451924e+05   9.9224750e+04
   5.4000000e+01  -1.2504180e+05   8.5958367e+04
   5.4100000e+01  -1.5784934e+05   5.2116586e+04
   5.4200000e+01  -1.8123611e+05   1.2042492e+04
   5.4300000e+01  -1.7453069e+05  -1.2979266e+04
   5.4400000e+01  -1.3699225e+05  -1.3257902e+04
   5.4500000e+01  -9.2612750e+04  -2.5757344e+03
   5.4600000e+01  -7.0630625e+04  -8.4127734e+03
   5.4700000e+01  -7.6911969e+04  -4.5633855e+04
   5.4800000e+01  -8.5920453e+04  -9.8663086e+04
   5.4900000e+01  -6.5034039e+04  -1.3263706e+05
   5.5000000e+01  -7.9072188e+03  -1.2532003e+05
   5.5100000e+01   5.8399188e+04  -8.8422453e+04
   5.5200000e+01   9.9986312e+04  -5.6394258e+04
   5.5300000e+01   1.0702792e+05  -5.4118141e+04
   5.5400000e+01   9.6766656e+04  -7.6029781e+04
   5.5500000e+01   8.9676633e+04  -9.5701734e+04
   5.5600000e+01   8.8622672e+04  -9.3170617e+04
   5.5700000e+01   8.2443266e+04  -7.1835844e+04
   5.5800000e+01   6.4176715e+04  -5.1257703e+04
   5.5900000e+01   3.9519703e+04  -4.7417727e+04
   5.6000000e+01   1.7382391e+04  -6.0999145e+04
   5.6100000e+01  -2.5854961e+03  -8.1521109e+04
   5.6200000e+01  -2.8889938e+04  -9.8285766e+04
   5.6300000e+01  -6.5125391e+04  -1.0599891e+05
   5.6400000e+01  -1.0108279e+05  -1.0320698e+05
   5.6500000e+01  -1.1942052e+05  -9.0553156e+04
   5.6600000e+01  -1.1227973e+05  -7.2890430e+04
   5.6700000e+01  -9.0948594e+04  -6.0206234e+04
   5.6800000e+01  -7.6994031e+04  -6.0903477e+04
   5.6900000e+01  -8.0913984e+04  -7.1058570e+04
   5.7000000e+01  -8.8419867e+04  -7.2376219e+04
   5.7100000e+01  -6.9825500e+04  -4.5682113e+04
   5.7200000e+01  -6.0634922e+03   1.0530887e+04
   5.7300000e+01   9.3277203e+04   7.5901984e+04
   5.7400000e+01   1.9787511e+05   1.2512352e+05
   5.7500000e+01   2.8206125e+05   1.5020644e+05
   5.7600000e+01   3.4159112e+05   1.6521759e+05
   5.7700000e+01   3.8693534e+05   1.8869372e+05
   5.7800000e+01   4.2457644e+05   2.2308377e+05
   5.7900000e+01   4.4848994e+05   2.5345091e+05
   5.8000000e+01   4.4854884e+05   2.6543553e+05
   5.8100000e+01   4.2210269e+05   2.6044231e+05
   5.8200000e+01   3.7412784e+05   2.5009703e+05
   5.8300000e+01   3.0847997e+05   2.3792352e+05
   5.8400000e+01   2.2454253e+05   2.1290483e+05
   5.8500000e+01   1.2515342e+05   1.6543152e+05
   5.8600000e+01   2.4417285e+04   1.0652560e+05
   5.8700000e+01  -5.9255102e+04   6.3018703e+04
   5.8800000e+01  -1.2226381e+05   4.8429062e+04
   5.8900000e+01  -1.8571070e+05   4.1825586e+04
   5.9000000e+01  -2.7879044e+05   3.8792812e+03
   5.9100000e+01  -4.0600712e+05  -8.1073625e+04
   5.9200000e+01  -5.3120350e+05  -1.8111714e+05
   5.9300000e+01  -6.0043838e+05  -2.4012247e+05
   5.9400000e+01  -5.8714444e+05  -2.2783677e+05
   5.9500000e+01  -5.1659616e+05  -1.6661641e+05
   5.9600000e+01  -4.4398853e+05  -1.0875845e+05
   5.9700000e+01  -4.0635281e+05  -8.9212328e+04
   5.9800000e+01  -3.9465666e+05  -1.0065978e+05
   5.9900000e+01  -3.7052756e+05  -1.1063608e+05
   6.0000000e+01  -3.0655209e+05  -9.7189484e+04
   6.0100000e+01  -2.0897019e+05  -6.6468867e+04
   6.0200000e+01  -1.0513180e+05  -4.0378535e+04
   6.0300000e+01  -1.5465756e+04  -3.3062270e+04
   6.0400000e+01   5.9528863e+04  -4.0415348e+04
   6.0500000e+01   1.2897477e+05  -4.8226844e+04
   6.0600000e+01   1.9554044e+05  -4.6154398e+04
   6.0700000e+01   2.5278852e+05  -3.3783570e+04
   6.0800000e+01   2.9551031e+05  -1.7005924e+04
   6.0900000e+01   3.2703194e+05  -2.3332461e+03
   6.1000000e+01   3.5304825e+05   4.8434844e+03
   6.1100000e+01   3.6983919e+05  -3.4210156e+02
   6.1200000e+01   3.6351497e+05  -2.0255621e+04
   6.1300000e+01   3.2526350e+05  -5.0129281e+04
   6.1400000e+01   2.6774238e+05  -7.6987688e+04
   6.1500000e+01   2.2246222e+05  -8.6867328e+04
   6.1600000e+01   2.1564384e+05  -7.5721312e+04
   6.1700000e+01   2.4375033e+05  -5.3053434e+04
   6.1800000e+01   2.7377322e+05  -3.3271844e+04
   6.1900000e+01   2.7066078e+05  -2.2910469e+04
   6.2000000e+01   2.2709925e+05  -1.6954742e+04
   6.2100000e+01   1.6785830e+05  -7.4530586e+03
   6.2200000e+01   1.2593523e+05   6.3888750e+03
   6.2300000e+01   1.1462923e+05   1.8508031e+04
   6.2400000e+01   1.2070564e+05   2.5206934e+04
   6.2500000e+01   1.2006681e+05   3.0521723e+04
   6.2600000e+01   9.6289047e+04   4.0071719e+04
   6.2700000e+01   4.5556934e+04   5.1226242e+04
   6.2800000e+01  -2.9136811e+04   5.3570148e+04
   6.2900000e+01  -1.2142923e+05   4.1434887e+04
   6.3000000e+01  -2.1894259e+05   2.3787430e+04
   6.3100000e+01  -3.0398897e+05   1.7230426e+04
   6.3200000e+01  -3.6423234e+05   2.7182805e+04
   6.3300000e+01  -4.0422194e+05   3.8533992e+04
   6.3400000e+01  -4.4226547e+05   2.9265607e+04
   6.3500000e+01  -4.9147778e+05  -5.0316250e+03
   6.3600000e+01  -5.4333962e+05  -4.2448031e+04
   6.3700000e+01  -5.7228081e+05  -5.3652289e+04
   6.3800000e+01  -5.5824688e+05  -3.0435195e+04
   6.3900000e+01  -5.0467238e+05   5.6541250e+03
   6.4000000e+01  -4.3392388e+05   2.3736672e+04
   6.4100000e+01  -3.6589625e+05   1.1859926e+04
   6.4200000e+01  -3.0207834e+05  -1.5301199e+04
   6.4300000e+01  -2.2983772e+05  -3.4699434e+04
   6.4400000e+01  -1.3969066e+05  -3.7732594e+04
   6.4500000e+01  -3.6191695e+04  -3.4279520e+04
   6.4600000e+01   6.7380000e+04  -3.6978055e+04
   6.4700000e+01   1.6156797e+05  -4.5160223e+04
   6.4800000e+01   2.4514950e+05  -4.5445297e+04
   6.4900000e+01   3.1819906e+05  -2.6643059e+04
   6.5000000e+01   3.7543625e+05   7.5146992e+03
   6.5100000e+01   4.1034759e+05   4.0275852e+04
   6.5200000e+01   4.2504812e+05   5.5764629e+04
   6.5300000e+01   4.3140488e+05   5.1761238e+04
   6.5400000e+01   4.3903831e+05   4.0518453e+04
   6.5500000e+01   4.4357503e+05   3.7772312e+04
   6.5600000e+01   4.3065316e+05   5.0013164e+04
   6.5700000e+01   3.9312944e+05   7.1070539e+04
   6.5800000e+01   3.4227684e+05   9.0315711e+04
   6.5900000e+01   2.9947919e+05   1.0373888e+05
   6.6000000e+01   2.7674672e+05   1.1650071e+05
   6.6100000e+01   2.6636897e+05   1.3479797e+05
   6.6200000e+01   2.4894931e+05   1.5672388e+05
   6.6300000e+01   2.0948642e+05   1.7282194e+05
   6.6400000e+01   1.4574769e+05   1.7549916e+05
   6.6500000e+01   6.5144887e+04   1.6590723e+05
   6.6600000e+01  -2.1406967e+04   1.5034141e+05
   6.6700000e+01  -1.0152734e+05   1.3153745e+05
   6.6800000e+01  -1.6194911e+05   1.0657472e+05
   6.6900000e+01  -1.9366420e+05   7.4096945e+04
   6.7000000e+01  -2.0015183e+05   4.0680734e+04
   6.7100000e+01  -1.9929275e+05   1.6463211e+04
   6.7200000e+01  -2.1274016e+05   4.0341924e+03
   6.7300000e+01  -2.4905473e+05  -5.4827695e+03
   6.7400000e+01  -2.9556812e+05  -2.2910547e+04
   6.7500000e+01  -3.2823631e+05  -4.8624254e+04
   6.7600000e+01  -3.3245891e+05  -7.2690789e+04
   6.7700000e+01  -3.1626409e+05  -8.8385961e+04
   6.7800000e+01  -3.0273994e+05  -1.0278740e+05
   6.7900000e+01  -3.0762269e+05  -1.2999603e+05
   6.8000000e+01  -3.2290425e+05  -1.7288086e+05
   6.8100000e+01  -3.2278094e+05  -2.1445206e+05
   6.8200000e+01  -2.8721222e+05  -2.3094877e+05
   6.8300000e+01  -2.2085562e+05  -2.1453520e+05
   6.8400000e+01  -1.4903577e+05  -1.8171638e+05
   6.8500000e+01  -9.4566484e+04  -1.5810772e+05
   6.8600000e+01  -5.7796934e+04  -1.5497747e+05
   6.8700000e+01  -1.8565719e+04  -1.6081256e+05
   6.8800000e+01   4.3135766e+04  -1.5471050e+05
   6.8900000e+01   1.2854549e+05  -1.2674423e+05
   6.9000000e+01   2.2023872e+05  -8.5867055e+04
   6.9100000e+01   2.9779569e+05  -5.0186605e+04
   6.9200000e+01   3.5189497e+05  -3.0744768e+04
   6.9300000e+01   3.8500528e+05  -2.3444445e+04
   6.9400000e+01   4.0284441e+05  -1.4662480e+04
   6.9500000e+01   4.0852794e+05   5.5091758e+03
   6.9600000e+01   4.0396997e+05   3.3830609e+04
   6.9700000e+01   3.9237112e+05   5.6187203e+04
   6.9800000e+01   3.7561728e+05   5.9663406e+04
   6.9900000e+01   3.4976084e+05   4.3689547e+04
   7.0000000e+01   3.0666253e+05   2.0027285e+04
   7.0100000e+01   2.4289819e+05   2.1097656e+03
   7.0200000e+01   1.6685617e+05  -5.1634180e+03
   7.0300000e+01   9.4998539e+04  -5.5153320e+03
   7.0400000e+01   3.9509426e+04  -3.5879648e+03
   7.0500000e+01  -7.1008203e+02   1.0951953e+02
   7.0600000e+01  -3.6699680e+04   6.4621680e+03
   7.0700000e+01  -7.7298945e+04   1.3090469e+04
   7.0800000e+01  -1.2045688e+05   1.5671766e+04
   7.0900000e+01  -1.5617481e+05   1.4149242e+04
   7.1000000e+01  -1.7712139e+05   1.5421508e+04
   7.1100000e+01  -1.8557189e+05   2.8194828e+04
   7.1200000e+01  -1.9013488e+05   5.5268797e+04
   7.1300000e+01  -1.9707109e+05   9.1144484e+04
   7.1400000e+01  -2.0625125e+05   1.2622205e+05
   7.1500000e+01  -2.1527875e+05   1.5240327e+05
   7.1600000e+01  -2.2501562e+05   1.6585100e+05
   7.1700000e+01  -2.3833861e+05   1.6732991e+05
   7.1800000e+01  -2.5341161e+05   1.6168914e+05
   7.1900000e+01  -2.6135755e+05   1.5562556e+05
   7.2000000e+01  -2.5437325e+05   1.5284250e+05
   7.2100000e+01  -2.3728603e+05   1.4986667e+05
   7.2200000e+01  -2.2851892e+05   1.3801531e+05
   7.2300000e+01  -2.4513953e+05   1.1197127e+05
   7.2400000e+01  -2.8365641e+05   7.7235352e+04
   7.2500000e+01  -3.1597100e+05   4.7529176e+04
   7.2600000e+01  -3.0862125e+05   3.2691459e+04
   7.2700000e+01  -2.5160541e+05   2.8619881e+04
   7.2800000e+01  -1.7090166e+05   2.0398896e+04
   7.2900000e+01  -1.1012325e+05  -3.4187969e+03
   7.3000000e+01  -9.4331750e+04  -3.9634426e+04
   7.3100000e+01  -1.0775862e+05  -7.3807789e+04
   7.3200000e+01  -1.0681548e+05  -9.4336641e+04
   7.3300000e+01  -5.7483633e+04  -1.0234120e+05
   7.3400000e+01   3.6921000e+04  -1.0800939e+05
   7.3500000e+01   1.4164259e+05  -1.1904555e+05
   7.3600000e+01   2.2120791e+05  -1.3407588e+05
   7.3700000e+01   2.6459072e+05  -1.4643972e+05
   7.3800000e+01   2.8480138e+05  -1.5202012e+05
   7.3900000e+01   3.0044022e+05  -1.5205412e+05
   7.4000000e+01   3.2066044e+05  -1.4927634e+05
   7.4100000e+01   3.4411038e+05  -1.4333452e+05
   7.4200000e+01   3.6466209e+05  -1.3131689e+05
   7.4300000e+01   3.7374947e+05  -1.1299840e+05
   7.4400000e+01   3.6036562e+05  -9.4842633e+04
   7.4500000e+01   3.1668600e+05  -8.6975148e+04
   7.4600000e+01   2.4911750e+05  -9.3725141e+04
   7.4700000e+01   1.8222067e+05  -1.0614888e+05
   7.4800000e+01   1.4482919e+05  -1.0604048e+05
   7.4900000e+01   1.4585220e+05  -8.1044078e+04
   7.5000000e+01   1.6253097e+05  -3.7388305e+04
   7.5100000e+01   1.5653988e+05   4.1583672e+03
   7.5200000e+01   1.0686446e+05   2.7375762e+04
   7.5300000e+01   2.9360961e+04   3.5757867e+04
   7.5400000e+01  -3.6587648e+04   4.7426836e+04
   7.5500000e+01  -6.2138492e+04   7.5238844e+04
   7.5600000e+01  -5.1190457e+04   1.1375844e+05
   7.5700000e+01  -3.1095836e+04   1.4611317e+05
   7.5800000e+01  -2.4580846e+04   1.6089827e+05
   7.5900000e+01  -3.2254820e+04   1.5993577e+05
   7.6000000e+01  -3.9759723e+04   1.5143209e+05
   7.6100000e+01  -3.6271477e+04   1.4056088e+05
   7.6200000e+01  -2.2942486e+04   1.2901155e+05
   7.6300000e+01  -6.6466582e+03   1.2018612e+05
   7.6400000e+01   7.7269062e+03   1.1910466e+05
   7.6500000e+01   1.5887334e+04   1.2528101e+05
   7.6600000e+01   9.7258184e+03   1.2891427e+05
   7.6700000e+01  -1.7907602e+04   1.1845545e+05
   7.6800000e+01  -6.0791766e+04   9.3329445e+04
   7.6900000e+01  -9.6261227e+04   6.7353031e+04
   7.7000000e+01  -1.0247219e+05   5.6923094e+04
   7.7100000e+01  -8.2644703e+04   6.4324961e+04
   7.7200000e+01  -6.8824344e+04   7.2935836e+04
   7.7300000e+01  -9.4735938e+04   6.0626270e+04
   7.7400000e+01  -1.6080598e+05   2.0251668e+04
   7.7500000e+01  -2.2731062e+05  -3.1586117e+04
   7.7600000e+01  -2.4623148e+05  -6.6617031e+04
   7.7700000e+01  -2.0325647e+05  -6.8100539e+04
   7.7800000e+01  -1.2998255e+05  -4.4683625e+04
   7.7900000e+01  -7.5453391e+04  -2.2332090e+04
   7.8000000e+01  -6.5243945e+04  -2.1626199e+04
   7.8100000e+01  -8.5568680e+04  -4.1169633e+04
   7.8200000e+01  -1.0261014e+05  -6.1925375e+04
   7.8300000e+01  -9.4116391e+04  -6.7302656e+04
   7.8400000e+01  -6.3818594e+04  -5.8946938e+04
   7.8500000e+01  -3.0853627e+04  -5.3148152e+04
   7.8600000e+01  -1.0178061e+04  -6.2890586e+04
   7.8700000e+01  -3.1600195e+03  -8.5188469e+04
   7.8800000e+01  -2.3211543e+03  -1.0663264e+05
   7.8900000e+01  -1.9037891e+02  -1.1911039e+05
   7.9000000e+01   7.0988398e+03  -1.2653947e+05
   7.9100000e+01   2.0760270e+04  -1.3575275e+05
   7.9200000e+01   3.8978266e+04  -1.4530292e+05
   7.9300000e+01   5.4407211e+04  -1.4812584e+05
   7.9400000e+01   5.5357996e+04  -1.4405950e+05
   7.9500000e+01   3.4164402e+04  -1.4286412e+05
   7.9600000e+01  -3.3462188e+03  -1.5018472e+05
   7.9700000e+01  -3.8069555e+04  -1.5378159e+05
   7.9800000e+01  -5.0579578e+04  -1.3096022e+05
   7.9900000e+01  -3.6623207e+04  -7.2609797e+04
   8.0000000e+01  -1.0624168e+04   3.3562461e+03
   8.0100000e+01   6.9263320e+03   6.5641203e+04
   8.0200000e+01   6.8981758e+03   9.5325531e+04
   8.0300000e+01  -2.3671191e+03   9.6224320e+04
   8.0400000e+01  -5.3262656e+03   8.3017500e+04
   8.0500000e+01   5.1667383e+03   6.5810359e+04
   8.0600000e+01   2.2613668e+04   4.8374629e+04
   8.0700000e+01   3.5877691e+04   3.5181387e+04
   8.0800000e+01   4.0927652e+04   3.1544055e+04
   8.0900000e+01   4.2049414e+04   3.4839309e+04
   8.1000000e+01   4.3117195e+04   3.1405449e+04
   8.1100000e+01   4.2131062e+04   8.8671719e+03
   8.1200000e+01   3.7348297e+04  -2.7112453e+04
   8.1300000e+01   3.6367379e+04  -5.2082320e+04
   8.1400000e+01   5.2671695e+04  -4.3186508e+04
   8.1500000e+01   8.8762250e+04  -2.3409102e+03
   8.1600000e+01   1.2482170e+05   4.1542133e+04
   8.1700000e+01   1.3077673e+05   5.5858586e+04
   8.1800000e+01   9.4731797e+04   3.2970758e+04
   8.1900000e+01   3.9193078e+04  -2.0876172e+03
   8.2000000e+01   5.0783359e+03  -1.2580836e+04
   8.2100000e+01   1.5949320e+04   1.8696906e+04
   8.2200000e+01   5.6763645e+04   7.5674703e+04
   8.2300000e+01   8.8247219e+04   1.2421049e+05
   8.2400000e+01   8.2853406e+04   1.4123805e+05
   8.2500000e+01   4.7697781e+04   1.3134025e+05
   8.2600000e+01   1.4312312e+04   1.1788256e+05
   8.2700000e+01   8.1404727e+03   1.1999367e+05
   8.2800000e+01   2.8186078e+04   1.3755403e+05
   8.2900000e+01   5.3459211e+04   1.5543661e+05
   8.3000000e+01   6.5040969e+04   1.5908311e+05
   8.3100000e+01   6.0053766e+04   1.4538639e+05
   8.3200000e+01   4.6771926e+04   1.2106394e+05
   8.3300000e+01   3.1315408e+04   9.4000477e+04
   8.3400000e+01   1.2467180e+04   6.7715477e+04
   8.3500000e+01  -1.1843596e+04   4.2722262e+04
   8.3600000e+01  -3.7584133e+04   2.0081361e+04
   8.3700000e+01  -5.7658203e+04   1.3329922e+03
   8.3800000e+01  -7.1476016e+04  -1.4796931e+04
   8.3900000e+01  -8.8009398e+04  -3.3361281e+04
   8.4000000e+01  -1.1598117e+05  -5.8709219e+04
   8.4100000e+01  -1.5049838e+05  -8.8505266e+04
   8.4200000e+01  -1.7195134e+05  -1.1312985e+05
   8.4300000e+01  -1.6170461e+05  -1.2232238e+05
   8.4400000e+01  -1.2084107e+05  -1.1354855e+05
   8.4500000e+01  -7.2613422e+04  -9.4755328e+04
   8.4600000e+01  -4.3901523e+04  -7.9137086e+04
   8.4700000e+01  -4.2133227e+04  -7.5859961e+04
   8.4800000e+01  -4.9768391e+04  -8.3356391e+04
   8.4900000e+01  -4.1587516e+04  -9.0026156e+04
   8.5000000e+01  -7.6079180e+03  -8.2459516e+04
   8.5100000e+01   4.0004629e+04  -5.5826172e+04
   8.5200000e+01   8.0032750e+04  -1.8531217e+04
   8.5300000e+01   9.9630875e+04   1.3042658e+04
   8.5400000e+01   9.9658289e+04   2.5836754e+04
   8.5500000e+01   8.7709695e+04   1.8571934e+04
   8.5600000e+01   7.0879383e+04   1.4195203e+03
   8.5700000e+01   5.5378582e+04  -1.1708299e+04
   8.5800000e+01   4.7768977e+04  -1.2440296e+04
   8.5900000e+01   5.0725383e+04  -3.5610610e+03
   8.6000000e+01   5.6836547e+04   2.1760918e+03
   8.6100000e+01   5.1060125e+04  -9.1540020e+03
   8.6200000e+01   2.4242148e+04  -4.0362031e+04
   8.6300000e+01  -1.4694305e+04  -7.7276695e+04
   8.6400000e+01  -4.2751102e+04  -9.7469617e+04
   8.6500000e+01  -4.2528008e+04  -8.8965234e+04
   8.6600000e+01  -1.9506254e+04  -6.1909125e+04
   8.6700000e+01   1.0771445e+03  -4.0134500e+04
   8.6800000e+01  -3.4886953e+03  -3.9214184e+04
   8.6900000e+01  -3.2618945e+04  -5.2319695e+04
   8.7000000e+01  -6.3181504e+04  -5.7759516e+04
   8.7100000e+01  -7.1016625e+04  -3.9904805e+04
   8.7200000e+01  -5.2438043e+04  -2.4704023e+03
   8.7300000e+01  -2.5842660e+04   3.7331055e+04
   8.7400000e+01  -1.3873019e+04   6.5329062e+04
   8.7500000e+01  -2.4772914e+04   8.0298312e+04
   8.7600000e+01  -4.9543664e+04   8.9351312e+04
   8.7700000e+01  -7.3627430e+04   9.6702977e+04
   8.7800000e+01  -8.8604906e+04   9.9185398e+04
   8.7900000e+01  -9.3647211e+04   9.2702703e+04
   8.8000000e+01  -9.0197305e+04   8.0619633e+04
   8.8100000e+01  -7.9370070e+04   7.2420734e+04
   8.8200000e+01  -6.4442414e+04   7.2450414e+04
   8.8300000e+01  -5.1868285e+04   7.1820734e+04
   8.8400000e+01  -4.5929359e+04   5.5367574e+04
   8.8500000e+01  -4.2111953e+04   1.8753289e+04
   8.8600000e+01  -2.8831768e+04  -2.3093693e+04
   8.8700000e+01   1.1960566e+03  -4.7955125e+04
   8.8800000e+01   4.0885031e+04  -4.7922461e+04
   8.8900000e+01   7.2041109e+04  -3.7441367e+04
   8.9000000e+01   8.1023344e+04  -3.8314711e+04
   8.9100000e+01   7.2338898e+04  -5.7496617e+04
   8.9200000e+01   6.6548977e+04  -8.1403648e+04
   8.9300000e+01   8.3586766e+04  -9.1767844e+04
   8.9400000e+01   1.2616047e+05  -8.4496484e+04
   8.9500000e+01   1.7731183e+05  -7.1323828e+04
   8.9600000e+01   2.1326778e+05  -6.4790211e+04
   8.9700000e+01   2.2028592e+05  -6.5245004e+04
   8.9800000e+01   2.0245533e+05  -6.3814844e+04
   8.9900000e+01   1.7591767e+05  -5.5115547e+04
   9.0000000e+01   1.5560703e+05  -4.2828691e+04
   9.0100000e+01   1.4525098e+05  -3.2133979e+04
   9.0200000e+01   1.3737377e+05  -2.0716535e+04
   9.0300000e+01   1.2137371e+05  -1.9017686e+03
   9.0400000e+01   9.1904266e+04   2.3107238e+04
   9.0500000e+01   5.1366195e+04   4.0698031e+04
   9.0600000e+01   6.6322656e+03   3.7129176e+04
   9.0700000e+01  -3.5694930e+04   1.5536637e+04
   9.0800000e+01  -7.2269406e+04  -2.9600586e+03
   9.0900000e+01  -1.0392313e+05   1.6360117e+03
   9.1000000e+01  -1.3483905e+05   2.7855986e+04
   9.1100000e+01  -1.6954016e+05   5.3140328e+04
   9.1200000e+01  -2.0847178e+05   5.5440836e+04
   9.1300000e+01  -2.4557497e+05   3.4398734e+04
   9.1400000e+01  -2.7099325e+05   1.1310559e+04
   9.1500000e+01  -2.7756603e+05   8.7862461e+03
   9.1600000e+01  -2.6561969e+05   3.0223619e+04
   9.1700000e+01  -2.4176019e+05   5.7795703e+04
   9.1800000e+01  -2.1297844e+05   6.9312531e+04
   9.1900000e+01  -1.8159994e+05   5.7559734e+04
   9.2000000e+01  -1.4539811e+05   3.5048734e+04
   9.2100000e+01  -1.0201741e+05   2.1544219e+04
   9.2200000e+01  -5.2840082e+04   2.7292617e+04
   9.2300000e+01  -2.4442891e+03   4.7237176e+04
   9.2400000e+01   4.5123891e+04   6.9163984e+04
   9.2500000e+01   8.8362109e+04   8.4982773e+04
   9.2600000e+01   1.2603239e+05   9.3714320e+04
   9.2700000e+01   1.5411572e+05   9.6549750e+04
   9.2800000e+01   1.6752822e+05   9.3331859e+04
   9.2900000e+01   1.6625512e+05   8.5189648e+04
   9.3000000e+01   1.5850522e+05   7.7357188e+04
   9.3100000e+01   1.5513786e+05   7.5057172e+04
   9.3200000e+01   1.5959531e+05   7.5857141e+04
   9.3300000e+01   1.6404569e+05   6.9235383e+04
   9.3400000e+01   1.5659175e+05   4.6650195e+04
   9.3500000e+01   1.3236214e+05   1.1724266e+04
   9.3600000e+01   9.7156359e+04  -2.1641109e+04
   9.3700000e+01   6.0754750e+04  -4.1862180e+04
   9.3800000e+01   2.7954105e+04  -4.9241609e+04
   9.3900000e+01  -3.2836367e+03  -5.2807109e+04
   9.4000000e+01  -3.5800344e+04  -5.9650836e+04
   9.4100000e+01  -6.6833891e+04  -6.9243539e+04
   9.4200000e+01  -8.8323883e+04  -7.7120844e+04
   9.4300000e+01  -9.3585758e+04  -8.0783359e+04
   9.4400000e+01  -8.3665656e+04  -8.0140414e+04
   9.4500000e+01  -6.7249797e+04  -7.4058250e+04
   9.4600000e+01  -5.4331816e+04  -6.0073152e+04
   9.4700000e+01  -4.9697191e+04  -3.9185816e+04
   9.4800000e+01  -5.1927895e+04  -1.9546943e+04
   9.4900000e+01  -5.7366977e+04  -1.2635532e+04
   9.5000000e+01  -6.3217047e+04  -2.3622779e+04
   9.5100000e+01  -6.6186859e+04  -4.4835441e+04
   9.5200000e+01  -6.0475879e+04  -5.9961297e+04
   9.5300000e+01  -4.1367883e+04  -5.7617473e+04
   9.5400000e+01  -1.3174625e+04  -4.3362254e+04
   9.5500000e+01   8.6094141e+03  -3.7742094e+04
   9.5600000e+01   7.9787383e+03  -5.8534938e+04
   9.5700000e+01  -1.5745055e+04  -1.0136373e+05
   9.5800000e+01  -4.3860086e+04  -1.3846984e+05
   9.5900000e+01  -5.3214641e+04  -1.4062394e+05
   9.6000000e+01  -3.7124953e+04  -1.0333692e+05
   9.6100000e+01  -1.1463047e+04  -5.1497215e+04
   9.6200000e+01   3.6310547e+02  -1.7164859e+04
   9.6300000e+01  -1.1595008e+04  -1.2727014e+04
   9.6400000e+01  -3.7107344e+04  -2.5243469e+04
   9.6500000e+01  -5.7963426e+04  -3.3905473e+04
   9.6600000e+01  -6.5203488e+04  -2.9351375e+04
   9.6700000e+01  -6.4845738e+04  -1.6421754e+04
   9.6800000e+01  -6.9031203e+04  -3.3643115e+03
   9.6900000e+01  -8.3518508e+04   6.8178086e+03
   9.7000000e+01  -1.0364652e+05   1.5077613e+04
   9.7100000e+01  -1.2046762e+05   2.1245016e+04
   9.7200000e+01  -1.2881095e+05   2.3599051e+04
   9.7300000e+01  -1.2921653e+05   2.2932430e+04
   9.7400000e+01  -1.2410161e+05   2.4555199e+04
   9.7500000e+01  -1.1482361e+05   3.4204715e+04
   9.7600000e+01  -1.0335181e+05   5.0703441e+04
   9.7700000e+01  -9.4421266e+04   6.2560504e+04
   9.7800000e+01  -9.2155305e+04   5.4247227e+04
   9.7900000e+01  -9.2827328e+04   2.0278516e+04
   9.8000000e+01  -8.3211086e+04  -2.4308531e+04
   9.8100000e+01  -5.0311863e+04  -4.9927445e+04
   9.8200000e+01   4.8489512e+03  -3.4470625e+04
   9.8300000e+01   6.4103090e+04   1.6975477e+04
   9.8400000e+01   1.0541430e+05   7.4853094e+04
   9.8500000e+01   1.2115008e+05   1.0946428e+05
   9.8600000e+01   1.2347244e+05   1.1355552e+05
   9.8700000e+01   1.3132127e+05   1.0202675e+05
   9.8800000e+01   1.5203045e+05   9.2838078e+04
   9.8900000e+01   1.7567295e+05   9.1732055e+04
   9.9000000e+01   1.8653602e+05   9.4429109e+04
   9.9100000e+01   1.7852881e+05   9.7230000e+04
   9.9200000e+01   1.5861366e+05   9.9854141e+04
   9.9300000e+01   1.3679112e+05   9.9474352e+04
   9.9400000e+01   1.1603397e+05   8.9144688e+04
   9.9500000e+01   9.3795445e+04   6.6749812e+04
   9.9600000e+01   7.0888211e+04   4.2373555e+04
   9.9700000e+01   5.3797809e+04   2.9910605e+04
   9.9800000e+01   4.6472594e+04   2.9968904e+04
   9.9900000e+01   4.4732762e+04   2.8555996e+04
   1.0000000e+02   4.3236539e+04   1.7594980e+04
