   1.1851270e+02   3.6301420e+01   1.8450000e+02
   1.1912723e+02   3.6750817e+01   2.9300000e+01
   0.0000000e+00   5.5020044e+05   5.5020044e+05
   1.0000000e-01   5.5354375e+05   5.1048519e+05
   2.0000000e-01   5.1001584e+05   4.5771562e+05
   3.0000000e-01   4.3386759e+05   4.0875716e+05
   4.0000000e-01   3.5544625e+05   3.6530903e+05
   5.0000000e-01   2.9829525e+05   3.2073666e+05
   6.0000000e-01   2.6270225e+05   2.7238044e+05
   7.0000000e-01   2.2986847e+05   2.2677317e+05
   8.0000000e-01   1.8063242e+05   1.9455511e+05
   9.0000000e-01   1.1041136e+05   1.8146272e+05
   1.0000000e+00   2.9042840e+04   1.8327308e+05
   1.1000000e+00  -4.9908500e+04   1.8768639e+05
   1.2000000e+00  -1.1862409e+05   1.8093631e+05
   1.3000000e+00  -1.7717597e+05   1.5470650e+05
   1.4000000e+00  -2.3035242e+05   1.0937212e+05
   1.5000000e+00  -2.8292294e+05   5.1833789e+04
   1.6000000e+00  -3.3505716e+05  -1.0376537e+04
   1.7000000e+00  -3.7989691e+05  -7.4397188e+04
   1.8000000e+00  -4.0651781e+05  -1.4299300e+05
   1.9000000e+00  -4.0798722e+05  -2.2099317e+05
   2.0000000e+00  -3.8753781e+05  -3.1033175e+05
   2.1000000e+00  -3.5546634e+05  -4.0707194e+05
   2.2000000e+00  -3.1881875e+05  -5.0178081e+05
   2.3000000e+00  -2.7503259e+05  -5.8282862e+05
   2.4000000e+00  -2.1720848e+05  -6.4130200e+05
   2.5000000e+00  -1.4532203e+05  -6.7520475e+05
   2.6000000e+00  -7.0419094e+04  -6.8992588e+05
   2.7000000e+00  -6.9129771e+03  -6.9365044e+05
   2.8000000e+00   3.8222043e+04  -6.9056388e+05
   2.9000000e+00   6.7793672e+04  -6.7744944e+05
   3.0000000e+00   8.7392398e+04  -6.4683075e+05
   3.1000000e+00   9.8568875e+04  -5.9382994e+05
   3.2000000e+00   9.9776828e+04  -5.2052784e+05
   3.3000000e+00   9.2377109e+04  -4.3442491e+05
   3.4000000e+00   8.3517375e+04  -3.4345772e+05
   3.5000000e+00   8.2471414e+04  -2.5255878e+05
   3.6000000e+00   9.4585430e+04  -1.6375603e+05
   3.7000000e+00   1.1828891e+05  -7.7422578e+04
   3.8000000e+00   1.4617473e+05   8.2082090e+03
   3.9000000e+00   1.6800689e+05   9.8481727e+04
   4.0000000e+00   1.7453606e+05   2.0105938e+05
   4.1000000e+00   1.6203273e+05   3.2037044e+05
   4.2000000e+00   1.3527245e+05   4.5140556e+05
   4.3000000e+00   1.0502841e+05   5.7878356e+05
   4.4000000e+00   7.9944336e+04   6.8313750e+05
   4.5000000e+00   5.9259363e+04   7.5035256e+05
   4.6000000e+00   3.3668289e+04   7.7672975e+05
   4.7000000e+00  -6.1074604e+03   7.6705081e+05
   4.8000000e+00  -6.1354031e+04   7.2865075e+05
   4.9000000e+00  -1.2499021e+05   6.6709956e+05
   5.0000000e+00  -1.8715330e+05   5.8645231e+05
   5.1000000e+00  -2.3995767e+05   4.9242931e+05
   5.2000000e+00  -2.7823469e+05   3.9440978e+05
   5.3000000e+00  -2.9900675e+05   3.0349003e+05
   5.4000000e+00  -3.0254231e+05   2.2761598e+05
   5.5000000e+00  -2.9331472e+05   1.6775130e+05
   5.6000000e+00  -2.7768044e+05   1.1842340e+05
   5.7000000e+00  -2.5901630e+05   7.2234562e+04
   5.8000000e+00  -2.3463880e+05   2.4748418e+04
   5.9000000e+00  -1.9714122e+05  -2.3314352e+04
   6.0000000e+00  -1.3850309e+05  -6.6719398e+04
   6.1000000e+00  -5.4029934e+04  -9.7868633e+04
   6.2000000e+00   5.4796980e+04  -1.1001184e+05
   6.3000000e+00   1.7847217e+05  -1.0134528e+05
   6.4000000e+00   3.0007866e+05  -7.7878320e+04
   6.5000000e+00   4.0021709e+05  -5.1873762e+04
   6.6000000e+00   4.6461222e+05  -3.5682578e+04
   6.7000000e+00   4.8896347e+05  -3.5467215e+04
   6.8000000e+00   4.7716016e+05  -4.9910957e+04
   6.9000000e+00   4.3532250e+05  -7.4278258e+04
   7.0000000e+00   3.6800391e+05  -1.0526617e+05
   7.1000000e+00   2.7933994e+05  -1.4212097e+05
   7.2000000e+00   1.7535734e+05  -1.8381725e+05
   7.3000000e+00   6.2630469e+04  -2.2596553e+05
   7.4000000e+00  -5.5550336e+04  -2.6122517e+05
   7.5000000e+00  -1.7956612e+05  -2.8375784e+05
   7.6000000e+00  -3.0796194e+05  -2.9439450e+05
   7.7000000e+00  -4.3128791e+05  -3.0189347e+05
   7.8000000e+00  -5.3232994e+05  -3.1857216e+05
   7.9000000e+00  -5.9312706e+05  -3.5349744e+05
   8.0000000e+00  -6.0261238e+05  -4.0836131e+05
   8.1000000e+00  -5.5989906e+05  -4.7796241e+05
   8.2000000e+00  -4.7376547e+05  -5.5281906e+05
   8.3000000e+00  -3.6032841e+05  -6.2117538e+05
   8.4000000e+00  -2.3791511e+05  -6.7093219e+05
   8.5000000e+00  -1.1847841e+05  -6.9317150e+05
   8.6000000e+00  -1.0179749e+03  -6.8568262e+05
   8.7000000e+00   1.2467157e+05  -6.5232050e+05
   8.8000000e+00   2.6395206e+05  -5.9734269e+05
   8.9000000e+00   4.0542066e+05  -5.2010834e+05
   9.0000000e+00   5.2422750e+05  -4.1651419e+05
   9.1000000e+00   5.9905469e+05  -2.8659491e+05
   9.2000000e+00   6.2667125e+05  -1.4015239e+05
   9.3000000e+00   6.2048375e+05   6.8077720e+03
   9.4000000e+00   5.9628981e+05   1.4262225e+05
   9.5000000e+00   5.6046631e+05   2.6717138e+05
   9.6000000e+00   5.1056456e+05   3.8793531e+05
   9.7000000e+00   4.4369675e+05   5.0863088e+05
   9.8000000e+00   3.6137294e+05   6.2272388e+05
   9.9000000e+00   2.6650575e+05   7.1963675e+05
   1.0000000e+01   1.5879316e+05   7.9743188e+05
   1.0100000e+01   3.6050723e+04   8.6723694e+05
   1.0200000e+01  -9.9097312e+04   9.4241919e+05
   1.0300000e+01  -2.3493088e+05   1.0224571e+06
   1.0400000e+01  -3.5443412e+05   1.0888280e+06
   1.0500000e+01  -4.4440747e+05   1.1186152e+06
   1.0600000e+01  -5.0187978e+05   1.1029272e+06
   1.0700000e+01  -5.3297331e+05   1.0521868e+06
   1.0800000e+01  -5.4657775e+05   9.8429138e+05
   1.0900000e+01  -5.4853606e+05   9.0874469e+05
   1.1000000e+01  -5.3938744e+05   8.2181488e+05
   1.1100000e+01  -5.1487441e+05   7.1445688e+05
   1.1200000e+01  -4.6802703e+05   5.8239775e+05
   1.1300000e+01  -3.9306400e+05   4.2882872e+05
   1.1400000e+01  -2.9034819e+05   2.6035770e+05
   1.1500000e+01  -1.6869620e+05   8.3281148e+04
   1.1600000e+01  -4.1709070e+04  -9.5911281e+04
   1.1700000e+01   7.9598188e+04  -2.6852069e+05
   1.1800000e+01   1.9074628e+05  -4.2458694e+05
   1.1900000e+01   2.9011972e+05  -5.5711412e+05
   1.2000000e+01   3.7215612e+05  -6.6555375e+05
   1.2100000e+01   4.2627419e+05  -7.5491000e+05
   1.2200000e+01   4.4437859e+05  -8.3107575e+05
   1.2300000e+01   4.2954269e+05  -8.9645156e+05
   1.2400000e+01   3.9599975e+05  -9.4925538e+05
   1.2500000e+01   3.5936366e+05  -9.8615450e+05
   1.2600000e+01   3.2639688e+05  -1.0048475e+06
   1.2700000e+01   2.9393269e+05  -1.0039548e+06
   1.2800000e+01   2.5665861e+05  -9.8106856e+05
   1.2900000e+01   2.1475950e+05  -9.3217962e+05
   1.3000000e+01   1.7405381e+05  -8.5430762e+05
   1.3100000e+01   1.4000703e+05  -7.4951575e+05
   1.3200000e+01   1.1250454e+05  -6.2668169e+05
   1.3300000e+01   8.5759625e+04  -4.9923256e+05
   1.3400000e+01   5.2137625e+04  -3.8034350e+05
   1.3500000e+01   6.3644580e+03  -2.7841288e+05
   1.3600000e+01  -5.2164176e+04  -1.9463844e+05
   1.3700000e+01  -1.1976741e+05  -1.2347296e+05
   1.3800000e+01  -1.9137841e+05  -5.6490922e+04
   1.3900000e+01  -2.6398362e+05   1.1114062e+04
   1.4000000e+01  -3.3732809e+05   7.5245914e+04
   1.4100000e+01  -4.1087766e+05   1.2400259e+05
   1.4200000e+01  -4.8058378e+05   1.4617905e+05
   1.4300000e+01  -5.3985112e+05   1.4110064e+05
   1.4400000e+01  -5.8401475e+05   1.2132774e+05
   1.4500000e+01  -6.1283981e+05   1.0575865e+05
   1.4600000e+01  -6.2796650e+05   1.0914723e+05
   1.4700000e+01  -6.2900081e+05   1.3617278e+05
   1.4800000e+01  -6.1374038e+05   1.8270391e+05
   1.4900000e+01  -5.8205675e+05   2.4088553e+05
   1.5000000e+01  -5.3743144e+05   3.0388828e+05
   1.5100000e+01  -4.8293262e+05   3.6861675e+05
   1.5200000e+01  -4.1596384e+05   4.3569675e+05
   1.5300000e+01  -3.2831547e+05   5.0594272e+05
   1.5400000e+01  -2.1208131e+05   5.7485469e+05
   1.5500000e+01  -6.5672633e+04   6.3053581e+05
   1.5600000e+01   1.0506550e+05   6.5954225e+05
   1.5700000e+01   2.8989794e+05   6.5745625e+05
   1.5800000e+01   4.7747103e+05   6.3419612e+05
   1.5900000e+01   6.5677719e+05   6.0745756e+05
   1.6000000e+01   8.1762456e+05   5.8929981e+05
   1.6100000e+01   9.5108600e+05   5.7808862e+05
   1.6200000e+01   1.0497549e+06   5.6243694e+05
   1.6300000e+01   1.1078485e+06   5.3176212e+05
   1.6400000e+01   1.1221980e+06   4.8296541e+05
   1.6500000e+01   1.0943130e+06   4.1889019e+05
   1.6600000e+01   1.0314116e+06   3.4297988e+05
   1.6700000e+01   9.4392394e+05   2.5624706e+05
   1.6800000e+01   8.4018412e+05   1.5786495e+05
   1.6900000e+01   7.2251238e+05   4.6973270e+04
   1.7000000e+01   5.8836119e+05  -7.5745711e+04
   1.7100000e+01   4.3561641e+05  -2.0632323e+05
   1.7200000e+01   2.6737309e+05  -3.3623997e+05
   1.7300000e+01   9.2391547e+04  -4.5405397e+05
   1.7400000e+01  -7.8401422e+04  -5.5057450e+05
   1.7500000e+01  -2.3611033e+05  -6.2383119e+05
   1.7600000e+01  -3.7599125e+05  -6.7872106e+05
   1.7700000e+01  -4.9672416e+05  -7.2074919e+05
   1.7800000e+01  -5.9752150e+05  -7.4936206e+05
   1.7900000e+01  -6.7491981e+05  -7.5727300e+05
   1.8000000e+01  -7.2222550e+05  -7.3657094e+05
   1.8100000e+01  -7.3351794e+05  -6.8586338e+05
   1.8200000e+01  -7.0977131e+05  -6.1163094e+05
   1.8300000e+01  -6.6103188e+05  -5.2233675e+05
   1.8400000e+01  -6.0143650e+05  -4.2072284e+05
   1.8500000e+01  -5.4147294e+05  -3.0200466e+05
   1.8600000e+01  -4.8523050e+05  -1.6099202e+05
   1.8700000e+01  -4.3442278e+05  -2.9758936e+03
   1.8800000e+01  -3.9280062e+05   1.5150281e+05
   1.8900000e+01  -3.6480400e+05   2.7409559e+05
   1.9000000e+01  -3.5050331e+05   3.4418369e+05
   1.9100000e+01  -3.4396922e+05   3.6056600e+05
   1.9200000e+01  -3.3766909e+05   3.3986019e+05
   1.9300000e+01  -3.2802606e+05   3.0362984e+05
   1.9400000e+01  -3.1660438e+05   2.6588319e+05
   1.9500000e+01  -3.0697047e+05   2.3074852e+05
   1.9600000e+01  -3.0082031e+05   1.9895412e+05
   1.9700000e+01  -2.9538856e+05   1.7348647e+05
   1.9800000e+01  -2.8250041e+05   1.5822339e+05
   1.9900000e+01  -2.5099366e+05   1.5333841e+05
   2.0000000e+01  -1.9395753e+05   1.5509592e+05
   2.0100000e+01  -1.1659653e+05   1.6082683e+05
   2.0200000e+01  -3.5802105e+04   1.7201575e+05
   2.0300000e+01   3.2008768e+04   1.9054075e+05
   2.0400000e+01   8.5253586e+04   2.1253833e+05
   2.0500000e+01   1.3882544e+05   2.2820219e+05
   2.0600000e+01   2.0941325e+05   2.2857483e+05
   2.0700000e+01   2.9830050e+05   2.1170828e+05
   2.0800000e+01   3.8908512e+05   1.8190992e+05
   2.0900000e+01   4.6245525e+05   1.4470939e+05
   2.1000000e+01   5.1248156e+05   1.0430704e+05
   2.1100000e+01   5.4824169e+05   6.4901840e+04
   2.1200000e+01   5.8087694e+05   3.1318291e+04
   2.1300000e+01   6.1082575e+05   6.4508936e+03
   2.1400000e+01   6.2785606e+05  -1.0809133e+04
   2.1500000e+01   6.2196256e+05  -2.3268938e+04
   2.1600000e+01   5.9284512e+05  -3.1224346e+04
   2.1700000e+01   5.4913325e+05  -3.2306611e+04
   2.1800000e+01   4.9975072e+05  -2.6453303e+04
   2.1900000e+01   4.4643931e+05  -2.0272346e+04
   2.2000000e+01   3.8353869e+05  -2.5436266e+04
   2.2100000e+01   3.0388847e+05  -5.2450520e+04
   2.2200000e+01   2.0560328e+05  -1.0542415e+05
   2.2300000e+01   9.5380820e+04  -1.8102767e+05
   2.2400000e+01  -1.3080604e+04  -2.7041472e+05
   2.2500000e+01  -1.0473853e+05  -3.6219134e+05
   2.2600000e+01  -1.7041700e+05  -4.4626284e+05
   2.2700000e+01  -2.1140181e+05  -5.1791028e+05
   2.2800000e+01  -2.3745705e+05  -5.7892369e+05
   2.2900000e+01  -2.5842380e+05  -6.3304169e+05
   2.3000000e+01  -2.7546947e+05  -6.7815838e+05
   2.3100000e+01  -2.7958366e+05  -7.0239181e+05
   2.3200000e+01  -2.5895427e+05  -6.8895881e+05
   2.3300000e+01  -2.0846720e+05  -6.2698856e+05
   2.3400000e+01  -1.3275872e+05  -5.1973853e+05
   2.3500000e+01  -4.1308273e+04  -3.8382162e+05
   2.3600000e+01   5.7865406e+04  -2.4053108e+05
   2.3700000e+01   1.5925603e+05  -1.0579241e+05
   2.3800000e+01   2.5623745e+05   1.5407377e+04
   2.3900000e+01   3.3867022e+05   1.2850704e+05
   2.4000000e+01   3.9526181e+05   2.4426747e+05
   2.4100000e+01   4.1811731e+05   3.7139684e+05
   2.4200000e+01   4.0487338e+05   5.0993962e+05
   2.4300000e+01   3.5723509e+05   6.4950325e+05
   2.4400000e+01   2.7840175e+05   7.7474875e+05
   2.4500000e+01   1.7166064e+05   8.7480938e+05
   2.4600000e+01   4.0068266e+04   9.4842262e+05
   2.4700000e+01  -1.1363389e+05   9.9955275e+05
   2.4800000e+01  -2.8645484e+05   1.0281512e+06
   2.4900000e+01  -4.7299612e+05   1.0267094e+06
   2.5000000e+01  -6.6250631e+05   9.8713081e+05
   2.5100000e+01  -8.3811019e+05   9.1018369e+05
   2.5200000e+01  -9.8068569e+05   8.0615062e+05
   2.5300000e+01  -1.0761900e+06   6.8566612e+05
   2.5400000e+01  -1.1213641e+06   5.5192888e+05
   2.5500000e+01  -1.1228238e+06   4.0415991e+05
   2.5600000e+01  -1.0895780e+06   2.4816898e+05
   2.5700000e+01  -1.0249786e+06   1.0006856e+05
   2.5800000e+01  -9.2517431e+05  -2.3944037e+04
   2.5900000e+01  -7.8560906e+05  -1.2252205e+05
   2.6000000e+01  -6.0987650e+05  -2.1257484e+05
   2.6100000e+01  -4.1316750e+05  -3.1561744e+05
   2.6200000e+01  -2.1731188e+05  -4.3878881e+05
   2.6300000e+01  -4.1217316e+04  -5.6790906e+05
   2.6400000e+01   1.0655397e+05  -6.7846744e+05
   2.6500000e+01   2.2863762e+05  -7.5394000e+05
   2.6600000e+01   3.3343909e+05  -7.9545869e+05
   2.6700000e+01   4.2753481e+05  -8.1638962e+05
   2.6800000e+01   5.1116684e+05  -8.2912338e+05
   2.6900000e+01   5.7987244e+05  -8.3624931e+05
   2.7000000e+01   6.3046294e+05  -8.3171569e+05
   2.7100000e+01   6.6554600e+05  -8.0796138e+05
   2.7200000e+01   6.9190756e+05  -7.6166738e+05
   2.7300000e+01   7.1438094e+05  -6.9485488e+05
   2.7400000e+01   7.3201106e+05  -6.1322662e+05
   2.7500000e+01   7.4104400e+05  -5.2451544e+05
   2.7600000e+01   7.4129269e+05  -4.3698731e+05
   2.7700000e+01   7.3797900e+05  -3.5695009e+05
   2.7800000e+01   7.3612925e+05  -2.8598122e+05
   2.7900000e+01   7.3366538e+05  -2.2054950e+05
   2.8000000e+01   7.2154906e+05  -1.5529181e+05
   2.8100000e+01   6.9149575e+05  -8.7563797e+04
   2.8200000e+01   6.4289500e+05  -1.9392238e+04
   2.8300000e+01   5.8138206e+05   4.4485535e+04
   2.8400000e+01   5.1124100e+05   1.0016263e+05
   2.8500000e+01   4.3092581e+05   1.4660316e+05
   2.8600000e+01   3.3703881e+05   1.8542156e+05
   2.8700000e+01   2.3199980e+05   2.1985419e+05
   2.8800000e+01   1.2640646e+05   2.5431005e+05
   2.8900000e+01   3.3241898e+04   2.9440712e+05
   2.9000000e+01  -4.0234797e+04   3.4634553e+05
   2.9100000e+01  -9.5641172e+04   4.1459159e+05
   2.9200000e+01  -1.4029469e+05   4.9813606e+05
   2.9300000e+01  -1.8160831e+05   5.8763119e+05
   2.9400000e+01  -2.2281727e+05   6.6681856e+05
   2.9500000e+01  -2.6136033e+05   7.1945006e+05
   2.9600000e+01  -2.9065594e+05   7.3788075e+05
   2.9700000e+01  -3.0578625e+05   7.2660412e+05
   2.9800000e+01  -3.1042134e+05   6.9759512e+05
   2.9900000e+01  -3.1864506e+05   6.6165050e+05
   3.0000000e+01  -3.4752394e+05   6.2307650e+05
   3.0100000e+01  -4.0472788e+05   5.8056525e+05
   3.0200000e+01  -4.8165759e+05   5.3073144e+05
   3.0300000e+01  -5.5854800e+05   4.7015141e+05
   3.0400000e+01  -6.1721862e+05   3.9622662e+05
   3.0500000e+01  -6.5076169e+05   3.0934488e+05
   3.0600000e+01  -6.6354288e+05   2.1543602e+05
   3.0700000e+01  -6.6407294e+05   1.2485722e+05
   3.0800000e+01  -6.5809725e+05   4.6591312e+04
   3.0900000e+01  -6.4649375e+05  -1.7169211e+04
   3.1000000e+01  -6.2705056e+05  -7.0415125e+04
   3.1100000e+01  -5.9664744e+05  -1.1772795e+05
   3.1200000e+01  -5.5201100e+05  -1.6041308e+05
   3.1300000e+01  -4.9007769e+05  -1.9838630e+05
   3.1400000e+01  -4.0983034e+05  -2.3424489e+05
   3.1500000e+01  -3.1531069e+05  -2.7323212e+05
   3.1600000e+01  -2.1664355e+05  -3.1833512e+05
   3.1700000e+01  -1.2603888e+05  -3.6640125e+05
   3.1800000e+01  -5.0173957e+04  -4.1057244e+05
   3.1900000e+01   1.4747166e+04  -4.4717591e+05
   3.2000000e+01   7.9531414e+04  -4.7982847e+05
   3.2100000e+01   1.5153089e+05  -5.1595981e+05
   3.2200000e+01   2.2591092e+05  -5.5861194e+05
   3.2300000e+01   2.8709747e+05  -6.0131675e+05
   3.2400000e+01   3.2019159e+05  -6.3117025e+05
   3.2500000e+01   3.2291978e+05  -6.3762438e+05
   3.2600000e+01   3.0773969e+05  -6.1939144e+05
   3.2700000e+01   2.9231947e+05  -5.8400469e+05
   3.2800000e+01   2.8704744e+05  -5.4141069e+05
   3.2900000e+01   2.9065881e+05  -4.9747644e+05
   3.3000000e+01   2.9690816e+05  -4.5173450e+05
   3.3100000e+01   3.0432622e+05  -3.9920453e+05
   3.3200000e+01   3.1861534e+05  -3.3398688e+05
   3.3300000e+01   3.4587328e+05  -2.5318833e+05
   3.3400000e+01   3.8504175e+05  -1.6018323e+05
   3.3500000e+01   4.2816397e+05  -6.5057148e+04
   3.3600000e+01   4.6731662e+05   1.9525096e+04
   3.3700000e+01   4.9957844e+05   8.5056844e+04
   3.3800000e+01   5.2512475e+05   1.3132580e+05
   3.3900000e+01   5.4294006e+05   1.6468339e+05
   3.4000000e+01   5.5093375e+05   1.9264894e+05
   3.4100000e+01   5.4965481e+05   2.1971134e+05
   3.4200000e+01   5.4235319e+05   2.4654936e+05
   3.4300000e+01   5.2864231e+05   2.7125334e+05
   3.4400000e+01   4.9905497e+05   2.9087166e+05
   3.4500000e+01   4.3940897e+05   3.0322919e+05
   3.4600000e+01   3.4324462e+05   3.0872984e+05
   3.4700000e+01   2.2006325e+05   3.1037706e+05
   3.4800000e+01   9.0173812e+04   3.1121856e+05
   3.4900000e+01  -2.9058637e+04   3.1171044e+05
   3.5000000e+01  -1.3199809e+05   3.1034309e+05
   3.5100000e+01  -2.2136369e+05   3.0710862e+05
   3.5200000e+01  -2.9899831e+05   3.0553256e+05
   3.5300000e+01  -3.6200766e+05   3.1036294e+05
   3.5400000e+01  -4.0735106e+05   3.2315009e+05
   3.5500000e+01  -4.3762272e+05   3.4042322e+05
   3.5600000e+01  -4.6026738e+05   3.5620612e+05
   3.5700000e+01  -4.8095881e+05   3.6627159e+05
   3.5800000e+01  -4.9844894e+05   3.7066500e+05
   3.5900000e+01  -5.0592175e+05   3.7334022e+05
   3.6000000e+01  -4.9687678e+05   3.7973831e+05
   3.6100000e+01  -4.7001675e+05   3.9342359e+05
   3.6200000e+01  -4.2991769e+05   4.1299394e+05
   3.6300000e+01  -3.8417959e+05   4.3113247e+05
   3.6400000e+01  -3.3944222e+05   4.3720141e+05
   3.6500000e+01  -2.9840781e+05   4.2226309e+05
   3.6600000e+01  -2.5944353e+05   3.8309588e+05
   3.6700000e+01  -2.1917427e+05   3.2260747e+05
   3.6800000e+01  -1.7623078e+05   2.4740552e+05
   3.6900000e+01  -1.3296662e+05   1.6529356e+05
   3.7000000e+01  -9.3767469e+04   8.3970188e+04
   3.7100000e+01  -6.2153715e+04   9.7300195e+03
   3.7200000e+01  -3.9902082e+04  -5.4740258e+04
   3.7300000e+01  -2.8362684e+04  -1.1171053e+05
   3.7400000e+01  -2.8993633e+04  -1.6638959e+05
   3.7500000e+01  -4.1320895e+04  -2.2237334e+05
   3.7600000e+01  -6.0694117e+04  -2.7908031e+05
   3.7700000e+01  -7.9580820e+04  -3.3431900e+05
   3.7800000e+01  -9.2272391e+04  -3.8919562e+05
   3.7900000e+01  -9.8353664e+04  -4.4910419e+05
   3.8000000e+01  -1.0103573e+05  -5.1856897e+05
   3.8100000e+01  -1.0193781e+05  -5.9517025e+05
   3.8200000e+01  -9.7692625e+04  -6.6964006e+05
   3.8300000e+01  -8.1627180e+04  -7.3264188e+05
   3.8400000e+01  -4.8641113e+04  -7.8125356e+05
   3.8500000e+01   1.0054170e+03  -8.1861088e+05
   3.8600000e+01   6.1438242e+04  -8.4787006e+05
   3.8700000e+01   1.2398198e+05  -8.6728981e+05
   3.8800000e+01   1.8131384e+05  -8.7079788e+05
   3.8900000e+01   2.3108425e+05  -8.5193300e+05
   3.9000000e+01   2.7693947e+05  -8.0670175e+05
   3.9100000e+01   3.2556819e+05  -7.3413469e+05
   3.9200000e+01   3.8104569e+05  -6.3649162e+05
   3.9300000e+01   4.4054672e+05  -5.1988838e+05
   3.9400000e+01   4.9510325e+05  -3.9345009e+05
   3.9500000e+01   5.3498044e+05  -2.6582853e+05
   3.9600000e+01   5.5520338e+05  -1.4139925e+05
   3.9700000e+01   5.5681106e+05  -1.9588258e+04
   3.9800000e+01   5.4344256e+05   1.0239648e+05
   3.9900000e+01   5.1689872e+05   2.2654070e+05
   4.0000000e+01   4.7571288e+05   3.5306075e+05
   4.0100000e+01   4.1746428e+05   4.8041019e+05
   4.0200000e+01   3.4194231e+05   6.0415362e+05
   4.0300000e+01   2.5186441e+05   7.1554662e+05
   4.0400000e+01   1.5099934e+05   8.0321331e+05
   4.0500000e+01   4.2710730e+04   8.5904319e+05
   4.0600000e+01  -6.8677281e+04   8.8407019e+05
   4.0700000e+01  -1.7530598e+05   8.8812388e+05
   4.0800000e+01  -2.6625512e+05   8.8207719e+05
   4.0900000e+01  -3.3274497e+05   8.6922750e+05
   4.1000000e+01  -3.7409416e+05   8.4424250e+05
   4.1100000e+01  -3.9817588e+05   8.0086194e+05
   4.1200000e+01  -4.1466819e+05   7.4009469e+05
   4.1300000e+01  -4.2665228e+05   6.6970888e+05
   4.1400000e+01  -4.2837556e+05   5.9551725e+05
   4.1500000e+01  -4.1150806e+05   5.1464347e+05
   4.1600000e+01  -3.7431831e+05   4.1886619e+05
   4.1700000e+01  -3.2556466e+05   3.0428850e+05
   4.1800000e+01  -2.7972141e+05   1.7648516e+05
   4.1900000e+01  -2.4761778e+05   4.6700094e+04
   4.2000000e+01  -2.3004356e+05  -7.4259656e+04
   4.2100000e+01  -2.1891547e+05  -1.7692747e+05
   4.2200000e+01  -2.0421517e+05  -2.5115239e+05
   4.2300000e+01  -1.8059598e+05  -2.8896369e+05
   4.2400000e+01  -1.4883427e+05  -2.9258988e+05
   4.2500000e+01  -1.1276492e+05  -2.7773616e+05
   4.2600000e+01  -7.6361484e+04  -2.6497991e+05
   4.2700000e+01  -4.3849953e+04  -2.6583881e+05
   4.2800000e+01  -2.0456066e+04  -2.7698047e+05
   4.2900000e+01  -9.7189922e+03  -2.8697581e+05
   4.3000000e+01  -8.3637246e+03  -2.8682597e+05
   4.3100000e+01  -5.3487949e+03  -2.7436631e+05
   4.3200000e+01   1.0646498e+04  -2.5250152e+05
   4.3300000e+01   4.0600312e+04  -2.2727367e+05
   4.3400000e+01   7.2483781e+04  -2.0739003e+05
   4.3500000e+01   9.1280789e+04  -2.0141483e+05
   4.3600000e+01   9.3409250e+04  -2.1186939e+05
   4.3700000e+01   9.1757195e+04  -2.3216041e+05
   4.3800000e+01   1.0606322e+05  -2.5134912e+05
   4.3900000e+01   1.4714030e+05  -2.6303531e+05
   4.4000000e+01   2.0842031e+05  -2.6944053e+05
   4.4100000e+01   2.7044331e+05  -2.7698962e+05
   4.4200000e+01   3.1243766e+05  -2.8856784e+05
   4.4300000e+01   3.2136062e+05  -2.9976019e+05
   4.4400000e+01   2.9424109e+05  -3.0117022e+05
   4.4500000e+01   2.3639788e+05  -2.8397644e+05
   4.4600000e+01   1.5904028e+05  -2.4546131e+05
   4.4700000e+01   7.6346797e+04  -1.9224077e+05
   4.4800000e+01   8.4553516e+02  -1.3872238e+05
   4.4900000e+01  -6.1091867e+04  -9.9656781e+04
   4.5000000e+01  -1.0956339e+05  -8.0766094e+04
   4.5100000e+01  -1.4639133e+05  -7.5431328e+04
   4.5200000e+01  -1.7017705e+05  -7.1446961e+04
   4.5300000e+01  -1.7668391e+05  -6.1905352e+04
   4.5400000e+01  -1.6387102e+05  -4.9426738e+04
   4.5500000e+01  -1.3517416e+05  -3.9975719e+04
   4.5600000e+01  -9.6727859e+04  -3.3970484e+04
   4.5700000e+01  -5.1670797e+04  -2.4795375e+04
   4.5800000e+01   1.7759551e+03  -5.4204551e+03
   4.5900000e+01   6.6290180e+04   2.5511482e+04
   4.6000000e+01   1.4006102e+05   6.4704535e+04
   4.6100000e+01   2.1560627e+05   1.0908046e+05
   4.6200000e+01   2.8327044e+05   1.5709788e+05
   4.6300000e+01   3.3527734e+05   2.0559841e+05
   4.6400000e+01   3.6692381e+05   2.4844495e+05
   4.6500000e+01   3.7549197e+05   2.8051038e+05
   4.6600000e+01   3.5963938e+05   3.0190653e+05
   4.6700000e+01   3.2041522e+05   3.1574466e+05
   4.6800000e+01   2.6219209e+05   3.2153509e+05
   4.6900000e+01   1.9123559e+05   3.1358634e+05
   4.7000000e+01   1.1215884e+05   2.8838734e+05
   4.7100000e+01   2.5506676e+04   2.5280009e+05
   4.7200000e+01  -7.0407219e+04   2.2187103e+05
   4.7300000e+01  -1.7424348e+05   2.0626841e+05
   4.7400000e+01  -2.7793100e+05   2.0175931e+05
   4.7500000e+01  -3.6898047e+05   1.9179303e+05
   4.7600000e+01  -4.3769575e+05   1.6079986e+05
   4.7700000e+01  -4.8293025e+05   1.0569560e+05
   4.7800000e+01  -5.1093606e+05   3.6586863e+04
   4.7900000e+01  -5.2832556e+05  -3.1070836e+04
   4.8000000e+01  -5.3556994e+05  -8.4450172e+04
   4.8100000e+01  -5.2638481e+05  -1.1654450e+05
   4.8200000e+01  -4.9252672e+05  -1.2601783e+05
   4.8300000e+01  -4.2929353e+05  -1.1672077e+05
   4.8400000e+01  -3.3809300e+05  -9.6918906e+04
   4.8500000e+01  -2.2623050e+05  -7.6472273e+04
   4.8600000e+01  -1.0574348e+05  -6.2302047e+04
   4.8700000e+01   8.5279590e+03  -5.5364883e+04
   4.8800000e+01   1.0293255e+05  -5.1833766e+04
   4.8900000e+01   1.7054772e+05  -4.7421234e+04
   4.9000000e+01   2.1439594e+05  -4.0863719e+04
   4.9100000e+01   2.4444723e+05  -3.3637477e+04
   4.9200000e+01   2.6946994e+05  -2.6865939e+04
   4.9300000e+01   2.9017397e+05  -1.9156096e+04
   4.9400000e+01   2.9974503e+05  -8.0596689e+03
   4.9500000e+01   2.9130594e+05   5.9906948e+03
   4.9600000e+01   2.6530428e+05   1.7384500e+04
   4.9700000e+01   2.2989455e+05   1.7865504e+04
   4.9800000e+01   1.9409264e+05   2.7482153e+03
   4.9900000e+01   1.6039503e+05  -2.4234461e+04
   5.0000000e+01   1.2410005e+05  -5.2088676e+04
   5.0100000e+01   8.0163820e+04  -6.9512344e+04
   5.0200000e+01   3.1066777e+04  -7.2404727e+04
   5.0300000e+01  -1.1998408e+04  -6.6162125e+04
   5.0400000e+01  -3.5844191e+04  -6.1375898e+04
   5.0500000e+01  -3.3402578e+04  -6.6646664e+04
   5.0600000e+01  -5.8523174e+03  -8.3629484e+04
   5.0700000e+01   4.1665406e+04  -1.0679188e+05
   5.0800000e+01   1.0429945e+05  -1.2684966e+05
   5.0900000e+01   1.7652175e+05  -1.3524000e+05
   5.1000000e+01   2.4843569e+05  -1.2744666e+05
   5.1100000e+01   3.0618662e+05  -1.0417507e+05
   5.1200000e+01   3.3849162e+05  -7.0317188e+04
   5.1300000e+01   3.4311919e+05  -3.2265650e+04
   5.1400000e+01   3.2597897e+05   5.3714990e+03
   5.1500000e+01   2.9334053e+05   4.2127129e+04
   5.1600000e+01   2.4543258e+05   8.1425758e+04
   5.1700000e+01   1.7813689e+05   1.2705025e+05
   5.1800000e+01   9.0516891e+04   1.7808169e+05
   5.1900000e+01  -1.0140389e+04   2.2622105e+05
   5.2000000e+01  -1.1093280e+05   2.5843656e+05
   5.2100000e+01  -2.0073231e+05   2.6350847e+05
   5.2200000e+01  -2.7547281e+05   2.3729030e+05
   5.2300000e+01  -3.3758762e+05   1.8280509e+05
   5.2400000e+01  -3.9145881e+05   1.0661562e+05
   5.2500000e+01  -4.3911150e+05   1.6165926e+04
   5.2600000e+01  -4.7869384e+05  -7.9811062e+04
   5.2700000e+01  -5.0553644e+05  -1.7057419e+05
   5.2800000e+01  -5.1422128e+05  -2.4568600e+05
   5.2900000e+01  -5.0038938e+05  -2.9923409e+05
   5.3000000e+01  -4.6209119e+05  -3.3139184e+05
   5.3100000e+01  -4.0124881e+05  -3.4518006e+05
   5.3200000e+01  -3.2505566e+05  -3.4174938e+05
   5.3300000e+01  -2.4524183e+05  -3.1922591e+05
   5.3400000e+01  -1.7294364e+05  -2.7612188e+05
   5.3500000e+01  -1.1097406e+05  -2.1543486e+05
   5.3600000e+01  -5.0539918e+04  -1.4517112e+05
   5.3700000e+01   2.1655611e+04  -7.4792680e+04
   5.3800000e+01   1.0984052e+05  -1.0568031e+04
   5.3900000e+01   2.0221403e+05   4.6820109e+04
   5.4000000e+01   2.7953291e+05   1.0091593e+05
   5.4100000e+01   3.3197431e+05   1.5517025e+05
   5.4200000e+01   3.6649472e+05   2.0844283e+05
   5.4300000e+01   3.9628259e+05   2.5395702e+05
   5.4400000e+01   4.2415688e+05   2.8335834e+05
   5.4500000e+01   4.3897691e+05   2.9300050e+05
   5.4600000e+01   4.2882769e+05   2.8660697e+05
   5.4700000e+01   3.9501303e+05   2.7120544e+05
   5.4800000e+01   3.5056516e+05   2.5001033e+05
   5.4900000e+01   3.0577428e+05   2.1961236e+05
   5.5000000e+01   2.5777666e+05   1.7484164e+05
   5.5100000e+01   1.9499900e+05   1.1682568e+05
   5.5200000e+01   1.0997236e+05   5.6263988e+04
   5.5300000e+01   6.7982065e+03   8.1742593e+03
   5.5400000e+01  -1.0183439e+05  -1.8185432e+04
   5.5500000e+01  -2.0207147e+05  -2.6496830e+04
   5.5600000e+01  -2.8363981e+05  -3.1806492e+04
   5.5700000e+01  -3.4100372e+05  -5.0141828e+04
   5.5800000e+01  -3.7344297e+05  -8.5664453e+04
   5.5900000e+01  -3.8450547e+05  -1.2494087e+05
   5.6000000e+01  -3.7953300e+05  -1.4441262e+05
   5.6100000e+01  -3.6207188e+05  -1.2726512e+05
   5.6200000e+01  -3.3235809e+05  -7.6874680e+04
   5.6300000e+01  -2.8930566e+05  -1.5189839e+04
   5.6400000e+01  -2.3333053e+05   3.3238914e+04
   5.6500000e+01  -1.6636897e+05   5.8173750e+04
   5.6600000e+01  -8.9333648e+04   6.7603531e+04
   5.6700000e+01  -1.2708862e+03   7.6969836e+04
   5.6800000e+01   9.6819984e+04   9.4826039e+04
   5.6900000e+01   1.9659502e+05   1.1731512e+05
   5.7000000e+01   2.8238659e+05   1.3390302e+05
   5.7100000e+01   3.3963266e+05   1.3670066e+05
   5.7200000e+01   3.6565125e+05   1.2474045e+05
   5.7300000e+01   3.7227581e+05   1.0149245e+05
   5.7400000e+01   3.7623562e+05   7.0290336e+04
   5.7500000e+01   3.8495088e+05   3.2418557e+04
   5.7600000e+01   3.9051303e+05  -1.1703807e+04
   5.7700000e+01   3.7731512e+05  -6.0882133e+04
   5.7800000e+01   3.3622572e+05  -1.1290647e+05
   5.7900000e+01   2.7275106e+05  -1.6514347e+05
   5.8000000e+01   2.0291711e+05  -2.1454581e+05
   5.8100000e+01   1.4164353e+05  -2.5689400e+05
   5.8200000e+01   9.3741242e+04  -2.8650006e+05
   5.8300000e+01   5.3606938e+04  -2.9763478e+05
   5.8400000e+01   1.1470557e+04  -2.8757719e+05
   5.8500000e+01  -4.0256090e+04  -2.5944806e+05
   5.8600000e+01  -1.0440080e+05  -2.2220125e+05
   5.8700000e+01  -1.7892584e+05  -1.8650942e+05
   5.8800000e+01  -2.5663505e+05  -1.5857027e+05
   5.8900000e+01  -3.2549009e+05  -1.3646612e+05
   5.9000000e+01  -3.7293394e+05  -1.1248475e+05
   5.9100000e+01  -3.9415844e+05  -7.9948711e+04
   5.9200000e+01  -3.9765300e+05  -3.9011777e+04
   5.9300000e+01  -4.0054556e+05   3.1592886e+03
   5.9400000e+01  -4.1503716e+05   3.7344074e+04
   5.9500000e+01  -4.3761984e+05   5.7959117e+04
   5.9600000e+01  -4.5234603e+05   6.5607742e+04
   5.9700000e+01  -4.4619453e+05   6.5776984e+04
   5.9800000e+01  -4.2155412e+05   6.5118086e+04
   5.9900000e+01  -3.9278009e+05   6.7197242e+04
   6.0000000e+01  -3.6999419e+05   7.0007281e+04
   6.0100000e+01  -3.4687616e+05   6.7732750e+04
   6.0200000e+01  -3.0512666e+05   5.6883312e+04
   6.0300000e+01  -2.3080406e+05   4.2186359e+04
   6.0400000e+01  -1.2603514e+05   3.5710449e+04
   6.0500000e+01  -5.9971802e+03   4.7959367e+04
   6.0600000e+01   1.1303663e+05   7.8334812e+04
   6.0700000e+01   2.2176927e+05   1.1459097e+05
   6.0800000e+01   3.1708538e+05   1.4254520e+05
   6.0900000e+01   3.9803141e+05   1.5672180e+05
   6.1000000e+01   4.6459447e+05   1.6193811e+05
   6.1100000e+01   5.1791572e+05   1.6605711e+05
   6.1200000e+01   5.5785962e+05   1.7304142e+05
   6.1300000e+01   5.7962775e+05   1.8273502e+05
   6.1400000e+01   5.7559231e+05   1.9419419e+05
   6.1500000e+01   5.4328769e+05   2.0613050e+05
   6.1600000e+01   4.9148644e+05   2.1472761e+05
   6.1700000e+01   4.3615644e+05   2.1486645e+05
   6.1800000e+01   3.8862025e+05   2.0609330e+05
   6.1900000e+01   3.4728959e+05   1.9573048e+05
   6.2000000e+01   3.0107272e+05   1.9234388e+05
   6.2100000e+01   2.4079769e+05   1.9474553e+05
   6.2200000e+01   1.6781170e+05   1.8965939e+05
   6.2300000e+01   9.2986828e+04   1.6297792e+05
   6.2400000e+01   2.8676965e+04   1.1356291e+05
   6.2500000e+01  -1.9051305e+04   5.4519445e+04
   6.2600000e+01  -5.2951508e+04   6.6628076e+02
   6.2700000e+01  -8.1566789e+04  -4.3752246e+04
   6.2800000e+01  -1.1291077e+05  -8.4541094e+04
   6.2900000e+01  -1.4821728e+05  -1.2737227e+05
   6.3000000e+01  -1.8008506e+05  -1.7137722e+05
   6.3100000e+01  -1.9810678e+05  -2.1296256e+05
   6.3200000e+01  -1.9926036e+05  -2.5232755e+05
   6.3300000e+01  -1.9392977e+05  -2.9239253e+05
   6.3400000e+01  -1.9985170e+05  -3.3102744e+05
   6.3500000e+01  -2.2734017e+05  -3.5730609e+05
   6.3600000e+01  -2.6924153e+05  -3.5817041e+05
   6.3700000e+01  -3.0594078e+05  -3.2921550e+05
   6.3800000e+01  -3.2112081e+05  -2.7840191e+05
   6.3900000e+01  -3.1348041e+05  -2.1979931e+05
   6.4000000e+01  -2.9468888e+05  -1.6490116e+05
   6.4100000e+01  -2.7801269e+05  -1.1936601e+05
   6.4200000e+01  -2.6929394e+05  -8.5015648e+04
   6.4300000e+01  -2.6621509e+05  -6.1912934e+04
   6.4400000e+01  -2.6248238e+05  -4.8434750e+04
   6.4500000e+01  -2.5159338e+05  -4.1816070e+04
   6.4600000e+01  -2.2925781e+05  -4.0500262e+04
   6.4700000e+01  -1.9581823e+05  -4.5401082e+04
   6.4800000e+01  -1.5744981e+05  -5.7403996e+04
   6.4900000e+01  -1.2330520e+05  -7.3672250e+04
   6.5000000e+01  -9.9314641e+04  -8.7999648e+04
   6.5100000e+01  -8.3835023e+04  -9.5894836e+04
   6.5200000e+01  -6.9334297e+04  -9.8654188e+04
   6.5300000e+01  -4.8473672e+04  -1.0093476e+05
   6.5400000e+01  -1.9058484e+04  -1.0365036e+05
   6.5500000e+01   1.5739275e+04  -9.9901758e+04
   6.5600000e+01   5.0777695e+04  -7.9146484e+04
   6.5700000e+01   8.2365438e+04  -3.6443582e+04
   6.5800000e+01   1.0914874e+05   2.1875666e+04
   6.5900000e+01   1.3053145e+05   8.1868703e+04
   6.6000000e+01   1.4493916e+05   1.3230384e+05
   6.6100000e+01   1.5065289e+05   1.7283814e+05
   6.6200000e+01   1.4938872e+05   2.1288428e+05
   6.6300000e+01   1.4872747e+05   2.6193430e+05
   6.6400000e+01   1.5874045e+05   3.1935138e+05
   6.6500000e+01   1.8367809e+05   3.7198400e+05
   6.6600000e+01   2.1647034e+05   4.0147769e+05
   6.6700000e+01   2.4303039e+05   3.9576012e+05
   6.6800000e+01   2.5361317e+05   3.5662262e+05
   6.6900000e+01   2.5026144e+05   2.9858066e+05
   6.7000000e+01   2.4305277e+05   2.4006302e+05
   6.7100000e+01   2.3995056e+05   1.9276148e+05
   6.7200000e+01   2.4143931e+05   1.5626162e+05
   6.7300000e+01   2.4447902e+05   1.2176040e+05
   6.7400000e+01   2.4918872e+05   8.2044352e+04
   6.7500000e+01   2.5938956e+05   3.9577578e+04
   6.7600000e+01   2.7648784e+05   5.6737275e+03
   6.7700000e+01   2.9443975e+05  -8.6913867e+03
   6.7800000e+01   3.0237253e+05  -2.3645039e+03
   6.7900000e+01   2.9302403e+05   1.4597418e+04
   6.8000000e+01   2.6894794e+05   2.8773754e+04
   6.8100000e+01   2.4037281e+05   3.3405102e+04
   6.8200000e+01   2.1637889e+05   3.1707145e+04
   6.8300000e+01   1.9736850e+05   3.0703879e+04
   6.8400000e+01   1.7579181e+05   3.1605195e+04
   6.8500000e+01   1.4424395e+05   2.6311180e+04
   6.8600000e+01   1.0262273e+05   4.0708066e+03
   6.8700000e+01   5.6928930e+04  -3.7782398e+04
   6.8800000e+01   1.1287316e+04  -8.9763641e+04
   6.8900000e+01  -3.7660086e+04  -1.3730161e+05
   6.9000000e+01  -9.7408109e+04  -1.7215291e+05
   6.9100000e+01  -1.7076858e+05  -1.9722800e+05
   6.9200000e+01  -2.5117898e+05  -2.2128997e+05
   6.9300000e+01  -3.2715025e+05  -2.5032252e+05
   6.9400000e+01  -3.9108772e+05  -2.8417772e+05
   6.9500000e+01  -4.4358056e+05  -3.1965784e+05
   6.9600000e+01  -4.8953788e+05  -3.5424150e+05
   6.9700000e+01  -5.3089519e+05  -3.8575544e+05
   6.9800000e+01  -5.6345444e+05  -4.0935391e+05
   6.9900000e+01  -5.8071131e+05  -4.1628441e+05
   7.0000000e+01  -5.8054831e+05  -3.9666412e+05
   7.0100000e+01  -5.6812856e+05  -3.4485519e+05
   7.0200000e+01  -5.5218788e+05  -2.6445100e+05
   7.0300000e+01  -5.3815569e+05  -1.6977609e+05
   7.0400000e+01  -5.2403475e+05  -8.1404258e+04
   7.0500000e+01  -5.0178072e+05  -1.6130085e+04
   7.0600000e+01  -4.6198816e+05   2.2870725e+04
   7.0700000e+01  -3.9827003e+05   4.7346750e+04
   7.0800000e+01  -3.1004619e+05   7.3787969e+04
   7.0900000e+01  -2.0412492e+05   1.0934980e+05
   7.1000000e+01  -9.4053859e+04   1.4650794e+05
   7.1100000e+01   4.8812051e+03   1.7163983e+05
   7.1200000e+01   8.3892352e+04   1.7914475e+05
   7.1300000e+01   1.4597852e+05   1.7714512e+05
   7.1400000e+01   2.0241372e+05   1.7965148e+05
   7.1500000e+01   2.6234409e+05   1.9399895e+05
   7.1600000e+01   3.2486288e+05   2.1627381e+05
   7.1700000e+01   3.8103453e+05   2.3760612e+05
   7.1800000e+01   4.2326619e+05   2.5256169e+05
   7.1900000e+01   4.5209044e+05   2.6069558e+05
   7.2000000e+01   4.7381450e+05   2.6236488e+05
   7.2100000e+01   4.9242666e+05   2.5658956e+05
   7.2200000e+01   5.0463150e+05   2.4402819e+05
   7.2300000e+01   5.0268403e+05   2.2953456e+05
   7.2400000e+01   4.8134838e+05   2.1872673e+05
   7.2500000e+01   4.4184812e+05   2.1168144e+05
   7.2600000e+01   3.8984825e+05   2.0197945e+05
   7.2700000e+01   3.3096369e+05   1.8326392e+05
   7.2800000e+01   2.6897034e+05   1.5595047e+05
   7.2900000e+01   2.0748036e+05   1.2633910e+05
   7.3000000e+01   1.5099075e+05   9.9604141e+04
   7.3100000e+01   1.0225928e+05   7.5112570e+04
   7.3200000e+01   5.9020180e+04   4.8948367e+04
   7.3300000e+01   1.6011827e+04   1.9776523e+04
   7.3400000e+01  -2.7349992e+04  -8.9049102e+03
   7.3500000e+01  -6.1893895e+04  -3.2052936e+04
   7.3600000e+01  -7.4378938e+04  -4.7858797e+04
   7.3700000e+01  -6.0837652e+04  -5.9426891e+04
   7.3800000e+01  -3.4027020e+04  -7.2533250e+04
   7.3900000e+01  -1.5248828e+04  -9.1811062e+04
   7.4000000e+01  -1.6617363e+04  -1.1807097e+05
   7.4100000e+01  -3.0722994e+04  -1.4821603e+05
   7.4200000e+01  -3.8067027e+04  -1.7765797e+05
   7.4300000e+01  -2.5173182e+04  -2.0352755e+05
   7.4400000e+01   3.7441489e+03  -2.2606045e+05
   7.4500000e+01   3.1425188e+04  -2.4670489e+05
   7.4600000e+01   4.2436773e+04  -2.6451047e+05
   7.4700000e+01   3.3998547e+04  -2.7451834e+05
   7.4800000e+01   1.4728340e+04  -2.7055228e+05
   7.4900000e+01  -4.6163887e+03  -2.5067944e+05
   7.5000000e+01  -1.8927555e+04  -2.2047300e+05
   7.5100000e+01  -3.0018621e+04  -1.9041841e+05
   7.5200000e+01  -4.3233992e+04  -1.6876370e+05
   7.5300000e+01  -6.3340984e+04  -1.5551142e+05
   7.5400000e+01  -9.1572453e+04  -1.4285428e+05
   7.5500000e+01  -1.2435780e+05  -1.2204245e+05
   7.5600000e+01  -1.5474756e+05  -9.0932469e+04
   7.5700000e+01  -1.7662227e+05  -5.5647152e+04
   7.5800000e+01  -1.8879214e+05  -2.4970684e+04
   7.5900000e+01  -1.9510041e+05  -2.6581387e+03
   7.6000000e+01  -2.0027275e+05   1.5460088e+04
   7.6100000e+01  -2.0569938e+05   3.7379617e+04
   7.6200000e+01  -2.0898873e+05   6.7941344e+04
   7.6300000e+01  -2.0655378e+05   1.0504580e+05
   7.6400000e+01  -1.9583847e+05   1.4162683e+05
   7.6500000e+01  -1.7597081e+05   1.7103053e+05
   7.6600000e+01  -1.4841686e+05   1.9134694e+05
   7.6700000e+01  -1.1803903e+05   2.0563369e+05
   7.6800000e+01  -9.2091141e+04   2.1808514e+05
   7.6900000e+01  -7.5698656e+04   2.2923616e+05
   7.7000000e+01  -6.7163578e+04   2.3444956e+05
   7.7100000e+01  -5.8428762e+04   2.2753914e+05
   7.7200000e+01  -4.1447938e+04   2.0635912e+05
   7.7300000e+01  -1.4936602e+04   1.7453017e+05
   7.7400000e+01   1.4505466e+04   1.3735566e+05
   7.7500000e+01   3.7303492e+04   9.7061195e+04
   7.7600000e+01   4.7256148e+04   5.3793734e+04
   7.7700000e+01   4.5002961e+04   1.1194350e+04
   7.7800000e+01   3.7521094e+04  -2.2121611e+04
   7.7900000e+01   3.4478922e+04  -4.0020336e+04
   7.8000000e+01   4.2710328e+04  -4.7677797e+04
   7.8100000e+01   6.1271898e+04  -5.9194836e+04
   7.8200000e+01   8.0799570e+04  -8.2957094e+04
   7.8300000e+01   8.8954875e+04  -1.0978203e+05
   7.8400000e+01   7.8699695e+04  -1.1887116e+05
   7.8500000e+01   5.2990258e+04  -9.7659953e+04
   7.8600000e+01   2.2236199e+04  -5.5109199e+04
   7.8700000e+01  -2.9420962e+03  -1.4245996e+04
   7.8800000e+01  -1.7730668e+04   7.6400762e+03
   7.8900000e+01  -2.4095064e+04   1.0298277e+04
   7.9000000e+01  -2.7332480e+04   4.1498350e+03
   7.9100000e+01  -3.1310318e+04  -2.6401387e+03
   7.9200000e+01  -3.5323062e+04  -8.3270703e+03
   7.9300000e+01  -3.4356504e+04  -1.2211896e+04
   7.9400000e+01  -2.2944211e+04  -1.1394508e+04
   7.9500000e+01  -2.7825537e+02  -5.8030840e+03
   7.9600000e+01   2.7724090e+04  -3.5113604e+03
   7.9700000e+01   5.2127582e+04  -1.6021374e+04
   7.9800000e+01   6.8060359e+04  -4.6196734e+04
   7.9900000e+01   7.8827914e+04  -8.2424359e+04
   8.0000000e+01   9.2735305e+04  -1.0666610e+05
   8.0100000e+01   1.1501676e+05  -1.0847684e+05
   8.0200000e+01   1.4212362e+05  -9.0855539e+04
   8.0300000e+01   1.6368894e+05  -6.3675617e+04
   8.0400000e+01   1.7061081e+05  -3.3700953e+04
   8.0500000e+01   1.6226173e+05  -1.7035234e+03
   8.0600000e+01   1.4656034e+05   3.2767418e+04
   8.0700000e+01   1.3279816e+05   6.6771141e+04
   8.0800000e+01   1.2351561e+05   9.5102117e+04
   8.0900000e+01   1.1274894e+05   1.1458452e+05
   8.1000000e+01   9.2247148e+04   1.2551149e+05
   8.1100000e+01   5.9677008e+04   1.2880966e+05
   8.1200000e+01   2.0873580e+04   1.2329402e+05
   8.1300000e+01  -1.5691309e+04   1.0682678e+05
   8.1400000e+01  -4.6020211e+04   7.9594875e+04
   8.1500000e+01  -7.1828742e+04   4.4883812e+04
   8.1600000e+01  -9.5354820e+04   6.4405928e+03
   8.1700000e+01  -1.1434249e+05  -3.3535676e+04
   8.1800000e+01  -1.2314451e+05  -7.2719297e+04
   8.1900000e+01  -1.1846884e+05  -1.0598026e+05
   8.2000000e+01  -1.0288416e+05  -1.2662798e+05
   8.2100000e+01  -8.1965266e+04  -1.3150294e+05
   8.2200000e+01  -5.8492578e+04  -1.2412085e+05
   8.2300000e+01  -3.0592664e+04  -1.1171544e+05
   8.2400000e+01   3.9518560e+03  -9.9278828e+04
   8.2500000e+01   4.2371367e+04  -8.7134328e+04
   8.2600000e+01   7.7057961e+04  -7.3865703e+04
   8.2700000e+01   1.0129305e+05  -6.0017707e+04
   8.2800000e+01   1.1413889e+05  -4.8004344e+04
   8.2900000e+01   1.1937816e+05  -3.9206492e+04
   8.3000000e+01   1.2071096e+05  -3.2516121e+04
   8.3100000e+01   1.1931448e+05  -2.5859711e+04
   8.3200000e+01   1.1550432e+05  -1.8065723e+04
   8.3300000e+01   1.1012692e+05  -8.5310410e+03
   8.3400000e+01   1.0241266e+05   4.2609922e+03
   8.3500000e+01   8.7770805e+04   2.2547137e+04
   8.3600000e+01   6.0970090e+04   4.7004695e+04
   8.3700000e+01   2.3055031e+04   7.5135109e+04
   8.3800000e+01  -1.6590215e+04   1.0263858e+05
   8.3900000e+01  -4.7701086e+04   1.2646323e+05
   8.4000000e+01  -6.9366391e+04   1.4588297e+05
   8.4100000e+01  -9.1682070e+04   1.6011473e+05
   8.4200000e+01  -1.2630188e+05   1.6541922e+05
   8.4300000e+01  -1.7544344e+05   1.5593769e+05
   8.4400000e+01  -2.3007505e+05   1.2852430e+05
   8.4500000e+01  -2.7764566e+05   8.6823617e+04
   8.4600000e+01  -3.1044997e+05   3.9973035e+04
   8.4700000e+01  -3.2723391e+05  -3.0909106e+03
   8.4800000e+01  -3.2920169e+05  -3.8173938e+04
   8.4900000e+01  -3.1667497e+05  -6.5535430e+04
   8.5000000e+01  -2.8992609e+05  -8.6722195e+04
   8.5100000e+01  -2.5208150e+05  -1.0271009e+05
   8.5200000e+01  -2.0989277e+05  -1.1430176e+05
   8.5300000e+01  -1.7068658e+05  -1.2233505e+05
   8.5400000e+01  -1.3755236e+05  -1.2637502e+05
   8.5500000e+01  -1.0655996e+05  -1.2376011e+05
   8.5600000e+01  -6.8723375e+04  -1.1091586e+05
   8.5700000e+01  -1.6328262e+04  -8.5887453e+04
   8.5800000e+01   5.0211156e+04  -4.9849844e+04
   8.5900000e+01   1.2022427e+05  -7.3066094e+03
   8.6000000e+01   1.7802798e+05   3.4234027e+04
   8.6100000e+01   2.1249773e+05   6.6125828e+04
   8.6200000e+01   2.2376983e+05   8.3407531e+04
   8.6300000e+01   2.2177038e+05   8.9691609e+04
   8.6400000e+01   2.1826569e+05   9.5624953e+04
   8.6500000e+01   2.1960092e+05   1.0927941e+05
   8.6600000e+01   2.2562286e+05   1.2703562e+05
   8.6700000e+01   2.3351522e+05   1.3591038e+05
   8.6800000e+01   2.4111788e+05   1.2687439e+05
   8.6900000e+01   2.4682633e+05   1.0540724e+05
   8.7000000e+01   2.4809523e+05   8.7051062e+04
   8.7100000e+01   2.4147356e+05   8.1896586e+04
   8.7200000e+01   2.2409170e+05   8.4395828e+04
   8.7300000e+01   1.9492470e+05   7.9133273e+04
   8.7400000e+01   1.5572689e+05   5.6022688e+04
   8.7500000e+01   1.1213709e+05   1.9253156e+04
   8.7600000e+01   7.2973516e+04  -1.7793176e+04
   8.7700000e+01   4.5071953e+04  -4.4756555e+04
   8.7800000e+01   2.6345381e+04  -6.1222012e+04
   8.7900000e+01   5.2510796e+03  -7.3431695e+04
   8.8000000e+01  -2.9360270e+04  -8.6537555e+04
   8.8100000e+01  -7.6277250e+04  -1.0094828e+05
   8.8200000e+01  -1.2133267e+05  -1.1510992e+05
   8.8300000e+01  -1.5051003e+05  -1.2966948e+05
   8.8400000e+01  -1.6300184e+05  -1.4720917e+05
   8.8500000e+01  -1.6960950e+05  -1.6776636e+05
   8.8600000e+01  -1.7874964e+05  -1.8600608e+05
   8.8700000e+01  -1.8675438e+05  -1.9445320e+05
   8.8800000e+01  -1.8329216e+05  -1.9008516e+05
   8.8900000e+01  -1.6419648e+05  -1.7725308e+05
   8.9000000e+01  -1.3601217e+05  -1.6377102e+05
   8.9100000e+01  -1.0810744e+05  -1.5444805e+05
   8.9200000e+01  -8.3366312e+04  -1.4830575e+05
   8.9300000e+01  -5.8378984e+04  -1.4054505e+05
   8.9400000e+01  -3.0814750e+04  -1.2556281e+05
   8.9500000e+01  -3.4824922e+03  -9.8782312e+04
   8.9600000e+01   1.9224822e+04  -5.8770859e+04
   8.9700000e+01   3.6375418e+04  -1.0134143e+04
   8.9800000e+01   5.0113941e+04   3.6518910e+04
   8.9900000e+01   6.1136379e+04   7.0651070e+04
   9.0000000e+01   6.6590305e+04   9.0033266e+04
   9.0100000e+01   6.3179809e+04   1.0277371e+05
   9.0200000e+01   5.1648230e+04   1.2010318e+05
   9.0300000e+01   3.7628875e+04   1.4665622e+05
   9.0400000e+01   2.8002115e+04   1.7747884e+05
   9.0500000e+01   2.5726781e+04   2.0345709e+05
   9.0600000e+01   2.6837197e+04   2.1864253e+05
   9.0700000e+01   2.2180945e+04   2.2289873e+05
   9.0800000e+01   4.0902883e+03   2.1945816e+05
   9.0900000e+01  -2.5991082e+04   2.1137139e+05
   9.1000000e+01  -5.6012969e+04   2.0000612e+05
   9.1100000e+01  -7.1606148e+04   1.8579312e+05
   9.1200000e+01  -6.8183992e+04   1.6975883e+05
   9.1300000e+01  -5.4889809e+04   1.5418419e+05
   9.1400000e+01  -4.5014383e+04   1.4133155e+05
   9.1500000e+01  -4.1780223e+04   1.3080088e+05
   9.1600000e+01  -3.4526922e+04   1.1800677e+05
   9.1700000e+01  -1.0031595e+04   9.6200266e+04
   9.1800000e+01   3.2389029e+04   6.1559516e+04
   9.1900000e+01   7.7267281e+04   1.7670340e+04
   9.2000000e+01   1.0393105e+05  -2.4620557e+04
   9.2100000e+01   1.0102639e+05  -5.3076930e+04
   9.2200000e+01   7.2439289e+04  -6.2630508e+04
   9.2300000e+01   3.2584797e+04  -6.0627984e+04
   9.2400000e+01  -2.5157783e+03  -6.3363609e+04
   9.2500000e+01  -2.2340787e+04  -8.4203531e+04
   9.2600000e+01  -2.5295820e+04  -1.2172187e+05
   9.2700000e+01  -1.7915803e+04  -1.5893753e+05
   9.2800000e+01  -9.3031484e+03  -1.7639272e+05
   9.2900000e+01  -3.5460752e+03  -1.6833869e+05
   9.3000000e+01   3.1549600e+03  -1.4686530e+05
   9.3100000e+01   1.6674717e+04  -1.3000220e+05
   9.3200000e+01   3.5853309e+04  -1.2576500e+05
   9.3300000e+01   5.0694836e+04  -1.2749313e+05
   9.3400000e+01   5.1372422e+04  -1.2315865e+05
   9.3500000e+01   3.8897031e+04  -1.0725603e+05
   9.3600000e+01   2.5162002e+04  -8.3633508e+04
   9.3700000e+01   2.1131754e+04  -5.9363469e+04
   9.3800000e+01   2.5064312e+04  -3.8532633e+04
   9.3900000e+01   2.3043965e+04  -2.1724393e+04
   9.4000000e+01   1.5585151e+03  -8.5684375e+03
   9.4100000e+01  -3.9815000e+04   1.5062168e+03
   9.4200000e+01  -8.6891500e+04   1.0091121e+04
   9.4300000e+01  -1.2119154e+05   1.8537844e+04
   9.4400000e+01  -1.3318895e+05   2.4683285e+04
   9.4500000e+01  -1.2835690e+05   2.2687492e+04
   9.4600000e+01  -1.2186246e+05   8.8896270e+03
   9.4700000e+01  -1.2590491e+05  -1.1495205e+04
   9.4800000e+01  -1.3932086e+05  -2.5347084e+04
   9.4900000e+01  -1.4833466e+05  -2.1581094e+04
   9.5000000e+01  -1.3886467e+05  -1.1263379e+03
   9.5100000e+01  -1.0997541e+05   2.3139752e+04
   9.5200000e+01  -7.5480438e+04   3.6868184e+04
   9.5300000e+01  -5.1267805e+04   3.5469594e+04
   9.5400000e+01  -4.0387223e+04   2.6413172e+04
   9.5500000e+01  -3.0659334e+04   2.1823789e+04
   9.5600000e+01  -6.6831016e+03   2.8861004e+04
   9.5700000e+01   3.6392195e+04   4.5753832e+04
   9.5800000e+01   9.0176016e+04   6.5128953e+04
   9.5900000e+01   1.4128847e+05   7.9985898e+04
   9.6000000e+01   1.8014983e+05   8.6689633e+04
   9.6100000e+01   2.0291538e+05   8.3738406e+04
   9.6200000e+01   2.0893538e+05   6.9947352e+04
   9.6300000e+01   1.9966830e+05   4.5715141e+04
   9.6400000e+01   1.7986388e+05   1.6114329e+04
   9.6500000e+01   1.5709000e+05  -9.2745430e+03
   9.6600000e+01   1.3787006e+05  -2.2034111e+04
   9.6700000e+01   1.2373746e+05  -2.1390752e+04
   9.6800000e+01   1.1100066e+05  -1.4430723e+04
   9.6900000e+01   9.3872391e+04  -9.2286797e+03
   9.7000000e+01   6.7900031e+04  -8.1331030e+03
   9.7100000e+01   3.2091803e+04  -8.3282910e+03
   9.7200000e+01  -9.8846436e+03  -8.1267188e+03
   9.7300000e+01  -4.9831211e+04  -1.0697324e+04
   9.7400000e+01  -7.8030070e+04  -2.0417570e+04
   9.7500000e+01  -8.8606812e+04  -3.6334715e+04
   9.7600000e+01  -8.3230094e+04  -5.0818305e+04
   9.7700000e+01  -6.9530594e+04  -5.5274230e+04
   9.7800000e+01  -5.5579707e+04  -4.6778090e+04
   9.7900000e+01  -4.5508156e+04  -2.9143393e+04
   9.8000000e+01  -3.9311973e+04  -8.6746006e+03
   9.8100000e+01  -3.5067305e+04   1.0013682e+04
   9.8200000e+01  -3.0389988e+04   2.4523363e+04
   9.8300000e+01  -2.2919234e+04   3.3049102e+04
   9.8400000e+01  -1.1710611e+04   3.3925992e+04
   9.8500000e+01   6.2957227e+02   2.6960250e+04
   9.8600000e+01   8.1370059e+03   1.4339629e+04
   9.8700000e+01   5.7975684e+03  -3.5119141e+02
   9.8800000e+01  -5.0705830e+03  -1.3705459e+04
   9.8900000e+01  -1.5912328e+04  -2.2636568e+04
   9.9000000e+01  -1.6554590e+04  -2.3595572e+04
   9.9100000e+01  -3.0945347e+03  -1.3625621e+04
   9.9200000e+01   1.8760902e+04   5.9080088e+03
   9.9300000e+01   3.7819270e+04   2.6760467e+04
   9.9400000e+01   4.5327266e+04   3.7385816e+04
   9.9500000e+01   4.0068973e+04   3.1685012e+04
   9.9600000e+01   2.7229145e+04   1.4717614e+04
   9.9700000e+01   1.3431949e+04  -1.5538679e+03
   9.9800000e+01   2.8392273e+03  -8.7571279e+03
   9.9900000e+01  -3.6051880e+03  -7.3800879e+03
   1.0000000e+02  -7.3272900e+03  -2.2538523e+03
