   1.1851270e+02   3.6301420e+01   1.8450000e+02
   1.1925366e+02   3.6301492e+01   6.9700000e+01
   0.0000000e+00  -6.6628925e+05  -6.6628925e+05
   1.0000000e-01  -6.7533975e+05  -6.1167438e+05
   2.0000000e-01  -6.1500350e+05  -5.4485788e+05
   3.0000000e-01  -4.9136306e+05  -4.8229050e+05
   4.0000000e-01  -3.3909994e+05  -4.1143219e+05
   5.0000000e-01  -1.9901794e+05  -3.0261231e+05
   6.0000000e-01  -9.0792000e+04  -1.3546519e+05
   7.0000000e-01  -2.0830781e+03   8.0877000e+04
   8.0000000e-01   9.6098781e+04   3.0906044e+05
   9.0000000e-01   2.1903359e+05   5.0438612e+05
   1.0000000e+00   3.4870134e+05   6.3952300e+05
   1.1000000e+00   4.4366850e+05   7.1646731e+05
   1.2000000e+00   4.7145381e+05   7.5935275e+05
   1.3000000e+00   4.3500588e+05   7.9417638e+05
   1.4000000e+00   3.6976200e+05   8.2892500e+05
   1.5000000e+00   3.1522628e+05   8.4685919e+05
   1.6000000e+00   2.8759081e+05   8.1734200e+05
   1.7000000e+00   2.7566253e+05   7.1702512e+05
   1.8000000e+00   2.5846412e+05   5.4718538e+05
   1.9000000e+00   2.2547172e+05   3.3578172e+05
   2.0000000e+00   1.8394394e+05   1.2311798e+05
   2.1000000e+00   1.5229220e+05  -5.9588555e+04
   2.2000000e+00   1.4714725e+05  -2.0480391e+05
   2.3000000e+00   1.7151772e+05  -3.2596262e+05
   2.4000000e+00   2.0975988e+05  -4.3830506e+05
   2.5000000e+00   2.3414445e+05  -5.3827331e+05
   2.6000000e+00   2.2202773e+05  -6.0111544e+05
   2.7000000e+00   1.7225577e+05  -6.0193256e+05
   2.8000000e+00   1.0592432e+05  -5.4133619e+05
   2.9000000e+00   4.8305945e+04  -4.4890881e+05
   3.0000000e+00   6.5546016e+03  -3.5900522e+05
   3.1000000e+00  -3.6987188e+04  -2.8348072e+05
   3.2000000e+00  -1.0993674e+05  -2.1006056e+05
   3.3000000e+00  -2.2677656e+05  -1.2681852e+05
   3.4000000e+00  -3.7677056e+05  -4.4563289e+04
   3.5000000e+00  -5.3086625e+05   7.6669141e+03
   3.6000000e+00  -6.5959994e+05   8.7622539e+03
   3.7000000e+00  -7.4751525e+05  -3.4060227e+04
   3.8000000e+00  -7.9534675e+05  -9.0420984e+04
   3.9000000e+00  -8.1168662e+05  -1.3183553e+05
   4.0000000e+00  -8.0257262e+05  -1.5416216e+05
   4.1000000e+00  -7.6717006e+05  -1.7912064e+05
   4.2000000e+00  -7.0194988e+05  -2.3416923e+05
   4.3000000e+00  -6.0850800e+05  -3.2638538e+05
   4.4000000e+00  -4.9678612e+05  -4.3055669e+05
   4.5000000e+00  -3.7964169e+05  -5.0146722e+05
   4.6000000e+00  -2.6360353e+05  -5.0187762e+05
   4.7000000e+00  -1.4513534e+05  -4.2503309e+05
   4.8000000e+00  -1.6137656e+04  -2.9513544e+05
   4.9000000e+00   1.2737086e+05  -1.4755912e+05
   5.0000000e+00   2.8183059e+05  -6.2208281e+03
   5.1000000e+00   4.3893069e+05   1.2486613e+05
   5.2000000e+00   5.8848894e+05   2.5259709e+05
   5.3000000e+00   7.1781925e+05   3.7869509e+05
   5.4000000e+00   8.1141912e+05   4.9026281e+05
   5.5000000e+00   8.5565500e+05   5.6419119e+05
   5.6000000e+00   8.4587362e+05   5.8243962e+05
   5.7000000e+00   7.8862319e+05   5.4705556e+05
   5.8000000e+00   6.9643331e+05   4.8232444e+05
   5.9000000e+00   5.8051994e+05   4.1965141e+05
   6.0000000e+00   4.4774262e+05   3.7535975e+05
   6.1000000e+00   3.0241909e+05   3.4039038e+05
   6.2000000e+00   1.4950744e+05   2.9263125e+05
   6.3000000e+00  -3.0480586e+03   2.2155288e+05
   6.4000000e+00  -1.4286786e+05   1.4133156e+05
   6.5000000e+00  -2.5339566e+05   7.8589867e+04
   6.6000000e+00  -3.1764406e+05   4.6095016e+04
   6.7000000e+00  -3.2497353e+05   2.8371965e+04
   6.8000000e+00  -2.7706572e+05  -6.3582383e+03
   6.9000000e+00  -1.8897580e+05  -7.8999430e+04
   7.0000000e+00  -8.4188633e+04  -1.8165786e+05
   7.1000000e+00   1.4145035e+04  -2.8315891e+05
   7.2000000e+00   9.1862172e+04  -3.5097547e+05
   7.3000000e+00   1.4786294e+05  -3.7100759e+05
   7.4000000e+00   1.9061520e+05  -3.5205653e+05
   7.5000000e+00   2.2860891e+05  -3.1528122e+05
   7.6000000e+00   2.6133041e+05  -2.7833425e+05
   7.7000000e+00   2.7778494e+05  -2.4478469e+05
   7.8000000e+00   2.6390769e+05  -2.0446575e+05
   7.9000000e+00   2.1313108e+05  -1.4353061e+05
   8.0000000e+00   1.3217528e+05  -5.7162680e+04
   8.1000000e+00   3.8141539e+04   4.4145145e+04
   8.2000000e+00  -5.0646758e+04   1.3988039e+05
   8.3000000e+00  -1.2366448e+05   2.1295416e+05
   8.4000000e+00  -1.8143122e+05   2.6078017e+05
   8.5000000e+00  -2.3186141e+05   2.9443650e+05
   8.6000000e+00  -2.8336709e+05   3.2588694e+05
   8.7000000e+00  -3.3963147e+05   3.5379450e+05
   8.8000000e+00  -3.9818056e+05   3.6059456e+05
   8.9000000e+00  -4.5162200e+05   3.2461053e+05
   9.0000000e+00  -4.9018572e+05   2.3817916e+05
   9.1000000e+00  -5.0581166e+05   1.1680912e+05
   9.2000000e+00  -4.9744288e+05  -9.2984375e+03
   9.3000000e+00  -4.7389450e+05  -1.1590592e+05
   9.4000000e+00  -4.4964600e+05  -2.0125667e+05
   9.5000000e+00  -4.3407209e+05  -2.8412531e+05
   9.6000000e+00  -4.2224019e+05  -3.8378247e+05
   9.7000000e+00  -3.9669928e+05  -4.9812100e+05
   9.8000000e+00  -3.4097391e+05  -5.9880619e+05
   9.9000000e+00  -2.5390508e+05  -6.4804475e+05
   1.0000000e+01  -1.5145119e+05  -6.2277825e+05
   1.0100000e+01  -5.3191594e+04  -5.2642562e+05
   1.0200000e+01   3.4636828e+04  -3.8081572e+05
   1.0300000e+01   1.2348269e+05  -2.0882150e+05
   1.0400000e+01   2.2918845e+05  -2.4017375e+04
   1.0500000e+01   3.5248959e+05   1.6655752e+05
   1.0600000e+01   4.7109625e+05   3.5422362e+05
   1.0700000e+01   5.5153969e+05   5.2578000e+05
   1.0800000e+01   5.7218469e+05   6.6790469e+05
   1.0900000e+01   5.3931800e+05   7.7202056e+05
   1.1000000e+01   4.8328662e+05   8.3372725e+05
   1.1100000e+01   4.3669003e+05   8.4873931e+05
   1.1200000e+01   4.1036341e+05   8.1155319e+05
   1.1300000e+01   3.8547841e+05   7.1906919e+05
   1.1400000e+01   3.2906647e+05   5.7515688e+05
   1.1500000e+01   2.2253955e+05   3.9157784e+05
   1.1600000e+01   8.1391930e+04   1.8526856e+05
   1.1700000e+01  -5.0563473e+04  -2.5094238e+04
   1.1800000e+01  -1.2948202e+05  -2.2202622e+05
   1.1900000e+01  -1.4068262e+05  -3.9232850e+05
   1.2000000e+01  -1.0575598e+05  -5.2921525e+05
   1.2100000e+01  -6.2637777e+04  -6.3030019e+05
   1.2200000e+01  -3.5811430e+04  -6.9137938e+05
   1.2300000e+01  -2.0789512e+04  -7.0210694e+05
   1.2400000e+01   6.3800801e+03  -6.5037025e+05
   1.2500000e+01   6.4743117e+04  -5.3409106e+05
   1.2600000e+01   1.4978988e+05  -3.7008922e+05
   1.2700000e+01   2.3422050e+05  -1.9020053e+05
   1.2800000e+01   2.8570169e+05  -2.5952457e+04
   1.2900000e+01   2.8724747e+05   1.0577010e+05
   1.3000000e+01   2.4566116e+05   2.0388320e+05
   1.3100000e+01   1.8332058e+05   2.7124238e+05
   1.3200000e+01   1.2083902e+05   3.0287881e+05
   1.3300000e+01   6.4252004e+04   2.8763475e+05
   1.3400000e+01   5.9335234e+03   2.2224791e+05
   1.3500000e+01  -6.3149648e+04   1.2224256e+05
   1.3600000e+01  -1.4139144e+05   1.5562531e+04
   1.3700000e+01  -2.1514831e+05  -7.7045547e+04
   1.3800000e+01  -2.6855381e+05  -1.5561373e+05
   1.3900000e+01  -2.9572538e+05  -2.3469966e+05
   1.4000000e+01  -3.0532556e+05  -3.2431834e+05
   1.4100000e+01  -3.1400981e+05  -4.1759288e+05
   1.4200000e+01  -3.3357222e+05  -4.9527969e+05
   1.4300000e+01  -3.6107334e+05  -5.3870275e+05
   1.4400000e+01  -3.7959953e+05  -5.3687444e+05
   1.4500000e+01  -3.7007359e+05  -4.8474588e+05
   1.4600000e+01  -3.2570512e+05  -3.8089812e+05
   1.4700000e+01  -2.5747667e+05  -2.3062133e+05
   1.4800000e+01  -1.8613722e+05  -4.9841031e+04
   1.4900000e+01  -1.2829044e+05   1.3800914e+05
   1.5000000e+01  -8.9102523e+04   3.1216312e+05
   1.5100000e+01  -6.6161977e+04   4.6293847e+05
   1.5200000e+01  -5.7004852e+04   5.9044019e+05
   1.5300000e+01  -6.0619855e+04   6.9493938e+05
   1.5400000e+01  -7.2667312e+04   7.6847956e+05
   1.5500000e+01  -8.2789953e+04   7.9651431e+05
   1.5600000e+01  -7.9634477e+04   7.6907044e+05
   1.5700000e+01  -5.9281461e+04   6.9105406e+05
   1.5800000e+01  -2.8270172e+04   5.8068350e+05
   1.5900000e+01   1.9823359e+03   4.5627334e+05
   1.6000000e+01   2.4206812e+04   3.2439256e+05
   1.6100000e+01   4.0270141e+04   1.8205977e+05
   1.6200000e+01   5.9076312e+04   3.0266156e+04
   1.6300000e+01   9.0120562e+04  -1.1732212e+05
   1.6400000e+01   1.3793097e+05  -2.4126900e+05
   1.6500000e+01   2.0076773e+05  -3.3097181e+05
   1.6600000e+01   2.7272091e+05  -3.9000441e+05
   1.6700000e+01   3.4579919e+05  -4.2716609e+05
   1.6800000e+01   4.1059275e+05  -4.4540456e+05
   1.6900000e+01   4.5790522e+05  -4.4127050e+05
   1.7000000e+01   4.8316338e+05  -4.1253394e+05
   1.7100000e+01   4.8981128e+05  -3.6263756e+05
   1.7200000e+01   4.8556303e+05  -2.9876525e+05
   1.7300000e+01   4.7256647e+05  -2.3101800e+05
   1.7400000e+01   4.4207047e+05  -1.7618305e+05
   1.7500000e+01   3.8214312e+05  -1.5733277e+05
   1.7600000e+01   2.9224106e+05  -1.9113041e+05
   1.7700000e+01   1.8777919e+05  -2.7154956e+05
   1.7800000e+01   8.6572797e+04  -3.6936481e+05
   1.7900000e+01  -1.0093766e+04  -4.5328347e+05
   1.8000000e+01  -1.1984977e+05  -5.1408625e+05
   1.8100000e+01  -2.5862541e+05  -5.6708462e+05
   1.8200000e+01  -4.1608875e+05  -6.2928981e+05
   1.8300000e+01  -5.5396338e+05  -6.9324925e+05
   1.8400000e+01  -6.3341075e+05  -7.2284794e+05
   1.8500000e+01  -6.4775562e+05  -6.7589625e+05
   1.8600000e+01  -6.2840156e+05  -5.3503438e+05
   1.8700000e+01  -6.1560244e+05  -3.2213038e+05
   1.8800000e+01  -6.2004738e+05  -8.4668422e+04
   1.8900000e+01  -6.1164862e+05   1.3593438e+05
   1.9000000e+01  -5.4681469e+05   3.3018981e+05
   1.9100000e+01  -4.0894206e+05   5.2077544e+05
   1.9200000e+01  -2.2514602e+05   7.3748975e+05
   1.9300000e+01  -4.5919844e+04   9.8756344e+05
   1.9400000e+01   9.1638539e+04   1.2447050e+06
   1.9500000e+01   1.8508794e+05   1.4633368e+06
   1.9600000e+01   2.5852225e+05   1.6042458e+06
   1.9700000e+01   3.3694512e+05   1.6520491e+06
   1.9800000e+01   4.2519278e+05   1.6152394e+06
   1.9900000e+01   5.0496956e+05   1.5137794e+06
   2.0000000e+01   5.4888262e+05   1.3659451e+06
   2.0100000e+01   5.4041119e+05   1.1835369e+06
   2.0200000e+01   4.8637509e+05   9.7689850e+05
   2.0300000e+01   4.1325669e+05   7.6327962e+05
   2.0400000e+01   3.4936772e+05   5.6862188e+05
   2.0500000e+01   3.0557522e+05   4.1750081e+05
   2.0600000e+01   2.6927691e+05   3.1660844e+05
   2.0700000e+01   2.1628848e+05   2.4496172e+05
   2.0800000e+01   1.3107139e+05   1.6094130e+05
   2.0900000e+01   1.9510422e+04   2.3862852e+04
   2.1000000e+01  -9.4826531e+04  -1.8342134e+05
   2.1100000e+01  -1.8673298e+05  -4.4524400e+05
   2.1200000e+01  -2.4472859e+05  -7.2227356e+05
   2.1300000e+01  -2.7472781e+05  -9.7267275e+05
   2.1400000e+01  -2.9094319e+05  -1.1725531e+06
   2.1500000e+01  -3.0247959e+05  -1.3243858e+06
   2.1600000e+01  -3.0634088e+05  -1.4493929e+06
   2.1700000e+01  -2.9190522e+05  -1.5697538e+06
   2.1800000e+01  -2.5297997e+05  -1.6932372e+06
   2.1900000e+01  -1.9723564e+05  -1.8108075e+06
   2.2000000e+01  -1.4369195e+05  -1.9066868e+06
   2.2100000e+01  -1.0810078e+05  -1.9694484e+06
   2.2200000e+01  -8.8144672e+04  -1.9933074e+06
   2.2300000e+01  -6.3891762e+04  -1.9708191e+06
   2.2400000e+01  -1.6568758e+04  -1.8883640e+06
   2.2500000e+01   5.0647703e+04  -1.7321985e+06
   2.2600000e+01   1.1153815e+05  -1.5000158e+06
   2.2700000e+01   1.3892712e+05  -1.2060928e+06
   2.2800000e+01   1.2873120e+05  -8.7454675e+05
   2.2900000e+01   1.0143316e+05  -5.2645250e+05
   2.3000000e+01   7.9940625e+04  -1.7058070e+05
   2.3100000e+01   6.7469836e+04   1.9709677e+05
   2.3200000e+01   4.7608574e+04   5.8621256e+05
   2.3300000e+01   4.1116250e+03   1.0013281e+06
   2.3400000e+01  -6.1228711e+04   1.4330180e+06
   2.3500000e+01  -1.2878709e+05   1.8556101e+06
   2.3600000e+01  -1.7553206e+05   2.2331270e+06
   2.3700000e+01  -1.8867392e+05   2.5295082e+06
   2.3800000e+01  -1.6945445e+05   2.7167325e+06
   2.3900000e+01  -1.2905903e+05   2.7776530e+06
   2.4000000e+01  -8.1949609e+04   2.7054522e+06
   2.4100000e+01  -3.8701590e+04   2.5027945e+06
   2.4200000e+01   4.2057031e+02   2.1814645e+06
   2.4300000e+01   4.6593652e+04   1.7620846e+06
   2.4400000e+01   1.1363305e+05   1.2746259e+06
   2.4500000e+01   2.0260534e+05   7.5998744e+05
   2.4600000e+01   2.9269772e+05   2.6915203e+05
   2.4700000e+01   3.5016650e+05  -1.4568303e+05
   2.4800000e+01   3.5248106e+05  -4.4823350e+05
   2.4900000e+01   3.0841147e+05  -6.3389006e+05
   2.5000000e+01   2.5405291e+05  -7.3092344e+05
   2.5100000e+01   2.2428373e+05  -7.8318738e+05
   2.5200000e+01   2.2298594e+05  -8.2542650e+05
   2.5300000e+01   2.1981264e+05  -8.6855869e+05
   2.5400000e+01   1.7874617e+05  -9.0318400e+05
   2.5500000e+01   9.3509406e+04  -9.1431500e+05
   2.5600000e+01  -3.2148359e+03  -8.9381938e+05
   2.5700000e+01  -6.6137297e+04  -8.4362669e+05
   2.5800000e+01  -7.5371820e+04  -7.7272450e+05
   2.5900000e+01  -5.1771473e+04  -6.9356456e+05
   2.6000000e+01  -3.7317117e+04  -6.1921312e+05
   2.6100000e+01  -6.0148273e+04  -5.5983569e+05
   2.6200000e+01  -1.1499181e+05  -5.1956181e+05
   2.6300000e+01  -1.7252862e+05  -4.9686688e+05
   2.6400000e+01  -2.0533477e+05  -4.8818881e+05
   2.6500000e+01  -2.0743373e+05  -4.8956856e+05
   2.6600000e+01  -1.9447350e+05  -4.9287428e+05
   2.6700000e+01  -1.8859436e+05  -4.8142231e+05
   2.6800000e+01  -2.0131494e+05  -4.3396434e+05
   2.6900000e+01  -2.2578383e+05  -3.3828334e+05
   2.7000000e+01  -2.4203733e+05  -2.0292920e+05
   2.7100000e+01  -2.3110691e+05  -5.3476656e+04
   2.7200000e+01  -1.8872655e+05   8.6419609e+04
   2.7300000e+01  -1.2920356e+05   2.1241609e+05
   2.7400000e+01  -7.6227305e+04   3.3819309e+05
   2.7500000e+01  -4.6977148e+04   4.7630644e+05
   2.7600000e+01  -4.1278930e+04   6.1978388e+05
   2.7700000e+01  -4.3548906e+04   7.4170144e+05
   2.7800000e+01  -3.5135258e+04   8.1138638e+05
   2.7900000e+01  -7.3943594e+03   8.1067056e+05
   2.8000000e+01   3.3104645e+04   7.3727631e+05
   2.8100000e+01   6.9195531e+04   5.9826162e+05
   2.8200000e+01   8.3659406e+04   4.0521316e+05
   2.8300000e+01   6.9779008e+04   1.7600964e+05
   2.8400000e+01   3.6462801e+04  -6.3377191e+04
   2.8500000e+01   4.3771855e+03  -2.8433600e+05
   2.8600000e+01  -6.1936855e+03  -4.6561762e+05
   2.8700000e+01   1.1103121e+04  -5.9821088e+05
   2.8800000e+01   4.3718113e+04  -6.8070606e+05
   2.8900000e+01   6.8941359e+04  -7.1155875e+05
   2.9000000e+01   7.0742375e+04  -6.8755319e+05
   2.9100000e+01   5.1661539e+04  -6.0953775e+05
   2.9200000e+01   3.0169648e+04  -4.8753891e+05
   2.9300000e+01   2.5849008e+04  -3.3821466e+05
   2.9400000e+01   4.4602605e+04  -1.7670938e+05
   2.9500000e+01   7.5375430e+04  -1.1431977e+04
   2.9600000e+01   9.9897383e+04   1.5315669e+05
   2.9700000e+01   1.0676947e+05   3.0967231e+05
   2.9800000e+01   9.8872547e+04   4.4516222e+05
   2.9900000e+01   8.9294266e+04   5.4602819e+05
   3.0000000e+01   8.9886219e+04   6.0523975e+05
   3.0100000e+01   1.0149008e+05   6.2398325e+05
   3.0200000e+01   1.1300764e+05   6.0632288e+05
   3.0300000e+01   1.0967273e+05   5.5355750e+05
   3.0400000e+01   8.3872125e+04   4.6540206e+05
   3.0500000e+01   3.9863551e+04   3.4714806e+05
   3.0600000e+01  -1.1005730e+04   2.1455778e+05
   3.0700000e+01  -5.9342941e+04   8.9854234e+04
   3.0800000e+01  -1.0198859e+05  -8.7936895e+03
   3.0900000e+01  -1.3812592e+05  -7.5077750e+04
   3.1000000e+01  -1.6331667e+05  -1.1290197e+05
   3.1100000e+01  -1.7002239e+05  -1.2783105e+05
   3.1200000e+01  -1.5513808e+05  -1.2105334e+05
   3.1300000e+01  -1.2579566e+05  -9.2535086e+04
   3.1400000e+01  -9.5584211e+04  -4.9700617e+04
   3.1500000e+01  -7.3753922e+04  -1.0514148e+04
   3.1600000e+01  -5.7875898e+04   5.5144531e+03
   3.1700000e+01  -3.6994711e+04  -8.6236406e+03
   3.1800000e+01  -1.9711406e+03  -4.2853719e+04
   3.1900000e+01   4.6323766e+04  -8.0651109e+04
   3.2000000e+01   9.7131922e+04  -1.1414285e+05
   3.2100000e+01   1.3680264e+05  -1.4798708e+05
   3.2200000e+01   1.5643205e+05  -1.8944725e+05
   3.2300000e+01   1.5482211e+05  -2.3760636e+05
   3.2400000e+01   1.3613894e+05  -2.8396062e+05
   3.2500000e+01   1.0612016e+05  -3.2155838e+05
   3.2600000e+01   7.1056875e+04  -3.4982706e+05
   3.2700000e+01   3.9405707e+04  -3.6902769e+05
   3.2800000e+01   2.1411031e+04  -3.7214038e+05
   3.2900000e+01   2.3665516e+04  -3.4559597e+05
   3.3000000e+01   4.2643332e+04  -2.8012741e+05
   3.3100000e+01   6.5222688e+04  -1.8151180e+05
   3.3200000e+01   7.8284852e+04  -7.0393344e+04
   3.3300000e+01   7.9031234e+04   2.9620230e+04
   3.3400000e+01   7.5429781e+04   1.0592976e+05
   3.3500000e+01   7.6265922e+04   1.6158569e+05
   3.3600000e+01   8.1557383e+04   2.0729594e+05
   3.3700000e+01   8.3306141e+04   2.4838166e+05
   3.3800000e+01   7.4739945e+04   2.7833838e+05
   3.3900000e+01   5.7386664e+04   2.8403097e+05
   3.4000000e+01   3.9123777e+04   2.5656994e+05
   3.4100000e+01   2.6872344e+04   1.9765748e+05
   3.4200000e+01   2.2107668e+04   1.1752759e+05
   3.4300000e+01   2.2095785e+04   2.9499438e+04
   3.4400000e+01   2.2963117e+04  -5.2733207e+04
   3.4500000e+01   2.0617234e+04  -1.1556604e+05
   3.4600000e+01   1.0437719e+04  -1.4843753e+05
   3.4700000e+01  -1.1166391e+04  -1.4954419e+05
   3.4800000e+01  -4.3594242e+04  -1.2765771e+05
   3.4900000e+01  -8.1183008e+04  -9.4822297e+04
   3.5000000e+01  -1.1679639e+05  -5.4901895e+04
   3.5100000e+01  -1.4668867e+05   1.4319531e+02
   3.5200000e+01  -1.7146181e+05   8.0584695e+04
   3.5300000e+01  -1.9235672e+05   1.8411498e+05
   3.5400000e+01  -2.0778955e+05   2.9054894e+05
   3.5500000e+01  -2.1475956e+05   3.7213312e+05
   3.5600000e+01  -2.1353895e+05   4.1083675e+05
   3.5700000e+01  -2.0950308e+05   4.0795347e+05
   3.5800000e+01  -2.0891705e+05   3.7894881e+05
   3.5900000e+01  -2.1254977e+05   3.3932116e+05
   3.6000000e+01  -2.1372116e+05   2.9362034e+05
   3.6100000e+01  -2.0288662e+05   2.3555538e+05
   3.6200000e+01  -1.7471112e+05   1.5730034e+05
   3.6300000e+01  -1.3217084e+05   5.9045102e+04
   3.6400000e+01  -8.5400109e+04  -4.9207688e+04
   3.6500000e+01  -4.6417438e+04  -1.5411053e+05
   3.6600000e+01  -2.2602812e+04  -2.4716488e+05
   3.6700000e+01  -1.2753438e+04  -3.2771219e+05
   3.6800000e+01  -8.9725078e+03  -3.9940484e+05
   3.6900000e+01  -3.5719062e+03  -4.6414622e+05
   3.7000000e+01   5.1140703e+03  -5.1809094e+05
   3.7100000e+01   1.3983797e+04  -5.5181131e+05
   3.7200000e+01   2.1919082e+04  -5.5450606e+05
   3.7300000e+01   3.3476000e+04  -5.2031828e+05
   3.7400000e+01   5.3961625e+04  -4.5272722e+05
   3.7500000e+01   8.1059219e+04  -3.6304672e+05
   3.7600000e+01   1.0364904e+05  -2.6368119e+05
   3.7700000e+01   1.1107580e+05  -1.6218020e+05
   3.7800000e+01   1.0400589e+05  -6.1332742e+04
   3.7900000e+01   9.5580836e+04   3.6416859e+04
   3.8000000e+01   1.0156469e+05   1.2639184e+05
   3.8100000e+01   1.2877812e+05   2.0338728e+05
   3.8200000e+01   1.7112162e+05   2.6395653e+05
   3.8300000e+01   2.1421973e+05   3.0582038e+05
   3.8400000e+01   2.4359234e+05   3.2648688e+05
   3.8500000e+01   2.5172839e+05   3.2503553e+05
   3.8600000e+01   2.4181145e+05   3.0611641e+05
   3.8700000e+01   2.2615034e+05   2.8074362e+05
   3.8800000e+01   2.1838331e+05   2.6102875e+05
   3.8900000e+01   2.2327645e+05   2.5250450e+05
   3.9000000e+01   2.3209916e+05   2.5046109e+05
   3.9100000e+01   2.2843059e+05   2.4350691e+05
   3.9200000e+01   2.0034056e+05   2.2213322e+05
   3.9300000e+01   1.4946577e+05   1.8637561e+05
   3.9400000e+01   9.0749141e+04   1.4655334e+05
   3.9500000e+01   4.3819656e+04   1.1557376e+05
   3.9600000e+01   2.1385906e+04   9.8651188e+04
   3.9700000e+01   2.0892938e+04   8.9841180e+04
   3.9800000e+01   2.4974273e+04   7.8934156e+04
   3.9900000e+01   1.2366121e+04   6.1537180e+04
   4.0000000e+01  -2.7065242e+04   4.1701465e+04
   4.0100000e+01  -8.5137406e+04   2.5100227e+04
   4.0200000e+01  -1.4263017e+05   1.1561160e+04
   4.0300000e+01  -1.8433172e+05  -4.2877891e+03
   4.0400000e+01  -2.0803931e+05  -2.5829883e+04
   4.0500000e+01  -2.2094581e+05  -4.9835848e+04
   4.0600000e+01  -2.2969105e+05  -6.9657883e+04
   4.0700000e+01  -2.3459400e+05  -8.2133992e+04
   4.0800000e+01  -2.3200172e+05  -9.0627031e+04
   4.0900000e+01  -2.2082153e+05  -1.0174433e+05
   4.1000000e+01  -2.0712573e+05  -1.1974170e+05
   4.1100000e+01  -2.0281380e+05  -1.4365580e+05
   4.1200000e+01  -2.1793034e+05  -1.6858436e+05
   4.1300000e+01  -2.5125859e+05  -1.8908664e+05
   4.1400000e+01  -2.8748716e+05  -2.0194056e+05
   4.1500000e+01  -3.0561150e+05  -2.0674127e+05
   4.1600000e+01  -2.9287450e+05  -2.0461495e+05
   4.1700000e+01  -2.5223747e+05  -1.9671692e+05
   4.1800000e+01  -1.9749972e+05  -1.8404202e+05
   4.1900000e+01  -1.4219222e+05  -1.6811009e+05
   4.2000000e+01  -9.2534992e+04  -1.5046809e+05
   4.2100000e+01  -4.8042051e+04  -1.3047714e+05
   4.2200000e+01  -5.8256211e+03  -1.0434548e+05
   4.2300000e+01   3.5895836e+04  -6.8588578e+04
   4.2400000e+01   7.6544000e+04  -2.5789961e+04
   4.2500000e+01   1.1455745e+05   1.4354312e+04
   4.2600000e+01   1.5094183e+05   4.2254566e+04
   4.2700000e+01   1.9108877e+05   5.7500582e+04
   4.2800000e+01   2.3991972e+05   6.9101781e+04
   4.2900000e+01   2.9277309e+05   8.5023711e+04
   4.3000000e+01   3.3349262e+05   1.0197970e+05
   4.3100000e+01   3.4718950e+05   1.0724894e+05
   4.3200000e+01   3.3754269e+05   9.0969922e+04
   4.3300000e+01   3.2794034e+05   5.5664922e+04
   4.3400000e+01   3.3986791e+05   1.3582305e+04
   4.3500000e+01   3.6869316e+05  -2.3762930e+04
   4.3600000e+01   3.8443266e+05  -5.2582730e+04
   4.3700000e+01   3.6041800e+05  -7.5366891e+04
   4.3800000e+01   3.0156306e+05  -9.5267375e+04
   4.3900000e+01   2.4208955e+05  -1.1207214e+05
   4.4000000e+01   2.1373925e+05  -1.2117769e+05
   4.4100000e+01   2.1591575e+05  -1.1485839e+05
   4.4200000e+01   2.1653853e+05  -8.6250570e+04
   4.4300000e+01   1.8126977e+05  -3.5450234e+04
   4.4400000e+01   1.0271745e+05   2.6763684e+04
   4.4500000e+01   4.5830137e+03   8.2609859e+04
   4.4600000e+01  -7.9217891e+04   1.1745854e+05
   4.4700000e+01  -1.2990715e+05   1.2896216e+05
   4.4800000e+01  -1.5350272e+05   1.2801036e+05
   4.4900000e+01  -1.7069178e+05   1.3105260e+05
   4.5000000e+01  -1.9840267e+05   1.4937827e+05
   4.5100000e+01  -2.3833419e+05   1.8187684e+05
   4.5200000e+01  -2.7961303e+05   2.1507809e+05
   4.5300000e+01  -3.1077312e+05   2.3063100e+05
   4.5400000e+01  -3.2976341e+05   2.1649591e+05
   4.5500000e+01  -3.4407694e+05   1.7502848e+05
   4.5600000e+01  -3.6250278e+05   1.2196777e+05
   4.5700000e+01  -3.8673238e+05   7.6468531e+04
   4.5800000e+01  -4.0965325e+05   4.9363391e+04
   4.5900000e+01  -4.2045912e+05   3.8132883e+04
   4.6000000e+01  -4.1180753e+05   3.1253625e+04
   4.6100000e+01  -3.8452175e+05   1.7441312e+04
   4.6200000e+01  -3.4790606e+05  -7.0531016e+03
   4.6300000e+01  -3.1516331e+05  -3.7119859e+04
   4.6400000e+01  -2.9474150e+05  -6.3243438e+04
   4.6500000e+01  -2.8221259e+05  -7.8484508e+04
   4.6600000e+01  -2.6064322e+05  -8.3230797e+04
   4.6700000e+01  -2.1325841e+05  -8.3884438e+04
   4.6800000e+01  -1.4003672e+05  -8.6142906e+04
   4.6900000e+01  -6.1730734e+04  -8.9024031e+04
   4.7000000e+01  -3.5855938e+03  -8.6218031e+04
   4.7100000e+01   2.8026047e+04  -7.4318094e+04
   4.7200000e+01   5.2145195e+04  -5.9362230e+04
   4.7300000e+01   9.3978062e+04  -5.3385211e+04
   4.7400000e+01   1.5824928e+05  -6.2601582e+04
   4.7500000e+01   2.2302620e+05  -7.8575320e+04
   4.7600000e+01   2.6107797e+05  -8.2445047e+04
   4.7700000e+01   2.6670978e+05  -6.0162941e+04
   4.7800000e+01   2.6060003e+05  -1.5413852e+04
   4.7900000e+01   2.6877191e+05   3.2136219e+04
   4.8000000e+01   2.9785884e+05   6.2576512e+04
   4.8100000e+01   3.3029659e+05   7.1679547e+04
   4.8200000e+01   3.4155784e+05   7.2680016e+04
   4.8300000e+01   3.2150109e+05   8.2613008e+04
   4.8400000e+01   2.8167650e+05   1.0628542e+05
   4.8500000e+01   2.4550209e+05   1.3260925e+05
   4.8600000e+01   2.3168484e+05   1.4546230e+05
   4.8700000e+01   2.4314688e+05   1.3739895e+05
   4.8800000e+01   2.6713747e+05   1.1327439e+05
   4.8900000e+01   2.8468634e+05   8.2392828e+04
   4.9000000e+01   2.8298506e+05   4.9111352e+04
   4.9100000e+01   2.6313569e+05   1.1521660e+04
   4.9200000e+01   2.3838627e+05  -3.2147457e+04
   4.9300000e+01   2.2404903e+05  -7.7861508e+04
   4.9400000e+01   2.2613878e+05  -1.1755898e+05
   4.9500000e+01   2.3659917e+05  -1.4650334e+05
   4.9600000e+01   2.3804934e+05  -1.6820650e+05
   4.9700000e+01   2.1460383e+05  -1.9115397e+05
   4.9800000e+01   1.6200425e+05  -2.1963969e+05
   4.9900000e+01   9.0925406e+04  -2.4705981e+05
   5.0000000e+01   2.0836266e+04  -2.5822625e+05
   5.0100000e+01  -3.2445641e+04  -2.3930872e+05
   5.0200000e+01  -6.6730242e+04  -1.8743606e+05
   5.0300000e+01  -9.2368570e+04  -1.1273300e+05
   5.0400000e+01  -1.2061249e+05  -3.2257102e+04
   5.0500000e+01  -1.5278541e+05   3.8652516e+04
   5.0600000e+01  -1.8152350e+05   9.1512719e+04
   5.0700000e+01  -2.0207900e+05   1.2427383e+05
   5.0800000e+01  -2.1970702e+05   1.3791367e+05
   5.0900000e+01  -2.4353411e+05   1.3430320e+05
   5.1000000e+01  -2.7373747e+05   1.1729842e+05
   5.1100000e+01  -2.9749097e+05   9.4702266e+04
   5.1200000e+01  -2.9938659e+05   7.6687156e+04
   5.1300000e+01  -2.7594656e+05   6.9575047e+04
   5.1400000e+01  -2.4017522e+05   6.9951109e+04
   5.1500000e+01  -2.1304230e+05   6.5823750e+04
   5.1600000e+01  -2.1002250e+05   4.5467582e+04
   5.1700000e+01  -2.3179569e+05   6.5646016e+03
   5.1800000e+01  -2.6309794e+05  -4.2380125e+04
   5.1900000e+01  -2.8036778e+05  -8.8521797e+04
   5.2000000e+01  -2.6628722e+05  -1.2190272e+05
   5.2100000e+01  -2.2342016e+05  -1.3756147e+05
   5.2200000e+01  -1.7491033e+05  -1.3380561e+05
   5.2300000e+01  -1.4769205e+05  -1.1150586e+05
   5.2400000e+01  -1.5048856e+05  -7.5502391e+04
   5.2500000e+01  -1.6693466e+05  -3.4300820e+04
   5.2600000e+01  -1.7092919e+05   4.4445547e+03
   5.2700000e+01  -1.4896312e+05   3.9010520e+04
   5.2800000e+01  -1.0785461e+05   7.3096133e+04
   5.2900000e+01  -6.3400676e+04   1.0917109e+05
   5.3000000e+01  -2.5386004e+04   1.4274005e+05
   5.3100000e+01   5.7282930e+03   1.6445783e+05
   5.3200000e+01   3.2123863e+04   1.6822117e+05
   5.3300000e+01   5.4290613e+04   1.5615044e+05
   5.3400000e+01   7.3793219e+04   1.3497272e+05
   5.3500000e+01   9.5605891e+04   1.0862788e+05
   5.3600000e+01   1.2349100e+05   7.5977953e+04
   5.3700000e+01   1.5360189e+05   3.5296066e+04
   5.3800000e+01   1.7599552e+05  -1.1410285e+04
   5.3900000e+01   1.8403427e+05  -5.9835695e+04
   5.4000000e+01   1.8100834e+05  -1.0747330e+05
   5.4100000e+01   1.7614797e+05  -1.5376962e+05
   5.4200000e+01   1.7473944e+05  -1.9595658e+05
   5.4300000e+01   1.7348302e+05  -2.2675795e+05
   5.4400000e+01   1.6558506e+05  -2.3792364e+05
   5.4500000e+01   1.4933525e+05  -2.2612575e+05
   5.4600000e+01   1.3105490e+05  -1.9515425e+05
   5.4700000e+01   1.1978548e+05  -1.5277538e+05
   5.4800000e+01   1.1910289e+05  -1.0548327e+05
   5.4900000e+01   1.2370011e+05  -5.5031047e+04
   5.5000000e+01   1.2387209e+05   1.2334219e+03
   5.5100000e+01   1.1401068e+05   6.6353703e+04
   5.5200000e+01   9.7523891e+04   1.3888959e+05
   5.5300000e+01   8.3673352e+04   2.1184256e+05
   5.5400000e+01   7.9291805e+04   2.7730384e+05
   5.5500000e+01   8.3175086e+04   3.3231078e+05
   5.5600000e+01   8.8147492e+04   3.7892544e+05
   5.5700000e+01   8.8176070e+04   4.1777491e+05
   5.5800000e+01   8.3355188e+04   4.4255450e+05
   5.5900000e+01   7.8424891e+04   4.4264341e+05
   5.6000000e+01   7.7094672e+04   4.1185672e+05
   5.6100000e+01   7.7956195e+04   3.5446681e+05
   5.6200000e+01   7.5477359e+04   2.8287828e+05
   5.6300000e+01   6.4642828e+04   2.0993602e+05
   5.6400000e+01   4.5011969e+04   1.4277331e+05
   5.6500000e+01   2.1114453e+04   8.1694258e+04
   5.6600000e+01  -6.4069531e+02   2.2734586e+04
   5.6700000e+01  -1.5994992e+04  -3.8593324e+04
   5.6800000e+01  -2.5154297e+04  -1.0364367e+05
   5.6900000e+01  -3.2164148e+04  -1.6837708e+05
   5.7000000e+01  -4.1776316e+04  -2.2475503e+05
   5.7100000e+01  -5.5678305e+04  -2.6643478e+05
   5.7200000e+01  -7.0972812e+04  -2.9490969e+05
   5.7300000e+01  -8.3065281e+04  -3.1988184e+05
   5.7400000e+01  -9.1473672e+04  -3.5189512e+05
   5.7500000e+01  -1.0284102e+05  -3.9302828e+05
   5.7600000e+01  -1.2606809e+05  -4.3425553e+05
   5.7700000e+01  -1.6202125e+05  -4.6202172e+05
   5.7800000e+01  -1.9797969e+05  -4.6779556e+05
   5.7900000e+01  -2.1489944e+05  -4.5227325e+05
   5.8000000e+01  -2.0312044e+05  -4.2210334e+05
   5.8100000e+01  -1.7186298e+05  -3.8403100e+05
   5.8200000e+01  -1.4225830e+05  -3.4200444e+05
   5.8300000e+01  -1.2963795e+05  -2.9790756e+05
   5.8400000e+01  -1.3161105e+05  -2.5255073e+05
   5.8500000e+01  -1.3248123e+05  -2.0448561e+05
   5.8600000e+01  -1.1850001e+05  -1.4832208e+05
   5.8700000e+01  -8.9169930e+04  -7.6540539e+04
   5.8800000e+01  -5.5384719e+04   1.4007828e+04
   5.8900000e+01  -2.8017312e+04   1.1566781e+05
   5.9000000e+01  -7.9808125e+03   2.1099852e+05
   5.9100000e+01   1.4021016e+04   2.8322556e+05
   5.9200000e+01   4.8452125e+04   3.2841662e+05
   5.9300000e+01   9.6402312e+04   3.5789719e+05
   5.9400000e+01   1.4664452e+05   3.8715644e+05
   5.9500000e+01   1.8337934e+05   4.2013822e+05
   5.9600000e+01   1.9835353e+05   4.4291325e+05
   5.9700000e+01   1.9653342e+05   4.3318512e+05
   5.9800000e+01   1.9030803e+05   3.7869875e+05
   5.9900000e+01   1.8822605e+05   2.8969550e+05
   6.0000000e+01   1.8888795e+05   1.9446284e+05
   6.0100000e+01   1.8408641e+05   1.2034090e+05
   6.0200000e+01   1.6590798e+05   7.5245875e+04
   6.0300000e+01   1.3094277e+05   4.5272250e+04
   6.0400000e+01   8.0587078e+04   9.8637266e+03
   6.0500000e+01   2.0420305e+04  -4.0059656e+04
   6.0600000e+01  -4.0528605e+04  -9.7030773e+04
   6.0700000e+01  -9.2501734e+04  -1.4632598e+05
   6.0800000e+01  -1.2941498e+05  -1.7728231e+05
   6.0900000e+01  -1.5101575e+05  -1.8663481e+05
   6.1000000e+01  -1.6028217e+05  -1.7612319e+05
   6.1100000e+01  -1.5901750e+05  -1.5131962e+05
   6.1200000e+01  -1.4677350e+05  -1.2156199e+05
   6.1300000e+01  -1.2403375e+05  -9.5562719e+04
   6.1400000e+01  -9.5311891e+04  -7.3475641e+04
   6.1500000e+01  -6.7863734e+04  -4.4815789e+04
   6.1600000e+01  -4.6737441e+04   1.8755430e+03
   6.1700000e+01  -3.1185094e+04   6.5319219e+04
   6.1800000e+01  -1.6567824e+04   1.2814277e+05
   6.1900000e+01  -5.1399219e+02   1.6881725e+05
   6.2000000e+01   1.2814000e+04   1.7852409e+05
   6.2100000e+01   1.5679344e+04   1.6793356e+05
   6.2200000e+01   5.2770156e+03   1.5845317e+05
   6.2300000e+01  -1.0697789e+04   1.6571548e+05
   6.2400000e+01  -1.8449781e+04   1.8846370e+05
   6.2500000e+01  -9.7220938e+03   2.1085227e+05
   6.2600000e+01   1.0150953e+04   2.1555550e+05
   6.2700000e+01   2.5691340e+04   1.9674966e+05
   6.2800000e+01   2.3029684e+04   1.6240972e+05
   6.2900000e+01  -4.9471582e+02   1.2495489e+05
   6.3000000e+01  -3.5752305e+04   8.9991305e+04
   6.3100000e+01  -6.8294406e+04   5.3980895e+04
   6.3200000e+01  -8.5769719e+04   1.1508537e+04
   6.3300000e+01  -8.2770609e+04  -3.7428609e+04
   6.3400000e+01  -6.2882137e+04  -8.8260984e+04
   6.3500000e+01  -3.7510898e+04  -1.3805916e+05
   6.3600000e+01  -2.0294656e+04  -1.8789914e+05
   6.3700000e+01  -1.8643422e+04  -2.3822005e+05
   6.3800000e+01  -2.8216312e+04  -2.8423981e+05
   6.3900000e+01  -3.5763484e+04  -3.1894325e+05
   6.4000000e+01  -2.9172180e+04  -3.4086812e+05
   6.4100000e+01  -6.8518438e+03  -3.5648612e+05
   6.4200000e+01   2.1171117e+04  -3.7272122e+05
   6.4300000e+01   4.1019594e+04  -3.8731656e+05
   6.4400000e+01   4.5110258e+04  -3.8816088e+05
   6.4500000e+01   3.7033605e+04  -3.6302438e+05
   6.4600000e+01   2.8126402e+04  -3.1007741e+05
   6.4700000e+01   2.8809773e+04  -2.3954916e+05
   6.4800000e+01   4.1380035e+04  -1.6649700e+05
   6.4900000e+01   5.9813934e+04  -1.0223691e+05
   6.5000000e+01   7.6415148e+04  -5.0552426e+04
   6.5100000e+01   8.8806953e+04  -8.6626367e+03
   6.5200000e+01   1.0030278e+05   3.0148453e+04
   6.5300000e+01   1.1387480e+05   7.3736633e+04
   6.5400000e+01   1.2738216e+05   1.2763316e+05
   6.5500000e+01   1.3609989e+05   1.9128394e+05
   6.5600000e+01   1.3925162e+05   2.5659473e+05
   6.5700000e+01   1.4200381e+05   3.1131269e+05
   6.5800000e+01   1.5018444e+05   3.4624850e+05
   6.5900000e+01   1.6403881e+05   3.6128184e+05
   6.6000000e+01   1.7773552e+05   3.6487444e+05
   6.6100000e+01   1.8362303e+05   3.6668188e+05
   6.6200000e+01   1.7575588e+05   3.6903475e+05
   6.6300000e+01   1.5105075e+05   3.6468219e+05
   6.6400000e+01   1.1084477e+05   3.4317191e+05
   6.6500000e+01   6.3152758e+04   3.0065259e+05
   6.6600000e+01   2.1214055e+04   2.4445566e+05
   6.6700000e+01  -3.9610469e+03   1.8788075e+05
   6.6800000e+01  -1.1689148e+04   1.3918291e+05
   6.6900000e+01  -1.2291047e+04   9.4572391e+04
   6.7000000e+01  -1.9058238e+04   4.2222953e+04
   6.7100000e+01  -3.8661418e+04  -2.5858752e+04
   6.7200000e+01  -6.7824250e+04  -1.0543892e+05
   6.7300000e+01  -9.7504773e+04  -1.8346498e+05
   6.7400000e+01  -1.1979616e+05  -2.4923984e+05
   6.7500000e+01  -1.3213375e+05  -3.0092669e+05
   6.7600000e+01  -1.3672800e+05  -3.4085784e+05
   6.7700000e+01  -1.3699942e+05  -3.6699928e+05
   6.7800000e+01  -1.3491186e+05  -3.7275025e+05
   6.7900000e+01  -1.3196006e+05  -3.5632731e+05
   6.8000000e+01  -1.3232180e+05  -3.2750234e+05
   6.8100000e+01  -1.4320938e+05  -3.0085912e+05
   6.8200000e+01  -1.6961309e+05  -2.8055756e+05
   6.8300000e+01  -2.0745341e+05  -2.5327256e+05
   6.8400000e+01  -2.4285316e+05  -1.9905391e+05
   6.8500000e+01  -2.6014538e+05  -1.1116207e+05
   6.8600000e+01  -2.5210758e+05  -5.6348594e+03
   6.8700000e+01  -2.2332006e+05   8.9410875e+04
   6.8800000e+01  -1.8472966e+05   1.5521234e+05
   6.8900000e+01  -1.4601781e+05   1.9465806e+05
   6.9000000e+01  -1.1255068e+05   2.2456708e+05
   6.9100000e+01  -8.6613953e+04   2.5650083e+05
   6.9200000e+01  -6.8041211e+04   2.8538050e+05
   6.9300000e+01  -5.2621652e+04   2.9654197e+05
   6.9400000e+01  -3.2253750e+04   2.8274238e+05
   6.9500000e+01  -2.1006641e+02   2.5280334e+05
   6.9600000e+01   4.1828281e+04   2.2305406e+05
   6.9700000e+01   8.2517453e+04   2.0107012e+05
   6.9800000e+01   1.0840059e+05   1.7890748e+05
   6.9900000e+01   1.1415594e+05   1.4262627e+05
   7.0000000e+01   1.0585703e+05   8.8117102e+04
   7.0100000e+01   9.4146531e+04   2.7473547e+04
   7.0200000e+01   8.4431719e+04  -1.9727641e+04
   7.0300000e+01   7.4012109e+04  -4.1334422e+04
   7.0400000e+01   5.8195078e+04  -4.0444898e+04
   7.0500000e+01   3.7741812e+04  -3.1446217e+04
   7.0600000e+01   1.9435000e+04  -3.0387625e+04
   7.0700000e+01   1.0278957e+04  -4.7687652e+04
   7.0800000e+01   1.2691270e+04  -8.4942320e+04
   7.0900000e+01   2.4975750e+04  -1.3355830e+05
   7.1000000e+01   4.3832098e+04  -1.7614048e+05
   7.1100000e+01   6.4582086e+04  -1.9454212e+05
   7.1200000e+01   8.0778953e+04  -1.8270534e+05
   7.1300000e+01   8.7609453e+04  -1.5323422e+05
   7.1400000e+01   8.7678641e+04  -1.2845022e+05
   7.1500000e+01   9.1772562e+04  -1.2187880e+05
   7.1600000e+01   1.1103466e+05  -1.2782049e+05
   7.1700000e+01   1.4702272e+05  -1.2911443e+05
   7.1800000e+01   1.8942475e+05  -1.1398709e+05
   7.1900000e+01   2.2343869e+05  -8.4687422e+04
   7.2000000e+01   2.3955031e+05  -5.2071953e+04
   7.2100000e+01   2.3771288e+05  -2.5543008e+04
   7.2200000e+01   2.2433497e+05  -8.7597031e+03
   7.2300000e+01   2.0598361e+05  -1.1571836e+03
   7.2400000e+01   1.8462908e+05   3.9807812e+02
   7.2500000e+01   1.5745888e+05   1.2172266e+03
   7.2600000e+01   1.2129252e+05   6.8539766e+03
   7.2700000e+01   7.7930586e+04   1.9745984e+04
   7.2800000e+01   3.5153812e+04   3.8239180e+04
   7.2900000e+01   1.6774219e+03   5.8905340e+04
   7.3000000e+01  -1.9410445e+04   7.8235656e+04
   7.3100000e+01  -3.2406359e+04   9.1528930e+04
   7.3200000e+01  -4.4681016e+04   9.2490867e+04
   7.3300000e+01  -6.0915469e+04   7.6800422e+04
   7.3400000e+01  -8.0716828e+04   4.6257492e+04
   7.3500000e+01  -1.0024142e+05   7.8673398e+03
   7.3600000e+01  -1.1553509e+05  -3.1061410e+04
   7.3700000e+01  -1.2547503e+05  -6.5012578e+04
   7.3800000e+01  -1.3280108e+05  -8.7505234e+04
   7.3900000e+01  -1.4190791e+05  -8.9960219e+04
   7.4000000e+01  -1.5412766e+05  -6.7457336e+04
   7.4100000e+01  -1.6477591e+05  -2.6220840e+04
   7.4200000e+01  -1.6626988e+05   1.7153320e+04
   7.4300000e+01  -1.5574366e+05   4.6314023e+04
   7.4400000e+01  -1.3961061e+05   5.6201320e+04
   7.4500000e+01  -1.2936801e+05   5.5093469e+04
   7.4600000e+01  -1.3177100e+05   5.7545930e+04
   7.4700000e+01  -1.4266103e+05   7.4716508e+04
   7.4800000e+01  -1.5029181e+05   1.0756880e+05
   7.4900000e+01  -1.4495508e+05   1.4544700e+05
   7.5000000e+01  -1.2650455e+05   1.7133481e+05
   7.5100000e+01  -1.0402061e+05   1.7240419e+05
   7.5200000e+01  -8.8359578e+04   1.4906394e+05
   7.5300000e+01  -8.3130680e+04   1.1442438e+05
   7.5400000e+01  -8.0619047e+04   8.3810766e+04
   7.5500000e+01  -6.6430766e+04   6.3632961e+04
   7.5600000e+01  -3.0752980e+04   4.9109531e+04
   7.5700000e+01   2.1984602e+04   3.0850961e+04
   7.5800000e+01   7.3820000e+04   2.7373906e+03
   7.5900000e+01   1.0532242e+05  -3.4445812e+04
   7.6000000e+01   1.0969438e+05  -7.3008758e+04
   7.6100000e+01   9.7084133e+04  -1.0014241e+05
   7.6200000e+01   8.5804242e+04  -1.0263899e+05
   7.6300000e+01   8.8389516e+04  -7.5107516e+04
   7.6400000e+01   1.0362912e+05  -2.6404453e+04
   7.6500000e+01   1.1933870e+05   2.3598535e+04
   7.6600000e+01   1.2226486e+05   5.7280273e+04
   7.6700000e+01   1.0784464e+05   7.1593898e+04
   7.6800000e+01   8.3774789e+04   7.7141672e+04
   7.6900000e+01   6.4936555e+04   8.4517555e+04
   7.7000000e+01   6.2285336e+04   9.2328562e+04
   7.7100000e+01   7.3380812e+04   8.9786430e+04
   7.7200000e+01   8.2690719e+04   7.0306406e+04
   7.7300000e+01   7.2668586e+04   3.9940168e+04
   7.7400000e+01   3.6962758e+04   1.0885938e+04
   7.7500000e+01  -1.5287391e+04  -1.1867500e+04
   7.7600000e+01  -6.7129109e+04  -3.5134453e+04
   7.7700000e+01  -1.0606222e+05  -6.8984328e+04
   7.7800000e+01  -1.3069703e+05  -1.1586583e+05
   7.7900000e+01  -1.4775019e+05  -1.6891200e+05
   7.8000000e+01  -1.6344928e+05  -2.1848572e+05
   7.8100000e+01  -1.7685369e+05  -2.5760988e+05
   7.8200000e+01  -1.8023094e+05  -2.8163547e+05
   7.8300000e+01  -1.6596600e+05  -2.8623775e+05
   7.8400000e+01  -1.3418362e+05  -2.6855984e+05
   7.8500000e+01  -9.4300359e+04  -2.3032420e+05
   7.8600000e+01  -5.8808645e+04  -1.7866725e+05
   7.8700000e+01  -3.4748984e+04  -1.2344194e+05
   7.8800000e+01  -2.0270301e+04  -7.3118812e+04
   7.8900000e+01  -8.1963125e+03  -3.1423062e+04
   7.9000000e+01   8.0665234e+03   4.0280078e+03
   7.9100000e+01   3.1427898e+04   3.9631688e+04
   7.9200000e+01   6.1313211e+04   8.0190109e+04
   7.9300000e+01   9.4728312e+04   1.2367952e+05
   7.9400000e+01   1.2728575e+05   1.6174855e+05
   7.9500000e+01   1.5505672e+05   1.8624947e+05
   7.9600000e+01   1.7668925e+05   1.9548353e+05
   7.9700000e+01   1.9350784e+05   1.9405998e+05
   7.9800000e+01   2.0712888e+05   1.8735094e+05
   7.9900000e+01   2.1738273e+05   1.7662500e+05
   8.0000000e+01   2.2292672e+05   1.5864384e+05
   8.0100000e+01   2.2309395e+05   1.2849440e+05
   8.0200000e+01   2.1794889e+05   8.3287594e+04
   8.0300000e+01   2.0675094e+05   2.5848375e+04
   8.0400000e+01   1.8811797e+05  -3.3348840e+04
   8.0500000e+01   1.6297050e+05  -7.9694180e+04
   8.0600000e+01   1.3647272e+05  -1.0392063e+05
   8.0700000e+01   1.1491544e+05  -1.1036480e+05
   8.0800000e+01   9.9373664e+04  -1.1460305e+05
   8.0900000e+01   8.2961469e+04  -1.3028030e+05
   8.1000000e+01   5.5739402e+04  -1.5677106e+05
   8.1100000e+01   1.3234615e+04  -1.7941977e+05
   8.1200000e+01  -3.9616672e+04  -1.8143150e+05
   8.1300000e+01  -9.2532586e+04  -1.5556059e+05
   8.1400000e+01  -1.3719988e+05  -1.0649904e+05
   8.1500000e+01  -1.7076603e+05  -4.5953168e+04
   8.1600000e+01  -1.9386077e+05   1.2502637e+04
   8.1700000e+01  -2.0738544e+05   5.6639023e+04
   8.1800000e+01  -2.1187039e+05   7.9684219e+04
   8.1900000e+01  -2.0856938e+05   8.4927242e+04
   8.2000000e+01  -1.9966830e+05   8.4685844e+04
   8.2100000e+01  -1.8766614e+05   9.0511555e+04
   8.2200000e+01  -1.7570162e+05   1.0231917e+05
   8.2300000e+01  -1.6807284e+05   1.0858967e+05
   8.2400000e+01  -1.6803148e+05   9.9243273e+04
   8.2500000e+01  -1.7324994e+05   7.7853445e+04
   8.2600000e+01  -1.7441578e+05   5.9192039e+04
   8.2700000e+01  -1.6086225e+05   5.4264363e+04
   8.2800000e+01  -1.2906153e+05   5.9524988e+04
   8.2900000e+01  -8.5468258e+04   6.2321402e+04
   8.3000000e+01  -4.1172887e+04   5.6077145e+04
   8.3100000e+01  -4.8055703e+03   4.8044539e+04
   8.3200000e+01   1.9563715e+04   5.1410770e+04
   8.3300000e+01   3.0728660e+04   7.0849078e+04
   8.3400000e+01   3.0361293e+04   9.6825266e+04
   8.3500000e+01   2.4973703e+04   1.1387208e+05
   8.3600000e+01   2.4080000e+04   1.1394272e+05
   8.3700000e+01   3.2627109e+04   1.0208996e+05
   8.3800000e+01   4.5223156e+04   9.0228773e+04
   8.3900000e+01   5.0773836e+04   8.6228812e+04
   8.4000000e+01   4.4915820e+04   8.9219000e+04
   8.4100000e+01   3.7237148e+04   9.4717695e+04
   8.4200000e+01   4.4385664e+04   1.0229117e+05
   8.4300000e+01   7.4987469e+04   1.1554711e+05
   8.4400000e+01   1.2096891e+05   1.3362622e+05
   8.4500000e+01   1.6304681e+05   1.4505969e+05
   8.4600000e+01   1.8433472e+05   1.3416384e+05
   8.4700000e+01   1.8007547e+05   9.5741906e+04
   8.4800000e+01   1.5752578e+05   4.2214984e+04
   8.4900000e+01   1.2917321e+05  -6.1814688e+03
   8.5000000e+01   1.0555014e+05  -3.8873230e+04
   8.5100000e+01   9.1010258e+04  -6.1991793e+04
   8.5200000e+01   8.2735078e+04  -8.8740016e+04
   8.5300000e+01   7.2661305e+04  -1.2513052e+05
   8.5400000e+01   5.1840223e+04  -1.6622748e+05
   8.5500000e+01   1.5401658e+04  -2.0381820e+05
   8.5600000e+01  -3.4425629e+04  -2.3384417e+05
   8.5700000e+01  -8.8403703e+04  -2.5557723e+05
   8.5800000e+01  -1.3297078e+05  -2.6701638e+05
   8.5900000e+01  -1.5499484e+05  -2.6492994e+05
   8.6000000e+01  -1.4810553e+05  -2.4976780e+05
   8.6100000e+01  -1.1784709e+05  -2.2826212e+05
   8.6200000e+01  -8.0681008e+04  -2.0977062e+05
   8.6300000e+01  -5.4861844e+04  -2.0029722e+05
   8.6400000e+01  -4.8914938e+04  -1.9959023e+05
   8.6500000e+01  -5.7438641e+04  -2.0184688e+05
   8.6600000e+01  -6.7929367e+04  -1.9798491e+05
   8.6700000e+01  -7.1704781e+04  -1.7956184e+05
   8.6800000e+01  -6.8695219e+04  -1.4466719e+05
   8.6900000e+01  -6.3439469e+04  -1.0168071e+05
   8.7000000e+01  -5.8777562e+04  -6.5088094e+04
   8.7100000e+01  -5.4257328e+04  -4.4525953e+04
   8.7200000e+01  -4.9325617e+04  -3.6910852e+04
   8.7300000e+01  -4.6210930e+04  -2.9950738e+04
   8.7400000e+01  -4.8939867e+04  -1.3721342e+04
   8.7500000e+01  -5.9467746e+04   1.1287404e+04
   8.7600000e+01  -7.4332867e+04   3.6742465e+04
   8.7700000e+01  -8.4853508e+04   5.5572625e+04
   8.7800000e+01  -8.1844688e+04   6.8339844e+04
   8.7900000e+01  -6.2308457e+04   8.2046750e+04
   8.8000000e+01  -3.2386418e+04   1.0363681e+05
   8.8100000e+01  -2.5834648e+03   1.3350478e+05
   8.8200000e+01   2.1330105e+04   1.6344653e+05
   8.8300000e+01   4.2773414e+04   1.8106242e+05
   8.8400000e+01   6.9415641e+04   1.7884409e+05
   8.8500000e+01   1.0452671e+05   1.6162948e+05
   8.8600000e+01   1.4436008e+05   1.4516769e+05
   8.8700000e+01   1.8354664e+05   1.4486986e+05
   8.8800000e+01   2.2065472e+05   1.6335408e+05
   8.8900000e+01   2.5671061e+05   1.8824850e+05
   8.9000000e+01   2.8931359e+05   2.0324381e+05
   8.9100000e+01   3.1096969e+05   2.0285614e+05
   8.9200000e+01   3.1487369e+05   1.9721919e+05
   8.9300000e+01   3.0180725e+05   2.0204688e+05
   8.9400000e+01   2.7997591e+05   2.2266800e+05
   8.9500000e+01   2.5733394e+05   2.4698388e+05
   8.9600000e+01   2.3406606e+05   2.5457564e+05
   8.9700000e+01   2.0272725e+05   2.3437784e+05
   8.9800000e+01   1.5588692e+05   1.9471514e+05
   8.9900000e+01   9.4085539e+04   1.5586197e+05
   9.0000000e+01   2.7023922e+04   1.3178791e+05
   9.0100000e+01  -3.2580215e+04   1.1858533e+05
   9.0200000e+01  -7.6707250e+04   1.0052628e+05
   9.0300000e+01  -1.0518161e+05   6.6691648e+04
   9.0400000e+01  -1.2316464e+05   2.0672328e+04
   9.0500000e+01  -1.3668222e+05  -2.5666166e+04
   9.0600000e+01  -1.4993884e+05  -6.5836242e+04
   9.0700000e+01  -1.6494961e+05  -1.0452850e+05
   9.0800000e+01  -1.8202330e+05  -1.5058148e+05
   9.0900000e+01  -2.0039589e+05  -2.0596216e+05
   9.1000000e+01  -2.1928500e+05  -2.6173584e+05
   9.1100000e+01  -2.3878594e+05  -3.0328797e+05
   9.1200000e+01  -2.5914873e+05  -3.1952738e+05
   9.1300000e+01  -2.7857656e+05  -3.1032056e+05
   9.1400000e+01  -2.9237081e+05  -2.8846094e+05
   9.1500000e+01  -2.9590575e+05  -2.7362844e+05
   9.1600000e+01  -2.8964462e+05  -2.7957653e+05
   9.1700000e+01  -2.8085569e+05  -3.0308241e+05
   9.1800000e+01  -2.7879097e+05  -3.2534288e+05
   9.1900000e+01  -2.8661084e+05  -3.2643459e+05
   9.2000000e+01  -2.9740878e+05  -2.9983253e+05
   9.2100000e+01  -2.9843669e+05  -2.5353162e+05
   9.2200000e+01  -2.8000200e+05  -1.9914517e+05
   9.2300000e+01  -2.4142475e+05  -1.4268055e+05
   9.2400000e+01  -1.8985659e+05  -8.5613289e+04
   9.2500000e+01  -1.3441745e+05  -3.0481393e+04
   9.2600000e+01  -8.0840984e+04   1.8793715e+04
   9.2700000e+01  -2.9332395e+04   6.1335453e+04
   9.2800000e+01   2.4524727e+04   9.9739102e+04
   9.2900000e+01   8.6138430e+04   1.3410572e+05
   9.3000000e+01   1.5629978e+05   1.5862297e+05
   9.3100000e+01   2.2753492e+05   1.6819181e+05
   9.3200000e+01   2.8768341e+05   1.6855573e+05
   9.3300000e+01   3.2975600e+05   1.7584150e+05
   9.3400000e+01   3.5831797e+05   2.0247650e+05
   9.3500000e+01   3.8386744e+05   2.4368647e+05
   9.3600000e+01   4.1008456e+05   2.8023762e+05
   9.3700000e+01   4.2874547e+05   2.9545731e+05
   9.3800000e+01   4.2897631e+05   2.8837256e+05
   9.3900000e+01   4.0985019e+05   2.6951031e+05
   9.4000000e+01   3.8097131e+05   2.4603538e+05
   9.4100000e+01   3.5109928e+05   2.1452333e+05
   9.4200000e+01   3.1981297e+05   1.6944328e+05
   9.4300000e+01   2.8199375e+05   1.1616820e+05
   9.4400000e+01   2.3740019e+05   7.1941594e+04
   9.4500000e+01   1.9193297e+05   5.2239781e+04
   9.4600000e+01   1.4996116e+05   5.6344473e+04
   9.4700000e+01   1.0936039e+05   6.6552438e+04
   9.4800000e+01   6.6003398e+04   6.1379027e+04
   9.4900000e+01   2.0677873e+04   3.0527010e+04
   9.5000000e+01  -2.1562758e+04  -2.0157965e+04
   9.5100000e+01  -5.8575516e+04  -7.5387742e+04
   9.5200000e+01  -9.4757898e+04  -1.2142784e+05
   9.5300000e+01  -1.3592334e+05  -1.5273523e+05
   9.5400000e+01  -1.8168150e+05  -1.7093672e+05
   9.5500000e+01  -2.2467595e+05  -1.7954738e+05
   9.5600000e+01  -2.5761388e+05  -1.8039584e+05
   9.5700000e+01  -2.7993250e+05  -1.7429556e+05
   9.5800000e+01  -2.9668938e+05  -1.6313180e+05
   9.5900000e+01  -3.1133869e+05  -1.4958770e+05
   9.6000000e+01  -3.2098922e+05  -1.3503747e+05
   9.6100000e+01  -3.1987806e+05  -1.1925584e+05
   9.6200000e+01  -3.0734500e+05  -1.0274191e+05
   9.6300000e+01  -2.9108303e+05  -8.7962422e+04
   9.6400000e+01  -2.8129541e+05  -7.7019133e+04
   9.6500000e+01  -2.8138050e+05  -6.8981234e+04
   9.6600000e+01  -2.8467106e+05  -6.1546035e+04
   9.6700000e+01  -2.8034622e+05  -5.5663324e+04
   9.6800000e+01  -2.6247497e+05  -5.6584648e+04
   9.6900000e+01  -2.3403295e+05  -6.8667797e+04
   9.7000000e+01  -2.0340766e+05  -8.9708766e+04
   9.7100000e+01  -1.7725477e+05  -1.1194494e+05
   9.7200000e+01  -1.5531834e+05  -1.2874005e+05
   9.7300000e+01  -1.3077877e+05  -1.3888872e+05
   9.7400000e+01  -9.6162734e+04  -1.4381622e+05
   9.7500000e+01  -5.0750273e+04  -1.4223634e+05
   9.7600000e+01  -2.9474082e+03  -1.2990753e+05
   9.7700000e+01   3.5862070e+04  -1.0511575e+05
   9.7800000e+01   6.1418371e+04  -7.2584188e+04
   9.7900000e+01   8.0920609e+04  -3.9925695e+04
   9.8000000e+01   1.0658344e+05  -9.9344844e+03
   9.8100000e+01   1.4402378e+05   2.2361391e+04
   9.8200000e+01   1.8615509e+05   6.3941328e+04
   9.8300000e+01   2.1762408e+05   1.1520673e+05
   9.8400000e+01   2.2542722e+05   1.6765359e+05
   9.8500000e+01   2.0766628e+05   2.1007281e+05
   9.8600000e+01   1.7546822e+05   2.3689156e+05
   9.8700000e+01   1.4748800e+05   2.5108228e+05
   9.8800000e+01   1.3937119e+05   2.6016353e+05
   9.8900000e+01   1.5344809e+05   2.6966975e+05
   9.9000000e+01   1.7593416e+05   2.7914738e+05
   9.9100000e+01   1.8562484e+05   2.8284916e+05
   9.9200000e+01   1.6907762e+05   2.7416094e+05
   9.9300000e+01   1.3048050e+05   2.5063000e+05
   9.9400000e+01   8.7982641e+04   2.1596736e+05
   9.9500000e+01   5.9880953e+04   1.7770744e+05
   9.9600000e+01   5.2292477e+04   1.4288320e+05
   9.9700000e+01   5.7257297e+04   1.1513061e+05
   9.9800000e+01   6.0768145e+04   9.4263281e+04
   9.9900000e+01   5.3501316e+04   7.7636016e+04
   1.0000000e+02   3.6891516e+04   6.2559895e+04
