   1.1851270e+02   3.6301420e+01   1.8450000e+02
   1.1913202e+02   3.6900726e+01   6.9000000e+00
   0.0000000e+00   9.7253738e+05   9.7253738e+05
   1.0000000e-01   9.5113831e+05   8.3977619e+05
   2.0000000e-01   8.2614119e+05   6.0235162e+05
   3.0000000e-01   7.0349844e+05   3.6652306e+05
   4.0000000e-01   6.5445300e+05   2.0865155e+05
   5.0000000e-01   6.6597006e+05   1.2723214e+05
   6.0000000e-01   6.7170194e+05   6.8801258e+04
   7.0000000e-01   6.2169838e+05  -1.1021463e+04
   8.0000000e-01   5.1956503e+05  -1.1372761e+05
   9.0000000e-01   4.0142303e+05  -2.1344280e+05
   1.0000000e+00   2.9281681e+05  -2.9203941e+05
   1.1000000e+00   1.9185733e+05  -3.5331647e+05
   1.2000000e+00   8.7541516e+04  -4.0727741e+05
   1.3000000e+00  -1.7022562e+04  -4.4952222e+05
   1.4000000e+00  -1.0505083e+05  -4.6241238e+05
   1.5000000e+00  -1.6609289e+05  -4.3650403e+05
   1.6000000e+00  -2.0862812e+05  -3.8572322e+05
   1.7000000e+00  -2.4919428e+05  -3.3614981e+05
   1.8000000e+00  -2.9132928e+05  -2.9941319e+05
   1.9000000e+00  -3.2046056e+05  -2.6161423e+05
   2.0000000e+00  -3.2208744e+05  -2.0231105e+05
   2.1000000e+00  -3.0197122e+05  -1.2275702e+05
   2.2000000e+00  -2.8306325e+05  -5.0223145e+04
   2.3000000e+00  -2.8098741e+05  -1.2079248e+04
   2.4000000e+00  -2.8644112e+05  -8.3872314e+03
   2.5000000e+00  -2.7594784e+05  -1.3628484e+04
   2.6000000e+00  -2.3892927e+05  -5.0211084e+03
   2.7000000e+00  -1.8939834e+05   1.4197479e+04
   2.8000000e+00  -1.4912397e+05   2.0660215e+04
   2.9000000e+00  -1.2331017e+05  -2.9785684e+03
   3.0000000e+00  -9.7815992e+04  -5.0789773e+04
   3.1000000e+00  -5.9674008e+04  -1.0134595e+05
   3.2000000e+00  -1.4519012e+04  -1.3824572e+05
   3.3000000e+00   2.0148207e+04  -1.5993283e+05
   3.4000000e+00   3.6000906e+04  -1.7166081e+05
   3.5000000e+00   4.1774691e+04  -1.7458097e+05
   3.6000000e+00   4.7828820e+04  -1.6789648e+05
   3.7000000e+00   4.7696438e+04  -1.5953742e+05
   3.8000000e+00   2.2662180e+04  -1.6600239e+05
   3.9000000e+00  -3.2144869e+04  -1.9433169e+05
   4.0000000e+00  -9.0706891e+04  -2.2555056e+05
   4.1000000e+00  -1.1345977e+05  -2.2478327e+05
   4.2000000e+00  -8.7096672e+04  -1.7568109e+05
   4.3000000e+00  -4.5827840e+04  -1.0519289e+05
   4.4000000e+00  -4.6913535e+04  -6.8431781e+04
   4.5000000e+00  -1.1926023e+05  -1.0304616e+05
   4.6000000e+00  -2.3445959e+05  -1.9560894e+05
   4.7000000e+00  -3.3063791e+05  -2.9199512e+05
   4.8000000e+00  -3.6792569e+05  -3.4074566e+05
   4.9000000e+00  -3.6240119e+05  -3.2880425e+05
   5.0000000e+00  -3.6619672e+05  -2.8108784e+05
   5.1000000e+00  -4.1449725e+05  -2.3182661e+05
   5.2000000e+00  -4.9189775e+05  -1.9772238e+05
   5.3000000e+00  -5.4934350e+05  -1.7323789e+05
   5.4000000e+00  -5.5118869e+05  -1.4350558e+05
   5.5000000e+00  -5.0330984e+05  -9.7365453e+04
   5.6000000e+00  -4.3659394e+05  -3.0518918e+04
   5.7000000e+00  -3.6898303e+05   5.6895738e+04
   5.8000000e+00  -2.8986300e+05   1.5989834e+05
   5.9000000e+00  -1.8117100e+05   2.6539050e+05
   6.0000000e+00  -4.5680594e+04   3.5403659e+05
   6.1000000e+00   9.3438203e+04   4.1131494e+05
   6.2000000e+00   2.1986206e+05   4.3933078e+05
   6.3000000e+00   3.4173759e+05   4.5587069e+05
   6.4000000e+00   4.7542719e+05   4.7828241e+05
   6.5000000e+00   6.1482088e+05   5.0658472e+05
   6.6000000e+00   7.2570275e+05   5.2321044e+05
   6.7000000e+00   7.7526000e+05   5.1059997e+05
   6.8000000e+00   7.6400656e+05   4.6927950e+05
   6.9000000e+00   7.2361188e+05   4.1852012e+05
   7.0000000e+00   6.8329881e+05   3.7965184e+05
   7.1000000e+00   6.4223481e+05   3.5895047e+05
   7.2000000e+00   5.7627800e+05   3.4552209e+05
   7.3000000e+00   4.6851759e+05   3.2344347e+05
   7.4000000e+00   3.2998181e+05   2.8467316e+05
   7.5000000e+00   1.9181984e+05   2.3169169e+05
   7.6000000e+00   8.1151492e+04   1.7100752e+05
   7.7000000e+00   5.1163877e+03   1.0667463e+05
   7.8000000e+00  -4.6391566e+04   3.9946090e+04
   7.9000000e+00  -8.8270211e+04  -2.7316098e+04
   8.0000000e+00  -1.3116577e+05  -9.1609938e+04
   8.1000000e+00  -1.7907339e+05  -1.5069434e+05
   8.2000000e+00  -2.2874600e+05  -2.0547648e+05
   8.3000000e+00  -2.6880638e+05  -2.5641167e+05
   8.4000000e+00  -2.8299462e+05  -2.9785938e+05
   8.5000000e+00  -2.6070831e+05  -3.1931931e+05
   8.6000000e+00  -2.0848259e+05  -3.1642991e+05
   8.7000000e+00  -1.5025172e+05  -3.0148472e+05
   8.8000000e+00  -1.1179923e+05  -2.9879012e+05
   8.9000000e+00  -1.0030439e+05  -3.2351347e+05
   9.0000000e+00  -9.7188516e+04  -3.6229278e+05
   9.1000000e+00  -7.2300062e+04  -3.7738981e+05
   9.2000000e+00  -8.3610332e+03  -3.3562659e+05
   9.3000000e+00   8.5105477e+04  -2.3759817e+05
   9.4000000e+00   1.7969119e+05  -1.1933762e+05
   9.5000000e+00   2.4941925e+05  -2.3755715e+04
   9.6000000e+00   2.8590831e+05   3.1750965e+04
   9.7000000e+00   2.9580050e+05   6.2155254e+04
   9.8000000e+00   2.8722344e+05   9.2955742e+04
   9.9000000e+00   2.6156111e+05   1.3409284e+05
   1.0000000e+01   2.1795803e+05   1.7460331e+05
   1.0100000e+01   1.6162881e+05   1.9818761e+05
   1.0200000e+01   1.0261322e+05   1.9879530e+05
   1.0300000e+01   4.4497902e+04   1.8050002e+05
   1.0400000e+01  -2.2821621e+04   1.4779839e+05
   1.0500000e+01  -1.1454940e+05   1.0264106e+05
   1.0600000e+01  -2.3270984e+05   5.1525512e+04
   1.0700000e+01  -3.5739309e+05   9.0660156e+03
   1.0800000e+01  -4.5875747e+05  -1.2305309e+04
   1.0900000e+01  -5.1952338e+05  -1.6820262e+04
   1.1000000e+01  -5.4607425e+05  -2.4652170e+04
   1.1100000e+01  -5.5767538e+05  -5.2450906e+04
   1.1200000e+01  -5.6580062e+05  -9.4963109e+04
   1.1300000e+01  -5.6495419e+05  -1.2893372e+05
   1.1400000e+01  -5.4288150e+05  -1.3637472e+05
   1.1500000e+01  -4.9680569e+05  -1.2248730e+05
   1.1600000e+01  -4.3686066e+05  -1.0947495e+05
   1.1700000e+01  -3.7379578e+05  -1.1397309e+05
   1.1800000e+01  -3.0663912e+05  -1.3250312e+05
   1.1900000e+01  -2.2568753e+05  -1.4862822e+05
   1.2000000e+01  -1.2744370e+05  -1.5133411e+05
   1.2100000e+01  -2.3266238e+04  -1.4395008e+05
   1.2200000e+01   6.9555766e+04  -1.3611884e+05
   1.2300000e+01   1.4471967e+05  -1.3092325e+05
   1.2400000e+01   2.1220377e+05  -1.2301434e+05
   1.2500000e+01   2.8540325e+05  -1.0878308e+05
   1.2600000e+01   3.6479478e+05  -9.4568000e+04
   1.2700000e+01   4.3721884e+05  -9.1215898e+04
   1.2800000e+01   4.9169969e+05  -1.0019988e+05
   1.2900000e+01   5.3261375e+05  -1.0819827e+05
   1.3000000e+01   5.7283456e+05  -9.9123570e+04
   1.3100000e+01   6.1279819e+05  -7.2595648e+04
   1.3200000e+01   6.3051212e+05  -4.7928641e+04
   1.3300000e+01   5.9883056e+05  -4.5698578e+04
   1.3400000e+01   5.1615212e+05  -6.3193129e+04
   1.3500000e+01   4.1750128e+05  -6.9846625e+04
   1.3600000e+01   3.4909406e+05  -3.1307568e+04
   1.3700000e+01   3.2748112e+05   5.8354387e+04
   1.3800000e+01   3.2380588e+05   1.6754070e+05
   1.3900000e+01   2.9093862e+05   2.5153852e+05
   1.4000000e+01   2.0814695e+05   2.8819372e+05
   1.4100000e+01   1.0002962e+05   2.9164169e+05
   1.4200000e+01   1.2775860e+04   2.9337450e+05
   1.4300000e+01  -2.7060613e+04   3.1198344e+05
   1.4400000e+01  -3.1863660e+04   3.4091053e+05
   1.4500000e+01  -3.6271523e+04   3.6111281e+05
   1.4600000e+01  -6.5686930e+04   3.5969325e+05
   1.4700000e+01  -1.2058742e+05   3.3456694e+05
   1.4800000e+01  -1.8596528e+05   2.8639809e+05
   1.4900000e+01  -2.4950566e+05   2.1428705e+05
   1.5000000e+01  -3.0840419e+05   1.2298401e+05
   1.5100000e+01  -3.6277584e+05   3.0176688e+04
   1.5200000e+01  -4.0989741e+05  -4.0811117e+04
   1.5300000e+01  -4.4894588e+05  -7.9282789e+04
   1.5400000e+01  -4.8778894e+05  -9.5988922e+04
   1.5500000e+01  -5.3687525e+05  -1.0970737e+05
   1.5600000e+01  -5.9172544e+05  -1.2420677e+05
   1.5700000e+01  -6.2530956e+05  -1.2163967e+05
   1.5800000e+01  -6.0634438e+05  -8.2037609e+04
   1.5900000e+01  -5.3004831e+05  -9.1427852e+03
   1.6000000e+01  -4.2839344e+05   6.6267000e+04
   1.6100000e+01  -3.4452619e+05   1.1137468e+05
   1.6200000e+01  -2.9446034e+05   1.1975910e+05
   1.6300000e+01  -2.5477995e+05   1.1380649e+05
   1.6400000e+01  -1.8867866e+05   1.1857958e+05
   1.6500000e+01  -8.2999953e+04   1.3418794e+05
   1.6600000e+01   4.0616684e+04   1.3465623e+05
   1.6700000e+01   1.4823591e+05   9.3555969e+04
   1.6800000e+01   2.2321552e+05   9.9843721e+03
   1.6900000e+01   2.7301191e+05  -9.0144672e+04
   1.7000000e+01   3.1128400e+05  -1.7635377e+05
   1.7100000e+01   3.3996131e+05  -2.3556753e+05
   1.7200000e+01   3.5245441e+05  -2.7364359e+05
   1.7300000e+01   3.5113288e+05  -3.0041772e+05
   1.7400000e+01   3.5290791e+05  -3.1901416e+05
   1.7500000e+01   3.7065572e+05  -3.3084122e+05
   1.7600000e+01   3.9120022e+05  -3.4426956e+05
   1.7700000e+01   3.8196700e+05  -3.6788975e+05
   1.7800000e+01   3.2807966e+05  -3.9053712e+05
   1.7900000e+01   2.6042300e+05  -3.7499850e+05
   1.8000000e+01   2.3532311e+05  -2.8528434e+05
   1.8100000e+01   2.7735366e+05  -1.2892679e+05
   1.8200000e+01   3.4415794e+05   3.0986449e+04
   1.8300000e+01   3.5690475e+05   1.1680370e+05
   1.8400000e+01   2.7198600e+05   9.8655359e+04
   1.8500000e+01   1.2309484e+05   1.9188164e+04
   1.8600000e+01  -8.3706562e+03  -4.4507129e+04
   1.8700000e+01  -6.3600141e+04  -4.5411750e+04
   1.8800000e+01  -4.8894742e+04   2.9009517e+03
   1.8900000e+01  -1.6561754e+04   5.2561414e+04
   1.9000000e+01  -1.3301029e+04   7.0604992e+04
   1.9100000e+01  -4.8852109e+04   6.1076320e+04
   1.9200000e+01  -1.0578411e+05   4.6137555e+04
   1.9300000e+01  -1.6728575e+05   3.6167867e+04
   1.9400000e+01  -2.3007781e+05   2.3493688e+04
   1.9500000e+01  -2.9534131e+05   8.9937109e+02
   1.9600000e+01  -3.5658356e+05  -2.3013266e+04
   1.9700000e+01  -4.0198938e+05  -3.1634973e+04
   1.9800000e+01  -4.2699116e+05  -1.9647914e+04
   1.9900000e+01  -4.3885491e+05   2.9471133e+03
   2.0000000e+01  -4.4532791e+05   2.8731102e+04
   2.0100000e+01  -4.4064553e+05   6.9324438e+04
   2.0200000e+01  -4.0776569e+05   1.4550305e+05
   2.0300000e+01  -3.3714388e+05   2.5751144e+05
   2.0400000e+01  -2.4110198e+05   3.6978553e+05
   2.0500000e+01  -1.4566234e+05   4.3303575e+05
   2.0600000e+01  -6.7257375e+04   4.2591225e+05
   2.0700000e+01   4.9822266e+01   3.7392053e+05
   2.0800000e+01   7.2918633e+04   3.2458903e+05
   2.0900000e+01   1.5693478e+05   3.0338666e+05
   2.1000000e+01   2.3976947e+05   2.9461200e+05
   2.1100000e+01   3.0531722e+05   2.6377744e+05
   2.1200000e+01   3.4986672e+05   1.9423742e+05
   2.1300000e+01   3.8090966e+05   9.9440438e+04
   2.1400000e+01   4.0256938e+05   3.5049062e+03
   2.1500000e+01   4.0875500e+05  -8.1732688e+04
   2.1600000e+01   3.9437175e+05  -1.5651855e+05
   2.1700000e+01   3.6976894e+05  -2.1659398e+05
   2.1800000e+01   3.5637709e+05  -2.4872064e+05
   2.1900000e+01   3.6358262e+05  -2.4880936e+05
   2.2000000e+01   3.7331575e+05  -2.3847683e+05
   2.2100000e+01   3.5580866e+05  -2.5091827e+05
   2.2200000e+01   3.0577875e+05  -2.9293688e+05
   2.2300000e+01   2.5963497e+05  -3.2524569e+05
   2.2400000e+01   2.6751384e+05  -2.9153300e+05
   2.2500000e+01   3.4101916e+05  -1.7495472e+05
   2.2600000e+01   4.2913694e+05  -2.5344957e+04
   2.2700000e+01   4.5258653e+05   7.5550812e+04
   2.2800000e+01   3.6926494e+05   8.1891188e+04
   2.2900000e+01   2.0999873e+05   2.0990203e+04
   2.3000000e+01   5.1199449e+04  -3.4466016e+04
   2.3100000e+01  -4.8427855e+04  -3.1123307e+04
   2.3200000e+01  -8.8474125e+04   2.4029498e+04
   2.3300000e+01  -1.1307687e+05   7.9764469e+04
   2.3400000e+01  -1.6446492e+05   9.1792930e+04
   2.3500000e+01  -2.5019025e+05   5.8583672e+04
   2.3600000e+01  -3.4792688e+05   1.3045344e+04
   2.3700000e+01  -4.3247828e+05  -1.3992332e+04
   2.3800000e+01  -4.9441281e+05  -1.9526150e+04
   2.3900000e+01  -5.3725156e+05  -2.1435156e+04
   2.4000000e+01  -5.6513112e+05  -3.2455441e+04
   2.4100000e+01  -5.7841056e+05  -4.5831375e+04
   2.4200000e+01  -5.7960512e+05  -4.6741141e+04
   2.4300000e+01  -5.7745156e+05  -3.3201434e+04
   2.4400000e+01  -5.8037569e+05  -1.9976279e+04
   2.4500000e+01  -5.8655081e+05  -2.0278064e+04
   2.4600000e+01  -5.8493750e+05  -2.7939148e+04
   2.4700000e+01  -5.6934375e+05  -2.3553059e+04
   2.4800000e+01  -5.4969844e+05   6.7287891e+02
   2.4900000e+01  -5.4464719e+05   2.6877615e+04
   2.5000000e+01  -5.6036338e+05   2.6869705e+04
   2.5100000e+01  -5.7845225e+05  -9.2751621e+03
   2.5200000e+01  -5.6823456e+05  -6.3843156e+04
   2.5300000e+01  -5.1252312e+05  -1.1129355e+05
   2.5400000e+01  -4.2118641e+05  -1.4302936e+05
   2.5500000e+01  -3.2012556e+05  -1.6892195e+05
   2.5600000e+01  -2.2867444e+05  -1.9742366e+05
   2.5700000e+01  -1.4743389e+05  -2.2168161e+05
   2.5800000e+01  -6.4158176e+04  -2.2874091e+05
   2.5900000e+01   3.3031625e+04  -2.1769186e+05
   2.6000000e+01   1.4844142e+05  -2.0135153e+05
   2.6100000e+01   2.7968728e+05  -1.8866280e+05
   2.6200000e+01   4.1996672e+05  -1.7136194e+05
   2.6300000e+01   5.5773600e+05  -1.3380880e+05
   2.6400000e+01   6.7749612e+05  -7.4580031e+04
   2.6500000e+01   7.6672525e+05  -1.1381701e+04
   2.6600000e+01   8.2643875e+05   3.9793543e+04
   2.6700000e+01   8.7473938e+05   8.7208000e+04
   2.6800000e+01   9.3479469e+05   1.5811412e+05
   2.6900000e+01   1.0127456e+06   2.6734144e+05
   2.7000000e+01   1.0850592e+06   3.9336519e+05
   2.7100000e+01   1.1117638e+06   4.9013197e+05
   2.7200000e+01   1.0688688e+06   5.2528656e+05
   2.7300000e+01   9.7086569e+05   5.0744066e+05
   2.7400000e+01   8.5904600e+05   4.7651434e+05
   2.7500000e+01   7.6412250e+05   4.6765834e+05
   2.7600000e+01   6.7958662e+05   4.8237712e+05
   2.7700000e+01   5.7306125e+05   4.9047372e+05
   2.7800000e+01   4.2363022e+05   4.5772700e+05
   2.7900000e+01   2.4598822e+05   3.7416634e+05
   2.8000000e+01   7.7485734e+04   2.6047705e+05
   2.8100000e+01  -5.5600629e+04   1.4979339e+05
   2.8200000e+01  -1.5604453e+05   6.2306684e+04
   2.8300000e+01  -2.4215355e+05  -5.2457285e+03
   2.8400000e+01  -3.2270469e+05  -6.8237500e+04
   2.8500000e+01  -3.8996559e+05  -1.3511628e+05
   2.8600000e+01  -4.3567925e+05  -2.0058950e+05
   2.8700000e+01  -4.6704259e+05  -2.5523144e+05
   2.8800000e+01  -5.0127625e+05  -2.9707438e+05
   2.8900000e+01  -5.4471688e+05  -3.3120606e+05
   2.9000000e+01  -5.8197119e+05  -3.6067916e+05
   2.9100000e+01  -5.8961825e+05  -3.8262047e+05
   2.9200000e+01  -5.6080306e+05  -3.9409803e+05
   2.9300000e+01  -5.1456709e+05  -3.9744341e+05
   2.9400000e+01  -4.8052309e+05  -3.9569291e+05
   2.9500000e+01  -4.7551003e+05  -3.8408125e+05
   2.9600000e+01  -4.9514878e+05  -3.5124581e+05
   2.9700000e+01  -5.2491538e+05  -2.9218000e+05
   2.9800000e+01  -5.5512775e+05  -2.1862256e+05
   2.9900000e+01  -5.8423350e+05  -1.5308509e+05
   3.0000000e+01  -6.1161775e+05  -1.1067022e+05
   3.0100000e+01  -6.3275256e+05  -8.7083938e+04
   3.0200000e+01  -6.4299025e+05  -6.5142328e+04
   3.0300000e+01  -6.4251900e+05  -3.2703951e+04
   3.0400000e+01  -6.3310975e+05   6.2605020e+03
   3.0500000e+01  -6.0972456e+05   3.7547637e+04
   3.0600000e+01  -5.5958262e+05   5.1916512e+04
   3.0700000e+01  -4.7362484e+05   5.3496332e+04
   3.0800000e+01  -3.5864006e+05   5.3752289e+04
   3.0900000e+01  -2.3419328e+05   5.8711023e+04
   3.1000000e+01  -1.1453018e+05   6.3357078e+04
   3.1100000e+01   5.6969785e+03   5.8545359e+04
   3.1200000e+01   1.4451400e+05   4.2117293e+04
   3.1300000e+01   3.0916728e+05   2.1657816e+04
   3.1400000e+01   4.7978741e+05   5.9122451e+03
   3.1500000e+01   6.1868844e+05  -4.9679434e+03
   3.1600000e+01   6.9910656e+05  -1.8075354e+04
   3.1700000e+01   7.2771300e+05  -3.5329531e+04
   3.1800000e+01   7.3979069e+05  -4.4029879e+04
   3.1900000e+01   7.6979394e+05  -2.3734422e+04
   3.2000000e+01   8.2153469e+05   3.4101227e+04
   3.2100000e+01   8.6329931e+05   1.1315580e+05
   3.2200000e+01   8.5306988e+05   1.8146734e+05
   3.2300000e+01   7.7384556e+05   2.1641006e+05
   3.2400000e+01   6.4955450e+05   2.2181597e+05
   3.2500000e+01   5.2753606e+05   2.2079534e+05
   3.2600000e+01   4.4239016e+05   2.3248791e+05
   3.2700000e+01   3.9263956e+05   2.5639434e+05
   3.2800000e+01   3.4952016e+05   2.7763041e+05
   3.2900000e+01   2.8689684e+05   2.8322803e+05
   3.3000000e+01   2.0269002e+05   2.7022209e+05
   3.3100000e+01   1.1396020e+05   2.3978380e+05
   3.3200000e+01   3.6281016e+04   1.8967344e+05
   3.3300000e+01  -2.8235975e+04   1.1735995e+05
   3.3400000e+01  -8.4475203e+04   2.9571373e+04
   3.3500000e+01  -1.3278469e+05  -5.6594727e+04
   3.3600000e+01  -1.6909700e+05  -1.2584777e+05
   3.3700000e+01  -1.9483080e+05  -1.7685106e+05
   3.3800000e+01  -2.2005416e+05  -2.1892919e+05
   3.3900000e+01  -2.5258798e+05  -2.5642073e+05
   3.4000000e+01  -2.8648878e+05  -2.8026797e+05
   3.4100000e+01  -3.0705828e+05  -2.7890791e+05
   3.4200000e+01  -3.0924759e+05  -2.5642225e+05
   3.4300000e+01  -3.0734162e+05  -2.3481403e+05
   3.4400000e+01  -3.2181531e+05  -2.3440842e+05
   3.4500000e+01  -3.5645238e+05  -2.5231853e+05
   3.4600000e+01  -3.9207812e+05  -2.6267006e+05
   3.4700000e+01  -4.0520906e+05  -2.3912036e+05
   3.4800000e+01  -3.9128056e+05  -1.7706272e+05
   3.4900000e+01  -3.6696369e+05  -9.5221812e+04
   3.5000000e+01  -3.5042497e+05  -1.8817939e+04
   3.5100000e+01  -3.4311747e+05   3.7320832e+04
   3.5200000e+01  -3.3284538e+05   7.2459703e+04
   3.5300000e+01  -3.1111491e+05   9.3233250e+04
   3.5400000e+01  -2.8108822e+05   1.0717072e+05
   3.5500000e+01  -2.4611162e+05   1.2157267e+05
   3.5600000e+01  -1.9581089e+05   1.4374116e+05
   3.5700000e+01  -1.1272673e+05   1.7700453e+05
   3.5800000e+01   2.6536768e+03   2.1411294e+05
   3.5900000e+01   1.1795371e+05   2.3699827e+05
   3.6000000e+01   1.8947541e+05   2.2952562e+05
   3.6100000e+01   2.0266197e+05   1.9623672e+05
   3.6200000e+01   1.8974486e+05   1.6779762e+05
   3.6300000e+01   2.0009767e+05   1.8022214e+05
   3.6400000e+01   2.4888995e+05   2.4061356e+05
   3.6500000e+01   2.9706434e+05   3.1232375e+05
   3.6600000e+01   2.8644356e+05   3.4008278e+05
   3.6700000e+01   1.9638836e+05   2.9664422e+05
   3.6800000e+01   6.5099262e+04   2.0694856e+05
   3.6900000e+01  -4.4437270e+04   1.2506819e+05
   3.7000000e+01  -9.7091711e+04   8.6206008e+04
   3.7100000e+01  -1.0478838e+05   8.0575016e+04
   3.7200000e+01  -9.9825523e+04   7.1429141e+04
   3.7300000e+01  -9.7427836e+04   3.3773281e+04
   3.7400000e+01  -8.6944977e+04  -2.6680611e+04
   3.7500000e+01  -5.3454891e+04  -8.7934398e+04
   3.7600000e+01   1.3260078e+03  -1.3666433e+05
   3.7700000e+01   6.2716703e+04  -1.7541512e+05
   3.7800000e+01   1.2198840e+05  -2.1013331e+05
   3.7900000e+01   1.8364541e+05  -2.3917191e+05
   3.8000000e+01   2.5137727e+05  -2.5802128e+05
   3.8100000e+01   3.1170309e+05  -2.6987306e+05
   3.8200000e+01   3.3909731e+05  -2.8363422e+05
   3.8300000e+01   3.2111597e+05  -2.9916650e+05
   3.8400000e+01   2.7618916e+05  -2.9995831e+05
   3.8500000e+01   2.4112592e+05  -2.6774303e+05
   3.8600000e+01   2.3708694e+05  -2.0625489e+05
   3.8700000e+01   2.4766655e+05  -1.4595528e+05
   3.8800000e+01   2.3267741e+05  -1.1980338e+05
   3.8900000e+01   1.6553597e+05  -1.3312083e+05
   3.9000000e+01   5.8180102e+04  -1.5948378e+05
   3.9100000e+01  -4.9541137e+04  -1.6722188e+05
   3.9200000e+01  -1.2339355e+05  -1.4807636e+05
   3.9300000e+01  -1.5801138e+05  -1.1872150e+05
   3.9400000e+01  -1.7114255e+05  -9.7455375e+04
   3.9500000e+01  -1.8113408e+05  -8.5091367e+04
   3.9600000e+01  -1.9316283e+05  -7.0621242e+04
   3.9700000e+01  -2.0387519e+05  -5.0689668e+04
   3.9800000e+01  -2.1125466e+05  -3.5944301e+04
   3.9900000e+01  -2.1425361e+05  -3.5513832e+04
   4.0000000e+01  -2.0535050e+05  -4.0268895e+04
   4.0100000e+01  -1.7257080e+05  -2.9478086e+04
   4.0200000e+01  -1.1584307e+05   2.6585864e+03
   4.0300000e+01  -5.8772141e+04   3.1973475e+04
   4.0400000e+01  -3.3588367e+04   2.4641217e+04
   4.0500000e+01  -4.5875414e+04  -2.2503752e+04
   4.0600000e+01  -5.6812500e+04  -6.5475250e+04
   4.0700000e+01  -1.2352602e+04  -4.6142750e+04
   4.0800000e+01   1.0013856e+05   5.0970066e+04
   4.0900000e+01   2.2555333e+05   1.7459039e+05
   4.1000000e+01   2.8066191e+05   2.4474875e+05
   4.1100000e+01   2.2773895e+05   2.2117244e+05
   4.1200000e+01   1.0983577e+05   1.3806538e+05
   4.1300000e+01   1.1395131e+04   7.3251969e+04
   4.1400000e+01  -1.5558072e+04   8.2914188e+04
   4.1500000e+01   1.3381216e+04   1.6254412e+05
   4.1600000e+01   4.5853844e+04   2.6339397e+05
   4.1700000e+01   4.7849125e+04   3.3911241e+05
   4.1800000e+01   2.5354463e+04   3.7604191e+05
   4.1900000e+01   1.5637192e+03   3.8734069e+05
   4.2000000e+01  -1.3316451e+04   3.8937125e+05
   4.2100000e+01  -2.5670848e+04   3.8815269e+05
   4.2200000e+01  -4.0875785e+04   3.8265553e+05
   4.2300000e+01  -5.3063074e+04   3.7129850e+05
   4.2400000e+01  -5.5012930e+04   3.5075441e+05
   4.2500000e+01  -5.2813887e+04   3.1258475e+05
   4.2600000e+01  -6.4654891e+04   2.4866167e+05
   4.2700000e+01  -1.0318500e+05   1.6344686e+05
   4.2800000e+01  -1.6045912e+05   7.7768031e+04
   4.2900000e+01  -2.1249561e+05   1.4293482e+04
   4.3000000e+01  -2.4053745e+05  -2.4405672e+04
   4.3100000e+01  -2.4877966e+05  -6.2277648e+04
   4.3200000e+01  -2.6054475e+05  -1.3043152e+05
   4.3300000e+01  -2.9526147e+05  -2.3779378e+05
   4.3400000e+01  -3.4806038e+05  -3.5949381e+05
   4.3500000e+01  -3.9227309e+05  -4.5478841e+05
   4.3600000e+01  -4.0240981e+05  -4.9824731e+05
   4.3700000e+01  -3.7424716e+05  -4.9612956e+05
   4.3800000e+01  -3.2250575e+05  -4.7545219e+05
   4.3900000e+01  -2.6152406e+05  -4.5909506e+05
   4.4000000e+01  -1.9211155e+05  -4.5040119e+05
   4.4100000e+01  -1.0805339e+05  -4.3757853e+05
   4.4200000e+01  -1.0912061e+04  -4.0829841e+05
   4.4300000e+01   8.7448539e+04  -3.5887425e+05
   4.4400000e+01   1.7760995e+05  -2.9311284e+05
   4.4500000e+01   2.6217412e+05  -2.1806675e+05
   4.4600000e+01   3.4710956e+05  -1.4338964e+05
   4.4700000e+01   4.2510062e+05  -8.1085453e+04
   4.4800000e+01   4.7540944e+05  -3.8568414e+04
   4.4900000e+01   4.8634650e+05  -7.5945527e+03
   4.5000000e+01   4.7525669e+05   3.6804383e+04
   4.5100000e+01   4.7722478e+05   1.1770773e+05
   4.5200000e+01   5.0765725e+05   2.2957789e+05
   4.5300000e+01   5.3834338e+05   3.3061144e+05
   4.5400000e+01   5.1840641e+05   3.6921600e+05
   4.5500000e+01   4.2461278e+05   3.2641572e+05
   4.5600000e+01   2.9060366e+05   2.3547228e+05
   4.5700000e+01   1.8257731e+05   1.5755488e+05
   4.5800000e+01   1.4288803e+05   1.3372277e+05
   4.5900000e+01   1.5571186e+05   1.5680402e+05
   4.6000000e+01   1.6610689e+05   1.8704805e+05
   4.6100000e+01   1.3087980e+05   1.9290933e+05
   4.6200000e+01   5.1995016e+04   1.7673516e+05
   4.6300000e+01  -3.4065109e+04   1.6450709e+05
   4.6400000e+01  -9.2957922e+04   1.7578844e+05
   4.6500000e+01  -1.1727470e+05   2.0592516e+05
   4.6600000e+01  -1.2143139e+05   2.3475681e+05
   4.6700000e+01  -1.2091677e+05   2.4761347e+05
   4.6800000e+01  -1.2044487e+05   2.4529316e+05
   4.6900000e+01  -1.1880609e+05   2.3564352e+05
   4.7000000e+01  -1.1830145e+05   2.1985911e+05
   4.7100000e+01  -1.2534935e+05   1.8995661e+05
   4.7200000e+01  -1.4300442e+05   1.3912030e+05
   4.7300000e+01  -1.6628631e+05   7.1525750e+04
   4.7400000e+01  -1.8652838e+05  -7.0656250e+02
   4.7500000e+01  -1.9958219e+05  -7.0318375e+04
   4.7600000e+01  -2.0884666e+05  -1.4210653e+05
   4.7700000e+01  -2.2075681e+05  -2.2467855e+05
   4.7800000e+01  -2.3834003e+05  -3.1516547e+05
   4.7900000e+01  -2.5910420e+05  -3.9530219e+05
   4.8000000e+01  -2.7795481e+05  -4.4570572e+05
   4.8100000e+01  -2.9111884e+05  -4.6364359e+05
   4.8200000e+01  -2.9739006e+05  -4.6369238e+05
   4.8300000e+01  -2.9664162e+05  -4.5953012e+05
   4.8400000e+01  -2.8828853e+05  -4.4769656e+05
   4.8500000e+01  -2.7184503e+05  -4.1272134e+05
   4.8600000e+01  -2.4875794e+05  -3.4778078e+05
   4.8700000e+01  -2.2250505e+05  -2.6609197e+05
   4.8800000e+01  -1.9548342e+05  -1.8928102e+05
   4.8900000e+01  -1.6559939e+05  -1.2686336e+05
   4.9000000e+01  -1.2745927e+05  -7.1225633e+04
   4.9100000e+01  -7.8612195e+04  -1.2478113e+04
   4.9200000e+01  -2.4172785e+04   4.7216512e+04
   4.9300000e+01   2.7334467e+04   9.8284484e+04
   4.9400000e+01   7.4536273e+04   1.3995827e+05
   4.9500000e+01   1.2784034e+05   1.8452945e+05
   4.9600000e+01   1.9898862e+05   2.4108903e+05
   4.9700000e+01   2.8299278e+05   2.9790731e+05
   4.9800000e+01   3.5255706e+05   3.2759047e+05
   4.9900000e+01   3.7652709e+05   3.1350962e+05
   5.0000000e+01   3.4885794e+05   2.6976084e+05
   5.0100000e+01   2.9908712e+05   2.3169281e+05
   5.0200000e+01   2.6952500e+05   2.2510592e+05
   5.0300000e+01   2.7755544e+05   2.4454169e+05
   5.0400000e+01   2.9921062e+05   2.6068284e+05
   5.0500000e+01   2.9114772e+05   2.4719319e+05
   5.0600000e+01   2.3012369e+05   2.0088494e+05
   5.0700000e+01   1.3206150e+05   1.4006720e+05
   5.0800000e+01   3.4914652e+04   8.7997992e+04
   5.0900000e+01  -3.3911059e+04   5.7995195e+04
   5.1000000e+01  -7.3122172e+04   4.9215887e+04
   5.1100000e+01  -9.6300875e+04   5.0707965e+04
   5.1200000e+01  -1.1248174e+05   4.7751172e+04
   5.1300000e+01  -1.2029305e+05   2.7655203e+04
   5.1400000e+01  -1.1685037e+05  -1.5031328e+04
   5.1500000e+01  -1.0582492e+05  -7.4578695e+04
   5.1600000e+01  -9.4147172e+04  -1.3408733e+05
   5.1700000e+01  -8.3318797e+04  -1.7238483e+05
   5.1800000e+01  -6.7690445e+04  -1.7706273e+05
   5.1900000e+01  -4.2351246e+04  -1.5597605e+05
   5.2000000e+01  -1.1149545e+04  -1.3569141e+05
   5.2100000e+01   1.4773148e+04  -1.4280352e+05
   5.2200000e+01   2.6708904e+04  -1.8075955e+05
   5.2300000e+01   2.6148717e+04  -2.2414406e+05
   5.2400000e+01   2.2605455e+04  -2.3943348e+05
   5.2500000e+01   2.3887887e+04  -2.1483806e+05
   5.2600000e+01   2.8689379e+04  -1.7024514e+05
   5.2700000e+01   2.8497867e+04  -1.3711709e+05
   5.2800000e+01   1.6048012e+04  -1.2890126e+05
   5.2900000e+01  -8.6935010e+03  -1.3139309e+05
   5.3000000e+01  -4.0277625e+04  -1.2010452e+05
   5.3100000e+01  -7.3578242e+04  -8.3890836e+04
   5.3200000e+01  -1.0636885e+05  -3.1154148e+04
   5.3300000e+01  -1.3691525e+05   2.3054170e+04
   5.3400000e+01  -1.6176962e+05   7.1061711e+04
   5.3500000e+01  -1.7790481e+05   1.1333788e+05
   5.3600000e+01  -1.8582148e+05   1.5028722e+05
   5.3700000e+01  -1.8729525e+05   1.7909733e+05
   5.3800000e+01  -1.7871481e+05   1.9989520e+05
   5.3900000e+01  -1.4968014e+05   2.2029794e+05
   5.4000000e+01  -9.3359375e+04   2.4748239e+05
   5.4100000e+01  -2.0300455e+04   2.7395569e+05
   5.4200000e+01   4.1983469e+04   2.7653928e+05
   5.4300000e+01   7.0308453e+04   2.3774422e+05
   5.4400000e+01   7.0771984e+04   1.7156344e+05
   5.4500000e+01   7.9707727e+04   1.2275704e+05
   5.4600000e+01   1.3255222e+05   1.3101294e+05
   5.4700000e+01   2.2638184e+05   1.9046475e+05
   5.4800000e+01   3.1409447e+05   2.4724342e+05
   5.4900000e+01   3.4112284e+05   2.4344081e+05
   5.5000000e+01   2.9311456e+05   1.6778634e+05
   5.5100000e+01   2.0922809e+05   6.4112766e+04
   5.5200000e+01   1.4758591e+05  -9.4488398e+03
   5.5300000e+01   1.3595381e+05  -2.9195711e+04
   5.5400000e+01   1.5403570e+05  -1.7410598e+04
   5.5500000e+01   1.6052789e+05  -1.2936436e+04
   5.5600000e+01   1.3384080e+05  -3.5760816e+04
   5.5700000e+01   8.6021125e+04  -7.8172641e+04
   5.5800000e+01   4.1843520e+04  -1.2178824e+05
   5.5900000e+01   1.1612500e+04  -1.5584428e+05
   5.6000000e+01  -1.2399585e+04  -1.7935777e+05
   5.6100000e+01  -3.7603781e+04  -1.9252048e+05
   5.6200000e+01  -5.8176148e+04  -1.9298472e+05
   5.6300000e+01  -6.4796406e+04  -1.8218531e+05
   5.6400000e+01  -6.2731965e+04  -1.7140962e+05
   5.6500000e+01  -7.1442000e+04  -1.7592258e+05
   5.6600000e+01  -1.0207359e+05  -1.9967741e+05
   5.6700000e+01  -1.3950162e+05  -2.2678217e+05
   5.6800000e+01  -1.5370739e+05  -2.3233173e+05
   5.6900000e+01  -1.3114488e+05  -2.0563197e+05
   5.7000000e+01  -9.1273625e+04  -1.6320650e+05
   5.7100000e+01  -6.8650070e+04  -1.3618144e+05
   5.7200000e+01  -7.9676445e+04  -1.4226317e+05
   5.7300000e+01  -1.0971786e+05  -1.7006273e+05
   5.7400000e+01  -1.3228525e+05  -1.9220388e+05
   5.7500000e+01  -1.3678517e+05  -1.9354778e+05
   5.7600000e+01  -1.3497944e+05  -1.8454797e+05
   5.7700000e+01  -1.4277875e+05  -1.8623122e+05
   5.7800000e+01  -1.6078756e+05  -2.0488402e+05
   5.7900000e+01  -1.7532403e+05  -2.2534533e+05
   5.8000000e+01  -1.7662609e+05  -2.2911327e+05
   5.8100000e+01  -1.7162773e+05  -2.1381114e+05
   5.8200000e+01  -1.7545369e+05  -1.8980702e+05
   5.8300000e+01  -1.9083319e+05  -1.5977300e+05
   5.8400000e+01  -2.0060453e+05  -1.1078463e+05
   5.8500000e+01  -1.8566119e+05  -3.3853371e+04
   5.8600000e+01  -1.4979409e+05   5.2644359e+04
   5.8700000e+01  -1.1910870e+05   1.1218000e+05
   5.8800000e+01  -1.0940493e+05   1.3233319e+05
   5.8900000e+01  -9.6655672e+04   1.5346750e+05
   5.9000000e+01  -3.2136840e+04   2.4027161e+05
   5.9100000e+01   1.0300588e+05   4.1334497e+05
   5.9200000e+01   2.6069591e+05   6.1087762e+05
   5.9300000e+01   3.5487275e+05   7.2885969e+05
   5.9400000e+01   3.3622969e+05   7.0777894e+05
   5.9500000e+01   2.3856123e+05   5.8204106e+05
   5.9600000e+01   1.4817697e+05   4.4498588e+05
   5.9700000e+01   1.2755605e+05   3.6774588e+05
   5.9800000e+01   1.6943261e+05   3.5113384e+05
   5.9900000e+01   2.2005666e+05   3.4704884e+05
   6.0000000e+01   2.3705645e+05   3.1401309e+05
   6.0100000e+01   2.1995856e+05   2.4824472e+05
   6.0200000e+01   1.9214916e+05   1.7061569e+05
   6.0300000e+01   1.6729623e+05   9.7363109e+04
   6.0400000e+01   1.4062281e+05   2.8767053e+04
   6.0500000e+01   1.0707534e+05  -3.9587414e+04
   6.0600000e+01   7.5863258e+04  -1.0357246e+05
   6.0700000e+01   6.0589629e+04  -1.5233897e+05
   6.0800000e+01   5.8882211e+04  -1.8110564e+05
   6.0900000e+01   5.0419141e+04  -1.9792312e+05
   6.1000000e+01   1.9791123e+04  -2.1503516e+05
   6.1100000e+01  -2.1321416e+04  -2.3388775e+05
   6.1200000e+01  -4.0675180e+04  -2.4179148e+05
   6.1300000e+01  -1.7478574e+04  -2.2655111e+05
   6.1400000e+01   3.3066945e+04  -1.9409230e+05
   6.1500000e+01   6.9768781e+04  -1.6780225e+05
   6.1600000e+01   6.1287363e+04  -1.6737150e+05
   6.1700000e+01   1.2358342e+04  -1.8929320e+05
   6.1800000e+01  -4.4406867e+04  -2.1104614e+05
   6.1900000e+01  -8.0478359e+04  -2.1439369e+05
   6.2000000e+01  -9.4363656e+04  -2.0158102e+05
   6.2100000e+01  -1.0564803e+05  -1.8798016e+05
   6.2200000e+01  -1.3137112e+05  -1.8318498e+05
   6.2300000e+01  -1.7126727e+05  -1.8387353e+05
   6.2400000e+01  -2.1381298e+05  -1.8341627e+05
   6.2500000e+01  -2.5021581e+05  -1.8124534e+05
   6.2600000e+01  -2.7756234e+05  -1.7834955e+05
   6.2700000e+01  -2.9031144e+05  -1.6757934e+05
   6.2800000e+01  -2.7692809e+05  -1.3689367e+05
   6.2900000e+01  -2.3195409e+05  -8.6137445e+04
   6.3000000e+01  -1.7021281e+05  -3.6073203e+04
   6.3100000e+01  -1.2043359e+05  -1.2564997e+04
   6.3200000e+01  -9.7143352e+04  -1.7665000e+04
   6.3300000e+01  -7.9719719e+04  -1.9498744e+04
   6.3400000e+01  -2.7407285e+04   2.2120559e+04
   6.3500000e+01   7.7857953e+04   1.1482302e+05
   6.3600000e+01   2.0379522e+05   2.1809777e+05
   6.3700000e+01   2.8847612e+05   2.7235616e+05
   6.3800000e+01   2.9377775e+05   2.4870059e+05
   6.3900000e+01   2.3983812e+05   1.7374934e+05
   6.4000000e+01   1.8587119e+05   1.0665634e+05
   6.4100000e+01   1.7620095e+05   9.0326844e+04
   6.4200000e+01   2.0399928e+05   1.2107565e+05
   6.4300000e+01   2.2495577e+05   1.6023378e+05
   6.4400000e+01   2.0260888e+05   1.7124483e+05
   6.4500000e+01   1.3928855e+05   1.4683962e+05
   6.4600000e+01   6.6765117e+04   1.0703644e+05
   6.4700000e+01   1.3070992e+04   7.7694258e+04
   6.4800000e+01  -1.8367223e+04   7.1731656e+04
   6.4900000e+01  -4.0438582e+04   8.5094469e+04
   6.5000000e+01  -6.0742648e+04   1.0399014e+05
   6.5100000e+01  -7.2804750e+04   1.1425771e+05
   6.5200000e+01  -6.6890125e+04   1.0758235e+05
   6.5300000e+01  -4.3793543e+04   8.3842016e+04
   6.5400000e+01  -1.4267327e+04   5.0081875e+04
   6.5500000e+01   1.3418555e+04   1.6560832e+04
   6.5600000e+01   4.0727078e+04  -8.8378506e+03
   6.5700000e+01   7.1773766e+04  -2.5293977e+04
   6.5800000e+01   1.0190330e+05  -3.9803383e+04
   6.5900000e+01   1.1781395e+05  -6.2186383e+04
   6.6000000e+01   1.1060575e+05  -9.6379477e+04
   6.6100000e+01   8.6419922e+04  -1.3477811e+05
   6.6200000e+01   6.1161891e+04  -1.6236241e+05
   6.6300000e+01   4.4158180e+04  -1.6911281e+05
   6.6400000e+01   2.8628719e+04  -1.5938836e+05
   6.6500000e+01  -7.4725928e+02  -1.4773070e+05
   6.6600000e+01  -5.1988980e+04  -1.4421208e+05
   6.6700000e+01  -1.1887067e+05  -1.4469094e+05
   6.6800000e+01  -1.8864997e+05  -1.3676714e+05
   6.6900000e+01  -2.5337517e+05  -1.1456014e+05
   6.7000000e+01  -3.1142550e+05  -8.5293711e+04
   6.7100000e+01  -3.6002191e+05  -6.0739617e+04
   6.7200000e+01  -3.9142266e+05  -4.4862156e+04
   6.7300000e+01  -3.9990500e+05  -3.2882020e+04
   6.7400000e+01  -3.9063762e+05  -2.1573973e+04
   6.7500000e+01  -3.7649434e+05  -1.5552215e+04
   6.7600000e+01  -3.6292034e+05  -1.9337268e+04
   6.7700000e+01  -3.3757856e+05  -2.4703742e+04
   6.7800000e+01  -2.7915100e+05  -1.2216334e+04
   6.7900000e+01  -1.7910081e+05   2.8992445e+04
   6.8000000e+01  -5.4564430e+04   8.2774453e+04
   6.8100000e+01   6.1953633e+04   1.1240261e+05
   6.8200000e+01   1.4757005e+05   9.1662164e+04
   6.8300000e+01   2.0587897e+05   3.2523379e+04
   6.8400000e+01   2.6054284e+05  -1.9641408e+04
   6.8500000e+01   3.3136491e+05  -2.2522332e+04
   6.8600000e+01   4.1354500e+05   2.7194230e+04
   6.8700000e+01   4.7814862e+05   9.1399117e+04
   6.8800000e+01   4.9429175e+05   1.2332360e+05
   6.8900000e+01   4.5479112e+05   1.0500052e+05
   6.9000000e+01   3.8274853e+05   5.7087719e+04
   6.9100000e+01   3.1252806e+05   1.6742660e+04
   6.9200000e+01   2.6229312e+05   7.4844277e+03
   6.9300000e+01   2.2358417e+05   2.6941506e+04
   6.9400000e+01   1.7624473e+05   5.6885562e+04
   6.9500000e+01   1.1139112e+05   8.0095109e+04
   6.9600000e+01   3.8839281e+04   8.8578547e+04
   6.9700000e+01  -2.5241682e+04   8.1662117e+04
   6.9800000e+01  -7.3104641e+04   6.2046047e+04
   6.9900000e+01  -1.0641407e+05   3.4848383e+04
   7.0000000e+01  -1.2706286e+05   7.1105967e+03
   7.0100000e+01  -1.3334177e+05  -1.5712680e+04
   7.0200000e+01  -1.2660507e+05  -3.4079992e+04
   7.0300000e+01  -1.1670720e+05  -5.3871320e+04
   7.0400000e+01  -1.1510965e+05  -7.9668484e+04
   7.0500000e+01  -1.2232743e+05  -1.0779695e+05
   7.0600000e+01  -1.2675966e+05  -1.2699338e+05
   7.0700000e+01  -1.1915905e+05  -1.2784783e+05
   7.0800000e+01  -1.0618839e+05  -1.1287775e+05
   7.0900000e+01  -1.0517651e+05  -9.6752539e+04
   7.1000000e+01  -1.2411578e+05  -9.4469977e+04
   7.1100000e+01  -1.4983714e+05  -1.0725373e+05
   7.1200000e+01  -1.5917416e+05  -1.1958117e+05
   7.1300000e+01  -1.4155791e+05  -1.1116312e+05
   7.1400000e+01  -1.0817041e+05  -7.3512836e+04
   7.1500000e+01  -7.8225414e+04  -1.6210564e+04
   7.1600000e+01  -5.8637473e+04   4.2077492e+04
   7.1700000e+01  -3.9488523e+04   8.8497000e+04
   7.1800000e+01  -8.4664570e+03   1.2328227e+05
   7.1900000e+01   3.3812051e+04   1.5503981e+05
   7.2000000e+01   7.5015734e+04   1.9150170e+05
   7.2100000e+01   1.0601415e+05   2.3521078e+05
   7.2200000e+01   1.3076574e+05   2.8512475e+05
   7.2300000e+01   1.5867878e+05   3.3755581e+05
   7.2400000e+01   1.8794925e+05   3.8298362e+05
   7.2500000e+01   2.0054641e+05   4.0491722e+05
   7.2600000e+01   1.7839880e+05   3.8892212e+05
   7.2700000e+01   1.2631859e+05   3.3794359e+05
   7.2800000e+01   7.5942859e+04   2.7698622e+05
   7.2900000e+01   6.1172195e+04   2.3536392e+05
   7.3000000e+01   8.5591625e+04   2.1831906e+05
   7.3100000e+01   1.1490369e+05   1.9673414e+05
   7.3200000e+01   1.0576719e+05   1.3035073e+05
   7.3300000e+01   4.5690797e+04   5.7380957e+03
   7.3400000e+01  -3.4662578e+04  -1.4796844e+05
   7.3500000e+01  -8.8837062e+04  -2.8203972e+05
   7.3600000e+01  -9.4010172e+04  -3.6739200e+05
   7.3700000e+01  -6.4604090e+04  -4.1242659e+05
   7.3800000e+01  -3.1536643e+04  -4.4589231e+05
   7.3900000e+01  -1.3532874e+04  -4.8653831e+05
   7.4000000e+01  -9.2310000e+03  -5.2999975e+05
   7.4100000e+01  -1.0312158e+04  -5.6026419e+05
   7.4200000e+01  -1.3366988e+04  -5.6749325e+05
   7.4300000e+01  -1.6831896e+04  -5.5285238e+05
   7.4400000e+01  -1.3420010e+04  -5.2024525e+05
   7.4500000e+01   5.2851133e+03  -4.6940925e+05
   7.4600000e+01   3.4546922e+04  -3.9967072e+05
   7.4700000e+01   5.2803176e+04  -3.1810988e+05
   7.4800000e+01   3.9681609e+04  -2.3948438e+05
   7.4900000e+01  -6.4892480e+02  -1.7500311e+05
   7.5000000e+01  -3.8891270e+04  -1.2125002e+05
   7.5100000e+01  -4.8993359e+04  -6.2741465e+04
   7.5200000e+01  -3.7958430e+04   1.1748067e+04
   7.5300000e+01  -4.3167559e+04   9.4460609e+04
   7.5400000e+01  -9.5534195e+04   1.6169738e+05
   7.5500000e+01  -1.8485458e+05   1.9419934e+05
   7.5600000e+01  -2.6468628e+05   1.9616983e+05
   7.5700000e+01  -2.9400181e+05   1.9359230e+05
   7.5800000e+01  -2.7398097e+05   2.1194386e+05
   7.5900000e+01  -2.4323783e+05   2.5414762e+05
   7.6000000e+01  -2.3825325e+05   2.9985909e+05
   7.6100000e+01  -2.6033388e+05   3.2583456e+05
   7.6200000e+01  -2.8002462e+05   3.2647975e+05
   7.6300000e+01  -2.6896966e+05   3.1566303e+05
   7.6400000e+01  -2.2349325e+05   3.1210081e+05
   7.6500000e+01  -1.5875336e+05   3.2598312e+05
   7.6600000e+01  -8.6914898e+04   3.5742275e+05
   7.6700000e+01  -7.9114565e+03   3.9999169e+05
   7.6800000e+01   7.7797227e+04   4.3967331e+05
   7.6900000e+01   1.5451198e+05   4.5415750e+05
   7.7000000e+01   1.9925495e+05   4.2544328e+05
   7.7100000e+01   2.0948856e+05   3.6238278e+05
   7.7200000e+01   2.1852498e+05   3.0719831e+05
   7.7300000e+01   2.7245538e+05   3.0623738e+05
   7.7400000e+01   3.8313197e+05   3.6359091e+05
   7.7500000e+01   5.0432009e+05   4.2449772e+05
   7.7600000e+01   5.6190144e+05   4.1370356e+05
   7.7700000e+01   5.1520150e+05   2.9822281e+05
   7.7800000e+01   3.9174894e+05   1.1491316e+05
   7.7900000e+01   2.6201312e+05  -6.3545621e+04
   7.8000000e+01   1.7986702e+05  -1.8923278e+05
   7.8100000e+01   1.4592641e+05  -2.6760081e+05
   7.8200000e+01   1.2330515e+05  -3.3316019e+05
   7.8300000e+01   8.1710172e+04  -4.0591353e+05
   7.8400000e+01   2.3234186e+04  -4.7540916e+05
   7.8500000e+01  -3.0042855e+04  -5.2238875e+05
   7.8600000e+01  -6.5011652e+04  -5.4625544e+05
   7.8700000e+01  -8.9319086e+04  -5.6502838e+05
   7.8800000e+01  -1.1690908e+05  -5.9013444e+05
   7.8900000e+01  -1.4841434e+05  -6.0842375e+05
   7.9000000e+01  -1.7055922e+05  -5.9456075e+05
   7.9100000e+01  -1.7425406e+05  -5.4031225e+05
   7.9200000e+01  -1.6834520e+05  -4.6603641e+05
   7.9300000e+01  -1.7114853e+05  -3.9932900e+05
   7.9400000e+01  -1.8897862e+05  -3.4450091e+05
   7.9500000e+01  -2.0791694e+05  -2.7903212e+05
   7.9600000e+01  -2.1049289e+05  -1.8309636e+05
   7.9700000e+01  -1.9857361e+05  -6.9387086e+04
   7.9800000e+01  -1.9423761e+05   2.1668982e+04
   7.9900000e+01  -2.1530736e+05   5.8197203e+04
   8.0000000e+01  -2.5305000e+05   4.6703117e+04
   8.0100000e+01  -2.7856922e+05   2.5015305e+04
   8.0200000e+01  -2.7133612e+05   2.7745291e+04
   8.0300000e+01  -2.3746794e+05   6.0335477e+04
   8.0400000e+01  -1.9810359e+05   1.0406218e+05
   8.0500000e+01  -1.6392975e+05   1.3982678e+05
   8.0600000e+01  -1.2690497e+05   1.6288281e+05
   8.0700000e+01  -7.6769859e+04   1.7747098e+05
   8.0800000e+01  -1.8200551e+04   1.8549370e+05
   8.0900000e+01   3.5176840e+04   1.8654319e+05
   8.1000000e+01   8.1605844e+04   1.8690470e+05
   8.1100000e+01   1.3635609e+05   2.0009094e+05
   8.1200000e+01   2.0937209e+05   2.3218134e+05
   8.1300000e+01   2.8208681e+05   2.6907681e+05
   8.1400000e+01   3.1821634e+05   2.8707306e+05
   8.1500000e+01   3.0465747e+05   2.8174800e+05
   8.1600000e+01   2.7648781e+05   2.8242400e+05
   8.1700000e+01   2.8942106e+05   3.2822769e+05
   8.1800000e+01   3.6083312e+05   4.2407134e+05
   8.1900000e+01   4.4200844e+05   5.2343750e+05
   8.2000000e+01   4.5707609e+05   5.6201019e+05
   8.2100000e+01   3.7364544e+05   5.1279697e+05
   8.2200000e+01   2.3443330e+05   4.0870788e+05
   8.2300000e+01   1.1883398e+05   3.1131188e+05
   8.2400000e+01   7.4493141e+04   2.5843012e+05
   8.2500000e+01   8.4825906e+04   2.4001439e+05
   8.2600000e+01   9.6479234e+04   2.1794530e+05
   8.2700000e+01   7.1612547e+04   1.6260895e+05
   8.2800000e+01   1.4288328e+04   7.1383641e+04
   8.2900000e+01  -4.5260074e+04  -3.9353410e+04
   8.3000000e+01  -8.3591945e+04  -1.5136981e+05
   8.3100000e+01  -1.0096778e+05  -2.5291645e+05
   8.3200000e+01  -1.1230473e+05  -3.3671225e+05
   8.3300000e+01  -1.2817070e+05  -3.9726209e+05
   8.3400000e+01  -1.4652930e+05  -4.3366016e+05
   8.3500000e+01  -1.6022292e+05  -4.5385988e+05
   8.3600000e+01  -1.6780097e+05  -4.7217394e+05
   8.3700000e+01  -1.7382603e+05  -4.9814638e+05
   8.3800000e+01  -1.7942530e+05  -5.2570400e+05
   8.3900000e+01  -1.7722394e+05  -5.3501112e+05
   8.4000000e+01  -1.6015825e+05  -5.0918409e+05
   8.4100000e+01  -1.3520836e+05  -4.5179234e+05
   8.4200000e+01  -1.2354954e+05  -3.8666247e+05
   8.4300000e+01  -1.4233819e+05  -3.3748684e+05
   8.4400000e+01  -1.8608077e+05  -3.0657844e+05
   8.4500000e+01  -2.2923484e+05  -2.7492781e+05
   8.4600000e+01  -2.4932258e+05  -2.2372672e+05
   8.4700000e+01  -2.4650212e+05  -1.5425058e+05
   8.4800000e+01  -2.3926405e+05  -8.5373875e+04
   8.4900000e+01  -2.4284172e+05  -3.3526891e+04
   8.5000000e+01  -2.5514598e+05   1.4789512e+03
   8.5100000e+01  -2.6347809e+05   3.0891543e+04
   8.5200000e+01  -2.5960212e+05   6.2229648e+04
   8.5300000e+01  -2.4332266e+05   9.4399484e+04
   8.5400000e+01  -2.1346175e+05   1.2568398e+05
   8.5500000e+01  -1.6369911e+05   1.5958278e+05
   8.5600000e+01  -9.3232867e+04   1.9790975e+05
   8.5700000e+01  -1.8252953e+04   2.3101650e+05
   8.5800000e+01   3.6493051e+04   2.4281417e+05
   8.5900000e+01   6.3315820e+04   2.3044186e+05
   8.6000000e+01   8.5862961e+04   2.1620088e+05
   8.6100000e+01   1.4036433e+05   2.3264167e+05
   8.6200000e+01   2.3795081e+05   2.9065616e+05
   8.6300000e+01   3.4618391e+05   3.6277575e+05
   8.6400000e+01   4.1107344e+05   4.0210638e+05
   8.6500000e+01   4.0070769e+05   3.8184034e+05
   8.6600000e+01   3.3102128e+05   3.1860516e+05
   8.6700000e+01   2.5236591e+05   2.5806888e+05
   8.6800000e+01   2.1083403e+05   2.3706773e+05
   8.6900000e+01   2.1694628e+05   2.5673186e+05
   8.7000000e+01   2.4429478e+05   2.8774534e+05
   8.7100000e+01   2.5553116e+05   2.9832212e+05
   8.7200000e+01   2.3320552e+05   2.7789728e+05
   8.7300000e+01   1.9114620e+05   2.3841197e+05
   8.7400000e+01   1.5888986e+05   1.9774873e+05
   8.7500000e+01   1.5467683e+05   1.6386120e+05
   8.7600000e+01   1.7184789e+05   1.3281495e+05
   8.7700000e+01   1.8907012e+05   9.7754578e+04
   8.7800000e+01   1.9064845e+05   5.5910957e+04
   8.7900000e+01   1.7537089e+05   6.3575508e+03
   8.8000000e+01   1.4885091e+05  -5.5238156e+04
   8.8100000e+01   1.1388304e+05  -1.3378191e+05
   8.8200000e+01   7.1758188e+04  -2.2378738e+05
   8.8300000e+01   2.8997064e+04  -3.0444209e+05
   8.8400000e+01  -4.8531641e+03  -3.5250953e+05
   8.8500000e+01  -2.9222639e+04  -3.6438509e+05
   8.8600000e+01  -5.8201609e+04  -3.6325103e+05
   8.8700000e+01  -1.0817794e+05  -3.7910972e+05
   8.8800000e+01  -1.7829859e+05  -4.1931569e+05
   8.8900000e+01  -2.4684036e+05  -4.6076194e+05
   8.9000000e+01  -2.9081978e+05  -4.7324781e+05
   8.9100000e+01  -3.0916978e+05  -4.4940622e+05
   8.9200000e+01  -3.2355475e+05  -4.0941441e+05
   8.9300000e+01  -3.5443244e+05  -3.7739850e+05
   8.9400000e+01  -3.9770584e+05  -3.5738366e+05
   8.9500000e+01  -4.2757231e+05  -3.3428425e+05
   8.9600000e+01  -4.2262756e+05  -2.9464309e+05
   8.9700000e+01  -3.8651706e+05  -2.4051244e+05
   8.9800000e+01  -3.4090750e+05  -1.8198422e+05
   8.9900000e+01  -3.0026416e+05  -1.2182459e+05
   9.0000000e+01  -2.5818867e+05  -5.4136398e+04
   9.0100000e+01  -2.0007533e+05   2.1357861e+04
   9.0200000e+01  -1.2472298e+05   9.0185758e+04
   9.0300000e+01  -4.7373156e+04   1.3528370e+05
   9.0400000e+01   1.9188223e+04   1.5933053e+05
   9.0500000e+01   8.0548047e+04   1.8936619e+05
   9.0600000e+01   1.5195133e+05   2.5220578e+05
   9.0700000e+01   2.3454216e+05   3.4293300e+05
   9.0800000e+01   3.0658925e+05   4.2147631e+05
   9.0900000e+01   3.4336225e+05   4.4619075e+05
   9.1000000e+01   3.4499078e+05   4.1379125e+05
   9.1100000e+01   3.4010244e+05   3.6484100e+05
   9.1200000e+01   3.5842816e+05   3.4678362e+05
   9.1300000e+01   3.9958416e+05   3.6951075e+05
   9.1400000e+01   4.3036716e+05   3.9665531e+05
   9.1500000e+01   4.1398806e+05   3.8029438e+05
   9.1600000e+01   3.4276425e+05   3.0449675e+05
   9.1700000e+01   2.4350764e+05   1.9711180e+05
   9.1800000e+01   1.5289097e+05   1.0294042e+05
   9.1900000e+01   8.8604031e+04   4.7839016e+04
   9.2000000e+01   4.2895875e+04   2.6324158e+04
   9.2100000e+01  -1.0656787e+02   1.7101012e+04
   9.2200000e+01  -4.5097152e+04   4.8284282e+03
   9.2300000e+01  -8.3842094e+04  -1.2495906e+04
   9.2400000e+01  -1.0837470e+05  -3.0639383e+04
   9.2500000e+01  -1.2089885e+05  -4.7037816e+04
   9.2600000e+01  -1.2955595e+05  -6.1258070e+04
   9.2700000e+01  -1.3816598e+05  -7.2438547e+04
   9.2800000e+01  -1.4448094e+05  -8.0509469e+04
   9.2900000e+01  -1.4837244e+05  -8.9381344e+04
   9.3000000e+01  -1.5675852e+05  -1.0497570e+05
   9.3100000e+01  -1.7570109e+05  -1.2760355e+05
   9.3200000e+01  -1.9806506e+05  -1.4797178e+05
   9.3300000e+01  -2.0423333e+05  -1.5458158e+05
   9.3400000e+01  -1.8015169e+05  -1.4697830e+05
   9.3500000e+01  -1.3545775e+05  -1.3981859e+05
   9.3600000e+01  -1.0048817e+05  -1.5022961e+05
   9.3700000e+01  -1.0155480e+05  -1.7929108e+05
   9.3800000e+01  -1.3763889e+05  -2.0737742e+05
   9.3900000e+01  -1.8201900e+05  -2.1073525e+05
   9.4000000e+01  -2.0746495e+05  -1.8434295e+05
   9.4100000e+01  -2.0946903e+05  -1.4769283e+05
   9.4200000e+01  -2.0462106e+05  -1.2635491e+05
   9.4300000e+01  -2.0807905e+05  -1.2734214e+05
   9.4400000e+01  -2.1591156e+05  -1.3353955e+05
   9.4500000e+01  -2.1087173e+05  -1.2277038e+05
   9.4600000e+01  -1.8250131e+05  -9.0700367e+04
   9.4700000e+01  -1.3659862e+05  -5.2668324e+04
   9.4800000e+01  -8.3750602e+04  -2.3230779e+04
   9.4900000e+01  -2.3950055e+04   2.0343936e+03
   9.5000000e+01   5.0019031e+04   3.9793836e+04
   9.5100000e+01   1.3258794e+05   9.3769383e+04
   9.5200000e+01   1.9636077e+05   1.4166689e+05
   9.5300000e+01   2.1343019e+05   1.5444456e+05
   9.5400000e+01   1.8975291e+05   1.3141742e+05
   9.5500000e+01   1.7257547e+05   1.1170377e+05
   9.5600000e+01   2.1347369e+05   1.4244131e+05
   9.5700000e+01   3.1753644e+05   2.3026794e+05
   9.5800000e+01   4.2989000e+05   3.2574925e+05
   9.5900000e+01   4.7769662e+05   3.6168962e+05
   9.6000000e+01   4.3096659e+05   3.1171056e+05
   9.6100000e+01   3.2603331e+05   2.1242916e+05
   9.6200000e+01   2.3156469e+05   1.2784873e+05
   9.6300000e+01   1.9102284e+05   9.2536172e+04
   9.6400000e+01   1.9386442e+05   8.9418141e+04
   9.6500000e+01   1.9626372e+05   7.8888375e+04
   9.6600000e+01   1.6582945e+05   4.2541672e+04
   9.6700000e+01   1.0791710e+05  -4.8282710e+03
   9.6800000e+01   5.4329602e+04  -4.0728805e+04
   9.6900000e+01   3.1357176e+04  -6.2418062e+04
   9.7000000e+01   3.8963309e+04  -8.4726094e+04
   9.7100000e+01   5.6595902e+04  -1.1607384e+05
   9.7200000e+01   6.3706688e+04  -1.4561186e+05
   9.7300000e+01   5.2782582e+04  -1.5699453e+05
   9.7400000e+01   2.7145104e+04  -1.4934803e+05
   9.7500000e+01  -5.2994863e+03  -1.3769473e+05
   9.7600000e+01  -3.1673523e+04  -1.3231016e+05
   9.7700000e+01  -3.3412816e+04  -1.2396712e+05
   9.7800000e+01   2.0316104e+03  -9.5360562e+04
   9.7900000e+01   6.2247906e+04  -4.6463953e+04
   9.8000000e+01   1.0800680e+05  -3.0226855e+03
   9.8100000e+01   1.0128584e+05   4.3725215e+03
   9.8200000e+01   4.0318098e+04  -3.0611787e+04
   9.8300000e+01  -3.6620020e+04  -8.3932484e+04
   9.8400000e+01  -8.6649812e+04  -1.2406718e+05
   9.8500000e+01  -1.0087261e+05  -1.3895217e+05
   9.8600000e+01  -1.0569705e+05  -1.3973150e+05
   9.8700000e+01  -1.2873003e+05  -1.4127541e+05
   9.8800000e+01  -1.6956759e+05  -1.4411422e+05
   9.8900000e+01  -2.0586389e+05  -1.3775778e+05
   9.9000000e+01  -2.2174288e+05  -1.1879248e+05
   9.9100000e+01  -2.2224119e+05  -9.9757000e+04
   9.9200000e+01  -2.1919428e+05  -9.6064359e+04
   9.9300000e+01  -2.1077527e+05  -1.0534861e+05
   9.9400000e+01  -1.8356358e+05  -1.0551297e+05
   9.9500000e+01  -1.3569495e+05  -7.8301648e+04
   9.9600000e+01  -8.9621562e+04  -3.3149910e+04
   9.9700000e+01  -7.1774984e+04   1.0439771e+02
   9.9800000e+01  -7.9431836e+04   5.2796836e+03
   9.9900000e+01  -8.1894352e+04  -4.0713452e+03
   1.0000000e+02  -6.3362199e+04  -1.0778649e+04
