   1.1851270e+02   3.6301420e+01   1.8450000e+02
   1.1977996e+02   3.7001901e+01   3.1000000e+01
   0.0000000e+00  -3.8308231e+05  -3.8308231e+05
   1.0000000e-01  -3.2295759e+05  -3.5545119e+05
   2.0000000e-01  -2.1340716e+05  -2.6787856e+05
   3.0000000e-01  -1.2190414e+05  -1.9080967e+05
   4.0000000e-01  -8.4731859e+04  -1.7625411e+05
   5.0000000e-01  -8.1507000e+04  -2.1752772e+05
   6.0000000e-01  -6.3987453e+04  -2.6373522e+05
   7.0000000e-01  -4.3735557e+03  -2.6863712e+05
   8.0000000e-01   8.4651789e+04  -2.2633555e+05
   9.0000000e-01   1.7044405e+05  -1.6735214e+05
   1.0000000e+00   2.3322733e+05  -1.2824703e+05
   1.1000000e+00   2.7803628e+05  -1.2535489e+05
   1.2000000e+00   3.2030338e+05  -1.4968877e+05
   1.3000000e+00   3.6578078e+05  -1.7813670e+05
   1.4000000e+00   4.0558675e+05  -1.8782641e+05
   1.5000000e+00   4.2751438e+05  -1.6636634e+05
   1.6000000e+00   4.2858191e+05  -1.1724314e+05
   1.7000000e+00   4.1565956e+05  -5.9450980e+04
   1.8000000e+00   3.9575300e+05  -1.8489451e+04
   1.9000000e+00   3.6854375e+05  -9.9878291e+03
   2.0000000e+00   3.2979478e+05  -2.6056170e+04
   2.1000000e+00   2.8038069e+05  -3.7456203e+04
   2.2000000e+00   2.2846159e+05  -1.4192693e+04
   2.3000000e+00   1.8103006e+05   5.0213617e+04
   2.4000000e+00   1.3548994e+05   1.3229802e+05
   2.5000000e+00   8.3257391e+04   1.9761883e+05
   2.6000000e+00   2.2422623e+04   2.2890030e+05
   2.7000000e+00  -3.6118117e+04   2.3749870e+05
   2.8000000e+00  -7.7699602e+04   2.4835739e+05
   2.9000000e+00  -9.7894719e+04   2.7472069e+05
   3.0000000e+00  -1.0469615e+05   3.0763988e+05
   3.1000000e+00  -1.0687821e+05   3.2787094e+05
   3.2000000e+00  -1.0410710e+05   3.2420994e+05
   3.3000000e+00  -9.1935211e+04   2.9873803e+05
   3.4000000e+00  -7.5021109e+04   2.5781880e+05
   3.5000000e+00  -6.9855016e+04   2.0442711e+05
   3.6000000e+00  -9.0054242e+04   1.4245284e+05
   3.7000000e+00  -1.2976851e+05   8.4713562e+04
   3.8000000e+00  -1.6658553e+05   4.8998117e+04
   3.9000000e+00  -1.8512112e+05   4.1456633e+04
   4.0000000e+00  -1.9702205e+05   4.5821051e+04
   4.1000000e+00  -2.3218100e+05   3.4718855e+04
   4.2000000e+00  -3.0494959e+05  -4.6623428e+03
   4.3000000e+00  -3.8932953e+05  -5.6712953e+04
   4.4000000e+00  -4.3355062e+05  -9.1249000e+04
   4.5000000e+00  -4.0557419e+05  -9.1908898e+04
   4.6000000e+00  -3.2591356e+05  -7.0446328e+04
   4.7000000e+00  -2.5277503e+05  -5.3645156e+04
   4.8000000e+00  -2.3143809e+05  -5.8082008e+04
   4.9000000e+00  -2.5621527e+05  -7.8279023e+04
   5.0000000e+00  -2.8012672e+05  -9.6962789e+04
   5.1000000e+00  -2.5942505e+05  -1.0325730e+05
   5.2000000e+00  -1.8874495e+05  -1.0009261e+05
   5.3000000e+00  -9.7804281e+04  -9.6999836e+04
   5.4000000e+00  -2.0614512e+04  -9.9669938e+04
   5.5000000e+00   3.0250172e+04  -1.0775582e+05
   5.6000000e+00   6.4945242e+04  -1.2061078e+05
   5.7000000e+00   1.0028285e+05  -1.4149350e+05
   5.8000000e+00   1.4502788e+05  -1.7348027e+05
   5.9000000e+00   1.9693050e+05  -2.1095781e+05
   6.0000000e+00   2.4837200e+05  -2.3737494e+05
   6.1000000e+00   2.9242841e+05  -2.3497597e+05
   6.2000000e+00   3.2504006e+05  -1.9950041e+05
   6.3000000e+00   3.4458281e+05  -1.4545794e+05
   6.4000000e+00   3.5175153e+05  -9.4984242e+04
   6.5000000e+00   3.4999772e+05  -5.9605742e+04
   6.6000000e+00   3.4398378e+05  -3.2455227e+04
   6.7000000e+00   3.3517097e+05   1.4053262e+03
   6.8000000e+00   3.1880606e+05   4.7340250e+04
   6.9000000e+00   2.8797634e+05   9.4228758e+04
   7.0000000e+00   2.4325025e+05   1.2456609e+05
   7.1000000e+00   1.9746330e+05   1.3017039e+05
   7.2000000e+00   1.6719108e+05   1.1764811e+05
   7.3000000e+00   1.5680633e+05   1.0007834e+05
   7.4000000e+00   1.5186794e+05   8.5409320e+04
   7.5000000e+00   1.3078252e+05   7.2742320e+04
   7.6000000e+00   8.3875352e+04   5.6887270e+04
   7.7000000e+00   2.0296273e+04   3.3692684e+04
   7.8000000e+00  -4.3217918e+04   1.7280654e+03
   7.9000000e+00  -9.7560289e+04  -3.7137777e+04
   8.0000000e+00  -1.4350411e+05  -7.5651430e+04
   8.1000000e+00  -1.8124716e+05  -1.0101117e+05
   8.2000000e+00  -2.0324020e+05  -1.0151054e+05
   8.3000000e+00  -2.0159270e+05  -7.7049109e+04
   8.4000000e+00  -1.8226062e+05  -4.2688156e+04
   8.5000000e+00  -1.6766581e+05  -1.8303594e+04
   8.6000000e+00  -1.8029288e+05  -1.1369784e+04
   8.7000000e+00  -2.2097016e+05  -9.1376670e+03
   8.8000000e+00  -2.6409688e+05   1.0416979e+04
   8.9000000e+00  -2.7754234e+05   5.7142855e+04
   9.0000000e+00  -2.5042622e+05   1.1636862e+05
   9.1000000e+00  -2.0221628e+05   1.5853106e+05
   9.2000000e+00  -1.6331289e+05   1.6388964e+05
   9.3000000e+00  -1.4560392e+05   1.4048058e+05
   9.4000000e+00  -1.3252059e+05   1.1805662e+05
   9.5000000e+00  -9.8933766e+04   1.2232699e+05
   9.6000000e+00  -4.0553359e+04   1.5271623e+05
   9.7000000e+00   1.7475658e+04   1.8396992e+05
   9.8000000e+00   4.1628648e+04   1.8891216e+05
   9.9000000e+00   1.9713617e+04   1.5970258e+05
   1.0000000e+01  -2.8831400e+04   1.0893123e+05
   1.0100000e+01  -6.9235211e+04   5.4498656e+04
   1.0200000e+01  -7.6723375e+04   7.2933135e+03
   1.0300000e+01  -4.9271742e+04  -2.7865246e+04
   1.0400000e+01  -2.1923528e+03  -4.6412270e+04
   1.0500000e+01   4.5183223e+04  -4.5910168e+04
   1.0600000e+01   7.9275594e+04  -3.3517332e+04
   1.0700000e+01   9.5795898e+04  -2.5174230e+04
   1.0800000e+01   9.9855664e+04  -3.1507850e+04
   1.0900000e+01   1.0337705e+05  -4.4342965e+04
   1.1000000e+01   1.1806644e+05  -4.1104941e+04
   1.1100000e+01   1.4586930e+05  -5.7507886e+03
   1.1200000e+01   1.7474139e+05   5.4253391e+04
   1.1300000e+01   1.8629612e+05   1.1222257e+05
   1.1400000e+01   1.7131294e+05   1.4336389e+05
   1.1500000e+01   1.3934225e+05   1.4230247e+05
   1.1600000e+01   1.1188481e+05   1.2234771e+05
   1.1700000e+01   1.0411728e+05   1.0055909e+05
   1.1800000e+01   1.1241202e+05   8.4099836e+04
   1.1900000e+01   1.1973633e+05   6.8243359e+04
   1.2000000e+01   1.1272427e+05   4.3402094e+04
   1.2100000e+01   9.2604094e+04   1.9812192e+03
   1.2200000e+01   7.0226016e+04  -5.9606227e+04
   1.2300000e+01   5.3517434e+04  -1.4063600e+05
   1.2400000e+01   4.2590391e+04  -2.3341188e+05
   1.2500000e+01   3.6168531e+04  -3.2071859e+05
   1.2600000e+01   3.8165172e+04  -3.8036750e+05
   1.2700000e+01   5.3657543e+04  -3.9820322e+05
   1.2800000e+01   7.8303172e+04  -3.7965162e+05
   1.2900000e+01   9.5763719e+04  -3.4664003e+05
   1.3000000e+01   9.0300867e+04  -3.1863069e+05
   1.3100000e+01   6.3784301e+04  -2.9367434e+05
   1.3200000e+01   3.8038625e+04  -2.4921141e+05
   1.3300000e+01   3.5734484e+04  -1.6555166e+05
   1.3400000e+01   5.5469902e+04  -5.1701094e+04
   1.3500000e+01   6.6470727e+04   5.2940754e+04
   1.3600000e+01   3.2548697e+04   1.0715862e+05
   1.3700000e+01  -5.4019797e+04   1.0313370e+05
   1.3800000e+01  -1.6116764e+05   7.4912164e+04
   1.3900000e+01  -2.4147977e+05   6.9703570e+04
   1.4000000e+01  -2.7075812e+05   1.0710063e+05
   1.4100000e+01  -2.6456175e+05   1.6393181e+05
   1.4200000e+01  -2.5876695e+05   1.9800438e+05
   1.4300000e+01  -2.7580194e+05   1.8655664e+05
   1.4400000e+01  -3.0945750e+05   1.4293131e+05
   1.4500000e+01  -3.3824647e+05   9.9128398e+04
   1.4600000e+01  -3.4793584e+05   7.5436570e+04
   1.4700000e+01  -3.3960259e+05   6.6829594e+04
   1.4800000e+01  -3.2040991e+05   5.4533309e+04
   1.4900000e+01  -2.9303422e+05   2.6382180e+04
   1.5000000e+01  -2.5621772e+05  -1.3848671e+04
   1.5100000e+01  -2.1178088e+05  -5.2166883e+04
   1.5200000e+01  -1.6559177e+05  -7.4978711e+04
   1.5300000e+01  -1.2008955e+05  -7.4963070e+04
   1.5400000e+01  -6.9399359e+04  -5.1719320e+04
   1.5500000e+01  -6.4162939e+03  -1.1388283e+04
   1.5600000e+01   6.4561445e+04   3.3935945e+04
   1.5700000e+01   1.2604865e+05   7.0185859e+04
   1.5800000e+01   1.6240484e+05   8.9408602e+04
   1.5900000e+01   1.7716238e+05   9.6087094e+04
   1.6000000e+01   1.9245070e+05   1.0397670e+05
   1.6100000e+01   2.2856227e+05   1.2338352e+05
   1.6200000e+01   2.8404141e+05   1.4955397e+05
   1.6300000e+01   3.3687722e+05   1.6449802e+05
   1.6400000e+01   3.6471928e+05   1.5266986e+05
   1.6500000e+01   3.6262447e+05   1.1624397e+05
   1.6600000e+01   3.4201888e+05   7.4530203e+04
   1.6700000e+01   3.1614688e+05   4.7568918e+04
   1.6800000e+01   2.8961334e+05   4.0322309e+04
   1.6900000e+01   2.6088750e+05   4.2814812e+04
   1.7000000e+01   2.3020417e+05   4.3787473e+04
   1.7100000e+01   2.0085167e+05   4.1117336e+04
   1.7200000e+01   1.7255372e+05   3.8035570e+04
   1.7300000e+01   1.3731719e+05   3.2957117e+04
   1.7400000e+01   8.6569148e+04   1.9208846e+04
   1.7500000e+01   2.4572996e+04  -2.4912422e+03
   1.7600000e+01  -2.7925848e+04  -1.5595116e+04
   1.7700000e+01  -4.9600477e+04  -2.9345703e+00
   1.7800000e+01  -4.2637594e+04   4.2315320e+04
   1.7900000e+01  -3.9089566e+04   7.7123047e+04
   1.8000000e+01  -7.5832219e+04   6.1886836e+04
   1.8100000e+01  -1.5699770e+05  -1.3507031e+04
   1.8200000e+01  -2.4180916e+05  -1.1020275e+05
   1.8300000e+01  -2.7548922e+05  -1.6961236e+05
   1.8400000e+01  -2.3736484e+05  -1.6411850e+05
   1.8500000e+01  -1.5964359e+05  -1.2088823e+05
   1.8600000e+01  -9.7852789e+04  -9.5802680e+04
   1.8700000e+01  -8.2198625e+04  -1.2343873e+05
   1.8800000e+01  -9.6763273e+04  -1.9039191e+05
   1.8900000e+01  -1.0277095e+05  -2.5276873e+05
   1.9000000e+01  -7.7904148e+04  -2.7520362e+05
   1.9100000e+01  -3.2354045e+04  -2.5333464e+05
   1.9200000e+01   8.6407783e+03  -2.0509141e+05
   1.9300000e+01   3.1725504e+04  -1.4838005e+05
   1.9400000e+01   4.3623613e+04  -9.0099172e+04
   1.9500000e+01   5.7201930e+04  -3.1913785e+04
   1.9600000e+01   7.5173852e+04   2.1761514e+04
   1.9700000e+01   8.9098305e+04   6.6404141e+04
   1.9800000e+01   9.0874766e+04   1.0575139e+05
   1.9900000e+01   8.0642562e+04   1.5115425e+05
   2.0000000e+01   6.2715395e+04   2.0809350e+05
   2.0100000e+01   3.7910406e+04   2.6429169e+05
   2.0200000e+01   4.7093291e+03   2.9582150e+05
   2.0300000e+01  -3.1632703e+04   2.8844372e+05
   2.0400000e+01  -5.5923398e+04   2.5252278e+05
   2.0500000e+01  -5.4449398e+04   2.1443255e+05
   2.0600000e+01  -3.0989859e+04   1.9203992e+05
   2.0700000e+01  -8.3910166e+03   1.7924370e+05
   2.0800000e+01  -1.0166297e+04   1.5484361e+05
   2.0900000e+01  -3.8784844e+04   1.0521890e+05
   2.1000000e+01  -7.2799625e+04   3.7087496e+04
   2.1100000e+01  -8.6433586e+04  -3.0786006e+04
   2.1200000e+01  -7.2403484e+04  -8.5563422e+04
   2.1300000e+01  -4.6193133e+04  -1.2893477e+05
   2.1400000e+01  -2.9851006e+04  -1.7020236e+05
   2.1500000e+01  -3.3641164e+04  -2.1435069e+05
   2.1600000e+01  -5.3087281e+04  -2.5788469e+05
   2.1700000e+01  -7.9717438e+04  -2.9336506e+05
   2.1800000e+01  -1.0911423e+05  -3.1353647e+05
   2.1900000e+01  -1.3655545e+05  -3.0977169e+05
   2.2000000e+01  -1.4952775e+05  -2.7125662e+05
   2.2100000e+01  -1.3298555e+05  -1.9396958e+05
   2.2200000e+01  -8.7096281e+04  -9.5256680e+04
   2.2300000e+01  -3.7140574e+04  -1.5462546e+04
   2.2400000e+01  -1.8175467e+04   5.9152368e+03
   2.2500000e+01  -4.4021281e+04  -3.4702191e+04
   2.2600000e+01  -9.1178195e+04  -9.2725844e+04
   2.2700000e+01  -1.1663402e+05  -1.0550729e+05
   2.2800000e+01  -9.4229414e+04  -4.3770148e+04
   2.2900000e+01  -3.4798262e+04   6.2002023e+04
   2.3000000e+01   2.7636273e+04   1.4644997e+05
   2.3100000e+01   6.7102641e+04   1.6352006e+05
   2.3200000e+01   8.3529062e+04   1.2067316e+05
   2.3300000e+01   9.4256664e+04   6.5035270e+04
   2.3400000e+01   1.1324026e+05   3.9742070e+04
   2.3500000e+01   1.3953112e+05   5.2780004e+04
   2.3600000e+01   1.6205528e+05   8.1827906e+04
   2.3700000e+01   1.7101334e+05   1.0151645e+05
   2.3800000e+01   1.6390091e+05   1.0310062e+05
   2.3900000e+01   1.4360009e+05   9.2464445e+04
   2.4000000e+01   1.1426179e+05   7.7468883e+04
   2.4100000e+01   8.0383422e+04   6.1925871e+04
   2.4200000e+01   4.8656398e+04   4.8924215e+04
   2.4300000e+01   2.8034361e+04   4.2809668e+04
   2.4400000e+01   2.5207396e+04   4.3692289e+04
   2.4500000e+01   3.8473305e+04   4.2535605e+04
   2.4600000e+01   5.6722715e+04   2.7543465e+04
   2.4700000e+01   6.6791594e+04  -1.6715425e+03
   2.4800000e+01   6.3933590e+04  -2.8582814e+04
   2.4900000e+01   5.5562832e+04  -3.2487852e+04
   2.5000000e+01   5.4005324e+04  -8.4487549e+03
   2.5100000e+01   6.4896344e+04   2.6577420e+04
   2.5200000e+01   8.2283156e+04   4.8840809e+04
   2.5300000e+01   9.4371695e+04   4.9102199e+04
   2.5400000e+01   9.3188867e+04   3.8783641e+04
   2.5500000e+01   7.8867719e+04   3.5943609e+04
   2.5600000e+01   5.6422086e+04   4.6796137e+04
   2.5700000e+01   3.0457023e+04   6.1828820e+04
   2.5800000e+01   3.1593701e+03   6.9042836e+04
   2.5900000e+01  -2.4645076e+04   6.8489180e+04
   2.6000000e+01  -5.2581797e+04   7.1414055e+04
   2.6100000e+01  -8.0739414e+04   8.4894711e+04
   2.6200000e+01  -1.0850427e+05   1.0004585e+05
   2.6300000e+01  -1.3184205e+05   9.9003875e+04
   2.6400000e+01  -1.4270100e+05   7.4419227e+04
   2.6500000e+01  -1.3399184e+05   3.8909246e+04
   2.6600000e+01  -1.0744174e+05   1.1546603e+04
   2.6700000e+01  -7.6174898e+04  -4.5843208e+03
   2.6800000e+01  -5.6738113e+04  -2.6874422e+04
   2.6900000e+01  -5.5434492e+04  -7.1794383e+04
   2.7000000e+01  -6.1329348e+04  -1.3045562e+05
   2.7100000e+01  -5.4311684e+04  -1.7014595e+05
   2.7200000e+01  -2.3187867e+04  -1.6339595e+05
   2.7300000e+01   2.1934510e+04  -1.1548223e+05
   2.7400000e+01   5.5592535e+04  -6.1928895e+04
   2.7500000e+01   5.7876895e+04  -3.8299902e+04
   2.7600000e+01   3.1995133e+04  -5.1534582e+04
   2.7700000e+01   1.3919631e+03  -7.8295797e+04
   2.7800000e+01  -1.2143225e+04  -8.8526641e+04
   2.7900000e+01  -8.8138379e+03  -7.0668125e+04
   2.8000000e+01  -9.2994316e+03  -3.7496031e+04
   2.8100000e+01  -3.2623902e+04  -1.1503687e+04
   2.8200000e+01  -7.6056789e+04  -5.7178804e+03
   2.8300000e+01  -1.1752998e+05  -1.6209699e+04
   2.8400000e+01  -1.3675567e+05  -2.9346064e+04
   2.8500000e+01  -1.3163609e+05  -3.3876789e+04
   2.8600000e+01  -1.1376028e+05  -2.6601965e+04
   2.8700000e+01  -9.1681891e+04  -9.5968623e+03
   2.8800000e+01  -6.3374191e+04   1.4385834e+04
   2.8900000e+01  -2.5330623e+04   4.2548539e+04
   2.9000000e+01   1.6243853e+04   7.0258547e+04
   2.9100000e+01   4.8840477e+04   9.1958938e+04
   2.9200000e+01   6.8354930e+04   1.0538684e+05
   2.9300000e+01   8.5652398e+04   1.1378697e+05
   2.9400000e+01   1.1436928e+05   1.2201327e+05
   2.9500000e+01   1.5268512e+05   1.2983865e+05
   2.9600000e+01   1.8073853e+05   1.3019617e+05
   2.9700000e+01   1.7835384e+05   1.1543784e+05
   2.9800000e+01   1.4463681e+05   8.5673758e+04
   2.9900000e+01   9.8741188e+04   5.0027438e+04
   3.0000000e+01   6.1748676e+04   1.8461172e+04
   3.0100000e+01   3.9060410e+04  -8.0261436e+03
   3.0200000e+01   1.9924051e+04  -3.8478922e+04
   3.0300000e+01  -8.7916924e+03  -8.2494836e+04
   3.0400000e+01  -5.0655477e+04  -1.3938564e+05
   3.0500000e+01  -9.9713500e+04  -1.9690664e+05
   3.0600000e+01  -1.4783800e+05  -2.4059959e+05
   3.0700000e+01  -1.8906138e+05  -2.6402169e+05
   3.0800000e+01  -2.1817577e+05  -2.7024559e+05
   3.0900000e+01  -2.2963908e+05  -2.6528719e+05
   3.1000000e+01  -2.2148395e+05  -2.5224548e+05
   3.1100000e+01  -2.0031167e+05  -2.3188917e+05
   3.1200000e+01  -1.7933902e+05  -2.0605344e+05
   3.1300000e+01  -1.6784405e+05  -1.7680756e+05
   3.1400000e+01  -1.6081931e+05  -1.4127136e+05
   3.1500000e+01  -1.4051655e+05  -9.0253797e+04
   3.1600000e+01  -9.1894422e+04  -1.6987578e+04
   3.1700000e+01  -1.9403230e+04   6.9829578e+04
   3.1800000e+01   5.2242906e+04   1.4352877e+05
   3.1900000e+01   9.7707062e+04   1.7568916e+05
   3.2000000e+01   1.1461384e+05   1.6014458e+05
   3.2100000e+01   1.2733650e+05   1.2156962e+05
   3.2200000e+01   1.6464602e+05   9.6487641e+04
   3.2300000e+01   2.3164791e+05   1.0178081e+05
   3.2400000e+01   3.0386022e+05   1.2117304e+05
   3.2500000e+01   3.4937766e+05   1.2409264e+05
   3.2600000e+01   3.5650400e+05   9.8076125e+04
   3.2700000e+01   3.4001456e+05   6.1528996e+04
   3.2800000e+01   3.2300038e+05   4.5129805e+04
   3.2900000e+01   3.1558759e+05   6.3505254e+04
   3.3000000e+01   3.1093100e+05   1.0636219e+05
   3.3100000e+01   2.9746791e+05   1.5352358e+05
   3.3200000e+01   2.7073200e+05   1.9259953e+05
   3.3300000e+01   2.3351609e+05   2.2070088e+05
   3.3400000e+01   1.8908005e+05   2.3498411e+05
   3.3500000e+01   1.3832156e+05   2.2936386e+05
   3.3600000e+01   8.3402711e+04   2.0254134e+05
   3.3700000e+01   3.0389752e+04   1.6469217e+05
   3.3800000e+01  -1.5015916e+04   1.3104274e+05
   3.3900000e+01  -5.4268250e+04   1.0810230e+05
   3.4000000e+01  -9.5639953e+04   8.8849078e+04
   3.4100000e+01  -1.4461759e+05   6.2978668e+04
   3.4200000e+01  -1.9493498e+05   3.0292301e+04
   3.4300000e+01  -2.3167589e+05   1.6373721e+03
   3.4400000e+01  -2.4518452e+05  -1.3344864e+04
   3.4500000e+01  -2.4135900e+05  -1.7049703e+04
   3.4600000e+01  -2.3642339e+05  -2.0706906e+04
   3.4700000e+01  -2.4111355e+05  -3.0988543e+04
   3.4800000e+01  -2.5132212e+05  -4.1850027e+04
   3.4900000e+01  -2.5501205e+05  -4.0789715e+04
   3.5000000e+01  -2.4670125e+05  -2.2372807e+04
   3.5100000e+01  -2.3279609e+05   5.8436963e+03
   3.5200000e+01  -2.2271995e+05   3.0660949e+04
   3.5300000e+01  -2.1779553e+05   4.4431637e+04
   3.5400000e+01  -2.1189256e+05   4.6972781e+04
   3.5500000e+01  -2.0287522e+05   3.7020180e+04
   3.5600000e+01  -1.9982744e+05   5.9098633e+03
   3.5700000e+01  -2.1473841e+05  -5.4918094e+04
   3.5800000e+01  -2.4556192e+05  -1.3787162e+05
   3.5900000e+01  -2.7036353e+05  -2.1418914e+05
   3.6000000e+01  -2.6383516e+05  -2.5229134e+05
   3.6100000e+01  -2.2359639e+05  -2.4651775e+05
   3.6200000e+01  -1.7870923e+05  -2.2666669e+05
   3.6300000e+01  -1.6609553e+05  -2.3329269e+05
   3.6400000e+01  -1.9330783e+05  -2.7874006e+05
   3.6500000e+01  -2.2498564e+05  -3.3221856e+05
   3.6600000e+01  -2.1104042e+05  -3.4580172e+05
   3.6700000e+01  -1.3262144e+05  -2.9738097e+05
   3.6800000e+01  -2.1159029e+04  -2.0981475e+05
   3.6900000e+01   6.9031328e+04  -1.3034246e+05
   3.7000000e+01   1.0792038e+05  -9.2806062e+04
   3.7100000e+01   1.1168803e+05  -9.7193117e+04
   3.7200000e+01   1.2185328e+05  -1.1883023e+05
   3.7300000e+01   1.6595427e+05  -1.3145538e+05
   3.7400000e+01   2.3722531e+05  -1.2229931e+05
   3.7500000e+01   3.0688056e+05  -9.2257555e+04
   3.7600000e+01   3.5131900e+05  -4.9149262e+04
   3.7700000e+01   3.6810288e+05  -2.8939102e+03
   3.7800000e+01   3.7087366e+05   3.6905730e+04
   3.7900000e+01   3.7379178e+05   6.5075715e+04
   3.8000000e+01   3.8185847e+05   8.6310023e+04
   3.8100000e+01   3.9306378e+05   1.1484842e+05
   3.8200000e+01   4.0485347e+05   1.6305348e+05
   3.8300000e+01   4.1504859e+05   2.2557958e+05
   3.8400000e+01   4.1755875e+05   2.7583794e+05
   3.8500000e+01   4.0256888e+05   2.8435053e+05
   3.8600000e+01   3.6600766e+05   2.4628347e+05
   3.8700000e+01   3.1871366e+05   1.9080867e+05
   3.8800000e+01   2.8138531e+05   1.5838600e+05
   3.8900000e+01   2.6634909e+05   1.6421106e+05
   3.9000000e+01   2.6479844e+05   1.8314378e+05
   3.9100000e+01   2.5494269e+05   1.7236958e+05
   3.9200000e+01   2.2352717e+05   1.1099141e+05
   3.9300000e+01   1.7748762e+05   1.9442041e+04
   3.9400000e+01   1.3370366e+05  -5.7500719e+04
   3.9500000e+01   9.9804414e+04  -8.5287477e+04
   3.9600000e+01   6.8038969e+04  -5.9610852e+04
   3.9700000e+01   2.7476318e+04   1.5313584e+03
   3.9800000e+01  -2.1779658e+04   7.9047820e+04
   3.9900000e+01  -6.9662602e+04   1.6423742e+05
   4.0000000e+01  -1.1019705e+05   2.5401155e+05
   4.0100000e+01  -1.5008581e+05   3.4293422e+05
   4.0200000e+01  -2.0015650e+05   4.2501350e+05
   4.0300000e+01  -2.5996095e+05   5.0036853e+05
   4.0400000e+01  -3.1639559e+05   5.7122162e+05
   4.0500000e+01  -3.6144872e+05   6.2519588e+05
   4.0600000e+01  -4.0846703e+05   6.2659069e+05
   4.0700000e+01  -4.8262969e+05   5.3599281e+05
   4.0800000e+01  -5.8922856e+05   3.4768297e+05
   4.0900000e+01  -6.9350500e+05   1.0651215e+05
   4.1000000e+01  -7.4018194e+05  -1.2070888e+05
   4.1100000e+01  -6.9984312e+05  -2.9730503e+05
   4.1200000e+01  -5.9712400e+05  -4.4124450e+05
   4.1300000e+01  -4.9097928e+05  -5.9623500e+05
   4.1400000e+01  -4.2570284e+05  -7.7851744e+05
   4.1500000e+01  -3.9991862e+05  -9.5305431e+05
   4.1600000e+01  -3.7911441e+05  -1.0607064e+06
   4.1700000e+01  -3.3223675e+05  -1.0659619e+06
   4.1800000e+01  -2.5426148e+05  -9.7867500e+05
   4.1900000e+01  -1.5959381e+05  -8.3550925e+05
   4.2000000e+01  -6.3543832e+04  -6.6758494e+05
   4.2100000e+01   2.5322383e+04  -4.8750275e+05
   4.2200000e+01   9.9862633e+04  -3.0111800e+05
   4.2300000e+01   1.5103383e+05  -1.2250572e+05
   4.2400000e+01   1.7529147e+05   2.7682277e+04
   4.2500000e+01   1.8348022e+05   1.3709870e+05
   4.2600000e+01   1.9670920e+05   2.1065391e+05
   4.2700000e+01   2.2898291e+05   2.6244662e+05
   4.2800000e+01   2.7309369e+05   2.9995359e+05
   4.2900000e+01   3.0555250e+05   3.1847238e+05
   4.3000000e+01   3.0782234e+05   3.1161412e+05
   4.3100000e+01   2.8402884e+05   2.8515169e+05
   4.3200000e+01   2.5778866e+05   2.5789734e+05
   4.3300000e+01   2.5096686e+05   2.4822612e+05
   4.3400000e+01   2.6490691e+05   2.6083088e+05
   4.3500000e+01   2.8197584e+05   2.8703916e+05
   4.3600000e+01   2.8476591e+05   3.1582831e+05
   4.3700000e+01   2.7296131e+05   3.4130938e+05
   4.3800000e+01   2.6144356e+05   3.5927753e+05
   4.3900000e+01   2.6343912e+05   3.6111316e+05
   4.4000000e+01   2.7745488e+05   3.3734541e+05
   4.4100000e+01   2.9067062e+05   2.8961281e+05
   4.4200000e+01   2.9239000e+05   2.3566080e+05
   4.4300000e+01   2.8154103e+05   1.9696312e+05
   4.4400000e+01   2.6234219e+05   1.7918033e+05
   4.4500000e+01   2.3786866e+05   1.6723286e+05
   4.4600000e+01   2.1165570e+05   1.4272305e+05
   4.4700000e+01   1.9268502e+05   1.0566675e+05
   4.4800000e+01   1.9075355e+05   7.5430484e+04
   4.4900000e+01   2.0170872e+05   6.8088000e+04
   4.5000000e+01   2.0056767e+05   7.5004406e+04
   4.5100000e+01   1.5791748e+05   6.8063898e+04
   4.5200000e+01   6.8739516e+04   2.8308303e+04
   4.5300000e+01  -3.6665258e+04  -3.1684904e+04
   4.5400000e+01  -1.1545154e+05  -7.6112242e+04
   4.5500000e+01  -1.4875133e+05  -7.8101172e+04
   4.5600000e+01  -1.5567517e+05  -4.4969562e+04
   4.5700000e+01  -1.7156981e+05  -1.3193057e+04
   4.5800000e+01  -2.1409533e+05  -1.8811582e+04
   4.5900000e+01  -2.7067141e+05  -7.0301898e+04
   4.6000000e+01  -3.1574622e+05  -1.4595783e+05
   4.6100000e+01  -3.3647388e+05  -2.1460730e+05
   4.6200000e+01  -3.4155306e+05  -2.5972167e+05
   4.6300000e+01  -3.4877362e+05  -2.8758903e+05
   4.6400000e+01  -3.6687019e+05  -3.1632844e+05
   4.6500000e+01  -3.8848934e+05  -3.5816719e+05
   4.6600000e+01  -3.9770762e+05  -4.0993684e+05
   4.6700000e+01  -3.8292459e+05  -4.5680816e+05
   4.6800000e+01  -3.4379991e+05  -4.8290272e+05
   4.6900000e+01  -2.8813400e+05  -4.7946747e+05
   4.7000000e+01  -2.2384320e+05  -4.4675506e+05
   4.7100000e+01  -1.5462175e+05  -3.9189469e+05
   4.7200000e+01  -8.2639258e+04  -3.2578956e+05
   4.7300000e+01  -1.3181525e+04  -2.5915850e+05
   4.7400000e+01   4.5981672e+04  -1.9711439e+05
   4.7500000e+01   9.0614852e+04  -1.3502561e+05
   4.7600000e+01   1.2375627e+05  -6.0887656e+04
   4.7700000e+01   1.5134855e+05   3.4477043e+04
   4.7800000e+01   1.7397628e+05   1.4639814e+05
   4.7900000e+01   1.8475509e+05   2.5518881e+05
   4.8000000e+01   1.7702270e+05   3.3824559e+05
   4.8100000e+01   1.5391578e+05   3.8604722e+05
   4.8200000e+01   1.2898639e+05   4.0756403e+05
   4.8300000e+01   1.1637641e+05   4.1989078e+05
   4.8400000e+01   1.1997476e+05   4.3204906e+05
   4.8500000e+01   1.3145331e+05   4.3817281e+05
   4.8600000e+01   1.3765747e+05   4.2524050e+05
   4.8700000e+01   1.2958700e+05   3.8629569e+05
   4.8800000e+01   1.0612832e+05   3.2672088e+05
   4.8900000e+01   7.2586258e+04   2.6036500e+05
   4.9000000e+01   3.8133230e+04   2.0188080e+05
   4.9100000e+01   1.3929894e+04   1.6136625e+05
   4.9200000e+01   9.6729990e+03   1.4123403e+05
   4.9300000e+01   2.7233598e+04   1.3376541e+05
   4.9400000e+01   5.5755059e+04   1.2230602e+05
   4.9500000e+01   7.5583156e+04   9.0091602e+04
   4.9600000e+01   7.2203055e+04   3.3134477e+04
   4.9700000e+01   4.9773941e+04  -3.3987719e+04
   4.9800000e+01   2.9791172e+04  -8.6852273e+04
   4.9900000e+01   3.2108498e+04  -1.0868479e+05
   5.0000000e+01   5.4120238e+04  -1.0223341e+05
   5.0100000e+01   6.9376281e+04  -8.6448297e+04
   5.0200000e+01   5.0128113e+04  -8.1182547e+04
   5.0300000e+01  -5.8357393e+03  -9.2083133e+04
   5.0400000e+01  -7.0042398e+04  -1.0700702e+05
   5.0500000e+01  -1.0625945e+05  -1.0666641e+05
   5.0600000e+01  -1.0115845e+05  -8.1430242e+04
   5.0700000e+01  -7.4893469e+04  -4.0562520e+04
   5.0800000e+01  -6.2464672e+04  -5.6617734e+03
   5.0900000e+01  -8.3250781e+04   5.8967363e+03
   5.1000000e+01  -1.2570786e+05  -7.7141465e+03
   5.1100000e+01  -1.5914112e+05  -3.5808156e+04
   5.1200000e+01  -1.5975822e+05  -6.6367711e+04
   5.1300000e+01  -1.2706022e+05  -9.2697836e+04
   5.1400000e+01  -7.8510641e+04  -1.1223373e+05
   5.1500000e+01  -3.2167844e+04  -1.2529785e+05
   5.1600000e+01   3.9858115e+03  -1.3854233e+05
   5.1700000e+01   2.8991510e+04  -1.6573072e+05
   5.1800000e+01   4.2158809e+04  -2.1717516e+05
   5.1900000e+01   4.4271492e+04  -2.8420488e+05
   5.2000000e+01   4.3981422e+04  -3.3717766e+05
   5.2100000e+01   5.6444148e+04  -3.4516350e+05
   5.2200000e+01   9.0235992e+04  -3.0105722e+05
   5.2300000e+01   1.3579298e+05  -2.2665048e+05
   5.2400000e+01   1.7067681e+05  -1.5160605e+05
   5.2500000e+01   1.7896138e+05  -8.7640109e+04
   5.2600000e+01   1.6506845e+05  -2.3537885e+04
   5.2700000e+01   1.4750852e+05   5.6416781e+04
   5.2800000e+01   1.3971862e+05   1.5177895e+05
   5.2900000e+01   1.3834122e+05   2.4346311e+05
   5.3000000e+01   1.2956648e+05   3.0883184e+05
   5.3100000e+01   1.0425070e+05   3.3749969e+05
   5.3200000e+01   6.5330832e+04   3.3474012e+05
   5.3300000e+01   2.2557766e+04   3.1411672e+05
   5.3400000e+01  -1.6063219e+04   2.8884172e+05
   5.3500000e+01  -4.6274723e+04   2.6709581e+05
   5.3600000e+01  -6.4601758e+04   2.4964041e+05
   5.3700000e+01  -6.9001562e+04   2.2792811e+05
   5.3800000e+01  -6.4948750e+04   1.8580073e+05
   5.3900000e+01  -6.7673125e+04   1.0893473e+05
   5.4000000e+01  -9.2026516e+04  -8.0094336e+02
   5.4100000e+01  -1.3612577e+05  -1.1789546e+05
   5.4200000e+01  -1.7687566e+05  -2.0420952e+05
   5.4300000e+01  -1.8775892e+05  -2.3586206e+05
   5.4400000e+01  -1.6588106e+05  -2.2545978e+05
   5.4500000e+01  -1.4057102e+05  -2.1641614e+05
   5.4600000e+01  -1.4954483e+05  -2.4751270e+05
   5.4700000e+01  -2.0139281e+05  -3.1562900e+05
   5.4800000e+01  -2.6148788e+05  -3.7239447e+05
   5.4900000e+01  -2.7913344e+05  -3.6286331e+05
   5.5000000e+01  -2.3268942e+05  -2.7406294e+05
   5.5100000e+01  -1.4914948e+05  -1.4883938e+05
   5.5200000e+01  -7.8980070e+04  -5.1239082e+04
   5.5300000e+01  -5.1824625e+04  -1.4870628e+04
   5.5400000e+01  -5.6260766e+04  -2.0480807e+04
   5.5500000e+01  -5.9278910e+04  -1.9536744e+04
   5.5600000e+01  -4.0423031e+04   2.2124766e+04
   5.5700000e+01  -5.6393623e+03   1.0060175e+05
   5.5800000e+01   2.6971193e+04   1.8579978e+05
   5.5900000e+01   4.7740062e+04   2.5028364e+05
   5.6000000e+01   6.0272820e+04   2.8635594e+05
   5.6100000e+01   7.1318508e+04   3.0119944e+05
   5.6200000e+01   8.2209320e+04   3.0293691e+05
   5.6300000e+01   9.1300148e+04   2.9424194e+05
   5.6400000e+01   1.0047212e+05   2.7592900e+05
   5.6500000e+01   1.1461561e+05   2.5087005e+05
   5.6600000e+01   1.3411581e+05   2.2197553e+05
   5.6700000e+01   1.5096359e+05   1.8901020e+05
   5.6800000e+01   1.5571870e+05   1.5134989e+05
   5.6900000e+01   1.4925614e+05   1.1436698e+05
   5.7000000e+01   1.4586881e+05   8.9600992e+04
   5.7100000e+01   1.6216314e+05   8.4858094e+04
   5.7200000e+01   2.0150175e+05   9.3675438e+04
   5.7300000e+01   2.4962427e+05   9.7347688e+04
   5.7400000e+01   2.8615362e+05   8.0568039e+04
   5.7500000e+01   3.0027791e+05   4.6198543e+04
   5.7600000e+01   2.9518638e+05   1.3332116e+04
   5.7700000e+01   2.7903419e+05  -1.2846113e+03
   5.7800000e+01   2.5496466e+05  -7.2199414e+02
   5.7900000e+01   2.2188483e+05  -5.8525771e+03
   5.8000000e+01   1.8275039e+05  -3.4638523e+04
   5.8100000e+01   1.4676745e+05  -8.4046953e+04
   5.8200000e+01   1.1953794e+05  -1.3485409e+05
   5.8300000e+01   9.2240516e+04  -1.7482025e+05
   5.8400000e+01   4.6080254e+04  -2.1318345e+05
   5.8500000e+01  -2.7595686e+04  -2.6738281e+05
   5.8600000e+01  -1.1195670e+05  -3.3632300e+05
   5.8700000e+01  -1.7495939e+05  -3.9423819e+05
   5.8800000e+01  -2.0044653e+05  -4.1707300e+05
   5.8900000e+01  -2.0890497e+05  -4.1177303e+05
   5.9000000e+01  -2.4146816e+05  -4.1005797e+05
   5.9100000e+01  -3.1761075e+05  -4.2866341e+05
   5.9200000e+01  -4.0848069e+05  -4.4151134e+05
   5.9300000e+01  -4.5652438e+05  -4.0016559e+05
   5.9400000e+01  -4.2560981e+05  -2.8389206e+05
   5.9500000e+01  -3.3323325e+05  -1.2479407e+05
   5.9600000e+01  -2.3402150e+05   1.9396176e+04
   5.9700000e+01  -1.7277650e+05   1.1449451e+05
   5.9800000e+01  -1.5284020e+05   1.6995470e+05
   5.9900000e+01  -1.4498488e+05   2.1538606e+05
   6.0000000e+01  -1.2041668e+05   2.6550288e+05
   6.0100000e+01  -7.3843094e+04   3.0996612e+05
   6.0200000e+01  -2.0870393e+04   3.3053378e+05
   6.0300000e+01   1.8978865e+04   3.2025384e+05
   6.0400000e+01   3.5139281e+04   2.8546862e+05
   6.0500000e+01   2.8413180e+04   2.3526280e+05
   6.0600000e+01   8.0385513e+03   1.7447353e+05
   6.0700000e+01  -1.1924770e+04   1.0721052e+05
   6.0800000e+01  -1.7653715e+04   4.3420445e+04
   6.0900000e+01  -2.7718032e+03  -2.3124219e+03
   6.1000000e+01   2.6585359e+04  -2.1096896e+04
   6.1100000e+01   5.4706062e+04  -1.8962986e+04
   6.1200000e+01   6.7291734e+04  -1.3282129e+04
   6.1300000e+01   6.2696008e+04  -1.6574664e+04
   6.1400000e+01   5.3872418e+04  -2.2442059e+04
   6.1500000e+01   5.8378078e+04  -9.1404639e+03
   6.1600000e+01   8.3874984e+04   4.0451953e+04
   6.1700000e+01   1.2112713e+05   1.2136929e+05
   6.1800000e+01   1.5081438e+05   2.0883903e+05
   6.1900000e+01   1.5867644e+05   2.7735497e+05
   6.2000000e+01   1.4605152e+05   3.1715391e+05
   6.2100000e+01   1.2718762e+05   3.3382184e+05
   6.2200000e+01   1.1694200e+05   3.3592875e+05
   6.2300000e+01   1.2046884e+05   3.2624788e+05
   6.2400000e+01   1.3255339e+05   3.0387566e+05
   6.2500000e+01   1.4381392e+05   2.6992941e+05
   6.2600000e+01   1.4611127e+05   2.2688100e+05
   6.2700000e+01   1.3424675e+05   1.7296538e+05
   6.2800000e+01   1.0719778e+05   1.0238948e+05
   6.2900000e+01   7.0760625e+04   1.5459704e+04
   6.3000000e+01   3.7239750e+04  -7.2947680e+04
   6.3100000e+01   1.7511713e+04  -1.4162539e+05
   6.3200000e+01   9.8372764e+03  -1.8500398e+05
   6.3300000e+01  -2.3525615e+03  -2.2505227e+05
   6.3400000e+01  -3.7064309e+04  -2.9386406e+05
   6.3500000e+01  -9.4337539e+04  -3.9887469e+05
   6.3600000e+01  -1.4995638e+05  -5.0658188e+05
   6.3700000e+01  -1.7156734e+05  -5.6587556e+05
   6.3800000e+01  -1.4507727e+05  -5.5085525e+05
   6.3900000e+01  -8.7762141e+04  -4.8130606e+05
   6.4000000e+01  -3.5625863e+04  -4.0228659e+05
   6.4100000e+01  -1.6014887e+04  -3.4593259e+05
   6.4200000e+01  -2.9491617e+04  -3.1232666e+05
   6.4300000e+01  -5.5237805e+04  -2.8118403e+05
   6.4400000e+01  -7.2083180e+04  -2.3520850e+05
   6.4500000e+01  -7.4469055e+04  -1.7198627e+05
   6.4600000e+01  -7.0632391e+04  -1.0024632e+05
   6.4700000e+01  -6.9235234e+04  -3.1306535e+04
   6.4800000e+01  -7.0532492e+04   2.5704926e+04
   6.4900000e+01  -6.9859266e+04   6.5296055e+04
   6.5000000e+01  -6.5771758e+04   8.6843094e+04
   6.5100000e+01  -6.0911887e+04   9.5439031e+04
   6.5200000e+01  -5.4896117e+04   1.0023344e+05
   6.5300000e+01  -4.0465402e+04   1.0974620e+05
   6.5400000e+01  -1.0915166e+04   1.2625059e+05
   6.5500000e+01   2.8341879e+04   1.4322558e+05
   6.5600000e+01   5.9185398e+04   1.4974922e+05
   6.5700000e+01   6.5538422e+04   1.4107483e+05
   6.5800000e+01   4.9750855e+04   1.2699570e+05
   6.5900000e+01   3.2842027e+04   1.2768622e+05
   6.6000000e+01   3.6603672e+04   1.5702428e+05
   6.6100000e+01   6.4257707e+04   2.0796738e+05
   6.6200000e+01   9.7862242e+04   2.5607900e+05
   6.6300000e+01   1.1401988e+05   2.8032109e+05
   6.6400000e+01   1.0259732e+05   2.8145284e+05
   6.6500000e+01   7.2388250e+04   2.7942631e+05
   6.6600000e+01   4.1383684e+04   2.9246241e+05
   6.6700000e+01   2.2514693e+04   3.1915644e+05
   6.6800000e+01   1.6748275e+04   3.4060803e+05
   6.6900000e+01   1.6260273e+04   3.3781666e+05
   6.7000000e+01   1.1891611e+04   3.0517597e+05
   6.7100000e+01  -1.4255098e+03   2.4875731e+05
   6.7200000e+01  -2.2635541e+04   1.7669992e+05
   6.7300000e+01  -4.4421793e+04   9.5437969e+04
   6.7400000e+01  -5.5472484e+04   1.3594351e+04
   6.7500000e+01  -4.7321535e+04  -5.7339562e+04
   6.7600000e+01  -2.3628359e+04  -1.1190876e+05
   6.7700000e+01  -2.9642446e+03  -1.5937798e+05
   6.7800000e+01  -7.4541172e+03  -2.1734827e+05
   6.7900000e+01  -4.2734789e+04  -2.9159944e+05
   6.8000000e+01  -8.7606125e+04  -3.6273084e+05
   6.8100000e+01  -1.0746124e+05  -3.9736519e+05
   6.8200000e+01  -8.3491672e+04  -3.7660544e+05
   6.8300000e+01  -3.1133059e+04  -3.1446456e+05
   6.8400000e+01   1.1865997e+04  -2.4730703e+05
   6.8500000e+01   1.8741533e+04  -2.0364233e+05
   6.8600000e+01  -2.4994761e+03  -1.8214966e+05
   6.8700000e+01  -1.7428891e+04  -1.5673523e+05
   6.8800000e+01   2.4806650e+03  -1.0209176e+05
   6.8900000e+01   5.4147875e+04  -1.6610139e+04
   6.9000000e+01   1.0675911e+05   7.5571258e+04
   6.9100000e+01   1.2961655e+05   1.4283953e+05
   6.9200000e+01   1.1737643e+05   1.6853569e+05
   6.9300000e+01   9.1289039e+04   1.6015952e+05
   6.9400000e+01   7.8559805e+04   1.4014298e+05
   6.9500000e+01   9.0270492e+04   1.2768510e+05
   6.9600000e+01   1.1605970e+05   1.2640543e+05
   6.9700000e+01   1.3637814e+05   1.2533734e+05
   6.9800000e+01   1.3851489e+05   1.0932224e+05
   6.9900000e+01   1.2288136e+05   6.9755445e+04
   7.0000000e+01   9.7689656e+04   9.7423711e+03
   7.0100000e+01   7.0183305e+04  -5.7340020e+04
   7.0200000e+01   4.2535957e+04  -1.1468391e+05
   7.0300000e+01   1.3553084e+04  -1.5151083e+05
   7.0400000e+01  -1.7785668e+04  -1.6935717e+05
   7.0500000e+01  -5.0134508e+04  -1.7910858e+05
   7.0600000e+01  -7.9224438e+04  -1.8956262e+05
   7.0700000e+01  -9.8814953e+04  -1.9740812e+05
   7.0800000e+01  -1.0406849e+05  -1.8891044e+05
   7.0900000e+01  -9.6609680e+04  -1.5257694e+05
   7.1000000e+01  -8.6658633e+04  -9.0846094e+04
   7.1100000e+01  -8.7596781e+04  -1.9906342e+04
   7.1200000e+01  -1.0521909e+05   4.1348816e+04
   7.1300000e+01  -1.3129678e+05   8.2772586e+04
   7.1400000e+01  -1.4916719e+05   1.0622089e+05
   7.1500000e+01  -1.4761775e+05   1.2065125e+05
   7.1600000e+01  -1.3004214e+05   1.3467934e+05
   7.1700000e+01  -1.0972119e+05   1.5146698e+05
   7.1800000e+01  -9.6117781e+04   1.6764156e+05
   7.1900000e+01  -8.6633266e+04   1.7570114e+05
   7.2000000e+01  -7.2791336e+04   1.6789820e+05
   7.2100000e+01  -5.4323840e+04   1.3904567e+05
   7.2200000e+01  -4.5003352e+04   8.7497258e+04
   7.2300000e+01  -6.1215734e+04   1.6286659e+04
   7.2400000e+01  -1.0262246e+05  -6.4444004e+04
   7.2500000e+01  -1.4551228e+05  -1.3733327e+05
   7.2600000e+01  -1.5973433e+05  -1.8490909e+05
   7.2700000e+01  -1.3605772e+05  -2.0129945e+05
   7.2800000e+01  -9.6652133e+04  -1.9701803e+05
   7.2900000e+01  -7.5124516e+04  -1.8867430e+05
   7.3000000e+01  -8.3534625e+04  -1.8151756e+05
   7.3100000e+01  -9.9654914e+04  -1.6340383e+05
   7.3200000e+01  -8.8813383e+04  -1.1852321e+05
   7.3300000e+01  -3.8873883e+04  -4.7195430e+04
   7.3400000e+01   2.7268494e+04   3.0129318e+04
   7.3500000e+01   7.3813352e+04   8.9848062e+04
   7.3600000e+01   8.5273625e+04   1.2530169e+05
   7.3700000e+01   7.7873578e+04   1.4906892e+05
   7.3800000e+01   8.1213266e+04   1.7640236e+05
   7.3900000e+01   1.1208135e+05   2.0855402e+05
   7.4000000e+01   1.6533745e+05   2.3304912e+05
   7.4100000e+01   2.2442125e+05   2.3843711e+05
   7.4200000e+01   2.7474725e+05   2.2608044e+05
   7.4300000e+01   3.0696203e+05   2.0663661e+05
   7.4400000e+01   3.1407847e+05   1.8690869e+05
   7.4500000e+01   2.9339628e+05   1.6319717e+05
   7.4600000e+01   2.5352919e+05   1.2881027e+05
   7.4700000e+01   2.1488653e+05   8.6022266e+04
   7.4800000e+01   1.9629258e+05   4.7048766e+04
   7.4900000e+01   1.9760794e+05   2.1917584e+04
   7.5000000e+01   1.9725895e+05   7.7745708e+03
   7.5100000e+01   1.7107466e+05  -6.8368369e+03
   7.5200000e+01   1.1613759e+05  -2.7555863e+04
   7.5300000e+01   5.5477742e+04  -4.7367801e+04
   7.5400000e+01   1.7146152e+04  -5.5681359e+04
   7.5500000e+01   7.3991123e+03  -5.1677602e+04
   7.5600000e+01   4.6449194e+03  -4.5337297e+04
   7.5700000e+01  -1.9691209e+04  -4.5554840e+04
   7.5800000e+01  -7.4043500e+04  -5.0524082e+04
   7.5900000e+01  -1.3930355e+05  -5.1400289e+04
   7.6000000e+01  -1.8633745e+05  -4.3168078e+04
   7.6100000e+01  -1.9951133e+05  -2.9192404e+04
   7.6200000e+01  -1.8448944e+05  -1.5786117e+04
   7.6300000e+01  -1.5740052e+05  -5.5548198e+03
   7.6400000e+01  -1.3075545e+05   2.0826270e+03
   7.6500000e+01  -1.1021370e+05   5.2420908e+03
   7.6600000e+01  -9.9847578e+04  -2.4608538e+03
   7.6700000e+01  -1.0316555e+05  -2.5686148e+04
   7.6800000e+01  -1.1562870e+05  -5.8127719e+04
   7.6900000e+01  -1.2052506e+05  -8.1510453e+04
   7.7000000e+01  -1.0119765e+05  -7.9374797e+04
   7.7100000e+01  -6.2914809e+04  -5.7441203e+04
   7.7200000e+01  -3.9222301e+04  -4.9545539e+04
   7.7300000e+01  -6.6981219e+04  -9.4625656e+04
   7.7400000e+01  -1.4790036e+05  -1.9818588e+05
   7.7500000e+01  -2.3585573e+05  -3.1520900e+05
   7.7600000e+01  -2.6920509e+05  -3.7899200e+05
   7.7700000e+01  -2.2168867e+05  -3.5573322e+05
   7.7800000e+01  -1.2341004e+05  -2.7365241e+05
   7.7900000e+01  -3.1768520e+04  -1.9662544e+05
   7.8000000e+01   1.7800658e+04  -1.6755766e+05
   7.8100000e+01   3.3650090e+04  -1.7654786e+05
   7.8200000e+01   4.6736398e+04  -1.8080662e+05
   7.8300000e+01   7.5096672e+04  -1.4981116e+05
   7.8400000e+01   1.1118734e+05  -8.8856531e+04
   7.8500000e+01   1.3807520e+05  -2.4144926e+04
   7.8600000e+01   1.4931550e+05   2.6137336e+04
   7.8700000e+01   1.5011478e+05   6.2811172e+04
   7.8800000e+01   1.4455650e+05   9.4231875e+04
   7.8900000e+01   1.2937850e+05   1.2320574e+05
   7.9000000e+01   1.0228759e+05   1.4865209e+05
   7.9100000e+01   7.1668352e+04   1.7494208e+05
   7.9200000e+01   5.2502820e+04   2.1116305e+05
   7.9300000e+01   5.1513762e+04   2.5748873e+05
   7.9400000e+01   5.8975047e+04   2.9624266e+05
   7.9500000e+01   5.7686582e+04   3.0363809e+05
   7.9600000e+01   4.0366980e+04   2.7401238e+05
   7.9700000e+01   1.7529555e+04   2.3019803e+05
   7.9800000e+01   7.8942188e+03   2.0537781e+05
   7.9900000e+01   2.0706666e+04   2.1249414e+05
   8.0000000e+01   4.6600137e+04   2.3229311e+05
   8.0100000e+01   6.5229367e+04   2.3237680e+05
   8.0200000e+01   6.2604602e+04   1.9761252e+05
   8.0300000e+01   4.2523043e+04   1.4200939e+05
   8.0400000e+01   2.2141051e+04   9.3242188e+04
   8.0500000e+01   1.6616871e+04   6.8431844e+04
   8.0600000e+01   2.7697373e+04   6.4610934e+04
   8.0700000e+01   4.5776141e+04   6.8183680e+04
   8.0800000e+01   6.0074328e+04   6.8481156e+04
   8.0900000e+01   6.4468727e+04   6.1164676e+04
   8.1000000e+01   5.5372461e+04   4.3180094e+04
   8.1100000e+01   3.0333713e+04   1.1424671e+04
   8.1200000e+01  -6.3065454e+03  -3.0046539e+04
   8.1300000e+01  -3.9029777e+04  -6.4726254e+04
   8.1400000e+01  -5.1172105e+04  -7.3382523e+04
   8.1500000e+01  -4.5492812e+04  -5.5121059e+04
   8.1600000e+01  -5.1620574e+04  -3.7627824e+04
   8.1700000e+01  -1.0344662e+05  -5.8873684e+04
   8.1800000e+01  -2.0223156e+05  -1.3114042e+05
   8.1900000e+01  -3.0359350e+05  -2.2185084e+05
   8.2000000e+01  -3.4808297e+05  -2.7489909e+05
   8.2100000e+01  -3.1082638e+05  -2.5719250e+05
   8.2200000e+01  -2.2329898e+05  -1.8766812e+05
   8.2300000e+01  -1.4594055e+05  -1.2083266e+05
   8.2400000e+01  -1.1798265e+05  -1.0023291e+05
   8.2500000e+01  -1.3091816e+05  -1.2501460e+05
   8.2600000e+01  -1.4573273e+05  -1.5780820e+05
   8.2700000e+01  -1.3149573e+05  -1.6206139e+05
   8.2800000e+01  -8.7546094e+04  -1.3226956e+05
   8.2900000e+01  -3.4077375e+04  -9.2391016e+04
   8.3000000e+01   1.1767730e+04  -6.9833766e+04
   8.3100000e+01   4.8051500e+04  -7.2236188e+04
   8.3200000e+01   8.0487164e+04  -8.6032031e+04
   8.3300000e+01   1.0934069e+05  -9.2293867e+04
   8.3400000e+01   1.2775651e+05  -8.1350914e+04
   8.3500000e+01   1.3224827e+05  -5.4460426e+04
   8.3600000e+01   1.3086406e+05  -1.7080213e+04
   8.3700000e+01   1.3724869e+05   2.5111797e+04
   8.3800000e+01   1.5583850e+05   6.4595250e+04
   8.3900000e+01   1.7520764e+05   9.1888648e+04
   8.4000000e+01   1.7903256e+05   1.0183370e+05
   8.4100000e+01   1.6452948e+05   1.0027258e+05
   8.4200000e+01   1.4825927e+05   1.0130827e+05
   8.4300000e+01   1.5133114e+05   1.1527788e+05
   8.4400000e+01   1.7831009e+05   1.3924950e+05
   8.4500000e+01   2.1193294e+05   1.6014155e+05
   8.4600000e+01   2.2937681e+05   1.6696642e+05
   8.4700000e+01   2.2279861e+05   1.5927970e+05
   8.4800000e+01   2.0294327e+05   1.4408353e+05
   8.4900000e+01   1.8405861e+05   1.2621000e+05
   8.5000000e+01   1.6850422e+05   1.0313308e+05
   8.5100000e+01   1.4736723e+05   6.9060547e+04
   8.5200000e+01   1.1318657e+05   2.2964074e+04
   8.5300000e+01   6.7924469e+04  -2.8282891e+04
   8.5400000e+01   1.8437000e+04  -7.4540344e+04
   8.5500000e+01  -3.0931252e+04  -1.0920813e+05
   8.5600000e+01  -7.6941781e+04  -1.3085003e+05
   8.5700000e+01  -1.1080609e+05  -1.3927828e+05
   8.5800000e+01  -1.2023583e+05  -1.3321877e+05
   8.5900000e+01  -1.0346432e+05  -1.1461976e+05
   8.6000000e+01  -7.9473484e+04  -9.4236641e+04
   8.6100000e+01  -7.7661312e+04  -8.7816188e+04
   8.6200000e+01  -1.1226938e+05  -1.0165856e+05
   8.6300000e+01  -1.6688038e+05  -1.2149989e+05
   8.6400000e+01  -2.0686162e+05  -1.1993497e+05
   8.6500000e+01  -2.0907722e+05  -7.9606805e+04
   8.6600000e+01  -1.8010503e+05  -1.0790572e+04
   8.6700000e+01  -1.4652788e+05   5.4974559e+04
   8.6800000e+01  -1.2938191e+05   9.0259758e+04
   8.6900000e+01  -1.2859878e+05   9.2326969e+04
   8.7000000e+01  -1.2972379e+05   8.0746406e+04
   8.7100000e+01  -1.2175380e+05   7.7085008e+04
   8.7200000e+01  -1.0677084e+05   8.7537469e+04
   8.7300000e+01  -9.4505812e+04   1.0288111e+05
   8.7400000e+01  -9.1325594e+04   1.1095239e+05
   8.7500000e+01  -9.6015539e+04   1.0628023e+05
   8.7600000e+01  -1.0425108e+05   8.8957727e+04
   8.7700000e+01  -1.1382544e+05   5.9151711e+04
   8.7800000e+01  -1.2400895e+05   1.7383377e+04
   8.7900000e+01  -1.3130959e+05  -2.9599244e+04
   8.8000000e+01  -1.2889870e+05  -6.7701492e+04
   8.8100000e+01  -1.1225423e+05  -8.5153977e+04
   8.8200000e+01  -8.5029070e+04  -8.4338375e+04
   8.8300000e+01  -5.7233090e+04  -8.0892641e+04
   8.8400000e+01  -3.5706031e+04  -8.7701648e+04
   8.8500000e+01  -1.6385125e+04  -9.9610898e+04
   8.8600000e+01   1.2142742e+04  -9.6453906e+04
   8.8700000e+01   5.5602258e+04  -6.3075430e+04
   8.8800000e+01   1.0468265e+05  -6.0274028e+03
   8.8900000e+01   1.4078100e+05   5.0648652e+04
   8.9000000e+01   1.5304750e+05   8.6317422e+04
   8.9100000e+01   1.4970197e+05   1.0026388e+05
   8.9200000e+01   1.5080472e+05   1.0868915e+05
   8.9300000e+01   1.6871947e+05   1.2780947e+05
   8.9400000e+01   1.9616167e+05   1.6116488e+05
   8.9500000e+01   2.1400580e+05   2.0146519e+05
   8.9600000e+01   2.0974253e+05   2.4022523e+05
   8.9700000e+01   1.8674267e+05   2.7193241e+05
   8.9800000e+01   1.5656284e+05   2.8964978e+05
   8.9900000e+01   1.2646310e+05   2.8202009e+05
   9.0000000e+01   9.7793719e+04   2.4067448e+05
   9.0100000e+01   7.4543961e+04   1.7238769e+05
   9.0200000e+01   6.6890922e+04   1.0019464e+05
   9.0300000e+01   8.1181469e+04   4.6773938e+04
   9.0400000e+01   1.0719175e+05   1.3867710e+04
   9.0500000e+01   1.2044321e+05  -2.0210855e+04
   9.0600000e+01   1.0155660e+05  -7.9064188e+04
   9.0700000e+01   5.4130992e+04  -1.6221941e+05
   9.0800000e+01   1.9190645e+03  -2.4141247e+05
   9.0900000e+01  -3.3069340e+04  -2.8522225e+05
   9.1000000e+01  -5.0063949e+04  -2.8940422e+05
   9.1100000e+01  -6.7474930e+04  -2.8280669e+05
   9.1200000e+01  -1.0174947e+05  -3.0111384e+05
   9.1300000e+01  -1.4821180e+05  -3.5184050e+05
   9.1400000e+01  -1.8246125e+05  -4.0376006e+05
   9.1500000e+01  -1.8083820e+05  -4.1207153e+05
   9.1600000e+01  -1.4079767e+05  -3.5716669e+05
   9.1700000e+01  -8.3139461e+04  -2.6176908e+05
   9.1800000e+01  -3.5583699e+04  -1.7149538e+05
   9.1900000e+01  -1.3568113e+04  -1.1799284e+05
   9.2000000e+01  -1.4262113e+04  -9.8350266e+04
   9.2100000e+01  -2.5405094e+04  -8.6103523e+04
   9.2200000e+01  -3.7315199e+04  -5.8257074e+04
   9.2300000e+01  -4.6935203e+04  -1.1171891e+04
   9.2400000e+01  -5.4037812e+04   4.5072656e+04
   9.2500000e+01  -5.7763672e+04   1.0079181e+05
   9.2600000e+01  -5.8105594e+04   1.5184783e+05
   9.2700000e+01  -5.8100297e+04   1.9412098e+05
   9.2800000e+01  -6.0765770e+04   2.1961856e+05
   9.2900000e+01  -6.2817973e+04   2.2225178e+05
   9.3000000e+01  -5.4074918e+04   2.0625512e+05
   9.3100000e+01  -2.6643229e+04   1.8483503e+05
   9.3200000e+01   1.4370693e+04   1.6829255e+05
   9.3300000e+01   5.1508355e+04   1.5492120e+05
   9.3400000e+01   6.9061602e+04   1.3615191e+05
   9.3500000e+01   6.7441430e+04   1.1054631e+05
   9.3600000e+01   6.2703133e+04   8.9378891e+04
   9.3700000e+01   7.1022555e+04   8.5223773e+04
   9.3800000e+01   9.3661586e+04   9.5526930e+04
   9.3900000e+01   1.1716927e+05   1.0125101e+05
   9.4000000e+01   1.2736552e+05   8.4906664e+04
   9.4100000e+01   1.2193869e+05   4.9477637e+04
   9.4200000e+01   1.0949056e+05   1.6918875e+04
   9.4300000e+01   9.8103328e+04   6.9600225e+03
   9.4400000e+01   8.7040742e+04   1.9070697e+04
   9.4500000e+01   7.0329383e+04   3.6578855e+04
   9.4600000e+01   4.6849371e+04   4.6329414e+04
   9.4700000e+01   2.3944418e+04   5.0164793e+04
   9.4800000e+01   9.1666094e+03   5.6061035e+04
   9.4900000e+01  -3.5813235e+02   6.2463461e+04
   9.5000000e+01  -1.6646160e+04   5.7488547e+04
   9.5100000e+01  -4.6381371e+04   3.4947051e+04
   9.5200000e+01  -7.9681531e+04   5.9461553e+03
   9.5300000e+01  -9.8690922e+04  -1.2072414e+04
   9.5400000e+01  -1.0045087e+05  -1.9224641e+04
   9.5500000e+01  -1.0756905e+05  -4.0862746e+04
   9.5600000e+01  -1.4835703e+05  -1.0445509e+05
   9.5700000e+01  -2.2200280e+05  -2.0616248e+05
   9.5800000e+01  -2.8687897e+05  -3.0344675e+05
   9.5900000e+01  -2.9113744e+05  -3.4604644e+05
   9.6000000e+01  -2.2019022e+05  -3.1776944e+05
   9.6100000e+01  -1.1406926e+05  -2.4893094e+05
   9.6200000e+01  -3.5438320e+04  -1.8804198e+05
   9.6300000e+01  -1.8087717e+04  -1.6095530e+05
   9.6400000e+01  -4.4001430e+04  -1.5517895e+05
   9.6500000e+01  -6.6618938e+04  -1.3944073e+05
   9.6600000e+01  -5.3148480e+04  -9.5097398e+04
   9.6700000e+01  -5.8829512e+03  -2.9671639e+04
   9.6800000e+01   5.0414980e+04   3.5041988e+04
   9.6900000e+01   9.4305609e+04   8.3519047e+04
   9.7000000e+01   1.1996141e+05   1.1543616e+05
   9.7100000e+01   1.3082866e+05   1.3862155e+05
   9.7200000e+01   1.3005376e+05   1.5763244e+05
   9.7300000e+01   1.2071580e+05   1.7050858e+05
   9.7400000e+01   1.1112506e+05   1.7451028e+05
   9.7500000e+01   1.1181734e+05   1.7159344e+05
   9.7600000e+01   1.2275380e+05   1.6641734e+05
   9.7700000e+01   1.2614723e+05   1.6003295e+05
   9.7800000e+01   9.8803375e+04   1.4814225e+05
   9.7900000e+01   3.6178141e+04   1.2697843e+05
   9.8000000e+01  -3.6689496e+04   9.9772500e+04
   9.8100000e+01  -8.2092727e+04   7.5345438e+04
   9.8200000e+01  -8.0410398e+04   5.9934539e+04
   9.8300000e+01  -4.5180289e+04   5.2043820e+04
   9.8400000e+01  -8.6589531e+03   4.6501930e+04
   9.8500000e+01   6.4377651e+03   4.2159523e+04
   9.8600000e+01   1.9306870e+03   4.2932828e+04
   9.8700000e+01  -4.5999233e+03   5.0839672e+04
   9.8800000e+01   9.0451953e+02   6.0935645e+04
   9.8900000e+01   1.8672660e+04   6.6278086e+04
   9.9000000e+01   3.9664543e+04   6.7308781e+04
   9.9100000e+01   5.5479477e+04   7.2111281e+04
   9.9200000e+01   6.2454906e+04   8.4226953e+04
   9.9300000e+01   5.9228828e+04   9.2384867e+04
   9.9400000e+01   4.5492305e+04   7.8406062e+04
   9.9500000e+01   2.5888664e+04   3.8879340e+04
   9.9600000e+01   1.1992359e+04  -4.6835996e+03
   9.9700000e+01   1.3259443e+04  -2.4736736e+04
   9.9800000e+01   2.3214582e+04  -1.8007059e+04
   9.9900000e+01   2.2712342e+04  -7.4259805e+03
   1.0000000e+02   4.8884575e+03  -8.4598291e+03
