   1.1851270e+02   3.6301420e+01   1.8450000e+02
   1.1904760e+02   3.6552064e+01   8.0600000e+01
   0.0000000e+00  -4.5357781e+05  -4.5357781e+05
   1.0000000e-01  -4.1419706e+05  -3.5558138e+05
   2.0000000e-01  -2.8554819e+05  -1.5820784e+05
   3.0000000e-01  -1.6130342e+05   4.5606773e+04
   4.0000000e-01  -1.0354675e+05   1.7910222e+05
   5.0000000e-01  -9.9403148e+04   2.2956627e+05
   6.0000000e-01  -8.7791906e+04   2.3920247e+05
   7.0000000e-01  -2.4143781e+04   2.5872289e+05
   8.0000000e-01   8.1303484e+04   3.0822725e+05
   9.0000000e-01   1.8205359e+05   3.7148469e+05
   1.0000000e+00   2.4199091e+05   4.1626641e+05
   1.1000000e+00   2.6008306e+05   4.1780238e+05
   1.2000000e+00   2.5572777e+05   3.7046734e+05
   1.3000000e+00   2.4093538e+05   2.8729309e+05
   1.4000000e+00   2.1214666e+05   1.9265636e+05
   1.5000000e+00   1.6410502e+05   1.1121949e+05
   1.6000000e+00   1.0190328e+05   5.5321859e+04
   1.7000000e+00   3.4728809e+04   1.7033113e+04
   1.8000000e+00  -3.8357816e+04  -2.6811439e+04
   1.9000000e+00  -1.2958285e+05  -9.5801586e+04
   2.0000000e+00  -2.4672222e+05  -1.8631598e+05
   2.1000000e+00  -3.7827284e+05  -2.6948656e+05
   2.2000000e+00  -4.9675375e+05  -3.1223753e+05
   2.3000000e+00  -5.7688025e+05  -3.0460184e+05
   2.4000000e+00  -6.1034450e+05  -2.6782122e+05
   2.5000000e+00  -6.0525781e+05  -2.3462381e+05
   2.6000000e+00  -5.7529650e+05  -2.2016455e+05
   2.7000000e+00  -5.3064388e+05  -2.1100827e+05
   2.8000000e+00  -4.7518906e+05  -1.8051434e+05
   2.9000000e+00  -4.0591522e+05  -1.1301537e+05
   3.0000000e+00  -3.1266475e+05  -1.4063648e+04
   3.1000000e+00  -1.8351664e+05   9.7502141e+04
   3.2000000e+00  -1.8512781e+04   2.0158442e+05
   3.3000000e+00   1.5863219e+05   2.8098775e+05
   3.4000000e+00   3.0776825e+05   3.2137962e+05
   3.5000000e+00   4.0088862e+05   3.1685653e+05
   3.6000000e+00   4.4914128e+05   2.7909081e+05
   3.7000000e+00   4.9827516e+05   2.3531888e+05
   3.8000000e+00   5.8842881e+05   2.0733975e+05
   3.9000000e+00   7.1154425e+05   1.8664200e+05
   4.0000000e+00   8.0885581e+05   1.3331489e+05
   4.1000000e+00   8.1707125e+05   9.1269121e+03
   4.2000000e+00   7.2497281e+05  -1.7943416e+05
   4.3000000e+00   5.8885700e+05  -3.6918309e+05
   4.4000000e+00   4.9064628e+05  -4.7765928e+05
   4.5000000e+00   4.7388238e+05  -4.6325556e+05
   4.6000000e+00   5.1197859e+05  -3.5680803e+05
   4.7000000e+00   5.3359269e+05  -2.3582178e+05
   4.8000000e+00   4.8079441e+05  -1.6325238e+05
   4.9000000e+00   3.5104169e+05  -1.4383059e+05
   5.0000000e+00   1.9217819e+05  -1.3264611e+05
   5.1000000e+00   6.0444363e+04  -8.2044383e+04
   5.2000000e+00  -2.1323314e+04   1.8237016e+04
   5.3000000e+00  -7.4064828e+04   1.3912309e+05
   5.4000000e+00  -1.3910403e+05   2.4075291e+05
   5.5000000e+00  -2.4406888e+05   3.0035147e+05
   5.6000000e+00  -3.8441388e+05   3.1860650e+05
   5.7000000e+00  -5.3019006e+05   3.0888034e+05
   5.8000000e+00  -6.4831231e+05   2.8501041e+05
   5.9000000e+00  -7.2301744e+05   2.5553712e+05
   6.0000000e+00  -7.6266506e+05   2.2177258e+05
   6.1000000e+00  -7.9114438e+05   1.7736555e+05
   6.2000000e+00  -8.2985725e+05   1.1231448e+05
   6.3000000e+00  -8.8047225e+05   2.2663434e+04
   6.4000000e+00  -9.1948531e+05  -8.1227492e+04
   6.5000000e+00  -9.1067012e+05  -1.7763769e+05
   6.6000000e+00  -8.2990644e+05  -2.4796291e+05
   6.7000000e+00  -6.8545725e+05  -2.9042969e+05
   6.8000000e+00  -5.1668575e+05  -3.1959453e+05
   6.9000000e+00  -3.6917391e+05  -3.5105631e+05
   7.0000000e+00  -2.6367206e+05  -3.8512200e+05
   7.1000000e+00  -1.8331322e+05  -4.0445500e+05
   7.2000000e+00  -9.0264578e+04  -3.8765797e+05
   7.3000000e+00   4.0893305e+04  -3.2620938e+05
   7.4000000e+00   2.0023214e+05  -2.3013083e+05
   7.5000000e+00   3.4881975e+05  -1.1933140e+05
   7.6000000e+00   4.4816856e+05  -1.0474761e+04
   7.7000000e+00   4.8699056e+05   8.9002016e+04
   7.8000000e+00   4.8354038e+05   1.7751384e+05
   7.9000000e+00   4.6548447e+05   2.5385170e+05
   8.0000000e+00   4.4859816e+05   3.1668978e+05
   8.1000000e+00   4.3181581e+05   3.6792694e+05
   8.2000000e+00   4.0619231e+05   4.1252356e+05
   8.3000000e+00   3.6347856e+05   4.5094319e+05
   8.4000000e+00   2.9828678e+05   4.7045288e+05
   8.5000000e+00   2.1141788e+05   4.4713762e+05
   8.6000000e+00   1.1959169e+05   3.6289138e+05
   8.7000000e+00   6.0582164e+04   2.2543634e+05
   8.8000000e+00   7.7421109e+04   7.1118578e+04
   8.9000000e+00   1.8523014e+05  -5.7576234e+04
   9.0000000e+00   3.4985741e+05  -1.4309208e+05
   9.1000000e+00   5.0526278e+05  -2.0330955e+05
   9.2000000e+00   6.0127444e+05  -2.6871016e+05
   9.3000000e+00   6.4000669e+05  -3.4569075e+05
   9.4000000e+00   6.6607388e+05  -4.0136622e+05
   9.5000000e+00   7.1931944e+05  -3.8660012e+05
   9.6000000e+00   7.9499106e+05  -2.7800356e+05
   9.7000000e+00   8.4776881e+05  -1.0168156e+05
   9.8000000e+00   8.3244912e+05   8.1217195e+04
   9.9000000e+00   7.4053525e+05   2.1276544e+05
   1.0000000e+01   6.0045750e+05   2.6805512e+05
   1.0100000e+01   4.4709294e+05   2.5717531e+05
   1.0200000e+01   2.9361159e+05   2.0670988e+05
   1.0300000e+01   1.3067158e+05   1.4101450e+05
   1.0400000e+01  -5.2521555e+04   7.4308531e+04
   1.0500000e+01  -2.5075591e+05   9.8004980e+03
   1.0600000e+01  -4.4569012e+05  -5.9788539e+04
   1.0700000e+01  -6.2135481e+05  -1.4716930e+05
   1.0800000e+01  -7.7218781e+05  -2.5624416e+05
   1.0900000e+01  -8.9549612e+05  -3.6666619e+05
   1.1000000e+01  -9.8086956e+05  -4.3561612e+05
   1.1100000e+01  -1.0132486e+06  -4.2423262e+05
   1.1200000e+01  -9.8885462e+05  -3.2985112e+05
   1.1300000e+01  -9.2524244e+05  -1.9280948e+05
   1.1400000e+01  -8.5098219e+05  -6.6556562e+04
   1.1500000e+01  -7.8345219e+05   2.4726568e+04
   1.1600000e+01  -7.1819644e+05   1.0230602e+05
   1.1700000e+01  -6.4164050e+05   2.0726306e+05
   1.1800000e+01  -5.5281900e+05   3.5629975e+05
   1.1900000e+01  -4.6908109e+05   5.1926522e+05
   1.2000000e+01  -4.0855175e+05   6.3834138e+05
   1.2100000e+01  -3.6903372e+05   6.7150594e+05
   1.2200000e+01  -3.2832450e+05   6.2325531e+05
   1.2300000e+01  -2.6752288e+05   5.3910112e+05
   1.2400000e+01  -1.9240131e+05   4.7139984e+05
   1.2500000e+01  -1.2867746e+05   4.4419047e+05
   1.2600000e+01  -9.5505438e+04   4.4039553e+05
   1.2700000e+01  -8.6195781e+04   4.1588466e+05
   1.2800000e+01  -7.7320969e+04   3.2909644e+05
   1.2900000e+01  -5.4725297e+04   1.6925659e+05
   1.3000000e+01  -2.4967426e+04  -3.2566697e+04
   1.3100000e+01   1.9494893e+03  -2.1888047e+05
   1.3200000e+01   3.6751215e+04  -3.4250225e+05
   1.3300000e+01   1.0857641e+05  -4.0128659e+05
   1.3400000e+01   2.3255670e+05  -4.4199328e+05
   1.3500000e+01   3.8241347e+05  -5.2417734e+05
   1.3600000e+01   5.0391216e+05  -6.6884669e+05
   1.3700000e+01   5.6215169e+05  -8.3414412e+05
   1.3800000e+01   5.7555175e+05  -9.4124681e+05
   1.3900000e+01   5.9885569e+05  -9.3173562e+05
   1.4000000e+01   6.6896088e+05  -8.1021756e+05
   1.4100000e+01   7.6596006e+05  -6.3851438e+05
   1.4200000e+01   8.2667806e+05  -4.8915138e+05
   1.4300000e+01   7.9670862e+05  -3.9859784e+05
   1.4400000e+01   6.7295688e+05  -3.5623744e+05
   1.4500000e+01   5.0251066e+05  -3.3022162e+05
   1.4600000e+01   3.4542356e+05  -3.0028488e+05
   1.4700000e+01   2.3638703e+05  -2.6795028e+05
   1.4800000e+01   1.7296352e+05  -2.4164994e+05
   1.4900000e+01   1.3091849e+05  -2.1853041e+05
   1.5000000e+01   8.7841180e+04  -1.8309409e+05
   1.5100000e+01   3.7383391e+04  -1.2112374e+05
   1.5200000e+01  -1.0446094e+04  -3.1082301e+04
   1.5300000e+01  -3.7756121e+04   7.9125531e+04
   1.5400000e+01  -3.0135664e+04   2.0362177e+05
   1.5500000e+01   1.2917842e+04   3.4289366e+05
   1.5600000e+01   7.3677820e+04   4.9592262e+05
   1.5700000e+01   1.2403373e+05   6.5114419e+05
   1.5800000e+01   1.4425678e+05   7.8933612e+05
   1.5900000e+01   1.3904903e+05   8.9694694e+05
   1.6000000e+01   1.3464280e+05   9.7486138e+05
   1.6100000e+01   1.5609672e+05   1.0318569e+06
   1.6200000e+01   2.0414303e+05   1.0694035e+06
   1.6300000e+01   2.5341036e+05   1.0746446e+06
   1.6400000e+01   2.7361006e+05   1.0296521e+06
   1.6500000e+01   2.5293986e+05   9.2777625e+05
   1.6600000e+01   2.0211805e+05   7.8138638e+05
   1.6700000e+01   1.3817053e+05   6.1510519e+05
   1.6800000e+01   6.6788141e+04   4.5227512e+05
   1.6900000e+01  -1.9170336e+04   3.0565584e+05
   1.7000000e+01  -1.2644554e+05   1.7593983e+05
   1.7100000e+01  -2.5041998e+05   5.4570246e+04
   1.7200000e+01  -3.7917844e+05  -7.2012945e+04
   1.7300000e+01  -5.0643275e+05  -2.1523817e+05
   1.7400000e+01  -6.3539650e+05  -3.7378697e+05
   1.7500000e+01  -7.6623788e+05  -5.2638550e+05
   1.7600000e+01  -8.8220038e+05  -6.3915494e+05
   1.7700000e+01  -9.5610994e+05  -6.8936250e+05
   1.7800000e+01  -9.7691131e+05  -6.8875238e+05
   1.7900000e+01  -9.6762388e+05  -6.8160838e+05
   1.8000000e+01  -9.6803831e+05  -7.1079612e+05
   1.8100000e+01  -9.9253850e+05  -7.7756350e+05
   1.8200000e+01  -1.0061465e+06  -8.3410138e+05
   1.8300000e+01  -9.4907838e+05  -8.2167319e+05
   1.8400000e+01  -7.9055388e+05  -7.2305594e+05
   1.8500000e+01  -5.5983025e+05  -5.8137344e+05
   1.8600000e+01  -3.2399634e+05  -4.6777622e+05
   1.8700000e+01  -1.3522911e+05  -4.2774209e+05
   1.8800000e+01   2.0345723e+03  -4.5238800e+05
   1.8900000e+01   1.1802617e+05  -4.9371262e+05
   1.9000000e+01   2.3928123e+05  -5.0309681e+05
   1.9100000e+01   3.6506494e+05  -4.5905459e+05
   1.9200000e+01   4.7622294e+05  -3.6850200e+05
   1.9300000e+01   5.5913706e+05  -2.5061102e+05
   1.9400000e+01   6.1675812e+05  -1.2091640e+05
   1.9500000e+01   6.5850894e+05   1.4585720e+04
   1.9600000e+01   6.8563919e+05   1.5651688e+05
   1.9700000e+01   6.9121569e+05   3.0608347e+05
   1.9800000e+01   6.7373656e+05   4.6027116e+05
   1.9900000e+01   6.4526500e+05   6.0978631e+05
   2.0000000e+01   6.2104388e+05   7.3993856e+05
   2.0100000e+01   6.0115419e+05   8.3481519e+05
   2.0200000e+01   5.6730912e+05   8.8450712e+05
   2.0300000e+01   5.0225259e+05   8.9200475e+05
   2.0400000e+01   4.1229553e+05   8.7326506e+05
   2.0500000e+01   3.2731084e+05   8.4663775e+05
   2.0600000e+01   2.7579938e+05   8.1746781e+05
   2.0700000e+01   2.5962220e+05   7.7129088e+05
   2.0800000e+01   2.5365462e+05   6.8403600e+05
   2.0900000e+01   2.3019547e+05   5.4234650e+05
   2.1000000e+01   1.8436550e+05   3.5709628e+05
   2.1100000e+01   1.3780952e+05   1.5955575e+05
   2.1200000e+01   1.1931253e+05  -1.4856909e+04
   2.1300000e+01   1.4035061e+05  -1.4249573e+05
   2.1400000e+01   1.8533384e+05  -2.1971631e+05
   2.1500000e+01   2.2243808e+05  -2.6374934e+05
   2.1600000e+01   2.2502673e+05  -3.0629503e+05
   2.1700000e+01   1.8782653e+05  -3.7683475e+05
   2.1800000e+01   1.2835920e+05  -4.7891288e+05
   2.1900000e+01   7.4953984e+04  -5.7665625e+05
   2.2000000e+01   4.9074730e+04  -6.1168212e+05
   2.2100000e+01   5.0361551e+04  -5.4855469e+05
   2.2200000e+01   5.2352051e+04  -4.1473741e+05
   2.2300000e+01   1.5514112e+04  -2.9357469e+05
   2.2400000e+01  -8.4450609e+04  -2.6426050e+05
   2.2500000e+01  -2.3099928e+05  -3.3459453e+05
   2.2600000e+01  -3.6895359e+05  -4.2849175e+05
   2.2700000e+01  -4.4157175e+05  -4.4647666e+05
   2.2800000e+01  -4.3587825e+05  -3.4994472e+05
   2.2900000e+01  -3.9491141e+05  -1.9467030e+05
   2.3000000e+01  -3.8178181e+05  -8.3757125e+04
   2.3100000e+01  -4.2615375e+05  -8.2963320e+04
   2.3200000e+01  -5.0214053e+05  -1.7228267e+05
   2.3300000e+01  -5.5675250e+05  -2.7035766e+05
   2.3400000e+01  -5.5966000e+05  -3.0297462e+05
   2.3500000e+01  -5.2683256e+05  -2.5488183e+05
   2.3600000e+01  -4.9893416e+05  -1.6776153e+05
   2.3700000e+01  -4.9949844e+05  -9.6491109e+04
   2.3800000e+01  -5.1436947e+05  -6.5598180e+04
   2.3900000e+01  -5.0958609e+05  -5.8641672e+04
   2.4000000e+01  -4.6658506e+05  -4.0818273e+04
   2.4100000e+01  -3.9899050e+05   1.0336936e+04
   2.4200000e+01  -3.3643625e+05   9.1246172e+04
   2.4300000e+01  -2.9442425e+05   1.8071084e+05
   2.4400000e+01  -2.6105270e+05   2.5696434e+05
   2.4500000e+01  -2.1151677e+05   3.0843231e+05
   2.4600000e+01  -1.3270461e+05   3.3508294e+05
   2.4700000e+01  -3.3097938e+04   3.4583747e+05
   2.4800000e+01   6.8098727e+04   3.5484725e+05
   2.4900000e+01   1.5758353e+05   3.7442441e+05
   2.5000000e+01   2.3395622e+05   4.0593150e+05
   2.5100000e+01   3.0179800e+05   4.3754125e+05
   2.5200000e+01   3.6401409e+05   4.5529081e+05
   2.5300000e+01   4.1978900e+05   4.5931512e+05
   2.5400000e+01   4.6654147e+05   4.6742525e+05
   2.5500000e+01   5.0136712e+05   4.9851875e+05
   2.5600000e+01   5.2130984e+05   5.5032369e+05
   2.5700000e+01   5.2456681e+05   5.9486706e+05
   2.5800000e+01   5.1267234e+05   5.9860331e+05
   2.5900000e+01   4.9101756e+05   5.4857212e+05
   2.6000000e+01   4.6622691e+05   4.5903425e+05
   2.6100000e+01   4.4261762e+05   3.5312403e+05
   2.6200000e+01   4.2146891e+05   2.4017428e+05
   2.6300000e+01   4.0396325e+05   1.1307641e+05
   2.6400000e+01   3.9397803e+05  -3.3291641e+04
   2.6500000e+01   3.9554575e+05  -1.8626300e+05
   2.6600000e+01   4.0484716e+05  -3.2310081e+05
   2.6700000e+01   4.0459950e+05  -4.3434219e+05
   2.6800000e+01   3.7051591e+05  -5.3344638e+05
   2.6900000e+01   2.8941206e+05  -6.3719100e+05
   2.7000000e+01   1.7405814e+05  -7.3704025e+05
   2.7100000e+01   5.7643891e+04  -7.9689562e+05
   2.7200000e+01  -3.1979492e+04  -7.8557006e+05
   2.7300000e+01  -9.6142805e+04  -7.1166775e+05
   2.7400000e+01  -1.6293583e+05  -6.2206656e+05
   2.7500000e+01  -2.5803722e+05  -5.6262112e+05
   2.7600000e+01  -3.7574578e+05  -5.3964562e+05
   2.7700000e+01  -4.7893606e+05  -5.1899903e+05
   2.7800000e+01  -5.2915350e+05  -4.6006144e+05
   2.7900000e+01  -5.1869756e+05  -3.4933241e+05
   2.8000000e+01  -4.7505200e+05  -2.0516216e+05
   2.8100000e+01  -4.3516703e+05  -5.7674730e+04
   2.8200000e+01  -4.1494866e+05   7.1547750e+04
   2.8300000e+01  -4.0109025e+05   1.7429258e+05
   2.8400000e+01  -3.6898044e+05   2.5021064e+05
   2.8500000e+01  -3.0671059e+05   3.0334400e+05
   2.8600000e+01  -2.2327948e+05   3.4272359e+05
   2.8700000e+01  -1.3748266e+05   3.7908644e+05
   2.8800000e+01  -6.2181992e+04   4.1470028e+05
   2.8900000e+01   5.8506445e+02   4.3628578e+05
   2.9000000e+01   5.2486828e+04   4.2307656e+05
   2.9100000e+01   9.0933430e+04   3.6664012e+05
   2.9200000e+01   1.0952270e+05   2.8272106e+05
   2.9300000e+01   1.0480097e+05   1.9961989e+05
   2.9400000e+01   8.0749719e+04   1.3198200e+05
   2.9500000e+01   4.6952863e+04   6.7279367e+04
   2.9600000e+01   1.4037315e+04  -1.8399543e+04
   2.9700000e+01  -9.2124746e+03  -1.2965995e+05
   2.9800000e+01  -1.7456992e+04  -2.3828781e+05
   2.9900000e+01  -1.1077564e+04  -3.0249638e+05
   3.0000000e+01   2.9289746e+03  -3.0092497e+05
   3.0100000e+01   1.5354477e+04  -2.4884866e+05
   3.0200000e+01   2.2662725e+04  -1.8302612e+05
   3.0300000e+01   2.9946754e+04  -1.3200578e+05
   3.0400000e+01   4.3834875e+04  -9.8972102e+04
   3.0500000e+01   6.2065488e+04  -6.7783000e+04
   3.0600000e+01   7.2625133e+04  -2.0924113e+04
   3.0700000e+01   6.6071258e+04   4.7622633e+04
   3.0800000e+01   4.8637461e+04   1.3094410e+05
   3.0900000e+01   3.9797605e+04   2.1413111e+05
   3.1000000e+01   5.3147496e+04   2.7928631e+05
   3.1100000e+01   7.8937594e+04   3.0990656e+05
   3.1200000e+01   8.8456750e+04   2.9689941e+05
   3.1300000e+01   5.9932656e+04   2.4516850e+05
   3.1400000e+01   2.2464272e+03   1.7497042e+05
   3.1500000e+01  -4.8451297e+04   1.1302166e+05
   3.1600000e+01  -5.9363746e+04   7.6147969e+04
   3.1700000e+01  -3.1660844e+04   5.8958227e+04
   3.1800000e+01  -1.7423496e+03   3.7390184e+04
   3.1900000e+01  -1.0517917e+04  -1.1387730e+04
   3.2000000e+01  -6.7990844e+04  -8.7310555e+04
   3.2100000e+01  -1.4451938e+05  -1.6302373e+05
   3.2200000e+01  -1.9511238e+05  -2.0275758e+05
   3.2300000e+01  -1.9391258e+05  -1.8982728e+05
   3.2400000e+01  -1.4971269e+05  -1.3918525e+05
   3.2500000e+01  -9.3009406e+04  -8.4001758e+04
   3.2600000e+01  -4.9688102e+04  -4.8372816e+04
   3.2700000e+01  -2.3920613e+04  -3.0099227e+04
   3.2800000e+01  -6.4845312e+02  -7.0373301e+03
   3.2900000e+01   3.8913906e+04   4.1325863e+04
   3.3000000e+01   1.0225863e+05   1.1723198e+05
   3.3100000e+01   1.7992312e+05   2.0494406e+05
   3.3200000e+01   2.5014122e+05   2.8275856e+05
   3.3300000e+01   2.9012534e+05   3.3380050e+05
   3.3400000e+01   2.8866738e+05   3.4980591e+05
   3.3500000e+01   2.5369764e+05   3.3183325e+05
   3.3600000e+01   2.0911567e+05   2.9123766e+05
   3.3700000e+01   1.8060327e+05   2.4670873e+05
   3.3800000e+01   1.7879503e+05   2.1303072e+05
   3.3900000e+01   1.9261156e+05   1.8828544e+05
   3.4000000e+01   1.9927388e+05   1.5376186e+05
   3.4100000e+01   1.8371342e+05   9.0799828e+04
   3.4200000e+01   1.5105225e+05  -3.6165625e+02
   3.4300000e+01   1.2133575e+05  -9.9381625e+04
   3.4400000e+01   1.1176349e+05  -1.8381020e+05
   3.4500000e+01   1.2293401e+05  -2.4702264e+05
   3.4600000e+01   1.4081934e+05  -2.9810578e+05
   3.4700000e+01   1.5048742e+05  -3.4715259e+05
   3.4800000e+01   1.4727064e+05  -3.9469150e+05
   3.4900000e+01   1.3586978e+05  -4.3558175e+05
   3.5000000e+01   1.2115365e+05  -4.6827109e+05
   3.5100000e+01   1.0173884e+05  -4.9494966e+05
   3.5200000e+01   7.2441266e+04  -5.1239388e+05
   3.5300000e+01   3.1258965e+04  -5.0755288e+05
   3.5400000e+01  -1.8071713e+04  -4.6738494e+05
   3.5500000e+01  -7.1323305e+04  -3.9425628e+05
   3.5600000e+01  -1.3034282e+05  -3.0853078e+05
   3.5700000e+01  -2.0107175e+05  -2.3152703e+05
   3.5800000e+01  -2.8198147e+05  -1.6375103e+05
   3.5900000e+01  -3.5569141e+05  -8.2010305e+04
   3.6000000e+01  -3.9866484e+05   3.6785633e+04
   3.6100000e+01  -4.0594397e+05   1.8479467e+05
   3.6200000e+01  -4.0559328e+05   3.1710309e+05
   3.6300000e+01  -4.3955575e+05   3.8273041e+05
   3.6400000e+01  -5.2090750e+05   3.6875691e+05
   3.6500000e+01  -6.0944644e+05   3.1551722e+05
   3.6600000e+01  -6.3747269e+05   2.8390362e+05
   3.6700000e+01  -5.6797488e+05   3.0178534e+05
   3.6800000e+01  -4.2993178e+05   3.3942784e+05
   3.6900000e+01  -2.9475672e+05   3.3762300e+05
   3.7000000e+01  -2.1659203e+05   2.6175412e+05
   3.7100000e+01  -1.9398836e+05   1.3148830e+05
   3.7200000e+01  -1.8474417e+05   1.8428367e+03
   3.7300000e+01  -1.5064170e+05  -8.2082266e+04
   3.7400000e+01  -8.5184836e+04  -1.1439090e+05
   3.7500000e+01  -5.0892930e+03  -1.2089889e+05
   3.7600000e+01   7.3243852e+04  -1.2979917e+05
   3.7700000e+01   1.4349517e+05  -1.4982692e+05
   3.7800000e+01   2.0243636e+05  -1.7040164e+05
   3.7900000e+01   2.4450806e+05  -1.7516112e+05
   3.8000000e+01   2.6822778e+05  -1.5254822e+05
   3.8100000e+01   2.8335856e+05  -9.7560148e+04
   3.8200000e+01   3.0435619e+05  -1.1253605e+04
   3.8300000e+01   3.3454519e+05   9.5992375e+04
   3.8400000e+01   3.6050997e+05   2.0230073e+05
   3.8500000e+01   3.6621322e+05   2.8262112e+05
   3.8600000e+01   3.5267225e+05   3.2602503e+05
   3.8700000e+01   3.4067272e+05   3.4580822e+05
   3.8800000e+01   3.5160706e+05   3.6822222e+05
   3.8900000e+01   3.8526509e+05   4.0676250e+05
   3.9000000e+01   4.1720188e+05   4.4690181e+05
   3.9100000e+01   4.1891316e+05   4.5834284e+05
   3.9200000e+01   3.8217316e+05   4.2379009e+05
   3.9300000e+01   3.2567556e+05   3.5512472e+05
   3.9400000e+01   2.7897062e+05   2.8067425e+05
   3.9500000e+01   2.5889527e+05   2.1771942e+05
   3.9600000e+01   2.5910391e+05   1.5906738e+05
   3.9700000e+01   2.5985612e+05   8.5698695e+04
   3.9800000e+01   2.4600430e+05  -1.1048998e+04
   3.9900000e+01   2.1506520e+05  -1.2216658e+05
   4.0000000e+01   1.7051383e+05  -2.3268456e+05
   4.0100000e+01   1.1300066e+05  -3.3415991e+05
   4.0200000e+01   4.2786535e+04  -4.2269656e+05
   4.0300000e+01  -3.1150520e+04  -4.9034722e+05
   4.0400000e+01  -9.2755117e+04  -5.2881475e+05
   4.0500000e+01  -1.3646162e+05  -5.4618500e+05
   4.0600000e+01  -1.8093734e+05  -5.7285025e+05
   4.0700000e+01  -2.5567586e+05  -6.3782494e+05
   4.0800000e+01  -3.6654331e+05  -7.3203612e+05
   4.0900000e+01  -4.7677869e+05  -7.9934262e+05
   4.1000000e+01  -5.3090038e+05  -7.7451238e+05
   4.1100000e+01  -5.0406541e+05  -6.3837531e+05
   4.1200000e+01  -4.2794831e+05  -4.3785312e+05
   4.1300000e+01  -3.6468653e+05  -2.4986258e+05
   4.1400000e+01  -3.5312297e+05  -1.2165745e+05
   4.1500000e+01  -3.7942303e+05  -4.1008086e+04
   4.1600000e+01  -3.9763453e+05   4.0984102e+04
   4.1700000e+01  -3.7520162e+05   1.6025059e+05
   4.1800000e+01  -3.1767325e+05   3.0900456e+05
   4.1900000e+01  -2.5388989e+05   4.4677862e+05
   4.2000000e+01  -2.0435817e+05   5.3681475e+05
   4.2100000e+01  -1.6727411e+05   5.7227250e+05
   4.2200000e+01  -1.3132820e+05   5.7183694e+05
   4.2300000e+01  -9.4350945e+04   5.5553756e+05
   4.2400000e+01  -6.4788488e+04   5.2785562e+05
   4.2500000e+01  -4.7020277e+04   4.8242509e+05
   4.2600000e+01  -3.1179523e+04   4.1727762e+05
   4.2700000e+01  -1.2336963e+03   3.4032253e+05
   4.2800000e+01   4.7960086e+04   2.6033184e+05
   4.2900000e+01   1.0475383e+05   1.7806192e+05
   4.3000000e+01   1.5272652e+05   9.0786781e+04
   4.3100000e+01   1.8689881e+05   4.1546611e+03
   4.3200000e+01   2.1678762e+05  -6.5888930e+04
   4.3300000e+01   2.5468455e+05  -1.0602813e+05
   4.3400000e+01   3.0303666e+05  -1.1821144e+05
   4.3500000e+01   3.5328662e+05  -1.1565866e+05
   4.3600000e+01   3.9449206e+05  -1.0623263e+05
   4.3700000e+01   4.2085969e+05  -8.3624625e+04
   4.3800000e+01   4.3171341e+05  -3.7894852e+04
   4.3900000e+01   4.2748262e+05   2.7274441e+04
   4.4000000e+01   4.0849169e+05   9.2705484e+04
   4.4100000e+01   3.7725578e+05   1.4118792e+05
   4.4200000e+01   3.3869631e+05   1.7378500e+05
   4.4300000e+01   2.9494322e+05   2.0428453e+05
   4.4400000e+01   2.4015302e+05   2.3729766e+05
   4.4500000e+01   1.6459934e+05   2.5712131e+05
   4.4600000e+01   6.8456008e+04   2.4354244e+05
   4.4700000e+01  -2.8525656e+04   1.9775348e+05
   4.4800000e+01  -9.6970633e+04   1.4592092e+05
   4.4900000e+01  -1.2432327e+05   1.1156605e+05
   4.5000000e+01  -1.3229269e+05   8.5977344e+04
   4.5100000e+01  -1.6160541e+05   3.2994770e+04
   4.5200000e+01  -2.3194180e+05  -7.1562766e+04
   4.5300000e+01  -3.1572106e+05  -2.0624444e+05
   4.5400000e+01  -3.5712422e+05  -3.1471194e+05
   4.5500000e+01  -3.2341134e+05  -3.5430134e+05
   4.5600000e+01  -2.3922222e+05  -3.3528059e+05
   4.5700000e+01  -1.6789811e+05  -3.1161678e+05
   4.5800000e+01  -1.5626777e+05  -3.3194306e+05
   4.5900000e+01  -1.9610952e+05  -3.9727700e+05
   4.6000000e+01  -2.3760777e+05  -4.6307819e+05
   4.6100000e+01  -2.3765084e+05  -4.7999669e+05
   4.6200000e+01  -1.9464650e+05  -4.3419434e+05
   4.6300000e+01  -1.4118428e+05  -3.5369309e+05
   4.6400000e+01  -1.1004197e+05  -2.8115531e+05
   4.6500000e+01  -1.0964960e+05  -2.4131875e+05
   4.6600000e+01  -1.2648147e+05  -2.2972989e+05
   4.6700000e+01  -1.4193734e+05  -2.2555594e+05
   4.6800000e+01  -1.4342684e+05  -2.1106569e+05
   4.6900000e+01  -1.2472955e+05  -1.8111375e+05
   4.7000000e+01  -8.4577773e+04  -1.4094578e+05
   4.7100000e+01  -2.9042184e+04  -1.0054218e+05
   4.7200000e+01   2.7556551e+04  -7.0160594e+04
   4.7300000e+01   6.9571461e+04  -5.4913039e+04
   4.7400000e+01   9.1274828e+04  -4.8281031e+04
   4.7500000e+01   1.0177319e+05  -3.1770137e+04
   4.7600000e+01   1.1772330e+05   1.3427416e+04
   4.7700000e+01   1.4926919e+05   8.9729055e+04
   4.7800000e+01   1.9096184e+05   1.7776045e+05
   4.7900000e+01   2.2557327e+05   2.5034059e+05
   4.8000000e+01   2.3826484e+05   2.9448991e+05
   4.8100000e+01   2.2952759e+05   3.2078103e+05
   4.8200000e+01   2.1524083e+05   3.5137969e+05
   4.8300000e+01   2.1281561e+05   3.9908444e+05
   4.8400000e+01   2.2545692e+05   4.5741216e+05
   4.8500000e+01   2.3898375e+05   5.0896566e+05
   4.8600000e+01   2.3356906e+05   5.4073400e+05
   4.8700000e+01   1.9855473e+05   5.5042944e+05
   4.8800000e+01   1.3765041e+05   5.4064231e+05
   4.8900000e+01   6.3901242e+04   5.1160553e+05
   4.9000000e+01  -7.0332627e+03   4.6255572e+05
   4.9100000e+01  -6.0691070e+04   3.9841609e+05
   4.9200000e+01  -8.8387469e+04   3.3031103e+05
   4.9300000e+01  -9.4600500e+04   2.6611538e+05
   4.9400000e+01  -9.9402836e+04   2.0140841e+05
   4.9500000e+01  -1.2657938e+05   1.2352520e+05
   4.9600000e+01  -1.8209953e+05   2.7417848e+04
   4.9700000e+01  -2.4261320e+05  -7.2807203e+04
   4.9800000e+01  -2.6938303e+05  -1.5101325e+05
   4.9900000e+01  -2.3971877e+05  -1.9110648e+05
   5.0000000e+01  -1.6864122e+05  -2.0397425e+05
   5.0100000e+01  -9.9567953e+04  -2.2145850e+05
   5.0200000e+01  -7.0361312e+04  -2.6976053e+05
   5.0300000e+01  -8.4037383e+04  -3.4487678e+05
   5.0400000e+01  -1.0945398e+05  -4.1334312e+05
   5.0500000e+01  -1.0990278e+05  -4.3982400e+05
   5.0600000e+01  -7.2884734e+04  -4.1765809e+05
   5.0700000e+01  -1.5707263e+04  -3.7420959e+05
   5.0800000e+01   3.3821992e+04  -3.4590109e+05
   5.0900000e+01   6.0037680e+04  -3.4652459e+05
   5.1000000e+01   6.5418930e+04  -3.5794575e+05
   5.1100000e+01   6.0438574e+04  -3.4924762e+05
   5.1200000e+01   5.2882125e+04  -3.0320500e+05
   5.1300000e+01   4.7088234e+04  -2.2546561e+05
   5.1400000e+01   4.8156891e+04  -1.3289783e+05
   5.1500000e+01   6.0877121e+04  -3.8276414e+04
   5.1600000e+01   8.3059656e+04   5.2655367e+04
   5.1700000e+01   1.0338791e+05   1.3371536e+05
   5.1800000e+01   1.1027170e+05   1.9439753e+05
   5.1900000e+01   1.0440631e+05   2.2657886e+05
   5.2000000e+01   1.0087321e+05   2.3341788e+05
   5.2100000e+01   1.1602955e+05   2.2797264e+05
   5.2200000e+01   1.5071936e+05   2.2123838e+05
   5.2300000e+01   1.8683095e+05   2.1254553e+05
   5.2400000e+01   2.0211598e+05   1.9310941e+05
   5.2500000e+01   1.8998433e+05   1.5825064e+05
   5.2600000e+01   1.6517291e+05   1.1373952e+05
   5.2700000e+01   1.4940448e+05   6.9074367e+04
   5.2800000e+01   1.5073128e+05   2.6432223e+04
   5.2900000e+01   1.5636648e+05  -2.0825570e+04
   5.3000000e+01   1.4503494e+05  -7.8104969e+04
   5.3100000e+01   1.0559522e+05  -1.4026491e+05
   5.3200000e+01   4.4086043e+04  -1.9431606e+05
   5.3300000e+01  -2.4680604e+04  -2.3050895e+05
   5.3400000e+01  -8.8856062e+04  -2.4822980e+05
   5.3500000e+01  -1.4227809e+05  -2.5070125e+05
   5.3600000e+01  -1.7985978e+05  -2.3766147e+05
   5.3700000e+01  -1.9704256e+05  -2.0782041e+05
   5.3800000e+01  -1.9744256e+05  -1.6862406e+05
   5.3900000e+01  -1.9790423e+05  -1.3790152e+05
   5.4000000e+01  -2.1833862e+05  -1.2891616e+05
   5.4100000e+01  -2.6099053e+05  -1.3176373e+05
   5.4200000e+01  -3.0119559e+05  -1.1448478e+05
   5.4300000e+01  -3.0556116e+05  -5.0483859e+04
   5.4400000e+01  -2.6514562e+05   5.0762676e+04
   5.4500000e+01  -2.1027780e+05   1.4275859e+05
   5.4600000e+01  -1.8696797e+05   1.7871702e+05
   5.4700000e+01  -2.1334466e+05   1.5508517e+05
   5.4800000e+01  -2.5845691e+05   1.1879631e+05
   5.4900000e+01  -2.6695550e+05   1.2680398e+05
   5.5000000e+01  -2.0831677e+05   1.9372017e+05
   5.5100000e+01  -1.0442330e+05   2.7783028e+05
   5.5200000e+01  -1.0417055e+04   3.1961828e+05
   5.5300000e+01   3.1434975e+04   2.9538094e+05
   5.5400000e+01   2.2097160e+04   2.3466552e+05
   5.5500000e+01  -3.2951543e+03   1.8812392e+05
   5.5600000e+01  -9.4879277e+03   1.8119491e+05
   5.5700000e+01   1.2998835e+04   1.9829395e+05
   5.5800000e+01   4.9024199e+04   2.0622611e+05
   5.5900000e+01   7.8399906e+04   1.8650691e+05
   5.6000000e+01   9.2317781e+04   1.4454283e+05
   5.6100000e+01   9.4704391e+04   9.4600984e+04
   5.6200000e+01   9.3871781e+04   4.4400719e+04
   5.6300000e+01   9.6250891e+04  -3.7862124e+03
   5.6400000e+01   1.0631510e+05  -4.3347305e+04
   5.6500000e+01   1.2741024e+05  -6.2846199e+04
   5.6600000e+01   1.5890098e+05  -5.7885816e+04
   5.6700000e+01   1.9327153e+05  -3.9666266e+04
   5.6800000e+01   2.1993059e+05  -2.6829174e+04
   5.6900000e+01   2.3473738e+05  -2.7713883e+04
   5.7000000e+01   2.4523862e+05  -3.3141957e+04
   5.7100000e+01   2.6419856e+05  -2.8624303e+04
   5.7200000e+01   2.9683800e+05  -1.2396789e+04
   5.7300000e+01   3.3493634e+05   1.3640059e+03
   5.7400000e+01   3.6357959e+05  -1.9351738e+03
   5.7500000e+01   3.7248075e+05  -2.0183496e+04
   5.7600000e+01   3.6011238e+05  -3.4579906e+04
   5.7700000e+01   3.2907341e+05  -2.6715814e+04
   5.7800000e+01   2.8164116e+05   5.0033398e+03
   5.7900000e+01   2.2207897e+05   4.5179883e+04
   5.8000000e+01   1.6067625e+05   7.5115617e+04
   5.8100000e+01   1.0958326e+05   8.4626500e+04
   5.8200000e+01   7.0405812e+04   7.1362430e+04
   5.8300000e+01   2.7484074e+04   3.3609324e+04
   5.8400000e+01  -3.9903164e+04  -2.9398086e+04
   5.8500000e+01  -1.3280314e+05  -1.0693920e+05
   5.8600000e+01  -2.2107914e+05  -1.7159550e+05
   5.8700000e+01  -2.6471262e+05  -1.9560853e+05
   5.8800000e+01  -2.5460794e+05  -1.8081069e+05
   5.8900000e+01  -2.3198208e+05  -1.6993308e+05
   5.9000000e+01  -2.5832494e+05  -2.1648811e+05
   5.9100000e+01  -3.5676866e+05  -3.3272269e+05
   5.9200000e+01  -4.8156181e+05  -4.6638162e+05
   5.9300000e+01  -5.5149675e+05  -5.3630312e+05
   5.9400000e+01  -5.2040722e+05  -4.9887188e+05
   5.9500000e+01  -4.1785506e+05  -3.8324984e+05
   5.9600000e+01  -3.2081550e+05  -2.6260925e+05
   5.9700000e+01  -2.8533528e+05  -1.9139056e+05
   5.9800000e+01  -3.0426128e+05  -1.6826272e+05
   5.9900000e+01  -3.2627528e+05  -1.5289128e+05
   6.0000000e+01  -3.0911422e+05  -1.1052073e+05
   6.0100000e+01  -2.5220012e+05  -3.8822715e+04
   6.0200000e+01  -1.8398873e+05   4.0915777e+04
   6.0300000e+01  -1.2781210e+05   1.0873968e+05
   6.0400000e+01  -8.4723523e+04   1.5920861e+05
   6.0500000e+01  -4.4497191e+04   1.9597275e+05
   6.0600000e+01  -3.5436836e+03   2.2192909e+05
   6.0700000e+01   3.3364910e+04   2.3835238e+05
   6.0800000e+01   6.5943000e+04   2.5049936e+05
   6.0900000e+01   1.0558483e+05   2.6796597e+05
   6.1000000e+01   1.6517053e+05   2.9584200e+05
   6.1100000e+01   2.4253348e+05   3.2639350e+05
   6.1200000e+01   3.1751816e+05   3.4290978e+05
   6.1300000e+01   3.6772416e+05   3.3421675e+05
   6.1400000e+01   3.8748106e+05   3.0534806e+05
   6.1500000e+01   3.9136531e+05   2.7286991e+05
   6.1600000e+01   3.9971875e+05   2.4976131e+05
   6.1700000e+01   4.2064809e+05   2.3585300e+05
   6.1800000e+01   4.4417266e+05   2.2283867e+05
   6.1900000e+01   4.5144106e+05   2.0630927e+05
   6.2000000e+01   4.2967056e+05   1.9054362e+05
   6.2100000e+01   3.8151403e+05   1.8184112e+05
   6.2200000e+01   3.2368684e+05   1.7982812e+05
   6.2300000e+01   2.7659928e+05   1.7713034e+05
   6.2400000e+01   2.5088308e+05   1.6633231e+05
   6.2500000e+01   2.3852923e+05   1.4448000e+05
   6.2600000e+01   2.1549227e+05   1.1012765e+05
   6.2700000e+01   1.5703677e+05   5.9250312e+04
   6.2800000e+01   5.7649867e+04  -1.1064529e+04
   6.2900000e+01  -5.9405027e+04  -9.2954164e+04
   6.3000000e+01  -1.5391023e+05  -1.6527170e+05
   6.3100000e+01  -1.9744666e+05  -2.0744600e+05
   6.3200000e+01  -1.9810481e+05  -2.2047011e+05
   6.3300000e+01  -1.9825775e+05  -2.3252266e+05
   6.3400000e+01  -2.4176511e+05  -2.7713028e+05
   6.3500000e+01  -3.3465856e+05  -3.5983475e+05
   6.3600000e+01  -4.3416741e+05  -4.4607678e+05
   6.3700000e+01  -4.8022631e+05  -4.8652188e+05
   6.3800000e+01  -4.4586797e+05  -4.5911634e+05
   6.3900000e+01  -3.6286134e+05  -3.8798697e+05
   6.4000000e+01  -2.9838794e+05  -3.2055916e+05
   6.4100000e+01  -3.0174825e+05  -2.8551591e+05
   6.4200000e+01  -3.6670350e+05  -2.7229778e+05
   6.4300000e+01  -4.3996428e+05  -2.4922797e+05
   6.4400000e+01  -4.6493581e+05  -1.9827370e+05
   6.4500000e+01  -4.2161516e+05  -1.3097219e+05
   6.4600000e+01  -3.3238006e+05  -7.3368000e+04
   6.4700000e+01  -2.3640223e+05  -4.0028605e+04
   6.4800000e+01  -1.5971147e+05  -2.4501549e+04
   6.4900000e+01  -1.0418800e+05  -1.1939512e+04
   6.5000000e+01  -5.6715438e+04   4.4373906e+03
   6.5100000e+01  -3.5468818e+03   2.1962914e+04
   6.5200000e+01   6.2490672e+04   4.0417340e+04
   6.5300000e+01   1.4161575e+05   6.8929180e+04
   6.5400000e+01   2.2711167e+05   1.1672781e+05
   6.5500000e+01   3.0492034e+05   1.7824175e+05
   6.5600000e+01   3.5841566e+05   2.3248553e+05
   6.5700000e+01   3.7986444e+05   2.6118028e+05
   6.5800000e+01   3.7926994e+05   2.6709328e+05
   6.5900000e+01   3.7887066e+05   2.7154556e+05
   6.6000000e+01   3.9436553e+05   2.9246709e+05
   6.6100000e+01   4.1957459e+05   3.2632153e+05
   6.6200000e+01   4.3092394e+05   3.5314406e+05
   6.6300000e+01   4.0930738e+05   3.5857994e+05
   6.6400000e+01   3.5851388e+05   3.4906591e+05
   6.6500000e+01   3.0189138e+05   3.4496097e+05
   6.6600000e+01   2.6070477e+05   3.5999694e+05
   6.6700000e+01   2.3594738e+05   3.8785728e+05
   6.6800000e+01   2.1080012e+05   4.0706519e+05
   6.6900000e+01   1.6900962e+05   3.9682472e+05
   6.7000000e+01   1.0920716e+05   3.4864756e+05
   6.7100000e+01   4.2311168e+04   2.6684403e+05
   6.7200000e+01  -2.1167156e+04   1.6343381e+05
   6.7300000e+01  -7.7898766e+04   5.5455461e+04
   6.7400000e+01  -1.2708876e+05  -3.6111625e+04
   6.7500000e+01  -1.6443859e+05  -9.3443445e+04
   6.7600000e+01  -1.8550239e+05  -1.1587095e+05
   6.7700000e+01  -1.9478512e+05  -1.2742030e+05
   6.7800000e+01  -2.0657230e+05  -1.6285055e+05
   6.7900000e+01  -2.3186873e+05  -2.3717761e+05
   6.8000000e+01  -2.6404631e+05  -3.2649591e+05
   6.8100000e+01  -2.8125412e+05  -3.8397569e+05
   6.8200000e+01  -2.6734156e+05  -3.8130328e+05
   6.8300000e+01  -2.3162570e+05  -3.3651312e+05
   6.8400000e+01  -2.0575952e+05  -2.9897697e+05
   6.8500000e+01  -2.1761522e+05  -3.0446612e+05
   6.8600000e+01  -2.6583450e+05  -3.4361147e+05
   6.8700000e+01  -3.1944681e+05  -3.7340391e+05
   6.8800000e+01  -3.4318475e+05  -3.5876562e+05
   6.8900000e+01  -3.2473369e+05  -3.0400294e+05
   6.9000000e+01  -2.7960341e+05  -2.4709152e+05
   6.9100000e+01  -2.3226456e+05  -2.2596509e+05
   6.9200000e+01  -1.9441845e+05  -2.4884298e+05
   6.9300000e+01  -1.6058473e+05  -2.9218509e+05
   6.9400000e+01  -1.2056002e+05  -3.2312681e+05
   6.9500000e+01  -7.1459109e+04  -3.2416459e+05
   6.9600000e+01  -1.6652574e+04  -3.0057647e+05
   6.9700000e+01   4.2797875e+04  -2.6902700e+05
   6.9800000e+01   1.0978245e+05  -2.4131014e+05
   6.9900000e+01   1.8251670e+05  -2.1767878e+05
   7.0000000e+01   2.4823561e+05  -1.9202869e+05
   7.0100000e+01   2.9093928e+05  -1.5982245e+05
   7.0200000e+01   3.0706484e+05  -1.1993872e+05
   7.0300000e+01   3.1074728e+05  -7.1170852e+04
   7.0400000e+01   3.2063850e+05  -1.0677074e+04
   7.0500000e+01   3.4162491e+05   6.2256121e+04
   7.0600000e+01   3.6114672e+05   1.4232447e+05
   7.0700000e+01   3.6336562e+05   2.2079709e+05
   7.0800000e+01   3.4508888e+05   2.9300309e+05
   7.0900000e+01   3.1726781e+05   3.6171612e+05
   7.1000000e+01   2.9290300e+05   4.3117028e+05
   7.1100000e+01   2.7545809e+05   4.9784144e+05
   7.1200000e+01   2.5838031e+05   5.4917531e+05
   7.1300000e+01   2.3352925e+05   5.7293331e+05
   7.1400000e+01   1.9898881e+05   5.6727862e+05
   7.1500000e+01   1.5985294e+05   5.4054219e+05
   7.1600000e+01   1.2307875e+05   5.0174006e+05
   7.1700000e+01   9.2042273e+04   4.5368012e+05
   7.1800000e+01   6.5356156e+04   3.9631275e+05
   7.1900000e+01   3.9574734e+04   3.3394466e+05
   7.2000000e+01   1.1345041e+04   2.7437378e+05
   7.2100000e+01  -2.3847012e+04   2.1923080e+05
   7.2200000e+01  -7.2951070e+04   1.5901188e+05
   7.2300000e+01  -1.4067964e+05   8.3629008e+04
   7.2400000e+01  -2.2009742e+05  -6.0639893e+01
   7.2500000e+01  -2.8970197e+05  -6.5395062e+04
   7.2600000e+01  -3.2635128e+05  -8.7158227e+04
   7.2700000e+01  -3.2658391e+05  -6.8918422e+04
   7.2800000e+01  -3.1465156e+05  -4.6684184e+04
   7.2900000e+01  -3.2398516e+05  -5.9865680e+04
   7.3000000e+01  -3.6587378e+05  -1.1466365e+05
   7.3100000e+01  -4.1625981e+05  -1.7603684e+05
   7.3200000e+01  -4.3661188e+05  -1.9831708e+05
   7.3300000e+01  -4.1029728e+05  -1.6663873e+05
   7.3400000e+01  -3.5838031e+05  -1.1033847e+05
   7.3500000e+01  -3.1885041e+05  -7.6658164e+04
   7.3600000e+01  -3.1060475e+05  -9.0669984e+04
   7.3700000e+01  -3.1822578e+05  -1.3811423e+05
   7.3800000e+01  -3.1052516e+05  -1.8335444e+05
   7.3900000e+01  -2.7100641e+05  -2.0163048e+05
   7.4000000e+01  -2.0922202e+05  -1.9537675e+05
   7.4100000e+01  -1.4568338e+05  -1.8404636e+05
   7.4200000e+01  -9.0898883e+04  -1.8262645e+05
   7.4300000e+01  -4.1076406e+04  -1.9070453e+05
   7.4400000e+01   9.4378721e+03  -1.9882398e+05
   7.4500000e+01   5.7612680e+04  -2.0068797e+05
   7.4600000e+01   9.6040602e+04  -1.9703919e+05
   7.4700000e+01   1.2458760e+05  -1.8965991e+05
   7.4800000e+01   1.5258684e+05  -1.7579442e+05
   7.4900000e+01   1.8749792e+05  -1.5109203e+05
   7.5000000e+01   2.2416003e+05  -1.1695161e+05
   7.5100000e+01   2.4933139e+05  -8.1701297e+04
   7.5200000e+01   2.5776158e+05  -5.2658676e+04
   7.5300000e+01   2.6098111e+05  -2.8251949e+04
   7.5400000e+01   2.7735719e+05  -2.9176270e+02
   7.5500000e+01   3.1365719e+05   3.5671078e+04
   7.5600000e+01   3.5840528e+05   7.4141125e+04
   7.5700000e+01   3.9359028e+05   1.0502362e+05
   7.5800000e+01   4.1062672e+05   1.2399383e+05
   7.5900000e+01   4.1355675e+05   1.3583342e+05
   7.6000000e+01   4.0936672e+05   1.4802570e+05
   7.6100000e+01   3.9990709e+05   1.6356595e+05
   7.6200000e+01   3.8474984e+05   1.8111941e+05
   7.6300000e+01   3.6786103e+05   1.9951362e+05
   7.6400000e+01   3.5545397e+05   2.1773670e+05
   7.6500000e+01   3.4507934e+05   2.2929131e+05
   7.6600000e+01   3.2059291e+05   2.2063141e+05
   7.6700000e+01   2.6451303e+05   1.8158992e+05
   7.6800000e+01   1.7940736e+05   1.2040505e+05
   7.6900000e+01   9.4870211e+04   6.4803812e+04
   7.7000000e+01   4.5910410e+04   4.0346586e+04
   7.7100000e+01   3.7472156e+04   4.2307352e+04
   7.7200000e+01   3.0212928e+04   3.1256285e+04
   7.7300000e+01  -3.0951670e+04  -3.5187453e+04
   7.7400000e+01  -1.6503977e+05  -1.5911808e+05
   7.7500000e+01  -3.2842784e+05  -2.9050622e+05
   7.7600000e+01  -4.4425775e+05  -3.6409912e+05
   7.7700000e+01  -4.6547781e+05  -3.5419706e+05
   7.7800000e+01  -4.1359769e+05  -2.9566266e+05
   7.7900000e+01  -3.5684397e+05  -2.5094422e+05
   7.8000000e+01  -3.5005253e+05  -2.5544431e+05
   7.8100000e+01  -3.9356422e+05  -2.9253059e+05
   7.8200000e+01  -4.4485819e+05  -3.1685238e+05
   7.8300000e+01  -4.6322972e+05  -2.9744088e+05
   7.8400000e+01  -4.4133959e+05  -2.3893781e+05
   7.8500000e+01  -3.9970019e+05  -1.6791986e+05
   7.8600000e+01  -3.5987434e+05  -1.0608170e+05
   7.8700000e+01  -3.2681116e+05  -5.7869168e+04
   7.8800000e+01  -2.9253953e+05  -1.8016449e+04
   7.8900000e+01  -2.4943819e+05   1.6854553e+04
   7.9000000e+01  -1.9699089e+05   4.7245953e+04
   7.9100000e+01  -1.3939855e+05   7.7696680e+04
   7.9200000e+01  -8.2379375e+04   1.1801375e+05
   7.9300000e+01  -3.3854477e+04   1.7343719e+05
   7.9400000e+01  -3.2344414e+03   2.3472869e+05
   7.9500000e+01   6.5144141e+03   2.8259812e+05
   7.9600000e+01   8.4634160e+03   3.0525147e+05
   7.9700000e+01   2.9194951e+04   3.1082272e+05
   7.9800000e+01   8.9490984e+04   3.1960597e+05
   7.9900000e+01   1.8325762e+05   3.4292366e+05
   8.0000000e+01   2.7687612e+05   3.7123094e+05
   8.0100000e+01   3.3377131e+05   3.8438472e+05
   8.0200000e+01   3.4334662e+05   3.7236012e+05
   8.0300000e+01   3.2766250e+05   3.4359706e+05
   8.0400000e+01   3.2053216e+05   3.1322631e+05
   8.0500000e+01   3.3956166e+05   2.8645128e+05
   8.0600000e+01   3.7558559e+05   2.5633528e+05
   8.0700000e+01   4.0446472e+05   2.1628736e+05
   8.0800000e+01   4.0579272e+05   1.6912372e+05
   8.0900000e+01   3.7174138e+05   1.1968743e+05
   8.1000000e+01   3.0443750e+05   6.1156512e+04
   8.1100000e+01   2.1253086e+05  -2.2833463e+04
   8.1200000e+01   1.1332847e+05  -1.3577752e+05
   8.1300000e+01   3.2936383e+04  -2.5041545e+05
   8.1400000e+01  -6.9538535e+03  -3.2335050e+05
   8.1500000e+01  -1.1359879e+04  -3.3579178e+05
   8.1600000e+01  -1.9985191e+04  -3.1821594e+05
   8.1700000e+01  -8.1811984e+04  -3.2564412e+05
   8.1800000e+01  -2.0961794e+05  -3.8200844e+05
   8.1900000e+01  -3.5657944e+05  -4.5073300e+05
   8.2000000e+01  -4.4525262e+05  -4.6622994e+05
   8.2100000e+01  -4.3006278e+05  -3.9739834e+05
   8.2200000e+01  -3.3690841e+05  -2.7891109e+05
   8.2300000e+01  -2.4095636e+05  -1.7902572e+05
   8.2400000e+01  -2.0236753e+05  -1.3792442e+05
   8.2500000e+01  -2.1977831e+05  -1.3778184e+05
   8.2600000e+01  -2.4177623e+05  -1.2909042e+05
   8.2700000e+01  -2.1947620e+05  -8.0612406e+04
   8.2800000e+01  -1.4786809e+05  -2.7249292e+03
   8.2900000e+01  -6.1876957e+04   7.2001469e+04
   8.3000000e+01   1.4036133e+01   1.2323608e+05
   8.3100000e+01   2.5551695e+04   1.5600772e+05
   8.3200000e+01   2.8278148e+04   1.8519220e+05
   8.3300000e+01   2.6868559e+04   2.1455317e+05
   8.3400000e+01   2.9769477e+04   2.3411580e+05
   8.3500000e+01   3.7152727e+04   2.3510738e+05
   8.3600000e+01   5.0195031e+04   2.2230247e+05
   8.3700000e+01   7.2486625e+04   2.0945256e+05
   8.3800000e+01   1.0253552e+05   2.0448000e+05
   8.3900000e+01   1.2998634e+05   2.0201039e+05
   8.4000000e+01   1.4396225e+05   1.9076484e+05
   8.4100000e+01   1.4543275e+05   1.6610236e+05
   8.4200000e+01   1.4804589e+05   1.3367769e+05
   8.4300000e+01   1.6414053e+05   1.0197675e+05
   8.4400000e+01   1.9075361e+05   7.4063750e+04
   8.4500000e+01   2.1203128e+05   4.7857504e+04
   8.4600000e+01   2.1632011e+05   2.2620732e+04
   8.4700000e+01   2.0917166e+05   2.1718701e+03
   8.4800000e+01   2.0776478e+05  -9.1820098e+03
   8.4900000e+01   2.2300931e+05  -1.1900496e+04
   8.5000000e+01   2.4869758e+05  -1.0298627e+04
   8.5100000e+01   2.6795297e+05  -7.1692944e+03
   8.5200000e+01   2.6773788e+05  -2.4866675e+03
   8.5300000e+01   2.4542234e+05   8.7094629e+02
   8.5400000e+01   2.0379684e+05  -6.9937021e+03
   8.5500000e+01   1.4545511e+05  -3.5741582e+04
   8.5600000e+01   7.5687484e+04  -8.0477055e+04
   8.5700000e+01   7.9988462e+03  -1.1792269e+05
   8.5800000e+01  -4.1043793e+04  -1.2390833e+05
   8.5900000e+01  -6.8517312e+04  -9.9238453e+04
   8.6000000e+01  -9.5568188e+04  -7.6336023e+04
   8.6100000e+01  -1.5365258e+05  -9.3977398e+04
   8.6200000e+01  -2.5281920e+05  -1.6031159e+05
   8.6300000e+01  -3.6216362e+05  -2.4044183e+05
   8.6400000e+01  -4.2703434e+05  -2.8395450e+05
   8.6500000e+01  -4.1316894e+05  -2.6881241e+05
   8.6600000e+01  -3.3852872e+05  -2.2077148e+05
   8.6700000e+01  -2.6147247e+05  -1.9024822e+05
   8.6800000e+01  -2.3385536e+05  -2.0856355e+05
   8.6900000e+01  -2.6062220e+05  -2.6315019e+05
   8.7000000e+01  -3.0083516e+05  -3.1125844e+05
   8.7100000e+01  -3.0616012e+05  -3.1614728e+05
   8.7200000e+01  -2.6022281e+05  -2.7306375e+05
   8.7300000e+01  -1.8577586e+05  -2.0654155e+05
   8.7400000e+01  -1.1907697e+05  -1.4750834e+05
   8.7500000e+01  -7.8904594e+04  -1.1222535e+05
   8.7600000e+01  -5.6812781e+04  -9.6952984e+04
   8.7700000e+01  -3.1611555e+04  -8.5815773e+04
   8.7800000e+01   9.8935381e+03  -6.1665383e+04
   8.7900000e+01   6.4499270e+04  -1.3843531e+04
   8.8000000e+01   1.1975145e+05   5.7261305e+04
   8.8100000e+01   1.6567614e+05   1.3903175e+05
   8.8200000e+01   1.9924850e+05   2.1167455e+05
   8.8300000e+01   2.2003097e+05   2.5976042e+05
   8.8400000e+01   2.2520144e+05   2.8297006e+05
   8.8500000e+01   2.1174823e+05   2.9606672e+05
   8.8600000e+01   1.8383423e+05   3.1650522e+05
   8.8700000e+01   1.5514412e+05   3.5030812e+05
   8.8800000e+01   1.3980027e+05   3.8914731e+05
   8.8900000e+01   1.3880545e+05   4.2030200e+05
   8.9000000e+01   1.3698797e+05   4.3829691e+05
   8.9100000e+01   1.1662030e+05   4.4667484e+05
   8.9200000e+01   7.5719844e+04   4.5025744e+05
   8.9300000e+01   3.2027730e+04   4.4823884e+05
   8.9400000e+01   7.5104795e+03   4.3551900e+05
   8.9500000e+01   8.6007031e+03   4.0876350e+05
   8.9600000e+01   2.1588893e+04   3.6868969e+05
   8.9700000e+01   2.6298496e+04   3.1638556e+05
   8.9800000e+01   1.3238922e+04   2.5002573e+05
   8.9900000e+01  -1.1212713e+04   1.6794548e+05
   9.0000000e+01  -3.2746287e+04   7.5373055e+04
   9.0100000e+01  -3.9961273e+04  -1.3824186e+04
   9.0200000e+01  -2.9993773e+04  -8.4872469e+04
   9.0300000e+01  -9.1237168e+03  -1.3386406e+05
   9.0400000e+01   8.9433467e+03  -1.7260317e+05
   9.0500000e+01   8.2644863e+03  -2.1997023e+05
   9.0600000e+01  -1.9000121e+04  -2.8450884e+05
   9.0700000e+01  -6.2565633e+04  -3.5236909e+05
   9.0800000e+01  -9.5840445e+04  -3.9362309e+05
   9.0900000e+01  -9.4497336e+04  -3.8603141e+05
   9.1000000e+01  -5.9606926e+04  -3.3789194e+05
   9.1100000e+01  -2.3103705e+04  -2.8759806e+05
   9.1200000e+01  -2.5205023e+04  -2.7553056e+05
   9.1300000e+01  -7.9899086e+04  -3.1054788e+05
   9.1400000e+01  -1.5963380e+05  -3.6187409e+05
   9.1500000e+01  -2.1546008e+05  -3.8542894e+05
   9.1600000e+01  -2.1592153e+05  -3.6095356e+05
   9.1700000e+01  -1.6974503e+05  -3.0600481e+05
   9.1800000e+01  -1.1318803e+05  -2.5613953e+05
   9.1900000e+01  -7.6670859e+04  -2.3305219e+05
   9.2000000e+01  -6.2507395e+04  -2.3069888e+05
   9.2100000e+01  -5.0618891e+04  -2.2764114e+05
   9.2200000e+01  -2.0850428e+04  -2.0797922e+05
   9.2300000e+01   3.1258920e+04  -1.7009191e+05
   9.2400000e+01   9.5723422e+04  -1.2052878e+05
   9.2500000e+01   1.5840181e+05  -6.5868977e+04
   9.2600000e+01   2.0827872e+05  -1.1966311e+04
   9.2700000e+01   2.3924816e+05   3.3569730e+04
   9.2800000e+01   2.5126902e+05   6.4223375e+04
   9.2900000e+01   2.5222988e+05   8.1799992e+04
   9.3000000e+01   2.5545006e+05   9.7968453e+04
   9.3100000e+01   2.7006838e+05   1.2491580e+05
   9.3200000e+01   2.9124041e+05   1.6354602e+05
   9.3300000e+01   3.0119241e+05   2.0260436e+05
   9.3400000e+01   2.8322016e+05   2.3088408e+05
   9.3500000e+01   2.3701102e+05   2.4972277e+05
   9.3600000e+01   1.8051762e+05   2.7195922e+05
   9.3700000e+01   1.3566222e+05   3.0804616e+05
   9.3800000e+01   1.1061271e+05   3.5384400e+05
   9.3900000e+01   9.4539773e+04   3.9265897e+05
   9.4000000e+01   6.8676359e+04   4.0916944e+05
   9.4100000e+01   2.2629346e+04   4.0140188e+05
   9.4200000e+01  -3.8338770e+04   3.8015006e+05
   9.4300000e+01  -9.9220625e+04   3.5826597e+05
   9.4400000e+01  -1.4654569e+05   3.4099378e+05
   9.4500000e+01  -1.7500597e+05   3.2513119e+05
   9.4600000e+01  -1.8696303e+05   3.0451662e+05
   9.4700000e+01  -1.8965681e+05   2.7378431e+05
   9.4800000e+01  -1.9396238e+05   2.2707317e+05
   9.4900000e+01  -2.1225941e+05   1.5712980e+05
   9.5000000e+01  -2.5129334e+05   6.1353762e+04
   9.5100000e+01  -3.0314872e+05  -4.8622504e+04
   9.5200000e+01  -3.4543825e+05  -1.4701736e+05
   9.5300000e+01  -3.5767809e+05  -2.1141473e+05
   9.5400000e+01  -3.4357747e+05  -2.4561584e+05
   9.5500000e+01  -3.3588303e+05  -2.8280631e+05
   9.5600000e+01  -3.7098316e+05  -3.5804734e+05
   9.5700000e+01  -4.5096625e+05  -4.7138716e+05
   9.5800000e+01  -5.3053356e+05  -5.7892588e+05
   9.5900000e+01  -5.4822956e+05  -6.2608081e+05
   9.6000000e+01  -4.7790272e+05  -5.9468350e+05
   9.6100000e+01  -3.5215981e+05  -5.1873450e+05
   9.6200000e+01  -2.3435905e+05  -4.5324206e+05
   9.6300000e+01  -1.6621366e+05  -4.2678647e+05
   9.6400000e+01  -1.4085395e+05  -4.2272894e+05
   9.6500000e+01  -1.2239192e+05  -4.0287153e+05
   9.6600000e+01  -8.5620570e+04  -3.4570197e+05
   9.6700000e+01  -3.4549137e+04  -2.6184753e+05
   9.6800000e+01   1.2467277e+04  -1.7723064e+05
   9.6900000e+01   4.7101453e+04  -1.0671340e+05
   9.7000000e+01   7.6955266e+04  -4.5475434e+04
   9.7100000e+01   1.1136355e+05   1.7606898e+04
   9.7200000e+01   1.4803062e+05   8.3436234e+04
   9.7300000e+01   1.7622430e+05   1.4180606e+05
   9.7400000e+01   1.9012141e+05   1.8472423e+05
   9.7500000e+01   1.9471572e+05   2.1594228e+05
   9.7600000e+01   1.9785505e+05   2.4433016e+05
   9.7700000e+01   1.9991400e+05   2.6969800e+05
   9.7800000e+01   1.9526345e+05   2.8044547e+05
   9.7900000e+01   1.8419514e+05   2.6847750e+05
   9.8000000e+01   1.7928825e+05   2.4397927e+05
   9.8100000e+01   1.9506742e+05   2.3003512e+05
   9.8200000e+01   2.3008133e+05   2.4042852e+05
   9.8300000e+01   2.6248172e+05   2.6550175e+05
   9.8400000e+01   2.6759312e+05   2.8293322e+05
   9.8500000e+01   2.4109636e+05   2.8128072e+05
   9.8600000e+01   2.0310091e+05   2.6965141e+05
   9.8700000e+01   1.7809131e+05   2.6435372e+05
   9.8800000e+01   1.7205570e+05   2.7036881e+05
   9.8900000e+01   1.7051984e+05   2.7885725e+05
   9.9000000e+01   1.5684478e+05   2.7983734e+05
   9.9100000e+01   1.2801306e+05   2.7117612e+05
   9.9200000e+01   9.1215273e+04   2.5319156e+05
   9.9300000e+01   5.0025316e+04   2.1997895e+05
   9.9400000e+01   1.3598916e+03   1.6441194e+05
   9.9500000e+01  -5.1928051e+04   9.4456633e+04
   9.9600000e+01  -9.1973391e+04   3.7747723e+04
   9.9700000e+01  -9.8444492e+04   1.9286078e+04
   9.9800000e+01  -7.1604195e+04   3.2284840e+04
   9.9900000e+01  -3.3497602e+04   4.3246723e+04
   1.0000000e+02  -1.7783716e+02   3.4741180e+04
