   1.1851270e+02   3.6301420e+01   1.8450000e+02
   1.1896240e+02   3.6852117e+01   1.3600000e+01
   0.0000000e+00  -7.7976969e+04  -7.7976969e+04
   1.0000000e-01  -8.7802469e+04  -4.9428688e+04
   2.0000000e-01  -9.3891688e+04  -5.1465312e+03
   3.0000000e-01  -1.1104419e+05   3.4157156e+04
   4.0000000e-01  -1.3580261e+05   4.6379422e+04
   5.0000000e-01  -1.4913561e+05   2.3531469e+04
   6.0000000e-01  -1.3834292e+05  -2.5385633e+04
   7.0000000e-01  -1.1411841e+05  -8.1843211e+04
   8.0000000e-01  -1.0268689e+05  -1.2710254e+05
   9.0000000e-01  -1.2037284e+05  -1.4899644e+05
   1.0000000e+00  -1.5801553e+05  -1.4605469e+05
   1.1000000e+00  -1.9228212e+05  -1.2789076e+05
   1.2000000e+00  -2.1165041e+05  -1.0966052e+05
   1.3000000e+00  -2.2922659e+05  -1.0222666e+05
   1.4000000e+00  -2.6919594e+05  -1.0473634e+05
   1.5000000e+00  -3.4148062e+05  -1.0568725e+05
   1.6000000e+00  -4.2996988e+05  -9.1886594e+04
   1.7000000e+00  -5.0387500e+05  -5.8428836e+04
   1.8000000e+00  -5.3871650e+05  -1.2272945e+04
   1.9000000e+00  -5.2748650e+05   3.3137562e+04
   2.0000000e+00  -4.7627306e+05   6.8239477e+04
   2.1000000e+00  -3.9374116e+05   9.4662742e+04
   2.2000000e+00  -2.8514550e+05   1.2307261e+05
   2.3000000e+00  -1.5278050e+05   1.6262606e+05
   2.4000000e+00   7.8273438e+02   2.1117975e+05
   2.5000000e+00   1.6892281e+05   2.5585025e+05
   2.6000000e+00   3.3769212e+05   2.8415912e+05
   2.7000000e+00   4.8665844e+05   2.9517831e+05
   2.8000000e+00   5.9719938e+05   2.9935106e+05
   2.9000000e+00   6.6377125e+05   3.0683759e+05
   3.0000000e+00   6.9684156e+05   3.1624794e+05
   3.1000000e+00   7.1216038e+05   3.1576506e+05
   3.2000000e+00   7.1605219e+05   2.9626753e+05
   3.3000000e+00   7.0222744e+05   2.6358128e+05
   3.4000000e+00   6.6315375e+05   2.3712981e+05
   3.5000000e+00   6.0234731e+05   2.3503084e+05
   3.6000000e+00   5.3344969e+05   2.5860406e+05
   3.7000000e+00   4.6793638e+05   2.8988369e+05
   3.8000000e+00   4.0581716e+05   3.0387562e+05
   3.9000000e+00   3.3866919e+05   2.8468322e+05
   4.0000000e+00   2.6020044e+05   2.3286647e+05
   4.1000000e+00   1.7355402e+05   1.6077094e+05
   4.2000000e+00   9.0484766e+04   8.2767422e+04
   4.3000000e+00   2.4946422e+04   8.8880938e+03
   4.4000000e+00  -1.4811250e+04  -5.6038797e+04
   4.5000000e+00  -3.2323078e+04  -1.1137411e+05
   4.6000000e+00  -4.2940281e+04  -1.6056569e+05
   4.7000000e+00  -6.4958867e+04  -2.1030197e+05
   4.8000000e+00  -1.0654358e+05  -2.6614316e+05
   4.9000000e+00  -1.6001334e+05  -3.2600097e+05
   5.0000000e+00  -2.1027414e+05  -3.7705991e+05
   5.1000000e+00  -2.4966444e+05  -4.0035266e+05
   5.2000000e+00  -2.8357016e+05  -3.8095206e+05
   5.3000000e+00  -3.2100075e+05  -3.1684266e+05
   5.4000000e+00  -3.6181172e+05  -2.2069441e+05
   5.5000000e+00  -3.9651422e+05  -1.1440464e+05
   5.6000000e+00  -4.1961900e+05  -2.0825359e+04
   5.7000000e+00  -4.4054388e+05   4.2908836e+04
   5.8000000e+00  -4.7757403e+05   6.8992555e+04
   5.9000000e+00  -5.3903181e+05   6.0008883e+04
   6.0000000e+00  -6.1037144e+05   2.7468041e+04
   6.1000000e+00  -6.6029350e+05  -1.2812625e+04
   6.2000000e+00  -6.6029344e+05  -4.7584832e+04
   6.3000000e+00  -6.0078075e+05  -7.1791898e+04
   6.4000000e+00  -4.9286353e+05  -8.9325727e+04
   6.5000000e+00  -3.5864906e+05  -1.0877603e+05
   6.6000000e+00  -2.1961017e+05  -1.3767405e+05
   6.7000000e+00  -8.9094961e+04  -1.7869775e+05
   6.8000000e+00   3.0363645e+04  -2.2834817e+05
   6.9000000e+00   1.4512380e+05  -2.7706244e+05
   7.0000000e+00   2.6329606e+05  -3.1133862e+05
   7.1000000e+00   3.8476734e+05  -3.1955884e+05
   7.2000000e+00   4.9567619e+05  -2.9991262e+05
   7.3000000e+00   5.7389288e+05  -2.6381250e+05
   7.4000000e+00   6.0314750e+05  -2.2902978e+05
   7.5000000e+00   5.8438050e+05  -2.0587450e+05
   7.6000000e+00   5.3404038e+05  -1.8852178e+05
   7.7000000e+00   4.7073300e+05  -1.6068497e+05
   7.8000000e+00   4.0246334e+05  -1.1083759e+05
   7.9000000e+00   3.2570328e+05  -4.1936066e+04
   8.0000000e+00   2.3592342e+05   3.3211918e+04
   8.1000000e+00   1.3870286e+05   1.0347149e+05
   8.2000000e+00   5.0738340e+04   1.6348245e+05
   8.3000000e+00  -1.0337418e+04   2.0736023e+05
   8.4000000e+00  -3.8663758e+04   2.2404239e+05
   8.5000000e+00  -4.4574730e+04   2.0495797e+05
   8.6000000e+00  -4.6369773e+04   1.5773784e+05
   8.7000000e+00  -5.5225773e+04   1.0879333e+05
   8.8000000e+00  -6.5595227e+04   8.7633547e+04
   8.9000000e+00  -6.0493250e+04   1.0558241e+05
   9.0000000e+00  -2.9003672e+04   1.4819011e+05
   9.1000000e+00   1.8792672e+04   1.8743466e+05
   9.2000000e+00   5.4421000e+04   2.0221997e+05
   9.3000000e+00   5.1467852e+04   1.9082727e+05
   9.4000000e+00   7.0586562e+03   1.6797139e+05
   9.5000000e+00  -5.5096906e+04   1.5118483e+05
   9.6000000e+00  -1.0365173e+05   1.4763641e+05
   9.7000000e+00  -1.2438839e+05   1.5099884e+05
   9.8000000e+00  -1.2991469e+05   1.4990666e+05
   9.9000000e+00  -1.4750253e+05   1.3962234e+05
   1.0000000e+01  -1.9692395e+05   1.2543304e+05
   1.0100000e+01  -2.7634531e+05   1.1496127e+05
   1.0200000e+01  -3.6483359e+05   1.0910481e+05
   1.0300000e+01  -4.3595609e+05   1.0299633e+05
   1.0400000e+01  -4.7092166e+05   9.5899414e+04
   1.0500000e+01  -4.6419375e+05   9.6996219e+04
   1.0600000e+01  -4.2218969e+05   1.1790869e+05
   1.0700000e+01  -3.5889947e+05   1.5865744e+05
   1.0800000e+01  -2.9044016e+05   2.0266009e+05
   1.0900000e+01  -2.2885802e+05   2.2765892e+05
   1.1000000e+01  -1.7706791e+05   2.2313481e+05
   1.1100000e+01  -1.2855866e+05   1.9855638e+05
   1.1200000e+01  -7.2720070e+04   1.7597205e+05
   1.1300000e+01  -9.7978125e+02   1.7425417e+05
   1.1400000e+01   9.2065789e+04   1.9763844e+05
   1.1500000e+01   2.1146573e+05   2.3529762e+05
   1.1600000e+01   3.6084584e+05   2.6912056e+05
   1.1700000e+01   5.3360006e+05   2.8250600e+05
   1.1800000e+01   7.0492456e+05   2.6591225e+05
   1.1900000e+01   8.3825725e+05   2.1959919e+05
   1.2000000e+01   9.0702919e+05   1.5431534e+05
   1.2100000e+01   9.1386494e+05   8.7677000e+04
   1.2200000e+01   8.8709675e+05   3.4622570e+04
   1.2300000e+01   8.5481925e+05  -3.0635156e+03
   1.2400000e+01   8.1954456e+05  -3.8598164e+04
   1.2500000e+01   7.5698088e+05  -8.9960984e+04
   1.2600000e+01   6.3937394e+05  -1.6631077e+05
   1.2700000e+01   4.6115100e+05  -2.6351134e+05
   1.2800000e+01   2.4454480e+05  -3.7084769e+05
   1.2900000e+01   2.3241773e+04  -4.7896478e+05
   1.3000000e+01  -1.7880831e+05  -5.8022012e+05
   1.3100000e+01  -3.5562547e+05  -6.6451850e+05
   1.3200000e+01  -5.1149428e+05  -7.2001544e+05
   1.3300000e+01  -6.4830688e+05  -7.4084644e+05
   1.3400000e+01  -7.6009512e+05  -7.3353375e+05
   1.3500000e+01  -8.3743731e+05  -7.1385531e+05
   1.3600000e+01  -8.7535212e+05  -6.9615544e+05
   1.3700000e+01  -8.7718400e+05  -6.8468544e+05
   1.3800000e+01  -8.5210994e+05  -6.7346825e+05
   1.3900000e+01  -8.0894138e+05  -6.5248825e+05
   1.4000000e+01  -7.5057438e+05  -6.1362275e+05
   1.4100000e+01  -6.7279812e+05  -5.5270988e+05
   1.4200000e+01  -5.6912900e+05  -4.6921881e+05
   1.4300000e+01  -4.3919288e+05  -3.6622372e+05
   1.4400000e+01  -2.9374047e+05  -2.5065677e+05
   1.4500000e+01  -1.5024530e+05  -1.3156541e+05
   1.4600000e+01  -2.1451879e+04  -1.5616455e+04
   1.4700000e+01   9.2303195e+04   9.7297969e+04
   1.4800000e+01   1.9849288e+05   2.1418797e+05
   1.4900000e+01   2.9976850e+05   3.4367962e+05
   1.5000000e+01   3.8676559e+05   4.8873122e+05
   1.5100000e+01   4.4414722e+05   6.4248981e+05
   1.5200000e+01   4.6327494e+05   7.8995475e+05
   1.5300000e+01   4.4847669e+05   9.1402362e+05
   1.5400000e+01   4.1206266e+05   1.0020846e+06
   1.5500000e+01   3.6521369e+05   1.0496964e+06
   1.5600000e+01   3.1412316e+05   1.0600884e+06
   1.5700000e+01   2.6301959e+05   1.0405166e+06
   1.5800000e+01   2.1829677e+05   9.9762438e+05
   1.5900000e+01   1.8805041e+05   9.3378569e+05
   1.6000000e+01   1.7674500e+05   8.4580412e+05
   1.6100000e+01   1.7984317e+05   7.2699669e+05
   1.6200000e+01   1.8429128e+05   5.7268512e+05
   1.6300000e+01   1.7652347e+05   3.8668819e+05
   1.6400000e+01   1.5219962e+05   1.8406706e+05
   1.6500000e+01   1.1807477e+05  -1.3558641e+04
   1.6600000e+01   8.2528625e+04  -1.8846375e+05
   1.6700000e+01   4.3509191e+04  -3.3579147e+05
   1.6800000e+01  -1.2562492e+04  -4.6363512e+05
   1.6900000e+01  -9.7763547e+04  -5.8346338e+05
   1.7000000e+01  -2.0794266e+05  -6.9838875e+05
   1.7100000e+01  -3.2164403e+05  -7.9899644e+05
   1.7200000e+01  -4.1407609e+05  -8.6972656e+05
   1.7300000e+01  -4.7201916e+05  -8.9880425e+05
   1.7400000e+01  -4.9565488e+05  -8.8160006e+05
   1.7500000e+01  -4.8831384e+05  -8.1550169e+05
   1.7600000e+01  -4.4800838e+05  -6.9572675e+05
   1.7700000e+01  -3.7143400e+05  -5.2186697e+05
   1.7800000e+01  -2.6578362e+05  -3.1109238e+05
   1.7900000e+01  -1.5330084e+05  -1.0097995e+05
   1.8000000e+01  -5.9832062e+04   6.8695500e+04
   1.8100000e+01   4.2480312e+03   1.8281203e+05
   1.8200000e+01   5.2472250e+04   2.5992909e+05
   1.8300000e+01   1.1038666e+05   3.3176450e+05
   1.8400000e+01   1.9273969e+05   4.1192288e+05
   1.8500000e+01   2.8959722e+05   4.8476803e+05
   1.8600000e+01   3.7277728e+05   5.2386347e+05
   1.8700000e+01   4.1577584e+05   5.1821719e+05
   1.8800000e+01   4.1015050e+05   4.7892322e+05
   1.8900000e+01   3.6707653e+05   4.2331178e+05
   1.9000000e+01   3.0657381e+05   3.5813328e+05
   1.9100000e+01   2.4538073e+05   2.8040669e+05
   1.9200000e+01   1.9200244e+05   1.9132356e+05
   1.9300000e+01   1.4899631e+05   1.0410336e+05
   1.9400000e+01   1.1687475e+05   3.5796688e+04
   1.9500000e+01   9.5372117e+04  -7.9305781e+03
   1.9600000e+01   8.2995734e+04  -3.9019773e+04
   1.9700000e+01   7.7964875e+04  -7.8380062e+04
   1.9800000e+01   8.0379023e+04  -1.4060267e+05
   1.9900000e+01   9.1882180e+04  -2.2444089e+05
   2.0000000e+01   1.1139180e+05  -3.1452953e+05
   2.0100000e+01   1.3165975e+05  -3.9051159e+05
   2.0200000e+01   1.4262114e+05  -4.3626738e+05
   2.0300000e+01   1.4004070e+05  -4.4502912e+05
   2.0400000e+01   1.3031974e+05  -4.2046906e+05
   2.0500000e+01   1.2498181e+05  -3.7465138e+05
   2.0600000e+01   1.2944802e+05  -3.2229688e+05
   2.0700000e+01   1.3727156e+05  -2.7199853e+05
   2.0800000e+01   1.3521938e+05  -2.1972647e+05
   2.0900000e+01   1.1357914e+05  -1.5189377e+05
   2.1000000e+01   7.2195906e+04  -5.8755945e+04
   2.1100000e+01   1.8550242e+04   5.1907219e+04
   2.1200000e+01  -3.8571273e+04   1.5430919e+05
   2.1300000e+01  -9.4580781e+04   2.2064544e+05
   2.1400000e+01  -1.5100300e+05   2.4106267e+05
   2.1500000e+01  -2.1316562e+05   2.2953834e+05
   2.1600000e+01  -2.8434956e+05   2.0945377e+05
   2.1700000e+01  -3.5947828e+05   1.9195678e+05
   2.1800000e+01  -4.2363425e+05   1.6805395e+05
   2.1900000e+01  -4.5884731e+05   1.2243906e+05
   2.2000000e+01  -4.5623856e+05   5.4856445e+04
   2.2100000e+01  -4.2488219e+05  -1.3851734e+04
   2.2200000e+01  -3.8936334e+05  -5.8415820e+04
   2.2300000e+01  -3.7546781e+05  -7.1640156e+04
   2.2400000e+01  -3.9267394e+05  -6.9142586e+04
   2.2500000e+01  -4.2624125e+05  -7.1647734e+04
   2.2600000e+01  -4.4648566e+05  -8.3921047e+04
   2.2700000e+01  -4.3022703e+05  -9.1877688e+04
   2.2800000e+01  -3.7843953e+05  -7.9062828e+04
   2.2900000e+01  -3.1536359e+05  -4.4326406e+04
   2.3000000e+01  -2.6918584e+05  -4.1163750e+03
   2.3100000e+01  -2.5054795e+05   1.9983352e+04
   2.3200000e+01  -2.4680278e+05   1.5352742e+04
   2.3300000e+01  -2.3477755e+05  -1.6557945e+04
   2.3400000e+01  -1.9812270e+05  -6.4604766e+04
   2.3500000e+01  -1.3397641e+05  -1.1573506e+05
   2.3600000e+01  -4.7300352e+04  -1.6016806e+05
   2.3700000e+01   5.6591504e+04  -1.9162417e+05
   2.3800000e+01   1.7277047e+05  -2.0470952e+05
   2.3900000e+01   2.9315853e+05  -1.9422023e+05
   2.4000000e+01   4.0649269e+05  -1.5883869e+05
   2.4100000e+01   5.0372888e+05  -1.0533991e+05
   2.4200000e+01   5.8287619e+05  -4.6469625e+04
   2.4300000e+01   6.4757194e+05   8.3166875e+03
   2.4400000e+01   7.0102881e+05   6.0784840e+04
   2.4500000e+01   7.4177131e+05   1.2146808e+05
   2.4600000e+01   7.6480025e+05   1.9823391e+05
   2.4700000e+01   7.6595094e+05   2.8701147e+05
   2.4800000e+01   7.4486444e+05   3.7323156e+05
   2.4900000e+01   7.0432712e+05   4.4111788e+05
   2.5000000e+01   6.4727369e+05   4.8146122e+05
   2.5100000e+01   5.7455931e+05   4.9311144e+05
   2.5200000e+01   4.8590328e+05   4.8113659e+05
   2.5300000e+01   3.8350312e+05   4.5540828e+05
   2.5400000e+01   2.7446975e+05   4.2845062e+05
   2.5500000e+01   1.6802730e+05   4.0981431e+05
   2.5600000e+01   6.8248328e+04   3.9936516e+05
   2.5700000e+01  -3.0881016e+04   3.8639006e+05
   2.5800000e+01  -1.4117048e+05   3.5758106e+05
   2.5900000e+01  -2.6783619e+05   3.0775722e+05
   2.6000000e+01  -3.9928194e+05   2.4340141e+05
   2.6100000e+01  -5.0967731e+05   1.7586734e+05
   2.6200000e+01  -5.7438069e+05   1.1127225e+05
   2.6300000e+01  -5.8602731e+05   4.6599082e+04
   2.6400000e+01  -5.5742494e+05  -2.5620939e+04
   2.6500000e+01  -5.0913369e+05  -1.0999634e+05
   2.6600000e+01  -4.5386034e+05  -2.0530758e+05
   2.6700000e+01  -3.9202019e+05  -3.0702675e+05
   2.6800000e+01  -3.2026781e+05  -4.1083481e+05
   2.6900000e+01  -2.4107019e+05  -5.1250375e+05
   2.7000000e+01  -1.6207725e+05  -6.0423650e+05
   2.7100000e+01  -8.8036625e+04  -6.7251225e+05
   2.7200000e+01  -1.7647703e+04  -7.0270531e+05
   2.7300000e+01   4.9388406e+04  -6.8945831e+05
   2.7400000e+01   1.0448696e+05  -6.4374119e+05
   2.7500000e+01   1.3314423e+05  -5.8714238e+05
   2.7600000e+01   1.2656900e+05  -5.3514881e+05
   2.7700000e+01   8.8002516e+04  -4.8414616e+05
   2.7800000e+01   2.6384984e+04  -4.1593362e+05
   2.7900000e+01  -5.3180219e+04  -3.1659056e+05
   2.8000000e+01  -1.4859850e+05  -1.9122556e+05
   2.8100000e+01  -2.5100989e+05  -6.0471445e+04
   2.8200000e+01  -3.4164262e+05   5.5816664e+04
   2.8300000e+01  -4.0385912e+05   1.4991798e+05
   2.8400000e+01  -4.3812434e+05   2.2320991e+05
   2.8500000e+01  -4.6019025e+05   2.7652925e+05
   2.8600000e+01  -4.8090319e+05   3.0714375e+05
   2.8700000e+01  -4.8932694e+05   3.1476556e+05
   2.8800000e+01  -4.6027525e+05   3.0705128e+05
   2.8900000e+01  -3.8109781e+05   2.9597619e+05
   2.9000000e+01  -2.6991525e+05   2.8773316e+05
   2.9100000e+01  -1.6471122e+05   2.7669619e+05
   2.9200000e+01  -9.2589578e+04   2.5015509e+05
   2.9300000e+01  -4.8928828e+04   1.9967238e+05
   2.9400000e+01  -5.9774453e+03   1.2838105e+05
   2.9500000e+01   5.8757371e+04   4.7855383e+04
   2.9600000e+01   1.4215136e+05  -3.1129539e+04
   2.9700000e+01   2.2131050e+05  -1.0379565e+05
   2.9800000e+01   2.7762753e+05  -1.6787425e+05
   2.9900000e+01   3.1438350e+05  -2.1749156e+05
   3.0000000e+01   3.5126806e+05  -2.4356988e+05
   3.0100000e+01   4.0286991e+05  -2.4118270e+05
   3.0200000e+01   4.6363412e+05  -2.1459689e+05
   3.0300000e+01   5.1384947e+05  -1.7289748e+05
   3.0400000e+01   5.3891950e+05  -1.2107138e+05
   3.0500000e+01   5.4149612e+05  -5.7866336e+04
   3.0600000e+01   5.3586644e+05   1.6328766e+04
   3.0700000e+01   5.3365600e+05   9.1157406e+04
   3.0800000e+01   5.3673550e+05   1.4853491e+05
   3.0900000e+01   5.4148944e+05   1.7457688e+05
   3.1000000e+01   5.4509275e+05   1.6949536e+05
   3.1100000e+01   5.4550412e+05   1.4624638e+05
   3.1200000e+01   5.3825606e+05   1.2046064e+05
   3.1300000e+01   5.1785053e+05   1.0149547e+05
   3.1400000e+01   4.8371388e+05   9.0897703e+04
   3.1500000e+01   4.4212288e+05   8.6381047e+04
   3.1600000e+01   3.9882631e+05   8.5682625e+04
   3.1700000e+01   3.4894088e+05   8.7259109e+04
   3.1800000e+01   2.7654525e+05   8.9039914e+04
   3.1900000e+01   1.6814992e+05   8.8036469e+04
   3.2000000e+01   2.9346625e+04   8.2139500e+04
   3.2100000e+01  -1.1228166e+05   7.3004297e+04
   3.2200000e+01  -2.2436456e+05   6.7511672e+04
   3.2300000e+01  -2.9420106e+05   7.5870531e+04
   3.2400000e+01  -3.3841644e+05   1.0656111e+05
   3.2500000e+01  -3.8799822e+05   1.6049644e+05
   3.2600000e+01  -4.6229225e+05   2.2767789e+05
   3.2700000e+01  -5.5603144e+05   2.8903625e+05
   3.2800000e+01  -6.4925762e+05   3.2422038e+05
   3.2900000e+01  -7.2653862e+05   3.2267103e+05
   3.3000000e+01  -7.8504544e+05   2.9147962e+05
   3.3100000e+01  -8.2675706e+05   2.5289038e+05
   3.3200000e+01  -8.4825350e+05   2.3018338e+05
   3.3300000e+01  -8.4170256e+05   2.3062316e+05
   3.3400000e+01  -8.0529106e+05   2.3928102e+05
   3.3500000e+01  -7.5009856e+05   2.3060330e+05
   3.3600000e+01  -6.9472994e+05   1.8936947e+05
   3.3700000e+01  -6.5200906e+05   1.2297935e+05
   3.3800000e+01  -6.1953862e+05   5.3639445e+04
   3.3900000e+01  -5.8212775e+05  -2.5467188e+03
   3.4000000e+01  -5.2375212e+05  -4.9771758e+04
   3.4100000e+01  -4.3895919e+05  -1.0640023e+05
   3.4200000e+01  -3.3466788e+05  -1.8481505e+05
   3.4300000e+01  -2.2227262e+05  -2.7720872e+05
   3.4400000e+01  -1.0862807e+05  -3.6080250e+05
   3.4500000e+01   5.8179453e+03  -4.1643888e+05
   3.4600000e+01   1.2218609e+05  -4.4243250e+05
   3.4700000e+01   2.3898575e+05  -4.5229669e+05
   3.4800000e+01   3.5331062e+05  -4.6120525e+05
   3.4900000e+01   4.6424641e+05  -4.7434731e+05
   3.5000000e+01   5.7272025e+05  -4.8507412e+05
   3.5100000e+01   6.7741256e+05  -4.8115959e+05
   3.5200000e+01   7.7181312e+05  -4.5341559e+05
   3.5300000e+01   8.4593544e+05  -4.0207150e+05
   3.5400000e+01   8.9061300e+05  -3.3783797e+05
   3.5500000e+01   9.0050206e+05  -2.7614009e+05
   3.5600000e+01   8.7534512e+05  -2.2727975e+05
   3.5700000e+01   8.2145425e+05  -1.8984538e+05
   3.5800000e+01   7.5258312e+05  -1.5328947e+05
   3.5900000e+01   6.8583969e+05  -1.0767059e+05
   3.6000000e+01   6.3120412e+05  -5.2119031e+04
   3.6100000e+01   5.8174650e+05   4.5578281e+03
   3.6200000e+01   5.1574253e+05   5.0403266e+04
   3.6300000e+01   4.1380516e+05   7.8358703e+04
   3.6400000e+01   2.7916934e+05   9.0720719e+04
   3.6500000e+01   1.4249317e+05   9.7686312e+04
   3.6600000e+01   4.3332156e+04   1.1040412e+05
   3.6700000e+01   1.0379375e+03   1.3227241e+05
   3.6800000e+01  -8.3029688e+02   1.5500416e+05
   3.6900000e+01  -2.3246875e+03   1.6401814e+05
   3.7000000e+01  -3.6356535e+04   1.5025416e+05
   3.7100000e+01  -1.0479098e+05   1.1903158e+05
   3.7200000e+01  -1.8085178e+05   8.8325172e+04
   3.7300000e+01  -2.3417992e+05   7.7662289e+04
   3.7400000e+01  -2.5551541e+05   9.6193070e+04
   3.7500000e+01  -2.6006111e+05   1.3802084e+05
   3.7600000e+01  -2.6968200e+05   1.8658316e+05
   3.7700000e+01  -2.9332631e+05   2.2406325e+05
   3.7800000e+01  -3.2375828e+05   2.4008727e+05
   3.7900000e+01  -3.4987641e+05   2.3548044e+05
   3.8000000e+01  -3.6882409e+05   2.1960934e+05
   3.8100000e+01  -3.8619041e+05   2.0304586e+05
   3.8200000e+01  -4.0818450e+05   1.9035172e+05
   3.8300000e+01  -4.3686819e+05   1.7857603e+05
   3.8400000e+01  -4.7162319e+05   1.6324152e+05
   3.8500000e+01  -5.1061719e+05   1.4659052e+05
   3.8600000e+01  -5.4859006e+05   1.3923525e+05
   3.8700000e+01  -5.7627888e+05   1.5184736e+05
   3.8800000e+01  -5.8661444e+05   1.8441105e+05
   3.8900000e+01  -5.8205700e+05   2.2472578e+05
   3.9000000e+01  -5.7224175e+05   2.5855756e+05
   3.9100000e+01  -5.6169381e+05   2.8056866e+05
   3.9200000e+01  -5.4128975e+05   2.9416681e+05
   3.9300000e+01  -4.9495391e+05   3.0179781e+05
   3.9400000e+01  -4.1564978e+05   2.9836634e+05
   3.9500000e+01  -3.1345666e+05   2.7522012e+05
   3.9600000e+01  -2.0743238e+05   2.2804688e+05
   3.9700000e+01  -1.1062653e+05   1.5832028e+05
   3.9800000e+01  -2.2978984e+04   6.8677320e+04
   3.9900000e+01   6.3989844e+04  -3.8543344e+04
   4.0000000e+01   1.5837766e+05  -1.5629495e+05
   4.0100000e+01   2.6266594e+05  -2.6956897e+05
   4.0200000e+01   3.7278516e+05  -3.6173362e+05
   4.0300000e+01   4.7923125e+05  -4.2572044e+05
   4.0400000e+01   5.7013650e+05  -4.6778375e+05
   4.0500000e+01   6.3661612e+05  -4.9938253e+05
   4.0600000e+01   6.7750038e+05  -5.2554075e+05
   4.0700000e+01   6.9940381e+05  -5.4019200e+05
   4.0800000e+01   7.1212650e+05  -5.3025569e+05
   4.0900000e+01   7.2358462e+05  -4.8313144e+05
   4.1000000e+01   7.3746650e+05  -3.9348575e+05
   4.1100000e+01   7.5297350e+05  -2.6842625e+05
   4.1200000e+01   7.6504888e+05  -1.2901791e+05
   4.1300000e+01   7.6567062e+05  -4.2685625e+03
   4.1400000e+01   7.4715819e+05   8.2077297e+04
   4.1500000e+01   7.0571362e+05   1.2377405e+05
   4.1600000e+01   6.4205331e+05   1.3349709e+05
   4.1700000e+01   5.5895125e+05   1.3188959e+05
   4.1800000e+01   4.5913669e+05   1.3301438e+05
   4.1900000e+01   3.4618319e+05   1.3711369e+05
   4.2000000e+01   2.2668745e+05   1.3440547e+05
   4.2100000e+01   1.0975447e+05   1.1502534e+05
   4.2200000e+01   2.3952656e+03   7.7192250e+04
   4.2300000e+01  -9.6080672e+04   2.8504844e+04
   4.2400000e+01  -1.9572080e+05  -1.9760492e+04
   4.2500000e+01  -3.1092888e+05  -6.1159586e+04
   4.2600000e+01  -4.5089984e+05  -9.8967312e+04
   4.2700000e+01  -6.1180106e+05  -1.4269041e+05
   4.2800000e+01  -7.7710412e+05  -1.9779245e+05
   4.2900000e+01  -9.2689275e+05  -2.5724675e+05
   4.3000000e+01  -1.0493008e+06  -3.0391419e+05
   4.3100000e+01  -1.1447385e+06  -3.2358453e+05
   4.3200000e+01  -1.2197124e+06  -3.1722912e+05
   4.3300000e+01  -1.2763264e+06  -2.9971491e+05
   4.3400000e+01  -1.3067705e+06  -2.8449550e+05
   4.3500000e+01  -1.2966566e+06  -2.6842097e+05
   4.3600000e+01  -1.2334988e+06  -2.3218269e+05
   4.3700000e+01  -1.1139739e+06  -1.5715664e+05
   4.3800000e+01  -9.4606500e+05  -4.3070562e+04
   4.3900000e+01  -7.4544538e+05   9.0054453e+04
   4.4000000e+01  -5.2775344e+05   2.1687405e+05
   4.4100000e+01  -3.0101200e+05   3.2427109e+05
   4.4200000e+01  -6.4327266e+04   4.1675450e+05
   4.4300000e+01   1.8441206e+05   5.0796562e+05
   4.4400000e+01   4.3802019e+05   6.0804412e+05
   4.4500000e+01   6.7842738e+05   7.1638069e+05
   4.4600000e+01   8.8855594e+05   8.2153581e+05
   4.4700000e+01   1.0666042e+06   9.0508581e+05
   4.4800000e+01   1.2254378e+06   9.4707769e+05
   4.4900000e+01   1.3738368e+06   9.3266706e+05
   4.5000000e+01   1.4980514e+06   8.5841469e+05
   4.5100000e+01   1.5657869e+06   7.3498275e+05
   4.5200000e+01   1.5524505e+06   5.8411725e+05
   4.5300000e+01   1.4640649e+06   4.3088800e+05
   4.5400000e+01   1.3324760e+06   2.9409006e+05
   4.5500000e+01   1.1868509e+06   1.7838156e+05
   4.5600000e+01   1.0303096e+06   7.2606141e+04
   4.5700000e+01   8.4437156e+05  -4.2123820e+04
   4.5800000e+01   6.1457962e+05  -1.7711916e+05
   4.5900000e+01   3.5060162e+05  -3.2453575e+05
   4.6000000e+01   8.2721047e+04  -4.6100338e+05
   4.6100000e+01  -1.5886803e+05  -5.6542875e+05
   4.6200000e+01  -3.6160325e+05  -6.3493400e+05
   4.6300000e+01  -5.3157025e+05  -6.8301606e+05
   4.6400000e+01  -6.8094912e+05  -7.2214831e+05
   4.6500000e+01  -8.1434931e+05  -7.5020112e+05
   4.6600000e+01  -9.2421300e+05  -7.5575469e+05
   4.6700000e+01  -9.9689069e+05  -7.3533325e+05
   4.6800000e+01  -1.0233278e+06  -7.0137381e+05
   4.6900000e+01  -1.0058939e+06  -6.7062069e+05
   4.7000000e+01  -9.5671306e+05  -6.4592856e+05
   4.7100000e+01  -8.8984819e+05  -6.1247394e+05
   4.7200000e+01  -8.1403519e+05  -5.5288519e+05
   4.7300000e+01  -7.3098544e+05  -4.6480706e+05
   4.7400000e+01  -6.3913869e+05  -3.6302844e+05
   4.7500000e+01  -5.3923675e+05  -2.6618609e+05
   4.7600000e+01  -4.3772288e+05  -1.8310527e+05
   4.7700000e+01  -3.4524206e+05  -1.1055074e+05
   4.7800000e+01  -2.7011300e+05  -4.0257000e+04
   4.7900000e+01  -2.1103906e+05   3.3868496e+04
   4.8000000e+01  -1.5631094e+05   1.1271884e+05
   4.8100000e+01  -9.2821891e+04   1.9128547e+05
   4.8200000e+01  -1.8495242e+04   2.5913158e+05
   4.8300000e+01   5.3688668e+04   3.0416350e+05
   4.8400000e+01   1.0515766e+05   3.1977806e+05
   4.8500000e+01   1.2683959e+05   3.0995159e+05
   4.8600000e+01   1.2671735e+05   2.8684712e+05
   4.8700000e+01   1.2431675e+05   2.6295975e+05
   4.8800000e+01   1.3816734e+05   2.4548256e+05
   4.8900000e+01   1.7636652e+05   2.3682055e+05
   4.9000000e+01   2.3546744e+05   2.3728066e+05
   4.9100000e+01   3.0574575e+05   2.4487198e+05
   4.9200000e+01   3.7722722e+05   2.5372205e+05
   4.9300000e+01   4.4190206e+05   2.5637695e+05
   4.9400000e+01   4.9212303e+05   2.4998086e+05
   4.9500000e+01   5.1992238e+05   2.3965644e+05
   4.9600000e+01   5.2141738e+05   2.3466831e+05
   4.9700000e+01   5.0308994e+05   2.4156367e+05
   4.9800000e+01   4.8061325e+05   2.6135031e+05
   4.9900000e+01   4.6633825e+05   2.9113900e+05
   5.0000000e+01   4.5563091e+05   3.2481219e+05
   5.0100000e+01   4.2802497e+05   3.5108491e+05
   5.0200000e+01   3.6592044e+05   3.5467422e+05
   5.0300000e+01   2.7380656e+05   3.2486131e+05
   5.0400000e+01   1.7797283e+05   2.6555741e+05
   5.0500000e+01   1.0592597e+05   1.9561988e+05
   5.0600000e+01   6.5475422e+04   1.3627450e+05
   5.0700000e+01   4.2807406e+04   9.5779164e+04
   5.0800000e+01   1.8601160e+04   6.4878086e+04
   5.0900000e+01  -1.5671032e+04   2.6506672e+04
   5.1000000e+01  -5.5704520e+04  -2.9436990e+04
   5.1100000e+01  -9.4033969e+04  -9.8442117e+04
   5.1200000e+01  -1.2799041e+05  -1.6525747e+05
   5.1300000e+01  -1.5782014e+05  -2.1399930e+05
   5.1400000e+01  -1.7994711e+05  -2.3628739e+05
   5.1500000e+01  -1.8603684e+05  -2.3360761e+05
   5.1600000e+01  -1.7117120e+05  -2.1541694e+05
   5.1700000e+01  -1.4285428e+05  -1.9531150e+05
   5.1800000e+01  -1.1987931e+05  -1.8556047e+05
   5.1900000e+01  -1.1979380e+05  -1.9086169e+05
   5.2000000e+01  -1.4571322e+05  -2.0560116e+05
   5.2100000e+01  -1.8450556e+05  -2.1868212e+05
   5.2200000e+01  -2.1734497e+05  -2.2288653e+05
   5.2300000e+01  -2.3231978e+05  -2.1944547e+05
   5.2400000e+01  -2.2905083e+05  -2.1296691e+05
   5.2500000e+01  -2.1522159e+05  -2.0362522e+05
   5.2600000e+01  -2.0189000e+05  -1.8732819e+05
   5.2700000e+01  -2.0113406e+05  -1.6386916e+05
   5.2800000e+01  -2.2277788e+05  -1.4131188e+05
   5.2900000e+01  -2.6763362e+05  -1.2864948e+05
   5.3000000e+01  -3.2253803e+05  -1.2436963e+05
   5.3100000e+01  -3.6551669e+05  -1.1534580e+05
   5.3200000e+01  -3.8049303e+05  -8.8764461e+04
   5.3300000e+01  -3.6902209e+05  -4.4342738e+04
   5.3400000e+01  -3.4686916e+05   5.6120078e+03
   5.3500000e+01  -3.2785453e+05   4.6215402e+04
   5.3600000e+01  -3.1063956e+05   6.8273961e+04
   5.3700000e+01  -2.8089116e+05   6.8598672e+04
   5.3800000e+01  -2.2512192e+05   4.7063402e+04
   5.3900000e+01  -1.4154166e+05   6.8606880e+03
   5.4000000e+01  -3.8642320e+04  -4.2772047e+04
   5.4100000e+01   7.3866906e+04  -8.6847594e+04
   5.4200000e+01   1.9068203e+05  -1.1035690e+05
   5.4300000e+01   3.0828488e+05  -1.0633458e+05
   5.4400000e+01   4.1922231e+05  -8.1059078e+04
   5.4500000e+01   5.1108038e+05  -5.2073156e+04
   5.4600000e+01   5.7217381e+05  -3.7443133e+04
   5.4700000e+01   5.9890362e+05  -4.0922203e+04
   5.4800000e+01   5.9795700e+05  -4.4971500e+04
   5.4900000e+01   5.8095412e+05  -2.1838656e+04
   5.5000000e+01   5.5584562e+05   4.2706781e+04
   5.5100000e+01   5.2259347e+05   1.3421920e+05
   5.5200000e+01   4.7689959e+05   2.1967650e+05
   5.5300000e+01   4.1773775e+05   2.7457931e+05
   5.5400000e+01   3.5020188e+05   3.0012638e+05
   5.5500000e+01   2.8019412e+05   3.1408003e+05
   5.5600000e+01   2.0706559e+05   3.2779347e+05
   5.5700000e+01   1.2356300e+05   3.3557669e+05
   5.5800000e+01   2.4728562e+04   3.2590069e+05
   5.5900000e+01  -8.3220328e+04   2.9806853e+05
   5.6000000e+01  -1.8435153e+05   2.6345516e+05
   5.6100000e+01  -2.6495544e+05   2.3048742e+05
   5.6200000e+01  -3.2488644e+05   1.9200583e+05
   5.6300000e+01  -3.7689181e+05   1.3066027e+05
   5.6400000e+01  -4.3365100e+05   3.7760305e+04
   5.6500000e+01  -4.9389288e+05  -7.3587148e+04
   5.6600000e+01  -5.3986038e+05  -1.7459128e+05
   5.6700000e+01  -5.4814331e+05  -2.4083081e+05
   5.6800000e+01  -5.0469225e+05  -2.6794906e+05
   5.6900000e+01  -4.1277634e+05  -2.6967547e+05
   5.7000000e+01  -2.8999688e+05  -2.6208406e+05
   5.7100000e+01  -1.5878597e+05  -2.5012197e+05
   5.7200000e+01  -3.7015289e+04  -2.2793594e+05
   5.7300000e+01   6.7495023e+04  -1.8945538e+05
   5.7400000e+01   1.5731091e+05  -1.3657497e+05
   5.7500000e+01   2.4006228e+05  -7.7547922e+04
   5.7600000e+01   3.1919103e+05  -1.9777398e+04
   5.7700000e+01   3.8689334e+05   3.4316305e+04
   5.7800000e+01   4.2655350e+05   8.5200508e+04
   5.7900000e+01   4.2511409e+05   1.3190366e+05
   5.8000000e+01   3.8541153e+05   1.7047125e+05
   5.8100000e+01   3.2597538e+05   1.9611469e+05
   5.8200000e+01   2.6657206e+05   2.0635103e+05
   5.8300000e+01   2.1262388e+05   2.0226762e+05
   5.8400000e+01   1.5439469e+05   1.8720680e+05
   5.8500000e+01   8.2345570e+04   1.6433544e+05
   5.8600000e+01   2.2835859e+03   1.3508198e+05
   5.8700000e+01  -6.7217547e+04   9.8996250e+04
   5.8800000e+01  -1.1376688e+05   5.4043805e+04
   5.8900000e+01  -1.4576039e+05  -2.9842812e+03
   5.9000000e+01  -1.8459947e+05  -7.4310969e+04
   5.9100000e+01  -2.4037731e+05  -1.5649997e+05
   5.9200000e+01  -2.9639678e+05  -2.3710011e+05
   5.9300000e+01  -3.2050275e+05  -2.9865825e+05
   5.9400000e+01  -2.9388244e+05  -3.3013822e+05
   5.9500000e+01  -2.3001178e+05  -3.3613691e+05
   5.9600000e+01  -1.6653173e+05  -3.3330484e+05
   5.9700000e+01  -1.3893756e+05  -3.3534512e+05
   5.9800000e+01  -1.5954636e+05  -3.4084166e+05
   5.9900000e+01  -2.1620978e+05  -3.3632162e+05
   6.0000000e+01  -2.8595994e+05  -3.1098950e+05
   6.0100000e+01  -3.4925688e+05  -2.6721769e+05
   6.0200000e+01  -3.9595666e+05  -2.1631373e+05
   6.0300000e+01  -4.2413522e+05  -1.6577836e+05
   6.0400000e+01  -4.3676866e+05  -1.1293291e+05
   6.0500000e+01  -4.3862619e+05  -5.1291875e+04
   6.0600000e+01  -4.3299062e+05   1.8757547e+04
   6.0700000e+01  -4.1867309e+05   8.7518328e+04
   6.0800000e+01  -3.8972012e+05   1.4425488e+05
   6.0900000e+01  -3.3897816e+05   1.8676466e+05
   6.1000000e+01  -2.6259356e+05   2.2218688e+05
   6.1100000e+01  -1.6062594e+05   2.5896259e+05
   6.1200000e+01  -3.2982219e+04   2.9865797e+05
   6.1300000e+01   1.2377108e+05   3.3511459e+05
   6.1400000e+01   3.1257453e+05   3.6017441e+05
   6.1500000e+01   5.2656538e+05   3.6977778e+05
   6.1600000e+01   7.4386512e+05   3.6609725e+05
   6.1700000e+01   9.3425294e+05   3.5605269e+05
   6.1800000e+01   1.0742521e+06   3.4800094e+05
   6.1900000e+01   1.1581264e+06   3.4714894e+05
   6.2000000e+01   1.1953918e+06   3.5092103e+05
   6.2100000e+01   1.1976829e+06   3.4825206e+05
   6.2200000e+01   1.1668539e+06   3.2590825e+05
   6.2300000e+01   1.0939765e+06   2.7823609e+05
   6.2400000e+01   9.6870075e+05   2.1133056e+05
   6.2500000e+01   7.9020256e+05   1.3674180e+05
   6.2600000e+01   5.7111175e+05   6.0720031e+04
   6.2700000e+01   3.3285500e+05  -1.9692055e+04
   6.2800000e+01   9.7615578e+04  -1.0954861e+05
   6.2900000e+01  -1.1731948e+05  -2.0571506e+05
   6.3000000e+01  -3.0184909e+05  -2.9486012e+05
   6.3100000e+01  -4.5454900e+05  -3.6264762e+05
   6.3200000e+01  -5.8354900e+05  -4.0555322e+05
   6.3300000e+01  -7.0255219e+05  -4.3369338e+05
   6.3400000e+01  -8.1961206e+05  -4.6100288e+05
   6.3500000e+01  -9.2541775e+05  -4.9069475e+05
   6.3600000e+01  -9.9368712e+05  -5.0909956e+05
   6.3700000e+01  -9.9842188e+05  -4.9473106e+05
   6.3800000e+01  -9.3606925e+05  -4.3607356e+05
   6.3900000e+01  -8.3270775e+05  -3.4273738e+05
   6.4000000e+01  -7.2800725e+05  -2.3953138e+05
   6.4100000e+01  -6.4883356e+05  -1.4840658e+05
   6.4200000e+01  -5.9471088e+05  -7.4407953e+04
   6.4300000e+01  -5.4558675e+05  -7.2817500e+03
   6.4400000e+01  -4.8190994e+05   6.5005688e+04
   6.4500000e+01  -3.9828225e+05   1.4468756e+05
   6.4600000e+01  -3.0170916e+05   2.2376072e+05
   6.4700000e+01  -2.0152094e+05   2.9158931e+05
   6.4800000e+01  -1.0353181e+05   3.4132344e+05
   6.4900000e+01  -1.2210695e+04   3.7046075e+05
   6.5000000e+01   6.6530836e+04   3.7837619e+05
   6.5100000e+01   1.2941169e+05   3.6552331e+05
   6.5200000e+01   1.8345408e+05   3.3519212e+05
   6.5300000e+01   2.4614275e+05   2.9494600e+05
   6.5400000e+01   3.3301678e+05   2.5483638e+05
   6.5500000e+01   4.4204134e+05   2.2235752e+05
   6.5600000e+01   5.5014975e+05   1.9724122e+05
   6.5700000e+01   6.2690450e+05   1.7039739e+05
   6.5800000e+01   6.5404538e+05   1.2909953e+05
   6.5900000e+01   6.3499425e+05   6.5607047e+04
   6.6000000e+01   5.8881938e+05  -1.7095312e+04
   6.6100000e+01   5.3627088e+05  -1.0673838e+05
   6.6200000e+01   4.8886094e+05  -1.8851050e+05
   6.6300000e+01   4.4613619e+05  -2.5135673e+05
   6.6400000e+01   3.9990200e+05  -2.9044300e+05
   6.6500000e+01   3.4164928e+05  -3.0714703e+05
   6.6600000e+01   2.6897225e+05  -3.0864062e+05
   6.6700000e+01   1.8718962e+05  -3.0569256e+05
   6.6800000e+01   1.0533075e+05  -3.0638903e+05
   6.6900000e+01   3.0219992e+04  -3.0855412e+05
   6.7000000e+01  -3.6310125e+04  -2.9858216e+05
   6.7100000e+01  -9.5969984e+04  -2.6060753e+05
   6.7200000e+01  -1.5132042e+05  -1.8927425e+05
   6.7300000e+01  -2.0410333e+05  -9.4255609e+04
   6.7400000e+01  -2.5390180e+05   7.1756592e+03
   6.7500000e+01  -2.9691544e+05   1.0054973e+05
   6.7600000e+01  -3.2739216e+05   1.7707823e+05
   6.7700000e+01  -3.4272356e+05   2.3003203e+05
   6.7800000e+01  -3.4721947e+05   2.5446941e+05
   6.7900000e+01  -3.4831356e+05   2.5371809e+05
   6.8000000e+01  -3.4752588e+05   2.4302542e+05
   6.8100000e+01  -3.3723322e+05   2.4044541e+05
   6.8200000e+01  -3.0966400e+05   2.5032511e+05
   6.8300000e+01  -2.6927131e+05   2.5668650e+05
   6.8400000e+01  -2.3273448e+05   2.3584212e+05
   6.8500000e+01  -2.1347672e+05   1.7763469e+05
   6.8600000e+01  -2.0640167e+05   9.5525094e+04
   6.8700000e+01  -1.9046791e+05   1.7018906e+04
   6.8800000e+01  -1.4799320e+05  -3.5722734e+04
   6.8900000e+01  -8.1409297e+04  -5.8573906e+04
   6.9000000e+01  -1.1158562e+04  -6.3679324e+04
   6.9100000e+01   4.1717402e+04  -6.8246797e+04
   6.9200000e+01   7.0566062e+04  -8.3948422e+04
   6.9300000e+01   8.3245203e+04  -1.1271062e+05
   6.9400000e+01   9.1038078e+04  -1.4787589e+05
   6.9500000e+01   9.9038938e+04  -1.7734789e+05
   6.9600000e+01   1.0581927e+05  -1.8787953e+05
   6.9700000e+01   1.0963636e+05  -1.7145872e+05
   6.9800000e+01   1.1320100e+05  -1.3159322e+05
   6.9900000e+01   1.2208564e+05  -8.3300289e+04
   7.0000000e+01   1.3869714e+05  -4.3819453e+04
   7.0100000e+01   1.5825431e+05  -2.0897281e+04
   7.0200000e+01   1.7178356e+05  -1.0054375e+04
   7.0300000e+01   1.7448219e+05  -3.2672969e+03
   7.0400000e+01   1.7153488e+05   1.7817656e+03
   7.0500000e+01   1.7463425e+05   3.1044062e+03
   7.0600000e+01   1.9160491e+05   3.3433828e+03
   7.0700000e+01   2.1953422e+05   1.2395750e+04
   7.0800000e+01   2.4868353e+05   3.7624758e+04
   7.0900000e+01   2.7240294e+05   7.2583977e+04
   7.1000000e+01   2.9133478e+05   9.9290875e+04
   7.1100000e+01   3.0750478e+05   1.0406984e+05
   7.1200000e+01   3.1692406e+05   9.0769250e+04
   7.1300000e+01   3.1140638e+05   7.7109234e+04
   7.1400000e+01   2.8825212e+05   7.7578945e+04
   7.1500000e+01   2.5548394e+05   8.9826016e+04
   7.1600000e+01   2.2479427e+05   9.7298070e+04
   7.1700000e+01   1.9903750e+05   8.4856805e+04
   7.1800000e+01   1.6789338e+05   5.2427117e+04
   7.1900000e+01   1.1635872e+05   1.4390385e+04
   7.2000000e+01   3.7332246e+04  -1.4116466e+04
   7.2100000e+01  -6.3055383e+04  -3.0721129e+04
   7.2200000e+01  -1.6972555e+05  -4.5906223e+04
   7.2300000e+01  -2.6637925e+05  -6.9234188e+04
   7.2400000e+01  -3.4096581e+05  -9.5524477e+04
   7.2500000e+01  -3.8870006e+05  -1.0619348e+05
   7.2600000e+01  -4.1429431e+05  -8.6612023e+04
   7.2700000e+01  -4.3174506e+05  -4.3564422e+04
   7.2800000e+01  -4.5806906e+05  -4.9407266e+03
   7.2900000e+01  -5.0190466e+05   3.2656250e+02
   7.3000000e+01  -5.5503794e+05  -3.4548344e+04
   7.3100000e+01  -5.9561106e+05  -8.7959766e+04
   7.3200000e+01  -6.0259650e+05  -1.2601801e+05
   7.3300000e+01  -5.7004262e+05  -1.2756068e+05
   7.3400000e+01  -5.0872575e+05  -9.8109555e+04
   7.3500000e+01  -4.3464347e+05  -6.3071324e+04
   7.3600000e+01  -3.5649194e+05  -4.7599957e+04
   7.3700000e+01  -2.7403412e+05  -6.0023988e+04
   7.3800000e+01  -1.8645888e+05  -9.0552117e+04
   7.3900000e+01  -9.9242453e+04  -1.2270616e+05
   7.4000000e+01  -2.1498086e+04  -1.4487258e+05
   7.4100000e+01   4.1931469e+04  -1.5252805e+05
   7.4200000e+01   9.3552570e+04  -1.4369762e+05
   7.4300000e+01   1.3822339e+05  -1.1712692e+05
   7.4400000e+01   1.7672580e+05  -7.6475406e+04
   7.4500000e+01   2.0531788e+05  -3.2833109e+04
   7.4600000e+01   2.2072072e+05   2.5628281e+03
   7.4700000e+01   2.2418205e+05   3.0810359e+04
   7.4800000e+01   2.2102975e+05   6.8284141e+04
   7.4900000e+01   2.1819141e+05   1.3281441e+05
   7.5000000e+01   2.2311867e+05   2.2472238e+05
   7.5100000e+01   2.4333552e+05   3.2232619e+05
   7.5200000e+01   2.8365016e+05   3.9771678e+05
   7.5300000e+01   3.4168328e+05   4.3770334e+05
   7.5400000e+01   4.0672450e+05   4.5006819e+05
   7.5500000e+01   4.6515969e+05   4.5113034e+05
   7.5600000e+01   5.0873475e+05   4.4888662e+05
   7.5700000e+01   5.3803831e+05   4.3790622e+05
   7.5800000e+01   5.5817794e+05   4.0827372e+05
   7.5900000e+01   5.7187881e+05   3.5731866e+05
   7.6000000e+01   5.7736969e+05   2.9242641e+05
   7.6100000e+01   5.7191312e+05   2.2380500e+05
   7.6200000e+01   5.5500225e+05   1.5577116e+05
   7.6300000e+01   5.2682481e+05   8.4998945e+04
   7.6400000e+01   4.8507197e+05   6.0127422e+03
   7.6500000e+01   4.2589231e+05  -8.2531812e+04
   7.6600000e+01   3.4864966e+05  -1.7593161e+05
   7.6700000e+01   2.5780156e+05  -2.6497416e+05
   7.6800000e+01   1.5832133e+05  -3.3775884e+05
   7.6900000e+01   5.0065008e+04  -3.8231153e+05
   7.7000000e+01  -7.1242297e+04  -3.9271059e+05
   7.7100000e+01  -2.0698581e+05  -3.7641694e+05
   7.7200000e+01  -3.5100875e+05  -3.5434356e+05
   7.7300000e+01  -4.9237675e+05  -3.4878284e+05
   7.7400000e+01  -6.2097156e+05  -3.6688650e+05
   7.7500000e+01  -7.2898494e+05  -3.9454638e+05
   7.7600000e+01  -8.0907000e+05  -4.0706828e+05
   7.7700000e+01  -8.5561931e+05  -3.8727612e+05
   7.7800000e+01  -8.7034062e+05  -3.3591175e+05
   7.7900000e+01  -8.6454562e+05  -2.6841031e+05
   7.8000000e+01  -8.5198381e+05  -2.0416331e+05
   7.8100000e+01  -8.3741988e+05  -1.5687956e+05
   7.8200000e+01  -8.1277650e+05  -1.2946377e+05
   7.8300000e+01  -7.6518450e+05  -1.1359369e+05
   7.8400000e+01  -6.8846438e+05  -9.4944898e+04
   7.8500000e+01  -5.8688975e+05  -6.3395105e+04
   7.8600000e+01  -4.6974375e+05  -2.1722785e+04
   7.8700000e+01  -3.4463984e+05   1.5626414e+04
   7.8800000e+01  -2.1621572e+05   3.4142656e+04
   7.8900000e+01  -8.8566164e+04   3.0950117e+04
   7.9000000e+01   3.4108711e+04   1.5744961e+04
   7.9100000e+01   1.4987645e+05   1.1272109e+03
   7.9200000e+01   2.6031138e+05  -7.3564219e+03
   7.9300000e+01   3.6746847e+05  -1.2561430e+04
   7.9400000e+01   4.6934244e+05  -1.9278836e+04
   7.9500000e+01   5.5931431e+05  -2.7426281e+04
   7.9600000e+01   6.3077088e+05  -3.0740348e+04
   7.9700000e+01   6.8173162e+05  -2.0990691e+04
   7.9800000e+01   7.1387819e+05   6.3858711e+03
   7.9900000e+01   7.2697212e+05   4.9676633e+04
   8.0000000e+01   7.1570569e+05   1.0292997e+05
   8.0100000e+01   6.7400044e+05   1.6014230e+05
   8.0200000e+01   6.0320444e+05   2.1735605e+05
   8.0300000e+01   5.1518488e+05   2.7154194e+05
   8.0400000e+01   4.2575800e+05   3.1961959e+05
   8.0500000e+01   3.4394188e+05   3.6028931e+05
   8.0600000e+01   2.6725719e+05   3.9582894e+05
   8.0700000e+01   1.8747230e+05   4.2920806e+05
   8.0800000e+01   1.0102300e+05   4.5818978e+05
   8.0900000e+01   1.4485242e+04   4.7416844e+05
   8.1000000e+01  -5.8717852e+04   4.6916250e+05
   8.1100000e+01  -1.0588196e+05   4.4375338e+05
   8.1200000e+01  -1.2043368e+05   4.0632491e+05
   8.1300000e+01  -1.0365819e+05   3.6399859e+05
   8.1400000e+01  -6.5286031e+04   3.1537712e+05
   8.1500000e+01  -2.3408588e+04   2.5247247e+05
   8.1600000e+01  -8.7394531e+01   1.6889609e+05
   8.1700000e+01  -1.0723625e+04   6.6702156e+04
   8.1800000e+01  -5.2962828e+04  -4.1981234e+04
   8.1900000e+01  -1.0543556e+05  -1.3838391e+05
   8.2000000e+01  -1.4050198e+05  -2.0497744e+05
   8.2100000e+01  -1.4284195e+05  -2.3535952e+05
   8.2200000e+01  -1.1957716e+05  -2.3905744e+05
   8.2300000e+01  -9.4186547e+04  -2.3485462e+05
   8.2400000e+01  -8.9508031e+04  -2.3651588e+05
   8.2500000e+01  -1.1279288e+05  -2.4400653e+05
   8.2600000e+01  -1.5268870e+05  -2.4823630e+05
   8.2700000e+01  -1.8857789e+05  -2.4239195e+05
   8.2800000e+01  -2.0470086e+05  -2.2670897e+05
   8.2900000e+01  -1.9938120e+05  -2.0390275e+05
   8.3000000e+01  -1.8361561e+05  -1.7500720e+05
   8.3100000e+01  -1.7091838e+05  -1.4296095e+05
   8.3200000e+01  -1.6696416e+05  -1.1787762e+05
   8.3300000e+01  -1.6758072e+05  -1.1301525e+05
   8.3400000e+01  -1.6574738e+05  -1.3205272e+05
   8.3500000e+01  -1.5941395e+05  -1.6163403e+05
   8.3600000e+01  -1.5173800e+05  -1.8000512e+05
   8.3700000e+01  -1.4450856e+05  -1.7518022e+05
   8.3800000e+01  -1.3360534e+05  -1.5476938e+05
   8.3900000e+01  -1.1264920e+05  -1.3789034e+05
   8.4000000e+01  -8.0970297e+04  -1.3806234e+05
   8.4100000e+01  -4.6993273e+04  -1.5396991e+05
   8.4200000e+01  -2.3536172e+04  -1.7475131e+05
   8.4300000e+01  -1.9638008e+04  -1.9099706e+05
   8.4400000e+01  -3.4987352e+04  -1.9924903e+05
   8.4500000e+01  -5.8914680e+04  -1.9819431e+05
   8.4600000e+01  -7.3629758e+04  -1.8488138e+05
   8.4700000e+01  -6.2161688e+04  -1.5733547e+05
   8.4800000e+01  -1.9516109e+04  -1.1995631e+05
   8.4900000e+01   4.0178469e+04  -8.3469570e+04
   8.5000000e+01   8.9084047e+04  -5.7603086e+04
   8.5100000e+01   1.0306877e+05  -4.3648047e+04
   8.5200000e+01   7.8437016e+04  -3.4453734e+04
   8.5300000e+01   3.3979859e+04  -2.1065555e+04
   8.5400000e+01  -3.2039531e+03   1.5344453e+03
   8.5500000e+01  -1.5907238e+04   3.4523516e+04
   8.5600000e+01  -5.1493477e+03   7.8011328e+04
   8.5700000e+01   1.4966279e+04   1.3015370e+05
   8.5800000e+01   2.8682637e+04   1.8232803e+05
   8.5900000e+01   2.6915137e+04   2.1806069e+05
   8.6000000e+01   8.7168438e+03   2.2226091e+05
   8.6100000e+01  -2.1256320e+04   1.9577958e+05
   8.6200000e+01  -5.4495945e+04   1.6060447e+05
   8.6300000e+01  -7.8432969e+04   1.4642302e+05
   8.6400000e+01  -7.8033953e+04   1.6740295e+05
   8.6500000e+01  -4.2922031e+04   2.1015867e+05
   8.6600000e+01   2.3162469e+04   2.4504202e+05
   8.6700000e+01   1.0036089e+05   2.5062270e+05
   8.6800000e+01   1.6420555e+05   2.2891711e+05
   8.6900000e+01   2.0310952e+05   1.9941564e+05
   8.7000000e+01   2.2552430e+05   1.8092928e+05
   8.7100000e+01   2.4907522e+05   1.7925348e+05
   8.7200000e+01   2.8265900e+05   1.8870528e+05
   8.7300000e+01   3.1972062e+05   2.0065859e+05
   8.7400000e+01   3.4744938e+05   2.0843744e+05
   8.7500000e+01   3.5871609e+05   2.0612530e+05
   8.7600000e+01   3.5319416e+05   1.8711038e+05
   8.7700000e+01   3.3036259e+05   1.4741838e+05
   8.7800000e+01   2.8749744e+05   9.1502906e+04
   8.7900000e+01   2.2668498e+05   3.3295469e+04
   8.8000000e+01   1.6000417e+05  -1.1337777e+04
   8.8100000e+01   1.0296705e+05  -3.5853059e+04
   8.8200000e+01   6.2334297e+04  -4.7726578e+04
   8.8300000e+01   3.3233703e+04  -6.0871023e+04
   8.8400000e+01   9.1874688e+03  -8.1745133e+04
   8.8500000e+01  -8.0903281e+03  -1.0259749e+05
   8.8600000e+01  -1.1945711e+04  -1.0942377e+05
   8.8700000e+01  -2.6806172e+03  -9.7268430e+04
   8.8800000e+01   7.9081250e+03  -7.6838250e+04
   8.8900000e+01   6.2964141e+03  -6.4480672e+04
   8.9000000e+01  -9.7079219e+03  -6.5183250e+04
   8.9100000e+01  -2.9897383e+04  -6.6747039e+04
   8.9200000e+01  -4.3708562e+04  -5.2646875e+04
   8.9300000e+01  -5.1705758e+04  -2.1579523e+04
   8.9400000e+01  -6.4577367e+04   6.4702656e+03
   8.9500000e+01  -9.2286797e+04   5.5646250e+03
   8.9600000e+01  -1.3560431e+05  -3.2545672e+04
   8.9700000e+01  -1.8736041e+05  -8.8646320e+04
   8.9800000e+01  -2.3964953e+05  -1.3018050e+05
   8.9900000e+01  -2.8900238e+05  -1.3719600e+05
   9.0000000e+01  -3.3634419e+05  -1.1708927e+05
   9.0100000e+01  -3.8404638e+05  -9.5906406e+04
   9.0200000e+01  -4.3286012e+05  -9.5924500e+04
   9.0300000e+01  -4.7981559e+05  -1.2071545e+05
   9.0400000e+01  -5.1830578e+05  -1.5904581e+05
   9.0500000e+01  -5.4154844e+05  -1.9912969e+05
   9.0600000e+01  -5.4724975e+05  -2.3628794e+05
   9.0700000e+01  -5.3814912e+05  -2.6796578e+05
   9.0800000e+01  -5.1668919e+05  -2.8645784e+05
   9.0900000e+01  -4.8007150e+05  -2.8214903e+05
   9.1000000e+01  -4.2338688e+05  -2.5598031e+05
   9.1100000e+01  -3.4876056e+05  -2.2610031e+05
   9.1200000e+01  -2.6886481e+05  -2.1714050e+05
   9.1300000e+01  -1.9779595e+05  -2.3885175e+05
   9.1400000e+01  -1.3767838e+05  -2.7444469e+05
   9.1500000e+01  -7.6329547e+04  -2.9207194e+05
   9.1600000e+01   3.6632812e+02  -2.7076812e+05
   9.1700000e+01   9.4612656e+04  -2.1701725e+05
   9.1800000e+01   1.9588195e+05  -1.5645544e+05
   9.1900000e+01   2.9193838e+05  -1.0959791e+05
   9.2000000e+01   3.7765009e+05  -7.5782391e+04
   9.2100000e+01   4.5269578e+05  -3.9540582e+04
   9.2200000e+01   5.1430519e+05   1.0520478e+04
   9.2300000e+01   5.5650225e+05   7.1825664e+04
   9.2400000e+01   5.7726425e+05   1.3557581e+05
   9.2500000e+01   5.8358694e+05   1.9977872e+05
   9.2600000e+01   5.8636075e+05   2.7067975e+05
   9.2700000e+01   5.8939688e+05   3.5146309e+05
   9.2800000e+01   5.8448350e+05   4.3301538e+05
   9.2900000e+01   5.5823019e+05   4.9882188e+05
   9.3000000e+01   5.0428153e+05   5.3910669e+05
   9.3100000e+01   4.2975975e+05   5.5865850e+05
   9.3200000e+01   3.5141872e+05   5.7014250e+05
   9.3300000e+01   2.8639681e+05   5.8064838e+05
   9.3400000e+01   2.4498138e+05   5.8570225e+05
   9.3500000e+01   2.2811241e+05   5.7575794e+05
   9.3600000e+01   2.2774975e+05   5.4656375e+05
   9.3700000e+01   2.2871747e+05   5.0189044e+05
   9.3800000e+01   2.1350034e+05   4.4718397e+05
   9.3900000e+01   1.7089141e+05   3.8334600e+05
   9.4000000e+01   1.0445152e+05   3.0857034e+05
   9.4100000e+01   3.3195531e+04   2.2516856e+05
   9.4200000e+01  -1.9330328e+04   1.4172078e+05
   9.4300000e+01  -4.1782816e+04   6.7056258e+04
   9.4400000e+01  -4.4960840e+04   3.2992617e+03
   9.4500000e+01  -5.5986496e+04  -5.3763176e+04
   9.4600000e+01  -1.0005056e+05  -1.0864006e+05
   9.4700000e+01  -1.8338178e+05  -1.6319156e+05
   9.4800000e+01  -2.9001816e+05  -2.1994256e+05
   9.4900000e+01  -3.9351250e+05  -2.8438881e+05
   9.5000000e+01  -4.7332800e+05  -3.5912669e+05
   9.5100000e+01  -5.2391653e+05  -4.3467141e+05
   9.5200000e+01  -5.5231581e+05  -4.9013056e+05
   9.5300000e+01  -5.6934344e+05  -5.0866538e+05
   9.5400000e+01  -5.8235406e+05  -4.9528991e+05
   9.5500000e+01  -5.9343369e+05  -4.7804353e+05
   9.5600000e+01  -6.0127662e+05  -4.8733569e+05
   9.5700000e+01  -6.0308788e+05  -5.2972612e+05
   9.5800000e+01  -5.9514275e+05  -5.7984838e+05
   9.5900000e+01  -5.7334706e+05  -5.9915900e+05
   9.6000000e+01  -5.3502569e+05  -5.6620138e+05
   9.6100000e+01  -4.8084231e+05  -4.9258588e+05
   9.6200000e+01  -4.1464481e+05  -4.1187922e+05
   9.6300000e+01  -3.4094391e+05  -3.5272088e+05
   9.6400000e+01  -2.6248391e+05  -3.2001866e+05
   9.6500000e+01  -1.8048628e+05  -2.9813419e+05
   9.6600000e+01  -9.7156531e+04  -2.6886006e+05
   9.6700000e+01  -1.7312650e+04  -2.2571178e+05
   9.6800000e+01   5.3209758e+04  -1.7368194e+05
   9.6900000e+01   1.1110758e+05  -1.1963132e+05
   9.7000000e+01   1.5745169e+05  -6.5883789e+04
   9.7100000e+01   1.9579253e+05  -1.2761930e+04
   9.7200000e+01   2.2844084e+05   3.5696961e+04
   9.7300000e+01   2.5461298e+05   7.1897750e+04
   9.7400000e+01   2.7173156e+05   9.2081984e+04
   9.7500000e+01   2.7761212e+05   1.0280988e+05
   9.7600000e+01   2.7105247e+05   1.1800253e+05
   9.7700000e+01   2.5159530e+05   1.4783612e+05
   9.7800000e+01   2.2109269e+05   1.9024909e+05
   9.7900000e+01   1.8673159e+05   2.3394781e+05
   9.8000000e+01   1.6086166e+05   2.6988800e+05
   9.8100000e+01   1.5421047e+05   2.9935238e+05
   9.8200000e+01   1.6664705e+05   3.3095438e+05
   9.8300000e+01   1.8511931e+05   3.7107125e+05
   9.8400000e+01   1.9338542e+05   4.1823391e+05
   9.8500000e+01   1.8589175e+05   4.6585444e+05
   9.8600000e+01   1.7201217e+05   5.0801553e+05
   9.8700000e+01   1.6542888e+05   5.4136762e+05
   9.8800000e+01   1.6904797e+05   5.6278950e+05
   9.8900000e+01   1.7146231e+05   5.6791300e+05
   9.9000000e+01   1.5919545e+05   5.5352862e+05
   9.9100000e+01   1.3167573e+05   5.2107728e+05
   9.9200000e+01   1.0237218e+05   4.7667288e+05
   9.9300000e+01   8.4601359e+04   4.2731662e+05
   9.9400000e+01   7.7806875e+04   3.7752644e+05
   9.9500000e+01   6.9689023e+04   3.2962059e+05
   9.9600000e+01   5.1297203e+04   2.8552188e+05
   9.9700000e+01   2.7294855e+04   2.4557747e+05
   9.9800000e+01   1.0149717e+04   2.0523936e+05
   9.9900000e+01   6.9403750e+03   1.5710694e+05
   1.0000000e+02   1.4292609e+04   1.0019234e+05
