   1.1851270e+02   3.6301420e+01   1.8450000e+02
   1.1898684e+02   3.6650729e+01   7.5600000e+01
   0.0000000e+00   9.0557938e+05   9.0557938e+05
   1.0000000e-01   8.1108856e+05   8.3756862e+05
   2.0000000e-01   6.1222219e+05   6.4587331e+05
   3.0000000e-01   4.2199712e+05   4.2376588e+05
   4.0000000e-01   3.2079456e+05   2.4016841e+05
   5.0000000e-01   3.0782841e+05   1.0276153e+05
   6.0000000e-01   3.2937731e+05  -1.4420906e+04
   7.0000000e-01   3.4066256e+05  -1.2612348e+05
   8.0000000e-01   3.3498416e+05  -2.2600883e+05
   9.0000000e-01   3.2414112e+05  -3.1028262e+05
   1.0000000e+00   3.0944169e+05  -3.9270538e+05
   1.1000000e+00   2.8065328e+05  -4.8694525e+05
   1.2000000e+00   2.3591509e+05  -5.7912525e+05
   1.3000000e+00   1.8968867e+05  -6.2913156e+05
   1.4000000e+00   1.5581884e+05  -6.0621150e+05
   1.5000000e+00   1.2715148e+05  -5.2275431e+05
   1.6000000e+00   7.8216734e+04  -4.2817247e+05
   1.7000000e+00  -1.0029609e+04  -3.6575053e+05
   1.8000000e+00  -1.2983577e+05  -3.3553744e+05
   1.9000000e+00  -2.5184175e+05  -3.0194181e+05
   2.0000000e+00  -3.4924769e+05  -2.3842628e+05
   2.1000000e+00  -4.1584450e+05  -1.6194783e+05
   2.2000000e+00  -4.6221050e+05  -1.2004620e+05
   2.3000000e+00  -4.9866916e+05  -1.4382688e+05
   2.4000000e+00  -5.2512700e+05  -2.1605459e+05
   2.5000000e+00  -5.3623475e+05  -2.8633969e+05
   2.6000000e+00  -5.3190781e+05  -3.1548494e+05
   2.7000000e+00  -5.1965897e+05  -3.0363525e+05
   2.8000000e+00  -5.0755228e+05  -2.7849159e+05
   2.9000000e+00  -4.9735734e+05  -2.6190944e+05
   3.0000000e+00  -4.8451706e+05  -2.4980650e+05
   3.1000000e+00  -4.6174078e+05  -2.1998183e+05
   3.2000000e+00  -4.2026619e+05  -1.5361403e+05
   3.3000000e+00  -3.4931825e+05  -4.8836781e+04
   3.4000000e+00  -2.3974180e+05   8.0677547e+04
   3.5000000e+00  -9.3875391e+04   2.1412916e+05
   3.6000000e+00   6.6138219e+04   3.3047841e+05
   3.7000000e+00   2.0391638e+05   4.1409897e+05
   3.8000000e+00   2.9157022e+05   4.6279659e+05
   3.9000000e+00   3.3454525e+05   4.9435938e+05
   4.0000000e+00   3.7316475e+05   5.4041112e+05
   4.1000000e+00   4.4990628e+05   6.2316719e+05
   4.2000000e+00   5.6500438e+05   7.2992850e+05
   4.3000000e+00   6.6315138e+05   8.1090838e+05
   4.4000000e+00   6.7217694e+05   8.1040981e+05
   4.5000000e+00   5.6431388e+05   7.0943588e+05
   4.6000000e+00   3.8340156e+05   5.4237269e+05
   4.7000000e+00   2.1100961e+05   3.7133722e+05
   4.8000000e+00   1.0363427e+05   2.4057320e+05
   4.9000000e+00   5.9382234e+04   1.5066620e+05
   5.0000000e+00   3.8928344e+04   7.1284062e+04
   5.1000000e+00   1.0963812e+04  -2.5147375e+04
   5.2000000e+00  -2.4751516e+04  -1.4138080e+05
   5.3000000e+00  -5.1264375e+04  -2.5992262e+05
   5.4000000e+00  -5.9864035e+04  -3.6165194e+05
   5.5000000e+00  -5.6979703e+04  -4.3682200e+05
   5.6000000e+00  -5.0392652e+04  -4.8154025e+05
   5.7000000e+00  -3.6608516e+04  -4.9141459e+05
   5.8000000e+00  -6.1127734e+03  -4.6508825e+05
   5.9000000e+00   4.0271711e+04  -4.1433675e+05
   6.0000000e+00   8.4042133e+04  -3.6498712e+05
   6.1000000e+00   1.0054778e+05  -3.4088347e+05
   6.2000000e+00   7.8575422e+04  -3.4367959e+05
   6.3000000e+00   2.8670562e+04  -3.4990512e+05
   6.4000000e+00  -2.7430531e+04  -3.3110609e+05
   6.5000000e+00  -7.5251070e+04  -2.7876750e+05
   6.6000000e+00  -1.1656695e+05  -2.1015408e+05
   6.7000000e+00  -1.6266405e+05  -1.5082673e+05
   6.8000000e+00  -2.2099816e+05  -1.1298190e+05
   6.9000000e+00  -2.8835244e+05  -9.0990742e+04
   7.0000000e+00  -3.5425075e+05  -7.5674234e+04
   7.1000000e+00  -4.0777138e+05  -6.9226344e+04
   7.2000000e+00  -4.4008625e+05  -8.3515625e+04
   7.3000000e+00  -4.4278859e+05  -1.2351411e+05
   7.4000000e+00  -4.0813084e+05  -1.7427191e+05
   7.5000000e+00  -3.3451144e+05  -2.0694220e+05
   7.6000000e+00  -2.3230727e+05  -1.9995067e+05
   7.7000000e+00  -1.2171738e+05  -1.5553966e+05
   7.8000000e+00  -2.1549133e+04  -9.6407297e+04
   7.9000000e+00   6.0946273e+04  -4.7288125e+04
   8.0000000e+00   1.2810789e+05  -1.9955750e+04
   8.1000000e+00   1.8025261e+05  -1.2460854e+04
   8.2000000e+00   2.1024803e+05  -1.5283327e+04
   8.3000000e+00   2.1431158e+05  -1.2344148e+04
   8.4000000e+00   2.0710159e+05   2.0870320e+04
   8.5000000e+00   2.1790081e+05   1.0815271e+05
   8.6000000e+00   2.6316906e+05   2.5019806e+05
   8.7000000e+00   3.2161684e+05   4.1042166e+05
   8.8000000e+00   3.4325144e+05   5.3269475e+05
   8.9000000e+00   2.9135209e+05   5.8441469e+05
   9.0000000e+00   1.7906512e+05   5.8636931e+05
   9.1000000e+00   6.2999547e+04   5.9685500e+05
   9.2000000e+00  -2.7668125e+03   6.6065138e+05
   9.3000000e+00  -9.8041562e+03   7.6950288e+05
   9.4000000e+00   3.4695312e+03   8.7072038e+05
   9.5000000e+00  -9.6145625e+03   9.1409450e+05
   9.6000000e+00  -6.3800719e+04   8.9169238e+05
   9.7000000e+00  -1.3489633e+05   8.3473544e+05
   9.8000000e+00  -1.8543244e+05   7.7480369e+05
   9.9000000e+00  -1.9364347e+05   7.0992162e+05
   1.0000000e+01  -1.6095475e+05   6.0854700e+05
   1.0100000e+01  -1.0056241e+05   4.4537722e+05
   1.0200000e+01  -2.6992738e+04   2.3133644e+05
   1.0300000e+01   4.3307305e+04   6.8498438e+03
   1.0400000e+01   9.0432203e+04  -1.9467194e+05
   1.0500000e+01   1.0098689e+05  -3.7578984e+05
   1.0600000e+01   8.3269172e+04  -5.6702350e+05
   1.0700000e+01   6.7273688e+04  -7.9023662e+05
   1.0800000e+01   8.1450531e+04  -1.0300175e+06
   1.0900000e+01   1.2531616e+05  -1.2398632e+06
   1.1000000e+01   1.6640577e+05  -1.3744186e+06
   1.1100000e+01   1.6771473e+05  -1.4159062e+06
   1.1200000e+01   1.2049780e+05  -1.3740581e+06
   1.1300000e+01   5.1109828e+04  -1.2681198e+06
   1.1400000e+01  -3.6329375e+03  -1.1137060e+06
   1.1500000e+01  -2.7522469e+04  -9.2447906e+05
   1.1600000e+01  -3.3119500e+04  -7.1843412e+05
   1.1700000e+01  -4.2227172e+04  -5.1591753e+05
   1.1800000e+01  -6.0875234e+04  -3.3135244e+05
   1.1900000e+01  -7.3795938e+04  -1.7078222e+05
   1.2000000e+01  -6.1735344e+04  -3.8889609e+04
   1.2100000e+01  -2.2750953e+04   5.5263562e+04
   1.2200000e+01   2.2581883e+04   1.0364854e+05
   1.2300000e+01   4.4597289e+04   1.0980066e+05
   1.2400000e+01   2.3218570e+04   8.9816094e+04
   1.2500000e+01  -4.1375000e+04   6.1238430e+04
   1.2600000e+01  -1.2864767e+05   3.4404570e+04
   1.2700000e+01  -2.0423598e+05   1.8396172e+04
   1.2800000e+01  -2.3149344e+05   3.2608766e+04
   1.2900000e+01  -1.8835670e+05   1.0298389e+05
   1.3000000e+01  -8.3457875e+04   2.3821145e+05
   1.3100000e+01   4.2646672e+04   4.0905784e+05
   1.3200000e+01   1.4051744e+05   5.5895362e+05
   1.3300000e+01   1.8810367e+05   6.4529819e+05
   1.3400000e+01   2.1071823e+05   6.7650262e+05
   1.3500000e+01   2.6164103e+05   7.0716781e+05
   1.3600000e+01   3.7345453e+05   7.8983500e+05
   1.3700000e+01   5.2158388e+05   9.2364388e+05
   1.3800000e+01   6.3658031e+05   1.0467892e+06
   1.3900000e+01   6.5827506e+05   1.0818982e+06
   1.4000000e+01   5.8311325e+05   9.9552050e+05
   1.4100000e+01   4.6026953e+05   8.2048212e+05
   1.4200000e+01   3.4170306e+05   6.2486912e+05
   1.4300000e+01   2.3606602e+05   4.5924862e+05
   1.4400000e+01   1.0980935e+05   3.2844359e+05
   1.4500000e+01  -7.0606984e+04   2.0535831e+05
   1.4600000e+01  -3.0044819e+05   6.5017445e+04
   1.4700000e+01  -5.3770662e+05  -9.4484266e+04
   1.4800000e+01  -7.3636781e+05  -2.5647581e+05
   1.4900000e+01  -8.7667212e+05  -4.0223819e+05
   1.5000000e+01  -9.6731194e+05  -5.2102406e+05
   1.5100000e+01  -1.0251526e+06  -6.0896175e+05
   1.5200000e+01  -1.0558969e+06  -6.6509025e+05
   1.5300000e+01  -1.0514465e+06  -6.9133325e+05
   1.5400000e+01  -1.0007868e+06  -6.9365175e+05
   1.5500000e+01  -9.0128262e+05  -6.7852006e+05
   1.5600000e+01  -7.6200056e+05  -6.4643150e+05
   1.5700000e+01  -6.0027125e+05  -5.9129775e+05
   1.5800000e+01  -4.3599825e+05  -5.0958481e+05
   1.5900000e+01  -2.8521438e+05  -4.1013081e+05
   1.6000000e+01  -1.5347484e+05  -3.1184238e+05
   1.6100000e+01  -3.3981141e+04  -2.2954773e+05
   1.6200000e+01   8.3575875e+04  -1.6358602e+05
   1.6300000e+01   1.9726892e+05  -1.0589903e+05
   1.6400000e+01   2.8634134e+05  -5.5690109e+04
   1.6500000e+01   3.2617906e+05  -2.5021750e+04
   1.6600000e+01   3.1500072e+05  -2.5871297e+04
   1.6700000e+01   2.8473619e+05  -5.2647922e+04
   1.6800000e+01   2.7969250e+05  -8.0878781e+04
   1.6900000e+01   3.1954753e+05  -8.5323234e+04
   1.7000000e+01   3.8289359e+05  -5.9109875e+04
   1.7100000e+01   4.2994606e+05  -1.3924359e+04
   1.7200000e+01   4.4384084e+05   3.8481938e+04
   1.7300000e+01   4.4917850e+05   1.0254291e+05
   1.7400000e+01   4.8687475e+05   1.9300436e+05
   1.7500000e+01   5.6816925e+05   3.1075044e+05
   1.7600000e+01   6.5552138e+05   4.2765588e+05
   1.7700000e+01   6.9618819e+05   5.0390481e+05
   1.7800000e+01   6.8097475e+05   5.2748962e+05
   1.7900000e+01   6.6718412e+05   5.3473800e+05
   1.8000000e+01   7.3196838e+05   5.8144025e+05
   1.8100000e+01   8.9240938e+05   6.8431069e+05
   1.8200000e+01   1.0713445e+06   7.9074944e+05
   1.8300000e+01   1.1507585e+06   8.1379975e+05
   1.8400000e+01   1.0681642e+06   7.0461350e+05
   1.8500000e+01   8.6587756e+05   4.9476194e+05
   1.8600000e+01   6.4923938e+05   2.6970966e+05
   1.8700000e+01   4.9861262e+05   1.0151655e+05
   1.8800000e+01   4.1731938e+05   2.8959062e+03
   1.8900000e+01   3.5125603e+05  -6.3983203e+04
   1.9000000e+01   2.4525962e+05  -1.4427517e+05
   1.9100000e+01   8.0747844e+04  -2.5608830e+05
   1.9200000e+01  -1.2506859e+05  -3.8718494e+05
   1.9300000e+01  -3.3915975e+05  -5.1226950e+05
   1.9400000e+01  -5.2955756e+05  -6.0947812e+05
   1.9500000e+01  -6.7577375e+05  -6.6689394e+05
   1.9600000e+01  -7.7690081e+05  -6.8367100e+05
   1.9700000e+01  -8.5254444e+05  -6.7056438e+05
   1.9800000e+01  -9.2831700e+05  -6.4676412e+05
   1.9900000e+01  -1.0118144e+06  -6.2867219e+05
   2.0000000e+01  -1.0805641e+06  -6.1609506e+05
   2.0100000e+01  -1.0977316e+06  -5.8996700e+05
   2.0200000e+01  -1.0454526e+06  -5.2860250e+05
   2.0300000e+01  -9.4547325e+05  -4.2994600e+05
   2.0400000e+01  -8.4546544e+05  -3.1722366e+05
   2.0500000e+01  -7.8142681e+05  -2.2020806e+05
   2.0600000e+01  -7.5089812e+05  -1.5057916e+05
   2.0700000e+01  -7.2241606e+05  -9.7340656e+04
   2.0800000e+01  -6.7103438e+05  -4.6199359e+04
   2.0900000e+01  -6.0366875e+05   2.7796875e+02
   2.1000000e+01  -5.4902812e+05   2.5315438e+04
   2.1100000e+01  -5.2399506e+05   2.0105438e+04
   2.1200000e+01  -5.1242931e+05  -5.6643750e+02
   2.1300000e+01  -4.7834225e+05  -8.2237500e+03
   2.1400000e+01  -3.9891144e+05   1.3158656e+04
   2.1500000e+01  -2.8288331e+05   5.2043516e+04
   2.1600000e+01  -1.5688269e+05   8.1302766e+04
   2.1700000e+01  -3.6901023e+04   8.5171422e+04
   2.1800000e+01   8.2771844e+04   7.3415102e+04
   2.1900000e+01   2.1196389e+05   6.8608180e+04
   2.2000000e+01   3.4139547e+05   8.2150109e+04
   2.2100000e+01   4.4522762e+05   1.0813756e+05
   2.2200000e+01   5.1102644e+05   1.4338430e+05
   2.2300000e+01   5.6269150e+05   2.0738019e+05
   2.2400000e+01   6.4341612e+05   3.3001488e+05
   2.2500000e+01   7.6892844e+05   5.1147138e+05
   2.2600000e+01   8.9939538e+05   6.9865144e+05
   2.2700000e+01   9.6481838e+05   8.1402188e+05
   2.2800000e+01   9.2406488e+05   8.1732375e+05
   2.2900000e+01   8.0138412e+05   7.3964688e+05
   2.3000000e+01   6.6652450e+05   6.5373600e+05
   2.3100000e+01   5.7983288e+05   6.0992275e+05
   2.3200000e+01   5.5268825e+05   6.0048150e+05
   2.3300000e+01   5.5156712e+05   5.8095862e+05
   2.3400000e+01   5.3200056e+05   5.1753394e+05
   2.3500000e+01   4.7002188e+05   4.1100325e+05
   2.3600000e+01   3.7210262e+05   2.8326791e+05
   2.3700000e+01   2.6633294e+05   1.5348933e+05
   2.3800000e+01   1.8643069e+05   3.2679453e+04
   2.3900000e+01   1.5633458e+05  -6.5549648e+04
   2.4000000e+01   1.7824705e+05  -1.2158721e+05
   2.4100000e+01   2.2740331e+05  -1.2475374e+05
   2.4200000e+01   2.5922355e+05  -9.0240828e+04
   2.4300000e+01   2.3133009e+05  -5.4685430e+04
   2.4400000e+01   1.3116986e+05  -4.9560031e+04
   2.4500000e+01  -1.1569203e+04  -7.7903000e+04
   2.4600000e+01  -1.4371719e+05  -1.1894203e+05
   2.4700000e+01  -2.2901253e+05  -1.5598505e+05
   2.4800000e+01  -2.7598697e+05  -1.9714184e+05
   2.4900000e+01  -3.2545025e+05  -2.6563194e+05
   2.5000000e+01  -4.0769197e+05  -3.7020628e+05
   2.5100000e+01  -5.1150425e+05  -4.8947744e+05
   2.5200000e+01  -5.9612925e+05  -5.8982388e+05
   2.5300000e+01  -6.3250306e+05  -6.5934094e+05
   2.5400000e+01  -6.3010512e+05  -7.2073712e+05
   2.5500000e+01  -6.2285781e+05  -8.0648681e+05
   2.5600000e+01  -6.3150412e+05  -9.1936281e+05
   2.5700000e+01  -6.4237744e+05  -1.0189399e+06
   2.5800000e+01  -6.2196931e+05  -1.0506748e+06
   2.5900000e+01  -5.4904075e+05  -9.9190694e+05
   2.6000000e+01  -4.3173012e+05  -8.7097638e+05
   2.6100000e+01  -2.9723475e+05  -7.4074712e+05
   2.6200000e+01  -1.7028095e+05  -6.3208956e+05
   2.6300000e+01  -6.2913602e+04  -5.3173731e+05
   2.6400000e+01   2.0509014e+04  -4.0297053e+05
   2.6500000e+01   7.7600758e+04  -2.2428272e+05
   2.6600000e+01   1.1208359e+05  -6.6462812e+03
   2.6700000e+01   1.3939761e+05   2.2197852e+05
   2.6800000e+01   1.7844402e+05   4.3995438e+05
   2.6900000e+01   2.3119583e+05   6.3549612e+05
   2.7000000e+01   2.7250588e+05   7.9337500e+05
   2.7100000e+01   2.6764003e+05   8.9085562e+05
   2.7200000e+01   2.0562411e+05   9.1533550e+05
   2.7300000e+01   1.1566153e+05   8.8430400e+05
   2.7400000e+01   4.8017875e+04   8.3980012e+05
   2.7500000e+01   3.6109812e+04   8.1668850e+05
   2.7600000e+01   7.4584500e+04   8.1488969e+05
   2.7700000e+01   1.3061009e+05   8.0364294e+05
   2.7800000e+01   1.7353159e+05   7.5285675e+05
   2.7900000e+01   1.9489120e+05   6.5953325e+05
   2.8000000e+01   2.0546664e+05   5.4502769e+05
   2.8100000e+01   2.1867550e+05   4.3125512e+05
   2.8200000e+01   2.3822344e+05   3.2445538e+05
   2.8300000e+01   2.5886869e+05   2.2231486e+05
   2.8400000e+01   2.7514872e+05   1.3066008e+05
   2.8500000e+01   2.8685625e+05   6.4716289e+04
   2.8600000e+01   2.9555425e+05   3.0389484e+04
   2.8700000e+01   2.9720744e+05   8.7451250e+03
   2.8800000e+01   2.8128384e+05  -3.2616133e+04
   2.8900000e+01   2.4014727e+05  -1.0767576e+05
   2.9000000e+01   1.8005780e+05  -1.9292772e+05
   2.9100000e+01   1.2069550e+05  -2.4522859e+05
   2.9200000e+01   8.0722938e+04  -2.4242386e+05
   2.9300000e+01   6.2171219e+04  -2.0654572e+05
   2.9400000e+01   4.9065516e+04  -1.8520848e+05
   2.9500000e+01   2.1908828e+04  -2.0902334e+05
   2.9600000e+01  -2.5829234e+04  -2.6695362e+05
   2.9700000e+01  -8.4040453e+04  -3.2229172e+05
   2.9800000e+01  -1.3675094e+05  -3.5027297e+05
   2.9900000e+01  -1.7617172e+05  -3.5829262e+05
   3.0000000e+01  -2.0791217e+05  -3.7102412e+05
   3.0100000e+01  -2.4436806e+05  -4.0051725e+05
   3.0200000e+01  -2.9295469e+05  -4.3444566e+05
   3.0300000e+01  -3.4897269e+05  -4.5217612e+05
   3.0400000e+01  -3.9865000e+05  -4.4730578e+05
   3.0500000e+01  -4.2992906e+05  -4.3174059e+05
   3.0600000e+01  -4.4242416e+05  -4.2081181e+05
   3.0700000e+01  -4.4835256e+05  -4.1950838e+05
   3.0800000e+01  -4.6317362e+05  -4.2311659e+05
   3.0900000e+01  -4.9263744e+05  -4.2427431e+05
   3.1000000e+01  -5.2570944e+05  -4.1269272e+05
   3.1100000e+01  -5.3899138e+05  -3.7016150e+05
   3.1200000e+01  -5.1109394e+05  -2.7674541e+05
   3.1300000e+01  -4.3862575e+05  -1.3197205e+05
   3.1400000e+01  -3.4197409e+05   3.0125906e+04
   3.1500000e+01  -2.5272928e+05   1.5699892e+05
   3.1600000e+01  -1.8762753e+05   2.1992862e+05
   3.1700000e+01  -1.2920009e+05   2.4454175e+05
   3.1800000e+01  -3.4634656e+04   2.9409041e+05
   3.1900000e+01   1.2738061e+05   4.1335944e+05
   3.2000000e+01   3.4154628e+05   5.8307294e+05
   3.2100000e+01   5.4806281e+05   7.2976181e+05
   3.2200000e+01   6.8615706e+05   7.8473300e+05
   3.2300000e+01   7.4171762e+05   7.3818350e+05
   3.2400000e+01   7.5403300e+05   6.3966438e+05
   3.2500000e+01   7.7487194e+05   5.4918494e+05
   3.2600000e+01   8.1970038e+05   4.8923994e+05
   3.2700000e+01   8.5721588e+05   4.4069875e+05
   3.2800000e+01   8.4356531e+05   3.7678825e+05
   3.2900000e+01   7.6413344e+05   2.9371188e+05
   3.3000000e+01   6.4246375e+05   2.0863739e+05
   3.3100000e+01   5.1225706e+05   1.3559005e+05
   3.3200000e+01   3.8457725e+05   7.0700188e+04
   3.3300000e+01   2.4319195e+05   1.7796875e+03
   3.3400000e+01   6.9730859e+04  -7.2128062e+04
   3.3500000e+01  -1.2924939e+05  -1.3455827e+05
   3.3600000e+01  -3.2065575e+05  -1.6544716e+05
   3.3700000e+01  -4.6872794e+05  -1.6069803e+05
   3.3800000e+01  -5.5961662e+05  -1.3866472e+05
   3.3900000e+01  -6.0416200e+05  -1.2780884e+05
   3.4000000e+01  -6.2068975e+05  -1.4662581e+05
   3.4100000e+01  -6.1838312e+05  -1.9292666e+05
   3.4200000e+01  -5.9605888e+05  -2.5021495e+05
   3.4300000e+01  -5.5133344e+05  -3.0301206e+05
   3.4400000e+01  -4.8612938e+05  -3.4589231e+05
   3.4500000e+01  -4.0438831e+05  -3.7982650e+05
   3.4600000e+01  -3.1001334e+05  -4.0406131e+05
   3.4700000e+01  -2.1045569e+05  -4.1515338e+05
   3.4800000e+01  -1.1960622e+05  -4.1365712e+05
   3.4900000e+01  -5.1715570e+04  -4.0819500e+05
   3.5000000e+01  -1.0443188e+04  -4.0989969e+05
   3.5100000e+01   1.3280734e+04  -4.2239731e+05
   3.5200000e+01   2.9471141e+04  -4.3751450e+05
   3.5300000e+01   3.6444250e+04  -4.3943734e+05
   3.5400000e+01   2.4588906e+04  -4.1134494e+05
   3.5500000e+01  -4.6779766e+03  -3.3973722e+05
   3.5600000e+01  -2.7568465e+04  -2.1897784e+05
   3.5700000e+01  -1.3955836e+04  -5.9412797e+04
   3.5800000e+01   3.9547359e+04   1.0671070e+05
   3.5900000e+01   9.5976328e+04   2.3440669e+05
   3.6000000e+01   1.0851359e+05   2.9404738e+05
   3.6100000e+01   7.3475469e+04   3.0005503e+05
   3.6200000e+01   5.0350438e+04   3.0969106e+05
   3.6300000e+01   1.1628034e+05   3.8060300e+05
   3.6400000e+01   2.8870838e+05   5.1665294e+05
   3.6500000e+01   4.9195206e+05   6.5323662e+05
   3.6600000e+01   6.0896169e+05   7.0438362e+05
   3.6700000e+01   5.7635844e+05   6.3478481e+05
   3.6800000e+01   4.3489372e+05   4.9072138e+05
   3.6900000e+01   2.8955597e+05   3.6014738e+05
   3.7000000e+01   2.2054862e+05   2.9983294e+05
   3.7100000e+01   2.2810898e+05   2.9668375e+05
   3.7200000e+01   2.5254712e+05   2.9268675e+05
   3.7300000e+01   2.3667566e+05   2.4142528e+05
   3.7400000e+01   1.6782841e+05   1.4190169e+05
   3.7500000e+01   7.1003758e+04   2.7251594e+04
   3.7600000e+01  -2.3944625e+04  -6.9336570e+04
   3.7700000e+01  -1.0316712e+05  -1.3627078e+05
   3.7800000e+01  -1.6565041e+05  -1.7974466e+05
   3.7900000e+01  -2.1272466e+05  -2.0814069e+05
   3.8000000e+01  -2.4729152e+05  -2.2365534e+05
   3.8100000e+01  -2.7889253e+05  -2.2593081e+05
   3.8200000e+01  -3.1943422e+05  -2.1832625e+05
   3.8300000e+01  -3.6805200e+05  -2.0750577e+05
   3.8400000e+01  -4.0365903e+05  -1.9772278e+05
   3.8500000e+01  -4.0088344e+05  -1.8835550e+05
   3.8600000e+01  -3.5773988e+05  -1.7858739e+05
   3.8700000e+01  -3.0397019e+05  -1.7316000e+05
   3.8800000e+01  -2.7573603e+05  -1.8095223e+05
   3.8900000e+01  -2.8048275e+05  -2.0696881e+05
   3.9000000e+01  -2.9037800e+05  -2.4703302e+05
   3.9100000e+01  -2.7304672e+05  -2.9168406e+05
   3.9200000e+01  -2.2674009e+05  -3.3470638e+05
   3.9300000e+01  -1.8209884e+05  -3.7620681e+05
   3.9400000e+01  -1.7006858e+05  -4.1693003e+05
   3.9500000e+01  -1.9155788e+05  -4.5105725e+05
   3.9600000e+01  -2.1915322e+05  -4.6647606e+05
   3.9700000e+01  -2.2444969e+05  -4.5276700e+05
   3.9800000e+01  -1.9985603e+05  -4.0822094e+05
   3.9900000e+01  -1.5565384e+05  -3.3830019e+05
   4.0000000e+01  -1.0293247e+05  -2.4826194e+05
   4.0100000e+01  -4.5670250e+04  -1.4055078e+05
   4.0200000e+01   1.0866547e+04  -2.2082438e+04
   4.0300000e+01   5.1860719e+04   8.8751391e+04
   4.0400000e+01   6.3638703e+04   1.7169023e+05
   4.0500000e+01   5.8050266e+04   2.2997514e+05
   4.0600000e+01   8.0755641e+04   3.0419622e+05
   4.0700000e+01   1.8111480e+05   4.4671606e+05
   4.0800000e+01   3.6161784e+05   6.6746012e+05
   4.0900000e+01   5.5693188e+05   9.0308525e+05
   4.1000000e+01   6.7404244e+05   1.0517834e+06
   4.1100000e+01   6.6517506e+05   1.0528089e+06
   4.1200000e+01   5.6621850e+05   9.3777219e+05
   4.1300000e+01   4.6282388e+05   8.0206556e+05
   4.1400000e+01   4.1740503e+05   7.2255338e+05
   4.1500000e+01   4.2680203e+05   6.9945662e+05
   4.1600000e+01   4.4389481e+05   6.7180800e+05
   4.1700000e+01   4.3028706e+05   5.8146738e+05
   4.1800000e+01   3.8380481e+05   4.2045812e+05
   4.1900000e+01   3.2228206e+05   2.2495472e+05
   4.2000000e+01   2.5404661e+05   3.5877711e+04
   4.2100000e+01   1.7189844e+05  -1.2983581e+05
   4.2200000e+01   7.2484781e+04  -2.7631969e+05
   4.2300000e+01  -2.7765172e+04  -4.0869334e+05
   4.2400000e+01  -1.0231784e+05  -5.2110897e+05
   4.2500000e+01  -1.3996206e+05  -6.0188588e+05
   4.2600000e+01  -1.5660631e+05  -6.4519700e+05
   4.2700000e+01  -1.7842094e+05  -6.5574506e+05
   4.2800000e+01  -2.1346208e+05  -6.4407056e+05
   4.2900000e+01  -2.4331334e+05  -6.1995856e+05
   4.3000000e+01  -2.4556069e+05  -5.9014156e+05
   4.3100000e+01  -2.2315978e+05  -5.5903888e+05
   4.3200000e+01  -2.0694858e+05  -5.2847381e+05
   4.3300000e+01  -2.2605478e+05  -4.9674706e+05
   4.3400000e+01  -2.7728169e+05  -4.6105944e+05
   4.3500000e+01  -3.2707969e+05  -4.2338819e+05
   4.3600000e+01  -3.4440434e+05  -3.9330388e+05
   4.3700000e+01  -3.2939397e+05  -3.8207422e+05
   4.3800000e+01  -3.0881350e+05  -3.9188491e+05
   4.3900000e+01  -3.0628431e+05  -4.1118316e+05
   4.4000000e+01  -3.2060544e+05  -4.2229550e+05
   4.4100000e+01  -3.3248172e+05  -4.1472459e+05
   4.4200000e+01  -3.2716456e+05  -3.9080912e+05
   4.4300000e+01  -3.0627741e+05  -3.5780119e+05
   4.4400000e+01  -2.7950006e+05  -3.1501462e+05
   4.4500000e+01  -2.5147284e+05  -2.5122003e+05
   4.4600000e+01  -2.2126200e+05  -1.5736883e+05
   4.4700000e+01  -1.9115294e+05  -4.1458758e+04
   4.4800000e+01  -1.6694194e+05   7.4142273e+04
   4.4900000e+01  -1.4400166e+05   1.7586609e+05
   4.5000000e+01  -9.7684328e+04   2.7951522e+05
   4.5100000e+01   6.6312500e+02   4.2016431e+05
   4.5200000e+01   1.4959178e+05   6.1247838e+05
   4.5300000e+01   3.0152506e+05   8.1916144e+05
   4.5400000e+01   3.9091425e+05   9.6614469e+05
   4.5500000e+01   3.8773588e+05   9.9923962e+05
   4.5600000e+01   3.2586150e+05   9.3142800e+05
   4.5700000e+01   2.7604562e+05   8.3385200e+05
   4.5800000e+01   2.8710294e+05   7.7671738e+05
   4.5900000e+01   3.4956688e+05   7.7426388e+05
   4.6000000e+01   4.1209316e+05   7.8161300e+05
   4.6100000e+01   4.2948425e+05   7.4005288e+05
   4.6200000e+01   3.9573225e+05   6.2530731e+05
   4.6300000e+01   3.3711700e+05   4.5908694e+05
   4.6400000e+01   2.8112644e+05   2.8402097e+05
   4.6500000e+01   2.3506831e+05   1.3230336e+05
   4.6600000e+01   1.9106020e+05   1.3828645e+04
   4.6700000e+01   1.4467266e+05  -7.6163398e+04
   4.6800000e+01   1.0344635e+05  -1.4639412e+05
   4.6900000e+01   7.6828977e+04  -2.0627928e+05
   4.7000000e+01   6.1585000e+04  -2.6586903e+05
   4.7100000e+01   4.1636047e+04  -3.3145250e+05
   4.7200000e+01   4.0293594e+03  -3.9929331e+05
   4.7300000e+01  -4.6647422e+04  -4.5695575e+05
   4.7400000e+01  -9.2131891e+04  -4.9401822e+05
   4.7500000e+01  -1.1887202e+05  -5.1107750e+05
   4.7600000e+01  -1.3079492e+05  -5.1617462e+05
   4.7700000e+01  -1.4315267e+05  -5.1291119e+05
   4.7800000e+01  -1.6599744e+05  -4.9560681e+05
   4.7900000e+01  -1.9682683e+05  -4.5860931e+05
   4.8000000e+01  -2.2938183e+05  -4.0866522e+05
   4.8100000e+01  -2.6526606e+05  -3.6394844e+05
   4.8200000e+01  -3.1206831e+05  -3.3818500e+05
   4.8300000e+01  -3.6963834e+05  -3.2600447e+05
   4.8400000e+01  -4.2251944e+05  -3.0570616e+05
   4.8500000e+01  -4.5019206e+05  -2.5816017e+05
   4.8600000e+01  -4.4479053e+05  -1.8439403e+05
   4.8700000e+01  -4.1572603e+05  -1.0565769e+05
   4.8800000e+01  -3.7595781e+05  -4.6365547e+04
   4.8900000e+01  -3.2727328e+05  -1.5974516e+04
   4.9000000e+01  -2.6321231e+05  -5.8372344e+03
   4.9100000e+01  -1.8536203e+05  -1.5411367e+03
   4.9200000e+01  -1.0989822e+05   4.2260664e+03
   4.9300000e+01  -5.1555645e+04   1.2109436e+04
   4.9400000e+01  -1.4272266e+03   2.6522902e+04
   4.9500000e+01   7.2204664e+04   5.9380770e+04
   4.9600000e+01   1.9295808e+05   1.1806452e+05
   4.9700000e+01   3.4351103e+05   1.8987914e+05
   4.9800000e+01   4.6767831e+05   2.4401609e+05
   4.9900000e+01   5.1311384e+05   2.5483417e+05
   5.0000000e+01   4.7845169e+05   2.2522766e+05
   5.0100000e+01   4.1905206e+05   1.8562414e+05
   5.0200000e+01   4.0124606e+05   1.6798288e+05
   5.0300000e+01   4.4409994e+05   1.7908630e+05
   5.0400000e+01   5.0226744e+05   1.9691892e+05
   5.0500000e+01   5.0668775e+05   1.9073816e+05
   5.0600000e+01   4.2557928e+05   1.4532517e+05
   5.0700000e+01   2.8972003e+05   7.0804547e+04
   5.0800000e+01   1.6199362e+05  -5.1039766e+03
   5.0900000e+01   8.4530070e+04  -5.3234812e+04
   5.1000000e+01   5.3271000e+04  -5.7233688e+04
   5.1100000e+01   3.6191520e+04  -2.0345441e+04
   5.1200000e+01   7.7416816e+03   3.7018746e+04
   5.1300000e+01  -3.5794070e+04   8.7991750e+04
   5.1400000e+01  -8.6240336e+04   1.1352028e+05
   5.1500000e+01  -1.3769184e+05   1.1213436e+05
   5.1600000e+01  -1.8735920e+05   9.8417578e+04
   5.1700000e+01  -2.2826088e+05   9.0354297e+04
   5.1800000e+01  -2.4935755e+05   9.4178359e+04
   5.1900000e+01  -2.4629934e+05   9.8663844e+04
   5.2000000e+01  -2.2975098e+05   8.4887719e+04
   5.2100000e+01  -2.1940266e+05   4.4704234e+04
   5.2200000e+01  -2.2809100e+05  -8.7099531e+03
   5.2300000e+01  -2.5203669e+05  -5.0699781e+04
   5.2400000e+01  -2.7690031e+05  -6.9178438e+04
   5.2500000e+01  -2.9250294e+05  -7.9816914e+04
   5.2600000e+01  -3.0018825e+05  -1.1399079e+05
   5.2700000e+01  -3.0562638e+05  -1.8739723e+05
   5.2800000e+01  -3.0683991e+05  -2.7955644e+05
   5.2900000e+01  -2.9318694e+05  -3.4666819e+05
   5.3000000e+01  -2.5821092e+05  -3.5744256e+05
   5.3100000e+01  -2.1162938e+05  -3.1783216e+05
   5.3200000e+01  -1.7450380e+05  -2.6202784e+05
   5.3300000e+01  -1.5997841e+05  -2.2103716e+05
   5.3400000e+01  -1.5932211e+05  -1.9993109e+05
   5.3500000e+01  -1.4842658e+05  -1.8156353e+05
   5.3600000e+01  -1.0777289e+05  -1.4633178e+05
   5.3700000e+01  -3.4730438e+04  -8.5496734e+04
   5.3800000e+01   6.2474234e+04   1.0680713e+03
   5.3900000e+01   1.7723030e+05   1.1196859e+05
   5.4000000e+01   3.0450100e+05   2.4203728e+05
   5.4100000e+01   4.2763512e+05   3.7214481e+05
   5.4200000e+01   5.1361594e+05   4.6822266e+05
   5.4300000e+01   5.3436894e+05   5.0182125e+05
   5.4400000e+01   4.9986141e+05   4.7949256e+05
   5.4500000e+01   4.6421481e+05   4.4907812e+05
   5.4600000e+01   4.8458291e+05   4.6513469e+05
   5.4700000e+01   5.6361550e+05   5.3749950e+05
   5.4800000e+01   6.3455844e+05   6.1320819e+05
   5.4900000e+01   6.1326838e+05   6.1646094e+05
   5.5000000e+01   4.7274062e+05   5.1334134e+05
   5.5100000e+01   2.6781028e+05   3.3967669e+05
   5.5200000e+01   8.5926391e+04   1.6654241e+05
   5.5300000e+01  -2.5497469e+04   4.0684938e+04
   5.5400000e+01  -8.4753188e+04  -4.2297102e+04
   5.5500000e+01  -1.3804062e+05  -1.1485951e+05
   5.5600000e+01  -2.0653616e+05  -1.9869477e+05
   5.5700000e+01  -2.7300984e+05  -2.9039559e+05
   5.5800000e+01  -3.1199531e+05  -3.7554388e+05
   5.5900000e+01  -3.2193569e+05  -4.4545206e+05
   5.6000000e+01  -3.2413200e+05  -4.9784575e+05
   5.6100000e+01  -3.3566981e+05  -5.2814762e+05
   5.6200000e+01  -3.5078766e+05  -5.2763625e+05
   5.6300000e+01  -3.5101078e+05  -4.9200769e+05
   5.6400000e+01  -3.2996900e+05  -4.2950409e+05
   5.6500000e+01  -3.0336156e+05  -3.5852272e+05
   5.6600000e+01  -2.9279638e+05  -2.9624706e+05
   5.6700000e+01  -3.0218478e+05  -2.4841120e+05
   5.6800000e+01  -3.1372922e+05  -2.0882328e+05
   5.6900000e+01  -3.0833931e+05  -1.6859630e+05
   5.7000000e+01  -2.8753066e+05  -1.2653570e+05
   5.7100000e+01  -2.7201188e+05  -9.0944859e+04
   5.7200000e+01  -2.7854700e+05  -7.1386406e+04
   5.7300000e+01  -3.0108281e+05  -6.9567969e+04
   5.7400000e+01  -3.1673838e+05  -7.9655359e+04
   5.7500000e+01  -3.0902200e+05  -9.7217078e+04
   5.7600000e+01  -2.8229284e+05  -1.2510389e+05
   5.7700000e+01  -2.5275998e+05  -1.6792014e+05
   5.7800000e+01  -2.2759164e+05  -2.2130856e+05
   5.7900000e+01  -1.9534609e+05  -2.6983009e+05
   5.8000000e+01  -1.3700778e+05  -2.9717966e+05
   5.8100000e+01  -4.4650703e+04  -2.9680072e+05
   5.8200000e+01   7.1692703e+04  -2.7027316e+05
   5.8300000e+01   1.9357797e+05  -2.1750884e+05
   5.8400000e+01   3.0641950e+05  -1.3542708e+05
   5.8500000e+01   4.0045531e+05  -3.1113148e+04
   5.8600000e+01   4.6465516e+05   6.8402031e+04
   5.8700000e+01   4.9091269e+05   1.3245292e+05
   5.8800000e+01   4.9238422e+05   1.6296838e+05
   5.8900000e+01   5.1226644e+05   2.1083762e+05
   5.9000000e+01   5.9660350e+05   3.4012869e+05
   5.9100000e+01   7.4311694e+05   5.6118631e+05
   5.9200000e+01   8.7854644e+05   7.9816962e+05
   5.9300000e+01   9.0326919e+05   9.3477269e+05
   5.9400000e+01   7.7457962e+05   9.0582400e+05
   5.9500000e+01   5.5018162e+05   7.5106350e+05
   5.9600000e+01   3.4439844e+05   5.7992188e+05
   5.9700000e+01   2.3550911e+05   4.8140812e+05
   5.9800000e+01   2.1127838e+05   4.6227278e+05
   5.9900000e+01   1.9835477e+05   4.6201222e+05
   6.0000000e+01   1.3710556e+05   4.1770956e+05
   6.0100000e+01   2.6939914e+04   3.1376656e+05
   6.0200000e+01  -9.0913320e+04   1.8005198e+05
   6.0300000e+01  -1.8066272e+05   5.5996766e+04
   6.0400000e+01  -2.3731253e+05  -3.8130594e+04
   6.0500000e+01  -2.7413144e+05  -1.0193177e+05
   6.0600000e+01  -2.9847953e+05  -1.4026795e+05
   6.0700000e+01  -3.0616128e+05  -1.5675397e+05
   6.0800000e+01  -2.9512212e+05  -1.6094088e+05
   6.0900000e+01  -2.7595469e+05  -1.7327262e+05
   6.1000000e+01  -2.6454122e+05  -2.1327703e+05
   6.1100000e+01  -2.6710078e+05  -2.7928497e+05
   6.1200000e+01  -2.7755256e+05  -3.4374934e+05
   6.1300000e+01  -2.9041641e+05  -3.7475872e+05
   6.1400000e+01  -3.1178288e+05  -3.6477091e+05
   6.1500000e+01  -3.5304200e+05  -3.3713409e+05
   6.1600000e+01  -4.1437250e+05  -3.2373925e+05
   6.1700000e+01  -4.7876131e+05  -3.3739566e+05
   6.1800000e+01  -5.2486056e+05  -3.6575738e+05
   6.1900000e+01  -5.4429206e+05  -3.8834388e+05
   6.2000000e+01  -5.4449381e+05  -3.9522484e+05
   6.2100000e+01  -5.3618962e+05  -3.8937678e+05
   6.2200000e+01  -5.2143988e+05  -3.7584812e+05
   6.2300000e+01  -4.9431572e+05  -3.5362438e+05
   6.2400000e+01  -4.4938591e+05  -3.1868722e+05
   6.2500000e+01  -3.8552588e+05  -2.7142544e+05
   6.2600000e+01  -3.0166719e+05  -2.1706188e+05
   6.2700000e+01  -1.9333533e+05  -1.5839917e+05
   6.2800000e+01  -5.8471680e+04  -9.2069852e+04
   6.2900000e+01   9.1489078e+04  -1.6189264e+04
   6.3000000e+01   2.2948558e+05   5.9637570e+04
   6.3100000e+01   3.2876072e+05   1.1977288e+05
   6.3200000e+01   3.8740462e+05   1.6475242e+05
   6.3300000e+01   4.3721381e+05   2.2464948e+05
   6.3400000e+01   5.2030197e+05   3.3740744e+05
   6.3500000e+01   6.4680250e+05   5.0324403e+05
   6.3600000e+01   7.7223675e+05   6.6269719e+05
   6.3700000e+01   8.2318506e+05   7.3233562e+05
   6.3800000e+01   7.5641544e+05   6.7341919e+05
   6.3900000e+01   6.0014500e+05   5.2800881e+05
   6.4000000e+01   4.3704350e+05   3.8427672e+05
   6.4100000e+01   3.4099947e+05   3.0261259e+05
   6.4200000e+01   3.2281016e+05   2.7196500e+05
   6.4300000e+01   3.3066997e+05   2.3287475e+05
   6.4400000e+01   2.9984541e+05   1.3817373e+05
   6.4500000e+01   2.0405661e+05  -7.5770156e+03
   6.4600000e+01   6.7153648e+04  -1.5953772e+05
   6.4700000e+01  -6.4615484e+04  -2.7392647e+05
   6.4800000e+01  -1.5689078e+05  -3.3736297e+05
   6.4900000e+01  -2.0008269e+05  -3.6371991e+05
   6.5000000e+01  -2.0141798e+05  -3.7201775e+05
   6.5100000e+01  -1.7446272e+05  -3.7106584e+05
   6.5200000e+01  -1.3643967e+05  -3.6120181e+05
   6.5300000e+01  -1.0703447e+05  -3.4310428e+05
   6.5400000e+01  -1.0066045e+05  -3.2047875e+05
   6.5500000e+01  -1.1732955e+05  -2.9598656e+05
   6.5600000e+01  -1.4435619e+05  -2.6898072e+05
   6.5700000e+01  -1.6997295e+05  -2.3849719e+05
   6.5800000e+01  -1.9442406e+05  -2.0546783e+05
   6.5900000e+01  -2.2569934e+05  -1.6936939e+05
   6.6000000e+01  -2.6547234e+05  -1.2474147e+05
   6.6100000e+01  -3.0316319e+05  -6.6093953e+04
   6.6200000e+01  -3.2635188e+05   1.1298125e+03
   6.6300000e+01  -3.3561881e+05   5.6949359e+04
   6.6400000e+01  -3.4580775e+05   7.8888453e+04
   6.6500000e+01  -3.7078019e+05   6.0430078e+04
   6.6600000e+01  -4.0709612e+05   1.7493844e+04
   6.6700000e+01  -4.3335550e+05  -2.4180578e+04
   6.6800000e+01  -4.2596816e+05  -4.8157000e+04
   6.6900000e+01  -3.7648600e+05  -5.4296984e+04
   6.7000000e+01  -2.9541144e+05  -4.9205688e+04
   6.7100000e+01  -2.0117866e+05  -3.3932016e+04
   6.7200000e+01  -1.0651859e+05  -4.4151875e+03
   6.7300000e+01  -1.4822645e+04   3.6571605e+04
   6.7400000e+01   7.3307383e+04   7.3102266e+04
   6.7500000e+01   1.5483562e+05   8.8120562e+04
   6.7600000e+01   2.2912873e+05   8.4733875e+04
   6.7700000e+01   3.0636925e+05   9.2496953e+04
   6.7800000e+01   4.0390147e+05   1.4530344e+05
   6.7900000e+01   5.2631450e+05   2.4652892e+05
   6.8000000e+01   6.4734550e+05   3.5473612e+05
   6.8100000e+01   7.1778425e+05   4.0889747e+05
   6.8200000e+01   7.0077662e+05   3.7654056e+05
   6.8300000e+01   6.0520638e+05   2.8442147e+05
   6.8400000e+01   4.8381612e+05   2.0276898e+05
   6.8500000e+01   3.9395972e+05   1.9262388e+05
   6.8600000e+01   3.5505381e+05   2.5838461e+05
   6.8700000e+01   3.4017062e+05   3.4523831e+05
   6.8800000e+01   3.0604756e+05   3.8401875e+05
   6.8900000e+01   2.3062350e+05   3.4549406e+05
   6.9000000e+01   1.2511961e+05   2.5851962e+05
   6.9100000e+01   1.7141852e+04   1.7956823e+05
   6.9200000e+01  -7.1604047e+04   1.4429847e+05
   6.9300000e+01  -1.3187578e+05   1.4437692e+05
   6.9400000e+01  -1.6044228e+05   1.4469909e+05
   6.9500000e+01  -1.5755830e+05   1.1796297e+05
   6.9600000e+01  -1.3419762e+05   6.3017148e+04
   6.9700000e+01  -1.1559738e+05  -3.9203281e+03
   6.9800000e+01  -1.2759884e+05  -6.8599641e+04
   6.9900000e+01  -1.7386730e+05  -1.2759661e+05
   7.0000000e+01  -2.2861883e+05  -1.8280064e+05
   7.0100000e+01  -2.5761598e+05  -2.3330800e+05
   7.0200000e+01  -2.4997080e+05  -2.7500397e+05
   7.0300000e+01  -2.2878542e+05  -3.0597875e+05
   7.0400000e+01  -2.2865750e+05  -3.2942175e+05
   7.0500000e+01  -2.6266791e+05  -3.5073381e+05
   7.0600000e+01  -3.1281225e+05  -3.7355106e+05
   7.0700000e+01  -3.5255469e+05  -3.9968956e+05
   7.0800000e+01  -3.7546809e+05  -4.3129825e+05
   7.0900000e+01  -3.9816231e+05  -4.6961306e+05
   7.1000000e+01  -4.3543978e+05  -5.0960638e+05
   7.1100000e+01  -4.7740422e+05  -5.3740612e+05
   7.1200000e+01  -4.9591550e+05  -5.3679175e+05
   7.1300000e+01  -4.7389238e+05  -5.0118506e+05
   7.1400000e+01  -4.2442781e+05  -4.3975231e+05
   7.1500000e+01  -3.7799412e+05  -3.7084469e+05
   7.1600000e+01  -3.5188000e+05  -3.0871331e+05
   7.1700000e+01  -3.3503044e+05  -2.5577866e+05
   7.1800000e+01  -3.0258822e+05  -2.0571512e+05
   7.1900000e+01  -2.4077534e+05  -1.5100141e+05
   7.2000000e+01  -1.5355731e+05  -8.5872438e+04
   7.2100000e+01  -4.7231992e+04  -3.9115679e+03
   7.2200000e+01   8.2904141e+04   1.0202119e+05
   7.2300000e+01   2.4252675e+05   2.3196986e+05
   7.2400000e+01   4.1488853e+05   3.6892169e+05
   7.2500000e+01   5.5643438e+05   4.8037525e+05
   7.2600000e+01   6.2748406e+05   5.3815631e+05
   7.2700000e+01   6.3296312e+05   5.4394825e+05
   7.2800000e+01   6.2829094e+05   5.3502631e+05
   7.2900000e+01   6.7460600e+05   5.5665594e+05
   7.3000000e+01   7.8014300e+05   6.1993838e+05
   7.3100000e+01   8.8485912e+05   6.8499581e+05
   7.3200000e+01   9.0730419e+05   6.9112525e+05
   7.3300000e+01   8.1227225e+05   6.0980206e+05
   7.3400000e+01   6.3725662e+05   4.7042016e+05
   7.3500000e+01   4.5661153e+05   3.3386094e+05
   7.3600000e+01   3.2151575e+05   2.4099981e+05
   7.3700000e+01   2.3121103e+05   1.8613447e+05
   7.3800000e+01   1.5353458e+05   1.3564412e+05
   7.3900000e+01   6.4410477e+04   6.5475105e+04
   7.4000000e+01  -3.4132602e+04  -2.1731168e+04
   7.4100000e+01  -1.2676788e+05  -1.0983647e+05
   7.4200000e+01  -2.0505156e+05  -1.8976812e+05
   7.4300000e+01  -2.7100912e+05  -2.6316788e+05
   7.4400000e+01  -3.2560094e+05  -3.2968522e+05
   7.4500000e+01  -3.6167872e+05  -3.7730866e+05
   7.4600000e+01  -3.7218144e+05  -3.8897056e+05
   7.4700000e+01  -3.6259978e+05  -3.5863512e+05
   7.4800000e+01  -3.5016162e+05  -2.9956547e+05
   7.4900000e+01  -3.4850153e+05  -2.3616241e+05
   7.5000000e+01  -3.5506638e+05  -1.8756250e+05
   7.5100000e+01  -3.5604569e+05  -1.5818980e+05
   7.5200000e+01  -3.4300309e+05  -1.4166936e+05
   7.5300000e+01  -3.2179241e+05  -1.3090722e+05
   7.5400000e+01  -3.0426197e+05  -1.2361850e+05
   7.5500000e+01  -2.9420875e+05  -1.2096190e+05
   7.5600000e+01  -2.8525744e+05  -1.2498590e+05
   7.5700000e+01  -2.7261541e+05  -1.3859728e+05
   7.5800000e+01  -2.6289809e+05  -1.6496900e+05
   7.5900000e+01  -2.6842175e+05  -2.0321967e+05
   7.6000000e+01  -2.9169888e+05  -2.4428359e+05
   7.6100000e+01  -3.1867756e+05  -2.7386359e+05
   7.6200000e+01  -3.2988194e+05  -2.8202866e+05
   7.6300000e+01  -3.1774872e+05  -2.6996647e+05
   7.6400000e+01  -2.9041944e+05  -2.4576841e+05
   7.6500000e+01  -2.5714411e+05  -2.1275000e+05
   7.6600000e+01  -2.1248989e+05  -1.6324100e+05
   7.6700000e+01  -1.4035281e+05  -8.7081422e+04
   7.6800000e+01  -3.6979750e+04   1.1199922e+04
   7.6900000e+01   7.3459312e+04   1.0568984e+05
   7.7000000e+01   1.5554156e+05   1.6724539e+05
   7.7100000e+01   2.0187244e+05   1.9589756e+05
   7.7200000e+01   2.5243752e+05   2.3341984e+05
   7.7300000e+01   3.6247000e+05   3.3114966e+05
   7.7400000e+01   5.4092600e+05   4.9308662e+05
   7.7500000e+01   7.2252931e+05   6.5161175e+05
   7.7600000e+01   8.1170956e+05   7.1262888e+05
   7.7700000e+01   7.6362506e+05   6.3692450e+05
   7.7800000e+01   6.2394675e+05   4.7850603e+05
   7.7900000e+01   4.8745862e+05   3.3758088e+05
   7.8000000e+01   4.1717947e+05   2.7309694e+05
   7.8100000e+01   4.0199544e+05   2.6168777e+05
   7.8200000e+01   3.8520503e+05   2.3834727e+05
   7.8300000e+01   3.2415156e+05   1.6767778e+05
   7.8400000e+01   2.2045197e+05   6.9799203e+04
   7.8500000e+01   1.0323719e+05  -1.6199846e+04
   7.8600000e+01  -2.9993438e+03  -7.9361859e+04
   7.8700000e+01  -9.0573805e+04  -1.4038569e+05
   7.8800000e+01  -1.5853831e+05  -2.1541938e+05
   7.8900000e+01  -2.0274884e+05  -2.8912547e+05
   7.9000000e+01  -2.2051300e+05  -3.2920169e+05
   7.9100000e+01  -2.2106930e+05  -3.2250009e+05
   7.9200000e+01  -2.2453598e+05  -2.8902825e+05
   7.9300000e+01  -2.4592295e+05  -2.5904747e+05
   7.9400000e+01  -2.7967197e+05  -2.4227691e+05
   7.9500000e+01  -3.0249541e+05  -2.2504767e+05
   7.9600000e+01  -2.9455856e+05  -1.9572236e+05
   7.9700000e+01  -2.5921245e+05  -1.6511666e+05
   7.9800000e+01  -2.2122767e+05  -1.5665653e+05
   7.9900000e+01  -2.0485455e+05  -1.7892272e+05
   8.0000000e+01  -2.1379736e+05  -2.1421708e+05
   8.0100000e+01  -2.3225059e+05  -2.3654047e+05
   8.0200000e+01  -2.4287059e+05  -2.3732241e+05
   8.0300000e+01  -2.4086498e+05  -2.2980981e+05
   8.0400000e+01  -2.3157842e+05  -2.2966020e+05
   8.0500000e+01  -2.1982217e+05  -2.3589070e+05
   8.0600000e+01  -2.0635442e+05  -2.3260123e+05
   8.0700000e+01  -1.9333108e+05  -2.0609192e+05
   8.0800000e+01  -1.8625639e+05  -1.5623831e+05
   8.0900000e+01  -1.8516359e+05  -9.1386203e+04
   8.1000000e+01  -1.7605739e+05  -1.7074656e+04
   8.1100000e+01  -1.3936817e+05   6.4957449e+04
   8.1200000e+01  -7.3130078e+04   1.4625034e+05
   8.1300000e+01  -4.8628438e+03   2.0647114e+05
   8.1400000e+01   3.0174484e+04   2.2834181e+05
   8.1500000e+01   3.0940625e+04   2.2307875e+05
   8.1600000e+01   4.7842266e+04   2.3609245e+05
   8.1700000e+01   1.4479284e+05   3.1430794e+05
   8.1800000e+01   3.3177625e+05   4.5670634e+05
   8.1900000e+01   5.3444788e+05   5.9730162e+05
   8.2000000e+01   6.4143688e+05   6.4749300e+05
   8.2100000e+01   5.9468825e+05   5.6706506e+05
   8.2200000e+01   4.4010747e+05   3.9935022e+05
   8.2300000e+01   2.8944825e+05   2.3648147e+05
   8.2400000e+01   2.2851328e+05   1.4707255e+05
   8.2500000e+01   2.5545930e+05   1.3216800e+05
   8.2600000e+01   2.9890825e+05   1.4262047e+05
   8.2700000e+01   2.8838384e+05   1.3040312e+05
   8.2800000e+01   2.0830489e+05   8.1728523e+04
   8.2900000e+01   9.4911406e+04   9.9986055e+03
   8.3000000e+01  -5.8780117e+03  -6.9216914e+04
   8.3100000e+01  -7.3230938e+04  -1.4890202e+05
   8.3200000e+01  -1.1306659e+05  -2.2167948e+05
   8.3300000e+01  -1.3869197e+05  -2.7218081e+05
   8.3400000e+01  -1.5689091e+05  -2.8686656e+05
   8.3500000e+01  -1.6973461e+05  -2.7137006e+05
   8.3600000e+01  -1.8112056e+05  -2.5192366e+05
   8.3700000e+01  -1.9542794e+05  -2.5367489e+05
   8.3800000e+01  -2.1088538e+05  -2.7612212e+05
   8.3900000e+01  -2.1969650e+05  -2.9223609e+05
   8.4000000e+01  -2.1793675e+05  -2.7427931e+05
   8.4100000e+01  -2.1324922e+05  -2.2106423e+05
   8.4200000e+01  -2.1842402e+05  -1.5961911e+05
   8.4300000e+01  -2.3592391e+05  -1.2099543e+05
   8.4400000e+01  -2.5163478e+05  -1.1575084e+05
   8.4500000e+01  -2.4779931e+05  -1.3195541e+05
   8.4600000e+01  -2.2319648e+05  -1.5262234e+05
   8.4700000e+01  -1.9830661e+05  -1.7060559e+05
   8.4800000e+01  -1.9741047e+05  -1.8674206e+05
   8.4900000e+01  -2.2393956e+05  -1.9897528e+05
   8.5000000e+01  -2.5390234e+05  -1.9932328e+05
   8.5100000e+01  -2.5514797e+05  -1.8268062e+05
   8.5200000e+01  -2.1439689e+05  -1.5445300e+05
   8.5300000e+01  -1.4589506e+05  -1.2477889e+05
   8.5400000e+01  -7.4483055e+04  -9.4876297e+04
   8.5500000e+01  -1.2690805e+04  -5.3395086e+04
   8.5600000e+01   4.3323406e+04   9.6801113e+03
   8.5700000e+01   9.7823438e+04   8.6839094e+04
   8.5800000e+01   1.4391230e+05   1.5689094e+05
   8.5900000e+01   1.7533494e+05   2.0955306e+05
   8.6000000e+01   2.0759889e+05   2.6330731e+05
   8.6100000e+01   2.7488788e+05   3.4991750e+05
   8.6200000e+01   3.9388362e+05   4.7466850e+05
   8.6300000e+01   5.3024062e+05   5.9422312e+05
   8.6400000e+01   6.1205250e+05   6.4275212e+05
   8.6500000e+01   5.8840275e+05   5.8772944e+05
   8.6600000e+01   4.7833262e+05   4.6181497e+05
   8.6700000e+01   3.5865006e+05   3.3746728e+05
   8.6800000e+01   2.9919578e+05   2.6726622e+05
   8.6900000e+01   3.0713250e+05   2.4595502e+05
   8.7000000e+01   3.3084400e+05   2.2617302e+05
   8.7100000e+01   3.1333312e+05   1.6660545e+05
   8.7200000e+01   2.4018530e+05   6.4719281e+04
   8.7300000e+01   1.4093828e+05  -5.0778531e+04
   8.7400000e+01   5.3106461e+04  -1.5026278e+05
   8.7500000e+01  -9.8121523e+03  -2.2218472e+05
   8.7600000e+01  -5.8614207e+04  -2.6747444e+05
   8.7700000e+01  -1.0613125e+05  -2.8556600e+05
   8.7800000e+01  -1.5122208e+05  -2.7321378e+05
   8.7900000e+01  -1.8446556e+05  -2.3621938e+05
   8.8000000e+01  -2.0446984e+05  -1.9524588e+05
   8.8100000e+01  -2.2341562e+05  -1.7329127e+05
   8.8200000e+01  -2.5484639e+05  -1.7586512e+05
   8.8300000e+01  -2.9772312e+05  -1.8645814e+05
   8.8400000e+01  -3.3505778e+05  -1.8444775e+05
   8.8500000e+01  -3.4917481e+05  -1.6718428e+05
   8.8600000e+01  -3.3754894e+05  -1.5225836e+05
   8.8700000e+01  -3.1339578e+05  -1.5742391e+05
   8.8800000e+01  -2.9269700e+05  -1.8057327e+05
   8.8900000e+01  -2.8326231e+05  -2.0225522e+05
   8.9000000e+01  -2.8591472e+05  -2.0801075e+05
   8.9100000e+01  -3.0118066e+05  -2.0535741e+05
   8.9200000e+01  -3.2886406e+05  -2.1577120e+05
   8.9300000e+01  -3.6012391e+05  -2.4957728e+05
   8.9400000e+01  -3.7534066e+05  -2.9083466e+05
   8.9500000e+01  -3.5653162e+05  -3.0895431e+05
   8.9600000e+01  -3.0430331e+05  -2.8539853e+05
   8.9700000e+01  -2.4018600e+05  -2.2849970e+05
   8.9800000e+01  -1.8919988e+05  -1.6322711e+05
   8.9900000e+01  -1.5936494e+05  -1.0911663e+05
   9.0000000e+01  -1.3844934e+05  -6.9080625e+04
   9.0100000e+01  -1.0892556e+05  -3.5874746e+04
   9.0200000e+01  -6.2758551e+04  -2.6227031e+03
   9.0300000e+01  -8.0934766e+02   3.6652398e+04
   9.0400000e+01   7.7671555e+04   9.2681422e+04
   9.0500000e+01   1.7757022e+05   1.7751694e+05
   9.0600000e+01   2.9566522e+05   2.8818181e+05
   9.0700000e+01   4.0807038e+05   3.9481112e+05
   9.0800000e+01   4.7724506e+05   4.5388625e+05
   9.0900000e+01   4.7964769e+05   4.4338575e+05
   9.1000000e+01   4.3097044e+05   3.8914969e+05
   9.1100000e+01   3.8250056e+05   3.5235097e+05
   9.1200000e+01   3.8559906e+05   3.8182272e+05
   9.1300000e+01   4.5100938e+05   4.7116778e+05
   9.1400000e+01   5.3763100e+05   5.6107969e+05
   9.1500000e+01   5.8221725e+05   5.8716538e+05
   9.1600000e+01   5.4646400e+05   5.3023562e+05
   9.1700000e+01   4.4276400e+05   4.2383756e+05
   9.1800000e+01   3.1917762e+05   3.1656506e+05
   9.1900000e+01   2.2020944e+05   2.3040544e+05
   9.2000000e+01   1.5865394e+05   1.5520495e+05
   9.2100000e+01   1.1850608e+05   7.6555164e+04
   9.2200000e+01   7.7756016e+04  -7.6689453e+02
   9.2300000e+01   2.5536836e+04  -6.0680148e+04
   9.2400000e+01  -3.7929180e+04  -1.0097349e+05
   9.2500000e+01  -1.0845852e+05  -1.4100844e+05
   9.2600000e+01  -1.7870445e+05  -2.0017627e+05
   9.2700000e+01  -2.3454855e+05  -2.7240828e+05
   9.2800000e+01  -2.5934303e+05  -3.2802706e+05
   9.2900000e+01  -2.4817692e+05  -3.4268838e+05
   9.3000000e+01  -2.1721216e+05  -3.2210556e+05
   9.3100000e+01  -1.9372700e+05  -2.9646269e+05
   9.3200000e+01  -1.9361967e+05  -2.9220725e+05
   9.3300000e+01  -2.0965117e+05  -3.1171981e+05
   9.3400000e+01  -2.2337828e+05  -3.3915684e+05
   9.3500000e+01  -2.2679320e+05  -3.6084222e+05
   9.3600000e+01  -2.2854644e+05  -3.7595703e+05
   9.3700000e+01  -2.3885131e+05  -3.8910838e+05
   9.3800000e+01  -2.5368395e+05  -3.9829250e+05
   9.3900000e+01  -2.5945775e+05  -3.9405372e+05
   9.4000000e+01  -2.5267045e+05  -3.6933978e+05
   9.4100000e+01  -2.4867377e+05  -3.2705553e+05
   9.4200000e+01  -2.6612462e+05  -2.7734412e+05
   9.4300000e+01  -3.0407100e+05  -2.2950367e+05
   9.4400000e+01  -3.3904547e+05  -1.8730009e+05
   9.4500000e+01  -3.4652894e+05  -1.4928761e+05
   9.4600000e+01  -3.2251084e+05  -1.0964766e+05
   9.4700000e+01  -2.8104659e+05  -5.7727375e+04
   9.4800000e+01  -2.3217298e+05   1.9772809e+04
   9.4900000e+01  -1.6772148e+05   1.3044820e+05
   9.5000000e+01  -7.3656031e+04   2.6542225e+05
   9.5100000e+01   4.3818203e+04   3.9623988e+05
   9.5200000e+01   1.5043795e+05   4.8741803e+05
   9.5300000e+01   2.1070794e+05   5.2109381e+05
   9.5400000e+01   2.2775702e+05   5.1625422e+05
   9.5500000e+01   2.5303794e+05   5.2189800e+05
   9.5600000e+01   3.4534544e+05   5.8072625e+05
   9.5700000e+01   5.1020138e+05   6.8862319e+05
   9.5800000e+01   6.7946906e+05   7.8753275e+05
   9.5900000e+01   7.5969519e+05   8.0539112e+05
   9.6000000e+01   7.1010400e+05   7.1305725e+05
   9.6100000e+01   5.7692150e+05   5.4837025e+05
   9.6200000e+01   4.5076725e+05   3.8573469e+05
   9.6300000e+01   3.8949931e+05   2.7967031e+05
   9.6400000e+01   3.8018838e+05   2.3206225e+05
   9.6500000e+01   3.6914919e+05   2.0611625e+05
   9.6600000e+01   3.1994309e+05   1.6606375e+05
   9.6700000e+01   2.3987002e+05   1.0422296e+05
   9.6800000e+01   1.5874933e+05   3.6863305e+04
   9.6900000e+01   9.4648227e+04  -1.8622656e+04
   9.7000000e+01   4.5355742e+04  -6.0275078e+04
   9.7100000e+01   6.5781719e+03  -9.8845078e+04
   9.7200000e+01  -1.3111031e+04  -1.4293872e+05
   9.7300000e+01  -1.4583594e+03  -1.8871653e+05
   9.7400000e+01   3.6559828e+04  -2.2376434e+05
   9.7500000e+01   7.4866328e+04  -2.3995647e+05
   9.7600000e+01   8.8539750e+04  -2.4218292e+05
   9.7700000e+01   7.8683328e+04  -2.4544422e+05
   9.7800000e+01   6.9868734e+04  -2.6466406e+05
   9.7900000e+01   8.0007859e+04  -3.0680575e+05
   9.8000000e+01   9.5925766e+04  -3.6981344e+05
   9.8100000e+01   8.4289844e+04  -4.4574122e+05
   9.8200000e+01   2.7706953e+04  -5.2422488e+05
   9.8300000e+01  -5.4701625e+04  -5.9549925e+05
   9.8400000e+01  -1.2644724e+05  -6.5321050e+05
   9.8500000e+01  -1.7109262e+05  -6.9555519e+05
   9.8600000e+01  -2.0581616e+05  -7.2324688e+05
   9.8700000e+01  -2.5772906e+05  -7.3593012e+05
   9.8800000e+01  -3.3217044e+05  -7.3091238e+05
   9.8900000e+01  -4.0782756e+05  -7.0602025e+05
   9.9000000e+01  -4.5868716e+05  -6.6373438e+05
   9.9100000e+01  -4.7302547e+05  -6.1127375e+05
   9.9200000e+01  -4.5022503e+05  -5.5451325e+05
   9.9300000e+01  -3.8925906e+05  -4.9129306e+05
   9.9400000e+01  -2.9279572e+05  -4.1398394e+05
   9.9500000e+01  -1.8417353e+05  -3.2297375e+05
   9.9600000e+01  -1.0703409e+05  -2.3605852e+05
   9.9700000e+01  -9.1214312e+04  -1.7575712e+05
   9.9800000e+01  -1.1665248e+05  -1.4278498e+05
   9.9900000e+01  -1.2958753e+05  -1.1285941e+05
   1.0000000e+02  -1.0774147e+05  -7.0100273e+04
