   1.1851270e+02   3.6301420e+01   1.8450000e+02
   1.1858858e+02   3.6300559e+01   2.9240000e+02
   0.0000000e+00   1.0341160e+07   1.0341160e+07
   1.0000000e-01   1.1532640e+07   8.7798830e+06
   2.0000000e-01   1.2246280e+07   7.0051385e+06
   3.0000000e-01   1.2399998e+07   5.2199700e+06
   4.0000000e-01   1.1931867e+07   3.6350842e+06
   5.0000000e-01   1.0826103e+07   2.4216385e+06
   6.0000000e-01   9.1411950e+06   1.6893342e+06
   7.0000000e-01   7.0019865e+06   1.4897325e+06
   8.0000000e-01   4.5544960e+06   1.8234916e+06
   9.0000000e-01   1.9195229e+06   2.6448115e+06
   1.0000000e+00  -8.1897531e+05   3.8734182e+06
   1.1000000e+00  -3.5873380e+06   5.4118705e+06
   1.2000000e+00  -6.2852965e+06   7.1465940e+06
   1.3000000e+00  -8.7723060e+06   8.9258950e+06
   1.4000000e+00  -1.0890983e+07   1.0546058e+07
   1.5000000e+00  -1.2512585e+07   1.1781903e+07
   1.6000000e+00  -1.3573541e+07   1.2452468e+07
   1.7000000e+00  -1.4081042e+07   1.2469344e+07
   1.8000000e+00  -1.4091239e+07   1.1830670e+07
   1.9000000e+00  -1.3681177e+07   1.0578235e+07
   2.0000000e+00  -1.2931790e+07   8.7613280e+06
   2.1000000e+00  -1.1923643e+07   6.4253550e+06
   2.2000000e+00  -1.0737217e+07   3.6142280e+06
   2.3000000e+00  -9.4499760e+06   3.8236981e+05
   2.4000000e+00  -8.1270930e+06  -3.1731372e+06
   2.5000000e+00  -6.8100910e+06  -6.8725495e+06
   2.6000000e+00  -5.5157415e+06  -1.0453874e+07
   2.7000000e+00  -4.2561650e+06  -1.3642736e+07
   2.8000000e+00  -3.0702952e+06  -1.6245468e+07
   2.9000000e+00  -2.0344735e+06  -1.8181016e+07
   3.0000000e+00  -1.2290631e+06  -1.9429066e+07
   3.1000000e+00  -6.8166544e+05  -1.9964974e+07
   3.2000000e+00  -3.3942447e+05  -1.9757030e+07
   3.3000000e+00  -1.0005272e+05  -1.8814856e+07
   3.4000000e+00   1.2613856e+05  -1.7217068e+07
   3.5000000e+00   3.7805575e+05  -1.5087103e+07
   3.6000000e+00   6.5296838e+05  -1.2558275e+07
   3.7000000e+00   9.3878625e+05  -9.7695990e+06
   3.8000000e+00   1.2351718e+06  -6.8756435e+06
   3.9000000e+00   1.5553005e+06  -4.0324700e+06
   4.0000000e+00   1.9196762e+06  -1.3654284e+06
   4.1000000e+00   2.3482825e+06   1.0415957e+06
   4.2000000e+00   2.8498765e+06   3.1252622e+06
   4.3000000e+00   3.4143455e+06   4.8239340e+06
   4.4000000e+00   4.0188060e+06   6.0870215e+06
   4.5000000e+00   4.6429730e+06   6.8967145e+06
   4.6000000e+00   5.2729680e+06   7.2747110e+06
   4.7000000e+00   5.8841300e+06   7.2736985e+06
   4.8000000e+00   6.4235060e+06   6.9687250e+06
   4.9000000e+00   6.8200575e+06   6.4474345e+06
   5.0000000e+00   7.0201760e+06   5.7889805e+06
   5.1000000e+00   7.0144780e+06   5.0425850e+06
   5.2000000e+00   6.8297070e+06   4.2327180e+06
   5.3000000e+00   6.4976200e+06   3.3926725e+06
   5.4000000e+00   6.0341495e+06   2.5899435e+06
   5.5000000e+00   5.4444905e+06   1.9108205e+06
   5.6000000e+00   4.7395520e+06   1.4179690e+06
   5.7000000e+00   3.9426465e+06   1.1253091e+06
   5.8000000e+00   3.0837590e+06   1.0120862e+06
   5.9000000e+00   2.1935108e+06   1.0536304e+06
   6.0000000e+00   1.3039349e+06   1.2337531e+06
   6.1000000e+00   4.5038472e+05   1.5318798e+06
   6.2000000e+00  -3.3289878e+05   1.9080281e+06
   6.3000000e+00  -1.0217342e+06   2.3070715e+06
   6.4000000e+00  -1.6070538e+06   2.6783812e+06
   6.5000000e+00  -2.0912378e+06   2.9901012e+06
   6.6000000e+00  -2.4791725e+06   3.2261600e+06
   6.7000000e+00  -2.7718888e+06   3.3747938e+06
   6.8000000e+00  -2.9682618e+06   3.4246035e+06
   6.9000000e+00  -3.0731745e+06   3.3709578e+06
   7.0000000e+00  -3.1037002e+06   3.2203268e+06
   7.1000000e+00  -3.0851382e+06   2.9831680e+06
   7.2000000e+00  -3.0384162e+06   2.6632982e+06
   7.3000000e+00  -2.9708842e+06   2.2592008e+06
   7.4000000e+00  -2.8804350e+06   1.7784045e+06
   7.5000000e+00  -2.7680968e+06   1.2475681e+06
   7.6000000e+00  -2.6439542e+06   7.0369788e+05
   7.7000000e+00  -2.5194025e+06   1.7423259e+05
   7.8000000e+00  -2.3960515e+06  -3.3205984e+05
   7.9000000e+00  -2.2656868e+06  -8.1367200e+05
   8.0000000e+00  -2.1212148e+06  -1.2584008e+06
   8.1000000e+00  -1.9648554e+06  -1.6395452e+06
   8.2000000e+00  -1.8044489e+06  -1.9303114e+06
   8.3000000e+00  -1.6438936e+06  -2.1213620e+06
   8.4000000e+00  -1.4787501e+06  -2.2252870e+06
   8.5000000e+00  -1.2989954e+06  -2.2660665e+06
   8.6000000e+00  -1.0931906e+06  -2.2641925e+06
   8.7000000e+00  -8.5192188e+05  -2.2287965e+06
   8.8000000e+00  -5.7364931e+05  -2.1607015e+06
   8.9000000e+00  -2.7161912e+05  -2.0622971e+06
   9.0000000e+00   2.6920023e+04  -1.9457844e+06
   9.1000000e+00   2.9362941e+05  -1.8325170e+06
   9.2000000e+00   5.1435244e+05  -1.7433278e+06
   9.3000000e+00   6.9176912e+05  -1.6879752e+06
   9.4000000e+00   8.3344512e+05  -1.6628792e+06
   9.5000000e+00   9.3946894e+05  -1.6581142e+06
   9.6000000e+00   1.0031884e+06  -1.6660674e+06
   9.7000000e+00   1.0224778e+06  -1.6844254e+06
   9.8000000e+00   1.0075299e+06  -1.7130889e+06
   9.9000000e+00   9.7666575e+05  -1.7488222e+06
   1.0000000e+01   9.4521625e+05  -1.7802489e+06
   1.0100000e+01   9.1827912e+05  -1.7851608e+06
   1.0200000e+01   8.9242662e+05  -1.7341605e+06
   1.0300000e+01   8.6289400e+05  -1.6028055e+06
   1.0400000e+01   8.2952212e+05  -1.3856762e+06
   1.0500000e+01   7.9727731e+05  -1.0999488e+06
   1.0600000e+01   7.7197481e+05  -7.7373550e+05
   1.0700000e+01   7.5539388e+05  -4.2950206e+05
   1.0800000e+01   7.4389669e+05  -7.7583875e+04
   1.0900000e+01   7.3099412e+05   2.7691247e+05
   1.1000000e+01   7.1075569e+05   6.2445169e+05
   1.1100000e+01   6.7948675e+05   9.4963412e+05
   1.1200000e+01   6.3626019e+05   1.2379179e+06
   1.1300000e+01   5.8359112e+05   1.4824669e+06
   1.1400000e+01   5.2674925e+05   1.6850632e+06
   1.1500000e+01   4.6934256e+05   1.8510265e+06
   1.1600000e+01   4.0734184e+05   1.9814269e+06
   1.1700000e+01   3.2845088e+05   2.0672614e+06
   1.1800000e+01   2.2077084e+05   2.0909795e+06
   1.1900000e+01   8.5042648e+04   2.0377172e+06
   1.2000000e+01  -6.1160613e+04   1.9101126e+06
   1.2100000e+01  -1.9334056e+05   1.7339580e+06
   1.2200000e+01  -2.9740831e+05   1.5465606e+06
   1.2300000e+01  -3.8002866e+05   1.3744326e+06
   1.2400000e+01  -4.6235238e+05   1.2181360e+06
   1.2500000e+01  -5.6124131e+05   1.0577341e+06
   1.2600000e+01  -6.7323675e+05   8.7474425e+05
   1.2700000e+01  -7.7512106e+05   6.7128269e+05
   1.2800000e+01  -8.4095838e+05   4.6897969e+05
   1.2900000e+01  -8.6065525e+05   2.8902847e+05
   1.3000000e+01  -8.4359806e+05   1.3338894e+05
   1.3100000e+01  -8.0528894e+05  -1.3476448e+04
   1.3200000e+01  -7.5127669e+05  -1.6413553e+05
   1.3300000e+01  -6.7424962e+05  -3.1115628e+05
   1.3400000e+01  -5.6571394e+05  -4.3250791e+05
   1.3500000e+01  -4.2923516e+05  -5.1412088e+05
   1.3600000e+01  -2.8255144e+05  -5.6585344e+05
   1.3700000e+01  -1.4828788e+05  -6.1496906e+05
   1.3800000e+01  -4.2699859e+04  -6.8518281e+05
   1.3900000e+01   2.9474566e+04  -7.8172669e+05
   1.4000000e+01   7.2990812e+04  -8.9249100e+05
   1.4100000e+01   9.5926023e+04  -9.9835469e+05
   1.4200000e+01   1.0285012e+05  -1.0819394e+06
   1.4300000e+01   9.1529984e+04  -1.1320804e+06
   1.4400000e+01   5.7381930e+04  -1.1462346e+06
   1.4500000e+01   4.7242573e+03  -1.1298038e+06
   1.4600000e+01  -4.4617617e+04  -1.0897756e+06
   1.4700000e+01  -5.6562793e+04  -1.0264770e+06
   1.4800000e+01  -4.2266143e+03  -9.3257175e+05
   1.4900000e+01   1.1291628e+05  -8.0212800e+05
   1.5000000e+01   2.6745797e+05  -6.4029738e+05
   1.5100000e+01   4.2307559e+05  -4.6220081e+05
   1.5200000e+01   5.5870131e+05  -2.8212988e+05
   1.5300000e+01   6.7774712e+05  -1.0581647e+05
   1.5400000e+01   7.9581875e+05   6.5792688e+04
   1.5500000e+01   9.1899781e+05   2.2756244e+05
   1.5600000e+01   1.0317387e+06   3.6837638e+05
   1.5700000e+01   1.1039054e+06   4.7899912e+05
   1.5800000e+01   1.1100852e+06   5.5968238e+05
   1.5900000e+01   1.0450131e+06   6.1848212e+05
   1.6000000e+01   9.2334656e+05   6.6296394e+05
   1.6100000e+01   7.6556450e+05   6.9472025e+05
   1.6200000e+01   5.8325375e+05   7.1072725e+05
   1.6300000e+01   3.7703338e+05   7.0737931e+05
   1.6400000e+01   1.4850398e+05   6.8275419e+05
   1.6500000e+01  -8.6086172e+04   6.3768675e+05
   1.6600000e+01  -2.9545944e+05   5.7712919e+05
   1.6700000e+01  -4.4926975e+05   5.0957769e+05
   1.6800000e+01  -5.3752419e+05   4.4236109e+05
   1.6900000e+01  -5.7619862e+05   3.7652578e+05
   1.7000000e+01  -5.9367731e+05   3.0777297e+05
   1.7100000e+01  -6.0951238e+05   2.3326341e+05
   1.7200000e+01  -6.2295369e+05   1.5625911e+05
   1.7300000e+01  -6.1905775e+05   8.3167898e+04
   1.7400000e+01  -5.8497888e+05   1.7770895e+04
   1.7500000e+01  -5.2201866e+05  -3.9229047e+04
   1.7600000e+01  -4.4483216e+05  -8.5684633e+04
   1.7700000e+01  -3.7090453e+05  -1.1666547e+05
   1.7800000e+01  -3.1039697e+05  -1.2968226e+05
   1.7900000e+01  -2.6384891e+05  -1.2925461e+05
   1.8000000e+01  -2.2715680e+05  -1.2323208e+05
   1.8100000e+01  -1.9777689e+05  -1.1472016e+05
   1.8200000e+01  -1.7723333e+05  -1.0062569e+05
   1.8300000e+01  -1.6963972e+05  -7.9723797e+04
   1.8400000e+01  -1.7861608e+05  -5.9995508e+04
   1.8500000e+01  -2.0438900e+05  -5.4714805e+04
   1.8600000e+01  -2.4202223e+05  -7.0506203e+04
   1.8700000e+01  -2.8225653e+05  -1.0098061e+05
   1.8800000e+01  -3.1599666e+05  -1.3339306e+05
   1.8900000e+01  -3.4011822e+05  -1.6064883e+05
   1.9000000e+01  -3.5913800e+05  -1.8516398e+05
   1.9100000e+01  -3.7953038e+05  -2.1103333e+05
   1.9200000e+01  -4.0065919e+05  -2.3450528e+05
   1.9300000e+01  -4.1110662e+05  -2.4437122e+05
   1.9400000e+01  -3.9532566e+05  -2.3229750e+05
   1.9500000e+01  -3.4564950e+05  -2.0185594e+05
   1.9600000e+01  -2.6859428e+05  -1.6649342e+05
   1.9700000e+01  -1.7903892e+05  -1.3871050e+05
   1.9800000e+01  -8.7525000e+04  -1.2160011e+05
   1.9900000e+01   6.9463086e+03  -1.1023228e+05
   2.0000000e+01   1.1139945e+05  -9.9300047e+04
   2.0100000e+01   2.2619541e+05  -8.7897195e+04
   2.0200000e+01   3.3808109e+05  -7.7556078e+04
   2.0300000e+01   4.2621422e+05  -6.8031469e+04
   2.0400000e+01   4.7574591e+05  -5.6623000e+04
   2.0500000e+01   4.8687438e+05  -4.0935504e+04
   2.0600000e+01   4.7241603e+05  -2.0498930e+04
   2.0700000e+01   4.4745572e+05   4.9392422e+03
   2.0800000e+01   4.2034453e+05   3.7504070e+04
   2.0900000e+01   3.9154497e+05   8.0044234e+04
   2.1000000e+01   3.5956781e+05   1.3252095e+05
   2.1100000e+01   3.2762341e+05   1.9014431e+05
   2.1200000e+01   3.0445203e+05   2.4552919e+05
   2.1300000e+01   2.9828969e+05   2.9251584e+05
   2.1400000e+01   3.0972819e+05   3.2777278e+05
   2.1500000e+01   3.3064819e+05   3.4944656e+05
   2.1600000e+01   3.5025012e+05   3.5569806e+05
   2.1700000e+01   3.6192391e+05   3.4553094e+05
   2.1800000e+01   3.6477162e+05   3.2069044e+05
   2.1900000e+01   3.6043672e+05   2.8550128e+05
   2.2000000e+01   3.5026941e+05   2.4391983e+05
   2.2100000e+01   3.3472472e+05   1.9678812e+05
   2.2200000e+01   3.1245134e+05   1.4248202e+05
   2.2300000e+01   2.7837100e+05   8.0458219e+04
   2.2400000e+01   2.2490175e+05   1.4038725e+04
   2.2500000e+01   1.4887430e+05  -5.0279180e+04
   2.2600000e+01   5.8411809e+04  -1.0612780e+05
   2.2700000e+01  -2.9409883e+04  -1.5027116e+05
   2.2800000e+01  -1.0073038e+05  -1.8344391e+05
   2.2900000e+01  -1.5575280e+05  -2.0931511e+05
   2.3000000e+01  -2.0684128e+05  -2.3274781e+05
   2.3100000e+01  -2.6512059e+05  -2.5808095e+05
   2.3200000e+01  -3.2854922e+05  -2.8761056e+05
   2.3300000e+01  -3.8266556e+05  -3.2043781e+05
   2.3400000e+01  -4.1263581e+05  -3.5223675e+05
   2.3500000e+01  -4.1512134e+05  -3.7679334e+05
   2.3600000e+01  -3.9978000e+05  -3.8953622e+05
   2.3700000e+01  -3.8017588e+05  -3.9130922e+05
   2.3800000e+01  -3.6285659e+05  -3.8897497e+05
   2.3900000e+01  -3.4401925e+05  -3.9105825e+05
   2.4000000e+01  -3.1578553e+05  -4.0145159e+05
   2.4100000e+01  -2.7550544e+05  -4.1711478e+05
   2.4200000e+01  -2.2934653e+05  -4.3197059e+05
   2.4300000e+01  -1.8732005e+05  -4.4200872e+05
   2.4400000e+01  -1.5499256e+05  -4.4499847e+05
   2.4500000e+01  -1.2973685e+05  -4.3549541e+05
   2.4600000e+01  -1.0451163e+05  -4.0322869e+05
   2.4700000e+01  -7.5035211e+04  -3.3979022e+05
   2.4800000e+01  -4.3630223e+04  -2.4728367e+05
   2.4900000e+01  -1.6812318e+04  -1.3780558e+05
   2.5000000e+01   3.7167188e+02  -2.2270926e+04
   2.5100000e+01   7.9071211e+03   9.9553492e+04
   2.5200000e+01   9.8461328e+03   2.3601262e+05
   2.5300000e+01   1.0913129e+04   3.9035853e+05
   2.5400000e+01   1.4164703e+04   5.5199425e+05
   2.5500000e+01   2.0752650e+04   7.0144244e+05
   2.5600000e+01   3.0336367e+04   8.2280306e+05
   2.5700000e+01   4.1173664e+04   9.1051700e+05
   2.5800000e+01   5.0857086e+04   9.6559694e+05
   2.5900000e+01   5.8402320e+04   9.8811688e+05
   2.6000000e+01   6.5799922e+04   9.7421769e+05
   2.6100000e+01   7.6316727e+04   9.1868281e+05
   2.6200000e+01   9.0278312e+04   8.1925756e+05
   2.6300000e+01   1.0312814e+05   6.8035825e+05
   2.6400000e+01   1.0928857e+05   5.1566241e+05
   2.6500000e+01   1.0867978e+05   3.4725144e+05
   2.6600000e+01   1.0824512e+05   1.9830067e+05
   2.6700000e+01   1.1516806e+05   8.1724391e+04
   2.6800000e+01   1.2815020e+05  -6.1986479e+03
   2.6900000e+01   1.3688348e+05  -8.0092797e+04
   2.7000000e+01   1.3176898e+05  -1.5148628e+05
   2.7100000e+01   1.1410703e+05  -2.1895264e+05
   2.7200000e+01   9.5354328e+04  -2.7090022e+05
   2.7300000e+01   8.5565547e+04  -2.9702581e+05
   2.7400000e+01   8.3073172e+04  -2.9689306e+05
   2.7500000e+01   7.6081289e+04  -2.7884781e+05
   2.7600000e+01   5.3958898e+04  -2.5296684e+05
   2.7700000e+01   1.6495297e+04  -2.2616312e+05
   2.7800000e+01  -2.6982914e+04  -2.0261175e+05
   2.7900000e+01  -6.5855969e+04  -1.8595630e+05
   2.8000000e+01  -9.5374992e+04  -1.7933284e+05
   2.8100000e+01  -1.1774262e+05  -1.8389477e+05
   2.8200000e+01  -1.3823825e+05  -1.9878478e+05
   2.8300000e+01  -1.6012873e+05  -2.2248591e+05
   2.8400000e+01  -1.8149586e+05  -2.5258216e+05
   2.8500000e+01  -1.9577848e+05  -2.8352794e+05
   2.8600000e+01  -1.9581117e+05  -3.0671841e+05
   2.8700000e+01  -1.7834209e+05  -3.1603572e+05
   2.8800000e+01  -1.4521788e+05  -3.1451666e+05
   2.8900000e+01  -1.0067738e+05  -3.1342928e+05
   2.9000000e+01  -4.8226430e+04  -3.2155056e+05
   2.9100000e+01   9.7124473e+03  -3.3410834e+05
   2.9200000e+01   7.0263406e+04  -3.3373628e+05
   2.9300000e+01   1.2966020e+05  -3.0468903e+05
   2.9400000e+01   1.8434780e+05  -2.4758428e+05
   2.9500000e+01   2.3123500e+05  -1.8048167e+05
   2.9600000e+01   2.6625109e+05  -1.2523762e+05
   2.9700000e+01   2.8387112e+05  -9.2006922e+04
   2.9800000e+01   2.7984625e+05  -7.5362117e+04
   2.9900000e+01   2.5481853e+05  -6.3381914e+04
   3.0000000e+01   2.1428062e+05  -4.9594223e+04
   3.0100000e+01   1.6430859e+05  -3.7504773e+04
   3.0200000e+01   1.0784066e+05  -3.6073191e+04
   3.0300000e+01   4.5814062e+04  -5.1683887e+04
   3.0400000e+01  -1.8495764e+04  -8.2513133e+04
   3.0500000e+01  -7.7477617e+04  -1.1790441e+05
   3.0600000e+01  -1.2210584e+05  -1.4286888e+05
   3.0700000e+01  -1.4659872e+05  -1.4581778e+05
   3.0800000e+01  -1.5027873e+05  -1.2479640e+05
   3.0900000e+01  -1.3613536e+05  -8.6810242e+04
   3.1000000e+01  -1.0912313e+05  -3.9957355e+04
   3.1100000e+01  -7.5806094e+04   1.4493637e+04
   3.1200000e+01  -4.3390129e+04   8.2012172e+04
   3.1300000e+01  -1.6305073e+04   1.6676306e+05
   3.1400000e+01   7.2042524e+03   2.6413809e+05
   3.1500000e+01   3.3645172e+04   3.6145644e+05
   3.1600000e+01   6.7308203e+04   4.4562488e+05
   3.1700000e+01   1.0384790e+05   5.1023109e+05
   3.1800000e+01   1.3146248e+05   5.5660344e+05
   3.1900000e+01   1.3944722e+05   5.8947944e+05
   3.2000000e+01   1.2602900e+05   6.1121469e+05
   3.2100000e+01   9.8061359e+04   6.1801931e+05
   3.2200000e+01   6.3853695e+04   6.0051975e+05
   3.2300000e+01   2.7234666e+04   5.4947106e+05
   3.2400000e+01  -1.1582646e+04   4.6391178e+05
   3.2500000e+01  -5.0984156e+04   3.5525178e+05
   3.2600000e+01  -8.5508031e+04   2.4207806e+05
   3.2700000e+01  -1.0871666e+05   1.3835975e+05
   3.2800000e+01  -1.1794395e+05   4.5159188e+04
   3.2900000e+01  -1.1622662e+05  -4.5938680e+04
   3.3000000e+01  -1.1034584e+05  -1.4046722e+05
   3.3100000e+01  -1.0705724e+05  -2.3184809e+05
   3.3200000e+01  -1.0973462e+05  -3.0465272e+05
   3.3300000e+01  -1.1689265e+05  -3.4718006e+05
   3.3400000e+01  -1.2383047e+05  -3.6072322e+05
   3.3500000e+01  -1.2711398e+05  -3.5650659e+05
   3.3600000e+01  -1.2838264e+05  -3.4398325e+05
   3.3700000e+01  -1.3316794e+05  -3.2250091e+05
   3.3800000e+01  -1.4503830e+05  -2.8407575e+05
   3.3900000e+01  -1.6097612e+05  -2.2357855e+05
   3.4000000e+01  -1.7306300e+05  -1.4614516e+05
   3.4100000e+01  -1.7460216e+05  -6.5563242e+04
   3.4200000e+01  -1.6434458e+05   3.7626025e+03
   3.4300000e+01  -1.4575219e+05   5.3857426e+04
   3.4400000e+01  -1.2395214e+05   8.4223266e+04
   3.4500000e+01  -1.0352614e+05   9.7699594e+04
   3.4600000e+01  -8.6711953e+04   9.5812719e+04
   3.4700000e+01  -7.1110328e+04   7.7748578e+04
   3.4800000e+01  -4.9568062e+04   4.3285367e+04
   3.4900000e+01  -1.5377147e+04  -3.7409551e+03
   3.5000000e+01   3.0116943e+04  -5.5358125e+04
   3.5100000e+01   7.5520562e+04  -1.0337889e+05
   3.5200000e+01   1.0680780e+05  -1.4399205e+05
   3.5300000e+01   1.1794570e+05  -1.7908002e+05
   3.5400000e+01   1.1472707e+05  -2.1340081e+05
   3.5500000e+01   1.0886099e+05  -2.5004758e+05
   3.5600000e+01   1.0872490e+05  -2.8709175e+05
   3.5700000e+01   1.1467062e+05  -3.1684544e+05
   3.5800000e+01   1.2086447e+05  -3.2809891e+05
   3.5900000e+01   1.2045905e+05  -3.1115309e+05
   3.6000000e+01   1.1057486e+05  -2.6390916e+05
   3.6100000e+01   9.5012633e+04  -1.9511692e+05
   3.6200000e+01   8.2952172e+04  -1.2112071e+05
   3.6300000e+01   8.3147914e+04  -5.6687551e+04
   3.6400000e+01   9.7133750e+04  -5.8638555e+03
   3.6500000e+01   1.1780659e+05   3.9863523e+04
   3.6600000e+01   1.3611692e+05   9.3663375e+04
   3.6700000e+01   1.5029050e+05   1.6105183e+05
   3.6800000e+01   1.6802945e+05   2.3300720e+05
   3.6900000e+01   1.9823089e+05   2.9103762e+05
   3.7000000e+01   2.3959206e+05   3.2098959e+05
   3.7100000e+01   2.7770209e+05   3.2391919e+05
   3.7200000e+01   2.9480741e+05   3.1377444e+05
   3.7300000e+01   2.8422669e+05   3.0352241e+05
   3.7400000e+01   2.5625409e+05   2.9294156e+05
   3.7500000e+01   2.2959012e+05   2.7012975e+05
   3.7600000e+01   2.1540800e+05   2.2492297e+05
   3.7700000e+01   2.0798480e+05   1.6024041e+05
   3.7800000e+01   1.8995841e+05   9.0067250e+04
   3.7900000e+01   1.4718319e+05   2.7118955e+04
   3.8000000e+01   8.0094805e+04  -2.6641613e+04
   3.8100000e+01   2.5900234e+03  -7.7626031e+04
   3.8200000e+01  -6.9052273e+04  -1.2981655e+05
   3.8300000e+01  -1.2689727e+05  -1.7646448e+05
   3.8400000e+01  -1.7356558e+05  -2.0200928e+05
   3.8500000e+01  -2.1608488e+05  -1.9290089e+05
   3.8600000e+01  -2.5790272e+05  -1.4889031e+05
   3.8700000e+01  -2.9565322e+05  -8.5559859e+04
   3.8800000e+01  -3.2253950e+05  -2.4988916e+04
   3.8900000e+01  -3.3479416e+05   1.8887480e+04
   3.9000000e+01  -3.3534322e+05   4.8168227e+04
   3.9100000e+01  -3.3137212e+05   7.5264188e+04
   3.9200000e+01  -3.2822909e+05   1.0924195e+05
   3.9300000e+01  -3.2569891e+05   1.4722027e+05
   3.9400000e+01  -3.1995012e+05   1.7782000e+05
   3.9500000e+01  -3.0810247e+05   1.9121786e+05
   3.9600000e+01  -2.8996331e+05   1.8534330e+05
   3.9700000e+01  -2.6607544e+05   1.6424458e+05
   3.9800000e+01  -2.3650889e+05   1.3310420e+05
   3.9900000e+01  -2.0315636e+05   9.5288383e+04
   4.0000000e+01  -1.7171205e+05   5.2056828e+04
   4.0100000e+01  -1.4800928e+05   3.0640752e+03
   4.0200000e+01  -1.3086899e+05  -5.2567926e+04
   4.0300000e+01  -1.1069390e+05  -1.1398697e+05
   4.0400000e+01  -7.8457906e+04  -1.7676025e+05
   4.0500000e+01  -3.6717172e+04  -2.3416552e+05
   4.0600000e+01   9.5255371e+02  -2.8118281e+05
   4.0700000e+01   2.4098934e+04  -3.1701450e+05
   4.0800000e+01   3.8565262e+04  -3.4320497e+05
   4.0900000e+01   6.2912332e+04  -3.5958338e+05
   4.1000000e+01   1.0994052e+05  -3.6274694e+05
   4.1100000e+01   1.7222608e+05  -3.4860919e+05
   4.1200000e+01   2.2710094e+05  -3.1598434e+05
   4.1300000e+01   2.5612244e+05  -2.6771912e+05
   4.1400000e+01   2.5973041e+05  -2.0911275e+05
   4.1500000e+01   2.5434131e+05  -1.4565062e+05
   4.1600000e+01   2.5719220e+05  -8.1301820e+04
   4.1700000e+01   2.7380162e+05  -1.7270121e+04
   4.1800000e+01   2.9685500e+05   4.8345754e+04
   4.1900000e+01   3.1386194e+05   1.1852604e+05
   4.2000000e+01   3.1588150e+05   1.9298980e+05
   4.2100000e+01   3.0199869e+05   2.6493572e+05
   4.2200000e+01   2.7829609e+05   3.2301481e+05
   4.2300000e+01   2.5273338e+05   3.5837453e+05
   4.2400000e+01   2.2927850e+05   3.7096384e+05
   4.2500000e+01   2.0545258e+05   3.6887044e+05
   4.2600000e+01   1.7536133e+05   3.6082256e+05
   4.2700000e+01   1.3591647e+05   3.4885128e+05
   4.2800000e+01   9.1084695e+04   3.2796938e+05
   4.2900000e+01   5.0336477e+04   2.9259141e+05
   4.3000000e+01   2.1958438e+04   2.4301492e+05
   4.3100000e+01   6.1787578e+03   1.8617355e+05
   4.3200000e+01  -6.0041875e+03   1.3118153e+05
   4.3300000e+01  -2.6211867e+04   8.4610250e+04
   4.3400000e+01  -5.8799852e+04   4.9061680e+04
   4.3500000e+01  -9.6056789e+04   2.4460553e+04
   4.3600000e+01  -1.2337823e+05   9.4956084e+03
   4.3700000e+01  -1.3068583e+05   1.8704619e+03
   4.3800000e+01  -1.2068082e+05  -1.9843262e+03
   4.3900000e+01  -1.0734206e+05  -6.4021851e+03
   4.4000000e+01  -1.0633760e+05  -1.4565708e+04
   4.4100000e+01  -1.2495374e+05  -2.6083316e+04
   4.4200000e+01  -1.5859844e+05  -3.6360129e+04
   4.4300000e+01  -1.9576986e+05  -3.9676281e+04
   4.4400000e+01  -2.2752445e+05  -3.4689023e+04
   4.4500000e+01  -2.5407553e+05  -2.7558686e+04
   4.4600000e+01  -2.8274756e+05  -2.8768072e+04
   4.4700000e+01  -3.1851741e+05  -4.5710598e+04
   4.4800000e+01  -3.5587216e+05  -7.8081312e+04
   4.4900000e+01  -3.8073344e+05  -1.2047417e+05
   4.5000000e+01  -3.8169597e+05  -1.6857012e+05
   4.5100000e+01  -3.5964216e+05  -2.2149452e+05
   4.5200000e+01  -3.2551247e+05  -2.7829466e+05
   4.5300000e+01  -2.8816444e+05  -3.3423131e+05
   4.5400000e+01  -2.4507434e+05  -3.8253034e+05
   4.5500000e+01  -1.8587161e+05  -4.1947006e+05
   4.5600000e+01  -1.0500645e+05  -4.4569231e+05
   4.5700000e+01  -1.0223984e+04  -4.6135431e+05
   4.5800000e+01   8.1699797e+04  -4.6115866e+05
   4.5900000e+01   1.5713019e+05  -4.3636894e+05
   4.6000000e+01   2.1356458e+05  -3.8294609e+05
   4.6100000e+01   2.5704125e+05  -3.0749800e+05
   4.6200000e+01   2.9356044e+05  -2.2446392e+05
   4.6300000e+01   3.2349019e+05  -1.4666442e+05
   4.6400000e+01   3.4288656e+05  -7.7673641e+04
   4.6500000e+01   3.4846116e+05  -1.2495784e+04
   4.6600000e+01   3.4091869e+05   5.4701871e+04
   4.6700000e+01   3.2450728e+05   1.2322092e+05
   4.6800000e+01   3.0418897e+05   1.8547550e+05
   4.6900000e+01   2.8290659e+05   2.3340677e+05
   4.7000000e+01   2.6060752e+05   2.6497469e+05
   4.7100000e+01   2.3538962e+05   2.8449262e+05
   4.7200000e+01   2.0597456e+05   2.9743062e+05
   4.7300000e+01   1.7391630e+05   3.0589138e+05
   4.7400000e+01   1.4392984e+05   3.0913153e+05
   4.7500000e+01   1.2159898e+05   3.0713666e+05
   4.7600000e+01   1.0932818e+05   3.0242203e+05
   4.7700000e+01   1.0335955e+05   2.9862953e+05
   4.7800000e+01   9.5411273e+04   2.9862478e+05
   4.7900000e+01   7.9643789e+04   3.0428506e+05
   4.8000000e+01   5.9744422e+04   3.1679294e+05
   4.8100000e+01   4.7916039e+04   3.3540034e+05
   4.8200000e+01   5.3560922e+04   3.5535084e+05
   4.8300000e+01   7.1087422e+04   3.6793875e+05
   4.8400000e+01   8.0584297e+04   3.6441206e+05
   4.8500000e+01   6.3953605e+04   3.4176372e+05
   4.8600000e+01   2.2038041e+04   3.0584094e+05
   4.8700000e+01  -2.5176348e+04   2.6818300e+05
   4.8800000e+01  -5.6731750e+04   2.3774578e+05
   4.8900000e+01  -6.9304008e+04   2.1389916e+05
   4.9000000e+01  -7.7951617e+04   1.8721083e+05
   4.9100000e+01  -1.0003633e+05   1.4757130e+05
   4.9200000e+01  -1.4026314e+05   9.1699641e+04
   4.9300000e+01  -1.9082111e+05   2.3182771e+04
   4.9400000e+01  -2.4239472e+05  -5.2627539e+04
   4.9500000e+01  -2.9156403e+05  -1.3101199e+05
   4.9600000e+01  -3.3806838e+05  -2.0552225e+05
   4.9700000e+01  -3.7911522e+05  -2.6758306e+05
   4.9800000e+01  -4.0994028e+05  -3.1280881e+05
   4.9900000e+01  -4.2951944e+05  -3.4740966e+05
   5.0000000e+01  -4.4256688e+05  -3.8398603e+05
   5.0100000e+01  -4.5374709e+05  -4.2788425e+05
   5.0200000e+01  -4.6048844e+05  -4.6904359e+05
   5.0300000e+01  -4.5323500e+05  -4.9036844e+05
   5.0400000e+01  -4.2353131e+05  -4.8457875e+05
   5.0500000e+01  -3.7144012e+05  -4.6072722e+05
   5.0600000e+01  -3.0477431e+05  -4.3334350e+05
   5.0700000e+01  -2.3163444e+05  -4.0732416e+05
   5.0800000e+01  -1.5439655e+05  -3.7556072e+05
   5.0900000e+01  -7.0944883e+04  -3.3019406e+05
   5.1000000e+01   1.8902168e+04  -2.7306041e+05
   5.1100000e+01   1.0882405e+05  -2.1415438e+05
   5.1200000e+01   1.8815422e+05  -1.6224206e+05
   5.1300000e+01   2.4907011e+05  -1.1935203e+05
   5.1400000e+01   2.9245375e+05  -8.3563062e+04
   5.1500000e+01   3.2719578e+05  -5.4121148e+04
   5.1600000e+01   3.6325662e+05  -3.2261275e+04
   5.1700000e+01   4.0371250e+05  -1.8293051e+04
   5.1800000e+01   4.4144200e+05  -9.7215166e+03
   5.1900000e+01   4.6260688e+05  -2.2987212e+03
   5.2000000e+01   4.5496166e+05   8.1700996e+03
   5.2100000e+01   4.1639788e+05   2.5193508e+04
   5.2200000e+01   3.5825544e+05   5.1492070e+04
   5.2300000e+01   2.9981222e+05   8.8423547e+04
   5.2400000e+01   2.5618191e+05   1.3555484e+05
   5.2500000e+01   2.2852573e+05   1.9115891e+05
   5.2600000e+01   2.0552534e+05   2.5276145e+05
   5.2700000e+01   1.7544656e+05   3.1657909e+05
   5.2800000e+01   1.3732283e+05   3.7680094e+05
   5.2900000e+01   1.0029586e+05   4.2686278e+05
   5.3000000e+01   7.2792867e+04   4.6256078e+05
   5.3100000e+01   5.4056590e+04   4.8371288e+05
   5.3200000e+01   3.7043176e+04   4.9186422e+05
   5.3300000e+01   1.8238656e+04   4.8616678e+05
   5.3400000e+01   2.5013291e+03   4.6241012e+05
   5.3500000e+01  -2.3936123e+03   4.1705022e+05
   5.3600000e+01   5.0278843e+03   3.5204788e+05
   5.3700000e+01   1.7014266e+04   2.7466512e+05
   5.3800000e+01   2.2600396e+04   1.9174547e+05
   5.3900000e+01   1.6200178e+04   1.0468051e+05
   5.4000000e+01   9.4931836e+02   1.1249234e+04
   5.4100000e+01  -1.5204439e+04  -8.7018430e+04
   5.4200000e+01  -2.6404225e+04  -1.8023431e+05
   5.4300000e+01  -3.3143723e+04  -2.5455469e+05
   5.4400000e+01  -4.1420727e+04  -3.0218194e+05
   5.4500000e+01  -5.8269930e+04  -3.2671459e+05
   5.4600000e+01  -8.6902164e+04  -3.3783734e+05
   5.4700000e+01  -1.2415323e+05  -3.4076525e+05
   5.4800000e+01  -1.6160997e+05  -3.3183475e+05
   5.4900000e+01  -1.9022555e+05  -3.0489191e+05
   5.5000000e+01  -2.0609594e+05  -2.6087430e+05
   5.5100000e+01  -2.1328167e+05  -2.0930559e+05
   5.5200000e+01  -2.2070353e+05  -1.5992730e+05
   5.5300000e+01  -2.3488288e+05  -1.1435442e+05
   5.5400000e+01  -2.5461391e+05  -6.7578156e+04
   5.5500000e+01  -2.7233384e+05  -1.7332289e+04
   5.5600000e+01  -2.8051369e+05   3.0037189e+04
   5.5700000e+01  -2.7665438e+05   6.4349441e+04
   5.5800000e+01  -2.6275434e+05   8.1613266e+04
   5.5900000e+01  -2.4140980e+05   8.7905906e+04
   5.6000000e+01  -2.1347534e+05   9.2805781e+04
   5.6100000e+01  -1.7891316e+05   9.9508891e+04
   5.6200000e+01  -1.3834144e+05   1.0188061e+05
   5.6300000e+01  -9.3189289e+04   9.1173719e+04
   5.6400000e+01  -4.5498094e+04   6.5686398e+04
   5.6500000e+01   1.2806113e+03   3.4269855e+04
   5.6600000e+01   4.2218930e+04   1.0408389e+04
   5.6700000e+01   7.4164375e+04   1.8018574e+03
   5.6800000e+01   1.0041620e+05   4.3090703e+03
   5.6900000e+01   1.3052359e+05   5.7185137e+03
   5.7000000e+01   1.7215262e+05  -3.4944004e+03
   5.7100000e+01   2.2134050e+05  -2.1702510e+04
   5.7200000e+01   2.6192827e+05  -3.7599402e+04
   5.7300000e+01   2.7723506e+05  -4.0293969e+04
   5.7400000e+01   2.6406325e+05  -2.8702582e+04
   5.7500000e+01   2.3544836e+05  -1.1844453e+04
   5.7600000e+01   2.0916780e+05  -5.5365527e+02
   5.7700000e+01   1.9294166e+05   1.0954492e+03
   5.7800000e+01   1.7986506e+05  -2.8441670e+03
   5.7900000e+01   1.5696025e+05  -5.9758940e+03
   5.8000000e+01   1.1763567e+05  -6.2826045e+03
   5.8100000e+01   6.7006969e+04  -8.0593911e+03
   5.8200000e+01   1.7216379e+04  -1.8312430e+04
   5.8300000e+01  -2.1444861e+04  -4.1003375e+04
   5.8400000e+01  -4.6194125e+04  -7.3270617e+04
   5.8500000e+01  -6.1400906e+04  -1.0623294e+05
   5.8600000e+01  -7.4415805e+04  -1.3044220e+05
   5.8700000e+01  -9.1142219e+04  -1.4281438e+05
   5.8800000e+01  -1.1331288e+05  -1.4955909e+05
   5.8900000e+01  -1.3783280e+05  -1.6147150e+05
   5.9000000e+01  -1.5830895e+05  -1.8428570e+05
   5.9100000e+01  -1.6866059e+05  -2.1213408e+05
   5.9200000e+01  -1.6707927e+05  -2.3016412e+05
   5.9300000e+01  -1.5704784e+05  -2.2409370e+05
   5.9400000e+01  -1.4373172e+05  -1.8852839e+05
   5.9500000e+01  -1.2869761e+05  -1.2839825e+05
   5.9600000e+01  -1.0855185e+05  -5.4991641e+04
   5.9700000e+01  -7.9477828e+04   1.8929471e+04
   5.9800000e+01  -4.2846094e+04   8.3412297e+04
   5.9900000e+01  -5.2130547e+03   1.3567577e+05
   6.0000000e+01   2.7775980e+04   1.8228177e+05
   6.0100000e+01   5.6736773e+04   2.3432103e+05
   6.0200000e+01   8.6884297e+04   2.9612553e+05
   6.0300000e+01   1.2121414e+05   3.5726466e+05
   6.0400000e+01   1.5633452e+05   3.9795625e+05
   6.0500000e+01   1.8544956e+05   4.0524706e+05
   6.0600000e+01   2.0461916e+05   3.8453000e+05
   6.0700000e+01   2.1498483e+05   3.5416178e+05
   6.0800000e+01   2.1883667e+05   3.2823581e+05
   6.0900000e+01   2.1471539e+05   3.0486300e+05
   6.1000000e+01   1.9775095e+05   2.7096669e+05
   6.1100000e+01   1.6529352e+05   2.1735419e+05
   6.1200000e+01   1.2167125e+05   1.4865230e+05
   6.1300000e+01   7.6478969e+04   7.9594719e+04
   6.1400000e+01   3.7593805e+04   2.2637574e+04
   6.1500000e+01   5.9046191e+03  -2.1536156e+04
   6.1600000e+01  -2.2832904e+04  -6.2994227e+04
   6.1700000e+01  -5.1109477e+04  -1.1217062e+05
   6.1800000e+01  -7.5207453e+04  -1.6835380e+05
   6.1900000e+01  -8.7870508e+04  -2.1685855e+05
   6.2000000e+01  -8.5002836e+04  -2.3898370e+05
   6.2100000e+01  -6.9331062e+04  -2.2804861e+05
   6.2200000e+01  -4.7942312e+04  -1.9743320e+05
   6.2300000e+01  -2.7227203e+04  -1.7165812e+05
   6.2400000e+01  -1.0283400e+04  -1.6707536e+05
   6.2500000e+01   2.3232988e+03  -1.7976977e+05
   6.2600000e+01   1.1129844e+04  -1.9198689e+05
   6.2700000e+01   1.7338422e+04  -1.9006183e+05
   6.2800000e+01   2.2314420e+04  -1.7582573e+05
   6.2900000e+01   2.6032777e+04  -1.6166480e+05
   6.3000000e+01   2.5736984e+04  -1.5704458e+05
   6.3100000e+01   1.6629660e+04  -1.6145020e+05
   6.3200000e+01  -5.5430693e+03  -1.6871762e+05
   6.3300000e+01  -4.1736578e+04  -1.7433662e+05
   6.3400000e+01  -8.8098133e+04  -1.7656520e+05
   6.3500000e+01  -1.3649788e+05  -1.7276236e+05
   6.3600000e+01  -1.7768984e+05  -1.5886783e+05
   6.3700000e+01  -2.0618155e+05  -1.3411323e+05
   6.3800000e+01  -2.2317003e+05  -1.0405850e+05
   6.3900000e+01  -2.3405873e+05  -7.6130844e+04
   6.4000000e+01  -2.4226200e+05  -5.1833016e+04
   6.4100000e+01  -2.4588109e+05  -2.4957939e+04
   6.4200000e+01  -2.4117381e+05   1.1748650e+04
   6.4300000e+01  -2.2841062e+05   5.9016586e+04
   6.4400000e+01  -2.1222670e+05   1.1049127e+05
   6.4500000e+01  -1.9535792e+05   1.5830627e+05
   6.4600000e+01  -1.7356459e+05   1.9770547e+05
   6.4700000e+01  -1.3888559e+05   2.2680888e+05
   6.4800000e+01  -8.8472203e+04   2.4421794e+05
   6.4900000e+01  -2.9347570e+04   2.4845550e+05
   6.5000000e+01   2.6193990e+04   2.3937530e+05
   6.5100000e+01   6.9874914e+04   2.1918006e+05
   6.5200000e+01   1.0263949e+05   1.9207389e+05
   6.5300000e+01   1.3199786e+05   1.6329222e+05
   6.5400000e+01   1.6500747e+05   1.3777494e+05
   6.5500000e+01   2.0290552e+05   1.1821682e+05
   6.5600000e+01   2.4075972e+05   1.0351091e+05
   6.5700000e+01   2.7144250e+05   8.9497875e+04
   6.5800000e+01   2.9049841e+05   7.2084969e+04
   6.5900000e+01   2.9807972e+05   5.0218434e+04
   6.6000000e+01   2.9654869e+05   2.6436688e+04
   6.6100000e+01   2.8646734e+05   5.3373105e+03
   6.6200000e+01   2.6577238e+05  -8.3644365e+03
   6.6300000e+01   2.3388089e+05  -1.1471808e+04
   6.6400000e+01   1.9652605e+05  -3.6372031e+03
   6.6500000e+01   1.6487711e+05   1.2352684e+04
   6.6600000e+01   1.4771433e+05   3.2041211e+04
   6.6700000e+01   1.4349081e+05   5.1254781e+04
   6.6800000e+01   1.4091419e+05   6.6340297e+04
   6.6900000e+01   1.2877041e+05   7.3040281e+04
   6.7000000e+01   1.0559887e+05   6.7247086e+04
   6.7100000e+01   7.9051789e+04   4.8937734e+04
   6.7200000e+01   5.5646672e+04   2.5093426e+04
   6.7300000e+01   3.2706162e+04   6.0702910e+03
   6.7400000e+01   2.1653394e+03  -3.4442090e+03
   6.7500000e+01  -3.8222320e+04  -9.9878037e+03
   6.7600000e+01  -8.0408867e+04  -2.5960146e+04
   6.7700000e+01  -1.1478827e+05  -5.7023602e+04
   6.7800000e+01  -1.4180569e+05  -9.4945555e+04
   6.7900000e+01  -1.7118038e+05  -1.2436494e+05
   6.8000000e+01  -2.0820809e+05  -1.3760148e+05
   6.8100000e+01  -2.4366677e+05  -1.4225661e+05
   6.8200000e+01  -2.6119489e+05  -1.5306106e+05
   6.8300000e+01  -2.5529434e+05  -1.7611662e+05
   6.8400000e+01  -2.3921644e+05  -2.0239345e+05
   6.8500000e+01  -2.3255773e+05  -2.1773580e+05
   6.8600000e+01  -2.4146178e+05  -2.1854378e+05
   6.8700000e+01  -2.5278356e+05  -2.1582262e+05
   6.8800000e+01  -2.4796331e+05  -2.2306861e+05
   6.8900000e+01  -2.2121888e+05  -2.4131595e+05
   6.9000000e+01  -1.8345202e+05  -2.5754559e+05
   6.9100000e+01  -1.4970645e+05  -2.5774552e+05
   6.9200000e+01  -1.2477717e+05  -2.4045494e+05
   6.9300000e+01  -1.0148413e+05  -2.1726291e+05
   6.9400000e+01  -7.1552883e+04  -2.0102225e+05
   6.9500000e+01  -3.6362539e+04  -1.9399719e+05
   6.9600000e+01  -6.2724258e+03  -1.8620112e+05
   6.9700000e+01   1.0184273e+04  -1.6370764e+05
   6.9800000e+01   1.5613959e+04  -1.1907457e+05
   6.9900000e+01   2.1890971e+04  -5.6206414e+04
   7.0000000e+01   3.9003961e+04   1.2909518e+04
   7.0100000e+01   6.5723109e+04   7.6596609e+04
   7.0200000e+01   9.0909648e+04   1.3073276e+05
   7.0300000e+01   1.0353547e+05   1.7948692e+05
   7.0400000e+01   1.0162444e+05   2.2953047e+05
   7.0500000e+01   9.2709883e+04   2.8344300e+05
   7.0600000e+01   8.7161188e+04   3.3830391e+05
   7.0700000e+01   9.1348789e+04   3.8957544e+05
   7.0800000e+01   1.0559498e+05   4.3487594e+05
   7.0900000e+01   1.2626005e+05   4.7340328e+05
   7.1000000e+01   1.4855638e+05   5.0275984e+05
   7.1100000e+01   1.6827769e+05   5.1818875e+05
   7.1200000e+01   1.8296073e+05   5.1600144e+05
   7.1300000e+01   1.9288041e+05   4.9756169e+05
   7.1400000e+01   2.0076892e+05   4.6911034e+05
   7.1500000e+01   2.0942702e+05   4.3703800e+05
   7.1600000e+01   2.1890520e+05   4.0303228e+05
   7.1700000e+01   2.2630636e+05   3.6371044e+05
   7.1800000e+01   2.2876850e+05   3.1473084e+05
   7.1900000e+01   2.2621703e+05   2.5473527e+05
   7.2000000e+01   2.2028372e+05   1.8493314e+05
   7.2100000e+01   2.1045948e+05   1.0562467e+05
   7.2200000e+01   1.9253762e+05   1.5313771e+04
   7.2300000e+01   1.6221884e+05  -8.4716031e+04
   7.2400000e+01   1.2043695e+05  -1.8523341e+05
   7.2500000e+01   7.4190344e+04  -2.7134806e+05
   7.2600000e+01   3.1145746e+04  -3.3319509e+05
   7.2700000e+01  -6.9714629e+03  -3.7537391e+05
   7.2800000e+01  -4.5721992e+04  -4.1430794e+05
   7.2900000e+01  -9.2669328e+04  -4.6409878e+05
   7.3000000e+01  -1.5015086e+05  -5.2364834e+05
   7.3100000e+01  -2.1211916e+05  -5.7715056e+05
   7.3200000e+01  -2.6736538e+05  -6.0701225e+05
   7.3300000e+01  -3.0643328e+05  -6.0682912e+05
   7.3400000e+01  -3.2699856e+05  -5.8350712e+05
   7.3500000e+01  -3.3388953e+05  -5.4887056e+05
   7.3600000e+01  -3.3409847e+05  -5.0995197e+05
   7.3700000e+01  -3.3098581e+05  -4.6613941e+05
   7.3800000e+01  -3.2231022e+05  -4.1365381e+05
   7.3900000e+01  -3.0332566e+05  -3.5150128e+05
   7.4000000e+01  -2.7187812e+05  -2.8300416e+05
   7.4100000e+01  -2.3085998e+05  -2.1209745e+05
   7.4200000e+01  -1.8577377e+05  -1.3896258e+05
   7.4300000e+01  -1.3966720e+05  -6.0341000e+04
   7.4400000e+01  -9.0666070e+04   2.5020414e+04
   7.4500000e+01  -3.5601820e+04   1.1134433e+05
   7.4600000e+01   2.2872514e+04   1.8724980e+05
   7.4700000e+01   7.3367508e+04   2.4326408e+05
   7.4800000e+01   1.0229384e+05   2.7844231e+05
   7.4900000e+01   1.0552689e+05   2.9990356e+05
   7.5000000e+01   9.3774992e+04   3.1641956e+05
   7.5100000e+01   8.4787438e+04   3.3252288e+05
   7.5200000e+01   8.8572250e+04   3.4741975e+05
   7.5300000e+01   9.9435938e+04   3.5734822e+05
   7.5400000e+01   1.0209898e+05   3.5818844e+05
   7.5500000e+01   8.5477273e+04   3.4765441e+05
   7.5600000e+01   5.1588270e+04   3.2769622e+05
   7.5700000e+01   1.3542638e+04   3.0541228e+05
   7.5800000e+01  -1.3201668e+04   2.8943325e+05
   7.5900000e+01  -1.8766531e+04   2.8268794e+05
   7.6000000e+01  -2.2504429e+03   2.7801306e+05
   7.6100000e+01   2.9063973e+04   2.6244150e+05
   7.6200000e+01   6.3709914e+04   2.2797147e+05
   7.6300000e+01   9.2174406e+04   1.7939538e+05
   7.6400000e+01   1.1203848e+05   1.3166453e+05
   7.6500000e+01   1.2785849e+05   9.8830867e+04
   7.6600000e+01   1.4517000e+05   8.4209234e+04
   7.6700000e+01   1.6403222e+05   7.9827156e+04
   7.6800000e+01   1.7876347e+05   7.4588227e+04
   7.6900000e+01   1.8413347e+05   6.3186426e+04
   7.7000000e+01   1.8081473e+05   4.7995645e+04
   7.7100000e+01   1.7346291e+05   3.3228633e+04
   7.7200000e+01   1.6363492e+05   1.8058816e+04
   7.7300000e+01   1.4661195e+05  -3.7134863e+03
   7.7400000e+01   1.1706736e+05  -3.6718797e+04
   7.7500000e+01   7.7499703e+04  -7.7235695e+04
   7.7600000e+01   3.8840688e+04  -1.1468762e+05
   7.7700000e+01   1.1061033e+04  -1.4097219e+05
   7.7800000e+01  -6.4989570e+03  -1.5816922e+05
   7.7900000e+01  -2.4323730e+04  -1.7628822e+05
   7.8000000e+01  -5.2055242e+04  -2.0343984e+05
   7.8100000e+01  -8.9029391e+04  -2.3894719e+05
   7.8200000e+01  -1.2496762e+05  -2.7583488e+05
   7.8300000e+01  -1.4873012e+05  -3.0796188e+05
   7.8400000e+01  -1.5606386e+05  -3.3256603e+05
   7.8500000e+01  -1.5051548e+05  -3.4636347e+05
   7.8600000e+01  -1.3911072e+05  -3.4272356e+05
   7.8700000e+01  -1.2768640e+05  -3.1648634e+05
   7.8800000e+01  -1.1879412e+05  -2.7250250e+05
   7.8900000e+01  -1.1210522e+05  -2.2699442e+05
   7.9000000e+01  -1.0586704e+05  -1.9690003e+05
   7.9100000e+01  -9.7856695e+04  -1.8571675e+05
   7.9200000e+01  -8.5183234e+04  -1.7997914e+05
   7.9300000e+01  -6.4176438e+04  -1.6095866e+05
   7.9400000e+01  -3.2470211e+04  -1.2075866e+05
   7.9500000e+01   7.0932979e+03  -6.7361477e+04
   7.9600000e+01   4.4965750e+04  -1.4924544e+04
   7.9700000e+01   6.9641375e+04   2.9069459e+04
   7.9800000e+01   7.6233969e+04   6.6499055e+04
   7.9900000e+01   7.0874602e+04   1.0102548e+05
   8.0000000e+01   6.5681164e+04   1.3178492e+05
   8.0100000e+01   6.8483078e+04   1.5606333e+05
   8.0200000e+01   7.7142500e+04   1.7555877e+05
   8.0300000e+01   8.3384391e+04   1.9619558e+05
   8.0400000e+01   8.1074914e+04   2.2091011e+05
   8.0500000e+01   7.0229711e+04   2.4494753e+05
   8.0600000e+01   5.4151969e+04   2.6028497e+05
   8.0700000e+01   3.4910164e+04   2.6417928e+05
   8.0800000e+01   1.2771758e+04   2.6199756e+05
   8.0900000e+01  -1.0989805e+04   2.6178586e+05
   8.1000000e+01  -3.2714867e+04   2.6705712e+05
   8.1100000e+01  -4.8570887e+04   2.7444416e+05
   8.1200000e+01  -5.7435883e+04   2.7653741e+05
   8.1300000e+01  -6.0941047e+04   2.6637106e+05
   8.1400000e+01  -6.1319445e+04   2.4111555e+05
   8.1500000e+01  -6.0456699e+04   2.0399928e+05
   8.1600000e+01  -6.1058477e+04   1.6313977e+05
   8.1700000e+01  -6.6846719e+04   1.2682558e+05
   8.1800000e+01  -7.9303523e+04   9.8026547e+04
   8.1900000e+01  -9.3704875e+04   7.2512047e+04
   8.2000000e+01  -1.0022833e+05   4.1982227e+04
   8.2100000e+01  -9.1625922e+04  -5.6275781e+02
   8.2200000e+01  -7.1099227e+04  -5.6585109e+04
   8.2300000e+01  -5.1826582e+04  -1.2010632e+05
   8.2400000e+01  -4.6871617e+04  -1.7865181e+05
   8.2500000e+01  -5.8036148e+04  -2.1833380e+05
   8.2600000e+01  -7.4040234e+04  -2.3232112e+05
   8.2700000e+01  -7.9887016e+04  -2.2686372e+05
   8.2800000e+01  -6.8938180e+04  -2.1778638e+05
   8.2900000e+01  -4.7165336e+04  -2.1790709e+05
   8.3000000e+01  -2.6557941e+04  -2.2600350e+05
   8.3100000e+01  -1.4177106e+04  -2.2857430e+05
   8.3200000e+01  -6.5593965e+03  -2.1366927e+05
   8.3300000e+01   5.9426025e+03  -1.8334956e+05
   8.3400000e+01   2.9146211e+04  -1.5217552e+05
   8.3500000e+01   5.8869332e+04  -1.3341777e+05
   8.3600000e+01   8.4887219e+04  -1.2725263e+05
   8.3700000e+01   1.0159498e+05  -1.2259965e+05
   8.3800000e+01   1.1467205e+05  -1.0973428e+05
   8.3900000e+01   1.3627127e+05  -9.0220812e+04
   8.4000000e+01   1.7284477e+05  -7.4639141e+04
   8.4100000e+01   2.1773177e+05  -7.1500586e+04
   8.4200000e+01   2.5596652e+05  -7.8695891e+04
   8.4300000e+01   2.7622328e+05  -8.4960797e+04
   8.4400000e+01   2.7809997e+05  -7.9009672e+04
   8.4500000e+01   2.6880647e+05  -5.8116922e+04
   8.4600000e+01   2.5428928e+05  -2.9785939e+04
   8.4700000e+01   2.3397828e+05  -6.1512646e+03
   8.4800000e+01   2.0294305e+05   4.3435967e+03
   8.4900000e+01   1.5778181e+05   2.3300547e+03
   8.5000000e+01   1.0048383e+05  -3.2212178e+03
   8.5100000e+01   3.7786906e+04  -9.2612305e+02
   8.5200000e+01  -2.2567342e+04   1.5910115e+04
   8.5300000e+01  -7.5839773e+04   4.5405738e+04
   8.5400000e+01  -1.2225003e+05   7.8780688e+04
   8.5500000e+01  -1.6579219e+05   1.0674710e+05
   8.5600000e+01  -2.1044561e+05   1.2653598e+05
   8.5700000e+01  -2.5613819e+05   1.4401138e+05
   8.5800000e+01  -2.9761966e+05   1.6805238e+05
   8.5900000e+01  -3.2777681e+05   2.0105080e+05
   8.6000000e+01  -3.4322256e+05   2.3428834e+05
   8.6100000e+01  -3.4714244e+05   2.5366302e+05
   8.6200000e+01  -3.4588706e+05   2.5129566e+05
   8.6300000e+01  -3.4167669e+05   2.3214244e+05
   8.6400000e+01  -3.2873872e+05   2.0943216e+05
   8.6500000e+01  -2.9803603e+05   1.9374388e+05
   8.6600000e+01  -2.4706141e+05   1.8594394e+05
   8.6700000e+01  -1.8482333e+05   1.7904002e+05
   8.6800000e+01  -1.2603058e+05   1.6519098e+05
   8.6900000e+01  -7.9462516e+04   1.4101133e+05
   8.7000000e+01  -4.1693977e+04   1.0817286e+05
   8.7100000e+01  -1.7612812e+03   7.1115758e+04
   8.7200000e+01   4.8582836e+04   3.4691113e+04
   8.7300000e+01   1.0857764e+05   2.7078506e+03
   8.7400000e+01   1.6978705e+05  -2.2995912e+04
   8.7500000e+01   2.2114103e+05  -4.3021281e+04
   8.7600000e+01   2.5312598e+05  -5.9853145e+04
   8.7700000e+01   2.6104373e+05  -7.6169281e+04
   8.7800000e+01   2.4859741e+05  -9.3070734e+04
   8.7900000e+01   2.2903191e+05  -1.0962970e+05
   8.8000000e+01   2.1902773e+05  -1.2390469e+05
   8.8100000e+01   2.2673609e+05  -1.3407677e+05
   8.8200000e+01   2.4412795e+05  -1.3863584e+05
   8.8300000e+01   2.5302125e+05  -1.3633736e+05
   8.8400000e+01   2.4124848e+05  -1.2721295e+05
   8.8500000e+01   2.1367358e+05  -1.1399183e+05
   8.8600000e+01   1.8668608e+05  -1.0166477e+05
   8.8700000e+01   1.7176664e+05  -9.4679516e+04
   8.8800000e+01   1.6521858e+05  -9.4501445e+04
   8.8900000e+01   1.5409794e+05  -1.0012702e+05
   8.9000000e+01   1.3072956e+05  -1.1029613e+05
   8.9100000e+01   9.9758719e+04  -1.2416255e+05
   8.9200000e+01   7.1114516e+04  -1.4018147e+05
   8.9300000e+01   4.8003156e+04  -1.5623386e+05
   8.9400000e+01   2.3597762e+04  -1.7190516e+05
   8.9500000e+01  -1.0441219e+04  -1.8925430e+05
   8.9600000e+01  -5.3480266e+04  -2.0915414e+05
   8.9700000e+01  -9.4792219e+04  -2.2665373e+05
   8.9800000e+01  -1.2257610e+05  -2.3176452e+05
   8.9900000e+01  -1.3351103e+05  -2.1629216e+05
   9.0000000e+01  -1.3385308e+05  -1.7994259e+05
   9.0100000e+01  -1.3278448e+05  -1.2984651e+05
   9.0200000e+01  -1.3608609e+05  -7.5329070e+04
   9.0300000e+01  -1.4566480e+05  -2.3726551e+04
   9.0400000e+01  -1.6240077e+05   2.0741957e+04
   9.0500000e+01  -1.8641045e+05   5.7339332e+04
   9.0600000e+01  -2.1376278e+05   8.9143953e+04
   9.0700000e+01  -2.3505780e+05   1.2086747e+05
   9.0800000e+01  -2.4051505e+05   1.5384059e+05
   9.0900000e+01  -2.2853325e+05   1.8303434e+05
   9.1000000e+01  -2.0897198e+05   2.0047544e+05
   9.1100000e+01  -1.9604464e+05   2.0211770e+05
   9.1200000e+01  -1.9595203e+05   1.9066053e+05
   9.1300000e+01  -2.0070088e+05   1.7171609e+05
   9.1400000e+01  -1.9462311e+05   1.4891212e+05
   9.1500000e+01  -1.6804922e+05   1.2406639e+05
   9.1600000e+01  -1.2547768e+05   1.0097853e+05
   9.1700000e+01  -8.1014133e+04   8.6154555e+04
   9.1800000e+01  -4.6404547e+04   8.3957938e+04
   9.1900000e+01  -2.3507770e+04   9.1592906e+04
   9.2000000e+01  -7.0285957e+03   1.0053466e+05
   9.2100000e+01   7.8630327e+03   1.0395230e+05
   9.2200000e+01   2.2173449e+04   1.0289316e+05
   9.2300000e+01   3.6263164e+04   1.0509039e+05
   9.2400000e+01   5.3542969e+04   1.1743618e+05
   9.2500000e+01   7.8813203e+04   1.3888445e+05
   9.2600000e+01   1.1280462e+05   1.5998580e+05
   9.2700000e+01   1.4952850e+05   1.6962964e+05
   9.2800000e+01   1.7987964e+05   1.6349792e+05
   9.2900000e+01   1.9796820e+05   1.4689389e+05
   9.3000000e+01   2.0414434e+05   1.2911846e+05
   9.3100000e+01   2.0277920e+05   1.1445235e+05
   9.3200000e+01   1.9811411e+05   9.8624375e+04
   9.3300000e+01   1.9216748e+05   7.4437781e+04
   9.3400000e+01   1.8519769e+05   4.0509336e+04
   9.3500000e+01   1.7652391e+05   3.5604199e+03
   9.3600000e+01   1.6457548e+05  -2.8159561e+04
   9.3700000e+01   1.4757467e+05  -5.2919016e+04
   9.3800000e+01   1.2604948e+05  -7.6367945e+04
   9.3900000e+01   1.0511130e+05  -1.0481741e+05
   9.4000000e+01   9.2629312e+04  -1.3838780e+05
   9.4100000e+01   9.2890875e+04  -1.7063873e+05
   9.4200000e+01   1.0128533e+05  -1.9407595e+05
   9.4300000e+01   1.0658701e+05  -2.0568259e+05
   9.4400000e+01   1.0045229e+05  -2.0773125e+05
   9.4500000e+01   8.5418289e+04  -2.0404730e+05
   9.4600000e+01   7.2847977e+04  -1.9574959e+05
   9.4700000e+01   7.2011539e+04  -1.8053223e+05
   9.4800000e+01   8.0723406e+04  -1.5605023e+05
   9.4900000e+01   8.6651320e+04  -1.2383823e+05
   9.5000000e+01   7.8061453e+04  -8.9450898e+04
   9.5100000e+01   5.4118246e+04  -5.8458652e+04
   9.5200000e+01   2.5716145e+04  -3.2499041e+04
   9.5300000e+01   6.2191895e+03  -9.3481895e+03
   9.5400000e+01  -1.0692383e+02   1.3790613e+04
   9.5500000e+01  -1.9470449e+03   3.7742109e+04
   9.5600000e+01  -1.2927473e+04   6.1346000e+04
   9.5700000e+01  -3.8213434e+04   8.2136203e+04
   9.5800000e+01  -6.8641125e+04   9.6342234e+04
   9.5900000e+01  -8.9359359e+04   1.0003653e+05
   9.6000000e+01  -9.4932625e+04   9.2896734e+04
   9.6100000e+01  -9.4605844e+04   8.1219711e+04
   9.6200000e+01  -1.0133305e+05   7.4750594e+04
   9.6300000e+01  -1.1669414e+05   7.7831922e+04
   9.6400000e+01  -1.2907227e+05   8.3499609e+04
   9.6500000e+01  -1.2719272e+05   7.8456617e+04
   9.6600000e+01  -1.1325527e+05   5.5795238e+04
   9.6700000e+01  -1.0082187e+05   2.2793719e+04
   9.6800000e+01  -1.0051088e+05  -4.9683921e+03
   9.6900000e+01  -1.0954615e+05  -1.7623941e+04
   9.7000000e+01  -1.1528895e+05  -1.8752523e+04
   9.7100000e+01  -1.0738064e+05  -1.9415035e+04
   9.7200000e+01  -8.6118688e+04  -2.6099922e+04
   9.7300000e+01  -6.0985277e+04  -3.5938812e+04
   9.7400000e+01  -4.2794578e+04  -4.2785211e+04
   9.7500000e+01  -3.6310570e+04  -4.4926109e+04
   9.7600000e+01  -3.7842004e+04  -4.4927266e+04
   9.7700000e+01  -3.8859227e+04  -4.3612859e+04
   9.7800000e+01  -3.3453770e+04  -3.7824359e+04
   9.7900000e+01  -2.4280953e+04  -2.5685408e+04
   9.8000000e+01  -2.1257980e+04  -1.2294507e+04
   9.8100000e+01  -3.2679613e+04  -7.7916348e+03
   9.8200000e+01  -5.6178898e+04  -1.9420488e+04
   9.8300000e+01  -7.8620930e+04  -4.6211852e+04
   9.8400000e+01  -8.5996328e+04  -8.0685336e+04
   9.8500000e+01  -7.4188711e+04  -1.1367299e+05
   9.8600000e+01  -5.0434430e+04  -1.3728189e+05
   9.8700000e+01  -2.5048418e+04  -1.4643470e+05
   9.8800000e+01  -2.7495703e+03  -1.4142641e+05
   9.8900000e+01   1.8160008e+04  -1.2947660e+05
   9.9000000e+01   4.0282406e+04  -1.2077786e+05
   9.9100000e+01   6.3092465e+04  -1.2023252e+05
   9.9200000e+01   8.4247891e+04  -1.2302834e+05
   9.9300000e+01   1.0250539e+05  -1.1961309e+05
   9.9400000e+01   1.1750189e+05  -1.0511459e+05
   9.9500000e+01   1.2735192e+05  -8.3078977e+04
   9.9600000e+01   1.2841738e+05  -6.0562344e+04
   9.9700000e+01   1.1805977e+05  -4.1761129e+04
   9.9800000e+01   9.6695805e+04  -2.7249902e+04
   9.9900000e+01   6.7071008e+04  -1.6654953e+04
   1.0000000e+02   3.2881918e+04  -8.8922334e+03
