   1.1851270e+02   3.6301420e+01   1.8450000e+02
   1.1937556e+02   3.6751134e+01   3.8700000e+01
   0.0000000e+00   2.3365853e+05   2.3365853e+05
   1.0000000e-01   1.5300116e+05   2.8826481e+05
   2.0000000e-01   6.3030871e+04   3.1621288e+05
   3.0000000e-01  -1.3060246e+04   3.3086166e+05
   4.0000000e-01  -6.0172332e+04   3.4806012e+05
   5.0000000e-01  -8.0581773e+04   3.7515381e+05
   6.0000000e-01  -9.2163906e+04   4.0821550e+05
   7.0000000e-01  -1.1677231e+05   4.3689319e+05
   8.0000000e-01  -1.6569252e+05   4.5089431e+05
   9.0000000e-01  -2.3164889e+05   4.4394141e+05
   1.0000000e+00  -2.9392756e+05   4.1538828e+05
   1.1000000e+00  -3.3395772e+05   3.7063688e+05
   1.2000000e+00  -3.4913466e+05   3.1945512e+05
   1.3000000e+00  -3.5275544e+05   2.7104950e+05
   1.4000000e+00  -3.6003059e+05   2.2809000e+05
   1.5000000e+00  -3.7332134e+05   1.8495234e+05
   1.6000000e+00  -3.8038900e+05   1.3339666e+05
   1.7000000e+00  -3.6661531e+05   7.2014258e+04
   1.8000000e+00  -3.2903000e+05   1.0492864e+04
   1.9000000e+00  -2.7933906e+05  -3.7076844e+04
   2.0000000e+00  -2.3424927e+05  -6.4903301e+04
   2.1000000e+00  -2.0253695e+05  -8.1391594e+04
   2.2000000e+00  -1.7977697e+05  -1.0067559e+05
   2.3000000e+00  -1.5405044e+05  -1.2748197e+05
   2.4000000e+00  -1.1707162e+05  -1.5193859e+05
   2.5000000e+00  -7.1732594e+04  -1.6147225e+05
   2.6000000e+00  -3.0278082e+04  -1.5765022e+05
   2.7000000e+00  -4.2615449e+03  -1.5866581e+05
   2.8000000e+00   6.2316719e+03  -1.8298080e+05
   2.9000000e+00   1.5058350e+04  -2.3071733e+05
   3.0000000e+00   4.0637199e+04  -2.8269088e+05
   3.1000000e+00   9.0987703e+04  -3.1834678e+05
   3.2000000e+00   1.5562305e+05  -3.3406497e+05
   3.3000000e+00   2.1218217e+05  -3.4376469e+05
   3.4000000e+00   2.4286881e+05  -3.6265906e+05
   3.5000000e+00   2.4660881e+05  -3.9127606e+05
   3.6000000e+00   2.3700627e+05  -4.1458831e+05
   3.7000000e+00   2.2968859e+05  -4.1518875e+05
   3.8000000e+00   2.3143273e+05  -3.8701078e+05
   3.9000000e+00   2.3923920e+05  -3.3772162e+05
   4.0000000e+00   2.4667319e+05  -2.7957800e+05
   4.1000000e+00   2.4963375e+05  -2.1858283e+05
   4.2000000e+00   2.4763909e+05  -1.5207806e+05
   4.3000000e+00   2.4236277e+05  -7.6169125e+04
   4.4000000e+00   2.3587858e+05   5.3962930e+03
   4.5000000e+00   2.2881747e+05   8.0874203e+04
   4.6000000e+00   2.1860962e+05   1.3981844e+05
   4.7000000e+00   1.9991434e+05   1.8226064e+05
   4.8000000e+00   1.6857953e+05   2.1719838e+05
   4.9000000e+00   1.2628216e+05   2.5123506e+05
   5.0000000e+00   8.0779391e+04   2.7962731e+05
   5.1000000e+00   4.0430004e+04   2.8983553e+05
   5.2000000e+00   7.7127344e+03   2.7380288e+05
   5.3000000e+00  -2.2184238e+04   2.3576611e+05
   5.4000000e+00  -5.6553062e+04   1.8829350e+05
   5.5000000e+00  -9.8645945e+04   1.4262003e+05
   5.6000000e+00  -1.4481258e+05   1.0398191e+05
   5.7000000e+00  -1.8704609e+05   7.4487789e+04
   5.8000000e+00  -2.1868591e+05   5.6984449e+04
   5.9000000e+00  -2.3920114e+05   5.4370070e+04
   6.0000000e+00  -2.5442231e+05   6.6406070e+04
   6.1000000e+00  -2.7119397e+05   8.9223008e+04
   6.2000000e+00  -2.8981553e+05   1.1833588e+05
   6.3000000e+00  -3.0087006e+05   1.5140523e+05
   6.4000000e+00  -2.9083803e+05   1.8809277e+05
   6.5000000e+00  -2.5335786e+05   2.2817762e+05
   6.6000000e+00  -1.9677967e+05   2.7002175e+05
   6.7000000e+00  -1.4063750e+05   3.0973878e+05
   6.8000000e+00  -1.0288667e+05   3.4101638e+05
   6.9000000e+00  -8.7786875e+04   3.5668672e+05
   7.0000000e+00  -8.4019406e+04   3.5231966e+05
   7.1000000e+00  -7.4625344e+04   3.2910234e+05
   7.2000000e+00  -5.1274289e+04   2.9269522e+05
   7.3000000e+00  -2.1837857e+04   2.4878108e+05
   7.4000000e+00  -4.8974375e+03   1.9980177e+05
   7.5000000e+00  -1.4943713e+04   1.4555280e+05
   7.6000000e+00  -5.0145836e+04   8.5295414e+04
   7.7000000e+00  -9.3080188e+04   1.7983043e+04
   7.8000000e+00  -1.2367644e+05  -5.8552652e+04
   7.9000000e+00  -1.3270773e+05  -1.4585552e+05
   8.0000000e+00  -1.2427588e+05  -2.4053791e+05
   8.1000000e+00  -1.0684510e+05  -3.3251397e+05
   8.2000000e+00  -8.2959523e+04  -4.0946059e+05
   8.3000000e+00  -4.7465773e+04  -4.6401591e+05
   8.4000000e+00   5.4609966e+03  -4.9659694e+05
   8.5000000e+00   7.4348961e+04  -5.1174891e+05
   8.6000000e+00   1.4887164e+05  -5.1319975e+05
   8.7000000e+00   2.1534181e+05  -5.0301838e+05
   8.8000000e+00   2.6434416e+05  -4.8385006e+05
   8.9000000e+00   2.9517897e+05  -4.5930925e+05
   9.0000000e+00   3.1492912e+05  -4.3128119e+05
   9.1000000e+00   3.3329947e+05  -3.9832803e+05
   9.2000000e+00   3.5629862e+05  -3.5848972e+05
   9.3000000e+00   3.8227041e+05  -3.1355438e+05
   9.4000000e+00   4.0262538e+05  -2.6908012e+05
   9.5000000e+00   4.0690119e+05  -2.2933347e+05
   9.6000000e+00   3.8888456e+05  -1.9275883e+05
   9.7000000e+00   3.4981903e+05  -1.5330442e+05
   9.8000000e+00   2.9708484e+05  -1.0624212e+05
   9.9000000e+00   2.4010408e+05  -5.2277223e+04
   1.0000000e+01   1.8648636e+05   3.9594634e+03
   1.0100000e+01   1.3995305e+05   5.9023195e+04
   1.0200000e+01   9.9720703e+04   1.1440118e+05
   1.0300000e+01   6.1061406e+04   1.7563438e+05
   1.0400000e+01   1.7772629e+04   2.4704512e+05
   1.0500000e+01  -3.3425719e+04   3.2540550e+05
   1.0600000e+01  -8.9265617e+04   3.9789334e+05
   1.0700000e+01  -1.4094486e+05   4.4833588e+05
   1.0800000e+01  -1.8024209e+05   4.6908175e+05
   1.0900000e+01  -2.0575928e+05   4.6835775e+05
   1.1000000e+01  -2.2324881e+05   4.6416684e+05
   1.1100000e+01  -2.3965547e+05   4.6805309e+05
   1.1200000e+01  -2.5710505e+05   4.7367925e+05
   1.1300000e+01  -2.7282891e+05   4.6197600e+05
   1.1400000e+01  -2.8403772e+05   4.1833944e+05
   1.1500000e+01  -2.9141469e+05   3.4550881e+05
   1.1600000e+01  -2.9742544e+05   2.6114530e+05
   1.1700000e+01  -3.0235225e+05   1.8460528e+05
   1.1800000e+01  -3.0327866e+05   1.2570102e+05
   1.1900000e+01  -2.9696462e+05   8.2893570e+04
   1.2000000e+01  -2.8294338e+05   4.8649027e+04
   1.2100000e+01  -2.6386097e+05   1.6116052e+04
   1.2200000e+01  -2.4382512e+05  -1.6373426e+04
   1.2300000e+01  -2.2660909e+05  -4.4303227e+04
   1.2400000e+01  -2.1361072e+05  -6.0223996e+04
   1.2500000e+01  -2.0127377e+05  -5.9892473e+04
   1.2600000e+01  -1.8068006e+05  -4.6581094e+04
   1.2700000e+01  -1.4282072e+05  -2.9232436e+04
   1.2800000e+01  -8.7514078e+04  -1.5932039e+04
   1.2900000e+01  -2.7378316e+04  -9.3035957e+03
   1.3000000e+01   1.9575154e+04  -8.2752568e+03
   1.3100000e+01   4.3831969e+04  -1.3275854e+04
   1.3200000e+01   5.1609559e+04  -2.8097865e+04
   1.3300000e+01   5.8040195e+04  -5.5993906e+04
   1.3400000e+01   7.3455047e+04  -9.4687078e+04
   1.3500000e+01   9.6761773e+04  -1.3633334e+05
   1.3600000e+01   1.2112887e+05  -1.7277219e+05
   1.3700000e+01   1.4349147e+05  -2.0070103e+05
   1.3800000e+01   1.6680195e+05  -2.2216695e+05
   1.3900000e+01   1.9415980e+05  -2.4128473e+05
   1.4000000e+01   2.2344566e+05  -2.6137512e+05
   1.4100000e+01   2.4895980e+05  -2.8440250e+05
   1.4200000e+01   2.6721400e+05  -3.1075216e+05
   1.4300000e+01   2.7959831e+05  -3.3763234e+05
   1.4400000e+01   2.8935519e+05  -3.5818409e+05
   1.4500000e+01   2.9698591e+05  -3.6471725e+05
   1.4600000e+01   2.9904494e+05  -3.5506619e+05
   1.4700000e+01   2.9078238e+05  -3.3579800e+05
   1.4800000e+01   2.6943628e+05  -3.1738453e+05
   1.4900000e+01   2.3562762e+05  -3.0460706e+05
   1.5000000e+01   1.9304064e+05  -2.9144969e+05
   1.5100000e+01   1.4761739e+05  -2.6599206e+05
   1.5200000e+01   1.0628959e+05  -2.2077689e+05
   1.5300000e+01   7.4438133e+04  -1.5876917e+05
   1.5400000e+01   5.2769711e+04  -8.9891094e+04
   1.5500000e+01   3.6499398e+04  -2.2334736e+04
   1.5600000e+01   1.9051957e+04   4.3141586e+04
   1.5700000e+01  -1.7853008e+03   1.1155959e+05
   1.5800000e+01  -2.0958090e+04   1.8683911e+05
   1.5900000e+01  -3.0275055e+04   2.6542700e+05
   1.6000000e+01  -2.6686355e+04   3.3551728e+05
   1.6100000e+01  -1.7141535e+04   3.8317953e+05
   1.6200000e+01  -1.5149019e+04   4.0160734e+05
   1.6300000e+01  -3.1837676e+04   3.9641912e+05
   1.6400000e+01  -6.9227789e+04   3.8210700e+05
   1.6500000e+01  -1.2082753e+05   3.7186100e+05
   1.6600000e+01  -1.7765086e+05   3.6888947e+05
   1.6700000e+01  -2.3345834e+05   3.6601466e+05
   1.6800000e+01  -2.8519856e+05   3.5300278e+05
   1.6900000e+01  -3.3020900e+05   3.2507325e+05
   1.7000000e+01  -3.6457228e+05   2.8642297e+05
   1.7100000e+01  -3.8448744e+05   2.4747911e+05
   1.7200000e+01  -3.8821016e+05   2.1872320e+05
   1.7300000e+01  -3.7556719e+05   2.0480339e+05
   1.7400000e+01  -3.4587778e+05   2.0162366e+05
   1.7500000e+01  -2.9797094e+05   1.9789759e+05
   1.7600000e+01  -2.3343498e+05   1.8106356e+05
   1.7700000e+01  -1.5916586e+05   1.4484138e+05
   1.7800000e+01  -8.4832180e+04   9.3455250e+04
   1.7900000e+01  -1.6790371e+04   3.8557199e+04
   1.8000000e+01   4.4784316e+04  -9.8909902e+03
   1.8100000e+01   1.0162550e+05  -5.1703719e+04
   1.8200000e+01   1.5061338e+05  -9.5991922e+04
   1.8300000e+01   1.8319809e+05  -1.5155577e+05
   1.8400000e+01   1.9328550e+05  -2.1644247e+05
   1.8500000e+01   1.8560530e+05  -2.7677769e+05
   1.8600000e+01   1.7454209e+05  -3.1682297e+05
   1.8700000e+01   1.7296791e+05  -3.3140425e+05
   1.8800000e+01   1.8168070e+05  -3.2925803e+05
   1.8900000e+01   1.9009020e+05  -3.2435859e+05
   1.9000000e+01   1.8733247e+05  -3.2344888e+05
   1.9100000e+01   1.7249738e+05  -3.2085822e+05
   1.9200000e+01   1.5440716e+05  -3.0422331e+05
   1.9300000e+01   1.4271284e+05  -2.6513575e+05
   1.9400000e+01   1.4005353e+05  -2.0590831e+05
   1.9500000e+01   1.4186861e+05  -1.3843264e+05
   1.9600000e+01   1.4169781e+05  -7.7495359e+04
   1.9700000e+01   1.3587133e+05  -3.3671238e+04
   1.9800000e+01   1.2479380e+05  -9.8185957e+03
   1.9900000e+01   1.1209557e+05  -2.5666787e+03
   2.0000000e+01   1.0284034e+05  -7.3083271e+03
   2.0100000e+01   1.0037715e+05  -2.2803418e+04
   2.0200000e+01   1.0266302e+05  -5.1351445e+04
   2.0300000e+01   1.0145919e+05  -9.3993320e+04
   2.0400000e+01   8.6749453e+04  -1.4512589e+05
   2.0500000e+01   5.3675984e+04  -1.9232302e+05
   2.0600000e+01   5.9847500e+03  -2.2271175e+05
   2.0700000e+01  -4.7170793e+04  -2.3081323e+05
   2.0800000e+01  -9.7927906e+04  -2.2091853e+05
   2.0900000e+01  -1.4360914e+05  -2.0198441e+05
   2.1000000e+01  -1.8452327e+05  -1.7973878e+05
   2.1100000e+01  -2.1849755e+05  -1.5252612e+05
   2.1200000e+01  -2.3849883e+05  -1.1331002e+05
   2.1300000e+01  -2.3721672e+05  -5.5266387e+04
   2.1400000e+01  -2.1551986e+05   2.2936277e+04
   2.1500000e+01  -1.8633988e+05   1.1470105e+05
   2.1600000e+01  -1.6798280e+05   2.0743991e+05
   2.1700000e+01  -1.7064667e+05   2.8928891e+05
   2.1800000e+01  -1.8800083e+05   3.5718491e+05
   2.1900000e+01  -2.0253931e+05   4.1885534e+05
   2.2000000e+01  -2.0046811e+05   4.8419288e+05
   2.2100000e+01  -1.8206531e+05   5.5233769e+05
   2.2200000e+01  -1.5780559e+05   6.0819138e+05
   2.2300000e+01  -1.3516534e+05   6.3434262e+05
   2.2400000e+01  -1.1045153e+05   6.2717038e+05
   2.2500000e+01  -7.4149672e+04   5.9942631e+05
   2.2600000e+01  -2.3632734e+04   5.6589188e+05
   2.2700000e+01   3.0683008e+04   5.2815831e+05
   2.2800000e+01   7.2641359e+04   4.7544541e+05
   2.2900000e+01   9.4120484e+04   3.9916656e+05
   2.3000000e+01   1.0201604e+05   3.0334697e+05
   2.3100000e+01   1.1231321e+05   1.9983123e+05
   2.3200000e+01   1.3751903e+05   9.6462914e+04
   2.3300000e+01   1.7871547e+05  -6.8125215e+03
   2.3400000e+01   2.2730423e+05  -1.1161151e+05
   2.3500000e+01   2.7218756e+05  -2.1557372e+05
   2.3600000e+01   3.0547169e+05  -3.1504894e+05
   2.3700000e+01   3.2439153e+05  -4.0984050e+05
   2.3800000e+01   3.3137497e+05  -5.0051522e+05
   2.3900000e+01   3.3295725e+05  -5.8043644e+05
   2.4000000e+01   3.3569209e+05  -6.3430169e+05
   2.4100000e+01   3.3958862e+05  -6.4823675e+05
   2.4200000e+01   3.3504438e+05  -6.2170925e+05
   2.4300000e+01   3.0893094e+05  -5.6809700e+05
   2.4400000e+01   2.5651708e+05  -5.0318700e+05
   2.4500000e+01   1.8774536e+05  -4.3379422e+05
   2.4600000e+01   1.2015180e+05  -3.5731225e+05
   2.4700000e+01   6.4161539e+04  -2.7070828e+05
   2.4800000e+01   1.4987438e+04  -1.7869073e+05
   2.4900000e+01  -4.0931715e+04  -9.3276789e+04
   2.5000000e+01  -1.1138712e+05  -2.5863604e+04
   2.5100000e+01  -1.8956320e+05   2.0607654e+04
   2.5200000e+01  -2.5862472e+05   5.2139789e+04
   2.5300000e+01  -3.0519716e+05   7.5956688e+04
   2.5400000e+01  -3.3013794e+05   9.1615750e+04
   2.5500000e+01  -3.4775631e+05   9.0351945e+04
   2.5600000e+01  -3.7389466e+05   6.4661938e+04
   2.5700000e+01  -4.1222100e+05   1.8760914e+04
   2.5800000e+01  -4.5006544e+05  -3.2071002e+04
   2.5900000e+01  -4.6762278e+05  -7.4029094e+04
   2.6000000e+01  -4.5267966e+05  -1.0628171e+05
   2.6100000e+01  -4.0813075e+05  -1.3855628e+05
   2.6200000e+01  -3.4705172e+05  -1.7691947e+05
   2.6300000e+01  -2.8218994e+05  -2.1303931e+05
   2.6400000e+01  -2.2008150e+05  -2.2853536e+05
   2.6500000e+01  -1.6208027e+05  -2.0992280e+05
   2.6600000e+01  -1.0695995e+05  -1.5929867e+05
   2.6700000e+01  -5.1942898e+04  -9.1599656e+04
   2.6800000e+01   4.7537002e+03  -2.2916686e+04
   2.6900000e+01   5.8389086e+04   3.9000344e+04
   2.7000000e+01   9.5944750e+04   9.5918062e+04
   2.7100000e+01   1.0537897e+05   1.5432891e+05
   2.7200000e+01   9.0184906e+04   2.2001000e+05
   2.7300000e+01   7.2438406e+04   2.9459262e+05
   2.7400000e+01   7.6091883e+04   3.7428544e+05
   2.7500000e+01   1.0459548e+05   4.5114678e+05
   2.7600000e+01   1.3663414e+05   5.1734972e+05
   2.7700000e+01   1.4652766e+05   5.7011600e+05
   2.7800000e+01   1.2949042e+05   6.1231419e+05
   2.7900000e+01   1.0644284e+05   6.4631962e+05
   2.8000000e+01   1.0460180e+05   6.6612375e+05
   2.8100000e+01   1.3426322e+05   6.5688312e+05
   2.8200000e+01   1.8349209e+05   6.0527325e+05
   2.8300000e+01   2.3242569e+05   5.1225788e+05
   2.8400000e+01   2.7074281e+05   3.9514669e+05
   2.8500000e+01   3.0244466e+05   2.7537697e+05
   2.8600000e+01   3.3663744e+05   1.6343602e+05
   2.8700000e+01   3.7528434e+05   5.5917336e+04
   2.8800000e+01   4.0928597e+05  -5.3256922e+04
   2.8900000e+01   4.2535662e+05  -1.6074434e+05
   2.9000000e+01   4.1661609e+05  -2.5424020e+05
   2.9100000e+01   3.8698578e+05  -3.2390297e+05
   2.9200000e+01   3.4549447e+05  -3.7094322e+05
   2.9300000e+01   2.9638534e+05  -4.0410359e+05
   2.9400000e+01   2.3514125e+05  -4.2944050e+05
   2.9500000e+01   1.5442416e+05  -4.4551019e+05
   2.9600000e+01   5.3667199e+04  -4.4787094e+05
   2.9700000e+01  -5.7224320e+04  -4.3544434e+05
   2.9800000e+01  -1.6283109e+05  -4.1097603e+05
   2.9900000e+01  -2.5024142e+05  -3.7724216e+05
   3.0000000e+01  -3.1357903e+05  -3.3612697e+05
   3.0100000e+01  -3.5378034e+05  -2.9217159e+05
   3.0200000e+01  -3.7621738e+05  -2.5423306e+05
   3.0300000e+01  -3.8788997e+05  -2.3031084e+05
   3.0400000e+01  -3.9420641e+05  -2.2002039e+05
   3.0500000e+01  -3.9620978e+05  -2.1380916e+05
   3.0600000e+01  -3.9046672e+05  -2.0095917e+05
   3.0700000e+01  -3.7240116e+05  -1.7818169e+05
   3.0800000e+01  -3.4064688e+05  -1.5001939e+05
   3.0900000e+01  -2.9869612e+05  -1.2188366e+05
   3.1000000e+01  -2.5230541e+05  -9.4347289e+04
   3.1100000e+01  -2.0486519e+05  -6.4337570e+04
   3.1200000e+01  -1.5525380e+05  -3.0014678e+04
   3.1300000e+01  -1.0119609e+05   7.2202227e+03
   3.1400000e+01  -4.5798320e+04   4.4874117e+04
   3.1500000e+01   1.0425000e+02   8.1121344e+04
   3.1600000e+01   2.5207379e+04   1.1306780e+05
   3.1700000e+01   3.0110016e+04   1.3463870e+05
   3.1800000e+01   3.1973516e+04   1.3919491e+05
   3.1900000e+01   5.3312258e+04   1.2621661e+05
   3.2000000e+01   1.0254630e+05   1.0476120e+05
   3.2100000e+01   1.6446094e+05   8.7906062e+04
   3.2200000e+01   2.1106608e+05   8.1904422e+04
   3.2300000e+01   2.2418766e+05   8.1025516e+04
   3.2400000e+01   2.0997488e+05   7.4796852e+04
   3.2500000e+01   1.9307862e+05   6.1541305e+04
   3.2600000e+01   1.9610652e+05   5.4079598e+04
   3.2700000e+01   2.2149177e+05   7.0097758e+04
   3.2800000e+01   2.4980098e+05   1.1550563e+05
   3.2900000e+01   2.5513008e+05   1.7761350e+05
   3.3000000e+01   2.2515706e+05   2.3591033e+05
   3.3100000e+01   1.6995681e+05   2.8000419e+05
   3.3200000e+01   1.1286498e+05   3.1623303e+05
   3.3300000e+01   7.1854680e+04   3.5606956e+05
   3.3400000e+01   4.7786797e+04   3.9888509e+05
   3.3500000e+01   2.8535949e+04   4.2782788e+05
   3.3600000e+01   2.5818105e+03   4.2352853e+05
   3.3700000e+01  -3.1845883e+04   3.8138719e+05
   3.3800000e+01  -6.8780781e+04   3.1486291e+05
   3.3900000e+01  -1.0223689e+05   2.4223603e+05
   3.4000000e+01  -1.3060159e+05   1.7064172e+05
   3.4100000e+01  -1.5512366e+05   9.2096180e+04
   3.4200000e+01  -1.7658061e+05  -6.6768799e+03
   3.4300000e+01  -1.9407673e+05  -1.3059676e+05
   3.4400000e+01  -2.0596558e+05  -2.6930306e+05
   3.4500000e+01  -2.1108627e+05  -4.0033841e+05
   3.4600000e+01  -2.0951741e+05  -4.9944759e+05
   3.4700000e+01  -2.0282769e+05  -5.5238931e+05
   3.4800000e+01  -1.9353105e+05  -5.6182388e+05
   3.4900000e+01  -1.8377861e+05  -5.4397850e+05
   3.5000000e+01  -1.7425755e+05  -5.1555659e+05
   3.5100000e+01  -1.6413712e+05  -4.7994972e+05
   3.5200000e+01  -1.5171691e+05  -4.2490991e+05
   3.5300000e+01  -1.3514797e+05  -3.3542994e+05
   3.5400000e+01  -1.1342695e+05  -2.1137667e+05
   3.5500000e+01  -8.7674086e+04  -7.3509969e+04
   3.5600000e+01  -6.1199879e+04   4.8485750e+04
   3.5700000e+01  -3.7006258e+04   1.3528228e+05
   3.5800000e+01  -1.4469104e+04   1.8710494e+05
   3.5900000e+01   1.0863545e+04   2.1614744e+05
   3.6000000e+01   4.3226164e+04   2.3200772e+05
   3.6100000e+01   8.2380344e+04   2.3472852e+05
   3.6200000e+01   1.2385512e+05   2.1949756e+05
   3.6300000e+01   1.6310556e+05   1.8479272e+05
   3.6400000e+01   1.9850333e+05   1.3513267e+05
   3.6500000e+01   2.3021484e+05   7.8273484e+04
   3.6600000e+01   2.5760211e+05   2.2118723e+04
   3.6700000e+01   2.7911050e+05  -2.6439453e+04
   3.6800000e+01   2.9436506e+05  -6.2798105e+04
   3.6900000e+01   3.0484375e+05  -8.6509203e+04
   3.7000000e+01   3.1173047e+05  -1.0049942e+05
   3.7100000e+01   3.1381488e+05  -1.0627338e+05
   3.7200000e+01   3.0834756e+05  -9.9842930e+04
   3.7300000e+01   2.9364822e+05  -7.4306633e+04
   3.7400000e+01   2.6998272e+05  -2.7879941e+04
   3.7500000e+01   2.3791994e+05   3.0952211e+04
   3.7600000e+01   1.9706042e+05   8.7412031e+04
   3.7700000e+01   1.4747881e+05   1.3051777e+05
   3.7800000e+01   9.2238148e+04   1.6019748e+05
   3.7900000e+01   3.7382266e+04   1.8541811e+05
   3.8000000e+01  -1.1520433e+04   2.1533044e+05
   3.8100000e+01  -5.3336711e+04   2.5055528e+05
   3.8200000e+01  -9.2281430e+04   2.8083469e+05
   3.8300000e+01  -1.3494575e+05   2.9058178e+05
   3.8400000e+01  -1.8535805e+05   2.6884956e+05
   3.8500000e+01  -2.4096395e+05   2.1726375e+05
   3.8600000e+01  -2.9223800e+05   1.5019758e+05
   3.8700000e+01  -3.2738266e+05   8.6299688e+04
   3.8800000e+01  -3.4016897e+05   3.6903965e+04
   3.8900000e+01  -3.3493088e+05  -9.5561523e+01
   3.9000000e+01  -3.2314788e+05  -3.5983414e+04
   3.9100000e+01  -3.1329784e+05  -7.9913477e+04
   3.9200000e+01  -3.0344044e+05  -1.2994549e+05
   3.9300000e+01  -2.8454422e+05  -1.7400252e+05
   3.9400000e+01  -2.5144386e+05  -1.9976878e+05
   3.9500000e+01  -2.0951836e+05  -2.0476847e+05
   3.9600000e+01  -1.6971869e+05  -1.9786367e+05
   3.9700000e+01  -1.3789416e+05  -1.9106483e+05
   3.9800000e+01  -1.1064972e+05  -1.8893603e+05
   3.9900000e+01  -8.1625828e+04  -1.8485198e+05
   4.0000000e+01  -4.9660758e+04  -1.6754312e+05
   4.0100000e+01  -1.9081652e+04  -1.3263119e+05
   4.0200000e+01   7.0358501e+03  -8.9180281e+04
   4.0300000e+01   3.1521816e+04  -5.4740438e+04
   4.0400000e+01   6.0436320e+04  -4.1847992e+04
   4.0500000e+01   9.7297570e+04  -4.6952797e+04
   4.0600000e+01   1.4094439e+05  -5.1806500e+04
   4.0700000e+01   1.8768178e+05  -3.7166746e+04
   4.0800000e+01   2.3336778e+05   2.2188398e+03
   4.0900000e+01   2.7331031e+05   5.3787137e+04
   4.1000000e+01   3.0223619e+05   9.7082203e+04
   4.1100000e+01   3.1621097e+05   1.1811982e+05
   4.1200000e+01   3.1473725e+05   1.1624669e+05
   4.1300000e+01   3.0061581e+05   9.9988664e+04
   4.1400000e+01   2.7820131e+05   7.8495047e+04
   4.1500000e+01   2.5213378e+05   5.6728180e+04
   4.1600000e+01   2.2642155e+05   3.5694793e+04
   4.1700000e+01   2.0236706e+05   1.3351730e+04
   4.1800000e+01   1.7646431e+05  -1.5925589e+04
   4.1900000e+01   1.4196400e+05  -5.9789828e+04
   4.2000000e+01   9.4928250e+04  -1.2115926e+05
   4.2100000e+01   3.9621516e+04  -1.9052502e+05
   4.2200000e+01  -1.3021080e+04  -2.4628181e+05
   4.2300000e+01  -5.3575445e+04  -2.6613466e+05
   4.2400000e+01  -8.1428836e+04  -2.4135186e+05
   4.2500000e+01  -1.0403391e+05  -1.8166562e+05
   4.2600000e+01  -1.2885115e+05  -1.0681311e+05
   4.2700000e+01  -1.5589597e+05  -3.2496654e+04
   4.2800000e+01  -1.7800216e+05   3.7658969e+04
   4.2900000e+01  -1.8812038e+05   1.0906065e+05
   4.3000000e+01  -1.8607173e+05   1.8647422e+05
   4.3100000e+01  -1.7813044e+05   2.6669388e+05
   4.3200000e+01  -1.7064842e+05   3.3941669e+05
   4.3300000e+01  -1.6530075e+05   3.9450172e+05
   4.3400000e+01  -1.6118702e+05   4.2785509e+05
   4.3500000e+01  -1.6037705e+05   4.3978000e+05
   4.3600000e+01  -1.6876134e+05   4.2832850e+05
   4.3700000e+01  -1.8955848e+05   3.8705250e+05
   4.3800000e+01  -2.1654103e+05   3.1228509e+05
   4.3900000e+01  -2.3598422e+05   2.1270691e+05
   4.4000000e+01  -2.3711761e+05   1.0837795e+05
   4.4100000e+01  -2.2070483e+05   1.6887533e+04
   4.4200000e+01  -1.9652934e+05  -5.9836535e+04
   4.4300000e+01  -1.7246095e+05  -1.3306259e+05
   4.4400000e+01  -1.4703978e+05  -2.1097820e+05
   4.4500000e+01  -1.1337053e+05  -2.8638047e+05
   4.4600000e+01  -6.9156898e+04  -3.4171178e+05
   4.4700000e+01  -2.0860254e+04  -3.6506747e+05
   4.4800000e+01   2.2813600e+04  -3.5928691e+05
   4.4900000e+01   6.0142988e+04  -3.3577081e+05
   4.5000000e+01   9.7177930e+04  -3.0226719e+05
   4.5100000e+01   1.3903034e+05  -2.5845567e+05
   4.5200000e+01   1.8187764e+05  -2.0169714e+05
   4.5300000e+01   2.1497283e+05  -1.3389128e+05
   4.5400000e+01   2.3036138e+05  -6.1951562e+04
   4.5500000e+01   2.2973570e+05   6.1599297e+03
   4.5600000e+01   2.2195353e+05   6.3863164e+04
   4.5700000e+01   2.1504961e+05   1.0559848e+05
   4.5800000e+01   2.1087575e+05   1.2722848e+05
   4.5900000e+01   2.0580773e+05   1.2870981e+05
   4.6000000e+01   1.9488939e+05   1.1547244e+05
   4.6100000e+01   1.7580866e+05   9.4940930e+04
   4.6200000e+01   1.5118973e+05   7.0526000e+04
   4.6300000e+01   1.2831264e+05   3.9677387e+04
   4.6400000e+01   1.1528503e+05  -8.5171143e+02
   4.6500000e+01   1.1521462e+05  -4.7386852e+04
   4.6600000e+01   1.2337466e+05  -8.7817961e+04
   4.6700000e+01   1.3103442e+05  -1.0920855e+05
   4.6800000e+01   1.3295222e+05  -1.0822319e+05
   4.6900000e+01   1.3091862e+05  -9.4522805e+04
   4.7000000e+01   1.2951352e+05  -8.3397547e+04
   4.7100000e+01   1.2875522e+05  -8.3663391e+04
   4.7200000e+01   1.2181534e+05  -9.0832930e+04
   4.7300000e+01   1.0042651e+05  -9.0711977e+04
   4.7400000e+01   6.2423820e+04  -7.0210117e+04
   4.7500000e+01   1.3976047e+04  -2.7337020e+04
   4.7600000e+01  -3.5064266e+04   2.6523961e+04
   4.7700000e+01  -7.7538203e+04   7.3745727e+04
   4.7800000e+01  -1.1132656e+05   1.0221446e+05
   4.7900000e+01  -1.3709809e+05   1.1287041e+05
   4.8000000e+01  -1.5543378e+05   1.1657938e+05
   4.8100000e+01  -1.6643998e+05   1.2280036e+05
   4.8200000e+01  -1.7090017e+05   1.3054089e+05
   4.8300000e+01  -1.7045362e+05   1.3024206e+05
   4.8400000e+01  -1.6674766e+05   1.1418069e+05
   4.8500000e+01  -1.6152953e+05   8.4339797e+04
   4.8600000e+01  -1.5767323e+05   5.0080289e+04
   4.8700000e+01  -1.5833567e+05   1.9166258e+04
   4.8800000e+01  -1.6325855e+05  -8.0415703e+03
   4.8900000e+01  -1.6641894e+05  -3.6097008e+04
   4.9000000e+01  -1.5999239e+05  -6.7439922e+04
   4.9100000e+01  -1.4256478e+05  -9.7945695e+04
   4.9200000e+01  -1.2252036e+05  -1.1841677e+05
   4.9300000e+01  -1.1079702e+05  -1.2010187e+05
   4.9400000e+01  -1.0912522e+05  -1.0002395e+05
   4.9500000e+01  -1.0673180e+05  -6.2631117e+04
   4.9600000e+01  -9.0688703e+04  -1.6716373e+04
   4.9700000e+01  -6.0056023e+04   3.0190902e+04
   4.9800000e+01  -2.8720377e+04   7.5596039e+04
   4.9900000e+01  -1.3061613e+04   1.2103405e+05
   5.0000000e+01  -1.6360951e+04   1.6773209e+05
   5.0100000e+01  -2.5129648e+04   2.1327075e+05
   5.0200000e+01  -2.0390980e+04   2.5188072e+05
   5.0300000e+01   7.0102188e+03   2.7718550e+05
   5.0400000e+01   4.9916551e+04   2.8482431e+05
   5.0500000e+01   9.0477023e+04   2.7397456e+05
   5.0600000e+01   1.1167806e+05   2.4795086e+05
   5.0700000e+01   1.0692882e+05   2.1328897e+05
   5.0800000e+01   8.3363578e+04   1.7658653e+05
   5.0900000e+01   5.7707582e+04   1.4058747e+05
   5.1000000e+01   4.6145168e+04   1.0285091e+05
   5.1100000e+01   5.3617727e+04   5.8521789e+04
   5.1200000e+01   7.0528820e+04   4.8131772e+03
   5.1300000e+01   8.0561852e+04  -5.6465516e+04
   5.1400000e+01   7.3697891e+04  -1.1942309e+05
   5.1500000e+01   5.3228582e+04  -1.7611550e+05
   5.1600000e+01   3.1211107e+04  -2.1893766e+05
   5.1700000e+01   1.7805793e+04  -2.4355869e+05
   5.1800000e+01   1.4591217e+04  -2.5153428e+05
   5.1900000e+01   1.6350834e+04  -2.4964825e+05
   5.2000000e+01   1.7371453e+04  -2.4450538e+05
   5.2100000e+01   1.5744374e+04  -2.3630822e+05
   5.2200000e+01   1.3058524e+04  -2.1869256e+05
   5.2300000e+01   1.1445188e+04  -1.8640645e+05
   5.2400000e+01   1.1111412e+04  -1.4352123e+05
   5.2500000e+01   1.0075152e+04  -1.0256380e+05
   5.2600000e+01   6.0861074e+03  -7.4041688e+04
   5.2700000e+01  -5.6198438e+02  -5.7131855e+04
   5.2800000e+01  -5.4797788e+03  -4.2218441e+04
   5.2900000e+01  -1.7961748e+03  -2.3183277e+04
   5.3000000e+01   1.5194699e+04  -6.0307119e+03
   5.3100000e+01   4.3354723e+04  -4.0601094e+03
   5.3200000e+01   7.3163312e+04  -2.4648244e+04
   5.3300000e+01   9.3040641e+04  -6.1771656e+04
   5.3400000e+01   9.7291711e+04  -1.0164884e+05
   5.3500000e+01   9.0207047e+04  -1.3474619e+05
   5.3600000e+01   8.2241773e+04  -1.6171966e+05
   5.3700000e+01   8.1066906e+04  -1.8841552e+05
   5.3800000e+01   8.5315062e+04  -2.1613648e+05
   5.3900000e+01   8.6584742e+04  -2.3687553e+05
   5.4000000e+01   7.7520219e+04  -2.3773006e+05
   5.4100000e+01   5.8284664e+04  -2.1063138e+05
   5.4200000e+01   3.5901445e+04  -1.5921148e+05
   5.4300000e+01   1.8060203e+04  -9.6679742e+04
   5.4400000e+01   7.6241162e+03  -3.5871398e+04
   5.4500000e+01   2.1722910e+03   2.0038088e+04
   5.4600000e+01  -2.5598242e+03   7.7385109e+04
   5.4700000e+01  -9.5939062e+03   1.4233127e+05
   5.4800000e+01  -2.0436062e+04   2.1128166e+05
   5.4900000e+01  -3.6211363e+04   2.7124006e+05
   5.5000000e+01  -5.7446316e+04   3.0969234e+05
   5.5100000e+01  -8.2234742e+04   3.2392331e+05
   5.5200000e+01  -1.0556728e+05   3.2096191e+05
   5.5300000e+01  -1.2203105e+05   3.0953603e+05
   5.5400000e+01  -1.2999481e+05   2.9301075e+05
   5.5500000e+01  -1.3273317e+05   2.6983975e+05
   5.5600000e+01  -1.3474095e+05   2.3944814e+05
   5.5700000e+01  -1.3707967e+05   2.0619128e+05
   5.5800000e+01  -1.3695038e+05   1.7690239e+05
   5.5900000e+01  -1.3145688e+05   1.5483003e+05
   5.6000000e+01  -1.2023309e+05   1.3676342e+05
   5.6100000e+01  -1.0364282e+05   1.1679211e+05
   5.6200000e+01  -8.0178352e+04   9.2975938e+04
   5.6300000e+01  -4.8435184e+04   6.9880023e+04
   5.6400000e+01  -1.2117695e+04   5.4219039e+04
   5.6500000e+01   1.9550416e+04   4.8064574e+04
   5.6600000e+01   3.8953492e+04   4.6317945e+04
   5.6700000e+01   4.7228672e+04   4.0494359e+04
   5.6800000e+01   5.2320590e+04   2.5019666e+04
   5.6900000e+01   5.9730559e+04   9.3501074e+02
   5.7000000e+01   6.7001719e+04  -2.5252723e+04
   5.7100000e+01   6.7839109e+04  -4.6513434e+04
   5.7200000e+01   5.9272695e+04  -6.0738258e+04
   5.7300000e+01   4.2709246e+04  -7.2378336e+04
   5.7400000e+01   1.9804842e+04  -8.7942422e+04
   5.7500000e+01  -8.6305459e+03  -1.0866363e+05
   5.7600000e+01  -3.8576750e+04  -1.2791138e+05
   5.7700000e+01  -6.1073258e+04  -1.3721091e+05
   5.7800000e+01  -6.8203305e+04  -1.3517517e+05
   5.7900000e+01  -6.0798867e+04  -1.2940599e+05
   5.8000000e+01  -4.7759922e+04  -1.2879309e+05
   5.8100000e+01  -3.6568684e+04  -1.3442341e+05
   5.8200000e+01  -2.5426047e+04  -1.3857167e+05
   5.8300000e+01  -5.6249795e+03  -1.3205884e+05
   5.8400000e+01   2.8659850e+04  -1.1217320e+05
   5.8500000e+01   7.3212891e+04  -8.4628852e+04
   5.8600000e+01   1.1579420e+05  -5.9494422e+04
   5.8700000e+01   1.4532988e+05  -4.4637477e+04
   5.8800000e+01   1.6063714e+05  -4.0123266e+04
   5.8900000e+01   1.7126177e+05  -3.6883992e+04
   5.9000000e+01   1.8859902e+05  -2.2306955e+04
   5.9100000e+01   2.1381145e+05   9.2931875e+03
   5.9200000e+01   2.3364631e+05   4.9562047e+04
   5.9300000e+01   2.2963697e+05   8.0078609e+04
   5.9400000e+01   1.9338380e+05   8.5533797e+04
   5.9500000e+01   1.3366425e+05   6.4912914e+04
   5.9600000e+01   6.8790078e+04   3.1022717e+04
   5.9700000e+01   1.2356786e+04  -3.9406250e+02
   5.9800000e+01  -3.3779492e+04  -2.2015332e+04
   5.9900000e+01  -7.4418953e+04  -3.8070539e+04
   6.0000000e+01  -1.1159692e+05  -5.8397914e+04
   6.0100000e+01  -1.4124734e+05  -8.9078875e+04
   6.0200000e+01  -1.5800288e+05  -1.2660174e+05
   6.0300000e+01  -1.6140616e+05  -1.5950702e+05
   6.0400000e+01  -1.5664188e+05  -1.7622862e+05
   6.0500000e+01  -1.4987945e+05  -1.7305227e+05
   6.0600000e+01  -1.4397112e+05  -1.5560939e+05
   6.0700000e+01  -1.3877075e+05  -1.3273398e+05
   6.0800000e+01  -1.3427195e+05  -1.0850373e+05
   6.0900000e+01  -1.3166302e+05  -7.9782453e+04
   6.1000000e+01  -1.3097498e+05  -4.0915641e+04
   6.1100000e+01  -1.2939019e+05   9.5139668e+03
   6.1200000e+01  -1.2385082e+05   6.6066797e+04
   6.1300000e+01  -1.1535251e+05   1.1954047e+05
   6.1400000e+01  -1.0883192e+05   1.6238525e+05
   6.1500000e+01  -1.0758328e+05   1.9196709e+05
   6.1600000e+01  -1.0865571e+05   2.0982622e+05
   6.1700000e+01  -1.0527071e+05   2.1856769e+05
   6.1800000e+01  -9.3723227e+04   2.1961834e+05
   6.1900000e+01  -7.6534086e+04   2.1358259e+05
   6.2000000e+01  -5.8390523e+04   2.0174905e+05
   6.2100000e+01  -4.0345812e+04   1.8593845e+05
   6.2200000e+01  -1.9304547e+04   1.6628492e+05
   6.2300000e+01   7.3204277e+03   1.3995447e+05
   6.2400000e+01   3.7940164e+04   1.0350066e+05
   6.2500000e+01   6.8128898e+04   5.7234473e+04
   6.2600000e+01   9.4700023e+04   6.9195488e+03
   6.2700000e+01   1.1786904e+05  -3.9504820e+04
   6.2800000e+01   1.3987225e+05  -7.7202203e+04
   6.2900000e+01   1.6201017e+05  -1.0675703e+05
   6.3000000e+01   1.8286914e+05  -1.3175672e+05
   6.3100000e+01   1.9925697e+05  -1.5417702e+05
   6.3200000e+01   2.0950847e+05  -1.7134730e+05
   6.3300000e+01   2.1648936e+05  -1.7661284e+05
   6.3400000e+01   2.2652056e+05  -1.6357352e+05
   6.3500000e+01   2.4335622e+05  -1.3170128e+05
   6.3600000e+01   2.6204159e+05  -8.9270664e+04
   6.3700000e+01   2.6957347e+05  -4.9920406e+04
   6.3800000e+01   2.5370119e+05  -2.3798922e+04
   6.3900000e+01   2.1287681e+05  -1.0211402e+04
   6.4000000e+01   1.5846147e+05   9.3236719e+02
   6.4100000e+01   1.0717830e+05   1.9296012e+04
   6.4200000e+01   7.0218914e+04   4.5004516e+04
   6.4300000e+01   4.7333875e+04   6.8931312e+04
   6.4400000e+01   2.9241803e+04   8.1251703e+04
   6.4500000e+01   5.3944619e+03   7.8883312e+04
   6.4600000e+01  -2.8732055e+04   6.5203734e+04
   6.4700000e+01  -6.9285391e+04   4.5164156e+04
   6.4800000e+01  -1.0720837e+05   2.3114275e+04
   6.4900000e+01  -1.3387998e+05   4.6535020e+03
   6.5000000e+01  -1.4546880e+05  -3.1926660e+03
   6.5100000e+01  -1.4456562e+05   3.1043164e+03
   6.5200000e+01  -1.3970306e+05   1.8686381e+04
   6.5300000e+01  -1.4264269e+05   3.2981301e+04
   6.5400000e+01  -1.6239959e+05   3.9127082e+04
   6.5500000e+01  -1.9792909e+05   4.0478961e+04
   6.5600000e+01  -2.3599059e+05   4.6875676e+04
   6.5700000e+01  -2.5918409e+05   6.4549582e+04
   6.5800000e+01  -2.5954534e+05   9.0198781e+04
   6.5900000e+01  -2.4526531e+05   1.1438958e+05
   6.6000000e+01  -2.3299322e+05   1.2929166e+05
   6.6100000e+01  -2.3249869e+05   1.3255350e+05
   6.6200000e+01  -2.3848352e+05   1.2507762e+05
   6.6300000e+01  -2.3668531e+05   1.0729323e+05
   6.6400000e+01  -2.1693056e+05   7.8745570e+04
   6.6500000e+01  -1.8050234e+05   4.0698695e+04
   6.6600000e+01  -1.3709305e+05  -2.2921670e+03
   6.6700000e+01  -9.6815820e+04  -4.4412391e+04
   6.6800000e+01  -6.4627742e+04  -8.2437094e+04
   6.6900000e+01  -3.9528492e+04  -1.1734477e+05
   6.7000000e+01  -1.6945254e+04  -1.5185277e+05
   6.7100000e+01   7.4452461e+03  -1.8634269e+05
   6.7200000e+01   3.4079293e+04  -2.1737297e+05
   6.7300000e+01   5.8768367e+04  -2.4010195e+05
   6.7400000e+01   7.6584680e+04  -2.5165711e+05
   6.7500000e+01   8.7566883e+04  -2.5179009e+05
   6.7600000e+01   9.8308266e+04  -2.4076925e+05
   6.7700000e+01   1.1689634e+05  -2.1777014e+05
   6.7800000e+01   1.4573136e+05  -1.8201191e+05
   6.7900000e+01   1.7916344e+05  -1.3524261e+05
   6.8000000e+01   2.0774589e+05  -8.2629828e+04
   6.8100000e+01   2.2455744e+05  -3.1006973e+04
   6.8200000e+01   2.2852027e+05   1.4195537e+04
   6.8300000e+01   2.2383256e+05   5.1396844e+04
   6.8400000e+01   2.1733734e+05   8.3126531e+04
   6.8500000e+01   2.1493881e+05   1.1322459e+05
   6.8600000e+01   2.1783667e+05   1.4223717e+05
   6.8700000e+01   2.2113902e+05   1.6514472e+05
   6.8800000e+01   2.1733850e+05   1.7493659e+05
   6.8900000e+01   2.0255712e+05   1.6961331e+05
   6.9000000e+01   1.7945878e+05   1.5503155e+05
   6.9100000e+01   1.5382430e+05   1.3944350e+05
   6.9200000e+01   1.2920616e+05   1.2533613e+05
   6.9300000e+01   1.0595939e+05   1.0825276e+05
   6.9400000e+01   8.4328984e+04   8.4228453e+04
   6.9500000e+01   6.5516914e+04   5.6553137e+04
   6.9600000e+01   4.8409438e+04   3.2930375e+04
   6.9700000e+01   2.7659328e+04   1.6084557e+04
   6.9800000e+01  -1.3712700e+03  -2.9036719e+02
   6.9900000e+01  -3.5013676e+04  -2.4026789e+04
   7.0000000e+01  -6.1316414e+04  -5.3027047e+04
   7.0100000e+01  -7.0529211e+04  -7.3108703e+04
   7.0200000e+01  -6.5904898e+04  -6.9126930e+04
   7.0300000e+01  -6.2494375e+04  -3.9231320e+04
   7.0400000e+01  -7.3911938e+04   1.7653887e+03
   7.0500000e+01  -9.9987305e+04   3.3629621e+04
   7.0600000e+01  -1.2735702e+05   4.6336883e+04
   7.0700000e+01  -1.4192512e+05   4.6035383e+04
   7.0800000e+01  -1.4102161e+05   4.6900605e+04
   7.0900000e+01  -1.3450289e+05   5.7512367e+04
   7.1000000e+01  -1.3497722e+05   7.4133625e+04
   7.1100000e+01  -1.4666581e+05   8.5191367e+04
   7.1200000e+01  -1.6237912e+05   8.0878406e+04
   7.1300000e+01  -1.7016366e+05   5.9377633e+04
   7.1400000e+01  -1.6300992e+05   2.6796465e+04
   7.1500000e+01  -1.4337006e+05  -6.6174292e+03
   7.1600000e+01  -1.1967732e+05  -3.1114617e+04
   7.1700000e+01  -9.9122828e+04  -4.1899516e+04
   7.1800000e+01  -8.3355531e+04  -4.1837305e+04
   7.1900000e+01  -7.0043297e+04  -3.9528441e+04
   7.2000000e+01  -5.7497082e+04  -4.2366504e+04
   7.2100000e+01  -4.7234609e+04  -4.9701281e+04
   7.2200000e+01  -4.2147398e+04  -5.2921047e+04
   7.2300000e+01  -4.2748480e+04  -4.3402359e+04
   7.2400000e+01  -4.6040395e+04  -2.1278014e+04
   7.2500000e+01  -4.8729027e+04   3.3477910e+03
   7.2600000e+01  -5.1455797e+04   1.8047639e+04
   7.2700000e+01  -5.8787082e+04   1.7730883e+04
   7.2800000e+01  -7.3726914e+04   8.0463633e+03
   7.2900000e+01  -9.1966883e+04   8.5517578e+01
   7.3000000e+01  -1.0270285e+05   1.1006016e+03
   7.3100000e+01  -9.6698969e+04   8.6753633e+03
   7.3200000e+01  -7.4301750e+04   1.2718930e+04
   7.3300000e+01  -4.5294336e+04   3.5138086e+03
   7.3400000e+01  -2.0384061e+04  -2.0665307e+04
   7.3500000e+01  -2.4115332e+03  -5.2427645e+04
   7.3600000e+01   1.4728892e+04  -8.1179695e+04
   7.3700000e+01   3.9321035e+04  -1.0067630e+05
   7.3800000e+01   7.4066219e+04  -1.1193646e+05
   7.3900000e+01   1.1385994e+05  -1.2000380e+05
   7.4000000e+01   1.4984848e+05  -1.2833956e+05
   7.4100000e+01   1.7556209e+05  -1.3561789e+05
   7.4200000e+01   1.9043361e+05  -1.3672306e+05
   7.4300000e+01   1.9883302e+05  -1.2658511e+05
   7.4400000e+01   2.0595808e+05  -1.0418512e+05
   7.4500000e+01   2.1361725e+05  -7.4072273e+04
   7.4600000e+01   2.1869050e+05  -4.3889375e+04
   7.4700000e+01   2.1528916e+05  -1.9242762e+04
   7.4800000e+01   1.9932362e+05  -1.1887793e+02
   7.4900000e+01   1.7238681e+05   1.7639277e+04
   7.5000000e+01   1.4167953e+05   3.7040395e+04
   7.5100000e+01   1.1510479e+05   5.6072762e+04
   7.5200000e+01   9.4950531e+04   6.8970289e+04
   7.5300000e+01   7.6157789e+04   7.1037219e+04
   7.5400000e+01   5.2004086e+04   6.2485141e+04
   7.5500000e+01   2.2408373e+04   4.8649359e+04
   7.5600000e+01  -4.1193750e+03   3.7223758e+04
   7.5700000e+01  -1.8288662e+04   3.4166406e+04
   7.5800000e+01  -2.0173102e+04   3.9824117e+04
   7.5900000e+01  -2.0458242e+04   4.7839910e+04
   7.6000000e+01  -3.0496078e+04   4.9467773e+04
   7.6100000e+01  -5.1338438e+04   4.1684031e+04
   7.6200000e+01  -7.3481914e+04   3.1905531e+04
   7.6300000e+01  -8.7272484e+04   3.3152137e+04
   7.6400000e+01  -9.2065469e+04   5.2804566e+04
   7.6500000e+01  -9.4129016e+04   8.5871312e+04
   7.6600000e+01  -9.6840578e+04   1.1963833e+05
   7.6700000e+01  -9.5965289e+04   1.4436291e+05
   7.6800000e+01  -8.6442523e+04   1.5871272e+05
   7.6900000e+01  -7.2354844e+04   1.6588709e+05
   7.7000000e+01  -6.6530375e+04   1.6716752e+05
   7.7100000e+01  -7.7864672e+04   1.6075636e+05
   7.7200000e+01  -9.9866977e+04   1.4551862e+05
   7.7300000e+01  -1.1435370e+05   1.2359273e+05
   7.7400000e+01  -1.0794332e+05   9.9100773e+04
   7.7500000e+01  -8.4476617e+04   7.5679211e+04
   7.7600000e+01  -6.0617277e+04   5.5317305e+04
   7.7700000e+01  -4.9845871e+04   3.7509602e+04
   7.7800000e+01  -5.1346895e+04   1.8119463e+04
   7.7900000e+01  -5.3324719e+04  -9.2252676e+03
   7.8000000e+01  -4.4847773e+04  -4.7439176e+04
   7.8100000e+01  -2.3881570e+04  -9.0623219e+04
   7.8200000e+01   3.7798760e+03  -1.2619797e+05
   7.8300000e+01   3.0243809e+04  -1.4440559e+05
   7.8400000e+01   4.9599062e+04  -1.4588398e+05
   7.8500000e+01   5.8811418e+04  -1.3921181e+05
   7.8600000e+01   5.7494293e+04  -1.3146250e+05
   7.8700000e+01   4.7808656e+04  -1.2242761e+05
   7.8800000e+01   3.3861453e+04  -1.0813854e+05
   7.8900000e+01   2.0107482e+04  -8.8316031e+04
   7.9000000e+01   9.4232285e+03  -6.8690641e+04
   7.9100000e+01   1.8079062e+03  -5.6087742e+04
   7.9200000e+01  -5.6135762e+03  -5.2469648e+04
   7.9300000e+01  -1.6736490e+04  -5.4374484e+04
   7.9400000e+01  -3.3163152e+04  -5.7414234e+04
   7.9500000e+01  -5.1925867e+04  -6.0163578e+04
   7.9600000e+01  -6.7233586e+04  -6.3359477e+04
   7.9700000e+01  -7.5588570e+04  -6.6156312e+04
   7.9800000e+01  -7.8956188e+04  -6.4552152e+04
   7.9900000e+01  -8.1579047e+04  -5.4594832e+04
   8.0000000e+01  -8.3324891e+04  -3.7440914e+04
   8.0100000e+01  -7.7768219e+04  -2.0656547e+04
   8.0200000e+01  -5.8659957e+04  -1.3330212e+04
   8.0300000e+01  -2.8121668e+04  -1.8702586e+04
   8.0400000e+01   3.4570859e+03  -3.0976312e+04
   8.0500000e+01   2.6860824e+04  -3.9537281e+04
   8.0600000e+01   4.2645414e+04  -3.7161500e+04
   8.0700000e+01   5.9091875e+04  -2.5326150e+04
   8.0800000e+01   8.1822039e+04  -1.2578026e+04
   8.0900000e+01   1.0688125e+05  -7.8970234e+03
   8.1000000e+01   1.2473933e+05  -1.4506886e+04
   8.1100000e+01   1.2999004e+05  -2.8280676e+04
   8.1200000e+01   1.2570127e+05  -4.1015391e+04
   8.1300000e+01   1.1863638e+05  -4.5792629e+04
   8.1400000e+01   1.1235795e+05  -4.0817512e+04
   8.1500000e+01   1.0643980e+05  -2.9312246e+04
   8.1600000e+01   1.0099880e+05  -1.5775654e+04
   8.1700000e+01   9.8574250e+04  -1.9371152e+03
   8.1800000e+01   9.9499703e+04   1.3702453e+04
   8.1900000e+01   9.7064859e+04   3.2396367e+04
   8.2000000e+01   8.1161461e+04   5.2073512e+04
   8.2100000e+01   4.9163176e+04   6.9033594e+04
   8.2200000e+01   1.2207445e+04   8.2990719e+04
   8.2300000e+01  -1.2005707e+04   9.8961328e+04
   8.2400000e+01  -1.4204355e+04   1.2226549e+05
   8.2500000e+01  -1.3775430e+03   1.5129505e+05
   8.2600000e+01   1.0132466e+04   1.7647891e+05
   8.2700000e+01   8.5580693e+03   1.8756053e+05
   8.2800000e+01  -5.6721221e+03   1.8192627e+05
   8.2900000e+01  -2.3171232e+04   1.6552545e+05
   8.3000000e+01  -3.3540816e+04   1.4621938e+05
   8.3100000e+01  -3.1089914e+04   1.2716104e+05
   8.3200000e+01  -1.7367102e+04   1.0644380e+05
   8.3300000e+01  -1.7384746e+03   8.1666500e+04
   8.3400000e+01   1.8585332e+03   5.3577273e+04
   8.3500000e+01  -1.6165776e+04   2.5511018e+04
   8.3600000e+01  -5.1416117e+04   3.5263477e+02
   8.3700000e+01  -8.5138203e+04  -2.1435250e+04
   8.3800000e+01  -9.6964617e+04  -4.1108758e+04
   8.3900000e+01  -8.1463414e+04  -5.9285422e+04
   8.4000000e+01  -5.3433711e+04  -7.4203312e+04
   8.4100000e+01  -3.6249758e+04  -8.2428898e+04
   8.4200000e+01  -4.3271422e+04  -8.1890164e+04
   8.4300000e+01  -6.8689984e+04  -7.4665391e+04
   8.4400000e+01  -9.5106180e+04  -6.6447758e+04
   8.4500000e+01  -1.0975385e+05  -6.2432508e+04
   8.4600000e+01  -1.1410277e+05  -6.3117211e+04
   8.4700000e+01  -1.1878359e+05  -6.3953922e+04
   8.4800000e+01  -1.3013343e+05  -5.9184203e+04
   8.4900000e+01  -1.4242420e+05  -4.6423074e+04
   8.5000000e+01  -1.4351309e+05  -2.8383297e+04
   8.5100000e+01  -1.2752845e+05  -1.0965200e+04
   8.5200000e+01  -1.0087434e+05   4.3786523e+02
   8.5300000e+01  -7.5255578e+04   3.8624951e+03
   8.5400000e+01  -5.5673121e+04   1.0872627e+03
   8.5500000e+01  -3.6613508e+04  -4.8692925e+03
   8.5600000e+01  -1.0054229e+04  -1.2938365e+04
   8.5700000e+01   2.4414564e+04  -2.4510764e+04
   8.5800000e+01   5.8753305e+04  -4.0192977e+04
   8.5900000e+01   8.4980992e+04  -5.6399902e+04
   8.6000000e+01   1.0255956e+05  -6.6838250e+04
   8.6100000e+01   1.1655867e+05  -6.8769758e+04
   8.6200000e+01   1.2990841e+05  -6.7127375e+04
   8.6300000e+01   1.3941784e+05  -7.0183406e+04
   8.6400000e+01   1.3980412e+05  -7.9858875e+04
   8.6500000e+01   1.3037719e+05  -8.7477711e+04
   8.6600000e+01   1.1664103e+05  -8.1241523e+04
   8.6700000e+01   1.0544634e+05  -5.8487617e+04
   8.6800000e+01   9.9153266e+04  -2.9250402e+04
   8.6900000e+01   9.4458602e+04  -6.6265996e+03
   8.7000000e+01   8.6359891e+04   5.7037246e+03
   8.7100000e+01   7.3126672e+04   1.5216309e+04
   8.7200000e+01   5.7749840e+04   3.0383598e+04
   8.7300000e+01   4.4598520e+04   5.0792227e+04
   8.7400000e+01   3.4363879e+04   6.8379281e+04
   8.7500000e+01   2.2605758e+04   7.7091344e+04
   8.7600000e+01   4.5982988e+03   7.9181141e+04
   8.7700000e+01  -1.7428637e+04   8.1665969e+04
   8.7800000e+01  -3.2904898e+04   8.8234312e+04
   8.7900000e+01  -3.1369414e+04   9.5778875e+04
   8.8000000e+01  -1.4063249e+04   9.7841398e+04
   8.8100000e+01   3.7847646e+03   8.9648750e+04
   8.8200000e+01   4.8629688e+03   6.9809086e+04
   8.8300000e+01  -1.4127008e+04   3.9367023e+04
   8.8400000e+01  -3.8334680e+04   1.4990723e+03
   8.8500000e+01  -4.7869746e+04  -3.7682250e+04
   8.8600000e+01  -3.5906387e+04  -6.9802086e+04
   8.8700000e+01  -1.4115724e+04  -8.7814266e+04
   8.8800000e+01  -7.4371094e+02  -9.0357586e+04
   8.8900000e+01  -4.1799375e+03  -8.3176172e+04
   8.9000000e+01  -1.8122639e+04  -7.5864258e+04
   8.9100000e+01  -3.0820789e+04  -7.5586391e+04
   8.9200000e+01  -3.6471586e+04  -8.1796664e+04
   8.9300000e+01  -3.7317078e+04  -8.5996867e+04
   8.9400000e+01  -3.7538941e+04  -7.7639953e+04
   8.9500000e+01  -3.8389977e+04  -5.2413820e+04
   8.9600000e+01  -3.9286082e+04  -1.6130923e+04
   8.9700000e+01  -4.0447535e+04   1.9720875e+04
   8.9800000e+01  -4.1999164e+04   4.7148277e+04
   8.9900000e+01  -4.1665848e+04   6.6814266e+04
   9.0000000e+01  -3.6385039e+04   8.4064344e+04
   9.0100000e+01  -2.7065789e+04   1.0036675e+05
   9.0200000e+01  -1.9586135e+04   1.1021472e+05
   9.0300000e+01  -1.8966248e+04   1.0790691e+05
   9.0400000e+01  -2.3104021e+04   9.7009578e+04
   9.0500000e+01  -2.4297041e+04   9.0635469e+04
   9.0600000e+01  -1.7578246e+04   9.9549789e+04
   9.0700000e+01  -6.2859863e+03   1.1920962e+05
   9.0800000e+01   1.5901387e+03   1.3049312e+05
   9.0900000e+01   1.9406348e+03   1.1617358e+05
   9.1000000e+01  -1.4950625e+03   7.8146367e+04
   9.1100000e+01  -1.1867539e+03   3.7561934e+04
   9.1200000e+01   7.3991074e+03   1.6161949e+04
   9.1300000e+01   2.3016059e+04   1.6431307e+04
   9.1400000e+01   4.0853969e+04   2.0086293e+04
   9.1500000e+01   5.5909594e+04   6.1207969e+03
   9.1600000e+01   6.4581363e+04  -2.9852250e+04
   9.1700000e+01   6.5161297e+04  -7.3380125e+04
   9.1800000e+01   5.8880434e+04  -1.0590724e+05
   9.1900000e+01   5.0842125e+04  -1.1978130e+05
   9.2000000e+01   4.8390973e+04  -1.1958883e+05
   9.2100000e+01   5.6276199e+04  -1.1255582e+05
   9.2200000e+01   7.1946188e+04  -1.0120044e+05
   9.2300000e+01   8.5860492e+04  -8.5147125e+04
   9.2400000e+01   8.7955219e+04  -6.6270805e+04
   9.2500000e+01   7.5145945e+04  -4.8556984e+04
   9.2600000e+01   5.2759004e+04  -3.3145367e+04
   9.2700000e+01   2.8434426e+04  -1.6604459e+04
   9.2800000e+01   5.0439688e+03   3.7086777e+03
   9.2900000e+01  -1.9717574e+04   2.3458326e+04
   9.3000000e+01  -4.7156523e+04   3.2964363e+04
   9.3100000e+01  -7.2688000e+04   2.6373027e+04
   9.3200000e+01  -8.8518828e+04   8.5552871e+03
   9.3300000e+01  -9.1159312e+04  -8.5091104e+03
   9.3400000e+01  -8.5386914e+04  -1.6877471e+04
   9.3500000e+01  -8.0322711e+04  -2.0014980e+04
   9.3600000e+01  -8.1660750e+04  -2.8797840e+04
   9.3700000e+01  -8.7538414e+04  -5.0100305e+04
   9.3800000e+01  -9.1475891e+04  -7.9099031e+04
   9.3900000e+01  -8.9220547e+04  -1.0237853e+05
   9.4000000e+01  -8.3063266e+04  -1.0854092e+05
   9.4100000e+01  -7.9503711e+04  -9.6721508e+04
   9.4200000e+01  -8.2319469e+04  -7.6293844e+04
   9.4300000e+01  -8.8098281e+04  -5.9104613e+04
   9.4400000e+01  -8.9510969e+04  -5.1188941e+04
   9.4500000e+01  -8.3248039e+04  -5.0101066e+04
   9.4600000e+01  -7.3382703e+04  -4.8594898e+04
   9.4700000e+01  -6.5508613e+04  -4.0355000e+04
   9.4800000e+01  -5.8420141e+04  -2.2920062e+04
   9.4900000e+01  -4.4230234e+04   3.0129976e+03
   9.5000000e+01  -1.8076309e+04   3.4602461e+04
   9.5100000e+01   1.3803311e+04   6.5834305e+04
   9.5200000e+01   3.7928461e+04   8.7191391e+04
   9.5300000e+01   4.5848832e+04   9.0529172e+04
   9.5400000e+01   4.1425750e+04   7.7447000e+04
   9.5500000e+01   3.5725543e+04   6.1888508e+04
   9.5600000e+01   3.6153410e+04   6.0436227e+04
   9.5700000e+01   4.1624801e+04   7.7111695e+04
   9.5800000e+01   4.7136863e+04   9.8397750e+04
   9.5900000e+01   5.0592867e+04   1.0561162e+05
   9.6000000e+01   5.4083410e+04   9.3069750e+04
   9.6100000e+01   5.9686273e+04   7.3200414e+04
   9.6200000e+01   6.5827875e+04   6.3488117e+04
   9.6300000e+01   6.8440969e+04   6.9640266e+04
   9.6400000e+01   6.5325812e+04   8.2354922e+04
   9.6500000e+01   5.9041598e+04   8.8976273e+04
   9.6600000e+01   5.5489070e+04   8.5612789e+04
   9.6700000e+01   5.9350000e+04   7.7273641e+04
   9.6800000e+01   7.0195992e+04   6.8653125e+04
   9.6900000e+01   8.2612406e+04   5.7777051e+04
   9.7000000e+01   9.0404008e+04   3.9285898e+04
   9.7100000e+01   9.1215055e+04   1.2307604e+04
   9.7200000e+01   8.7208000e+04  -1.6461244e+04
   9.7300000e+01   8.1249812e+04  -3.7633688e+04
   9.7400000e+01   7.3035594e+04  -4.6793336e+04
   9.7500000e+01   6.0048207e+04  -4.7702027e+04
   9.7600000e+01   4.2747371e+04  -4.8506488e+04
   9.7700000e+01   2.7682836e+04  -5.4533805e+04
   9.7800000e+01   2.3488232e+04  -6.3866254e+04
   9.7900000e+01   3.2601473e+04  -6.9416531e+04
   9.8000000e+01   4.7379746e+04  -6.5706539e+04
   9.8100000e+01   5.5648727e+04  -5.4351035e+04
   9.8200000e+01   5.0819312e+04  -4.3200336e+04
   9.8300000e+01   3.6464238e+04  -3.9763633e+04
   9.8400000e+01   2.0935834e+04  -4.4767109e+04
   9.8500000e+01   8.2153145e+03  -5.1441766e+04
   9.8600000e+01  -5.0531240e+03  -5.0817383e+04
   9.8700000e+01  -2.3643227e+04  -3.8281930e+04
   9.8800000e+01  -4.6295535e+04  -1.6402770e+04
   9.8900000e+01  -6.5635977e+04   7.2293965e+03
   9.9000000e+01  -7.5766391e+04   2.4683445e+04
   9.9100000e+01  -7.8869695e+04   3.1633469e+04
   9.9200000e+01  -8.3036094e+04   2.8782266e+04
   9.9300000e+01  -9.3307078e+04   2.0667564e+04
   9.9400000e+01  -1.0564629e+05   1.2720742e+04
   9.9500000e+01  -1.1045862e+05   8.1032490e+03
   9.9600000e+01  -1.0187318e+05   6.3133174e+03
   9.9700000e+01  -8.2987648e+04   4.7885098e+03
   9.9800000e+01  -6.2204590e+04   2.1250312e+03
   9.9900000e+01  -4.5588051e+04  -7.3758447e+02
   1.0000000e+02  -3.3140238e+04  -2.8148306e+03
