   1.1851270e+02   3.6301420e+01   1.8450000e+02
   1.1892323e+02   3.6350999e+01   1.2450000e+02
   0.0000000e+00  -5.2744294e+05  -5.2744294e+05
   1.0000000e-01  -3.1952700e+05  -6.7975194e+05
   2.0000000e-01  -6.4698664e+04  -7.8014688e+05
   3.0000000e-01   2.2238289e+05  -8.4543138e+05
   4.0000000e-01   5.2923306e+05  -8.9944169e+05
   5.0000000e-01   8.4971538e+05  -9.6193781e+05
   6.0000000e-01   1.1805969e+06  -1.0377529e+06
   7.0000000e-01   1.5125841e+06  -1.1140661e+06
   8.0000000e-01   1.8234290e+06  -1.1704692e+06
   9.0000000e-01   2.0810956e+06  -1.1963928e+06
   1.0000000e+00   2.2581795e+06  -1.2018030e+06
   1.1000000e+00   2.3484020e+06  -1.2106992e+06
   1.2000000e+00   2.3706258e+06  -1.2421092e+06
   1.3000000e+00   2.3533178e+06  -1.2952798e+06
   1.4000000e+00   2.3097968e+06  -1.3515444e+06
   1.5000000e+00   2.2261425e+06  -1.3891145e+06
   1.6000000e+00   2.0745991e+06  -1.3961068e+06
   1.7000000e+00   1.8410772e+06  -1.3717058e+06
   1.8000000e+00   1.5406734e+06  -1.3182390e+06
   1.9000000e+00   1.2074219e+06  -1.2338116e+06
   2.0000000e+00   8.7127694e+05  -1.1117164e+06
   2.1000000e+00   5.4661288e+05  -9.4597988e+05
   2.2000000e+00   2.4026747e+05  -7.3867650e+05
   2.3000000e+00  -3.5848922e+04  -5.0377381e+05
   2.4000000e+00  -2.6477141e+05  -2.6304888e+05
   2.5000000e+00  -4.3570581e+05  -3.4295207e+04
   2.6000000e+00  -5.5105238e+05   1.7998545e+05
   2.7000000e+00  -6.2123975e+05   3.9216991e+05
   2.8000000e+00  -6.5588350e+05   6.1519644e+05
   2.9000000e+00  -6.6278375e+05   8.4633181e+05
   3.0000000e+00  -6.5354975e+05   1.0644319e+06
   3.1000000e+00  -6.4523231e+05   1.2433955e+06
   3.2000000e+00  -6.5383788e+05   1.3692080e+06
   3.3000000e+00  -6.8756531e+05   1.4462594e+06
   3.4000000e+00  -7.4782206e+05   1.4901624e+06
   3.5000000e+00  -8.3495350e+05   1.5150635e+06
   3.6000000e+00  -9.4969925e+05   1.5244588e+06
   3.7000000e+00  -1.0889132e+06   1.5096969e+06
   3.8000000e+00  -1.2434990e+06   1.4562536e+06
   3.9000000e+00  -1.4035165e+06   1.3545715e+06
   4.0000000e+00  -1.5640895e+06   1.2084452e+06
   4.1000000e+00  -1.7228790e+06   1.0336065e+06
   4.2000000e+00  -1.8708074e+06   8.4655369e+05
   4.3000000e+00  -1.9879011e+06   6.5354744e+05
   4.4000000e+00  -2.0510739e+06   4.5074041e+05
   4.5000000e+00  -2.0461379e+06   2.3551183e+05
   4.6000000e+00  -1.9711920e+06   1.7089627e+04
   4.7000000e+00  -1.8293610e+06  -1.8538153e+05
   4.8000000e+00  -1.6215949e+06  -3.5657834e+05
   4.9000000e+00  -1.3488058e+06  -4.9740788e+05
   5.0000000e+00  -1.0195994e+06  -6.2335681e+05
   5.1000000e+00  -6.5246362e+05  -7.4914850e+05
   5.2000000e+00  -2.6881244e+05  -8.7349419e+05
   5.3000000e+00   1.1416966e+05  -9.7840450e+05
   5.4000000e+00   4.8097712e+05  -1.0442812e+06
   5.5000000e+00   8.0840581e+05  -1.0672440e+06
   5.6000000e+00   1.0633034e+06  -1.0631876e+06
   5.7000000e+00   1.2157395e+06  -1.0555126e+06
   5.8000000e+00   1.2579610e+06  -1.0578076e+06
   5.9000000e+00   1.2100890e+06  -1.0657000e+06
   6.0000000e+00   1.1056060e+06  -1.0630086e+06
   6.1000000e+00   9.7113625e+05  -1.0360420e+06
   6.2000000e+00   8.2063300e+05  -9.8495569e+05
   6.3000000e+00   6.6628956e+05  -9.2367612e+05
   6.4000000e+00   5.2853675e+05  -8.6740600e+05
   6.5000000e+00   4.3004688e+05  -8.1606094e+05
   6.6000000e+00   3.8038453e+05  -7.4747938e+05
   6.7000000e+00   3.7096831e+05  -6.2895450e+05
   6.8000000e+00   3.8766316e+05  -4.4035072e+05
   6.9000000e+00   4.2667747e+05  -1.8963783e+05
   7.0000000e+00   4.9598866e+05   9.3660453e+04
   7.1000000e+00   6.0259331e+05   3.8179181e+05
   7.2000000e+00   7.4170075e+05   6.6742294e+05
   7.3000000e+00   8.9888194e+05   9.6033556e+05
   7.4000000e+00   1.0594529e+06   1.2655386e+06
   7.5000000e+00   1.2132359e+06   1.5631621e+06
   7.6000000e+00   1.3524901e+06   1.8084302e+06
   7.7000000e+00   1.4703715e+06   1.9524732e+06
   7.8000000e+00   1.5637850e+06   1.9683028e+06
   7.9000000e+00   1.6350361e+06   1.8637768e+06
   8.0000000e+00   1.6863668e+06   1.6742969e+06
   8.1000000e+00   1.7114945e+06   1.4420772e+06
   8.2000000e+00   1.6946318e+06   1.1963954e+06
   8.3000000e+00   1.6203419e+06   9.4672050e+05
   8.4000000e+00   1.4849029e+06   6.9099719e+05
   8.5000000e+00   1.2971130e+06   4.3084125e+05
   8.6000000e+00   1.0676829e+06   1.8058002e+05
   8.7000000e+00   7.9903744e+05  -3.7808398e+04
   8.8000000e+00   4.8736984e+05  -2.0949611e+05
   8.9000000e+00   1.3575738e+05  -3.3723612e+05
   9.0000000e+00  -2.3531200e+05  -4.3627047e+05
   9.1000000e+00  -5.9240731e+05  -5.1760388e+05
   9.2000000e+00  -9.0672519e+05  -5.7672875e+05
   9.3000000e+00  -1.1694414e+06  -6.0145544e+05
   9.4000000e+00  -1.3906914e+06  -5.9357262e+05
   9.5000000e+00  -1.5834522e+06  -5.8325394e+05
   9.6000000e+00  -1.7483411e+06  -6.1981138e+05
   9.7000000e+00  -1.8742955e+06  -7.4409238e+05
   9.8000000e+00  -1.9537931e+06  -9.6475262e+05
   9.9000000e+00  -1.9962934e+06  -1.2561382e+06
   1.0000000e+01  -2.0253316e+06  -1.5756758e+06
   1.0100000e+01  -2.0610822e+06  -1.8842055e+06
   1.0200000e+01  -2.1042970e+06  -2.1555180e+06
   1.0300000e+01  -2.1356022e+06  -2.3739228e+06
   1.0400000e+01  -2.1298288e+06  -2.5267568e+06
   1.0500000e+01  -2.0728291e+06  -2.5981642e+06
   1.0600000e+01  -1.9681431e+06  -2.5675422e+06
   1.0700000e+01  -1.8302300e+06  -2.4146508e+06
   1.0800000e+01  -1.6708718e+06  -2.1302322e+06
   1.0900000e+01  -1.4894286e+06  -1.7245569e+06
   1.1000000e+01  -1.2746166e+06  -1.2244241e+06
   1.1100000e+01  -1.0170469e+06  -6.5837544e+05
   1.1200000e+01  -7.2255006e+05  -4.2954652e+04
   1.1300000e+01  -4.1392484e+05   6.1621456e+05
   1.1400000e+01  -1.1771696e+05   1.3100965e+06
   1.1500000e+01   1.5330211e+05   2.0149848e+06
   1.1600000e+01   4.0601000e+05   2.6968960e+06
   1.1700000e+01   6.5562344e+05   3.3258462e+06
   1.1800000e+01   9.0783944e+05   3.8833762e+06
   1.1900000e+01   1.1502771e+06   4.3558615e+06
   1.2000000e+01   1.3589442e+06   4.7229885e+06
   1.2100000e+01   1.5122689e+06   4.9549610e+06
   1.2200000e+01   1.6019632e+06   5.0207470e+06
   1.2300000e+01   1.6357702e+06   4.8982995e+06
   1.2400000e+01   1.6325979e+06   4.5786085e+06
   1.2500000e+01   1.6123001e+06   4.0636245e+06
   1.2600000e+01   1.5847972e+06   3.3622590e+06
   1.2700000e+01   1.5465908e+06   2.4869305e+06
   1.2800000e+01   1.4895845e+06   1.4518635e+06
   1.2900000e+01   1.4152838e+06   2.7592341e+05
   1.3000000e+01   1.3389401e+06  -1.0082888e+06
   1.3100000e+01   1.2764544e+06  -2.3438540e+06
   1.3200000e+01   1.2262011e+06  -3.6473342e+06
   1.3300000e+01   1.1662676e+06  -4.8204350e+06
   1.3400000e+01   1.0728215e+06  -5.7699640e+06
   1.3500000e+01   9.4231100e+05  -6.4241610e+06
   1.3600000e+01   7.9493000e+05  -6.7382915e+06
   1.3700000e+01   6.5559688e+05  -6.6921760e+06
   1.3800000e+01   5.3127306e+05  -6.2866865e+06
   1.3900000e+01   4.0623872e+05  -5.5429405e+06
   1.4000000e+01   2.5867770e+05  -4.5032270e+06
   1.4100000e+01   8.2383781e+04  -3.2316482e+06
   1.4200000e+01  -1.0531388e+05  -1.8131566e+06
   1.4300000e+01  -2.7459822e+05  -3.4849369e+05
   1.4400000e+01  -4.0279269e+05   1.0579330e+06
   1.4500000e+01  -4.8733578e+05   2.3156022e+06
   1.4600000e+01  -5.4394462e+05   3.3616885e+06
   1.4700000e+01  -5.9316931e+05   4.1607895e+06
   1.4800000e+01  -6.4585875e+05   4.6908365e+06
   1.4900000e+01  -6.9748262e+05   4.9291915e+06
   1.5000000e+01  -7.3431856e+05   4.8545290e+06
   1.5100000e+01  -7.4612700e+05   4.4653265e+06
   1.5200000e+01  -7.3568094e+05   3.7984552e+06
   1.5300000e+01  -7.1809444e+05   2.9299398e+06
   1.5400000e+01  -7.1054094e+05   1.9562500e+06
   1.5500000e+01  -7.2025131e+05   9.7144238e+05
   1.5600000e+01  -7.4025956e+05   5.5485734e+04
   1.5700000e+01  -7.5657950e+05  -7.2616912e+05
   1.5800000e+01  -7.6111912e+05  -1.3239602e+06
   1.5900000e+01  -7.5913350e+05  -1.7139686e+06
   1.6000000e+01  -7.6387188e+05  -1.9082925e+06
   1.6100000e+01  -7.8229744e+05  -1.9515656e+06
   1.6200000e+01  -8.0462781e+05  -1.9000984e+06
   1.6300000e+01  -8.0797625e+05  -1.7972890e+06
   1.6400000e+01  -7.7192750e+05  -1.6631920e+06
   1.6500000e+01  -6.9305519e+05  -1.5026656e+06
   1.6600000e+01  -5.8655250e+05  -1.3199368e+06
   1.6700000e+01  -4.7465062e+05  -1.1248159e+06
   1.6800000e+01  -3.7197675e+05  -9.2766812e+05
   1.6900000e+01  -2.7865409e+05  -7.3195169e+05
   1.7000000e+01  -1.8440312e+05  -5.3289612e+05
   1.7100000e+01  -7.8993039e+04  -3.2246691e+05
   1.7200000e+01   3.8516980e+04  -9.5628398e+04
   1.7300000e+01   1.5739795e+05   1.4513247e+05
   1.7400000e+01   2.6114577e+05   3.8721284e+05
   1.7500000e+01   3.3833850e+05   6.0880644e+05
   1.7600000e+01   3.9156791e+05   7.8636019e+05
   1.7700000e+01   4.3751716e+05   9.0704131e+05
   1.7800000e+01   4.9627228e+05   9.7705181e+05
   1.7900000e+01   5.7596444e+05   1.0162978e+06
   1.8000000e+01   6.6406619e+05   1.0409216e+06
   1.8100000e+01   7.3360875e+05   1.0478022e+06
   1.8200000e+01   7.6149969e+05   1.0156741e+06
   1.8300000e+01   7.4522488e+05   9.2360088e+05
   1.8400000e+01   7.0393506e+05   7.7177919e+05
   1.8500000e+01   6.6257619e+05   5.8673825e+05
   1.8600000e+01   6.3281825e+05   4.0586512e+05
   1.8700000e+01   6.0748738e+05   2.5354652e+05
   1.8800000e+01   5.7230212e+05   1.2829691e+05
   1.8900000e+01   5.2223131e+05   1.0952070e+04
   1.9000000e+01   4.6612922e+05  -1.1403527e+05
   1.9100000e+01   4.1592131e+05  -2.4354362e+05
   1.9200000e+01   3.7245891e+05  -3.6040250e+05
   1.9300000e+01   3.2323562e+05  -4.5230506e+05
   1.9400000e+01   2.5473777e+05  -5.2529038e+05
   1.9500000e+01   1.6712019e+05  -5.9689612e+05
   1.9600000e+01   7.6156445e+04  -6.7458000e+05
   1.9700000e+01  -3.7127539e+02  -7.4100525e+05
   1.9800000e+01  -5.9405316e+04  -7.6234350e+05
   1.9900000e+01  -1.1639324e+05  -7.1353831e+05
   2.0000000e+01  -1.9171088e+05  -5.9793575e+05
   2.0100000e+01  -2.9153112e+05  -4.4447012e+05
   2.0200000e+01  -4.0045728e+05  -2.8695600e+05
   2.0300000e+01  -4.9265475e+05  -1.4482691e+05
   2.0400000e+01  -5.5132681e+05  -1.9520807e+04
   2.0500000e+01  -5.7918825e+05   9.5956000e+04
   2.0600000e+01  -5.9184469e+05   2.0649762e+05
   2.0700000e+01  -6.0227938e+05   3.1104459e+05
   2.0800000e+01  -6.1167788e+05   4.0351247e+05
   2.0900000e+01  -6.1319450e+05   4.7410812e+05
   2.1000000e+01  -6.0133038e+05   5.1118041e+05
   2.1100000e+01  -5.7573975e+05   5.0607612e+05
   2.1200000e+01  -5.3743150e+05   4.5918884e+05
   2.1300000e+01  -4.8500019e+05   3.8108388e+05
   2.1400000e+01  -4.1668791e+05   2.8596269e+05
   2.1500000e+01  -3.3442084e+05   1.8314889e+05
   2.1600000e+01  -2.4258377e+05   7.5341516e+04
   2.1700000e+01  -1.4234872e+05  -3.4695395e+04
   2.1800000e+01  -3.0347949e+04  -1.3691752e+05
   2.1900000e+01   9.4105469e+04  -2.1511558e+05
   2.2000000e+01   2.2147347e+05  -2.5618552e+05
   2.2100000e+01   3.3546519e+05  -2.5844500e+05
   2.2200000e+01   4.2631262e+05  -2.3089656e+05
   2.2300000e+01   4.9918956e+05  -1.8503558e+05
   2.2400000e+01   5.6677762e+05  -1.2852125e+05
   2.2500000e+01   6.3305950e+05  -6.7222984e+04
   2.2600000e+01   6.8648200e+05  -1.1765927e+04
   2.2700000e+01   7.1065569e+05   2.1691803e+04
   2.2800000e+01   7.0093506e+05   2.0985637e+04
   2.2900000e+01   6.6863769e+05  -1.0282583e+04
   2.3000000e+01   6.2874856e+05  -5.1980965e+04
   2.3100000e+01   5.8518681e+05  -8.1184648e+04
   2.3200000e+01   5.2952969e+05  -8.8606695e+04
   2.3300000e+01   4.5345444e+05  -8.2218852e+04
   2.3400000e+01   3.6040153e+05  -7.5443805e+04
   2.3500000e+01   2.6388284e+05  -7.2645273e+04
   2.3600000e+01   1.7486692e+05  -6.5600398e+04
   2.3700000e+01   9.1695969e+04  -4.1570672e+04
   2.3800000e+01   2.2654297e+03   7.4091528e+03
   2.3900000e+01  -1.0439164e+05   8.1919281e+04
   2.4000000e+01  -2.2781328e+05   1.7724416e+05
   2.4100000e+01  -3.5485272e+05   2.8431025e+05
   2.4200000e+01  -4.6695991e+05   3.8871822e+05
   2.4300000e+01  -5.5008538e+05   4.7213778e+05
   2.4400000e+01  -6.0105138e+05   5.1810903e+05
   2.4500000e+01  -6.2691219e+05   5.1849353e+05
   2.4600000e+01  -6.3771738e+05   4.7528362e+05
   2.4700000e+01  -6.3750094e+05   3.9667588e+05
   2.4800000e+01  -6.2055556e+05   2.9101028e+05
   2.4900000e+01  -5.7677006e+05   1.6317069e+05
   2.5000000e+01  -5.0216709e+05   1.5767265e+04
   2.5100000e+01  -4.0551903e+05  -1.4599139e+05
   2.5200000e+01  -3.0474034e+05  -3.0990819e+05
   2.5300000e+01  -2.1563058e+05  -4.5778591e+05
   2.5400000e+01  -1.4243380e+05  -5.7288469e+05
   2.5500000e+01  -7.8309047e+04  -6.4840481e+05
   2.5600000e+01  -1.5287871e+04  -6.8902269e+05
   2.5700000e+01   4.5155766e+04  -7.0346638e+05
   2.5800000e+01   9.0787164e+04  -6.9540038e+05
   2.5900000e+01   1.0848813e+05  -6.6206244e+05
   2.6000000e+01   9.6855227e+04  -6.0180038e+05
   2.6100000e+01   6.9674898e+04  -5.2181553e+05
   2.6200000e+01   4.6052973e+04  -4.3712184e+05
   2.6300000e+01   3.5232277e+04  -3.6114078e+05
   2.6400000e+01   2.9672594e+04  -2.9693478e+05
   2.6500000e+01   1.3262477e+04  -2.3705150e+05
   2.6600000e+01  -2.1788516e+04  -1.7145112e+05
   2.6700000e+01  -6.4107719e+04  -9.6080891e+04
   2.6800000e+01  -8.8782758e+04  -1.5141725e+04
   2.6900000e+01  -7.5928797e+04   6.3740195e+04
   2.7000000e+01  -2.6730625e+04   1.3620664e+05
   2.7100000e+01   3.7314316e+04   2.0337722e+05
   2.7200000e+01   9.1661664e+04   2.6785119e+05
   2.7300000e+01   1.2723858e+05   3.2820384e+05
   2.7400000e+01   1.5431480e+05   3.7856712e+05
   2.7500000e+01   1.9022891e+05   4.1450347e+05
   2.7600000e+01   2.4382558e+05   4.3892650e+05
   2.7700000e+01   3.0954553e+05   4.6089444e+05
   2.7800000e+01   3.7254872e+05   4.8743244e+05
   2.7900000e+01   4.1750847e+05   5.1611369e+05
   2.8000000e+01   4.3518512e+05   5.3543969e+05
   2.8100000e+01   4.2577547e+05   5.3242281e+05
   2.8200000e+01   3.9839384e+05   5.0089819e+05
   2.8300000e+01   3.6490700e+05   4.4505812e+05
   2.8400000e+01   3.3054541e+05   3.7725150e+05
   2.8500000e+01   2.8983466e+05   3.1207947e+05
   2.8600000e+01   2.3371027e+05   2.5969511e+05
   2.8700000e+01   1.6156820e+05   2.2174380e+05
   2.8800000e+01   8.4765508e+04   1.9271753e+05
   2.8900000e+01   1.6694443e+04   1.6590044e+05
   2.9000000e+01  -3.9889227e+04   1.3888755e+05
   2.9100000e+01  -9.4042266e+04   1.1385552e+05
   2.9200000e+01  -1.5495433e+05   9.2984242e+04
   2.9300000e+01  -2.1983094e+05   7.4116031e+04
   2.9400000e+01  -2.7312384e+05   5.0965336e+04
   2.9500000e+01  -2.9678006e+05   1.7393068e+04
   2.9600000e+01  -2.8203966e+05  -2.8248102e+04
   2.9700000e+01  -2.3446573e+05  -8.2127516e+04
   2.9800000e+01  -1.7038575e+05  -1.3759878e+05
   2.9900000e+01  -1.0796238e+05  -1.8895988e+05
   3.0000000e+01  -5.8308691e+04  -2.3318209e+05
   3.0100000e+01  -2.1956244e+04  -2.6860891e+05
   3.0200000e+01   7.4309814e+03  -2.9282009e+05
   3.0300000e+01   3.5759680e+04  -3.0282806e+05
   3.0400000e+01   6.3809316e+04  -2.9798300e+05
   3.0500000e+01   8.7816555e+04  -2.8239978e+05
   3.0600000e+01   1.0280253e+05  -2.6386247e+05
   3.0700000e+01   1.0514770e+05  -2.4993359e+05
   3.0800000e+01   9.3675430e+04  -2.4456847e+05
   3.0900000e+01   6.9911625e+04  -2.4699878e+05
   3.1000000e+01   3.7149160e+04  -2.5201209e+05
   3.1100000e+01  -1.8678354e+03  -2.5102002e+05
   3.1200000e+01  -4.6556621e+04  -2.3517244e+05
   3.1300000e+01  -9.7100250e+04  -2.0071578e+05
   3.1400000e+01  -1.5136614e+05  -1.5283548e+05
   3.1500000e+01  -2.0410750e+05  -1.0313798e+05
   3.1600000e+01  -2.4968050e+05  -6.1290570e+04
   3.1700000e+01  -2.8484938e+05  -2.8127715e+04
   3.1800000e+01  -3.0829441e+05   2.6817397e+03
   3.1900000e+01  -3.1802722e+05   3.5700301e+04
   3.2000000e+01  -3.1047019e+05   6.6656656e+04
   3.2100000e+01  -2.8239506e+05   8.4748773e+04
   3.2200000e+01  -2.3350192e+05   8.2066391e+04
   3.2300000e+01  -1.6757803e+05   6.0543059e+04
   3.2400000e+01  -9.2245312e+04   2.9785498e+04
   3.2500000e+01  -1.7630904e+04  -1.1888857e+03
   3.2600000e+01   4.6493738e+04  -2.9546176e+04
   3.2700000e+01   9.4462727e+04  -5.6733715e+04
   3.2800000e+01   1.2650375e+05  -8.2648031e+04
   3.2900000e+01   1.4637998e+05  -1.0290827e+05
   3.3000000e+01   1.5677842e+05  -1.1195702e+05
   3.3100000e+01   1.5701191e+05  -1.0834879e+05
   3.3200000e+01   1.4511297e+05  -9.6860023e+04
   3.3300000e+01   1.2145661e+05  -8.5549898e+04
   3.3400000e+01   8.9561367e+04  -8.0318797e+04
   3.3500000e+01   5.3359535e+04  -8.1145859e+04
   3.3600000e+01   1.4581341e+04  -8.2643234e+04
   3.3700000e+01  -2.6199742e+04  -7.8413539e+04
   3.3800000e+01  -6.5865406e+04  -6.5941914e+04
   3.3900000e+01  -9.7229562e+04  -4.8303141e+04
   3.4000000e+01  -1.1283255e+05  -3.1473434e+04
   3.4100000e+01  -1.1110110e+05  -1.9609158e+04
   3.4200000e+01  -9.8109758e+04  -1.2130775e+04
   3.4300000e+01  -8.1803117e+04  -4.6635591e+03
   3.4400000e+01  -6.3614371e+04   7.2368042e+03
   3.4500000e+01  -3.6018383e+04   2.4527439e+04
   3.4600000e+01   1.0964427e+04   4.4026660e+04
   3.4700000e+01   8.0264023e+04   6.1515008e+04
   3.4800000e+01   1.6389161e+05   7.6561250e+04
   3.4900000e+01   2.4741008e+05   9.4843125e+04
   3.5000000e+01   3.1802559e+05   1.2483991e+05
   3.5100000e+01   3.7003128e+05   1.7066894e+05
   3.5200000e+01   4.0520906e+05   2.2732061e+05
   3.5300000e+01   4.2951062e+05   2.8322528e+05
   3.5400000e+01   4.4809600e+05   3.2822938e+05
   3.5500000e+01   4.6060925e+05   3.5963578e+05
   3.5600000e+01   4.5923650e+05   3.8104678e+05
   3.5700000e+01   4.3192794e+05   3.9614712e+05
   3.5800000e+01   3.7008044e+05   4.0417800e+05
   3.5900000e+01   2.7572041e+05   4.0114981e+05
   3.6000000e+01   1.6228444e+05   3.8457275e+05
   3.6100000e+01   4.7503551e+04   3.5649884e+05
   3.6200000e+01  -5.6586430e+04   3.2216375e+05
   3.6300000e+01  -1.4875848e+05   2.8589906e+05
   3.6400000e+01  -2.3503105e+05   2.4802598e+05
   3.6500000e+01  -3.2008569e+05   2.0517891e+05
   3.6600000e+01  -4.0154025e+05   1.5365745e+05
   3.6700000e+01  -4.7185072e+05   9.3039453e+04
   3.6800000e+01  -5.2512781e+05   2.7017133e+04
   3.6900000e+01  -5.6165131e+05  -3.9242285e+04
   3.7000000e+01  -5.8566175e+05  -1.0260699e+05
   3.7100000e+01  -5.9893706e+05  -1.6282127e+05
   3.7200000e+01  -5.9671162e+05  -2.2001828e+05
   3.7300000e+01  -5.7020256e+05  -2.7201547e+05
   3.7400000e+01  -5.1404531e+05  -3.1465469e+05
   3.7500000e+01  -4.3259731e+05  -3.4461709e+05
   3.7600000e+01  -3.3950341e+05  -3.6108531e+05
   3.7700000e+01  -2.4984525e+05  -3.6430309e+05
   3.7800000e+01  -1.7038880e+05  -3.5338019e+05
   3.7900000e+01  -9.6070117e+04  -3.2697769e+05
   3.8000000e+01  -1.6532113e+04  -2.8689081e+05
   3.8100000e+01   7.2355977e+04  -2.4043164e+05
   3.8200000e+01   1.6240645e+05  -1.9807967e+05
   3.8300000e+01   2.3838384e+05  -1.6782700e+05
   3.8400000e+01   2.8980800e+05  -1.5146116e+05
   3.8500000e+01   3.1831012e+05  -1.4620989e+05
   3.8600000e+01   3.3444928e+05  -1.4947433e+05
   3.8700000e+01   3.4820681e+05  -1.6112062e+05
   3.8800000e+01   3.6208794e+05  -1.8100259e+05
   3.8900000e+01   3.7125006e+05  -2.0561245e+05
   3.9000000e+01   3.6816575e+05  -2.2924273e+05
   3.9100000e+01   3.4753553e+05  -2.4906405e+05
   3.9200000e+01   3.0977356e+05  -2.6715372e+05
   3.9300000e+01   2.6260372e+05  -2.8497703e+05
   3.9400000e+01   2.1883966e+05  -2.9582931e+05
   3.9500000e+01   1.8910967e+05  -2.8575850e+05
   3.9600000e+01   1.7363516e+05  -2.4497223e+05
   3.9700000e+01   1.6126995e+05  -1.7823825e+05
   3.9800000e+01   1.3930609e+05  -1.0157452e+05
   3.9900000e+01   1.0636659e+05  -2.7404703e+04
   4.0000000e+01   7.5252164e+04   4.5573094e+04
   4.0100000e+01   6.1149285e+04   1.2624496e+05
   4.0200000e+01   6.5929680e+04   2.1615480e+05
   4.0300000e+01   7.4829992e+04   3.0381644e+05
   4.0400000e+01   7.0080578e+04   3.7510084e+05
   4.0500000e+01   4.8343578e+04   4.2709834e+05
   4.0600000e+01   2.4030605e+04   4.6880072e+05
   4.0700000e+01   1.4561176e+04   5.0779516e+05
   4.0800000e+01   2.2105029e+04   5.3834281e+05
   4.0900000e+01   2.9934492e+04   5.4401406e+05
   4.1000000e+01   1.6678352e+04   5.1157750e+05
   4.1100000e+01  -2.5592229e+04   4.4189975e+05
   4.1200000e+01  -8.5820500e+04   3.4886256e+05
   4.1300000e+01  -1.4394345e+05   2.5000588e+05
   4.1400000e+01  -1.8546809e+05   1.5823984e+05
   4.1500000e+01  -2.0841877e+05   7.9397242e+04
   4.1600000e+01  -2.1981742e+05   1.3878667e+04
   4.1700000e+01  -2.2744022e+05  -4.0809930e+04
   4.1800000e+01  -2.3356702e+05  -8.7586969e+04
   4.1900000e+01  -2.3366802e+05  -1.2727879e+05
   4.2000000e+01  -2.1980953e+05  -1.5709469e+05
   4.2100000e+01  -1.8683031e+05  -1.7172825e+05
   4.2200000e+01  -1.3756088e+05  -1.6705627e+05
   4.2300000e+01  -8.2784500e+04  -1.4400411e+05
   4.2400000e+01  -3.4914504e+04  -1.0953448e+05
   4.2500000e+01   7.9689941e+00  -7.3629266e+04
   4.2600000e+01   2.5143957e+04  -4.4180758e+04
   4.2700000e+01   4.7972383e+04  -2.3526164e+04
   4.2800000e+01   7.2125742e+04  -9.3207812e+03
   4.2900000e+01   9.3137312e+04   9.8052881e+02
   4.3000000e+01   1.0149913e+05   5.8392603e+03
   4.3100000e+01   9.0176305e+04  -7.5100977e+02
   4.3200000e+01   6.0529488e+04  -2.5357102e+04
   4.3300000e+01   2.2287977e+04  -7.0000695e+04
   4.3400000e+01  -1.2408792e+04  -1.2964396e+05
   4.3500000e+01  -3.6963023e+04  -1.9388636e+05
   4.3600000e+01  -5.4849223e+04  -2.5160016e+05
   4.3700000e+01  -7.7019867e+04  -2.9547912e+05
   4.3800000e+01  -1.1303099e+05  -3.2352928e+05
   4.3900000e+01  -1.6189562e+05  -3.3653369e+05
   4.4000000e+01  -2.1035622e+05  -3.3373431e+05
   4.4100000e+01  -2.4144127e+05  -3.1097284e+05
   4.4200000e+01  -2.4718509e+05  -2.6372931e+05
   4.4300000e+01  -2.3424134e+05  -1.9274727e+05
   4.4400000e+01  -2.1645947e+05  -1.0689486e+05
   4.4500000e+01  -2.0104819e+05  -2.0106771e+04
   4.4600000e+01  -1.8216305e+05   5.5447688e+04
   4.4700000e+01  -1.4860100e+05   1.1484964e+05
   4.4800000e+01  -9.7092227e+04   1.6112881e+05
   4.4900000e+01  -3.6285164e+04   2.0133456e+05
   4.5000000e+01   2.2914844e+04   2.4044069e+05
   4.5100000e+01   7.9016156e+04   2.7641200e+05
   4.5200000e+01   1.3948880e+05   2.9990125e+05
   4.5300000e+01   2.0847384e+05   3.0009250e+05
   4.5400000e+01   2.7723269e+05   2.7335206e+05
   4.5500000e+01   3.2894281e+05   2.2742844e+05
   4.5600000e+01   3.5287194e+05   1.7654758e+05
   4.5700000e+01   3.5252844e+05   1.3116289e+05
   4.5800000e+01   3.3971681e+05   9.1809203e+04
   4.5900000e+01   3.2188188e+05   5.2618379e+04
   4.6000000e+01   2.9598484e+05   1.0317558e+04
   4.6100000e+01   2.5367736e+05  -3.0494609e+04
   4.6200000e+01   1.9104858e+05  -6.0351551e+04
   4.6300000e+01   1.1367309e+05  -7.2332328e+04
   4.6400000e+01   3.3985078e+04  -6.6761070e+04
   4.6500000e+01  -3.5276449e+04  -4.9914547e+04
   4.6600000e+01  -8.6384062e+04  -2.8981812e+04
   4.6700000e+01  -1.1826070e+05  -7.5679502e+03
   4.6800000e+01  -1.3500967e+05   1.5496900e+04
   4.6900000e+01  -1.4302348e+05   4.3827750e+04
   4.7000000e+01  -1.4783053e+05   7.9458281e+04
   4.7100000e+01  -1.5120248e+05   1.2003954e+05
   4.7200000e+01  -1.4957805e+05   1.5952809e+05
   4.7300000e+01  -1.3580769e+05   1.9190541e+05
   4.7400000e+01  -1.0497062e+05   2.1463583e+05
   4.7500000e+01  -6.0822719e+04   2.2860641e+05
   4.7600000e+01  -1.6450449e+04   2.3464898e+05
   4.7700000e+01   1.3805834e+04   2.3021611e+05
   4.7800000e+01   2.5451520e+04   2.0973823e+05
   4.7900000e+01   2.7448139e+04   1.6856833e+05
   4.8000000e+01   3.3771934e+04   1.0691596e+05
   4.8100000e+01   5.0332105e+04   3.0314303e+04
   4.8200000e+01   6.9982492e+04  -5.3368984e+04
   4.8300000e+01   8.0595812e+04  -1.3727634e+05
   4.8400000e+01   7.7985008e+04  -2.1653578e+05
   4.8500000e+01   7.0587758e+04  -2.8720100e+05
   4.8600000e+01   7.1260688e+04  -3.4557106e+05
   4.8700000e+01   8.4433945e+04  -3.8909941e+05
   4.8800000e+01   1.0124816e+05  -4.1740266e+05
   4.8900000e+01   1.0721912e+05  -4.3138041e+05
   4.9000000e+01   9.4862000e+04  -4.3107175e+05
   4.9100000e+01   6.9379109e+04  -4.1519088e+05
   4.9200000e+01   4.2712574e+04  -3.8368259e+05
   4.9300000e+01   2.2482270e+04  -3.4047759e+05
   4.9400000e+01   6.5179619e+03  -2.9232294e+05
   4.9500000e+01  -1.2744669e+04  -2.4377027e+05
   4.9600000e+01  -3.9565520e+04  -1.9362556e+05
   4.9700000e+01  -7.0561188e+04  -1.3754967e+05
   4.9800000e+01  -9.7616539e+04  -7.4782102e+04
   4.9900000e+01  -1.1372778e+05  -1.1811543e+04
   5.0000000e+01  -1.1640438e+05   4.1268023e+04
   5.0100000e+01  -1.0751276e+05   7.8099508e+04
   5.0200000e+01  -9.1483500e+04   9.9835719e+04
   5.0300000e+01  -7.2922531e+04   1.1254352e+05
   5.0400000e+01  -5.3626484e+04   1.2211146e+05
   5.0500000e+01  -3.0811133e+04   1.3164588e+05
   5.0600000e+01   2.3604395e+02   1.4189180e+05
   5.0700000e+01   3.9357355e+04   1.5183559e+05
   5.0800000e+01   7.6784500e+04   1.5829791e+05
   5.0900000e+01   9.7098312e+04   1.5664445e+05
   5.1000000e+01   9.0564516e+04   1.4434042e+05
   5.1100000e+01   6.1786309e+04   1.2497799e+05
   5.1200000e+01   2.6483912e+04   1.0798623e+05
   5.1300000e+01  -1.6858373e+03   1.0246441e+05
   5.1400000e+01  -2.2126273e+04   1.0987904e+05
   5.1500000e+01  -4.5693773e+04   1.2287684e+05
   5.1600000e+01  -8.2407469e+04   1.3240223e+05
   5.1700000e+01  -1.3063904e+05   1.3678470e+05
   5.1800000e+01  -1.7766819e+05   1.4333577e+05
   5.1900000e+01  -2.0976147e+05   1.5974355e+05
   5.2000000e+01  -2.2143845e+05   1.8336898e+05
   5.2100000e+01  -2.1634683e+05   2.0007564e+05
   5.2200000e+01  -2.0147680e+05   1.9545344e+05
   5.2300000e+01  -1.8174972e+05   1.6822111e+05
   5.2400000e+01  -1.5914625e+05   1.3209608e+05
   5.2500000e+01  -1.3469688e+05   1.0342294e+05
   5.2600000e+01  -1.0957379e+05   8.6639461e+04
   5.2700000e+01  -8.4088117e+04   7.2309234e+04
   5.2800000e+01  -5.6597031e+04   4.9416840e+04
   5.2900000e+01  -2.4635684e+04   1.8618129e+04
   5.3000000e+01   1.2051975e+04  -7.5387275e+03
   5.3100000e+01   4.9681488e+04  -1.7221873e+04
   5.3200000e+01   8.2459398e+04  -1.1276411e+04
   5.3300000e+01   1.0703228e+05  -2.6204880e+03
   5.3400000e+01   1.2441324e+05  -4.4824297e+03
   5.3500000e+01   1.3671270e+05  -1.9136195e+04
   5.3600000e+01   1.4261959e+05  -3.6715715e+04
   5.3700000e+01   1.3816831e+05  -4.3714402e+04
   5.3800000e+01   1.2305184e+05  -3.3212863e+04
   5.3900000e+01   1.0465464e+05  -9.0264893e+03
   5.4000000e+01   9.3283344e+04   1.8158941e+04
   5.4100000e+01   9.2563719e+04   3.8242574e+04
   5.4200000e+01   9.5715570e+04   4.6326586e+04
   5.4300000e+01   9.2394969e+04   4.1981023e+04
   5.4400000e+01   7.9056531e+04   2.6498809e+04
   5.4500000e+01   6.2319449e+04   2.5607305e+03
   5.4600000e+01   5.2793219e+04  -2.4357078e+04
   5.4700000e+01   5.6133371e+04  -4.7587930e+04
   5.4800000e+01   6.9270055e+04  -6.5005664e+04
   5.4900000e+01   8.3892312e+04  -8.2751500e+04
   5.5000000e+01   9.3350609e+04  -1.1065916e+05
   5.5100000e+01   9.7221312e+04  -1.5217402e+05
   5.5200000e+01   9.9894148e+04  -1.9899097e+05
   5.5300000e+01   1.0443348e+05  -2.3634592e+05
   5.5400000e+01   1.0767368e+05  -2.5351281e+05
   5.5500000e+01   1.0218078e+05  -2.4924836e+05
   5.5600000e+01   8.3904750e+04  -2.2879972e+05
   5.5700000e+01   5.7468516e+04  -1.9830641e+05
   5.5800000e+01   3.2603521e+04  -1.6302294e+05
   5.5900000e+01   1.4817434e+04  -1.2869941e+05
   5.6000000e+01   3.4129395e+02  -1.0091046e+05
   5.6100000e+01  -1.8868230e+04  -8.0848023e+04
   5.6200000e+01  -4.5484070e+04  -6.2597703e+04
   5.6300000e+01  -7.3223219e+04  -3.7052125e+04
   5.6400000e+01  -9.3106344e+04  -2.8374805e+02
   5.6500000e+01  -1.0212505e+05   4.2021590e+04
   5.6600000e+01  -1.0447870e+05   7.9435875e+04
   5.6700000e+01  -1.0480364e+05   1.0647627e+05
   5.6800000e+01  -1.0254403e+05   1.2697356e+05
   5.6900000e+01  -9.4775367e+04   1.4854689e+05
   5.7000000e+01  -8.3530250e+04   1.7351023e+05
   5.7100000e+01  -7.7225430e+04   1.9623272e+05
   5.7200000e+01  -8.2767844e+04   2.0911967e+05
   5.7300000e+01  -9.6878359e+04   2.0938055e+05
   5.7400000e+01  -1.0702708e+05   1.9859725e+05
   5.7500000e+01  -1.0171298e+05   1.7670275e+05
   5.7600000e+01  -7.9747109e+04   1.3925694e+05
   5.7700000e+01  -5.0182734e+04   8.2700109e+04
   5.7800000e+01  -2.4645314e+04   1.1730021e+04
   5.7900000e+01  -9.7507217e+03  -6.0795945e+04
   5.8000000e+01  -4.5086206e+03  -1.2294135e+05
   5.8100000e+01  -2.3283877e+03  -1.7265539e+05
   5.8200000e+01   4.5673975e+03  -2.1694875e+05
   5.8300000e+01   2.0195535e+04  -2.6198908e+05
   5.8400000e+01   4.1838664e+04  -3.0448053e+05
   5.8500000e+01   6.1649934e+04  -3.3294906e+05
   5.8600000e+01   7.2300258e+04  -3.3684950e+05
   5.8700000e+01   7.2106000e+04  -3.1391956e+05
   5.8800000e+01   6.5270938e+04  -2.6960288e+05
   5.8900000e+01   5.7581160e+04  -2.1147361e+05
   5.9000000e+01   5.1764074e+04  -1.4558059e+05
   5.9100000e+01   4.5994641e+04  -7.7064984e+04
   5.9200000e+01   3.5745422e+04  -1.1415859e+04
   5.9300000e+01   1.7167041e+04   4.7029457e+04
   5.9400000e+01  -9.9084736e+03   9.7650500e+04
   5.9500000e+01  -4.0940508e+04   1.4316500e+05
   5.9600000e+01  -6.8578086e+04   1.8590809e+05
   5.9700000e+01  -8.6580523e+04   2.2476575e+05
   5.9800000e+01  -9.2954344e+04   2.5606753e+05
   5.9900000e+01  -8.9951719e+04   2.7719438e+05
   6.0000000e+01  -8.1369062e+04   2.8909028e+05
   6.0100000e+01  -6.9742867e+04   2.9563197e+05
   6.0200000e+01  -5.5463715e+04   3.0076516e+05
   6.0300000e+01  -3.7748422e+04   3.0544250e+05
   6.0400000e+01  -1.6211395e+04   3.0622366e+05
   6.0500000e+01   8.0929473e+03   2.9700138e+05
   6.0600000e+01   3.2848375e+04   2.7368325e+05
   6.0700000e+01   5.6037715e+04   2.3859442e+05
   6.0800000e+01   7.7871219e+04   2.0031103e+05
   6.0900000e+01   1.0095087e+05   1.6831520e+05
   6.1000000e+01   1.2741945e+05   1.4695923e+05
   6.1100000e+01   1.5500859e+05   1.3358530e+05
   6.1200000e+01   1.7628930e+05   1.2099583e+05
   6.1300000e+01   1.8343684e+05   1.0115932e+05
   6.1400000e+01   1.7514925e+05   6.8648578e+04
   6.1500000e+01   1.5878334e+05   2.4348787e+04
   6.1600000e+01   1.4430862e+05  -2.2337848e+04
   6.1700000e+01   1.3496505e+05  -5.7354355e+04
   6.1800000e+01   1.2380876e+05  -7.2451586e+04
   6.1900000e+01   1.0001375e+05  -7.4050438e+04
   6.2000000e+01   5.8814297e+04  -8.0401695e+04
   6.2100000e+01   5.2355654e+03  -1.0730898e+05
   6.2200000e+01  -5.1404305e+04  -1.5501038e+05
   6.2300000e+01  -1.0553365e+05  -2.0850459e+05
   6.2400000e+01  -1.5741134e+05  -2.5027759e+05
   6.2500000e+01  -2.0812630e+05  -2.7282341e+05
   6.2600000e+01  -2.5398900e+05  -2.8052031e+05
   6.2700000e+01  -2.8665544e+05  -2.8205047e+05
   6.2800000e+01  -2.9887206e+05  -2.8228512e+05
   6.2900000e+01  -2.9032366e+05  -2.8016609e+05
   6.3000000e+01  -2.6831769e+05  -2.7207297e+05
   6.3100000e+01  -2.4263161e+05  -2.5626748e+05
   6.3200000e+01  -2.1866002e+05  -2.3481147e+05
   6.3300000e+01  -1.9448783e+05  -2.1191752e+05
   6.3400000e+01  -1.6425544e+05  -1.9008794e+05
   6.3500000e+01  -1.2443536e+05  -1.6720758e+05
   6.3600000e+01  -7.6874078e+04  -1.3765202e+05
   6.3700000e+01  -2.6195193e+04  -9.7244031e+04
   6.3800000e+01   2.4429791e+04  -4.7874172e+04
   6.3900000e+01   7.3809438e+04   2.6287979e+03
   6.4000000e+01   1.1979430e+05   4.5286438e+04
   6.4100000e+01   1.5816036e+05   7.4874453e+04
   6.4200000e+01   1.8606583e+05   9.0938320e+04
   6.4300000e+01   2.0586684e+05   9.5419555e+04
   6.4400000e+01   2.2329766e+05   9.0415836e+04
   6.4500000e+01   2.4053934e+05   7.8149992e+04
   6.4600000e+01   2.5165647e+05   6.1891254e+04
   6.4700000e+01   2.4644261e+05   4.5631625e+04
   6.4800000e+01   2.2009244e+05   3.2423777e+04
   6.4900000e+01   1.7966838e+05   2.3325299e+04
   6.5000000e+01   1.4068841e+05   1.8249736e+04
   6.5100000e+01   1.1589445e+05   1.7606521e+04
   6.5200000e+01   1.0541949e+05   2.2509154e+04
   6.5300000e+01   9.6976062e+04   3.3078488e+04
   6.5400000e+01   7.6497164e+04   4.7038199e+04
   6.5500000e+01   4.0419691e+04   6.1035004e+04
   6.5600000e+01  -1.1081235e+03   7.4088781e+04
   6.5700000e+01  -3.2831969e+04   8.9435281e+04
   6.5800000e+01  -4.6804555e+04   1.1174561e+05
   6.5900000e+01  -4.7651742e+04   1.4139133e+05
   6.6000000e+01  -4.7183812e+04   1.7136612e+05
   6.6100000e+01  -5.4423719e+04   1.9086589e+05
   6.6200000e+01  -6.9528266e+04   1.9315719e+05
   6.6300000e+01  -8.5022742e+04   1.8064317e+05
   6.6400000e+01  -9.1988305e+04   1.6234627e+05
   6.6500000e+01  -8.6737047e+04   1.4634673e+05
   6.6600000e+01  -7.4032836e+04   1.3434591e+05
   6.6700000e+01  -6.4511820e+04   1.2264469e+05
   6.6800000e+01  -6.7269422e+04   1.0714427e+05
   6.6900000e+01  -8.2746609e+04   8.7034898e+04
   6.7000000e+01  -1.0191112e+05   6.4840609e+04
   6.7100000e+01  -1.1297547e+05   4.4408605e+04
   6.7200000e+01  -1.1046159e+05   2.8713508e+04
   6.7300000e+01  -9.9475766e+04   1.7843670e+04
   6.7400000e+01  -9.1939070e+04   8.1129048e+03
   6.7500000e+01  -9.7345641e+04  -5.5269302e+03
   6.7600000e+01  -1.1447595e+05  -2.4161887e+04
   6.7700000e+01  -1.3067588e+05  -4.1989172e+04
   6.7800000e+01  -1.3086792e+05  -5.0753590e+04
   6.7900000e+01  -1.1041253e+05  -4.8520289e+04
   6.8000000e+01  -8.0490172e+04  -4.3226828e+04
   6.8100000e+01  -5.9402199e+04  -4.6055594e+04
   6.8200000e+01  -5.6457336e+04  -6.1197711e+04
   6.8300000e+01  -6.3717430e+04  -8.2831828e+04
   6.8400000e+01  -6.3894840e+04  -1.0165130e+05
   6.8500000e+01  -4.6281457e+04  -1.1291411e+05
   6.8600000e+01  -1.4734675e+04  -1.1824955e+05
   6.8700000e+01   1.8833721e+04  -1.2204637e+05
   6.8800000e+01   4.6602266e+04  -1.2796186e+05
   6.8900000e+01   6.9724359e+04  -1.3756078e+05
   6.9000000e+01   9.3234844e+04  -1.4921766e+05
   6.9100000e+01   1.1918888e+05  -1.5744327e+05
   6.9200000e+01   1.4584291e+05  -1.5567986e+05
   6.9300000e+01   1.7181402e+05  -1.4224348e+05
   6.9400000e+01   1.9856841e+05  -1.2312043e+05
   6.9500000e+01   2.2787283e+05  -1.0675120e+05
   6.9600000e+01   2.5752220e+05  -9.5319156e+04
   6.9700000e+01   2.8075631e+05  -8.2511547e+04
   6.9800000e+01   2.9088812e+05  -6.0792590e+04
   6.9900000e+01   2.8746578e+05  -2.9766660e+04
   7.0000000e+01   2.7836059e+05   4.0413628e+03
   7.0100000e+01   2.7471494e+05   3.4822199e+04
   7.0200000e+01   2.8123762e+05   6.2417465e+04
   7.0300000e+01   2.8944606e+05   8.8806695e+04
   7.0400000e+01   2.8122481e+05   1.1187905e+05
   7.0500000e+01   2.4221347e+05   1.2547931e+05
   7.0600000e+01   1.7450236e+05   1.2586305e+05
   7.0700000e+01   9.6537188e+04   1.1607399e+05
   7.0800000e+01   2.9158836e+04   1.0282041e+05
   7.0900000e+01  -1.9671613e+04   9.0390195e+04
   7.1000000e+01  -5.7633836e+04   7.9207352e+04
   7.1100000e+01  -9.7598555e+04   6.9212719e+04
   7.1200000e+01  -1.4608952e+05   6.1436973e+04
   7.1300000e+01  -2.0111200e+05   5.4656820e+04
   7.1400000e+01  -2.5744314e+05   4.2549477e+04
   7.1500000e+01  -3.1059119e+05   1.7645658e+04
   7.1600000e+01  -3.5626900e+05  -2.0406076e+04
   7.1700000e+01  -3.9012938e+05  -6.1645238e+04
   7.1800000e+01  -4.1091550e+05  -9.2481008e+04
   7.1900000e+01  -4.2264703e+05  -1.0611769e+05
   7.2000000e+01  -4.3068897e+05  -1.0640488e+05
   7.2100000e+01  -4.3490341e+05  -1.0206802e+05
   7.2200000e+01  -4.2862588e+05  -9.8242531e+04
   7.2300000e+01  -4.0601425e+05  -9.3836812e+04
   7.2400000e+01  -3.6978100e+05  -8.5722719e+04
   7.2500000e+01  -3.3017803e+05  -7.3346703e+04
   7.2600000e+01  -2.9593428e+05  -5.8168812e+04
   7.2700000e+01  -2.6654681e+05  -3.9601531e+04
   7.2800000e+01  -2.3325300e+05  -1.3833150e+04
   7.2900000e+01  -1.8702327e+05   2.1690129e+04
   7.3000000e+01  -1.2621071e+05   6.3035129e+04
   7.3100000e+01  -5.8217355e+04   1.0086405e+05
   7.3200000e+01   5.2053184e+03   1.2806766e+05
   7.3300000e+01   5.5338922e+04   1.4605591e+05
   7.3400000e+01   9.1495195e+04   1.6241017e+05
   7.3500000e+01   1.2005895e+05   1.8192086e+05
   7.3600000e+01   1.4834525e+05   2.0048377e+05
   7.3700000e+01   1.7864078e+05   2.0830966e+05
   7.3800000e+01   2.0798023e+05   1.9898581e+05
   7.3900000e+01   2.3358330e+05   1.7521997e+05
   7.4000000e+01   2.5776770e+05   1.4618284e+05
   7.4100000e+01   2.8650588e+05   1.1994748e+05
   7.4200000e+01   3.2273784e+05   9.8552656e+04
   7.4300000e+01   3.6154238e+05   7.9563992e+04
   7.4400000e+01   3.9254656e+05   6.1242488e+04
   7.4500000e+01   4.0742325e+05   4.5308930e+04
   7.4600000e+01   4.0529978e+05   3.4502367e+04
   7.4700000e+01   3.9157516e+05   2.8178092e+04
   7.4800000e+01   3.7251859e+05   2.1508074e+04
   7.4900000e+01   3.5141775e+05   9.5283242e+03
   7.5000000e+01   3.2892669e+05  -8.8168203e+03
   7.5100000e+01   3.0514616e+05  -3.1576322e+04
   7.5200000e+01   2.7993106e+05  -5.7971438e+04
   7.5300000e+01   2.5144814e+05  -8.9427883e+04
   7.5400000e+01   2.1595712e+05  -1.2526285e+05
   7.5500000e+01   1.7026644e+05  -1.5917191e+05
   7.5600000e+01   1.1457277e+05  -1.8336936e+05
   7.5700000e+01   5.2710379e+04  -1.9760703e+05
   7.5800000e+01  -9.8249463e+03  -2.1205466e+05
   7.5900000e+01  -6.7185312e+04  -2.3806672e+05
   7.6000000e+01  -1.1302702e+05  -2.7495581e+05
   7.6100000e+01  -1.4172733e+05  -3.0729769e+05
   7.6200000e+01  -1.5271225e+05  -3.1710962e+05
   7.6300000e+01  -1.5405539e+05  -2.9916666e+05
   7.6400000e+01  -1.5915908e+05  -2.6405894e+05
   7.6500000e+01  -1.7651745e+05  -2.2675264e+05
   7.6600000e+01  -2.0146092e+05  -1.9358206e+05
   7.6700000e+01  -2.1914172e+05  -1.6091992e+05
   7.6800000e+01  -2.1745053e+05  -1.2463344e+05
   7.6900000e+01  -1.9795112e+05  -8.7577922e+04
   7.7000000e+01  -1.7432194e+05  -5.6138535e+04
   7.7100000e+01  -1.6017694e+05  -3.0903082e+04
   7.7200000e+01  -1.5840595e+05  -3.8026450e+03
   7.7300000e+01  -1.6179722e+05   3.3893047e+04
   7.7400000e+01  -1.6277209e+05   8.1555609e+04
   7.7500000e+01  -1.6134116e+05   1.2860932e+05
   7.7600000e+01  -1.6355547e+05   1.6410075e+05
   7.7700000e+01  -1.7360372e+05   1.8605722e+05
   7.7800000e+01  -1.8917044e+05   2.0140923e+05
   7.7900000e+01  -2.0487177e+05   2.1816683e+05
   7.8000000e+01  -2.1860331e+05   2.3891391e+05
   7.8100000e+01  -2.3250073e+05   2.6094339e+05
   7.8200000e+01  -2.4752530e+05   2.7985241e+05
   7.8300000e+01  -2.5901373e+05   2.9105291e+05
   7.8400000e+01  -2.5929314e+05   2.8909456e+05
   7.8500000e+01  -2.4445544e+05   2.6931075e+05
   7.8600000e+01  -2.1732320e+05   2.3314088e+05
   7.8700000e+01  -1.8364120e+05   1.9155559e+05
   7.8800000e+01  -1.4660962e+05   1.6016291e+05
   7.8900000e+01  -1.0586242e+05   1.4776794e+05
   7.9000000e+01  -6.0772973e+04   1.4878123e+05
   7.9100000e+01  -1.3083629e+04   1.4812997e+05
   7.9200000e+01   3.4377270e+04   1.3521677e+05
   7.9300000e+01   8.1092281e+04   1.1331736e+05
   7.9400000e+01   1.3018180e+05   9.4442648e+04
   7.9500000e+01   1.8547520e+05   8.4653055e+04
   7.9600000e+01   2.4626334e+05   7.5486945e+04
   7.9700000e+01   3.0461319e+05   5.1327559e+04
   7.9800000e+01   3.4897106e+05   5.6321152e+03
   7.9900000e+01   3.7214516e+05  -5.0883543e+04
   8.0000000e+01   3.7650697e+05  -9.8916898e+04
   8.0100000e+01   3.7103366e+05  -1.2763109e+05
   8.0200000e+01   3.6318512e+05  -1.4355830e+05
   8.0300000e+01   3.5408528e+05  -1.6363059e+05
   8.0400000e+01   3.4090391e+05  -1.9987969e+05
   8.0500000e+01   3.2143853e+05  -2.4962097e+05
   8.0600000e+01   2.9457128e+05  -2.9809069e+05
   8.0700000e+01   2.5791584e+05  -3.2932931e+05
   8.0800000e+01   2.0898045e+05  -3.3588709e+05
   8.0900000e+01   1.5061122e+05  -3.2105922e+05
   8.1000000e+01   9.3215945e+04  -2.9405819e+05
   8.1100000e+01   4.8140148e+04  -2.6311950e+05
   8.1200000e+01   1.7618199e+04  -2.3150088e+05
   8.1300000e+01  -7.4571431e+03  -1.9794450e+05
   8.1400000e+01  -3.8511668e+04  -1.5979047e+05
   8.1500000e+01  -7.7922641e+04  -1.1606230e+05
   8.1600000e+01  -1.1653363e+05  -6.9059234e+04
   8.1700000e+01  -1.4171152e+05  -2.4062672e+04
   8.1800000e+01  -1.4770638e+05   1.3003328e+04
   8.1900000e+01  -1.3956498e+05   3.9271785e+04
   8.2000000e+01  -1.2874751e+05   5.7409840e+04
   8.2100000e+01  -1.2488591e+05   7.3886391e+04
   8.2200000e+01  -1.2963850e+05   9.3334398e+04
   8.2300000e+01  -1.3648803e+05   1.1384889e+05
   8.2400000e+01  -1.3651975e+05   1.2841862e+05
   8.2500000e+01  -1.2599304e+05   1.3214055e+05
   8.2600000e+01  -1.0964069e+05   1.2856070e+05
   8.2700000e+01  -9.6842688e+04   1.2834852e+05
   8.2800000e+01  -9.4200492e+04   1.4050659e+05
   8.2900000e+01  -1.0122527e+05   1.6381691e+05
   8.3000000e+01  -1.1232252e+05   1.8658512e+05
   8.3100000e+01  -1.2215855e+05   1.9521862e+05
   8.3200000e+01  -1.2951179e+05   1.8405731e+05
   8.3300000e+01  -1.3764817e+05   1.5814217e+05
   8.3400000e+01  -1.5208688e+05   1.2762820e+05
   8.3500000e+01  -1.7661303e+05   9.9807359e+04
   8.3600000e+01  -2.0852455e+05   7.5306352e+04
   8.3700000e+01  -2.3657233e+05   4.9905277e+04
   8.3800000e+01  -2.4577830e+05   1.8975969e+04
   8.3900000e+01  -2.2781173e+05  -1.8656418e+04
   8.4000000e+01  -1.8818316e+05  -5.8868812e+04
   8.4100000e+01  -1.4221609e+05  -9.3136445e+04
   8.4200000e+01  -1.0240658e+05  -1.1237598e+05
   8.4300000e+01  -6.9060273e+04  -1.1184751e+05
   8.4400000e+01  -3.2813773e+04  -9.3440195e+04
   8.4500000e+01   1.4629295e+04  -6.3490324e+04
   8.4600000e+01   7.2443148e+04  -2.8559998e+04
   8.4700000e+01   1.3149720e+05   6.8074072e+03
   8.4800000e+01   1.8100277e+05   3.9438383e+04
   8.4900000e+01   2.1449605e+05   6.6505297e+04
   8.5000000e+01   2.3183267e+05   8.5910008e+04
   8.5100000e+01   2.3757738e+05   9.6782641e+04
   8.5200000e+01   2.3741612e+05   9.8511438e+04
   8.5300000e+01   2.3474572e+05   8.9629898e+04
   8.5400000e+01   2.2985273e+05   6.9042195e+04
   8.5500000e+01   2.2205031e+05   3.8934789e+04
   8.5600000e+01   2.1180827e+05   5.5579658e+03
   8.5700000e+01   1.9996228e+05  -2.4104309e+04
   8.5800000e+01   1.8549461e+05  -4.6784062e+04
   8.5900000e+01   1.6604694e+05  -6.3961449e+04
   8.6000000e+01   1.4153883e+05  -7.8936609e+04
   8.6100000e+01   1.1583978e+05  -9.3640406e+04
   8.6200000e+01   9.2921602e+04  -1.0812568e+05
   8.6300000e+01   7.1620922e+04  -1.2172789e+05
   8.6400000e+01   4.6516172e+04  -1.3339622e+05
   8.6500000e+01   1.5369495e+04  -1.4107948e+05
   8.6600000e+01  -1.5699979e+04  -1.4210248e+05
   8.6700000e+01  -3.6874594e+04  -1.3509088e+05
   8.6800000e+01  -4.4936480e+04  -1.2148930e+05
   8.6900000e+01  -4.7130809e+04  -1.0482682e+05
   8.7000000e+01  -5.3298773e+04  -8.8334477e+04
   8.7100000e+01  -6.5058230e+04  -7.2981383e+04
   8.7200000e+01  -7.4872422e+04  -5.7081734e+04
   8.7300000e+01  -7.6272695e+04  -3.7214121e+04
   8.7400000e+01  -7.3052070e+04  -9.9764814e+03
   8.7500000e+01  -7.6384406e+04   2.5693275e+04
   8.7600000e+01  -9.3177609e+04   6.6541758e+04
   8.7700000e+01  -1.1903155e+05   1.0509624e+05
   8.7800000e+01  -1.4318552e+05   1.3280809e+05
   8.7900000e+01  -1.5892014e+05   1.4472105e+05
   8.8000000e+01  -1.6784747e+05   1.4210372e+05
   8.8100000e+01  -1.7494144e+05   1.3049188e+05
   8.8200000e+01  -1.8143353e+05   1.1461435e+05
   8.8300000e+01  -1.8322759e+05   9.5097961e+04
   8.8400000e+01  -1.7508325e+05   7.0454938e+04
   8.8500000e+01  -1.5542855e+05   4.2088152e+04
   8.8600000e+01  -1.2782189e+05   1.6090163e+04
   8.8700000e+01  -9.8822422e+04  -1.1193652e+03
   8.8800000e+01  -7.3981469e+04  -8.7875000e+03
   8.8900000e+01  -5.4103352e+04  -1.2389354e+04
   8.9000000e+01  -3.4196398e+04  -1.7908367e+04
   8.9100000e+01  -6.5457705e+03  -2.6428328e+04
   8.9200000e+01   3.3717039e+04  -3.4726715e+04
   8.9300000e+01   8.4659867e+04  -3.9711590e+04
   8.9400000e+01   1.3814830e+05  -4.0463539e+04
   8.9500000e+01   1.8421392e+05  -3.6408680e+04
   8.9600000e+01   2.1604450e+05  -2.6147648e+04
   8.9700000e+01   2.3288719e+05  -9.7592676e+03
   8.9800000e+01   2.3959433e+05   9.0154248e+03
   8.9900000e+01   2.4279123e+05   2.5151875e+04
   9.0000000e+01   2.4552391e+05   3.7176824e+04
   9.0100000e+01   2.4428462e+05   4.8111734e+04
   9.0200000e+01   2.3159148e+05   6.0957875e+04
   9.0300000e+01   2.0270909e+05   7.4427047e+04
   9.0400000e+01   1.6067291e+05   8.4082523e+04
   9.0500000e+01   1.1469440e+05   8.6713531e+04
   9.0600000e+01   7.3069781e+04   8.2124211e+04
   9.0700000e+01   3.6980688e+04   7.1129852e+04
   9.0800000e+01   8.7860742e+02   5.4021922e+04
   9.0900000e+01  -4.0752547e+04   3.2197900e+04
   9.1000000e+01  -8.6267320e+04   9.9392363e+03
   9.1100000e+01  -1.2612647e+05  -7.7501997e+03
   9.1200000e+01  -1.5004919e+05  -1.9943648e+04
   9.1300000e+01  -1.5612006e+05  -3.1523994e+04
   9.1400000e+01  -1.5307400e+05  -4.8921668e+04
   9.1500000e+01  -1.5264775e+05  -7.3703516e+04
   9.1600000e+01  -1.5880259e+05  -1.0049984e+05
   9.1700000e+01  -1.6458752e+05  -1.2127452e+05
   9.1800000e+01  -1.6003817e+05  -1.3153605e+05
   9.1900000e+01  -1.4283853e+05  -1.3270255e+05
   9.2000000e+01  -1.2044991e+05  -1.2943262e+05
   9.2100000e+01  -1.0185870e+05  -1.2573748e+05
   9.2200000e+01  -8.8495648e+04  -1.2364398e+05
   9.2300000e+01  -7.4292414e+04  -1.2404835e+05
   9.2400000e+01  -5.4120562e+04  -1.2695657e+05
   9.2500000e+01  -3.0603859e+04  -1.3042969e+05
   9.2600000e+01  -1.1812101e+04  -1.3054053e+05
   9.2700000e+01  -2.9854629e+03  -1.2370544e+05
   9.2800000e+01  -1.7307275e+03  -1.0915150e+05
   9.2900000e+01  -1.5409604e+03  -8.8570117e+04
   9.3000000e+01   9.0540039e+02  -6.3624391e+04
   9.3100000e+01   2.7469194e+03  -3.4769961e+04
   9.3200000e+01  -1.1078516e+03  -2.6949829e+03
   9.3300000e+01  -1.1960502e+04   3.0222842e+04
   9.3400000e+01  -2.5564832e+04   6.0959879e+04
   9.3500000e+01  -3.5690926e+04   8.8182695e+04
   9.3600000e+01  -3.8611707e+04   1.1294561e+05
   9.3700000e+01  -3.4203223e+04   1.3731327e+05
   9.3800000e+01  -2.3955971e+04   1.6295808e+05
   9.3900000e+01  -9.4888320e+03   1.9066155e+05
   9.4000000e+01   6.5692827e+03   2.1954594e+05
   9.4100000e+01   1.9681381e+04   2.4580736e+05
   9.4200000e+01   2.5795727e+04   2.6320288e+05
   9.4300000e+01   2.6060652e+04   2.6675959e+05
   9.4400000e+01   2.8286811e+04   2.5709578e+05
   9.4500000e+01   4.1300832e+04   2.4090602e+05
   9.4600000e+01   6.6162438e+04   2.2659003e+05
   9.4700000e+01   9.3480594e+04   2.1867614e+05
   9.4800000e+01   1.1109473e+05   2.1528158e+05
   9.4900000e+01   1.1513459e+05   2.0969692e+05
   9.5000000e+01   1.1286552e+05   1.9447852e+05
   9.5100000e+01   1.1431597e+05   1.6581048e+05
   9.5200000e+01   1.2214956e+05   1.2586581e+05
   9.5300000e+01   1.3071031e+05   8.1302359e+04
   9.5400000e+01   1.3388970e+05   3.8572430e+04
   9.5500000e+01   1.3152681e+05   8.4849609e+01
   9.5600000e+01   1.2738779e+05  -3.5131477e+04
   9.5700000e+01   1.2293289e+05  -6.7721406e+04
   9.5800000e+01   1.1527189e+05  -9.6445852e+04
   9.5900000e+01   1.0081431e+05  -1.2087057e+05
   9.6000000e+01   7.8945312e+04  -1.4422925e+05
   9.6100000e+01   5.1847711e+04  -1.7173016e+05
   9.6200000e+01   2.2596254e+04  -2.0557219e+05
   9.6300000e+01  -5.7663545e+03  -2.4232841e+05
   9.6400000e+01  -3.1501609e+04  -2.7528681e+05
   9.6500000e+01  -5.7043453e+04  -2.9860459e+05
   9.6600000e+01  -8.9550055e+04  -3.0952056e+05
   9.6700000e+01  -1.3471789e+05  -3.0874344e+05
   9.6800000e+01  -1.8793745e+05  -3.0048672e+05
   9.6900000e+01  -2.3358192e+05  -2.9100831e+05
   9.7000000e+01  -2.5639653e+05  -2.8411956e+05
   9.7100000e+01  -2.5467314e+05  -2.7678981e+05
   9.7200000e+01  -2.4129658e+05  -2.6077444e+05
   9.7300000e+01  -2.3159142e+05  -2.3061094e+05
   9.7400000e+01  -2.3083842e+05  -1.8990234e+05
   9.7500000e+01  -2.3292205e+05  -1.4827106e+05
   9.7600000e+01  -2.2833919e+05  -1.1182387e+05
   9.7700000e+01  -2.1172525e+05  -7.7830508e+04
   9.7800000e+01  -1.8354111e+05  -3.9491820e+04
   9.7900000e+01  -1.4827723e+05   4.8861738e+03
   9.8000000e+01  -1.1231946e+05   4.8324930e+04
   9.8100000e+01  -8.1047008e+04   8.0244758e+04
   9.8200000e+01  -5.4932688e+04   9.4440945e+04
   9.8300000e+01  -2.8169156e+04   9.3114812e+04
   9.8400000e+01   6.8667090e+03   8.5208031e+04
   9.8500000e+01   5.2145801e+04   8.1362648e+04
   9.8600000e+01   1.0077106e+05   8.8323680e+04
   9.8700000e+01   1.4150253e+05   1.0525923e+05
   9.8800000e+01   1.6663895e+05   1.2439991e+05
   9.8900000e+01   1.7608930e+05   1.3641222e+05
   9.9000000e+01   1.7522164e+05   1.3700723e+05
   9.9100000e+01   1.6997597e+05   1.2962831e+05
   9.9200000e+01   1.6357597e+05   1.2227961e+05
   9.9300000e+01   1.5599353e+05   1.2137866e+05
   9.9400000e+01   1.4504597e+05   1.2714151e+05
   9.9500000e+01   1.2838044e+05   1.3322669e+05
   9.9600000e+01   1.0609202e+05   1.3101423e+05
   9.9700000e+01   8.2520281e+04   1.1652122e+05
   9.9800000e+01   6.4829332e+04   9.4705562e+04
   9.9900000e+01   5.8017488e+04   7.5212266e+04
   1.0000000e+02   6.0095977e+04   6.1784129e+04
