   1.1851270e+02   3.6301420e+01   1.8450000e+02
   1.1915544e+02   3.6301096e+01   1.0300000e+02
   0.0000000e+00   8.3379700e+05   8.3379700e+05
   1.0000000e-01   8.6255350e+05   7.8696888e+05
   2.0000000e-01   8.6171106e+05   7.3811581e+05
   3.0000000e-01   8.3647450e+05   6.8994081e+05
   4.0000000e-01   8.0563038e+05   6.2414100e+05
   5.0000000e-01   7.8647762e+05   5.1257741e+05
   6.0000000e-01   7.8124906e+05   3.3948962e+05
   7.0000000e-01   7.7760719e+05   1.1576226e+05
   8.0000000e-01   7.6363294e+05  -1.2788199e+05
   9.0000000e-01   7.4332050e+05  -3.6309238e+05
   1.0000000e+00   7.3614569e+05  -5.8206569e+05
   1.1000000e+00   7.5903312e+05  -7.9684256e+05
   1.2000000e+00   8.0792262e+05  -1.0225148e+06
   1.3000000e+00   8.5844450e+05  -1.2600984e+06
   1.4000000e+00   8.8632762e+05  -1.4921690e+06
   1.5000000e+00   8.8744456e+05  -1.6917026e+06
   1.6000000e+00   8.7762194e+05  -1.8352759e+06
   1.7000000e+00   8.7329381e+05  -1.9119611e+06
   1.8000000e+00   8.7282294e+05  -1.9244350e+06
   1.9000000e+00   8.5579494e+05  -1.8829899e+06
   2.0000000e+00   7.9885862e+05  -1.7958216e+06
   2.1000000e+00   6.9249500e+05  -1.6617920e+06
   2.2000000e+00   5.4571456e+05  -1.4722742e+06
   2.3000000e+00   3.7835569e+05  -1.2224159e+06
   2.4000000e+00   2.0920873e+05  -9.2243800e+05
   2.5000000e+00   4.7407527e+04  -5.9719000e+05
   2.6000000e+00  -1.0998860e+05  -2.7287362e+05
   2.7000000e+00  -2.7361828e+05   3.6282695e+04
   2.8000000e+00  -4.5158331e+05   3.2766906e+05
   2.9000000e+00  -6.3869000e+05   5.9724100e+05
   3.0000000e+00  -8.1459806e+05   8.2898294e+05
   3.1000000e+00  -9.5589325e+05   9.9949381e+05
   3.2000000e+00  -1.0538250e+06   1.0939470e+06
   3.3000000e+00  -1.1207415e+06   1.1180338e+06
   3.4000000e+00  -1.1771454e+06   1.0952259e+06
   3.5000000e+00  -1.2314049e+06   1.0525401e+06
   3.6000000e+00  -1.2729331e+06   1.0061726e+06
   3.7000000e+00  -1.2853585e+06   9.5573338e+05
   3.8000000e+00  -1.2645402e+06   8.8870625e+05
   3.9000000e+00  -1.2224036e+06   7.9177194e+05
   4.0000000e+00  -1.1747670e+06   6.6299875e+05
   4.1000000e+00  -1.1278495e+06   5.1742122e+05
   4.2000000e+00  -1.0761154e+06   3.8075566e+05
   4.3000000e+00  -1.0102371e+06   2.7412688e+05
   4.4000000e+00  -9.2604331e+05   2.0152378e+05
   4.5000000e+00  -8.2818356e+05   1.5134077e+05
   4.6000000e+00  -7.2723856e+05   1.1103688e+05
   4.7000000e+00  -6.3140750e+05   8.0562609e+04
   4.8000000e+00  -5.3762894e+05   7.0731414e+04
   4.9000000e+00  -4.3117888e+05   8.8547516e+04
   5.0000000e+00  -2.9847503e+05   1.2608383e+05
   5.1000000e+00  -1.4375428e+05   1.6567828e+05
   5.2000000e+00   8.1209580e+03   1.9531505e+05
   5.3000000e+00   1.2925335e+05   2.1608788e+05
   5.4000000e+00   2.1175859e+05   2.3338008e+05
   5.5000000e+00   2.7419112e+05   2.4341073e+05
   5.6000000e+00   3.4567503e+05   2.3253867e+05
   5.7000000e+00   4.4374088e+05   1.9103809e+05
   5.8000000e+00   5.6555200e+05   1.2531698e+05
   5.9000000e+00   6.9665231e+05   5.4189219e+04
   6.0000000e+00   8.2545781e+05  -7.0168789e+03
   6.1000000e+00   9.5036900e+05  -5.8083414e+04
   6.2000000e+00   1.0763992e+06  -1.1098412e+05
   6.3000000e+00   1.2070198e+06  -1.7752255e+05
   6.4000000e+00   1.3379476e+06  -2.5978047e+05
   6.5000000e+00   1.4558625e+06  -3.4988056e+05
   6.6000000e+00   1.5417112e+06  -4.3630681e+05
   6.7000000e+00   1.5768606e+06  -5.1038419e+05
   6.8000000e+00   1.5495456e+06  -5.6892725e+05
   6.9000000e+00   1.4585006e+06  -6.1303194e+05
   7.0000000e+00   1.3116969e+06  -6.4532988e+05
   7.1000000e+00   1.1213569e+06  -6.6788600e+05
   7.2000000e+00   8.9962231e+05  -6.8108012e+05
   7.3000000e+00   6.5859888e+05  -6.8263675e+05
   7.4000000e+00   4.1371050e+05  -6.6727931e+05
   7.5000000e+00   1.8489052e+05  -6.2914138e+05
   7.6000000e+00  -8.4289297e+03  -5.6706394e+05
   7.7000000e+00  -1.5608181e+05  -4.8809472e+05
   7.8000000e+00  -2.6240956e+05  -4.0373666e+05
   7.9000000e+00  -3.4293938e+05  -3.2035425e+05
   8.0000000e+00  -4.1465062e+05  -2.3279372e+05
   8.1000000e+00  -4.8710816e+05  -1.2857027e+05
   8.2000000e+00  -5.6044150e+05   6.2462866e+02
   8.3000000e+00  -6.3029131e+05   1.5082670e+05
   8.4000000e+00  -6.9455144e+05   3.0757916e+05
   8.5000000e+00  -7.5588375e+05   4.5388394e+05
   8.6000000e+00  -8.1804088e+05   5.7673825e+05
   8.7000000e+00  -8.7985094e+05   6.6956575e+05
   8.8000000e+00  -9.3320956e+05   7.3260450e+05
   8.9000000e+00  -9.6769588e+05   7.7172356e+05
   9.0000000e+00  -9.7773806e+05   7.9356050e+05
   9.1000000e+00  -9.6555550e+05   7.9851450e+05
   9.2000000e+00  -9.3736275e+05   7.7902200e+05
   9.3000000e+00  -8.9680788e+05   7.2794369e+05
   9.4000000e+00  -8.4140550e+05   6.5031425e+05
   9.5000000e+00  -7.6409156e+05   5.6515331e+05
   9.6000000e+00  -6.5801656e+05   4.9301528e+05
   9.7000000e+00  -5.2175456e+05   4.4063538e+05
   9.8000000e+00  -3.6263156e+05   3.9756238e+05
   9.9000000e+00  -1.9590691e+05   3.4661725e+05
   1.0000000e+01  -3.8977453e+04   2.7631725e+05
   1.0100000e+01   9.6082141e+04   1.8459648e+05
   1.0200000e+01   2.0543636e+05   7.5045539e+04
   1.0300000e+01   2.8919703e+05  -4.6717945e+04
   1.0400000e+01   3.4487375e+05  -1.7375730e+05
   1.0500000e+01   3.6635244e+05  -2.9876575e+05
   1.0600000e+01   3.5013506e+05  -4.1659784e+05
   1.0700000e+01   3.0236322e+05  -5.2501819e+05
   1.0800000e+01   2.3911941e+05  -6.2177362e+05
   1.0900000e+01   1.7917531e+05  -7.0185150e+05
   1.1000000e+01   1.3505209e+05  -7.5916869e+05
   1.1100000e+01   1.0902331e+05  -7.9055231e+05
   1.1200000e+01   9.6489523e+04  -7.9646106e+05
   1.1300000e+01   9.3936547e+04  -7.7808250e+05
   1.1400000e+01   1.0523320e+05  -7.3629850e+05
   1.1500000e+01   1.4046123e+05  -6.7493375e+05
   1.1600000e+01   2.0701833e+05  -6.0282075e+05
   1.1700000e+01   3.0009131e+05  -5.2910194e+05
   1.1800000e+01   4.0139150e+05  -4.5553372e+05
   1.1900000e+01   4.8804344e+05  -3.7535247e+05
   1.2000000e+01   5.4431988e+05  -2.8111912e+05
   1.2100000e+01   5.6722444e+05  -1.7264755e+05
   1.2200000e+01   5.6373219e+05  -5.6110211e+04
   1.2300000e+01   5.4427888e+05   6.2955250e+04
   1.2400000e+01   5.1730931e+05   1.8245095e+05
   1.2500000e+01   4.8613850e+05   2.9866097e+05
   1.2600000e+01   4.4812491e+05   4.0113034e+05
   1.2700000e+01   3.9717125e+05   4.7589588e+05
   1.2800000e+01   3.2934266e+05   5.1453447e+05
   1.2900000e+01   2.4760986e+05   5.1881350e+05
   1.3000000e+01   1.6086956e+05   4.9635847e+05
   1.3100000e+01   7.7526414e+04   4.5388925e+05
   1.3200000e+01  -1.3960107e+02   3.9654159e+05
   1.3300000e+01  -7.5153781e+04   3.3254425e+05
   1.3400000e+01  -1.4983095e+05   2.7478012e+05
   1.3500000e+01  -2.2122722e+05   2.3489169e+05
   1.3600000e+01  -2.8266338e+05   2.1617148e+05
   1.3700000e+01  -3.2923800e+05   2.1451028e+05
   1.3800000e+01  -3.6156834e+05   2.2756231e+05
   1.3900000e+01  -3.8464966e+05   2.6174339e+05
   1.4000000e+01  -4.0373306e+05   3.2776153e+05
   1.4100000e+01  -4.2094122e+05   4.2771328e+05
   1.4200000e+01  -4.3426488e+05   5.4673338e+05
   1.4300000e+01  -4.3839556e+05   6.5850450e+05
   1.4400000e+01  -4.2698766e+05   7.4038956e+05
   1.4500000e+01  -3.9648906e+05   7.8477906e+05
   1.4600000e+01  -3.4999184e+05   7.9737144e+05
   1.4700000e+01  -2.9727344e+05   7.8534081e+05
   1.4800000e+01  -2.4884456e+05   7.4634300e+05
   1.4900000e+01  -2.0781080e+05   6.6690769e+05
   1.5000000e+01  -1.6733705e+05   5.3046144e+05
   1.5100000e+01  -1.1735581e+05   3.2887953e+05
   1.5200000e+01  -5.4848367e+04   7.0388805e+04
   1.5300000e+01   1.2200941e+04  -2.2071342e+05
   1.5400000e+01   7.0728477e+04  -5.1257428e+05
   1.5500000e+01   1.1172173e+05  -7.7752538e+05
   1.5600000e+01   1.3335817e+05  -9.9943525e+05
   1.5700000e+01   1.3674648e+05  -1.1723235e+06
   1.5800000e+01   1.2147391e+05  -1.2934840e+06
   1.5900000e+01   8.7430164e+04  -1.3590030e+06
   1.6000000e+01   4.0613707e+04  -1.3660762e+06
   1.6100000e+01  -5.2661606e+03  -1.3187585e+06
   1.6200000e+01  -3.5351914e+04  -1.2305251e+06
   1.6300000e+01  -4.2942270e+04  -1.1209398e+06
   1.6400000e+01  -3.2589627e+04  -1.0091669e+06
   1.6500000e+01  -1.4413531e+04  -9.0834838e+05
   1.6600000e+01   4.1263564e+03  -8.2307619e+05
   1.6700000e+01   2.1335566e+04  -7.5093344e+05
   1.6800000e+01   3.8309367e+04  -6.8787700e+05
   1.6900000e+01   5.5208859e+04  -6.3413525e+05
   1.7000000e+01   7.1085492e+04  -5.9502919e+05
   1.7100000e+01   8.5913867e+04  -5.7466538e+05
   1.7200000e+01   1.0095816e+05  -5.6791900e+05
   1.7300000e+01   1.1663861e+05  -5.5877781e+05
   1.7400000e+01   1.3073242e+05  -5.2692838e+05
   1.7500000e+01   1.3931831e+05  -4.5657306e+05
   1.7600000e+01   1.3972419e+05  -3.4080659e+05
   1.7700000e+01   1.3302967e+05  -1.8043962e+05
   1.7800000e+01   1.2438354e+05   1.9938906e+04
   1.7900000e+01   1.2063751e+05   2.5634933e+05
   1.8000000e+01   1.2602952e+05   5.2845844e+05
   1.8100000e+01   1.3861745e+05   8.3832962e+05
   1.8200000e+01   1.5118886e+05   1.1837371e+06
   1.8300000e+01   1.5729883e+05   1.5511324e+06
   1.8400000e+01   1.5732505e+05   1.9163766e+06
   1.8500000e+01   1.5779633e+05   2.2542508e+06
   1.8600000e+01   1.6355886e+05   2.5471538e+06
   1.8700000e+01   1.7061997e+05   2.7832628e+06
   1.8800000e+01   1.6791886e+05   2.9470562e+06
   1.8900000e+01   1.4737453e+05   3.0153618e+06
   1.9000000e+01   1.1275564e+05   2.9662330e+06
   1.9100000e+01   7.8630398e+04   2.7922192e+06
   1.9200000e+01   5.9902016e+04   2.5034570e+06
   1.9300000e+01   6.0781191e+04   2.1174002e+06
   1.9400000e+01   7.2065891e+04   1.6471099e+06
   1.9500000e+01   7.8325836e+04   1.1005629e+06
   1.9600000e+01   6.8875203e+04   4.8967578e+05
   1.9700000e+01   4.4212770e+04  -1.6289998e+05
   1.9800000e+01   1.3762792e+04  -8.2653388e+05
   1.9900000e+01  -1.2529821e+04  -1.4701275e+06
   2.0000000e+01  -3.1999291e+04  -2.0659181e+06
   2.0100000e+01  -5.0825359e+04  -2.5888590e+06
   2.0200000e+01  -7.8870633e+04  -3.0174978e+06
   2.0300000e+01  -1.2225760e+05  -3.3382648e+06
   2.0400000e+01  -1.7922881e+05  -3.5472418e+06
   2.0500000e+01  -2.4168533e+05  -3.6445342e+06
   2.0600000e+01  -3.0047988e+05  -3.6262235e+06
   2.0700000e+01  -3.5047325e+05  -3.4837238e+06
   2.0800000e+01  -3.9230500e+05  -3.2122408e+06
   2.0900000e+01  -4.3011756e+05  -2.8187975e+06
   2.1000000e+01  -4.6674506e+05  -2.3208092e+06
   2.1100000e+01  -4.9974338e+05  -1.7382066e+06
   2.1200000e+01  -5.2190372e+05  -1.0899290e+06
   2.1300000e+01  -5.2662531e+05  -3.9908425e+05
   2.1400000e+01  -5.1314972e+05   3.0096925e+05
   2.1500000e+01  -4.8527869e+05   9.6922750e+05
   2.1600000e+01  -4.4379572e+05   1.5674196e+06
   2.1700000e+01  -3.8139856e+05   2.0680311e+06
   2.1800000e+01  -2.8822703e+05   2.4533758e+06
   2.1900000e+01  -1.6419214e+05   2.7102475e+06
   2.2000000e+01  -2.4551645e+04   2.8290140e+06
   2.2100000e+01   1.0914934e+05   2.8085108e+06
   2.2200000e+01   2.2437933e+05   2.6591488e+06
   2.2300000e+01   3.2313369e+05   2.3983338e+06
   2.2400000e+01   4.1258809e+05   2.0427350e+06
   2.2500000e+01   4.9270512e+05   1.6072278e+06
   2.2600000e+01   5.5519300e+05   1.1124081e+06
   2.2700000e+01   5.9373744e+05   5.9066144e+05
   2.2800000e+01   6.1177531e+05   8.0454516e+04
   2.2900000e+01   6.1756681e+05  -3.8814366e+05
   2.3000000e+01   6.1223219e+05  -8.0233194e+05
   2.3100000e+01   5.8561056e+05  -1.1604166e+06
   2.3200000e+01   5.2653056e+05  -1.4573960e+06
   2.3300000e+01   4.3778222e+05  -1.6776925e+06
   2.3400000e+01   3.3975506e+05  -1.8018332e+06
   2.3500000e+01   2.5713856e+05  -1.8188369e+06
   2.3600000e+01   1.9968766e+05  -1.7316616e+06
   2.3700000e+01   1.5461747e+05  -1.5524662e+06
   2.3800000e+01   9.8424953e+04  -1.2951602e+06
   2.3900000e+01   1.8504676e+04  -9.7310525e+05
   2.4000000e+01  -7.4553164e+04  -6.0207431e+05
   2.4100000e+01  -1.5542288e+05  -2.0285683e+05
   2.4200000e+01  -2.0565858e+05   2.0015311e+05
   2.4300000e+01  -2.2789889e+05   5.8285519e+05
   2.4400000e+01  -2.3899295e+05   9.2429550e+05
   2.4500000e+01  -2.4991847e+05   1.2071525e+06
   2.4600000e+01  -2.5440291e+05   1.4171314e+06
   2.4700000e+01  -2.3844348e+05   1.5427814e+06
   2.4800000e+01  -1.9924425e+05   1.5760651e+06
   2.4900000e+01  -1.5154583e+05   1.5133851e+06
   2.5000000e+01  -1.1453494e+05   1.3567245e+06
   2.5100000e+01  -9.5235906e+04   1.1144901e+06
   2.5200000e+01  -8.7050203e+04   8.0168238e+05
   2.5300000e+01  -8.2565406e+04   4.3969744e+05
   2.5400000e+01  -8.3167828e+04   5.6366180e+04
   2.5500000e+01  -9.4387141e+04  -3.1445559e+05
   2.5600000e+01  -1.1507924e+05  -6.3590581e+05
   2.5700000e+01  -1.3527544e+05  -8.7493412e+05
   2.5800000e+01  -1.4489878e+05  -1.0106132e+06
   2.5900000e+01  -1.4186672e+05  -1.0392707e+06
   2.6000000e+01  -1.3061314e+05  -9.7345075e+05
   2.6100000e+01  -1.1514005e+05  -8.3586656e+05
   2.6200000e+01  -9.6163922e+04  -6.5223231e+05
   2.6300000e+01  -7.4215188e+04  -4.4646172e+05
   2.6400000e+01  -5.2061336e+04  -2.3943064e+05
   2.6500000e+01  -3.2045059e+04  -5.0075016e+04
   2.6600000e+01  -1.2427080e+04   1.0398977e+05
   2.6700000e+01   1.0922432e+04   2.0869145e+05
   2.6800000e+01   3.8240523e+04   2.5797906e+05
   2.6900000e+01   6.2593895e+04   2.5676814e+05
   2.7000000e+01   7.4690391e+04   2.1881692e+05
   2.7100000e+01   7.1795125e+04   1.6027283e+05
   2.7200000e+01   6.1679133e+04   9.3775883e+04
   2.7300000e+01   5.7033070e+04   2.7617971e+04
   2.7400000e+01   6.4940332e+04  -3.0169514e+04
   2.7500000e+01   8.0598273e+04  -6.7509547e+04
   2.7600000e+01   9.0556930e+04  -6.9148055e+04
   2.7700000e+01   8.2576859e+04  -2.4247102e+04
   2.7800000e+01   5.4205227e+04   6.3709535e+04
   2.7900000e+01   1.3990050e+04   1.7282028e+05
   2.8000000e+01  -2.4622680e+04   2.6999441e+05
   2.8100000e+01  -5.1677434e+04   3.2651128e+05
   2.8200000e+01  -6.5764102e+04   3.3128478e+05
   2.8300000e+01  -7.3086305e+04   2.9231878e+05
   2.8400000e+01  -8.1679133e+04   2.2672439e+05
   2.8500000e+01  -9.4691875e+04   1.4895642e+05
   2.8600000e+01  -1.0754249e+05   6.6397875e+04
   2.8700000e+01  -1.1168511e+05  -1.7540574e+04
   2.8800000e+01  -1.0262188e+05  -9.9658078e+04
   2.8900000e+01  -8.5050336e+04  -1.7721503e+05
   2.9000000e+01  -6.9217266e+04  -2.4969314e+05
   2.9100000e+01  -6.0770211e+04  -3.1725106e+05
   2.9200000e+01  -5.4263172e+04  -3.7650234e+05
   2.9300000e+01  -3.8388773e+04  -4.1956338e+05
   2.9400000e+01  -9.0096514e+03  -4.3932722e+05
   2.9500000e+01   2.3649729e+04  -4.3565469e+05
   2.9600000e+01   4.2891148e+04  -4.1475019e+05
   2.9700000e+01   4.2202328e+04  -3.8181431e+05
   2.9800000e+01   3.3924059e+04  -3.3571572e+05
   2.9900000e+01   3.9923805e+04  -2.7227088e+05
   3.0000000e+01   7.2240375e+04  -1.9185241e+05
   3.0100000e+01   1.2231954e+05  -1.0147202e+05
   3.0200000e+01   1.6938377e+05  -8.7438271e+03
   3.0300000e+01   1.9959703e+05   8.4214555e+04
   3.0400000e+01   2.1714223e+05   1.7887812e+05
   3.0500000e+01   2.3676988e+05   2.7284884e+05
   3.0600000e+01   2.6609962e+05   3.5643753e+05
   3.0700000e+01   2.9587381e+05   4.1778938e+05
   3.0800000e+01   3.0755631e+05   4.5080309e+05
   3.0900000e+01   2.8970194e+05   4.5741797e+05
   3.1000000e+01   2.4641736e+05   4.4277562e+05
   3.1100000e+01   1.9101967e+05   4.0906972e+05
   3.1200000e+01   1.3391273e+05   3.5413094e+05
   3.1300000e+01   7.7834039e+04   2.7570712e+05
   3.1400000e+01   2.2730352e+04   1.7766775e+05
   3.1500000e+01  -2.8791084e+04   7.2748836e+04
   3.1600000e+01  -7.2673023e+04  -2.1806240e+04
   3.1700000e+01  -1.0793236e+05  -9.4143227e+04
   3.1800000e+01  -1.3698998e+05  -1.4551888e+05
   3.1900000e+01  -1.6148536e+05  -1.8767506e+05
   3.2000000e+01  -1.8035475e+05  -2.3046606e+05
   3.2100000e+01  -1.9323402e+05  -2.7099338e+05
   3.2200000e+01  -2.0334814e+05  -2.9544456e+05
   3.2300000e+01  -2.1376988e+05  -2.9206541e+05
   3.2400000e+01  -2.2080614e+05  -2.6185977e+05
   3.2500000e+01  -2.1447288e+05  -2.1659431e+05
   3.2600000e+01  -1.8852112e+05  -1.6805230e+05
   3.2700000e+01  -1.4976858e+05  -1.2109333e+05
   3.2800000e+01  -1.1508882e+05  -7.6362719e+04
   3.2900000e+01  -9.7278422e+04  -3.6021848e+04
   3.3000000e+01  -9.3530000e+04  -3.4916802e+03
   3.3100000e+01  -8.8103297e+04   2.2172072e+04
   3.3200000e+01  -6.6601281e+04   4.8406480e+04
   3.3300000e+01  -2.8359824e+04   8.2823922e+04
   3.3400000e+01   1.3635621e+04   1.2438459e+05
   3.3500000e+01   4.3619285e+04   1.6210803e+05
   3.3600000e+01   5.4121098e+04   1.8367439e+05
   3.3700000e+01   4.8548805e+04   1.8568756e+05
   3.3800000e+01   3.5351844e+04   1.7563816e+05
   3.3900000e+01   2.0358680e+04   1.6413817e+05
   3.4000000e+01   3.3525391e+03   1.5543769e+05
   3.4100000e+01  -1.9826078e+04   1.4514653e+05
   3.4200000e+01  -5.2131336e+04   1.2642173e+05
   3.4300000e+01  -9.0551508e+04   9.7936648e+04
   3.4400000e+01  -1.2472906e+05   6.6253859e+04
   3.4500000e+01  -1.4073156e+05   4.1257473e+04
   3.4600000e+01  -1.2879580e+05   2.9218512e+04
   3.4700000e+01  -9.0162391e+04   2.8743141e+04
   3.4800000e+01  -3.7487402e+04   3.1545979e+04
   3.4900000e+01   1.2227386e+04   2.6941381e+04
   3.5000000e+01   4.7241355e+04   7.6964629e+03
   3.5100000e+01   6.6426242e+04  -2.5744402e+04
   3.5200000e+01   7.7282070e+04  -6.5556859e+04
   3.5300000e+01   8.8960516e+04  -1.0169623e+05
   3.5400000e+01   1.0546034e+05  -1.2810770e+05
   3.5500000e+01   1.2328345e+05  -1.4485342e+05
   3.5600000e+01   1.3457461e+05  -1.5500305e+05
   3.5700000e+01   1.3306777e+05  -1.6043817e+05
   3.5800000e+01   1.1834053e+05  -1.6109584e+05
   3.5900000e+01   9.5511047e+04  -1.5725506e+05
   3.6000000e+01   7.1340203e+04  -1.5062695e+05
   3.6100000e+01   5.0150672e+04  -1.4214250e+05
   3.6200000e+01   3.2215998e+04  -1.2940580e+05
   3.6300000e+01   1.5097381e+04  -1.0788236e+05
   3.6400000e+01  -2.9980828e+03  -7.5378023e+04
   3.6500000e+01  -1.9808559e+04  -3.5009844e+04
   3.6600000e+01  -2.8743727e+04   6.7022529e+03
   3.6700000e+01  -2.3860633e+04   4.4548684e+04
   3.6800000e+01  -7.0290620e+03   7.7252141e+04
   3.6900000e+01   1.0441748e+04   1.0590281e+05
   3.7000000e+01   1.6030089e+04   1.3063689e+05
   3.7100000e+01   7.7219478e+03   1.4909042e+05
   3.7200000e+01  -3.1371772e+03   1.5761123e+05
   3.7300000e+01  -2.2926367e+03   1.5366123e+05
   3.7400000e+01   1.3797430e+04   1.3745684e+05
   3.7500000e+01   3.5355477e+04   1.1182596e+05
   3.7600000e+01   4.9781090e+04   8.0372133e+04
   3.7700000e+01   5.3109258e+04   4.5344438e+04
   3.7800000e+01   5.0569570e+04   7.3706523e+03
   3.7900000e+01   4.7840621e+04  -3.2273578e+04
   3.8000000e+01   4.4453508e+04  -6.9264320e+04
   3.8100000e+01   3.6299496e+04  -9.6913969e+04
   3.8200000e+01   2.2695188e+04  -1.0973858e+05
   3.8300000e+01   9.1625928e+03  -1.0604705e+05
   3.8400000e+01   3.3345972e+03  -8.6985164e+04
   3.8500000e+01   8.9807734e+03  -5.4255910e+04
   3.8600000e+01   2.3696379e+04  -1.0211701e+04
   3.8700000e+01   4.0954730e+04   4.0081453e+04
   3.8800000e+01   5.3699914e+04   8.8774562e+04
   3.8900000e+01   5.7071891e+04   1.2856855e+05
   3.9000000e+01   4.9670613e+04   1.5574114e+05
   3.9100000e+01   3.3557590e+04   1.6923697e+05
   3.9200000e+01   1.3212972e+04   1.6772566e+05
   3.9300000e+01  -6.3020898e+03   1.4951994e+05
   3.9400000e+01  -2.1701596e+04   1.1604605e+05
   3.9500000e+01  -3.3683438e+04   7.3884336e+04
   3.9600000e+01  -4.7183789e+04   3.1343963e+04
   3.9700000e+01  -6.7733984e+04  -7.7246895e+03
   3.9800000e+01  -9.5243336e+04  -4.6222812e+04
   3.9900000e+01  -1.2102860e+05  -8.9367219e+04
   4.0000000e+01  -1.3306661e+05  -1.3773866e+05
   4.0100000e+01  -1.2625579e+05  -1.8446266e+05
   4.0200000e+01  -1.0738585e+05  -2.1889530e+05
   4.0300000e+01  -8.8540844e+04  -2.3310947e+05
   4.0400000e+01  -7.5066609e+04  -2.2557306e+05
   4.0500000e+01  -6.0708770e+04  -1.9996158e+05
   4.0600000e+01  -3.4886281e+04  -1.6187334e+05
   4.0700000e+01   5.6905010e+03  -1.1711416e+05
   4.0800000e+01   5.2143961e+04  -7.1677266e+04
   4.0900000e+01   8.8325422e+04  -3.0713342e+04
   4.1000000e+01   1.0007387e+05   3.9713594e+03
   4.1100000e+01   8.2497016e+04   3.4169703e+04
   4.1200000e+01   4.2267785e+04   6.0741109e+04
   4.1300000e+01  -5.9428750e+03   7.8645516e+04
   4.1400000e+01  -4.7901344e+04   7.8986469e+04
   4.1500000e+01  -7.8252391e+04   5.8024422e+04
   4.1600000e+01  -1.0215875e+05   2.3028865e+04
   4.1700000e+01  -1.2835077e+05  -1.3426868e+04
   4.1800000e+01  -1.5999823e+05  -4.5172371e+04
   4.1900000e+01  -1.9157450e+05  -7.5783828e+04
   4.2000000e+01  -2.1305083e+05  -1.0862860e+05
   4.2100000e+01  -2.1608052e+05  -1.3583444e+05
   4.2200000e+01  -1.9759088e+05  -1.4108214e+05
   4.2300000e+01  -1.6066297e+05  -1.1472147e+05
   4.2400000e+01  -1.1345741e+05  -6.4383043e+04
   4.2500000e+01  -6.5079047e+04  -9.0889521e+03
   4.2600000e+01  -1.9001330e+04   3.6487484e+04
   4.2700000e+01   3.0408939e+04   7.1289703e+04
   4.2800000e+01   9.2776039e+04   1.0354760e+05
   4.2900000e+01   1.7069158e+05   1.4040727e+05
   4.3000000e+01   2.5302386e+05   1.8215448e+05
   4.3100000e+01   3.1983512e+05   2.2330655e+05
   4.3200000e+01   3.5507841e+05   2.5609642e+05
   4.3300000e+01   3.5607172e+05   2.7330197e+05
   4.3400000e+01   3.3262094e+05   2.7086491e+05
   4.3500000e+01   2.9832066e+05   2.4987764e+05
   4.3600000e+01   2.6209002e+05   2.1541850e+05
   4.3700000e+01   2.2562786e+05   1.7224775e+05
   4.3800000e+01   1.8644148e+05   1.2206702e+05
   4.3900000e+01   1.4227591e+05   6.6092609e+04
   4.4000000e+01   9.3384969e+04   9.6535908e+03
   4.4100000e+01   4.2165605e+04  -3.8172504e+04
   4.4200000e+01  -8.1431016e+03  -7.1019766e+04
   4.4300000e+01  -5.4325148e+04  -9.0444133e+04
   4.4400000e+01  -9.3639359e+04  -1.0308966e+05
   4.4500000e+01  -1.2416502e+05  -1.1280155e+05
   4.4600000e+01  -1.4477295e+05  -1.1722886e+05
   4.4700000e+01  -1.5483378e+05  -1.1294401e+05
   4.4800000e+01  -1.5475888e+05  -1.0229952e+05
   4.4900000e+01  -1.4758247e+05  -9.2901891e+04
   4.5000000e+01  -1.3922639e+05  -8.9730938e+04
   4.5100000e+01  -1.3503973e+05  -8.9196625e+04
   4.5200000e+01  -1.3462277e+05  -8.2554141e+04
   4.5300000e+01  -1.3078602e+05  -6.5491332e+04
   4.5400000e+01  -1.1548962e+05  -4.3726461e+04
   4.5500000e+01  -8.7852109e+04  -2.8624273e+04
   4.5600000e+01  -5.6116363e+04  -2.7113135e+04
   4.5700000e+01  -3.1376105e+04  -3.5719332e+04
   4.5800000e+01  -1.9199637e+04  -4.4274113e+04
   4.5900000e+01  -1.6575682e+04  -4.5543668e+04
   4.6000000e+01  -1.5428939e+04  -4.1538848e+04
   4.6100000e+01  -8.3044580e+03  -4.0379805e+04
   4.6200000e+01   7.8794395e+03  -4.6445125e+04
   4.6300000e+01   3.0755074e+04  -5.3277617e+04
   4.6400000e+01   5.3621219e+04  -4.6958918e+04
   4.6500000e+01   6.8969422e+04  -1.8098078e+04
   4.6600000e+01   7.3456133e+04   2.8450797e+04
   4.6700000e+01   7.0380891e+04   7.6167484e+04
   4.6800000e+01   6.6098750e+04   1.1027302e+05
   4.6900000e+01   6.2721332e+04   1.2911638e+05
   4.7000000e+01   5.4767301e+04   1.4200092e+05
   4.7100000e+01   3.4292918e+04   1.5599450e+05
   4.7200000e+01  -4.9709521e+02   1.6634394e+05
   4.7300000e+01  -4.2680105e+04   1.6108189e+05
   4.7400000e+01  -8.2717273e+04   1.3413262e+05
   4.7500000e+01  -1.1578727e+05   9.1580109e+04
   4.7600000e+01  -1.4253462e+05   4.4442309e+04
   4.7700000e+01  -1.6468967e+05  -2.2445117e+03
   4.7800000e+01  -1.8282106e+05  -5.0406312e+04
   4.7900000e+01  -1.9822628e+05  -9.9825070e+04
   4.8000000e+01  -2.1341159e+05  -1.4214728e+05
   4.8100000e+01  -2.2773914e+05  -1.6707172e+05
   4.8200000e+01  -2.3368725e+05  -1.7339517e+05
   4.8300000e+01  -2.2090741e+05  -1.7038525e+05
   4.8400000e+01  -1.8576322e+05  -1.6684336e+05
   4.8500000e+01  -1.3583220e+05  -1.6133473e+05
   4.8600000e+01  -8.3600836e+04  -1.4637966e+05
   4.8700000e+01  -3.5737379e+04  -1.2186327e+05
   4.8800000e+01   1.1099916e+04  -1.0037340e+05
   4.8900000e+01   6.4622375e+04  -9.6144133e+04
   4.9000000e+01   1.2797150e+05  -1.0953116e+05
   4.9100000e+01   1.9558702e+05  -1.2538541e+05
   4.9200000e+01   2.5612623e+05  -1.2773430e+05
   4.9300000e+01   2.9903100e+05  -1.1409401e+05
   4.9400000e+01   3.2010988e+05  -9.3861711e+04
   4.9500000e+01   3.2321844e+05  -7.4646555e+04
   4.9600000e+01   3.1739328e+05  -5.3680020e+04
   4.9700000e+01   3.1102419e+05  -2.3084176e+04
   4.9800000e+01   3.0650141e+05   1.9846891e+04
   4.9900000e+01   2.9901169e+05   7.0385211e+04
   5.0000000e+01   2.8083059e+05   1.2262366e+05
   5.0100000e+01   2.4845239e+05   1.7388091e+05
   5.0200000e+01   2.0705136e+05   2.2159227e+05
   5.0300000e+01   1.6807777e+05   2.5893747e+05
   5.0400000e+01   1.4127316e+05   2.7743000e+05
   5.0500000e+01   1.2756002e+05   2.7461438e+05
   5.0600000e+01   1.1878359e+05   2.5728916e+05
   5.0700000e+01   1.0424873e+05   2.3569012e+05
   5.0800000e+01   7.8459539e+04   2.1488614e+05
   5.0900000e+01   4.4402492e+04   1.9245827e+05
   5.1000000e+01   1.0733689e+04   1.6367867e+05
   5.1100000e+01  -1.4953561e+04   1.2728069e+05
   5.1200000e+01  -3.2438533e+04   8.5805953e+04
   5.1300000e+01  -4.9739238e+04   4.1876301e+04
   5.1400000e+01  -7.6338805e+04  -3.9727100e+03
   5.1500000e+01  -1.1371106e+05  -5.1403367e+04
   5.1600000e+01  -1.5302378e+05  -9.7418086e+04
   5.1700000e+01  -1.8410077e+05  -1.3661597e+05
   5.1800000e+01  -2.0657911e+05  -1.6451936e+05
   5.1900000e+01  -2.2968711e+05  -1.8021683e+05
   5.2000000e+01  -2.5971286e+05  -1.8550878e+05
   5.2100000e+01  -2.9009228e+05  -1.8168652e+05
   5.2200000e+01  -3.0713962e+05  -1.6746430e+05
   5.2300000e+01  -3.0536366e+05  -1.4024528e+05
   5.2400000e+01  -2.9393025e+05  -9.9510742e+04
   5.2500000e+01  -2.8646822e+05  -4.8902941e+04
   5.2600000e+01  -2.8676222e+05   5.3342700e+03
   5.2700000e+01  -2.8717478e+05   5.8153137e+04
   5.2800000e+01  -2.8020481e+05   1.0760503e+05
   5.2900000e+01  -2.6788919e+05   1.5260828e+05
   5.3000000e+01  -2.5779653e+05   1.8950066e+05
   5.3100000e+01  -2.5156781e+05   2.1231261e+05
   5.3200000e+01  -2.4065278e+05   2.1694511e+05
   5.3300000e+01  -2.1471256e+05   2.0355959e+05
   5.3400000e+01  -1.7323816e+05   1.7320198e+05
   5.3500000e+01  -1.2739523e+05   1.2303121e+05
   5.3600000e+01  -8.9815578e+04   4.8101121e+04
   5.3700000e+01  -6.2708266e+04  -5.0107047e+04
   5.3800000e+01  -3.6227840e+04  -1.5823741e+05
   5.3900000e+01   1.4454474e+03  -2.5694728e+05
   5.4000000e+01   5.2495859e+04  -3.3363025e+05
   5.4100000e+01   1.0772740e+05  -3.8902797e+05
   5.4200000e+01   1.5585998e+05  -4.3120800e+05
   5.4300000e+01   1.9394741e+05  -4.6381291e+05
   5.4400000e+01   2.2843909e+05  -4.8040700e+05
   5.4500000e+01   2.6667097e+05  -4.6928138e+05
   5.4600000e+01   3.0843359e+05  -4.2314791e+05
   5.4700000e+01   3.4626322e+05  -3.4525697e+05
   5.4800000e+01   3.7304416e+05  -2.4750761e+05
   5.4900000e+01   3.8801284e+05  -1.4223542e+05
   5.5000000e+01   3.9526891e+05  -3.4265539e+04
   5.5100000e+01   3.9789878e+05   7.9380625e+04
   5.5200000e+01   3.9497388e+05   2.0085114e+05
   5.5300000e+01   3.8381544e+05   3.2228244e+05
   5.5400000e+01   3.6307409e+05   4.2688297e+05
   5.5500000e+01   3.3225325e+05   5.0065625e+05
   5.5600000e+01   2.8963241e+05   5.4240438e+05
   5.5700000e+01   2.3383383e+05   5.6092750e+05
   5.5800000e+01   1.6901350e+05   5.6337606e+05
   5.5900000e+01   1.0652619e+05   5.4872100e+05
   5.6000000e+01   5.7819254e+04   5.1250850e+05
   5.6100000e+01   2.4123867e+04   4.5458625e+05
   5.6200000e+01  -5.1854741e+03   3.7988322e+05
   5.6300000e+01  -4.1893680e+04   2.9400409e+05
   5.6400000e+01  -8.6648227e+04   2.0208242e+05
   5.6500000e+01  -1.2844340e+05   1.1173234e+05
   5.6600000e+01  -1.5589823e+05   3.2283443e+04
   5.6700000e+01  -1.6724703e+05  -3.2369797e+04
   5.6800000e+01  -1.6912377e+05  -8.8204180e+04
   5.6900000e+01  -1.6831795e+05  -1.4439883e+05
   5.7000000e+01  -1.6710984e+05  -2.0191222e+05
   5.7100000e+01  -1.6525330e+05  -2.5199777e+05
   5.7200000e+01  -1.6293736e+05  -2.8771600e+05
   5.7300000e+01  -1.6072700e+05  -3.1406262e+05
   5.7400000e+01  -1.5897584e+05  -3.4281506e+05
   5.7500000e+01  -1.5905653e+05  -3.7720847e+05
   5.7600000e+01  -1.6343578e+05  -4.0486466e+05
   5.7700000e+01  -1.7198386e+05  -4.0793950e+05
   5.7800000e+01  -1.7888817e+05  -3.7938756e+05
   5.7900000e+01  -1.7639677e+05  -3.2829503e+05
   5.8000000e+01  -1.6298302e+05  -2.7094825e+05
   5.8100000e+01  -1.4584872e+05  -2.1916780e+05
   5.8200000e+01  -1.3322503e+05  -1.7654680e+05
   5.8300000e+01  -1.2478908e+05  -1.4155392e+05
   5.8400000e+01  -1.1171602e+05  -1.1059633e+05
   5.8500000e+01  -8.6783992e+04  -7.9140211e+04
   5.8600000e+01  -5.3358625e+04  -4.4198812e+04
   5.8700000e+01  -2.3653980e+04  -8.3440840e+03
   5.8800000e+01  -8.3345918e+03   2.0167652e+04
   5.8900000e+01  -7.6956738e+03   3.4085781e+04
   5.9000000e+01  -1.2083881e+04   3.4717277e+04
   5.9100000e+01  -1.0470216e+04   3.1483197e+04
   5.9200000e+01   4.0222046e+02   3.3248070e+04
   5.9300000e+01   1.3727269e+04   4.1184367e+04
   5.9400000e+01   1.8785545e+04   5.1286809e+04
   5.9500000e+01   1.0095364e+04   6.2871262e+04
   5.9600000e+01  -8.3464961e+03   8.1993414e+04
   5.9700000e+01  -2.7056820e+04   1.1484948e+05
   5.9800000e+01  -3.9087574e+04   1.5845205e+05
   5.9900000e+01  -4.4739348e+04   1.9975336e+05
   6.0000000e+01  -4.9537457e+04   2.2567159e+05
   6.0100000e+01  -5.8313359e+04   2.3498042e+05
   6.0200000e+01  -7.0785477e+04   2.4062339e+05
   6.0300000e+01  -8.1745734e+04   2.5951658e+05
   6.0400000e+01  -8.5029680e+04   2.9794522e+05
   6.0500000e+01  -7.7876383e+04   3.4462197e+05
   6.0600000e+01  -6.2172750e+04   3.7724847e+05
   6.0700000e+01  -4.1563625e+04   3.7725100e+05
   6.0800000e+01  -1.7257551e+04   3.4070178e+05
   6.0900000e+01   1.2835336e+04   2.7730338e+05
   6.1000000e+01   5.0058254e+04   2.0025788e+05
   6.1100000e+01   9.0205984e+04   1.1732311e+05
   6.1200000e+01   1.2412731e+05   3.0285758e+04
   6.1300000e+01   1.4485928e+05  -5.9495910e+04
   6.1400000e+01   1.5502436e+05  -1.4728331e+05
   6.1500000e+01   1.6666603e+05  -2.2695594e+05
   6.1600000e+01   1.9238381e+05  -2.9542269e+05
   6.1700000e+01   2.3505520e+05  -3.5346147e+05
   6.1800000e+01   2.8500162e+05  -4.0141541e+05
   6.1900000e+01   3.2660475e+05  -4.3424350e+05
   6.2000000e+01   3.4812694e+05  -4.4183850e+05
   6.2100000e+01   3.4690306e+05  -4.1577944e+05
   6.2200000e+01   3.2775222e+05  -3.5692884e+05
   6.2300000e+01   2.9840641e+05  -2.7620819e+05
   6.2400000e+01   2.6590384e+05  -1.8683020e+05
   6.2500000e+01   2.3421564e+05  -9.5311883e+04
   6.2600000e+01   2.0228955e+05  -6.3448975e+02
   6.2700000e+01   1.6441041e+05   9.7800750e+04
   6.2800000e+01   1.1523283e+05   1.9294584e+05
   6.2900000e+01   5.6548809e+04   2.7216409e+05
   6.3000000e+01  -1.7701677e+03   3.2573659e+05
   6.3100000e+01  -4.9659742e+04   3.5159506e+05
   6.3200000e+01  -8.6055859e+04   3.5201009e+05
   6.3300000e+01  -1.1882836e+05   3.2858203e+05
   6.3400000e+01  -1.5510064e+05   2.8254784e+05
   6.3500000e+01  -1.9322658e+05   2.1816994e+05
   6.3600000e+01  -2.2564862e+05   1.4204142e+05
   6.3700000e+01  -2.4838662e+05   5.7897562e+04
   6.3800000e+01  -2.6528856e+05  -3.5357684e+04
   6.3900000e+01  -2.8273844e+05  -1.3792886e+05
   6.4000000e+01  -3.0244541e+05  -2.4200730e+05
   6.4100000e+01  -3.2074700e+05  -3.3265294e+05
   6.4200000e+01  -3.3317731e+05  -3.9660369e+05
   6.4300000e+01  -3.3714744e+05  -4.2931081e+05
   6.4400000e+01  -3.3058519e+05  -4.3323775e+05
   6.4500000e+01  -3.1134994e+05  -4.1134266e+05
   6.4600000e+01  -2.8040247e+05  -3.6431922e+05
   6.4700000e+01  -2.4420536e+05  -2.9373412e+05
   6.4800000e+01  -2.1062417e+05  -2.0548747e+05
   6.4900000e+01  -1.8092372e+05  -1.0887061e+05
   6.5000000e+01  -1.4744747e+05  -1.2979544e+04
   6.5100000e+01  -1.0170745e+05   7.5293727e+04
   6.5200000e+01  -4.5263793e+04   1.5122848e+05
   6.5300000e+01   9.1605791e+03   2.1273930e+05
   6.5400000e+01   4.9138559e+04   2.6148059e+05
   6.5500000e+01   7.5035055e+04   3.0149906e+05
   6.5600000e+01   9.9626531e+04   3.3443594e+05
   6.5700000e+01   1.3435902e+05   3.5563372e+05
   6.5800000e+01   1.7668430e+05   3.5638406e+05
   6.5900000e+01   2.1230938e+05   3.3156141e+05
   6.6000000e+01   2.2997761e+05   2.8564597e+05
   6.6100000e+01   2.3253334e+05   2.3097000e+05
   6.6200000e+01   2.3242103e+05   1.7926809e+05
   6.6300000e+01   2.3741084e+05   1.3394133e+05
   6.6400000e+01   2.4277642e+05   8.9876875e+04
   6.6500000e+01   2.3769111e+05   4.0817621e+04
   6.6600000e+01   2.1716869e+05  -1.2739939e+04
   6.6700000e+01   1.8610353e+05  -6.2764977e+04
   6.6800000e+01   1.5304727e+05  -1.0062771e+05
   6.6900000e+01   1.2305896e+05  -1.2413432e+05
   6.7000000e+01   9.7197023e+04  -1.3679808e+05
   6.7100000e+01   7.5721164e+04  -1.4057250e+05
   6.7200000e+01   5.8216301e+04  -1.3163534e+05
   6.7300000e+01   4.0972172e+04  -1.0567508e+05
   6.7400000e+01   1.8207559e+04  -6.7107461e+04
   6.7500000e+01  -1.1141726e+04  -3.0340879e+04
   6.7600000e+01  -3.8880875e+04  -9.4681064e+03
   6.7700000e+01  -5.2977648e+04  -6.5799116e+03
   6.7800000e+01  -4.9260316e+04  -1.1541549e+04
   6.7900000e+01  -3.7096160e+04  -1.3755908e+04
   6.8000000e+01  -3.2288324e+04  -1.3283881e+04
   6.8100000e+01  -4.3829469e+04  -1.9718369e+04
   6.8200000e+01  -6.6976852e+04  -4.0742406e+04
   6.8300000e+01  -8.7980953e+04  -7.2829164e+04
   6.8400000e+01  -9.5081875e+04  -1.0323880e+05
   6.8500000e+01  -8.6776695e+04  -1.2040906e+05
   6.8600000e+01  -7.2360664e+04  -1.2233495e+05
   6.8700000e+01  -6.5280312e+04  -1.1600101e+05
   6.8800000e+01  -7.3553578e+04  -1.0994020e+05
   6.8900000e+01  -9.3520305e+04  -1.0731877e+05
   6.9000000e+01  -1.1209872e+05  -1.0499884e+05
   6.9100000e+01  -1.1662935e+05  -9.8118445e+04
   6.9200000e+01  -1.0408274e+05  -8.5199258e+04
   6.9300000e+01  -8.1249219e+04  -6.8837461e+04
   6.9400000e+01  -5.6625863e+04  -5.1467945e+04
   6.9500000e+01  -3.3461289e+04  -3.0997059e+04
   6.9600000e+01  -1.1052845e+04  -2.0593623e+03
   6.9700000e+01   9.5011953e+03   3.7019109e+04
   6.9800000e+01   2.4390305e+04   7.8884516e+04
   6.9900000e+01   3.2967656e+04   1.1109088e+05
   7.0000000e+01   4.1762355e+04   1.2756348e+05
   7.0100000e+01   5.8867223e+04   1.3600172e+05
   7.0200000e+01   8.3399398e+04   1.5167670e+05
   7.0300000e+01   1.0286457e+05   1.8211380e+05
   7.0400000e+01   1.0343427e+05   2.1830153e+05
   7.0500000e+01   8.2928695e+04   2.4257880e+05
   7.0600000e+01   5.2481117e+04   2.4569833e+05
   7.0700000e+01   2.5587684e+04   2.3504341e+05
   7.0800000e+01   7.0917720e+03   2.2501609e+05
   7.0900000e+01  -6.8885371e+03   2.1985516e+05
   7.1000000e+01  -2.0905605e+04   2.0744073e+05
   7.1100000e+01  -3.5158469e+04   1.7088150e+05
   7.1200000e+01  -4.8276293e+04   1.0592011e+05
   7.1300000e+01  -6.1612594e+04   2.6580188e+04
   7.1400000e+01  -7.7688883e+04  -4.5963973e+04
   7.1500000e+01  -9.4563422e+04  -9.9832094e+04
   7.1600000e+01  -1.0426057e+05  -1.3905956e+05
   7.1700000e+01  -9.8808273e+04  -1.7622516e+05
   7.1800000e+01  -7.8252375e+04  -2.1991072e+05
   7.1900000e+01  -5.2487742e+04  -2.6857675e+05
   7.2000000e+01  -3.4947395e+04  -3.1442759e+05
   7.2100000e+01  -3.3414418e+04  -3.5121759e+05
   7.2200000e+01  -4.4645496e+04  -3.7753172e+05
   7.2300000e+01  -5.5901547e+04  -3.9310409e+05
   7.2400000e+01  -5.2341613e+04  -3.9377978e+05
   7.2500000e+01  -2.6484234e+04  -3.7251662e+05
   7.2600000e+01   1.5848762e+04  -3.2690741e+05
   7.2700000e+01   5.8300516e+04  -2.6508069e+05
   7.2800000e+01   8.5620312e+04  -2.0172269e+05
   7.2900000e+01   9.6265344e+04  -1.4613283e+05
   7.3000000e+01   1.0445777e+05  -9.4072781e+04
   7.3100000e+01   1.2744573e+05  -3.2760738e+04
   7.3200000e+01   1.6772292e+05   4.4992977e+04
   7.3300000e+01   2.0710350e+05   1.3147273e+05
   7.3400000e+01   2.2032467e+05   2.0890911e+05
   7.3500000e+01   1.9713427e+05   2.6359953e+05
   7.3600000e+01   1.5220519e+05   2.9580356e+05
   7.3700000e+01   1.1282948e+05   3.1717716e+05
   7.3800000e+01   9.5671414e+04   3.3972562e+05
   7.3900000e+01   9.4432867e+04   3.6667647e+05
   7.4000000e+01   8.9176844e+04   3.9167009e+05
   7.4100000e+01   6.6761508e+04   4.0450969e+05
   7.4200000e+01   3.2142662e+04   3.9757609e+05
   7.4300000e+01   1.1689917e+03   3.6878678e+05
   7.4400000e+01  -1.5682704e+04   3.2079478e+05
   7.4500000e+01  -2.1973707e+04   2.5831594e+05
   7.4600000e+01  -2.9648514e+04   1.8568748e+05
   7.4700000e+01  -4.6888746e+04   1.0618045e+05
   7.4800000e+01  -7.1550562e+04   2.3504410e+04
   7.4900000e+01  -9.4593453e+04  -5.5920812e+04
   7.5000000e+01  -1.0852577e+05  -1.2281925e+05
   7.5100000e+01  -1.1331593e+05  -1.6879705e+05
   7.5200000e+01  -1.1588289e+05  -1.9186758e+05
   7.5300000e+01  -1.2424018e+05  -1.9867098e+05
   7.5400000e+01  -1.4081375e+05  -2.0016448e+05
   7.5500000e+01  -1.6030947e+05  -2.0347777e+05
   7.5600000e+01  -1.7434345e+05  -2.0671070e+05
   7.5700000e+01  -1.7882973e+05  -2.0103439e+05
   7.5800000e+01  -1.7671036e+05  -1.7786539e+05
   7.5900000e+01  -1.7308795e+05  -1.3501191e+05
   7.6000000e+01  -1.6834953e+05  -7.7902430e+04
   7.6100000e+01  -1.5736248e+05  -1.6691783e+04
   7.6200000e+01  -1.3566527e+05   3.7921645e+04
   7.6300000e+01  -1.0524223e+05   7.8255758e+04
   7.6400000e+01  -7.3200141e+04   1.0152809e+05
   7.6500000e+01  -4.5291270e+04   1.0917427e+05
   7.6600000e+01  -2.1923385e+04   1.0414121e+05
   7.6700000e+01  -4.9558698e+02   8.8858445e+04
   7.6800000e+01   1.9949816e+04   6.5907906e+04
   7.6900000e+01   3.7872312e+04   3.9526879e+04
   7.7000000e+01   5.2683152e+04   1.4315979e+04
   7.7100000e+01   6.7196562e+04  -8.5539824e+03
   7.7200000e+01   8.4998672e+04  -3.2723975e+04
   7.7300000e+01   1.0530997e+05  -6.2734305e+04
   7.7400000e+01   1.2178599e+05  -9.8827500e+04
   7.7500000e+01   1.2775024e+05  -1.3655572e+05
   7.7600000e+01   1.2283758e+05  -1.7104309e+05
   7.7700000e+01   1.1379387e+05  -1.9986738e+05
   7.7800000e+01   1.0824895e+05  -2.2144831e+05
   7.7900000e+01   1.0793084e+05  -2.3294589e+05
   7.8000000e+01   1.0825708e+05  -2.3201841e+05
   7.8100000e+01   1.0413585e+05  -2.1989672e+05
   7.8200000e+01   9.5415742e+04  -2.0018138e+05
   7.8300000e+01   8.6624250e+04  -1.7407523e+05
   7.8400000e+01   8.2117773e+04  -1.3913369e+05
   7.8500000e+01   8.1908398e+04  -9.4521586e+04
   7.8600000e+01   8.1685227e+04  -4.6063145e+04
   7.8700000e+01   7.6216125e+04  -3.2673660e+03
   7.8800000e+01   6.3010250e+04   2.9215549e+04
   7.8900000e+01   4.3726426e+04   5.5255016e+04
   7.9000000e+01   2.2649812e+04   8.1217945e+04
   7.9100000e+01   3.4736421e+03   1.0764730e+05
   7.9200000e+01  -1.2997650e+04   1.2869552e+05
   7.9300000e+01  -2.8076238e+04   1.3934038e+05
   7.9400000e+01  -4.2068289e+04   1.4115688e+05
   7.9500000e+01  -5.2338488e+04   1.4040159e+05
   7.9600000e+01  -5.5296070e+04   1.4208723e+05
   7.9700000e+01  -5.0670086e+04   1.4721636e+05
   7.9800000e+01  -4.3215551e+04   1.5440105e+05
   7.9900000e+01  -3.9083043e+04   1.6153673e+05
   8.0000000e+01  -3.9842641e+04   1.6539016e+05
   8.0100000e+01  -4.0392062e+04   1.6192648e+05
   8.0200000e+01  -3.3670105e+04   1.4942689e+05
   8.0300000e+01  -1.8067098e+04   1.3115186e+05
   8.0400000e+01   9.2485840e+01   1.1322894e+05
   8.0500000e+01   1.2301905e+04   9.9112492e+04
   8.0600000e+01   1.6595473e+04   8.6557797e+04
   8.0700000e+01   1.9970963e+04   7.0065539e+04
   8.0800000e+01   3.0992406e+04   4.5540938e+04
   8.0900000e+01   4.9559031e+04   1.2764754e+04
   8.1000000e+01   6.4760844e+04  -2.4739723e+04
   8.1100000e+01   6.3829238e+04  -6.0613926e+04
   8.1200000e+01   4.3401156e+04  -8.7308602e+04
   8.1300000e+01   1.1834474e+04  -9.9261602e+04
   8.1400000e+01  -1.8902391e+04  -9.5751367e+04
   8.1500000e+01  -4.2503711e+04  -8.0354016e+04
   8.1600000e+01  -5.9937523e+04  -5.7733547e+04
   8.1700000e+01  -7.4430664e+04  -3.2024117e+04
   8.1800000e+01  -8.7382445e+04  -8.0588535e+03
   8.1900000e+01  -9.8859961e+04   8.7635146e+03
   8.2000000e+01  -1.0906558e+05   1.6735145e+04
   8.2100000e+01  -1.1702349e+05   2.1407891e+04
   8.2200000e+01  -1.1889334e+05   3.1706850e+04
   8.2300000e+01  -1.1056810e+05   5.0640910e+04
   8.2400000e+01  -9.3304789e+04   7.1094727e+04
   8.2500000e+01  -7.5355438e+04   8.2522039e+04
   8.2600000e+01  -6.5880789e+04   8.1284211e+04
   8.2700000e+01  -6.6421102e+04   7.2785094e+04
   8.2800000e+01  -6.8529750e+04   6.3612109e+04
   8.2900000e+01  -5.9953941e+04   5.3655969e+04
   8.3000000e+01  -3.3870676e+04   3.7162484e+04
   8.3100000e+01   5.7163462e+03   1.0378012e+04
   8.3200000e+01   4.5387645e+04  -2.3573119e+04
   8.3300000e+01   6.9671555e+04  -5.7391996e+04
   8.3400000e+01   7.0860016e+04  -8.5829719e+04
   8.3500000e+01   5.5071719e+04  -1.0865812e+05
   8.3600000e+01   3.8620891e+04  -1.2838963e+05
   8.3700000e+01   3.5825707e+04  -1.4623505e+05
   8.3800000e+01   4.8421059e+04  -1.6045566e+05
   8.3900000e+01   6.6578461e+04  -1.6790086e+05
   8.4000000e+01   7.9921773e+04  -1.6644095e+05
   8.4100000e+01   8.6535016e+04  -1.5599103e+05
   8.4200000e+01   9.1357344e+04  -1.3801136e+05
   8.4300000e+01   9.8127688e+04  -1.1483487e+05
   8.4400000e+01   1.0525154e+05  -8.9345641e+04
   8.4500000e+01   1.0903259e+05  -6.4067027e+04
   8.4600000e+01   1.0810402e+05  -3.9339688e+04
   8.4700000e+01   1.0300319e+05  -1.2545545e+04
   8.4800000e+01   9.2882227e+04   1.9450391e+04
   8.4900000e+01   7.5421930e+04   5.5947930e+04
   8.5000000e+01   5.0841750e+04   9.0694984e+04
   8.5100000e+01   2.4223139e+04   1.1547137e+05
   8.5200000e+01   1.7596893e+03   1.2600622e+05
   8.5300000e+01  -1.5439224e+04   1.2454624e+05
   8.5400000e+01  -3.2276785e+04   1.1694312e+05
   8.5500000e+01  -5.3362902e+04   1.0756392e+05
   8.5600000e+01  -7.6443422e+04   9.6537430e+04
   8.5700000e+01  -9.3420914e+04   8.0630344e+04
   8.5800000e+01  -9.8079414e+04   5.6044582e+04
   8.5900000e+01  -9.1830945e+04   2.1212209e+04
   8.6000000e+01  -8.1512117e+04  -2.1481627e+04
   8.6100000e+01  -7.2744875e+04  -6.5908320e+04
   8.6200000e+01  -6.6605242e+04  -1.0463818e+05
   8.6300000e+01  -6.1812043e+04  -1.3222861e+05
   8.6400000e+01  -5.7649539e+04  -1.4704208e+05
   8.6500000e+01  -5.3522770e+04  -1.5077714e+05
   8.6600000e+01  -4.7176254e+04  -1.4699664e+05
   8.6700000e+01  -3.5835754e+04  -1.3981056e+05
   8.6800000e+01  -1.9882035e+04  -1.3232212e+05
   8.6900000e+01  -4.1164609e+03  -1.2469329e+05
   8.7000000e+01   6.1026108e+03  -1.1374812e+05
   8.7100000e+01   1.0227143e+04  -9.5972289e+04
   8.7200000e+01   1.3360928e+04  -7.1963945e+04
   8.7300000e+01   2.1184350e+04  -4.7327504e+04
   8.7400000e+01   3.3965930e+04  -2.7767381e+04
   8.7500000e+01   4.5680887e+04  -1.2727689e+04
   8.7600000e+01   4.8903336e+04   5.3825005e+03
   8.7700000e+01   4.0360926e+04   3.4505867e+04
   8.7800000e+01   2.2090543e+04   7.4762984e+04
   8.7900000e+01  -1.4346149e+03   1.1676683e+05
   8.8000000e+01  -2.5726213e+04   1.4844238e+05
   8.8100000e+01  -4.5890359e+04   1.6458288e+05
   8.8200000e+01  -5.6147582e+04   1.7109864e+05
   8.8300000e+01  -5.2684508e+04   1.8055391e+05
   8.8400000e+01  -3.8166828e+04   2.0256202e+05
   8.8500000e+01  -2.2241113e+04   2.3639064e+05
   8.8600000e+01  -1.5455925e+04   2.7130206e+05
   8.8700000e+01  -2.1078193e+04   2.9419644e+05
   8.8800000e+01  -3.1999145e+04   2.9832047e+05
   8.8900000e+01  -3.5458781e+04   2.8591312e+05
   8.9000000e+01  -2.1854025e+04   2.6313231e+05
   8.9100000e+01   8.6715850e+03   2.3293267e+05
   8.9200000e+01   4.6101859e+04   1.9336209e+05
   8.9300000e+01   7.6929516e+04   1.4257612e+05
   8.9400000e+01   9.2830273e+04   8.4194250e+04
   8.9500000e+01   9.5253023e+04   2.6303754e+04
   8.9600000e+01   9.2107422e+04  -2.4890465e+04
   8.9700000e+01   8.9417430e+04  -6.9255461e+04
   8.9800000e+01   8.5686086e+04  -1.0998773e+05
   8.9900000e+01   7.4201078e+04  -1.4782108e+05
   9.0000000e+01   5.0728426e+04  -1.7966931e+05
   9.0100000e+01   1.9058379e+04  -2.0309886e+05
   9.0200000e+01  -1.0627188e+04  -2.2012944e+05
   9.0300000e+01  -2.8929238e+04  -2.3459955e+05
   9.0400000e+01  -3.3878965e+04  -2.4603569e+05
   9.0500000e+01  -3.1735125e+04  -2.4831808e+05
   9.0600000e+01  -3.1234088e+04  -2.3599208e+05
   9.0700000e+01  -3.5897203e+04  -2.1118306e+05
   9.0800000e+01  -4.1060605e+04  -1.8232497e+05
   9.0900000e+01  -3.8461926e+04  -1.5522709e+05
   9.1000000e+01  -2.4023139e+04  -1.2654206e+05
   9.1100000e+01  -1.2038789e+03  -8.7808758e+04
   9.1200000e+01   2.2912297e+04  -3.6602129e+04
   9.1300000e+01   4.3960355e+04   1.6955508e+04
   9.1400000e+01   6.2459312e+04   5.5689324e+04
   9.1500000e+01   8.0654383e+04   6.8105914e+04
   9.1600000e+01   9.8310555e+04   5.6669277e+04
   9.1700000e+01   1.1147954e+05   3.4736895e+04
   9.1800000e+01   1.1467696e+05   1.5858742e+04
   9.1900000e+01   1.0475328e+05   4.8411880e+03
   9.2000000e+01   8.4275633e+04  -3.2259355e+03
   9.2100000e+01   6.1609973e+04  -1.6945127e+04
   9.2200000e+01   4.5661805e+04  -4.0963566e+04
   9.2300000e+01   3.7834820e+04  -7.1849664e+04
   9.2400000e+01   2.8706529e+04  -9.9941016e+04
   9.2500000e+01   4.8365420e+03  -1.1618818e+05
   9.2600000e+01  -3.8573758e+04  -1.1945855e+05
   9.2700000e+01  -9.0936719e+04  -1.1812464e+05
   9.2800000e+01  -1.3304022e+05  -1.2316248e+05
   9.2900000e+01  -1.5211411e+05  -1.3758502e+05
   9.3000000e+01  -1.5165806e+05  -1.5185820e+05
   9.3100000e+01  -1.4727619e+05  -1.5053831e+05
   9.3200000e+01  -1.5277175e+05  -1.2465372e+05
   9.3300000e+01  -1.6922161e+05  -7.8341133e+04
   9.3400000e+01  -1.8611847e+05  -2.3866742e+04
   9.3500000e+01  -1.9217484e+05   2.9311029e+04
   9.3600000e+01  -1.8503045e+05   8.0547219e+04
   9.3700000e+01  -1.7119070e+05   1.3416606e+05
   9.3800000e+01  -1.5739639e+05   1.9093105e+05
   9.3900000e+01  -1.4267770e+05   2.4391633e+05
   9.4000000e+01  -1.1913571e+05   2.8283450e+05
   9.4100000e+01  -8.0549969e+04   3.0256394e+05
   9.4200000e+01  -3.0140334e+04   3.0757412e+05
   9.4300000e+01   2.0255355e+04   3.0757222e+05
   9.4400000e+01   5.8831250e+04   3.0813541e+05
   9.4500000e+01   8.2054008e+04   3.0566912e+05
   9.4600000e+01   9.5133648e+04   2.9221734e+05
   9.4700000e+01   1.0534243e+05   2.6500159e+05
   9.4800000e+01   1.1546943e+05   2.2971184e+05
   9.4900000e+01   1.2339589e+05   1.9349800e+05
   9.5000000e+01   1.2659404e+05   1.5604509e+05
   9.5100000e+01   1.2550269e+05   1.0968375e+05
   9.5200000e+01   1.2216647e+05   4.8539230e+04
   9.5300000e+01   1.1665530e+05  -2.3929787e+04
   9.5400000e+01   1.0624495e+05  -9.6740234e+04
   9.5500000e+01   8.8742898e+04  -1.5881438e+05
   9.5600000e+01   6.6399430e+04  -2.0371722e+05
   9.5700000e+01   4.6089887e+04  -2.2973683e+05
   9.5800000e+01   3.5113574e+04  -2.3929211e+05
   9.5900000e+01   3.5860039e+04  -2.3894280e+05
   9.6000000e+01   4.3414836e+04  -2.3667297e+05
   9.6100000e+01   4.8021469e+04  -2.3606161e+05
   9.6200000e+01   4.1119520e+04  -2.3344373e+05
   9.6300000e+01   2.1214717e+04  -2.2271731e+05
   9.6400000e+01  -4.4816392e+03  -2.0299891e+05
   9.6500000e+01  -2.4136857e+04  -1.7994786e+05
   9.6600000e+01  -2.8463961e+04  -1.5930481e+05
   9.6700000e+01  -1.5973014e+04  -1.4098586e+05
   9.6800000e+01   7.0171938e+03  -1.2079612e+05
   9.6900000e+01   3.0811039e+04  -9.6743414e+04
   9.7000000e+01   4.7669441e+04  -7.1846656e+04
   9.7100000e+01   5.4912281e+04  -5.0955031e+04
   9.7200000e+01   5.4739199e+04  -3.6418605e+04
   9.7300000e+01   5.1522051e+04  -2.7017264e+04
   9.7400000e+01   4.8484840e+04  -1.9205176e+04
   9.7500000e+01   4.6082938e+04  -8.1514727e+03
   9.7600000e+01   4.3100160e+04   1.0855100e+04
   9.7700000e+01   3.8841586e+04   3.9150539e+04
   9.7800000e+01   3.3686867e+04   7.1808086e+04
   9.7900000e+01   2.7635367e+04   9.9438648e+04
   9.8000000e+01   1.9568844e+04   1.1463216e+05
   9.8100000e+01   9.1879512e+03   1.1717055e+05
   9.8200000e+01  -6.7407697e+02   1.1305998e+05
   9.8300000e+01  -5.4563721e+03   1.0926769e+05
   9.8400000e+01  -3.9428254e+03   1.0977203e+05
   9.8500000e+01  -1.5096340e+03   1.1489996e+05
   9.8600000e+01  -6.7035215e+03   1.2139235e+05
   9.8700000e+01  -2.3285102e+04   1.2212430e+05
   9.8800000e+01  -4.5388027e+04   1.0852491e+05
   9.8900000e+01  -6.1088688e+04   7.7171711e+04
   9.9000000e+01  -6.1861008e+04   3.5309727e+04
   9.9100000e+01  -4.9980441e+04  -1.8347617e+03
   9.9200000e+01  -3.7625582e+04  -2.1366668e+04
   9.9300000e+01  -3.8093352e+04  -2.1543381e+04
   9.9400000e+01  -5.5649316e+04  -1.1408092e+04
   9.9500000e+01  -8.1763945e+04  -2.8206289e+03
   9.9600000e+01  -1.0090858e+05  -2.2306318e+03
   9.9700000e+01  -1.0158832e+05  -7.2208989e+03
   9.9800000e+01  -8.3561008e+04  -8.7412578e+03
   9.9900000e+01  -5.5088898e+04   1.5512028e+03
   1.0000000e+02  -2.3894918e+04   2.2798238e+04
