   1.1851270e+02   3.6301420e+01   1.8450000e+02
   1.1916151e+02   3.6450164e+01   5.7300000e+01
   0.0000000e+00   1.6699935e+06   1.6699935e+06
   1.0000000e-01   1.5501674e+06   1.7606642e+06
   2.0000000e-01   1.4102940e+06   1.8248672e+06
   3.0000000e-01   1.2669326e+06   1.8704024e+06
   4.0000000e-01   1.1327981e+06   1.8995859e+06
   5.0000000e-01   1.0093379e+06   1.9052269e+06
   6.0000000e-01   8.8935962e+05   1.8757768e+06
   7.0000000e-01   7.6551825e+05   1.8025845e+06
   8.0000000e-01   6.3574738e+05   1.6817435e+06
   9.0000000e-01   5.0176703e+05   1.5110882e+06
   1.0000000e+00   3.6488984e+05   1.2887740e+06
   1.1000000e+00   2.2518212e+05   1.0165284e+06
   1.2000000e+00   8.4489016e+04   7.0338062e+05
   1.3000000e+00  -5.1703832e+04   3.6421672e+05
   1.4000000e+00  -1.7732647e+05   1.3597362e+04
   1.5000000e+00  -2.9123872e+05  -3.3899512e+05
   1.6000000e+00  -3.9930875e+05  -6.8775625e+05
   1.7000000e+00  -5.1064997e+05  -1.0249475e+06
   1.8000000e+00  -6.3171544e+05  -1.3374252e+06
   1.9000000e+00  -7.6345412e+05  -1.6095189e+06
   2.0000000e+00  -9.0235494e+05  -1.8301762e+06
   2.1000000e+00  -1.0418413e+06  -1.9978482e+06
   2.2000000e+00  -1.1715285e+06  -2.1181608e+06
   2.3000000e+00  -1.2765368e+06  -2.1961698e+06
   2.4000000e+00  -1.3407374e+06  -2.2307502e+06
   2.5000000e+00  -1.3537679e+06  -2.2171212e+06
   2.6000000e+00  -1.3165716e+06  -2.1552512e+06
   2.7000000e+00  -1.2404775e+06  -2.0553262e+06
   2.8000000e+00  -1.1404858e+06  -1.9340950e+06
   2.9000000e+00  -1.0282985e+06  -1.8053630e+06
   3.0000000e+00  -9.0996912e+05  -1.6736759e+06
   3.1000000e+00  -7.8834188e+05  -1.5364608e+06
   3.2000000e+00  -6.6674906e+05  -1.3912498e+06
   3.3000000e+00  -5.5042212e+05  -1.2405245e+06
   3.4000000e+00  -4.4468306e+05  -1.0903326e+06
   3.5000000e+00  -3.5184019e+05  -9.4522181e+05
   3.6000000e+00  -2.6988534e+05  -8.0471262e+05
   3.7000000e+00  -1.9459919e+05  -6.6402038e+05
   3.8000000e+00  -1.2344117e+05  -5.1732588e+05
   3.9000000e+00  -5.7707387e+04  -3.6009253e+05
   4.0000000e+00  -1.1674553e+03  -1.8919366e+05
   4.1000000e+00   4.3008172e+04  -2.9957988e+03
   4.2000000e+00   7.3968211e+04   1.9653309e+05
   4.3000000e+00   9.2807297e+04   4.0172606e+05
   4.4000000e+00   1.0199413e+05   6.0177619e+05
   4.5000000e+00   1.0610790e+05   7.9064256e+05
   4.6000000e+00   1.1293545e+05   9.7368781e+05
   4.7000000e+00   1.3285391e+05   1.1650408e+06
   4.8000000e+00   1.7589308e+05   1.3758836e+06
   4.9000000e+00   2.4807834e+05   1.6035435e+06
   5.0000000e+00   3.4937844e+05   1.8312361e+06
   5.1000000e+00   4.7437878e+05   2.0379980e+06
   5.2000000e+00   6.1473556e+05   2.2087630e+06
   5.3000000e+00   7.6123669e+05   2.3358838e+06
   5.4000000e+00   9.0413500e+05   2.4132120e+06
   5.5000000e+00   1.0326389e+06   2.4312028e+06
   5.6000000e+00   1.1354666e+06   2.3789048e+06
   5.7000000e+00   1.2027274e+06   2.2502705e+06
   5.8000000e+00   1.2272184e+06   2.0476939e+06
   5.9000000e+00   1.2037978e+06   1.7796098e+06
   6.0000000e+00   1.1284498e+06   1.4560175e+06
   6.1000000e+00   9.9975044e+05   1.0875450e+06
   6.2000000e+00   8.2256738e+05   6.8845800e+05
   6.3000000e+00   6.1027038e+05   2.7866453e+05
   6.4000000e+00   3.8233600e+05  -1.1910475e+05
   6.5000000e+00   1.5858755e+05  -4.8486797e+05
   6.6000000e+00  -4.5639094e+04  -8.0453988e+05
   6.7000000e+00  -2.2056978e+05  -1.0687161e+06
   6.8000000e+00  -3.6020297e+05  -1.2701910e+06
   6.9000000e+00  -4.6044494e+05  -1.4038196e+06
   7.0000000e+00  -5.1890631e+05  -1.4683879e+06
   7.1000000e+00  -5.3604894e+05  -1.4673602e+06
   7.2000000e+00  -5.1624809e+05  -1.4071801e+06
   7.3000000e+00  -4.6753847e+05  -1.2952498e+06
   7.4000000e+00  -3.9997281e+05  -1.1402332e+06
   7.5000000e+00  -3.2376019e+05  -9.5420331e+05
   7.6000000e+00  -2.4833878e+05  -7.5357050e+05
   7.7000000e+00  -1.8212878e+05  -5.5676869e+05
   7.8000000e+00  -1.3184297e+05  -3.8014719e+05
   7.9000000e+00  -1.0144411e+05  -2.3534584e+05
   8.0000000e+00  -9.2326422e+04  -1.2957978e+05
   8.1000000e+00  -1.0507203e+05  -6.6929789e+04
   8.2000000e+00  -1.4029433e+05  -4.7905477e+04
   8.3000000e+00  -1.9644923e+05  -6.7352727e+04
   8.4000000e+00  -2.6708603e+05  -1.1400645e+05
   8.5000000e+00  -3.4272666e+05  -1.7449472e+05
   8.6000000e+00  -4.1794141e+05  -2.4009725e+05
   8.7000000e+00  -4.9661069e+05  -3.1058300e+05
   8.8000000e+00  -5.8796131e+05  -3.9075788e+05
   8.9000000e+00  -6.9511700e+05  -4.8157466e+05
   9.0000000e+00  -8.0665706e+05  -5.7304375e+05
   9.1000000e+00  -8.9967725e+05  -6.4527381e+05
   9.2000000e+00  -9.5213450e+05  -6.7735750e+05
   9.3000000e+00  -9.5429931e+05  -6.5756681e+05
   9.4000000e+00  -9.1104644e+05  -5.8782238e+05
   9.5000000e+00  -8.3487931e+05  -4.8026950e+05
   9.6000000e+00  -7.3606706e+05  -3.4932506e+05
   9.7000000e+00  -6.1720781e+05  -2.0488691e+05
   9.8000000e+00  -4.7566594e+05  -5.0997336e+04
   9.9000000e+00  -3.1128844e+05   1.0949889e+05
   1.0000000e+01  -1.3241067e+05   2.6816972e+05
   1.0100000e+01   4.5511199e+04   4.0834341e+05
   1.0200000e+01   2.0740753e+05   5.1029300e+05
   1.0300000e+01   3.4517247e+05   5.6106006e+05
   1.0400000e+01   4.5798575e+05   5.6058788e+05
   1.0500000e+01   5.4824675e+05   5.1862584e+05
   1.0600000e+01   6.1881938e+05   4.4577656e+05
   1.0700000e+01   6.7366144e+05   3.4772728e+05
   1.0800000e+01   7.1872006e+05   2.2769534e+05
   1.0900000e+01   7.6034831e+05   9.2914047e+04
   1.1000000e+01   8.0288462e+05  -4.3019555e+04
   1.1100000e+01   8.4831462e+05  -1.6488491e+05
   1.1200000e+01   8.9742181e+05  -2.6270959e+05
   1.1300000e+01   9.4946481e+05  -3.3404128e+05
   1.1400000e+01   1.0001424e+06  -3.8029303e+05
   1.1500000e+01   1.0412196e+06  -4.0171106e+05
   1.1600000e+01   1.0638448e+06  -3.9578666e+05
   1.1700000e+01   1.0628152e+06  -3.5940278e+05
   1.1800000e+01   1.0375453e+06  -2.9129184e+05
   1.1900000e+01   9.8944762e+05  -1.9221941e+05
   1.2000000e+01   9.1948762e+05  -6.3888086e+04
   1.2100000e+01   8.2869825e+05   9.0865031e+04
   1.2200000e+01   7.2028419e+05   2.6622144e+05
   1.2300000e+01   6.0012031e+05   4.5233944e+05
   1.2400000e+01   4.7468972e+05   6.3691731e+05
   1.2500000e+01   3.4841844e+05   8.0772506e+05
   1.2600000e+01   2.2256084e+05   9.5306494e+05
   1.2700000e+01   9.5889125e+04   1.0601345e+06
   1.2800000e+01  -3.3954062e+04   1.1148164e+06
   1.2900000e+01  -1.6934683e+05   1.1054582e+06
   1.3000000e+01  -3.1186575e+05   1.0284704e+06
   1.3100000e+01  -4.6141625e+05   8.9104325e+05
   1.3200000e+01  -6.1524162e+05   7.0899806e+05
   1.3300000e+01  -7.6722844e+05   5.0214738e+05
   1.3400000e+01  -9.0828519e+05   2.9045606e+05
   1.3500000e+01  -1.0283679e+06   9.1971141e+04
   1.3600000e+01  -1.1196598e+06  -7.8211625e+04
   1.3700000e+01  -1.1790989e+06  -2.0832766e+05
   1.3800000e+01  -1.2082658e+06  -2.8988262e+05
   1.3900000e+01  -1.2104561e+06  -3.1831534e+05
   1.4000000e+01  -1.1873365e+06  -2.9520900e+05
   1.4100000e+01  -1.1383150e+06  -2.3013117e+05
   1.4200000e+01  -1.0634326e+06  -1.3854438e+05
   1.4300000e+01  -9.6707975e+05  -3.5348215e+04
   1.4400000e+01  -8.5883162e+05   7.1197406e+04
   1.4500000e+01  -7.5033000e+05   1.7973842e+05
   1.4600000e+01  -6.5078869e+05   2.9033022e+05
   1.4700000e+01  -5.6457100e+05   3.9874297e+05
   1.4800000e+01  -4.9179247e+05   4.9551012e+05
   1.4900000e+01  -4.3007272e+05   5.6933238e+05
   1.5000000e+01  -3.7540784e+05   6.1078044e+05
   1.5100000e+01  -3.2231050e+05   6.1329950e+05
   1.5200000e+01  -2.6487350e+05   5.7174831e+05
   1.5300000e+01  -1.9930427e+05   4.8078931e+05
   1.5400000e+01  -1.2609598e+05   3.3553100e+05
   1.5500000e+01  -4.9351492e+04   1.3519455e+05
   1.5600000e+01   2.6886430e+04  -1.1250730e+05
   1.5700000e+01   1.0228692e+05  -3.9084447e+05
   1.5800000e+01   1.8032428e+05  -6.7976475e+05
   1.5900000e+01   2.6445381e+05  -9.6402475e+05
   1.6000000e+01   3.5403844e+05  -1.2363926e+06
   1.6100000e+01   4.4436666e+05  -1.4928386e+06
   1.6200000e+01   5.3127556e+05  -1.7248720e+06
   1.6300000e+01   6.1606119e+05  -1.9169688e+06
   1.6400000e+01   7.0541769e+05  -2.0512181e+06
   1.6500000e+01   8.0546519e+05  -2.1140870e+06
   1.6600000e+01   9.1466212e+05  -2.0995682e+06
   1.6700000e+01   1.0219610e+06  -2.0081516e+06
   1.6800000e+01   1.1120920e+06  -1.8448761e+06
   1.6900000e+01   1.1734008e+06  -1.6186162e+06
   1.7000000e+01   1.2015662e+06  -1.3419596e+06
   1.7100000e+01   1.1968356e+06  -1.0303867e+06
   1.7200000e+01   1.1586579e+06  -7.0089344e+05
   1.7300000e+01   1.0834016e+06  -3.7093866e+05
   1.7400000e+01   9.6703381e+05  -5.7815594e+04
   1.7500000e+01   8.0994100e+05   2.2228094e+05
   1.7600000e+01   6.2015638e+05   4.5607381e+05
   1.7700000e+01   4.1348250e+05   6.3548938e+05
   1.7800000e+01   2.1069183e+05   7.5900762e+05
   1.7900000e+01   3.2235676e+04   8.3067431e+05
   1.8000000e+01  -1.0817775e+05   8.5695231e+05
   1.8100000e+01  -2.0769650e+05   8.4383081e+05
   1.8200000e+01  -2.7267750e+05   7.9711231e+05
   1.8300000e+01  -3.1201744e+05   7.2619644e+05
   1.8400000e+01  -3.3104884e+05   6.4799300e+05
   1.8500000e+01  -3.3126966e+05   5.8655175e+05
   1.8600000e+01  -3.1518231e+05   5.6706212e+05
   1.8700000e+01  -2.9023775e+05   6.0747525e+05
   1.8800000e+01  -2.6723606e+05   7.1322069e+05
   1.8900000e+01  -2.5485645e+05   8.7843975e+05
   1.9000000e+01  -2.5611184e+05   1.0922478e+06
   1.9100000e+01  -2.7004128e+05   1.3444979e+06
   1.9200000e+01  -2.9602506e+05   1.6259546e+06
   1.9300000e+01  -3.3537875e+05   1.9229982e+06
   1.9400000e+01  -3.8820003e+05   2.2125458e+06
   1.9500000e+01  -4.4900550e+05   2.4632050e+06
   1.9600000e+01  -5.0646634e+05   2.6430312e+06
   1.9700000e+01  -5.4857300e+05   2.7282785e+06
   1.9800000e+01  -5.6902131e+05   2.7070755e+06
   1.9900000e+01  -5.6925131e+05   2.5768298e+06
   2.0000000e+01  -5.5470012e+05   2.3390792e+06
   2.0100000e+01  -5.2909762e+05   1.9964628e+06
   2.0200000e+01  -4.9192506e+05   1.5540922e+06
   2.0300000e+01  -4.4074978e+05   1.0241451e+06
   2.0400000e+01  -3.7583197e+05   4.2996631e+05
   2.0500000e+01  -3.0301341e+05  -1.9454642e+05
   2.0600000e+01  -2.3285278e+05  -8.1157175e+05
   2.0700000e+01  -1.7687108e+05  -1.3882521e+06
   2.0800000e+01  -1.4335438e+05  -1.9014392e+06
   2.0900000e+01  -1.3493902e+05  -2.3352978e+06
   2.1000000e+01  -1.4885895e+05  -2.6755732e+06
   2.1100000e+01  -1.7910031e+05  -2.9074972e+06
   2.1200000e+01  -2.1856389e+05  -3.0202435e+06
   2.1300000e+01  -2.5957077e+05  -3.0138010e+06
   2.1400000e+01  -2.9284888e+05  -2.9014480e+06
   2.1500000e+01  -3.0716925e+05  -2.7051498e+06
   2.1600000e+01  -2.9184688e+05  -2.4477058e+06
   2.1700000e+01  -2.4172780e+05  -2.1480670e+06
   2.1800000e+01  -1.6126292e+05  -1.8229645e+06
   2.1900000e+01  -6.3934293e+04  -1.4919670e+06
   2.2000000e+01   3.3650742e+04  -1.1795075e+06
   2.2100000e+01   1.1974553e+05  -9.0968912e+05
   2.2200000e+01   1.9251109e+05  -6.9648894e+05
   2.2300000e+01   2.5863044e+05  -5.3745481e+05
   2.2400000e+01   3.2593750e+05  -4.1724028e+05
   2.2500000e+01   3.9491716e+05  -3.1874828e+05
   2.2600000e+01   4.5587322e+05  -2.3233592e+05
   2.2700000e+01   4.9529281e+05  -1.5543011e+05
   2.2800000e+01   5.0728266e+05  -8.4666508e+04
   2.2900000e+01   5.0021156e+05  -1.0040992e+04
   2.3000000e+01   4.9160972e+05   8.2205461e+04
   2.3100000e+01   4.9480147e+05   2.0060506e+05
   2.3200000e+01   5.0875631e+05   3.4167775e+05
   2.3300000e+01   5.1970456e+05   4.9070375e+05
   2.3400000e+01   5.1216941e+05   6.2870438e+05
   2.3500000e+01   4.7951922e+05   7.4081762e+05
   2.3600000e+01   4.2666838e+05   8.2214738e+05
   2.3700000e+01   3.6549406e+05   8.7894575e+05
   2.3800000e+01   3.0811534e+05   9.2421081e+05
   2.3900000e+01   2.6194041e+05   9.6930000e+05
   2.4000000e+01   2.2765489e+05   1.0168521e+06
   2.4100000e+01   2.0045084e+05   1.0609118e+06
   2.4200000e+01   1.7420656e+05   1.0945865e+06
   2.4300000e+01   1.4617348e+05   1.1180431e+06
   2.4400000e+01   1.1828561e+05   1.1385396e+06
   2.4500000e+01   9.3701953e+04   1.1619424e+06
   2.4600000e+01   7.2024531e+04   1.1840472e+06
   2.4700000e+01   4.8282688e+04   1.1902336e+06
   2.4800000e+01   1.6828045e+04   1.1633262e+06
   2.4900000e+01  -2.4001168e+04   1.0919330e+06
   2.5000000e+01  -7.1228938e+04   9.7296906e+05
   2.5100000e+01  -1.2080510e+05   8.0941662e+05
   2.5200000e+01  -1.7106664e+05   6.0823075e+05
   2.5300000e+01  -2.2220075e+05   3.8033688e+05
   2.5400000e+01  -2.7243453e+05   1.4063417e+05
   2.5500000e+01  -3.1548069e+05  -9.3587617e+04
   2.5600000e+01  -3.4286600e+05  -3.0454466e+05
   2.5700000e+01  -3.5003969e+05  -4.7499122e+05
   2.5800000e+01  -3.4116719e+05  -5.8990331e+05
   2.5900000e+01  -3.2807928e+05  -6.4038025e+05
   2.6000000e+01  -3.2365128e+05  -6.2757869e+05
   2.6100000e+01  -3.3451316e+05  -5.6245919e+05
   2.6200000e+01  -3.5817138e+05  -4.6078550e+05
   2.6300000e+01  -3.8559347e+05  -3.3790244e+05
   2.6400000e+01  -4.0634716e+05  -2.0744533e+05
   2.6500000e+01  -4.1291409e+05  -8.2683680e+04
   2.6600000e+01  -4.0271709e+05   2.3936730e+04
   2.6700000e+01  -3.7777312e+05   1.0412402e+05
   2.6800000e+01  -3.4218528e+05   1.5589872e+05
   2.6900000e+01  -2.9871553e+05   1.8075641e+05
   2.7000000e+01  -2.4723708e+05   1.7770473e+05
   2.7100000e+01  -1.8698572e+05   1.4037003e+05
   2.7200000e+01  -1.2045445e+05   6.0988258e+04
   2.7300000e+01  -5.3999867e+04  -6.1716391e+04
   2.7400000e+01   6.7110322e+03  -2.1786089e+05
   2.7500000e+01   6.1986809e+04  -3.8919294e+05
   2.7600000e+01   1.1793684e+05  -5.5669375e+05
   2.7700000e+01   1.8032631e+05  -7.0639212e+05
   2.7800000e+01   2.4858405e+05  -8.2953194e+05
   2.7900000e+01   3.1571288e+05  -9.1926475e+05
   2.8000000e+01   3.7325159e+05  -9.6867238e+05
   2.8100000e+01   4.1572838e+05  -9.7194969e+05
   2.8200000e+01   4.4110009e+05  -9.2653969e+05
   2.8300000e+01   4.4868369e+05  -8.3378844e+05
   2.8400000e+01   4.3779181e+05  -6.9849738e+05
   2.8500000e+01   4.0798875e+05  -5.2903544e+05
   2.8600000e+01   3.5978062e+05  -3.3798306e+05
   2.8700000e+01   2.9505284e+05  -1.4165347e+05
   2.8800000e+01   2.1763353e+05   4.2288844e+04
   2.8900000e+01   1.3386803e+05   1.9806936e+05
   2.9000000e+01   5.2069992e+04   3.1453169e+05
   2.9100000e+01  -1.9613674e+04   3.8678416e+05
   2.9200000e+01  -7.5554883e+04   4.1640962e+05
   2.9300000e+01  -1.1340365e+05   4.0978300e+05
   2.9400000e+01  -1.3319375e+05   3.7504631e+05
   2.9500000e+01  -1.3645753e+05   3.1973631e+05
   2.9600000e+01  -1.2649647e+05   2.5068389e+05
   2.9700000e+01  -1.0888272e+05   1.7545702e+05
   2.9800000e+01  -9.0316055e+04   1.0308722e+05
   2.9900000e+01  -7.5532773e+04   4.2935180e+04
   3.0000000e+01  -6.4504188e+04   2.6888184e+03
   3.0100000e+01  -5.2790938e+04  -1.2968982e+04
   3.0200000e+01  -3.5465105e+04  -2.6106279e+03
   3.0300000e+01  -1.1547383e+04   3.2262912e+04
   3.0400000e+01   1.4955763e+04   8.7734992e+04
   3.0500000e+01   3.8206332e+04   1.5808612e+05
   3.0600000e+01   5.4499320e+04   2.3636564e+05
   3.0700000e+01   6.3081109e+04   3.1486256e+05
   3.0800000e+01   6.3785328e+04   3.8576844e+05
   3.0900000e+01   5.5290215e+04   4.4224797e+05
   3.1000000e+01   3.6708758e+04   4.7944188e+05
   3.1100000e+01   1.0434065e+04   4.9463959e+05
   3.1200000e+01  -1.8087352e+04   4.8666716e+05
   3.1300000e+01  -4.4467078e+04   4.5553097e+05
   3.1400000e+01  -6.9165562e+04   4.0312794e+05
   3.1500000e+01  -9.6636688e+04   3.3452281e+05
   3.1600000e+01  -1.3050478e+05   2.5843006e+05
   3.1700000e+01  -1.6952738e+05   1.8596880e+05
   3.1800000e+01  -2.0782144e+05   1.2776789e+05
   3.1900000e+01  -2.3843881e+05   9.0233719e+04
   3.2000000e+01  -2.5688531e+05   7.2415609e+04
   3.2100000e+01  -2.6220009e+05   6.5550961e+04
   3.2200000e+01  -2.5553045e+05   5.6836742e+04
   3.2300000e+01  -2.3765944e+05   3.6165359e+04
   3.2400000e+01  -2.0738688e+05   1.2577695e+03
   3.2500000e+01  -1.6213455e+05  -4.3147492e+04
   3.2600000e+01  -1.0059421e+05  -9.1370203e+04
   3.2700000e+01  -2.5575633e+04  -1.4223275e+05
   3.2800000e+01   5.5003184e+04  -1.9862080e+05
   3.2900000e+01   1.2969904e+05  -2.6225125e+05
   3.3000000e+01   1.8708538e+05  -3.2967662e+05
   3.3100000e+01   2.2010167e+05  -3.9349144e+05
   3.3200000e+01   2.2949739e+05  -4.4659162e+05
   3.3300000e+01   2.2397669e+05  -4.8469181e+05
   3.3400000e+01   2.1565834e+05  -5.0557391e+05
   3.3500000e+01   2.1292430e+05  -5.0761072e+05
   3.3600000e+01   2.1572184e+05  -4.8993906e+05
   3.3700000e+01   2.1709317e+05  -4.5355491e+05
   3.3800000e+01   2.0951398e+05  -4.0131219e+05
   3.3900000e+01   1.9048269e+05  -3.3662931e+05
   3.4000000e+01   1.6285211e+05  -2.6251053e+05
   3.4100000e+01   1.3054697e+05  -1.8195638e+05
   3.4200000e+01   9.4517922e+04  -9.9120219e+04
   3.4300000e+01   5.3127734e+04  -2.0012736e+04
   3.4400000e+01   6.4071211e+03   4.7725195e+04
   3.4500000e+01  -4.0525168e+04   9.5898633e+04
   3.4600000e+01  -7.8862359e+04   1.1771159e+05
   3.4700000e+01  -1.0139121e+05   1.1045584e+05
   3.4800000e+01  -1.0685281e+05   7.7770789e+04
   3.4900000e+01  -9.9869844e+04   2.9524809e+04
   3.5000000e+01  -8.7445484e+04  -2.1595561e+04
   3.5100000e+01  -7.5393477e+04  -6.5066531e+04
   3.5200000e+01  -6.6406758e+04  -9.5620156e+04
   3.5300000e+01  -5.9345949e+04  -1.1240398e+05
   3.5400000e+01  -4.9815809e+04  -1.1569598e+05
   3.5500000e+01  -3.3153453e+04  -1.0463158e+05
   3.5600000e+01  -9.1427402e+03  -7.7711031e+04
   3.5700000e+01   1.5470120e+04  -3.4685309e+04
   3.5800000e+01   3.0235254e+04   2.2577305e+04
   3.5900000e+01   2.8517090e+04   9.0927234e+04
   3.6000000e+01   1.3139164e+04   1.6734947e+05
   3.6100000e+01  -4.8721025e+03   2.4966595e+05
   3.6200000e+01  -1.3699814e+04   3.3583169e+05
   3.6300000e+01  -8.7231855e+03   4.2174256e+05
   3.6400000e+01   4.6175039e+03   4.9888912e+05
   3.6500000e+01   1.4897887e+04   5.5494600e+05
   3.6600000e+01   1.2769215e+04   5.7933881e+05
   3.6700000e+01  -2.7310430e+03   5.7074856e+05
   3.6800000e+01  -2.4226117e+04   5.3938088e+05
   3.6900000e+01  -4.2229203e+04   4.9999900e+05
   3.7000000e+01  -5.2350234e+04   4.6070662e+05
   3.7100000e+01  -5.7550152e+04   4.1756650e+05
   3.7200000e+01  -6.4091664e+04   3.5997219e+05
   3.7300000e+01  -7.5380664e+04   2.8145469e+05
   3.7400000e+01  -8.9083633e+04   1.8621336e+05
   3.7500000e+01  -9.9138812e+04   8.6840148e+04
   3.7600000e+01  -9.9933969e+04  -3.1285674e+03
   3.7700000e+01  -8.9075359e+04  -7.5232078e+04
   3.7800000e+01  -6.7492422e+04  -1.2740498e+05
   3.7900000e+01  -3.7932754e+04  -1.6197762e+05
   3.8000000e+01  -3.4018457e+03  -1.8331133e+05
   3.8100000e+01   3.3445492e+04  -1.9641053e+05
   3.8200000e+01   6.9606703e+04  -2.0579989e+05
   3.8300000e+01   1.0044762e+05  -2.1385530e+05
   3.8400000e+01   1.1982028e+05  -2.1954188e+05
   3.8500000e+01   1.2304497e+05  -2.1961497e+05
   3.8600000e+01   1.1102444e+05  -2.1247214e+05
   3.8700000e+01   9.1079406e+04  -2.0137867e+05
   3.8800000e+01   7.2218320e+04  -1.9316573e+05
   3.8900000e+01   5.8428152e+04  -1.9275562e+05
   3.9000000e+01   4.6479445e+04  -1.9879339e+05
   3.9100000e+01   3.0454957e+04  -2.0512341e+05
   3.9200000e+01   8.2365352e+03  -2.0681391e+05
   3.9300000e+01  -1.6370842e+04  -2.0472258e+05
   3.9400000e+01  -3.6955789e+04  -2.0457505e+05
   3.9500000e+01  -4.9085023e+04  -2.1241309e+05
   3.9600000e+01  -5.2374137e+04  -2.3111694e+05
   3.9700000e+01  -4.9982547e+04  -2.6012544e+05
   3.9800000e+01  -4.6991988e+04  -2.9667566e+05
   3.9900000e+01  -4.7972586e+04  -3.3631291e+05
   4.0000000e+01  -5.4096887e+04  -3.7268069e+05
   4.0100000e+01  -6.2141918e+04  -3.9821366e+05
   4.0200000e+01  -6.7439125e+04  -4.0648825e+05
   4.0300000e+01  -6.8500984e+04  -3.9479050e+05
   4.0400000e+01  -6.7891258e+04  -3.6435512e+05
   4.0500000e+01  -6.7547164e+04  -3.1737600e+05
   4.0600000e+01  -6.4069223e+04  -2.5350209e+05
   4.0700000e+01  -5.0929035e+04  -1.7041605e+05
   4.0800000e+01  -2.6730551e+04  -6.9636922e+04
   4.0900000e+01  -3.3740625e+02   3.7983410e+04
   4.1000000e+01   1.4323492e+04   1.3464969e+05
   4.1100000e+01   9.8475625e+03   2.0623675e+05
   4.1200000e+01  -8.0932227e+03   2.5163703e+05
   4.1300000e+01  -2.5550910e+04   2.8103650e+05
   4.1400000e+01  -3.1044213e+04   3.0461794e+05
   4.1500000e+01  -2.1892385e+04   3.2354206e+05
   4.1600000e+01  -2.1812852e+03   3.3197734e+05
   4.1700000e+01   2.2751957e+04   3.2615144e+05
   4.1800000e+01   4.9221777e+04   3.0940806e+05
   4.1900000e+01   7.4944320e+04   2.8864647e+05
   4.2000000e+01   9.8719469e+04   2.6806625e+05
   4.2100000e+01   1.2089743e+05   2.4779941e+05
   4.2200000e+01   1.4248780e+05   2.2751277e+05
   4.2300000e+01   1.6238509e+05   2.0919380e+05
   4.2400000e+01   1.7596853e+05   1.9579197e+05
   4.2500000e+01   1.7797231e+05   1.8835459e+05
   4.2600000e+01   1.6748472e+05   1.8572936e+05
   4.2700000e+01   1.4960572e+05   1.8697400e+05
   4.2800000e+01   1.3134295e+05   1.9300488e+05
   4.2900000e+01   1.1548064e+05   2.0487317e+05
   4.3000000e+01   9.8442641e+04   2.2001331e+05
   4.3100000e+01   7.4269711e+04   2.3060994e+05
   4.3200000e+01   4.0991500e+04   2.2701067e+05
   4.3300000e+01   3.5335293e+03   2.0437273e+05
   4.3400000e+01  -2.9530137e+04   1.6661856e+05
   4.3500000e+01  -5.2617156e+04   1.2312195e+05
   4.3600000e+01  -6.7387680e+04   8.0437508e+04
   4.3700000e+01  -8.0889367e+04   3.7067445e+04
   4.3800000e+01  -9.9356672e+04  -1.3323036e+04
   4.3900000e+01  -1.2331310e+05  -7.3739555e+04
   4.4000000e+01  -1.4810577e+05  -1.3948569e+05
   4.4100000e+01  -1.6861375e+05  -2.0170112e+05
   4.4200000e+01  -1.8318983e+05  -2.5405733e+05
   4.4300000e+01  -1.9351567e+05  -2.9522919e+05
   4.4400000e+01  -2.0165505e+05  -3.2568578e+05
   4.4500000e+01  -2.0795578e+05  -3.4382947e+05
   4.4600000e+01  -2.1149539e+05  -3.4608756e+05
   4.4700000e+01  -2.1144405e+05  -3.3004659e+05
   4.4800000e+01  -2.0703438e+05  -2.9647303e+05
   4.4900000e+01  -1.9623397e+05  -2.4827009e+05
   4.5000000e+01  -1.7548839e+05  -1.8843639e+05
   4.5100000e+01  -1.4206500e+05  -1.1994141e+05
   4.5200000e+01  -9.7298773e+04  -4.7594355e+04
   4.5300000e+01  -4.7227387e+04   2.0984727e+04
   4.5400000e+01   7.9058203e+02   7.7732969e+04
   4.5500000e+01   4.2758059e+04   1.1856701e+05
   4.5600000e+01   7.9792211e+04   1.4550708e+05
   4.5700000e+01   1.1564234e+05   1.6370084e+05
   4.5800000e+01   1.5272783e+05   1.7587817e+05
   4.5900000e+01   1.9013730e+05   1.7999478e+05
   4.6000000e+01   2.2419648e+05   1.7254573e+05
   4.6100000e+01   2.4984641e+05   1.5353433e+05
   4.6200000e+01   2.6174181e+05   1.2724753e+05
   4.6300000e+01   2.5573969e+05   9.8271453e+04
   4.6400000e+01   2.3117950e+05   6.7967258e+04
   4.6500000e+01   1.9242703e+05   3.5641480e+04
   4.6600000e+01   1.4762014e+05   2.4911111e+03
   4.6700000e+01   1.0473416e+05  -2.6870533e+04
   4.6800000e+01   6.7718328e+04  -4.7233438e+04
   4.6900000e+01   3.5686809e+04  -5.6889988e+04
   4.7000000e+01   5.7478877e+03  -5.9158035e+04
   4.7100000e+01  -2.2847891e+04  -6.0521160e+04
   4.7200000e+01  -4.6684191e+04  -6.7087633e+04
   4.7300000e+01  -6.0183109e+04  -8.1283359e+04
   4.7400000e+01  -6.0243961e+04  -1.0028030e+05
   4.7500000e+01  -4.9577805e+04  -1.1737116e+05
   4.7600000e+01  -3.5506586e+04  -1.2603673e+05
   4.7700000e+01  -2.4858730e+04  -1.2404816e+05
   4.7800000e+01  -1.9238807e+04  -1.1445542e+05
   4.7900000e+01  -1.4782608e+04  -1.0302324e+05
   4.8000000e+01  -6.5400449e+03  -9.4676422e+04
   4.8100000e+01   6.4123984e+03  -9.1533453e+04
   4.8200000e+01   1.9491418e+04  -9.2960875e+04
   4.8300000e+01   2.5844539e+04  -9.6854875e+04
   4.8400000e+01   2.1450672e+04  -1.0154273e+05
   4.8500000e+01   7.9247500e+03  -1.0737181e+05
   4.8600000e+01  -8.9456875e+03  -1.1628462e+05
   4.8700000e+01  -2.3273264e+04  -1.2891462e+05
   4.8800000e+01  -3.2193258e+04  -1.4190869e+05
   4.8900000e+01  -3.5871129e+04  -1.4908262e+05
   4.9000000e+01  -3.5369332e+04  -1.4611195e+05
   4.9100000e+01  -3.0998621e+04  -1.3385923e+05
   4.9200000e+01  -2.2468182e+04  -1.1633968e+05
   4.9300000e+01  -9.8573857e+03  -9.5390242e+04
   4.9400000e+01   5.9091729e+03  -6.8093125e+04
   4.9500000e+01   2.2816793e+04  -2.9968195e+04
   4.9600000e+01   3.6930281e+04   1.9496525e+04
   4.9700000e+01   4.2046434e+04   7.4859047e+04
   4.9800000e+01   3.2266658e+04   1.2832063e+05
   4.9900000e+01   7.2805742e+03   1.7537359e+05
   5.0000000e+01  -2.4487809e+04   2.1725088e+05
   5.0100000e+01  -4.9851168e+04   2.5817097e+05
   5.0200000e+01  -6.0244680e+04   3.0018112e+05
   5.0300000e+01  -5.8109328e+04   3.4043303e+05
   5.0400000e+01  -5.3716023e+04   3.7320725e+05
   5.0500000e+01  -5.5387305e+04   3.9431181e+05
   5.0600000e+01  -6.2745430e+04   4.0333591e+05
   5.0700000e+01  -6.8930766e+04   4.0196247e+05
   5.0800000e+01  -6.8307625e+04   3.9101809e+05
   5.0900000e+01  -6.1588121e+04   3.6988909e+05
   5.1000000e+01  -5.4353219e+04   3.3840656e+05
   5.1100000e+01  -5.1725738e+04   2.9798872e+05
   5.1200000e+01  -5.4480570e+04   2.5001456e+05
   5.1300000e+01  -5.9429902e+04   1.9343028e+05
   5.1400000e+01  -6.3085906e+04   1.2513652e+05
   5.1500000e+01  -6.5213766e+04   4.3698281e+04
   5.1600000e+01  -6.8967945e+04  -4.7041492e+04
   5.1700000e+01  -7.7134359e+04  -1.3821044e+05
   5.1800000e+01  -8.7970203e+04  -2.2021678e+05
   5.1900000e+01  -9.5239375e+04  -2.8757775e+05
   5.2000000e+01  -9.3048195e+04  -3.4031500e+05
   5.2100000e+01  -8.0775781e+04  -3.8106906e+05
   5.2200000e+01  -6.3108090e+04  -4.1085222e+05
   5.2300000e+01  -4.5634492e+04  -4.2744659e+05
   5.2400000e+01  -3.1103691e+04  -4.2772969e+05
   5.2500000e+01  -1.9725213e+04  -4.1111256e+05
   5.2600000e+01  -1.1544484e+04  -3.8006219e+05
   5.2700000e+01  -7.0156230e+03  -3.3712031e+05
   5.2800000e+01  -5.3637305e+03  -2.8235375e+05
   5.2900000e+01  -3.7747480e+03  -2.1514388e+05
   5.3000000e+01   9.2948047e+02  -1.3881953e+05
   5.3100000e+01   1.0312159e+04  -6.2145879e+04
   5.3200000e+01   2.4733176e+04   5.5542124e+03
   5.3300000e+01   4.5232594e+04   6.1176387e+04
   5.3400000e+01   7.3505680e+04   1.0877453e+05
   5.3500000e+01   1.0908032e+05   1.5295905e+05
   5.3600000e+01   1.4705844e+05   1.9172364e+05
   5.3700000e+01   1.7990991e+05   2.1650847e+05
   5.3800000e+01   2.0227853e+05   2.1919728e+05
   5.3900000e+01   2.1413148e+05   1.9843386e+05
   5.4000000e+01   2.1923334e+05   1.5937003e+05
   5.4100000e+01   2.2078903e+05   1.0869630e+05
   5.4200000e+01   2.1871469e+05   5.1064832e+04
   5.4300000e+01   2.1095658e+05  -1.0092002e+04
   5.4400000e+01   1.9708984e+05  -6.9831852e+04
   5.4500000e+01   1.8015028e+05  -1.2113134e+05
   5.4600000e+01   1.6431823e+05  -1.5760977e+05
   5.4700000e+01   1.5035941e+05  -1.7707380e+05
   5.4800000e+01   1.3370331e+05  -1.8238378e+05
   5.4900000e+01   1.0811648e+05  -1.7827134e+05
   5.5000000e+01   7.2102562e+04  -1.6644903e+05
   5.5100000e+01   3.1511969e+04  -1.4352494e+05
   5.5200000e+01  -4.7995977e+03  -1.0409061e+05
   5.5300000e+01  -3.2107836e+04  -4.6154539e+04
   5.5400000e+01  -5.2603246e+04   2.6552613e+04
   5.5500000e+01  -7.1513688e+04   1.0723347e+05
   5.5600000e+01  -9.1207219e+04   1.8958170e+05
   5.5700000e+01  -1.0924427e+05   2.6766838e+05
   5.5800000e+01  -1.2148364e+05   3.3338906e+05
   5.5900000e+01  -1.2638507e+05   3.7692222e+05
   5.6000000e+01  -1.2638964e+05   3.9198541e+05
   5.6100000e+01  -1.2570817e+05   3.8061631e+05
   5.6200000e+01  -1.2702251e+05   3.5142244e+05
   5.6300000e+01  -1.3001130e+05   3.1242353e+05
   5.6400000e+01  -1.3254389e+05   2.6581628e+05
   5.6500000e+01  -1.3293280e+05   2.0951667e+05
   5.6600000e+01  -1.3105372e+05   1.4258512e+05
   5.6700000e+01  -1.2783108e+05   6.8133594e+04
   5.6800000e+01  -1.2438495e+05  -8.6430723e+03
   5.6900000e+01  -1.2184162e+05  -8.3993625e+04
   5.7000000e+01  -1.2123389e+05  -1.5657869e+05
   5.7100000e+01  -1.2272416e+05  -2.2538158e+05
   5.7200000e+01  -1.2493819e+05  -2.8710488e+05
   5.7300000e+01  -1.2584398e+05  -3.3544147e+05
   5.7400000e+01  -1.2482850e+05  -3.6275178e+05
   5.7500000e+01  -1.2365590e+05  -3.6322272e+05
   5.7600000e+01  -1.2474608e+05  -3.3588525e+05
   5.7700000e+01  -1.2804993e+05  -2.8578050e+05
   5.7800000e+01  -1.2943682e+05  -2.2243220e+05
   5.7900000e+01  -1.2228653e+05  -1.5644205e+05
   5.8000000e+01  -1.0133004e+05  -9.6141398e+04
   5.8100000e+01  -6.5993914e+04  -4.5854445e+04
   5.8200000e+01  -2.0744348e+04  -6.1764644e+03
   5.8300000e+01   2.7823330e+04   2.4110248e+04
   5.8400000e+01   7.4564523e+04   4.5364734e+04
   5.8500000e+01   1.1678298e+05   5.5390512e+04
   5.8600000e+01   1.5236095e+05   5.0765492e+04
   5.8700000e+01   1.7841905e+05   3.1268205e+04
   5.8800000e+01   1.9332030e+05   3.7516621e+03
   5.8900000e+01   1.9982138e+05  -1.9565307e+04
   5.9000000e+01   2.0419597e+05  -2.9120449e+04
   5.9100000e+01   2.1030489e+05  -2.5946219e+04
   5.9200000e+01   2.1454141e+05  -2.1111109e+04
   5.9300000e+01   2.0804025e+05  -2.5543250e+04
   5.9400000e+01   1.8473053e+05  -3.9317148e+04
   5.9500000e+01   1.4696248e+05  -5.1098371e+04
   5.9600000e+01   1.0314867e+05  -4.8374734e+04
   5.9700000e+01   6.0782273e+04  -2.7904391e+04
   5.9800000e+01   2.2465529e+04   3.7996357e+03
   5.9900000e+01  -1.2119771e+04   3.8681910e+04
   6.0000000e+01  -4.2252246e+04   7.3840188e+04
   6.0100000e+01  -6.5181195e+04   1.1006355e+05
   6.0200000e+01  -7.8554484e+04   1.4614772e+05
   6.0300000e+01  -8.2936539e+04   1.7716530e+05
   6.0400000e+01  -8.1593492e+04   1.9856473e+05
   6.0500000e+01  -7.7721078e+04   2.1023714e+05
   6.0600000e+01  -7.1678125e+04   2.1524289e+05
   6.0700000e+01  -6.0995859e+04   2.1506545e+05
   6.0800000e+01  -4.3662535e+04   2.0750942e+05
   6.0900000e+01  -2.1742930e+04   1.8981678e+05
   6.1000000e+01  -1.2594854e+03   1.6316209e+05
   6.1100000e+01   1.2216768e+04   1.3309542e+05
   6.1200000e+01   1.7819029e+04   1.0521434e+05
   6.1300000e+01   1.8841811e+04   8.0750477e+04
   6.1400000e+01   1.8345270e+04   5.6862930e+04
   6.1500000e+01   1.6365678e+04   3.1211584e+04
   6.1600000e+01   1.1700982e+04   5.6182480e+03
   6.1700000e+01   5.1423438e+03  -1.5330758e+04
   6.1800000e+01  -4.3647656e+02  -2.9126166e+04
   6.1900000e+01  -2.9711602e+03  -3.8088414e+04
   6.2000000e+01  -2.9789824e+03  -4.6925477e+04
   6.2100000e+01  -2.2222383e+03  -5.7820758e+04
   6.2200000e+01  -1.7200293e+03  -6.8265406e+04
   6.2300000e+01  -1.8077656e+03  -7.3621430e+04
   6.2400000e+01  -3.2680703e+03  -7.1674469e+04
   6.2500000e+01  -6.9418574e+03  -6.5185789e+04
   6.2600000e+01  -1.1986850e+04  -6.0847875e+04
   6.2700000e+01  -1.5570301e+04  -6.5856406e+04
   6.2800000e+01  -1.5111016e+04  -8.4424422e+04
   6.2900000e+01  -1.0591871e+04  -1.1613823e+05
   6.3000000e+01  -4.1140156e+03  -1.5670517e+05
   6.3100000e+01   2.7077537e+03  -1.9999909e+05
   6.3200000e+01   1.0223080e+04  -2.3969675e+05
   6.3300000e+01   1.9169752e+04  -2.7002803e+05
   6.3400000e+01   2.7733939e+04  -2.8667831e+05
   6.3500000e+01   3.0727820e+04  -2.8837231e+05
   6.3600000e+01   2.2547723e+04  -2.7765666e+05
   6.3700000e+01   1.9092461e+03  -2.5906630e+05
   6.3800000e+01  -2.5841695e+04  -2.3541366e+05
   6.3900000e+01  -5.1507703e+04  -2.0542019e+05
   6.4000000e+01  -6.8155453e+04  -1.6502727e+05
   6.4100000e+01  -7.5499719e+04  -1.1128835e+05
   6.4200000e+01  -7.8913391e+04  -4.5503688e+04
   6.4300000e+01  -8.4478117e+04   2.6749586e+04
   6.4400000e+01  -9.4788641e+04   9.8284477e+04
   6.4500000e+01  -1.0834473e+05   1.6336562e+05
   6.4600000e+01  -1.2122027e+05   2.1909939e+05
   6.4700000e+01  -1.2854398e+05   2.6488703e+05
   6.4800000e+01  -1.2563467e+05   3.0128944e+05
   6.4900000e+01  -1.0998599e+05   3.2947644e+05
   6.5000000e+01  -8.3381844e+04   3.5081997e+05
   6.5100000e+01  -5.1578590e+04   3.6556091e+05
   6.5200000e+01  -2.0874711e+04   3.7117725e+05
   6.5300000e+01   5.5101797e+03   3.6284106e+05
   6.5400000e+01   2.8028842e+04   3.3684834e+05
   6.5500000e+01   4.8742199e+04   2.9410397e+05
   6.5600000e+01   6.9575016e+04   2.3970175e+05
   6.5700000e+01   9.2202250e+04   1.7866509e+05
   6.5800000e+01   1.1783992e+05   1.1248609e+05
   6.5900000e+01   1.4549241e+05   4.0240996e+04
   6.6000000e+01   1.7039633e+05  -3.7414473e+04
   6.6100000e+01   1.8560761e+05  -1.1632902e+05
   6.6200000e+01   1.8652030e+05  -1.9105053e+05
   6.6300000e+01   1.7427228e+05  -2.5804384e+05
   6.6400000e+01   1.5453584e+05  -3.1596094e+05
   6.6500000e+01   1.3290439e+05  -3.6302969e+05
   6.6600000e+01   1.1157128e+05  -3.9526019e+05
   6.6700000e+01   9.0225406e+04  -4.0809569e+05
   6.6800000e+01   6.9245648e+04  -3.9996416e+05
   6.6900000e+01   5.1058035e+04  -3.7384044e+05
   6.7000000e+01   3.8226594e+04  -3.3487097e+05
   6.7100000e+01   3.0839043e+04  -2.8616469e+05
   6.7200000e+01   2.6253699e+04  -2.2687123e+05
   6.7300000e+01   2.1253320e+04  -1.5451891e+05
   6.7400000e+01   1.4244592e+04  -6.9268078e+04
   6.7500000e+01   5.8910977e+03   2.4289312e+04
   6.7600000e+01  -1.4457224e+03   1.1944477e+05
   6.7700000e+01  -4.7177710e+03   2.1080977e+05
   6.7800000e+01  -1.7356885e+03   2.9480469e+05
   6.7900000e+01   6.9866504e+03   3.6716284e+05
   6.8000000e+01   1.7641465e+04   4.2154331e+05
   6.8100000e+01   2.5023617e+04   4.5208756e+05
   6.8200000e+01   2.5602885e+04   4.5749750e+05
   6.8300000e+01   1.8862428e+04   4.4178088e+05
   6.8400000e+01   5.8494238e+03   4.1048088e+05
   6.8500000e+01  -1.2967702e+04   3.6636569e+05
   6.8600000e+01  -3.8025000e+04   3.0891925e+05
   6.8700000e+01  -6.9256500e+04   2.3756812e+05
   6.8800000e+01  -1.0501943e+05   1.5487598e+05
   6.8900000e+01  -1.4250294e+05   6.6579305e+04
   6.9000000e+01  -1.7878214e+05  -2.1339617e+04
   6.9100000e+01  -2.1127680e+05  -1.0577302e+05
   6.9200000e+01  -2.3749406e+05  -1.8685053e+05
   6.9300000e+01  -2.5476084e+05  -2.6476266e+05
   6.9400000e+01  -2.6054953e+05  -3.3566844e+05
   6.9500000e+01  -2.5355791e+05  -3.9109525e+05
   6.9600000e+01  -2.3508577e+05  -4.2252406e+05
   6.9700000e+01  -2.0940119e+05  -4.2725519e+05
   6.9800000e+01  -1.8182669e+05  -4.0940388e+05
   6.9900000e+01  -1.5523281e+05  -3.7463275e+05
   7.0000000e+01  -1.2799143e+05  -3.2421853e+05
   7.0100000e+01  -9.5952453e+04  -2.5503336e+05
   7.0200000e+01  -5.7167664e+04  -1.6556133e+05
   7.0300000e+01  -1.4864627e+04  -6.1563508e+04
   7.0400000e+01   2.4385109e+04   4.4428039e+04
   7.0500000e+01   5.5487020e+04   1.3918116e+05
   7.0600000e+01   7.7912133e+04   2.1470697e+05
   7.0700000e+01   9.4540586e+04   2.6931488e+05
   7.0800000e+01   1.0829306e+05   3.0413769e+05
   7.0900000e+01   1.2025092e+05   3.1947884e+05
   7.1000000e+01   1.3038509e+05   3.1465756e+05
   7.1100000e+01   1.3885978e+05   2.9067709e+05
   7.1200000e+01   1.4599027e+05   2.5165845e+05
   7.1300000e+01   1.5150548e+05   2.0246952e+05
   7.1400000e+01   1.5485447e+05   1.4491678e+05
   7.1500000e+01   1.5636645e+05   7.7330797e+04
   7.1600000e+01   1.5720867e+05  -1.1805198e+03
   7.1700000e+01   1.5746467e+05  -8.6218719e+04
   7.1800000e+01   1.5470980e+05  -1.6846503e+05
   7.1900000e+01   1.4569930e+05  -2.3866538e+05
   7.2000000e+01   1.3017314e+05  -2.9190206e+05
   7.2100000e+01   1.1266577e+05  -3.2717231e+05
   7.2200000e+01   9.9764523e+04  -3.4411109e+05
   7.2300000e+01   9.4941000e+04  -3.4173725e+05
   7.2400000e+01   9.5588547e+04  -3.2087072e+05
   7.2500000e+01   9.4790703e+04  -2.8657100e+05
   7.2600000e+01   8.6288688e+04  -2.4622492e+05
   7.2700000e+01   6.8893234e+04  -2.0399619e+05
   7.2800000e+01   4.7226891e+04  -1.5746008e+05
   7.2900000e+01   2.8114367e+04  -1.0103855e+05
   7.3000000e+01   1.4990888e+04  -3.3727246e+04
   7.3100000e+01   4.8159492e+03   3.6776234e+04
   7.3200000e+01  -9.1656797e+03   9.8398664e+04
   7.3300000e+01  -3.0402930e+04   1.4347759e+05
   7.3400000e+01  -5.4134312e+04   1.7323830e+05
   7.3500000e+01  -7.0046688e+04   1.9419491e+05
   7.3600000e+01  -7.0848086e+04   2.1155444e+05
   7.3700000e+01  -5.8725367e+04   2.2681836e+05
   7.3800000e+01  -4.3287484e+04   2.4027728e+05
   7.3900000e+01  -3.3153020e+04   2.5298927e+05
   7.4000000e+01  -2.9725035e+04   2.6490284e+05
   7.4100000e+01  -2.8880887e+04   2.7238809e+05
   7.4200000e+01  -2.7567371e+04   2.7001525e+05
   7.4300000e+01  -2.7504715e+04   2.5572270e+05
   7.4400000e+01  -3.2363139e+04   2.3341255e+05
   7.4500000e+01  -4.2485438e+04   2.0944033e+05
   7.4600000e+01  -5.3549180e+04   1.8641661e+05
   7.4700000e+01  -6.0515969e+04   1.6071244e+05
   7.4800000e+01  -6.2309926e+04   1.2602240e+05
   7.4900000e+01  -6.2449773e+04   7.9418219e+04
   7.5000000e+01  -6.5590000e+04   2.4619414e+04
   7.5100000e+01  -7.3714375e+04  -2.9723426e+04
   7.5200000e+01  -8.5047133e+04  -7.4866109e+04
   7.5300000e+01  -9.5609117e+04  -1.0621608e+05
   7.5400000e+01  -1.0151975e+05  -1.2427958e+05
   7.5500000e+01  -1.0064202e+05  -1.3238061e+05
   7.5600000e+01  -9.3298750e+04  -1.3373958e+05
   7.5700000e+01  -8.2114883e+04  -1.3054750e+05
   7.5800000e+01  -7.0830992e+04  -1.2499180e+05
   7.5900000e+01  -6.2177832e+04  -1.1967256e+05
   7.6000000e+01  -5.5862711e+04  -1.1574655e+05
   7.6100000e+01  -4.8473711e+04  -1.1068959e+05
   7.6200000e+01  -3.6245551e+04  -9.9183555e+04
   7.6300000e+01  -1.8972605e+04  -7.7588156e+04
   7.6400000e+01  -1.2597368e+03  -4.7952949e+04
   7.6500000e+01   1.1029085e+04  -1.7229414e+04
   7.6600000e+01   1.6210901e+04   7.8072905e+03
   7.6700000e+01   1.8167496e+04   2.4855361e+04
   7.6800000e+01   2.1461881e+04   3.5646008e+04
   7.6900000e+01   2.5421584e+04   4.2247172e+04
   7.7000000e+01   2.4624166e+04   4.4860051e+04
   7.7100000e+01   1.6232688e+04   4.3261742e+04
   7.7200000e+01   5.9391172e+03   3.9106328e+04
   7.7300000e+01   4.7469961e+03   3.5203973e+04
   7.7400000e+01   1.8923934e+04   3.1903605e+04
   7.7500000e+01   4.3633320e+04   2.4802701e+04
   7.7600000e+01   6.7164289e+04   7.1634531e+03
   7.7700000e+01   8.1280891e+04  -2.4518637e+04
   7.7800000e+01   8.7028781e+04  -6.6889344e+04
   7.7900000e+01   9.0950500e+04  -1.1149241e+05
   7.8000000e+01   9.7053148e+04  -1.5031559e+05
   7.8100000e+01   1.0339393e+05  -1.8024659e+05
   7.8200000e+01   1.0586197e+05  -2.0302559e+05
   7.8300000e+01   1.0363271e+05  -2.2165175e+05
   7.8400000e+01   9.9801641e+04  -2.3703639e+05
   7.8500000e+01   9.7015758e+04  -2.4755683e+05
   7.8600000e+01   9.3723328e+04  -2.5086117e+05
   7.8700000e+01   8.5505758e+04  -2.4546211e+05
   7.8800000e+01   6.9718188e+04  -2.3079811e+05
   7.8900000e+01   4.7878109e+04  -2.0653377e+05
   7.9000000e+01   2.3259188e+04  -1.7238595e+05
   7.9100000e+01  -2.8528496e+03  -1.2864313e+05
   7.9200000e+01  -3.1216652e+04  -7.6658734e+04
   7.9300000e+01  -6.0877523e+04  -1.8877213e+04
   7.9400000e+01  -8.6756766e+04   4.1463363e+04
   7.9500000e+01  -1.0255681e+05   1.0077848e+05
   7.9600000e+01  -1.0637273e+05   1.5572342e+05
   7.9700000e+01  -1.0256203e+05   2.0370603e+05
   7.9800000e+01  -9.7408359e+04   2.4289302e+05
   7.9900000e+01  -9.3302930e+04   2.7162712e+05
   8.0000000e+01  -8.7794344e+04   2.8785200e+05
   8.0100000e+01  -7.8008992e+04   2.8937312e+05
   8.0200000e+01  -6.4878469e+04   2.7522662e+05
   8.0300000e+01  -5.2471609e+04   2.4742139e+05
   8.0400000e+01  -4.3822305e+04   2.1156220e+05
   8.0500000e+01  -3.8298094e+04   1.7513030e+05
   8.0600000e+01  -3.3032125e+04   1.4391917e+05
   8.0700000e+01  -2.6209623e+04   1.1919161e+05
   8.0800000e+01  -1.8600125e+04   9.8225031e+04
   8.0900000e+01  -1.2196185e+04   7.8080281e+04
   8.1000000e+01  -7.6776587e+03   5.9107902e+04
   8.1100000e+01  -3.1765645e+03   4.4703074e+04
   8.1200000e+01   4.4078164e+03   3.7686008e+04
   8.1300000e+01   1.6472742e+04   3.7437426e+04
   8.1400000e+01   3.0920734e+04   4.1229141e+04
   8.1500000e+01   4.3821797e+04   4.8469137e+04
   8.1600000e+01   5.3426570e+04   6.2818820e+04
   8.1700000e+01   6.2185586e+04   8.8697625e+04
   8.1800000e+01   7.3797844e+04   1.2455277e+05
   8.1900000e+01   8.7860297e+04   1.5965395e+05
   8.2000000e+01   9.8155266e+04   1.7904478e+05
   8.2100000e+01   9.7268797e+04   1.7374373e+05
   8.2200000e+01   8.3406797e+04   1.4740762e+05
   8.2300000e+01   6.2709004e+04   1.1291034e+05
   8.2400000e+01   4.4833141e+04   8.1377297e+04
   8.2500000e+01   3.5978930e+04   5.3395219e+04
   8.2600000e+01   3.5296691e+04   1.9986148e+04
   8.2700000e+01   3.6870027e+04  -2.8380879e+04
   8.2800000e+01   3.4608516e+04  -9.3377102e+04
   8.2900000e+01   2.5813402e+04  -1.6764572e+05
   8.3000000e+01   1.1394635e+04  -2.3995677e+05
   8.3100000e+01  -6.0599873e+03  -3.0104931e+05
   8.3200000e+01  -2.3975250e+04  -3.4628947e+05
   8.3300000e+01  -4.0263570e+04  -3.7545475e+05
   8.3400000e+01  -5.3440492e+04  -3.9135819e+05
   8.3500000e+01  -6.3180641e+04  -3.9771747e+05
   8.3600000e+01  -7.0639266e+04  -3.9631703e+05
   8.3700000e+01  -7.7492688e+04  -3.8515156e+05
   8.3800000e+01  -8.4235125e+04  -3.5989134e+05
   8.3900000e+01  -8.9559492e+04  -3.1839238e+05
   8.4000000e+01  -9.1557422e+04  -2.6440062e+05
   8.4100000e+01  -8.9331406e+04  -2.0646305e+05
   8.4200000e+01  -8.3334914e+04  -1.5228620e+05
   8.4300000e+01  -7.4592906e+04  -1.0336183e+05
   8.4400000e+01  -6.4183664e+04  -5.4837113e+04
   8.4500000e+01  -5.3392641e+04  -9.0966992e+02
   8.4600000e+01  -4.3549102e+04   5.9082008e+04
   8.4700000e+01  -3.5001559e+04   1.1925367e+05
   8.4800000e+01  -2.6333676e+04   1.7130009e+05
   8.4900000e+01  -1.5210490e+04   2.0994297e+05
   8.5000000e+01  -4.4658398e+02   2.3492583e+05
   8.5100000e+01   1.6810398e+04   2.4881527e+05
   8.5200000e+01   3.4215266e+04   2.5378052e+05
   8.5300000e+01   5.0585977e+04   2.5038381e+05
   8.5400000e+01   6.6810859e+04   2.3841883e+05
   8.5500000e+01   8.4006039e+04   2.1807056e+05
   8.5600000e+01   1.0083399e+05   1.9059789e+05
   8.5700000e+01   1.1341575e+05   1.5894411e+05
   8.5800000e+01   1.1885645e+05   1.2812070e+05
   8.5900000e+01   1.1908852e+05   1.0425709e+05
   8.6000000e+01   1.2035957e+05   9.2055648e+04
   8.6100000e+01   1.2759845e+05   9.2294969e+04
   8.6200000e+01   1.3849623e+05   1.0135724e+05
   8.6300000e+01   1.4328975e+05   1.1303559e+05
   8.6400000e+01   1.3122383e+05   1.2129689e+05
   8.6500000e+01   9.8475680e+04   1.2266506e+05
   8.6600000e+01   5.1110863e+04   1.1741239e+05
   8.6700000e+01   1.1300684e+03   1.0878502e+05
   8.6800000e+01  -4.0858641e+04   1.0005591e+05
   8.6900000e+01  -7.0943070e+04   9.1146086e+04
   8.7000000e+01  -9.2030359e+04   7.7919867e+04
   8.7100000e+01  -1.0951970e+05   5.5428668e+04
   8.7200000e+01  -1.2616884e+05   2.2456902e+04
   8.7300000e+01  -1.4010267e+05  -1.6877057e+04
   8.7400000e+01  -1.4723458e+05  -5.5836379e+04
   8.7500000e+01  -1.4550273e+05  -8.9309539e+04
   8.7600000e+01  -1.3674511e+05  -1.1592522e+05
   8.7700000e+01  -1.2463891e+05  -1.3715548e+05
   8.7800000e+01  -1.1138441e+05  -1.5526744e+05
   8.7900000e+01  -9.6986422e+04  -1.7199625e+05
   8.8000000e+01  -8.1642953e+04  -1.8810748e+05
   8.8100000e+01  -6.7843023e+04  -2.0304631e+05
   8.8200000e+01  -5.9040461e+04  -2.1438722e+05
   8.8300000e+01  -5.5982773e+04  -2.1779467e+05
   8.8400000e+01  -5.4930945e+04  -2.0847022e+05
   8.8500000e+01  -5.0268152e+04  -1.8403569e+05
   8.8600000e+01  -3.9227691e+04  -1.4698077e+05
   8.8700000e+01  -2.4048428e+04  -1.0408537e+05
   8.8800000e+01  -9.5272891e+03  -6.2374781e+04
   8.8900000e+01   1.2693438e+03  -2.4844965e+04
   8.9000000e+01   8.7353770e+03   9.8736660e+03
   8.9100000e+01   1.4694057e+04   4.3648664e+04
   8.9200000e+01   1.9656666e+04   7.5264930e+04
   8.9300000e+01   2.2843469e+04   1.0128149e+05
   8.9400000e+01   2.4703398e+04   1.2002535e+05
   8.9500000e+01   2.8376293e+04   1.3352523e+05
   8.9600000e+01   3.7695781e+04   1.4479383e+05
   8.9700000e+01   5.3511773e+04   1.5365188e+05
   8.9800000e+01   7.2271508e+04   1.5609117e+05
   8.9900000e+01   8.8427703e+04   1.4808522e+05
   9.0000000e+01   9.8261664e+04   1.2993011e+05
   9.0100000e+01   1.0167177e+05   1.0684175e+05
   9.0200000e+01   1.0112434e+05   8.5275180e+04
   9.0300000e+01   9.9767805e+04   6.8153641e+04
   9.0400000e+01   1.0053656e+05   5.2950375e+04
   9.0500000e+01   1.0583206e+05   3.4247609e+04
   9.0600000e+01   1.1643121e+05   8.7201699e+03
   9.0700000e+01   1.2995783e+05  -2.1792199e+04
   9.0800000e+01   1.4107555e+05  -5.1889430e+04
   9.0900000e+01   1.4452347e+05  -7.7041023e+04
   9.1000000e+01   1.3884941e+05  -9.6109312e+04
   9.1100000e+01   1.2715655e+05  -1.0980864e+05
   9.1200000e+01   1.1377439e+05  -1.1811478e+05
   9.1300000e+01   9.9959297e+04  -1.2068211e+05
   9.1400000e+01   8.2778695e+04  -1.1962878e+05
   9.1500000e+01   5.8053359e+04  -1.2001008e+05
   9.1600000e+01   2.4399438e+04  -1.2584711e+05
   9.1700000e+01  -1.5037428e+04  -1.3568434e+05
   9.1800000e+01  -5.4025172e+04  -1.4307541e+05
   9.1900000e+01  -8.6428172e+04  -1.4194502e+05
   9.2000000e+01  -1.0918402e+05  -1.3131891e+05
   9.2100000e+01  -1.2351776e+05  -1.1502820e+05
   9.2200000e+01  -1.3357561e+05  -9.7669328e+04
   9.2300000e+01  -1.4326944e+05  -8.1280328e+04
   9.2400000e+01  -1.5380095e+05  -6.5146109e+04
   9.2500000e+01  -1.6382605e+05  -4.7615891e+04
   9.2600000e+01  -1.7144228e+05  -2.7816969e+04
   9.2700000e+01  -1.7550417e+05  -6.3289355e+03
   9.2800000e+01  -1.7537906e+05   1.5132684e+04
   9.2900000e+01  -1.7056261e+05   3.4761992e+04
   9.3000000e+01  -1.6102803e+05   5.1854086e+04
   9.3100000e+01  -1.4712672e+05   6.7214523e+04
   9.3200000e+01  -1.2838043e+05   8.2355672e+04
   9.3300000e+01  -1.0323844e+05   9.8164953e+04
   9.3400000e+01  -7.1742055e+04   1.1421168e+05
   9.3500000e+01  -3.8694918e+04   1.2925317e+05
   9.3600000e+01  -1.2434907e+04   1.4255783e+05
   9.3700000e+01   1.3316602e+03   1.5504936e+05
   9.3800000e+01   4.5605000e+03   1.6914419e+05
   9.3900000e+01   4.8651094e+03   1.8680811e+05
   9.4000000e+01   8.3000039e+03   2.0695286e+05
   9.4100000e+01   1.4680540e+04   2.2463631e+05
   9.4200000e+01   2.0050750e+04   2.3365697e+05
   9.4300000e+01   2.2789684e+04   2.3104334e+05
   9.4400000e+01   2.6359012e+04   2.1956858e+05
   9.4500000e+01   3.6025352e+04   2.0567688e+05
   9.4600000e+01   5.3332156e+04   1.9429195e+05
   9.4700000e+01   7.3985852e+04   1.8493319e+05
   9.4800000e+01   9.1241570e+04   1.7240866e+05
   9.4900000e+01   1.0173546e+05   1.5121962e+05
   9.5000000e+01   1.0839533e+05   1.1965337e+05
   9.5100000e+01   1.1755051e+05   8.0311734e+04
   9.5200000e+01   1.3289205e+05   3.7615516e+04
   9.5300000e+01   1.5238294e+05  -4.3881270e+03
   9.5400000e+01   1.7134600e+05  -4.1834219e+04
   9.5500000e+01   1.8801316e+05  -7.0141578e+04
   9.5600000e+01   2.0466956e+05  -8.5490047e+04
   9.5700000e+01   2.2263059e+05  -8.8498750e+04
   9.5800000e+01   2.3710388e+05  -8.5872953e+04
   9.5900000e+01   2.3883417e+05  -8.6697766e+04
   9.6000000e+01   2.2175647e+05  -9.5852031e+04
   9.6100000e+01   1.8879006e+05  -1.1089322e+05
   9.6200000e+01   1.4989498e+05  -1.2549182e+05
   9.6300000e+01   1.1482329e+05  -1.3554098e+05
   9.6400000e+01   8.7643844e+04  -1.4162856e+05
   9.6500000e+01   6.6697703e+04  -1.4628959e+05
   9.6600000e+01   4.7809312e+04  -1.5027480e+05
   9.6700000e+01   2.7280871e+04  -1.5219564e+05
   9.6800000e+01   3.7969160e+03  -1.5108669e+05
   9.6900000e+01  -2.0437082e+04  -1.4806445e+05
   9.7000000e+01  -4.0398191e+04  -1.4497894e+05
   9.7100000e+01  -5.1817996e+04  -1.4190067e+05
   9.7200000e+01  -5.5360992e+04  -1.3664909e+05
   9.7300000e+01  -5.6959273e+04  -1.2723827e+05
   9.7400000e+01  -6.3041090e+04  -1.1490532e+05
   9.7500000e+01  -7.5064703e+04  -1.0447216e+05
   9.7600000e+01  -8.8883586e+04  -1.0101025e+05
   9.7700000e+01  -9.9278844e+04  -1.0534162e+05
   9.7800000e+01  -1.0465792e+05  -1.1259663e+05
   9.7900000e+01  -1.0750085e+05  -1.1570548e+05
   9.8000000e+01  -1.1113316e+05  -1.1095038e+05
   9.8100000e+01  -1.1656156e+05  -1.0038270e+05
   9.8200000e+01  -1.2175550e+05  -8.8978609e+04
   9.8300000e+01  -1.2305438e+05  -7.9810320e+04
   9.8400000e+01  -1.1758959e+05  -7.2151016e+04
   9.8500000e+01  -1.0583937e+05  -6.3634445e+04
   9.8600000e+01  -9.2666938e+04  -5.3263719e+04
   9.8700000e+01  -8.4766312e+04  -4.2195555e+04
   9.8800000e+01  -8.5055023e+04  -3.2578453e+04
   9.8900000e+01  -8.8698375e+04  -2.6375467e+04
   9.9000000e+01  -8.5618438e+04  -2.4654922e+04
   9.9100000e+01  -6.8464695e+04  -2.6620574e+04
   9.9200000e+01  -3.8877906e+04  -2.8848047e+04
   9.9300000e+01  -6.0179326e+03  -2.6424797e+04
   9.9400000e+01   2.0766398e+04  -1.6183294e+04
   9.9500000e+01   3.7498520e+04   5.1221289e+02
   9.9600000e+01   4.4790434e+04   1.8243570e+04
   9.9700000e+01   4.3836949e+04   3.1276967e+04
   9.9800000e+01   3.4896039e+04   3.7475594e+04
   9.9900000e+01   1.8909850e+04   3.8829863e+04
   1.0000000e+02  -1.4432058e+03   3.8406574e+04
