   1.1851270e+02   3.6301420e+01   1.8450000e+02
   1.1915265e+02   3.6704404e+01   6.0700000e+01
   0.0000000e+00   1.3999005e+06   1.3999005e+06
   1.0000000e-01   1.2635506e+06   1.4919761e+06
   2.0000000e-01   1.0936600e+06   1.5405694e+06
   3.0000000e-01   9.0760438e+05   1.5543472e+06
   4.0000000e-01   7.2017350e+05   1.5410380e+06
   5.0000000e-01   5.3764531e+05   1.5014366e+06
   6.0000000e-01   3.5944400e+05   1.4312071e+06
   7.0000000e-01   1.8484712e+05   1.3277818e+06
   8.0000000e-01   1.8094430e+04   1.1950851e+06
   9.0000000e-01  -1.3267784e+05   1.0419312e+06
   1.0000000e+00  -2.6110181e+05   8.7685662e+05
   1.1000000e+00  -3.6688978e+05   7.0509575e+05
   1.2000000e+00  -4.5456166e+05   5.2973506e+05
   1.3000000e+00  -5.2840406e+05   3.5391316e+05
   1.4000000e+00  -5.8940200e+05   1.8063431e+05
   1.5000000e+00  -6.3735738e+05   1.1046383e+04
   1.6000000e+00  -6.7525131e+05  -1.5523406e+05
   1.7000000e+00  -7.1014662e+05  -3.1684841e+05
   1.8000000e+00  -7.4865506e+05  -4.6819628e+05
   1.9000000e+00  -7.9102262e+05  -6.0164338e+05
   2.0000000e+00  -8.2966831e+05  -7.1319912e+05
   2.1000000e+00  -8.5400875e+05  -8.0592119e+05
   2.2000000e+00  -8.5789706e+05  -8.8718712e+05
   2.3000000e+00  -8.4396506e+05  -9.6244938e+05
   2.4000000e+00  -8.2162769e+05  -1.0318258e+06
   2.5000000e+00  -8.0016312e+05  -1.0926804e+06
   2.6000000e+00  -7.8189212e+05  -1.1448900e+06
   2.7000000e+00  -7.6078938e+05  -1.1929028e+06
   2.8000000e+00  -7.2800494e+05  -1.2423478e+06
   2.9000000e+00  -6.8001256e+05  -1.2945874e+06
   3.0000000e+00  -6.2228481e+05  -1.3444532e+06
   3.1000000e+00  -5.6498600e+05  -1.3831591e+06
   3.2000000e+00  -5.1443934e+05  -1.4035899e+06
   3.3000000e+00  -4.6799591e+05  -1.4031739e+06
   3.4000000e+00  -4.1637419e+05  -1.3820048e+06
   3.5000000e+00  -3.5050862e+05  -1.3384502e+06
   3.6000000e+00  -2.6668656e+05  -1.2669184e+06
   3.7000000e+00  -1.6667064e+05  -1.1602872e+06
   3.8000000e+00  -5.4320602e+04  -1.0146130e+06
   3.9000000e+00   6.7873148e+04  -8.3137175e+05
   4.0000000e+00   2.0014533e+05  -6.1541988e+05
   4.1000000e+00   3.4415928e+05  -3.7177641e+05
   4.2000000e+00   4.9962297e+05  -1.0544394e+05
   4.3000000e+00   6.6072825e+05   1.7560394e+05
   4.4000000e+00   8.1537831e+05   4.5832741e+05
   4.5000000e+00   9.4885706e+05   7.2664125e+05
   4.6000000e+00   1.0499612e+06   9.6611244e+05
   4.7000000e+00   1.1151359e+06   1.1672109e+06
   4.8000000e+00   1.1477872e+06   1.3251851e+06
   4.9000000e+00   1.1540468e+06   1.4384334e+06
   5.0000000e+00   1.1384984e+06   1.5080221e+06
   5.1000000e+00   1.1021366e+06   1.5383760e+06
   5.2000000e+00   1.0425806e+06   1.5369519e+06
   5.3000000e+00   9.5588138e+05   1.5115481e+06
   5.4000000e+00   8.3941806e+05   1.4666522e+06
   5.5000000e+00   6.9478081e+05   1.4018019e+06
   5.6000000e+00   5.2865656e+05   1.3136374e+06
   5.7000000e+00   3.5068741e+05   1.2004386e+06
   5.8000000e+00   1.6993831e+05   1.0657890e+06
   5.9000000e+00  -7.0464248e+03   9.1852062e+05
   6.0000000e+00  -1.7545088e+05   7.6894975e+05
   6.1000000e+00  -3.3052712e+05   6.2435338e+05
   6.2000000e+00  -4.6753756e+05   4.8707003e+05
   6.3000000e+00  -5.8337912e+05   3.5617256e+05
   6.4000000e+00  -6.7768738e+05   2.3062659e+05
   6.5000000e+00  -7.5181044e+05   1.1099782e+05
   6.6000000e+00  -8.0670231e+05  -1.3741152e+03
   6.7000000e+00  -8.4223725e+05  -1.0626272e+05
   6.8000000e+00  -8.5890062e+05  -2.0515984e+05
   6.9000000e+00  -8.5995419e+05  -2.9971262e+05
   7.0000000e+00  -8.5118025e+05  -3.8943034e+05
   7.1000000e+00  -8.3758738e+05  -4.7111034e+05
   7.2000000e+00  -8.1979431e+05  -5.4107912e+05
   7.3000000e+00  -7.9364781e+05  -5.9859962e+05
   7.4000000e+00  -7.5375162e+05  -6.4726531e+05
   7.5000000e+00  -6.9777794e+05  -6.9267625e+05
   7.6000000e+00  -6.2771569e+05  -7.3814538e+05
   7.7000000e+00  -5.4740250e+05  -7.8223994e+05
   7.8000000e+00  -4.5934303e+05  -8.2033525e+05
   7.9000000e+00  -3.6403378e+05  -8.4850981e+05
   8.0000000e+00  -2.6190566e+05  -8.6590900e+05
   8.1000000e+00  -1.5523822e+05  -8.7340575e+05
   8.2000000e+00  -4.7844578e+04  -8.7016319e+05
   8.3000000e+00   5.7006250e+04  -8.5172094e+05
   8.4000000e+00   1.5815838e+05  -8.1164662e+05
   8.5000000e+00   2.5607302e+05  -7.4532950e+05
   8.6000000e+00   3.5085525e+05  -6.5261875e+05
   8.7000000e+00   4.4084550e+05  -5.3731544e+05
   8.8000000e+00   5.2333653e+05  -4.0461409e+05
   8.9000000e+00   5.9687675e+05  -2.5939339e+05
   9.0000000e+00   6.6259581e+05  -1.0700076e+05
   9.1000000e+00   7.2224781e+05   4.4862391e+04
   9.2000000e+00   7.7392612e+05   1.8610702e+05
   9.3000000e+00   8.0989781e+05   3.0716469e+05
   9.4000000e+00   8.2045038e+05   4.0243631e+05
   9.5000000e+00   8.0194631e+05   4.7080516e+05
   9.6000000e+00   7.6171262e+05   5.1269478e+05
   9.7000000e+00   7.1373275e+05   5.2701862e+05
   9.8000000e+00   6.6771881e+05   5.1159194e+05
   9.9000000e+00   6.2165350e+05   4.6671822e+05
   1.0000000e+01   5.6563075e+05   3.9812741e+05
   1.0100000e+01   4.9389628e+05   3.1616056e+05
   1.0200000e+01   4.1338109e+05   2.3186680e+05
   1.0300000e+01   3.4005794e+05   1.5313308e+05
   1.0400000e+01   2.8636791e+05   8.3181102e+04
   1.0500000e+01   2.5153766e+05   2.1792043e+04
   1.0600000e+01   2.2321825e+05  -3.1421988e+04
   1.0700000e+01   1.8760162e+05  -7.3145422e+04
   1.0800000e+01   1.3788291e+05  -9.4725727e+04
   1.0900000e+01   7.4430688e+04  -8.5627602e+04
   1.1000000e+01  -6.2831879e+02  -4.1044352e+04
   1.1100000e+01  -8.6933406e+04   3.2406443e+04
   1.1200000e+01  -1.8417100e+05   1.1914012e+05
   1.1300000e+01  -2.8891272e+05   2.0439302e+05
   1.1400000e+01  -3.9526481e+05   2.8278291e+05
   1.1500000e+01  -4.9901747e+05   3.5755566e+05
   1.1600000e+01  -5.9973756e+05   4.3151488e+05
   1.1700000e+01  -6.9728075e+05   4.9882341e+05
   1.1800000e+01  -7.8633100e+05   5.4551375e+05
   1.1900000e+01  -8.5596194e+05   5.5759075e+05
   1.2000000e+01  -8.9620688e+05   5.2894075e+05
   1.2100000e+01  -9.0568762e+05   4.6303425e+05
   1.2200000e+01  -8.9268956e+05   3.6907847e+05
   1.2300000e+01  -8.6859025e+05   2.5722733e+05
   1.2400000e+01  -8.4001612e+05   1.3597836e+05
   1.2500000e+01  -8.0667512e+05   1.1698524e+04
   1.2600000e+01  -7.6556888e+05  -1.1075339e+05
   1.2700000e+01  -7.1615606e+05  -2.2658612e+05
   1.2800000e+01  -6.6091612e+05  -3.2933534e+05
   1.2900000e+01  -6.0117406e+05  -4.1065972e+05
   1.3000000e+01  -5.3326531e+05  -4.6322916e+05
   1.3100000e+01  -4.4996831e+05  -4.8526481e+05
   1.3200000e+01  -3.4664506e+05  -4.8257603e+05
   1.3300000e+01  -2.2628747e+05  -4.6534294e+05
   1.3400000e+01  -9.8440766e+04  -4.4184756e+05
   1.3500000e+01   2.6713627e+04  -4.1474919e+05
   1.3600000e+01   1.4298022e+05  -3.8327072e+05
   1.3700000e+01   2.4760456e+05  -3.4873000e+05
   1.3800000e+01   3.3814138e+05  -3.1737194e+05
   1.3900000e+01   4.1182059e+05  -2.9708497e+05
   1.4000000e+01   4.6815541e+05  -2.9067506e+05
   1.4100000e+01   5.1051888e+05  -2.9185844e+05
   1.4200000e+01   5.4363856e+05  -2.8780694e+05
   1.4300000e+01   5.6971119e+05  -2.6643744e+05
   1.4400000e+01   5.8824438e+05  -2.2282541e+05
   1.4500000e+01   6.0026644e+05  -1.6020152e+05
   1.4600000e+01   6.1169094e+05  -8.5624391e+04
   1.4700000e+01   6.3075688e+05  -4.6148574e+03
   1.4800000e+01   6.6081588e+05   8.0638312e+04
   1.4900000e+01   6.9537262e+05   1.6863644e+05
   1.5000000e+01   7.2106125e+05   2.5503780e+05
   1.5100000e+01   7.2708069e+05   3.3257297e+05
   1.5200000e+01   7.1333512e+05   3.9489472e+05
   1.5300000e+01   6.9023469e+05   4.4028594e+05
   1.5400000e+01   6.7039694e+05   4.7105381e+05
   1.5500000e+01   6.5952406e+05   4.8925838e+05
   1.5600000e+01   6.5380844e+05   4.9370850e+05
   1.5700000e+01   6.4456250e+05   4.8166712e+05
   1.5800000e+01   6.2445612e+05   4.5298675e+05
   1.5900000e+01   5.8990600e+05   4.1139762e+05
   1.6000000e+01   5.3935588e+05   3.6122650e+05
   1.6100000e+01   4.7099600e+05   3.0367844e+05
   1.6200000e+01   3.8244375e+05   2.3761938e+05
   1.6300000e+01   2.7196409e+05   1.6435033e+05
   1.6400000e+01   1.3995483e+05   9.0686141e+04
   1.6500000e+01  -9.6538408e+03   2.6037520e+04
   1.6600000e+01  -1.6854770e+05  -2.4356670e+04
   1.6700000e+01  -3.2533881e+05  -6.3627285e+04
   1.6800000e+01  -4.6979369e+05  -1.0085714e+05
   1.6900000e+01  -5.9727456e+05  -1.4413659e+05
   1.7000000e+01  -7.0882038e+05  -1.9479083e+05
   1.7100000e+01  -8.0575006e+05  -2.4671780e+05
   1.7200000e+01  -8.8371519e+05  -2.9030334e+05
   1.7300000e+01  -9.3281644e+05  -3.1752806e+05
   1.7400000e+01  -9.4488119e+05  -3.2523628e+05
   1.7500000e+01  -9.2150300e+05  -3.1549034e+05
   1.7600000e+01  -8.7481931e+05  -2.9349588e+05
   1.7700000e+01  -8.1935994e+05  -2.6439750e+05
   1.7800000e+01  -7.6181812e+05  -2.3081322e+05
   1.7900000e+01  -6.9821606e+05  -1.9291772e+05
   1.8000000e+01  -6.2172931e+05  -1.5127081e+05
   1.8100000e+01  -5.3436662e+05  -1.0999344e+05
   1.8200000e+01  -4.5100606e+05  -7.6865922e+04
   1.8300000e+01  -3.9039903e+05  -5.9269180e+04
   1.8400000e+01  -3.6020956e+05  -5.8902418e+04
   1.8500000e+01  -3.5003497e+05  -6.9819945e+04
   1.8600000e+01  -3.3969219e+05  -8.1602758e+04
   1.8700000e+01  -3.1535419e+05  -8.5064383e+04
   1.8800000e+01  -2.7825312e+05  -7.6158562e+04
   1.8900000e+01  -2.3824266e+05  -5.5981430e+04
   1.9000000e+01  -1.9982919e+05  -2.8159250e+04
   1.9100000e+01  -1.5526139e+05   3.7468379e+03
   1.9200000e+01  -9.1044109e+04   3.7248125e+04
   1.9300000e+01  -3.1057373e+02   7.0338266e+04
   1.9400000e+01   1.1143405e+05   1.0005159e+05
   1.9500000e+01   2.3161619e+05   1.2119125e+05
   1.9600000e+01   3.5012809e+05   1.2652429e+05
   1.9700000e+01   4.6363988e+05   1.0946282e+05
   1.9800000e+01   5.7240419e+05   6.8646516e+04
   1.9900000e+01   6.7513794e+05   1.1602686e+04
   2.0000000e+01   7.6776094e+05  -4.6031516e+04
   2.0100000e+01   8.4564156e+05  -8.6772727e+04
   2.0200000e+01   9.0485606e+05  -9.9713586e+04
   2.0300000e+01   9.4070744e+05  -8.5287062e+04
   2.0400000e+01   9.4693756e+05  -5.2902656e+04
   2.0500000e+01   9.1905012e+05  -1.3680285e+04
   2.0600000e+01   8.5933950e+05   2.5686547e+04
   2.0700000e+01   7.7739406e+05   6.3733320e+04
   2.0800000e+01   6.8394269e+05   1.0090765e+05
   2.0900000e+01   5.8367194e+05   1.3661028e+05
   2.1000000e+01   4.7432650e+05   1.6921416e+05
   2.1100000e+01   3.5254659e+05   1.9765438e+05
   2.1200000e+01   2.1967373e+05   2.2185256e+05
   2.1300000e+01   8.1758180e+04   2.4149081e+05
   2.1400000e+01  -5.4713547e+04   2.5499500e+05
   2.1500000e+01  -1.8559061e+05   2.6020081e+05
   2.1600000e+01  -3.0787125e+05   2.5606428e+05
   2.1700000e+01  -4.1766866e+05   2.4363291e+05
   2.1800000e+01  -5.1088972e+05   2.2517531e+05
   2.1900000e+01  -5.8569706e+05   2.0183127e+05
   2.2000000e+01  -6.4291806e+05   1.7143770e+05
   2.2100000e+01  -6.8311738e+05   1.2878552e+05
   2.2200000e+01  -7.0357000e+05   6.9460219e+04
   2.2300000e+01  -6.9911088e+05  -4.8036250e+03
   2.2400000e+01  -6.6689619e+05  -8.4157875e+04
   2.2500000e+01  -6.1085781e+05  -1.5534680e+05
   2.2600000e+01  -5.4145475e+05  -2.1015877e+05
   2.2700000e+01  -4.7019256e+05  -2.4999473e+05
   2.2800000e+01  -4.0284978e+05  -2.8190472e+05
   2.2900000e+01  -3.3676453e+05  -3.1007388e+05
   2.3000000e+01  -2.6464697e+05  -3.3162131e+05
   2.3100000e+01  -1.8211469e+05  -3.4077316e+05
   2.3200000e+01  -9.2680391e+04  -3.3620009e+05
   2.3300000e+01  -5.7719272e+03  -3.2317644e+05
   2.3400000e+01   7.0354414e+04  -3.0847175e+05
   2.3500000e+01   1.3398214e+05  -2.9383625e+05
   2.3600000e+01   1.8849848e+05  -2.7461625e+05
   2.3700000e+01   2.3621073e+05  -2.4379833e+05
   2.3800000e+01   2.7449119e+05  -1.9659669e+05
   2.3900000e+01   2.9856294e+05  -1.3187864e+05
   2.4000000e+01   3.0766541e+05  -5.1272742e+04
   2.4100000e+01   3.0748747e+05   4.1327773e+04
   2.4200000e+01   3.0588222e+05   1.3934467e+05
   2.4300000e+01   3.0608394e+05   2.3399397e+05
   2.4400000e+01   3.0399728e+05   3.1667059e+05
   2.4500000e+01   2.9171906e+05   3.8160656e+05
   2.4600000e+01   2.6380725e+05   4.2636462e+05
   2.4700000e+01   2.2148208e+05   4.4997422e+05
   2.4800000e+01   1.7265881e+05   4.5120309e+05
   2.4900000e+01   1.2854534e+05   4.2931716e+05
   2.5000000e+01   9.8528055e+04   3.8663338e+05
   2.5100000e+01   8.5408047e+04   3.2957228e+05
   2.5200000e+01   8.3537602e+04   2.6595731e+05
   2.5300000e+01   8.1666453e+04   2.0027938e+05
   2.5400000e+01   6.9412141e+04   1.3133520e+05
   2.5500000e+01   4.3228168e+04   5.4872320e+04
   2.5600000e+01   7.6668130e+03  -3.0753832e+04
   2.5700000e+01  -2.8859123e+04  -1.2065186e+05
   2.5800000e+01  -6.0512359e+04  -2.0418941e+05
   2.5900000e+01  -8.7851836e+04  -2.6943259e+05
   2.6000000e+01  -1.1634515e+05  -3.0778216e+05
   2.6100000e+01  -1.5101289e+05  -3.1616316e+05
   2.6200000e+01  -1.9169933e+05  -2.9641594e+05
   2.6300000e+01  -2.3285875e+05  -2.5316397e+05
   2.6400000e+01  -2.6764897e+05  -1.9178977e+05
   2.6500000e+01  -2.9208453e+05  -1.1763653e+05
   2.6600000e+01  -3.0513641e+05  -3.6526824e+04
   2.6700000e+01  -3.0512500e+05   4.4334344e+04
   2.6800000e+01  -2.8697497e+05   1.1627384e+05
   2.6900000e+01  -2.4425802e+05   1.7031050e+05
   2.7000000e+01  -1.7492119e+05   1.9901419e+05
   2.7100000e+01  -8.5434383e+04   1.9827694e+05
   2.7200000e+01   1.0872603e+04   1.6849500e+05
   2.7300000e+01   1.0029325e+05   1.1467505e+05
   2.7400000e+01   1.7472527e+05   4.4892957e+04
   2.7500000e+01   2.3248330e+05  -3.2657186e+04
   2.7600000e+01   2.7424962e+05  -1.1231875e+05
   2.7700000e+01   2.9897972e+05  -1.9136962e+05
   2.7800000e+01   3.0414678e+05  -2.6819731e+05
   2.7900000e+01   2.8964975e+05  -3.4055191e+05
   2.8000000e+01   2.6036414e+05  -4.0573312e+05
   2.8100000e+01   2.2368970e+05  -4.6163512e+05
   2.8200000e+01   1.8431772e+05  -5.0601275e+05
   2.8300000e+01   1.4201642e+05  -5.3375800e+05
   2.8400000e+01   9.4958641e+04  -5.3568044e+05
   2.8500000e+01   4.4578547e+04  -5.0204738e+05
   2.8600000e+01  -3.9504341e+03  -4.2918850e+05
   2.8700000e+01  -4.6264074e+04  -3.2328756e+05
   2.8800000e+01  -8.2913555e+04  -1.9751569e+05
   2.8900000e+01  -1.1806176e+05  -6.5185641e+04
   2.9000000e+01  -1.5425705e+05   6.4649008e+04
   2.9100000e+01  -1.8929027e+05   1.8602762e+05
   2.9200000e+01  -2.1844708e+05   2.9263950e+05
   2.9300000e+01  -2.3913675e+05   3.7750494e+05
   2.9400000e+01  -2.5245956e+05   4.3677266e+05
   2.9500000e+01  -2.6021177e+05   4.7304150e+05
   2.9600000e+01  -2.6111038e+05   4.9341947e+05
   2.9700000e+01  -2.5072470e+05   5.0312397e+05
   2.9800000e+01  -2.2533566e+05   5.0069306e+05
   2.9900000e+01  -1.8565802e+05   4.7990819e+05
   3.0000000e+01  -1.3654306e+05   4.3706375e+05
   3.0100000e+01  -8.2995500e+04   3.7684019e+05
   3.0200000e+01  -2.6618623e+04   3.1133103e+05
   3.0300000e+01   3.3934613e+04   2.5334298e+05
   3.0400000e+01   9.9158688e+04   2.1015934e+05
   3.0500000e+01   1.6557173e+05   1.8262803e+05
   3.0600000e+01   2.2615695e+05   1.6868905e+05
   3.0700000e+01   2.7309516e+05   1.6659703e+05
   3.0800000e+01   2.9946725e+05   1.7472544e+05
   3.0900000e+01   2.9913631e+05   1.8936031e+05
   3.1000000e+01   2.6750366e+05   2.0400948e+05
   3.1100000e+01   2.0502145e+05   2.1146114e+05
   3.1200000e+01   1.2066374e+05   2.0631061e+05
   3.1300000e+01   3.0361156e+04   1.8523252e+05
   3.1400000e+01  -5.0265988e+04   1.4531112e+05
   3.1500000e+01  -1.1309072e+05   8.3457023e+04
   3.1600000e+01  -1.5821911e+05  -1.1321914e+03
   3.1700000e+01  -1.8851797e+05  -1.0331880e+05
   3.1800000e+01  -2.0439500e+05  -2.1118789e+05
   3.1900000e+01  -2.0406744e+05  -3.0985659e+05
   3.2000000e+01  -1.8785089e+05  -3.8749653e+05
   3.2100000e+01  -1.6085925e+05  -4.3929488e+05
   3.2200000e+01  -1.3100225e+05  -4.6723034e+05
   3.2300000e+01  -1.0438909e+05  -4.7687903e+05
   3.2400000e+01  -8.2251547e+04  -4.7360797e+05
   3.2500000e+01  -6.1290980e+04  -4.5959700e+05
   3.2600000e+01  -3.6377195e+04  -4.3251766e+05
   3.2700000e+01  -3.5039272e+03  -3.8711722e+05
   3.2800000e+01   3.8467160e+04  -3.2018891e+05
   3.2900000e+01   8.7769117e+04  -2.3633072e+05
   3.3000000e+01   1.4099584e+05  -1.4940053e+05
   3.3100000e+01   1.9456767e+05  -7.6807172e+04
   3.3200000e+01   2.4536831e+05  -3.0040070e+04
   3.3300000e+01   2.9047509e+05  -8.9668652e+03
   3.3400000e+01   3.2674609e+05  -4.4736475e+03
   3.3500000e+01   3.5082925e+05  -6.5136064e+03
   3.3600000e+01   3.5945669e+05  -1.0211594e+04
   3.3700000e+01   3.4985378e+05  -1.5555469e+04
   3.3800000e+01   3.2065984e+05  -2.2740857e+04
   3.3900000e+01   2.7362928e+05  -2.8598584e+04
   3.4000000e+01   2.1506781e+05  -2.7250512e+04
   3.4100000e+01   1.5500669e+05  -1.3685685e+04
   3.4200000e+01   1.0331790e+05   1.3119162e+04
   3.4300000e+01   6.4842508e+04   4.9586078e+04
   3.4400000e+01   3.7307965e+04   8.9052406e+04
   3.4500000e+01   1.4100006e+04   1.2386588e+05
   3.4600000e+01  -1.0159687e+04   1.4705247e+05
   3.4700000e+01  -3.6008043e+04   1.5373700e+05
   3.4800000e+01  -6.0676445e+04   1.4286853e+05
   3.4900000e+01  -8.3125461e+04   1.1878913e+05
   3.5000000e+01  -1.0751616e+05   9.0895383e+04
   3.5100000e+01  -1.4152469e+05   7.0076328e+04
   3.5200000e+01  -1.9079808e+05   6.3249219e+04
   3.5300000e+01  -2.5422512e+05   6.9785633e+04
   3.5400000e+01  -3.2350384e+05   8.2868648e+04
   3.5500000e+01  -3.8668897e+05   9.4831453e+04
   3.5600000e+01  -4.3302956e+05   1.0202177e+05
   3.5700000e+01  -4.5670150e+05   1.0539556e+05
   3.5800000e+01  -4.5806494e+05   1.0733273e+05
   3.5900000e+01  -4.4164791e+05   1.0867991e+05
   3.6000000e+01  -4.1147603e+05   1.0912652e+05
   3.6100000e+01  -3.6708366e+05   1.0978884e+05
   3.6200000e+01  -3.0447994e+05   1.1405330e+05
   3.6300000e+01  -2.2250988e+05   1.2461718e+05
   3.6400000e+01  -1.2904525e+05   1.3933784e+05
   3.6500000e+01  -4.0092297e+04   1.5068183e+05
   3.6600000e+01   2.8999004e+04   1.5043708e+05
   3.6700000e+01   7.3216891e+04   1.3594812e+05
   3.6800000e+01   1.0015368e+05   1.1225793e+05
   3.6900000e+01   1.2317033e+05   8.8322617e+04
   3.7000000e+01   1.5149006e+05   7.0870125e+04
   3.7100000e+01   1.8493047e+05   6.0930609e+04
   3.7200000e+01   2.1620916e+05   5.4659848e+04
   3.7300000e+01   2.3770052e+05   4.6178637e+04
   3.7400000e+01   2.4698755e+05   2.9839887e+04
   3.7500000e+01   2.4748459e+05   1.7706562e+03
   3.7600000e+01   2.4461356e+05  -3.8291797e+04
   3.7700000e+01   2.4126722e+05  -8.5575812e+04
   3.7800000e+01   2.3615528e+05  -1.3168717e+05
   3.7900000e+01   2.2546130e+05  -1.6955191e+05
   3.8000000e+01   2.0532847e+05  -1.9842341e+05
   3.8100000e+01   1.7305067e+05  -2.2385739e+05
   3.8200000e+01   1.2743063e+05  -2.5151591e+05
   3.8300000e+01   6.9743844e+04  -2.7995003e+05
   3.8400000e+01   4.7583389e+03  -2.9944972e+05
   3.8500000e+01  -6.0354676e+04  -2.9886472e+05
   3.8600000e+01  -1.1941655e+05  -2.7472512e+05
   3.8700000e+01  -1.6974578e+05  -2.3453692e+05
   3.8800000e+01  -2.1089164e+05  -1.9132411e+05
   3.8900000e+01  -2.4129633e+05  -1.5428897e+05
   3.9000000e+01  -2.5755347e+05  -1.2357095e+05
   3.9100000e+01  -2.5768600e+05  -9.3004266e+04
   3.9200000e+01  -2.4404581e+05  -5.7621289e+04
   3.9300000e+01  -2.2092255e+05  -1.8885080e+04
   3.9400000e+01  -1.8834717e+05   1.6685506e+04
   3.9500000e+01  -1.3931753e+05   4.3428930e+04
   3.9600000e+01  -6.5183895e+04   6.0863242e+04
   3.9700000e+01   3.4706066e+04   7.2470797e+04
   3.9800000e+01   1.4821541e+05   8.1136914e+04
   3.9900000e+01   2.5551272e+05   8.6858359e+04
   4.0000000e+01   3.3996444e+05   8.9147766e+04
   4.0100000e+01   3.9579025e+05   9.0555625e+04
   4.0200000e+01   4.2703581e+05   9.6341047e+04
   4.0300000e+01   4.4033419e+05   1.1035716e+05
   4.0400000e+01   4.3853391e+05   1.3218917e+05
   4.0500000e+01   4.1997994e+05   1.5892091e+05
   4.0600000e+01   3.8223431e+05   1.8875239e+05
   4.0700000e+01   3.2550703e+05   2.2130788e+05
   4.0800000e+01   2.5289870e+05   2.5418311e+05
   4.0900000e+01   1.6875877e+05   2.8084294e+05
   4.1000000e+01   7.8015867e+04   2.9381588e+05
   4.1100000e+01  -1.2997850e+04   2.9049419e+05
   4.1200000e+01  -9.6302141e+04   2.7521856e+05
   4.1300000e+01  -1.6404503e+05   2.5532142e+05
   4.1400000e+01  -2.1103358e+05   2.3542689e+05
   4.1500000e+01  -2.3580016e+05   2.1564772e+05
   4.1600000e+01  -2.3991452e+05   1.9434258e+05
   4.1700000e+01  -2.2715056e+05   1.7118061e+05
   4.1800000e+01  -2.0341353e+05   1.4683419e+05
   4.1900000e+01  -1.7629720e+05   1.2018889e+05
   4.2000000e+01  -1.5287698e+05   8.6893539e+04
   4.2100000e+01  -1.3648414e+05   4.1447547e+04
   4.2200000e+01  -1.2517077e+05  -1.8825992e+04
   4.2300000e+01  -1.1387286e+05  -9.1472867e+04
   4.2400000e+01  -9.9243414e+04  -1.7015675e+05
   4.2500000e+01  -8.3451961e+04  -2.4808841e+05
   4.2600000e+01  -7.3499555e+04  -3.2057356e+05
   4.2700000e+01  -7.6131047e+04  -3.8496903e+05
   4.2800000e+01  -9.2591070e+04  -4.3918725e+05
   4.2900000e+01  -1.1816395e+05  -4.8115341e+05
   4.3000000e+01  -1.4703414e+05  -5.0988197e+05
   4.3100000e+01  -1.7728672e+05  -5.2619731e+05
   4.3200000e+01  -2.1024383e+05  -5.3108888e+05
   4.3300000e+01  -2.4449619e+05  -5.2280878e+05
   4.3400000e+01  -2.7155275e+05  -4.9637331e+05
   4.3500000e+01  -2.7905616e+05  -4.4733556e+05
   4.3600000e+01  -2.5930152e+05  -3.7684153e+05
   4.3700000e+01  -2.1457547e+05  -2.9270638e+05
   4.3800000e+01  -1.5409248e+05  -2.0481323e+05
   4.3900000e+01  -8.6479570e+04  -1.1901951e+05
   4.4000000e+01  -1.6149584e+04  -3.5344367e+04
   4.4100000e+01   5.3495582e+04   4.8317664e+04
   4.4200000e+01   1.1558349e+05   1.3116973e+05
   4.4300000e+01   1.6093498e+05   2.0789841e+05
   4.4400000e+01   1.8456684e+05   2.7101669e+05
   4.4500000e+01   1.9014845e+05   3.1417622e+05
   4.4600000e+01   1.8657356e+05   3.3402244e+05
   4.4700000e+01   1.7935431e+05   3.3078562e+05
   4.4800000e+01   1.6550294e+05   3.0862994e+05
   4.4900000e+01   1.3727762e+05   2.7540831e+05
   4.5000000e+01   9.1143531e+04   2.4066234e+05
   4.5100000e+01   3.3121660e+04   2.1210244e+05
   4.5200000e+01  -2.4400793e+04   1.9274758e+05
   4.5300000e+01  -7.0762375e+04   1.8091717e+05
   4.5400000e+01  -1.0211745e+05   1.7311108e+05
   4.5500000e+01  -1.1954462e+05   1.6746627e+05
   4.5600000e+01  -1.2352760e+05   1.6495522e+05
   4.5700000e+01  -1.1113992e+05   1.6734775e+05
   4.5800000e+01  -7.8499016e+04   1.7398330e+05
   4.5900000e+01  -2.5388336e+04   1.8097358e+05
   4.6000000e+01   4.2618500e+04   1.8439759e+05
   4.6100000e+01   1.1595949e+05   1.8456773e+05
   4.6200000e+01   1.8461202e+05   1.8631333e+05
   4.6300000e+01   2.4081316e+05   1.9386859e+05
   4.6400000e+01   2.8049072e+05   2.0524642e+05
   4.6500000e+01   3.0399600e+05   2.1251992e+05
   4.6600000e+01   3.1577619e+05   2.0840403e+05
   4.6700000e+01   3.2192434e+05   1.9231375e+05
   4.6800000e+01   3.2609031e+05   1.6933388e+05
   4.6900000e+01   3.2656838e+05   1.4343773e+05
   4.7000000e+01   3.1731981e+05   1.1274573e+05
   4.7100000e+01   2.9257084e+05   7.2090219e+04
   4.7200000e+01   2.5144952e+05   1.9760893e+04
   4.7300000e+01   1.9912161e+05  -3.9180492e+04
   4.7400000e+01   1.4388442e+05  -9.6471609e+04
   4.7500000e+01   9.2683766e+04  -1.4704417e+05
   4.7600000e+01   4.8202082e+04  -1.9158872e+05
   4.7700000e+01   9.1750430e+03  -2.3302758e+05
   4.7800000e+01  -2.6642729e+04  -2.7078675e+05
   4.7900000e+01  -5.9214910e+04  -2.9865975e+05
   4.8000000e+01  -8.5374945e+04  -3.0851728e+05
   4.8100000e+01  -1.0140578e+05  -2.9671700e+05
   4.8200000e+01  -1.0711165e+05  -2.6753366e+05
   4.8300000e+01  -1.0778515e+05  -2.3045170e+05
   4.8400000e+01  -1.1203745e+05  -1.9368795e+05
   4.8500000e+01  -1.2699114e+05  -1.5980973e+05
   4.8600000e+01  -1.5441812e+05  -1.2713726e+05
   4.8700000e+01  -1.9031330e+05  -9.4677875e+04
   4.8800000e+01  -2.2773234e+05  -6.4899219e+04
   4.8900000e+01  -2.6091442e+05  -4.1556676e+04
   4.9000000e+01  -2.8830303e+05  -2.5703855e+04
   4.9100000e+01  -3.1248191e+05  -1.4983670e+04
   4.9200000e+01  -3.3653316e+05  -7.0789380e+03
   4.9300000e+01  -3.5918019e+05  -3.0262114e+03
   4.9400000e+01  -3.7317419e+05  -6.2776802e+03
   4.9500000e+01  -3.6953794e+05  -1.8652867e+04
   4.9600000e+01  -3.4486503e+05  -3.8230176e+04
   4.9700000e+01  -3.0515250e+05  -6.1986441e+04
   4.9800000e+01  -2.6219216e+05  -9.0116750e+04
   4.9900000e+01  -2.2533341e+05  -1.2636116e+05
   5.0000000e+01  -1.9556786e+05  -1.7272270e+05
   5.0100000e+01  -1.6638808e+05  -2.2355709e+05
   5.0200000e+01  -1.2983455e+05  -2.6580044e+05
   5.0300000e+01  -8.2551711e+04  -2.8651525e+05
   5.0400000e+01  -2.7882004e+04  -2.8140984e+05
   5.0500000e+01   2.6411352e+04  -2.5650564e+05
   5.0600000e+01   7.2576828e+04  -2.2160556e+05
   5.0700000e+01   1.0665855e+05  -1.8205903e+05
   5.0800000e+01   1.2978821e+05  -1.3638369e+05
   5.0900000e+01   1.4686150e+05  -8.0797672e+04
   5.1000000e+01   1.6390588e+05  -1.4923156e+04
   5.1100000e+01   1.8556634e+05   5.7105539e+04
   5.1200000e+01   2.1325403e+05   1.3003405e+05
   5.1300000e+01   2.4419478e+05   2.0062075e+05
   5.1400000e+01   2.7230294e+05   2.6712775e+05
   5.1500000e+01   2.9161972e+05   3.2669669e+05
   5.1600000e+01   3.0067475e+05   3.7450628e+05
   5.1700000e+01   3.0390825e+05   4.0609169e+05
   5.1800000e+01   3.0795806e+05   4.2030547e+05
   5.1900000e+01   3.1561912e+05   4.1969500e+05
   5.2000000e+01   3.2312819e+05   4.0801947e+05
   5.2100000e+01   3.2328588e+05   3.8761719e+05
   5.2200000e+01   3.1105819e+05   3.5916066e+05
   5.2300000e+01   2.8635094e+05   3.2350653e+05
   5.2400000e+01   2.5241023e+05   2.8307459e+05
   5.2500000e+01   2.1278875e+05   2.4089558e+05
   5.2600000e+01   1.7001881e+05   1.9832628e+05
   5.2700000e+01   1.2602825e+05   1.5426792e+05
   5.2800000e+01   8.2522672e+04   1.0728580e+05
   5.2900000e+01   4.0756430e+04   5.8632531e+04
   5.3000000e+01   1.6712148e+03   1.2684528e+04
   5.3100000e+01  -3.3225070e+04  -2.6177234e+04
   5.3200000e+01  -6.1486410e+04  -5.7219633e+04
   5.3300000e+01  -8.1041562e+04  -8.3711922e+04
   5.3400000e+01  -9.2362820e+04  -1.0966251e+05
   5.3500000e+01  -9.9259195e+04  -1.3639519e+05
   5.3600000e+01  -1.0716191e+05  -1.6213102e+05
   5.3700000e+01  -1.2024528e+05  -1.8414861e+05
   5.3800000e+01  -1.3986436e+05  -2.0079498e+05
   5.3900000e+01  -1.6540077e+05  -2.1192745e+05
   5.4000000e+01  -1.9620834e+05  -2.1866769e+05
   5.4100000e+01  -2.3242909e+05  -2.2330830e+05
   5.4200000e+01  -2.7384466e+05  -2.2852903e+05
   5.4300000e+01  -3.1811947e+05  -2.3505669e+05
   5.4400000e+01  -3.6054225e+05  -2.3923853e+05
   5.4500000e+01  -3.9598300e+05  -2.3351578e+05
   5.4600000e+01  -4.2159425e+05  -2.1078417e+05
   5.4700000e+01  -4.3781022e+05  -1.6972391e+05
   5.4800000e+01  -4.4640794e+05  -1.1649807e+05
   5.4900000e+01  -4.4702578e+05  -6.0828082e+04
   5.5000000e+01  -4.3540562e+05  -9.2155938e+03
   5.5100000e+01  -4.0566628e+05   3.9115141e+04
   5.5200000e+01  -3.5526994e+05   8.9768031e+04
   5.5300000e+01  -2.8822025e+05   1.4585898e+05
   5.5400000e+01  -2.1304219e+05   2.0224598e+05
   5.5500000e+01  -1.3701252e+05   2.4711055e+05
   5.5600000e+01  -6.1983504e+04   2.7019131e+05
   5.5700000e+01   1.4481326e+04   2.7023934e+05
   5.5800000e+01   9.4500109e+04   2.5446738e+05
   5.5900000e+01   1.7685952e+05   2.3055656e+05
   5.6000000e+01   2.5805947e+05   1.9935669e+05
   5.6100000e+01   3.3499578e+05   1.5555036e+05
   5.6200000e+01   4.0569697e+05   9.5082312e+04
   5.6300000e+01   4.6796491e+05   2.1371980e+04
   5.6400000e+01   5.1882869e+05  -5.5616648e+04
   5.6500000e+01   5.5633912e+05  -1.2553341e+05
   5.6600000e+01   5.8145538e+05  -1.8252875e+05
   5.6700000e+01   5.9687319e+05  -2.2530145e+05
   5.6800000e+01   6.0322556e+05  -2.5447191e+05
   5.6900000e+01   5.9689894e+05  -2.7108206e+05
   5.7000000e+01   5.7272325e+05  -2.7686772e+05
   5.7100000e+01   5.2949744e+05  -2.7416062e+05
   5.7200000e+01   4.7256628e+05  -2.6442931e+05
   5.7300000e+01   4.1018641e+05  -2.4721680e+05
   5.7400000e+01   3.4698397e+05  -2.2125920e+05
   5.7500000e+01   2.8120875e+05  -1.8676453e+05
   5.7600000e+01   2.0859025e+05  -1.4621852e+05
   5.7700000e+01   1.2849781e+05  -1.0299659e+05
   5.7800000e+01   4.5772672e+04  -5.9862562e+04
   5.7900000e+01  -3.3355152e+04  -1.9213680e+04
   5.8000000e+01  -1.0640647e+05   1.5981570e+04
   5.8100000e+01  -1.7546009e+05   4.2946297e+04
   5.8200000e+01  -2.4360742e+05   6.1483254e+04
   5.8300000e+01  -3.1149159e+05   7.4813219e+04
   5.8400000e+01  -3.7711253e+05   8.6643602e+04
   5.8500000e+01  -4.3771438e+05   9.6930922e+04
   5.8600000e+01  -4.9076128e+05   1.0148995e+05
   5.8700000e+01  -5.3323825e+05   9.7048766e+04
   5.8800000e+01  -5.6110638e+05   8.6768594e+04
   5.8900000e+01  -5.7052875e+05   7.9470500e+04
   5.9000000e+01  -5.6018988e+05   8.2018602e+04
   5.9100000e+01  -5.3259425e+05   9.2283734e+04
   5.9200000e+01  -4.9293172e+05   1.0052909e+05
   5.9300000e+01  -4.4606741e+05   9.8525477e+04
   5.9400000e+01  -3.9375556e+05   8.7280164e+04
   5.9500000e+01  -3.3419497e+05   7.5550719e+04
   5.9600000e+01  -2.6441019e+05   7.1152289e+04
   5.9700000e+01  -1.8381530e+05   7.4488734e+04
   5.9800000e+01  -9.6463391e+04   8.0565758e+04
   5.9900000e+01  -1.0562758e+04   8.6047227e+04
   6.0000000e+01   6.4275605e+04   9.2873766e+04
   6.0100000e+01   1.2047044e+05   1.0476095e+05
   6.0200000e+01   1.5496047e+05   1.2126208e+05
   6.0300000e+01   1.6966539e+05   1.3642436e+05
   6.0400000e+01   1.6972592e+05   1.4348847e+05
   6.0500000e+01   1.6054908e+05   1.4051859e+05
   6.0600000e+01   1.4546841e+05   1.3131009e+05
   6.0700000e+01   1.2531978e+05   1.2110242e+05
   6.0800000e+01   9.9848602e+04   1.1157336e+05
   6.0900000e+01   6.9892422e+04   9.9698453e+04
   6.1000000e+01   3.9081652e+04   8.1049227e+04
   6.1100000e+01   1.3788939e+04   5.4131078e+04
   6.1200000e+01   5.1200146e+02   2.1789975e+04
   6.1300000e+01   1.8176660e+03  -1.1313580e+04
   6.1400000e+01   1.4414852e+04  -4.2407910e+04
   6.1500000e+01   3.2380352e+04  -7.1662141e+04
   6.1600000e+01   5.3718078e+04  -9.9599305e+04
   6.1700000e+01   8.3816797e+04  -1.2397966e+05
   6.1800000e+01   1.3115600e+05  -1.4013511e+05
   6.1900000e+01   1.9831738e+05  -1.4497169e+05
   6.2000000e+01   2.7686634e+05  -1.4042311e+05
   6.2100000e+01   3.5138734e+05  -1.3232097e+05
   6.2200000e+01   4.0905700e+05  -1.2563036e+05
   6.2300000e+01   4.4609494e+05  -1.2107580e+05
   6.2400000e+01   4.6609466e+05  -1.1644881e+05
   6.2500000e+01   4.7301706e+05  -1.1040415e+05
   6.2600000e+01   4.6564472e+05  -1.0397036e+05
   6.2700000e+01   4.3775478e+05  -9.8320875e+04
   6.2800000e+01   3.8289162e+05  -9.2199609e+04
   6.2900000e+01   2.9939912e+05  -8.2664664e+04
   6.3000000e+01   1.9220492e+05  -6.8385367e+04
   6.3100000e+01   7.1019938e+04  -5.1370500e+04
   6.3200000e+01  -5.2838832e+04  -3.4927000e+04
   6.3300000e+01  -1.6880859e+05  -2.0323709e+04
   6.3400000e+01  -2.6832231e+05  -6.2329795e+03
   6.3500000e+01  -3.4589428e+05   8.3336455e+03
   6.3600000e+01  -4.0013500e+05   2.1090744e+04
   6.3700000e+01  -4.3333894e+05   2.7207604e+04
   6.3800000e+01  -4.4891644e+05   2.3436732e+04
   6.3900000e+01  -4.4843344e+05   1.1759459e+04
   6.4000000e+01  -4.3097419e+05  -9.7143726e+02
   6.4100000e+01  -3.9515547e+05  -7.2610166e+03
   6.4200000e+01  -3.4119084e+05  -3.6924104e+03
   6.4300000e+01  -2.7094462e+05   7.3645762e+03
   6.4400000e+01  -1.8732548e+05   1.9979658e+04
   6.4500000e+01  -9.5639758e+04   2.8931295e+04
   6.4600000e+01  -6.1904004e+03   3.3068227e+04
   6.4700000e+01   6.6331883e+04   3.5725918e+04
   6.4800000e+01   1.0929773e+05   4.2048656e+04
   6.4900000e+01   1.2032755e+05   5.4869285e+04
   6.5000000e+01   1.0918431e+05   7.1814453e+04
   6.5100000e+01   9.0017062e+04   8.5909234e+04
   6.5200000e+01   7.0103000e+04   8.9835945e+04
   6.5300000e+01   4.5520008e+04   8.1134195e+04
   6.5400000e+01   8.0336567e+03   6.4351520e+04
   6.5500000e+01  -4.3365445e+04   4.8141008e+04
   6.5600000e+01  -9.7491797e+04   3.9317270e+04
   6.5700000e+01  -1.3750600e+05   3.8399461e+04
   6.5800000e+01  -1.5293831e+05   3.9852043e+04
   6.5900000e+01  -1.4619814e+05   3.6391141e+04
   6.6000000e+01  -1.2815400e+05   2.3855826e+04
   6.6100000e+01  -1.0771552e+05   3.3369253e+03
   6.6200000e+01  -8.5367242e+04  -2.0368947e+04
   6.6300000e+01  -5.5844965e+04  -4.2492457e+04
   6.6400000e+01  -1.5911874e+04  -6.1507016e+04
   6.6500000e+01   3.1113225e+04  -7.9397680e+04
   6.6600000e+01   7.7961719e+04  -9.8439672e+04
   6.6700000e+01   1.1924076e+05  -1.1687510e+05
   6.6800000e+01   1.5394609e+05  -1.2767032e+05
   6.6900000e+01   1.8291825e+05  -1.2272216e+05
   6.7000000e+01   2.0548141e+05  -9.9938281e+04
   6.7100000e+01   2.1963964e+05  -6.6912164e+04
   6.7200000e+01   2.2498970e+05  -3.6851684e+04
   6.7300000e+01   2.2396541e+05  -1.9181484e+04
   6.7400000e+01   2.1958044e+05  -1.2609936e+04
   6.7500000e+01   2.1274770e+05  -6.8003838e+03
   6.7600000e+01   2.0276789e+05   8.7446826e+03
   6.7700000e+01   1.9004434e+05   3.6244711e+04
   6.7800000e+01   1.7683164e+05   6.8455070e+04
   6.7900000e+01   1.6451853e+05   9.4875055e+04
   6.8000000e+01   1.5102805e+05   1.0956296e+05
   6.8100000e+01   1.3229573e+05   1.1444133e+05
   6.8200000e+01   1.0657590e+05   1.1637109e+05
   6.8300000e+01   7.6375281e+04   1.2099136e+05
   6.8400000e+01   4.5601715e+04   1.2805130e+05
   6.8500000e+01   1.5588890e+04   1.3137797e+05
   6.8600000e+01  -1.4963948e+04   1.2330496e+05
   6.8700000e+01  -4.6316574e+04   1.0033537e+05
   6.8800000e+01  -7.5448328e+04   6.5911141e+04
   6.8900000e+01  -9.8591938e+04   2.8312867e+04
   6.9000000e+01  -1.1553646e+05  -4.4346953e+03
   6.9100000e+01  -1.3010450e+05  -2.8442084e+04
   6.9200000e+01  -1.4581969e+05  -4.3830289e+04
   6.9300000e+01  -1.6181048e+05  -5.1690910e+04
   6.9400000e+01  -1.7389644e+05  -5.1761766e+04
   6.9500000e+01  -1.7971494e+05  -4.3187523e+04
   6.9600000e+01  -1.8208905e+05  -2.7145576e+04
   6.9700000e+01  -1.8696031e+05  -8.0632529e+03
   6.9800000e+01  -1.9818967e+05   8.2490840e+03
   6.9900000e+01  -2.1439584e+05   1.7840963e+04
   7.0000000e+01  -2.3026409e+05   2.0117836e+04
   7.0100000e+01  -2.4040286e+05   1.6452555e+04
   7.0200000e+01  -2.4244342e+05   7.7909268e+03
   7.0300000e+01  -2.3773647e+05  -6.1523638e+03
   7.0400000e+01  -2.2981255e+05  -2.5576930e+04
   7.0500000e+01  -2.2151197e+05  -4.8936734e+04
   7.0600000e+01  -2.1232923e+05  -7.2888484e+04
   7.0700000e+01  -1.9809956e+05  -9.4048812e+04
   7.0800000e+01  -1.7402923e+05  -1.1103521e+05
   7.0900000e+01  -1.3904678e+05  -1.2502537e+05
   7.1000000e+01  -9.7536008e+04  -1.3831598e+05
   7.1100000e+01  -5.6523699e+04  -1.5204912e+05
   7.1200000e+01  -2.0729797e+04  -1.6500853e+05
   7.1300000e+01   1.0195043e+04  -1.7436627e+05
   7.1400000e+01   4.0451160e+04  -1.7733525e+05
   7.1500000e+01   7.4869078e+04  -1.7198119e+05
   7.1600000e+01   1.1644450e+05  -1.5690197e+05
   7.1700000e+01   1.6526123e+05  -1.3122211e+05
   7.1800000e+01   2.1799731e+05  -9.5796195e+04
   7.1900000e+01   2.6817484e+05  -5.4202066e+04
   7.2000000e+01   3.0830144e+05  -1.1475113e+04
   7.2100000e+01   3.3355466e+05   2.8835273e+04
   7.2200000e+01   3.4422984e+05   6.6010594e+04
   7.2300000e+01   3.4451662e+05   1.0000769e+05
   7.2400000e+01   3.3869584e+05   1.2840360e+05
   7.2500000e+01   3.2847716e+05   1.4697597e+05
   7.2600000e+01   3.1360047e+05   1.5451384e+05
   7.2700000e+01   2.9399156e+05   1.5668694e+05
   7.2800000e+01   2.7050166e+05   1.6339323e+05
   7.2900000e+01   2.4378725e+05   1.8049089e+05
   7.3000000e+01   2.1341678e+05   2.0351914e+05
   7.3100000e+01   1.7849188e+05   2.2020739e+05
   7.3200000e+01   1.3858961e+05   2.2036089e+05
   7.3300000e+01   9.3625984e+04   2.0431205e+05
   7.3400000e+01   4.3520406e+04   1.8216867e+05
   7.3500000e+01  -1.0559609e+04   1.6461691e+05
   7.3600000e+01  -6.4075070e+04   1.5366569e+05
   7.3700000e+01  -1.0931229e+05   1.4134398e+05
   7.3800000e+01  -1.3938752e+05   1.1692739e+05
   7.3900000e+01  -1.5296244e+05   7.6049828e+04
   7.4000000e+01  -1.5489561e+05   2.4226180e+04
   7.4100000e+01  -1.5193009e+05  -2.7337840e+04
   7.4200000e+01  -1.4766814e+05  -6.9544227e+04
   7.4300000e+01  -1.4153534e+05  -1.0060409e+05
   7.4400000e+01  -1.3188588e+05  -1.2529428e+05
   7.4500000e+01  -1.1924326e+05  -1.4972717e+05
   7.4600000e+01  -1.0628015e+05  -1.7603852e+05
   7.4700000e+01  -9.5161648e+04  -2.0072153e+05
   7.4800000e+01  -8.5603594e+04  -2.1714964e+05
   7.4900000e+01  -7.5920875e+04  -2.1986384e+05
   7.5000000e+01  -6.6139203e+04  -2.0756498e+05
   7.5100000e+01  -6.0156848e+04  -1.8337455e+05
   7.5200000e+01  -6.4572672e+04  -1.5295450e+05
   7.5300000e+01  -8.4445312e+04  -1.2192322e+05
   7.5400000e+01  -1.1894272e+05  -9.3733406e+04
   7.5500000e+01  -1.6048395e+05  -6.8811922e+04
   7.5600000e+01  -1.9864630e+05  -4.5500434e+04
   7.5700000e+01  -2.2626025e+05  -2.2472125e+04
   7.5800000e+01  -2.4299344e+05  -8.8741455e+02
   7.5900000e+01  -2.5356905e+05   1.5810697e+04
   7.6000000e+01  -2.6224266e+05   2.4734230e+04
   7.6100000e+01  -2.6824269e+05   2.6648734e+04
   7.6200000e+01  -2.6571481e+05   2.6326258e+04
   7.6300000e+01  -2.4756688e+05   2.9456738e+04
   7.6400000e+01  -2.0959100e+05   3.8452191e+04
   7.6500000e+01  -1.5199639e+05   5.0384676e+04
   7.6600000e+01  -7.8630258e+04   5.8616164e+04
   7.6700000e+01   4.0513538e+03   5.7166953e+04
   7.6800000e+01   8.7528742e+04   4.5210410e+04
   7.6900000e+01   1.6274772e+05   2.8828254e+04
   7.7000000e+01   2.2369731e+05   1.8418109e+04
   7.7100000e+01   2.7092128e+05   2.2772512e+04
   7.7200000e+01   3.1091909e+05   4.3532910e+04
   7.7300000e+01   3.5021612e+05   7.4090945e+04
   7.7400000e+01   3.8845456e+05   1.0397282e+05
   7.7500000e+01   4.1697288e+05   1.2542159e+05
   7.7600000e+01   4.2478416e+05   1.3715706e+05
   7.7700000e+01   4.0684000e+05   1.4288928e+05
   7.7800000e+01   3.6739203e+05   1.4672098e+05
   7.7900000e+01   3.1623509e+05   1.4981253e+05
   7.8000000e+01   2.6213402e+05   1.5066844e+05
   7.8100000e+01   2.0917398e+05   1.4748481e+05
   7.8200000e+01   1.5773381e+05   1.3934709e+05
   7.8300000e+01   1.0742399e+05   1.2522533e+05
   7.8400000e+01   5.8794172e+04   1.0289855e+05
   7.8500000e+01   1.3049326e+04   7.0190406e+04
   7.8600000e+01  -2.8944105e+04   2.7810879e+04
   7.8700000e+01  -6.7101727e+04  -1.9491494e+04
   7.8800000e+01  -1.0190985e+05  -6.5405047e+04
   7.8900000e+01  -1.3419417e+05  -1.0613187e+05
   7.9000000e+01  -1.6522448e+05  -1.4217064e+05
   7.9100000e+01  -1.9667311e+05  -1.7635594e+05
   7.9200000e+01  -2.2963497e+05  -2.1046814e+05
   7.9300000e+01  -2.6292647e+05  -2.4351662e+05
   7.9400000e+01  -2.9241338e+05  -2.7232728e+05
   7.9500000e+01  -3.1298656e+05  -2.9286144e+05
   7.9600000e+01  -3.2222541e+05  -3.0115566e+05
   7.9700000e+01  -3.2237884e+05  -2.9435156e+05
   7.9800000e+01  -3.1843062e+05  -2.7222512e+05
   7.9900000e+01  -3.1406225e+05  -2.3806864e+05
   8.0000000e+01  -3.0953075e+05  -1.9740667e+05
   8.0100000e+01  -3.0292019e+05  -1.5496009e+05
   8.0200000e+01  -2.9209900e+05  -1.1232669e+05
   8.0300000e+01  -2.7452903e+05  -6.8302008e+04
   8.0400000e+01  -2.4604678e+05  -2.1123008e+04
   8.0500000e+01  -2.0216667e+05   2.9692203e+04
   8.0600000e+01  -1.4236561e+05   8.3086266e+04
   8.0700000e+01  -7.2839094e+04   1.3685691e+05
   8.0800000e+01  -3.3878625e+03   1.8748005e+05
   8.0900000e+01   5.9686973e+04   2.2974866e+05
   8.1000000e+01   1.1767396e+05   2.5765197e+05
   8.1100000e+01   1.7611566e+05   2.6682391e+05
   8.1200000e+01   2.3752553e+05   2.5700620e+05
   8.1300000e+01   2.9783891e+05   2.3258386e+05
   8.1400000e+01   3.4994806e+05   2.0070878e+05
   8.1500000e+01   3.8988125e+05   1.6820416e+05
   8.1600000e+01   4.1880303e+05   1.3899611e+05
   8.1700000e+01   4.3929656e+05   1.1334912e+05
   8.1800000e+01   4.5079891e+05   8.9240805e+04
   8.1900000e+01   4.4940644e+05   6.5018594e+04
   8.2000000e+01   4.3184878e+05   4.1437953e+04
   8.2100000e+01   3.9892781e+05   2.1352672e+04
   8.2200000e+01   3.5492528e+05   7.2003477e+03
   8.2300000e+01   3.0425941e+05  -1.3804307e+03
   8.2400000e+01   2.4936203e+05  -7.2811528e+03
   8.2500000e+01   1.9175531e+05  -1.2943688e+04
   8.2600000e+01   1.3441695e+05  -1.7508125e+04
   8.2700000e+01   8.2071938e+04  -1.7195572e+04
   8.2800000e+01   3.8361359e+04  -9.0217949e+03
   8.2900000e+01   2.3679670e+03   5.5697573e+03
   8.3000000e+01  -3.1808875e+04   2.0905453e+04
   8.3100000e+01  -7.1152680e+04   3.1287047e+04
   8.3200000e+01  -1.1823604e+05   3.5230258e+04
   8.3300000e+01  -1.6879697e+05   3.5375410e+04
   8.3400000e+01  -2.1476850e+05   3.3944285e+04
   8.3500000e+01  -2.5030634e+05   2.8458209e+04
   8.3600000e+01  -2.7542869e+05   1.2693313e+04
   8.3700000e+01  -2.9402862e+05  -1.7335279e+04
   8.3800000e+01  -3.0850872e+05  -5.8166316e+04
   8.3900000e+01  -3.1665931e+05  -1.0012193e+05
   8.4000000e+01  -3.1396834e+05  -1.3428114e+05
   8.4100000e+01  -2.9875312e+05  -1.5846606e+05
   8.4200000e+01  -2.7459881e+05  -1.7652439e+05
   8.4300000e+01  -2.4774138e+05  -1.9233745e+05
   8.4400000e+01  -2.2250220e+05  -2.0528777e+05
   8.4500000e+01  -1.9945942e+05  -2.1150095e+05
   8.4600000e+01  -1.7737227e+05  -2.0830052e+05
   8.4700000e+01  -1.5580261e+05  -1.9627389e+05
   8.4800000e+01  -1.3556455e+05  -1.7723534e+05
   8.4900000e+01  -1.1749366e+05  -1.5158959e+05
   8.5000000e+01  -1.0179845e+05  -1.1863512e+05
   8.5100000e+01  -8.8587508e+04  -7.8997789e+04
   8.5200000e+01  -7.8032477e+04  -3.5798332e+04
   8.5300000e+01  -6.9228750e+04   6.8554780e+03
   8.5400000e+01  -5.9202859e+04   4.6303172e+04
   8.5500000e+01  -4.4135711e+04   8.2510180e+04
   8.5600000e+01  -2.2499121e+04   1.1747938e+05
   8.5700000e+01   2.8524937e+03   1.5342467e+05
   8.5800000e+01   2.6244949e+04   1.9037769e+05
   8.5900000e+01   4.3682180e+04   2.2453833e+05
   8.6000000e+01   5.6497566e+04   2.4919322e+05
   8.6100000e+01   7.0715258e+04   2.5837847e+05
   8.6200000e+01   9.2344734e+04   2.5053003e+05
   8.6300000e+01   1.2252833e+05   2.2889375e+05
   8.6400000e+01   1.5668412e+05   1.9871912e+05
   8.6500000e+01   1.8820155e+05   1.6441659e+05
   8.6600000e+01   2.1318644e+05   1.2902384e+05
   8.6700000e+01   2.3208058e+05   9.4994445e+04
   8.6800000e+01   2.4724464e+05   6.4181422e+04
   8.6900000e+01   2.5945733e+05   3.7039031e+04
   8.7000000e+01   2.6694166e+05   1.2811022e+04
   8.7100000e+01   2.6751591e+05  -8.9235215e+03
   8.7200000e+01   2.6105267e+05  -2.7294658e+04
   8.7300000e+01   2.4924580e+05  -4.1282367e+04
   8.7400000e+01   2.3292297e+05  -5.1631688e+04
   8.7500000e+01   2.1023472e+05  -6.0908918e+04
   8.7600000e+01   1.7836120e+05  -7.1205711e+04
   8.7700000e+01   1.3738094e+05  -8.1976695e+04
   8.7800000e+01   9.2070289e+04  -9.0635609e+04
   8.7900000e+01   4.9220656e+04  -9.5592797e+04
   8.8000000e+01   1.2835717e+04  -9.8647234e+04
   8.8100000e+01  -1.8086705e+04  -1.0402023e+05
   8.8200000e+01  -4.7292219e+04  -1.1454511e+05
   8.8300000e+01  -7.7261375e+04  -1.2851795e+05
   8.8400000e+01  -1.0734642e+05  -1.4048630e+05
   8.8500000e+01  -1.3487636e+05  -1.4570247e+05
   8.8600000e+01  -1.5703597e+05  -1.4432488e+05
   8.8700000e+01  -1.7176848e+05  -1.4140067e+05
   8.8800000e+01  -1.7822978e+05  -1.4252200e+05
   8.8900000e+01  -1.7772017e+05  -1.4905716e+05
   8.9000000e+01  -1.7419217e+05  -1.5701827e+05
   8.9100000e+01  -1.7261731e+05  -1.6003334e+05
   8.9200000e+01  -1.7559664e+05  -1.5342389e+05
   8.9300000e+01  -1.8120275e+05  -1.3622491e+05
   8.9400000e+01  -1.8453411e+05  -1.1044582e+05
   8.9500000e+01  -1.8187239e+05  -7.9051875e+04
   8.9600000e+01  -1.7354145e+05  -4.4435133e+04
   8.9700000e+01  -1.6272962e+05  -8.1427578e+03
   8.9800000e+01  -1.5151477e+05   2.8455525e+04
   8.9900000e+01  -1.3808042e+05   6.3486758e+04
   9.0000000e+01  -1.1796769e+05   9.4706609e+04
   9.0100000e+01  -8.8345023e+04   1.2047534e+05
   9.0200000e+01  -5.1343227e+04   1.4075552e+05
   9.0300000e+01  -1.3260049e+04   1.5724386e+05
   9.0400000e+01   1.9711104e+04   1.7239220e+05
   9.0500000e+01   4.5254012e+04   1.8762912e+05
   9.0600000e+01   6.4834410e+04   2.0145255e+05
   9.0700000e+01   8.0454125e+04   2.0874773e+05
   9.0800000e+01   9.2245805e+04   2.0302100e+05
   9.0900000e+01   9.9624000e+04   1.8146905e+05
   9.1000000e+01   1.0419237e+05   1.4930092e+05
   9.1100000e+01   1.1017710e+05   1.1846883e+05
   9.1200000e+01   1.2096589e+05   1.0010483e+05
   9.1300000e+01   1.3522861e+05   9.6455000e+04
   9.1400000e+01   1.4715773e+05   9.9710570e+04
   9.1500000e+01   1.5108222e+05   9.9029234e+04
   9.1600000e+01   1.4595823e+05   8.9218148e+04
   9.1700000e+01   1.3544373e+05   7.3371086e+04
   9.1800000e+01   1.2401591e+05   5.8235953e+04
   9.1900000e+01   1.1344084e+05   4.7921699e+04
   9.2000000e+01   1.0286632e+05   4.1834039e+04
   9.2100000e+01   9.1519461e+04   3.7315184e+04
   9.2200000e+01   8.0303406e+04   3.2850617e+04
   9.2300000e+01   7.0201984e+04   2.8309973e+04
   9.2400000e+01   5.9364832e+04   2.2792646e+04
   9.2500000e+01   4.2724797e+04   1.3362176e+04
   9.2600000e+01   1.5630094e+04  -3.3623013e+03
   9.2700000e+01  -2.1572965e+04  -2.8310377e+04
   9.2800000e+01  -6.2861223e+04  -5.9060879e+04
   9.2900000e+01  -1.0105918e+05  -9.2175055e+04
   9.3000000e+01  -1.3322816e+05  -1.2624846e+05
   9.3100000e+01  -1.6120303e+05  -1.6202686e+05
   9.3200000e+01  -1.8667044e+05  -1.9915031e+05
   9.3300000e+01  -2.0648041e+05  -2.3333578e+05
   9.3400000e+01  -2.1399144e+05  -2.5792002e+05
   9.3500000e+01  -2.0553366e+05  -2.6886150e+05
   9.3600000e+01  -1.8500220e+05  -2.6787175e+05
   9.3700000e+01  -1.6124462e+05  -2.5985341e+05
   9.3800000e+01  -1.4058870e+05  -2.4711103e+05
   9.3900000e+01  -1.2195870e+05  -2.2669219e+05
   9.4000000e+01  -9.9033305e+04  -1.9394403e+05
   9.4100000e+01  -6.6559719e+04  -1.4849703e+05
   9.4200000e+01  -2.4446826e+04  -9.6257688e+04
   9.4300000e+01   2.3262641e+04  -4.5444770e+04
   9.4400000e+01   7.1850656e+04  -9.0756494e+02
   9.4500000e+01   1.1779282e+05   3.7904516e+04
   9.4600000e+01   1.5840847e+05   7.4364852e+04
   9.4700000e+01   1.9166380e+05   1.1093405e+05
   9.4800000e+01   2.1736339e+05   1.4767709e+05
   9.4900000e+01   2.3777548e+05   1.8322136e+05
   9.5000000e+01   2.5535341e+05   2.1613383e+05
   9.5100000e+01   2.6875403e+05   2.4529292e+05
   9.5200000e+01   2.7156684e+05   2.6948716e+05
   9.5300000e+01   2.5647753e+05   2.8707947e+05
   9.5400000e+01   2.2199428e+05   2.9613438e+05
   9.5500000e+01   1.7530859e+05   2.9501319e+05
   9.5600000e+01   1.2781136e+05   2.8328419e+05
   9.5700000e+01   8.6875125e+04   2.6237272e+05
   9.5800000e+01   5.1484660e+04   2.3501425e+05
   9.5900000e+01   1.5639666e+04   2.0335922e+05
   9.6000000e+01  -2.4305672e+04   1.6722956e+05
   9.6100000e+01  -6.5827711e+04   1.2453314e+05
   9.6200000e+01  -1.0299158e+05   7.3936547e+04
   9.6300000e+01  -1.3153898e+05   1.7406973e+04
   9.6400000e+01  -1.5034080e+05  -3.9814141e+04
   9.6500000e+01  -1.5877288e+05  -9.1604305e+04
   9.6600000e+01  -1.5504875e+05  -1.3337052e+05
   9.6700000e+01  -1.3881206e+05  -1.6291338e+05
   9.6800000e+01  -1.1466800e+05  -1.8034512e+05
   9.6900000e+01  -9.0878945e+04  -1.8801938e+05
   9.7000000e+01  -7.3096109e+04  -1.8987422e+05
   9.7100000e+01  -5.9833121e+04  -1.8920873e+05
   9.7200000e+01  -4.5233805e+04  -1.8605347e+05
   9.7300000e+01  -2.6328816e+04  -1.7700462e+05
   9.7400000e+01  -6.6684478e+03  -1.5845630e+05
   9.7500000e+01   7.3507300e+03  -1.3032730e+05
   9.7600000e+01   1.2550766e+04  -9.6569656e+04
   9.7700000e+01   1.0435566e+04  -6.2372223e+04
   9.7800000e+01   3.5593354e+03  -3.1551662e+04
   9.7900000e+01  -7.4821812e+03  -6.6594131e+03
   9.8000000e+01  -2.2647531e+04   9.6288125e+03
   9.8100000e+01  -3.9557645e+04   1.4802480e+04
   9.8200000e+01  -5.4038508e+04   8.6455703e+03
   9.8300000e+01  -6.3744059e+04  -5.7079673e+03
   9.8400000e+01  -6.9634672e+04  -2.3783828e+04
   9.8500000e+01  -7.2739586e+04  -4.3124938e+04
   9.8600000e+01  -7.0397094e+04  -6.4550516e+04
   9.8700000e+01  -5.7673270e+04  -9.0102125e+04
   9.8800000e+01  -3.3359637e+04  -1.1976797e+05
   9.8900000e+01  -3.7360493e+03  -1.4987252e+05
   9.9000000e+01   2.0844496e+04  -1.7416412e+05
   9.9100000e+01   3.3723242e+04  -1.8659303e+05
   9.9200000e+01   3.6757086e+04  -1.8414119e+05
   9.9300000e+01   3.8225906e+04  -1.6837855e+05
   9.9400000e+01   4.6258512e+04  -1.4488953e+05
   9.9500000e+01   6.2940176e+04  -1.2047828e+05
   9.9600000e+01   8.2447188e+04  -9.9405586e+04
   9.9700000e+01   9.3781172e+04  -8.1072797e+04
   9.9800000e+01   8.6811570e+04  -6.1179863e+04
   9.9900000e+01   5.8612207e+04  -3.5925793e+04
   1.0000000e+02   1.6172217e+04  -5.8857739e+03
