1.185126999999999953e+02 3.630142000000000024e+01 1.845000000000000000e+02
1.187916400000000010e+02 3.640223499999999746e+01 1.660000000000000000e+02
0.000000000000000000e+00 -6.061905785703645088e+05 -6.061905785703645088e+05
1.000000000000000056e-01 -7.659750656869735103e+05 -4.544566805697360542e+05
2.000000000000000111e-01 -9.465441881695083575e+05 -2.871602552370525664e+05
2.999999999999999889e-01 -1.129882155545812566e+06 -9.743723976614503772e+04
4.000000000000000222e-01 -1.278500678266548319e+06 9.942201506057262304e+04
5.000000000000000000e-01 -1.365352839141315548e+06 2.843466049998233211e+05
5.999999999999999778e-01 -1.388519375213736668e+06 4.509544005467738607e+05
6.999999999999999556e-01 -1.357470465050559491e+06 6.008068519717166200e+05
8.000000000000000444e-01 -1.274231192267379723e+06 7.283093518618217204e+05
9.000000000000000222e-01 -1.137257896660132799e+06 8.207533351154807024e+05
1.000000000000000000e+00 -9.626059552975554252e+05 8.780131862223066855e+05
1.100000000000000089e+00 -7.909351046717978315e+05 9.260476406901625451e+05
1.199999999999999956e+00 -6.651344746843294706e+05 1.000444480582064018e+06
1.300000000000000044e+00 -6.002064133409064962e+05 1.112850580340992194e+06
1.399999999999999911e+00 -5.771321291664484888e+05 1.238557241776068928e+06
1.500000000000000000e+00 -5.651930443753318395e+05 1.341578596440711524e+06
1.600000000000000089e+00 -5.480902539567258209e+05 1.408660322710959241e+06
1.699999999999999956e+00 -5.302268592010458233e+05 1.453207586806742474e+06
1.800000000000000044e+00 -5.230655145697040716e+05 1.488571955615210347e+06
1.899999999999999911e+00 -5.283907191709912149e+05 1.507578519336619880e+06
2.000000000000000000e+00 -5.320734319426137954e+05 1.493185460011495510e+06
2.100000000000000089e+00 -5.089829399180900655e+05 1.442043190761271631e+06
2.200000000000000178e+00 -4.323325958143605967e+05 1.367292825032675173e+06
2.299999999999999822e+00 -2.827680566462264978e+05 1.278013202597429976e+06
2.399999999999999911e+00 -5.669799982711288612e+04 1.165197477206416195e+06
2.500000000000000000e+00 2.275194354469978716e+05 1.013763713542685378e+06
2.600000000000000089e+00 5.312776512385618407e+05 8.235984227675828151e+05
2.700000000000000178e+00 8.096891084906280739e+05 6.112116704529267736e+05
2.799999999999999822e+00 1.031782524749703938e+06 3.908886251709574135e+05
2.899999999999999911e+00 1.191884459935367107e+06 1.607729379933325108e+05
3.000000000000000000e+00 1.302804113960120128e+06 -8.979968236481241183e+04
3.100000000000000089e+00 1.377880660347211407e+06 -3.639535523314087768e+05
3.200000000000000178e+00 1.418133112402373459e+06 -6.523401130744291004e+05
3.299999999999999822e+00 1.413414732691957615e+06 -9.406554407679778524e+05
3.399999999999999911e+00 1.353363997230456211e+06 -1.214598056973563740e+06
3.500000000000000000e+00 1.238527255667471560e+06 -1.456009826331317425e+06
3.600000000000000089e+00 1.084304884248362621e+06 -1.641028734164550435e+06
3.700000000000000178e+00 9.144294286945409840e+05 -1.749764495422946988e+06
3.799999999999999822e+00 7.471463097032643855e+05 -1.779604771207571030e+06
3.899999999999999911e+00 5.857109960026876070e+05 -1.746586473491288954e+06
4.000000000000000000e+00 4.243995081143247662e+05 -1.672346266590345185e+06
4.099999999999999645e+00 2.652803949887961498e+05 -1.570184391002494842e+06
4.200000000000000178e+00 1.258309111903914163e+05 -1.442712174597993493e+06
4.299999999999999822e+00 2.596481074787671969e+04 -1.289685395779881626e+06
4.400000000000000355e+00 -3.123489505376204033e+04 -1.116417450045582838e+06
4.500000000000000000e+00 -6.149348306786362082e+04 -9.368778642170899548e+05
4.599999999999999645e+00 -8.210152235245233169e+04 -7.713610248615179444e+05
4.700000000000000178e+00 -9.764865728904852585e+04 -6.398442887211723719e+05
4.799999999999999822e+00 -1.047083571418157953e+05 -5.537719560275500407e+05
4.900000000000000355e+00 -1.048723488116370863e+05 -5.133007583683948033e+05
5.000000000000000000e+00 -1.064903364678628859e+05 -5.151162089873764198e+05
5.099999999999999645e+00 -1.147629533925712458e+05 -5.632229749034164706e+05
5.200000000000000178e+00 -1.272805156656706822e+05 -6.663052275577458786e+05
5.299999999999999822e+00 -1.426955066523164278e+05 -8.174423909511846723e+05
5.400000000000000355e+00 -1.695081869451617822e+05 -9.759111161217151675e+05
5.500000000000000000e+00 -2.208301360498940339e+05 -1.075856163209376624e+06
5.599999999999999645e+00 -3.005957803227705299e+05 -1.060909780099591473e+06
5.700000000000000178e+00 -3.989748987837064196e+05 -9.149277312229040544e+05
5.799999999999999822e+00 -5.032412613775832579e+05 -6.616304046855383785e+05
5.900000000000000355e+00 -6.109521721841586987e+05 -3.375353766051253770e+05
6.000000000000000000e+00 -7.296104812768835109e+05 3.320753030335479707e+04
6.099999999999999645e+00 -8.630649334378007334e+05 4.411092355695527513e+05
6.200000000000000178e+00 -9.999059757895055227e+05 8.754421011144057848e+05
6.299999999999999822e+00 -1.116680185150430538e+06 1.309411227168302052e+06
6.400000000000000355e+00 -1.192915956422482152e+06 1.699825918128633173e+06
6.500000000000000000e+00 -1.223195561356659280e+06 2.000977620836849790e+06
6.599999999999999645e+00 -1.215412393621762283e+06 2.183148170485143084e+06
6.700000000000000178e+00 -1.178588936290715588e+06 2.243476599587340374e+06
6.799999999999999822e+00 -1.112895237903846428e+06 2.200680104603681248e+06
6.900000000000000355e+00 -1.010333623249211116e+06 2.076355031213267241e+06
7.000000000000000000e+00 -8.634917620507138781e+05 1.878142754421079531e+06
7.099999999999999645e+00 -6.740252711603845237e+05 1.600872094689187361e+06
7.200000000000000178e+00 -4.554679156246918137e+05 1.246416560076887487e+06
7.299999999999999822e+00 -2.299623629865290131e+05 8.451040983869640622e+05
7.400000000000000355e+00 -2.050381133496115217e+04 4.589759521450162865e+05
7.500000000000000000e+00 1.586870675960539375e+05 1.619441818916856719e+05
7.599999999999999645e+00 3.084814256131773582e+05 9.369469517636287492e+03
7.700000000000000178e+00 4.422984244395884452e+05 1.613173613389203092e+04
7.799999999999999822e+00 5.750109564082085853e+05 1.560330868171298353e+05
7.900000000000000355e+00 7.114356782474042848e+05 3.818834303098032251e+05
8.000000000000000000e+00 8.432600084276366979e+05 6.518222444402289111e+05
8.099999999999999645e+00 9.553571368992530042e+05 9.422995807991498150e+05
8.199999999999999289e+00 1.034917425575161353e+06 1.238753202854455682e+06
8.300000000000000711e+00 1.077353317395307124e+06 1.515471281263397541e+06
8.400000000000000355e+00 1.088029744303023443e+06 1.726890092901256634e+06
8.500000000000000000e+00 1.080340049550610827e+06 1.820815175457925536e+06
8.599999999999999645e+00 1.068692895953889703e+06 1.761677295553193893e+06
8.699999999999999289e+00 1.057340438001050381e+06 1.543468863895350136e+06
8.800000000000000711e+00 1.033464598674963461e+06 1.184725586629189085e+06
8.900000000000000355e+00 9.744794671303740470e+05 7.144964342393530533e+05
9.000000000000000000e+00 8.674663469695239328e+05 1.613614967759609281e+05
9.099999999999999645e+00 7.239579104080111720e+05 -4.496454255817405647e+05
9.199999999999999289e+00 5.747021978480569087e+05 -1.092845143698392902e+06
9.300000000000000711e+00 4.479445298400473548e+05 -1.733714520192315569e+06
9.400000000000000355e+00 3.507001288318241714e+05 -2.325113465171554126e+06
9.500000000000000000e+00 2.681669869127783459e+05 -2.818227963254810311e+06
9.599999999999999645e+00 1.786486936419479898e+05 -3.185556916453522630e+06
9.699999999999999289e+00 7.008518710871055373e+04 -3.433693102989893407e+06
9.800000000000000711e+00 -5.265436758451614878e+04 -3.585215350249985233e+06
9.900000000000000355e+00 -1.719188201024411537e+05 -3.640882843111363240e+06
1.000000000000000000e+01 -2.693323359015851747e+05 -3.562115060411342420e+06
1.009999999999999964e+01 -3.386657046998181613e+05 -3.299324661040008534e+06
1.019999999999999929e+01 -3.902653908774324809e+05 -2.842862467935420573e+06
1.030000000000000071e+01 -4.421020191877772450e+05 -2.245600255253704730e+06
1.040000000000000036e+01 -5.041289441346169333e+05 -1.594415021218352951e+06
1.050000000000000000e+01 -5.704316271459143609e+05 -9.606222182833660627e+05
1.059999999999999964e+01 -6.267446317766516004e+05 -3.762670517929517664e+05
1.069999999999999929e+01 -6.652181140336432727e+05 1.511827255805839668e+05
1.080000000000000071e+01 -6.912514603681867011e+05 6.140098390471942257e+05
1.090000000000000036e+01 -7.161700984945221571e+05 9.988563990279706195e+05
1.100000000000000000e+01 -7.436700732739040395e+05 1.299092909343631240e+06
1.109999999999999964e+01 -7.628630914841771591e+05 1.522376620387027506e+06
1.119999999999999929e+01 -7.540508542218010407e+05 1.681951255786055466e+06
1.130000000000000071e+01 -7.029174811318095308e+05 1.782885722646161681e+06
1.140000000000000036e+01 -6.123207584266262129e+05 1.819126519206088036e+06
1.150000000000000000e+01 -5.018729697442597244e+05 1.782525580588685349e+06
1.159999999999999964e+01 -3.944977025573959108e+05 1.672478480597277870e+06
1.169999999999999929e+01 -3.007215294390025665e+05 1.498060043618786382e+06
1.180000000000000071e+01 -2.145133795942703437e+05 1.275134510366472416e+06
1.190000000000000036e+01 -1.235677015471629566e+05 1.024173564727901015e+06
1.200000000000000000e+01 -2.256630609172271215e+04 7.688650042384922272e+05
1.209999999999999964e+01 8.327048451243509771e+04 5.313255403366282117e+05
1.219999999999999929e+01 1.841728447166335245e+05 3.236482322852057405e+05
1.230000000000000071e+01 2.714007999388405588e+05 1.426307976137163350e+05
1.240000000000000036e+01 3.375820477559709107e+05 -2.491233187617079238e+04
1.250000000000000000e+01 3.769756615839102305e+05 -1.872865614621502173e+05
1.259999999999999964e+01 3.895855281295522582e+05 -3.343264127024879563e+05
1.269999999999999929e+01 3.834573338202557061e+05 -4.371863829143618932e+05
1.280000000000000071e+01 3.687892672811280354e+05 -4.639476776014679344e+05
1.290000000000000036e+01 3.493127358713686699e+05 -4.003612826315849670e+05
1.300000000000000000e+01 3.229278378553019720e+05 -2.597804996264685469e+05
1.309999999999999964e+01 2.922611869615727337e+05 -7.444003057031761273e+04
1.319999999999999929e+01 2.707543642061427236e+05 1.242732136909055698e+05
1.330000000000000071e+01 2.734636876625864534e+05 3.196550728646888165e+05
1.340000000000000036e+01 3.013758899243035703e+05 5.069082030376259354e+05
1.350000000000000000e+01 3.377014289804571308e+05 6.794212373767836252e+05
1.359999999999999964e+01 3.607351132620716235e+05 8.202105602636196418e+05
1.369999999999999929e+01 3.586099001946405624e+05 9.081472431999387918e+05
1.380000000000000071e+01 3.314097731809157412e+05 9.319096191493523074e+05
1.390000000000000036e+01 2.835329993790418375e+05 8.959373746153074317e+05
1.400000000000000000e+01 2.194373929636999383e+05 8.118442812519668369e+05
1.409999999999999964e+01 1.467887464579071093e+05 6.854748658273189794e+05
1.419999999999999929e+01 7.791571816033736104e+04 5.148070650537954061e+05
1.430000000000000071e+01 2.275121368581271963e+04 3.012001320356415818e+05
1.440000000000000036e+01 -1.978134890106608509e+04 6.076650590465682035e+04
1.450000000000000000e+01 -6.004632059731619665e+04 -1.777065013177078508e+05
1.459999999999999964e+01 -1.054456637908739795e+05 -3.867198832334061153e+05
1.469999999999999929e+01 -1.506519920849537593e+05 -5.519337320584979607e+05
1.480000000000000071e+01 -1.811250748638984223e+05 -6.723571197902462445e+05
1.490000000000000036e+01 -1.861981950646400801e+05 -7.532507947561221663e+05
1.500000000000000000e+01 -1.686869117663551588e+05 -8.015018077448247932e+05
1.509999999999999964e+01 -1.429721584155893652e+05 -8.251015234937432688e+05
1.519999999999999929e+01 -1.248458081202073954e+05 -8.306439886439917609e+05
1.530000000000000071e+01 -1.219496358511371654e+05 -8.174583117311927490e+05
1.540000000000000036e+01 -1.309857878347582300e+05 -7.764298954411372542e+05
1.550000000000000000e+01 -1.424276812378156756e+05 -6.995647925732658478e+05
1.559999999999999964e+01 -1.490516997049679048e+05 -5.927099611484163906e+05
1.569999999999999929e+01 -1.517990714853370446e+05 -4.766640549644306302e+05
1.580000000000000071e+01 -1.573076748717653390e+05 -3.729622824148593354e+05
1.590000000000000036e+01 -1.682495702038418967e+05 -2.878891749472423689e+05
1.600000000000000000e+01 -1.761301945882599102e+05 -2.107761546800442156e+05
1.610000000000000142e+01 -1.662900170621603029e+05 -1.273549649612231879e+05
1.619999999999999929e+01 -1.329260805558197899e+05 -3.387102691649744520e+04
1.630000000000000071e+01 -8.927789977290213574e+04 6.127259931708752993e+04
1.639999999999999858e+01 -6.033309308686785516e+04 1.479372673948434531e+05
1.650000000000000000e+01 -6.286673174922427279e+04 2.253730519766313373e+05
1.660000000000000142e+01 -9.198643797157626250e+04 3.032292323264681036e+05
1.669999999999999929e+01 -1.276022347821853327e+05 3.907514076357602025e+05
1.680000000000000071e+01 -1.535721094468885567e+05 4.826002313474977273e+05
1.689999999999999858e+01 -1.694490231314203993e+05 5.541548218843300128e+05
1.700000000000000000e+01 -1.840249478296510933e+05 5.734048475875550648e+05
1.710000000000000142e+01 -2.002405260145426146e+05 5.224498719459304120e+05
1.719999999999999929e+01 -2.093264968256391003e+05 4.108035301825937931e+05
1.730000000000000071e+01 -1.998720363773157005e+05 2.678021040085915010e+05
1.739999999999999858e+01 -1.701503182018547668e+05 1.203246070632252377e+05
1.750000000000000000e+01 -1.293451475368383690e+05 -2.383450323472043965e+04
1.760000000000000142e+01 -8.700514665635378333e+04 -1.726106528960148571e+05
1.769999999999999929e+01 -4.334784611174953898e+04 -3.317786292494334048e+05
1.780000000000000071e+01 8.710900588460957806e+03 -4.905779571975628496e+05
1.789999999999999858e+01 7.247422863699709706e+04 -6.230251286143995821e+05
1.800000000000000000e+01 1.398117103019778151e+05 -7.019191603225815343e+05
1.810000000000000142e+01 1.954918830918033491e+05 -7.136544811122503597e+05
1.819999999999999929e+01 2.294446991082768945e+05 -6.639989652985375142e+05
1.830000000000000071e+01 2.449144826892759593e+05 -5.720759891019612551e+05
1.839999999999999858e+01 2.547917769057882542e+05 -4.567905998642203631e+05
1.850000000000000000e+01 2.701840478284083656e+05 -3.253231324941462371e+05
1.860000000000000142e+01 2.924709309871688019e+05 -1.735338539368960774e+05
1.869999999999999929e+01 3.156404743431205861e+05 9.137350590546848252e+02
1.880000000000000071e+01 3.346769406975244638e+05 1.851168406384702539e+05
1.889999999999999858e+01 3.500800746449880535e+05 3.524588901489751297e+05
1.900000000000000000e+01 3.640760001780326711e+05 4.800397097414400778e+05
1.910000000000000142e+01 3.740886281595849432e+05 5.650610172280822881e+05
1.919999999999999929e+01 3.720773590190446703e+05 6.229335710067432374e+05
1.930000000000000071e+01 3.513307133396696299e+05 6.692106039462528424e+05
1.939999999999999858e+01 3.135352446392712300e+05 7.044489184825366829e+05
1.950000000000000000e+01 2.680825832403795794e+05 7.161505000104766805e+05
1.960000000000000142e+01 2.231889094501683139e+05 6.922789360246502329e+05
1.969999999999999929e+01 1.766628898280270514e+05 6.305791411576992832e+05
1.980000000000000071e+01 1.155616568502225855e+05 5.369501831088273320e+05
1.989999999999999858e+01 2.723691144792411069e+04 4.196002914580060169e+05
2.000000000000000000e+01 -8.587218902374847676e+04 2.866315930189770879e+05
2.010000000000000142e+01 -2.010102686675969162e+05 1.461324171637316758e+05
2.019999999999999929e+01 -2.873304332463051542e+05 4.715881931352312677e+03
2.030000000000000071e+01 -3.284050960498450440e+05 -1.339783842382223811e+05
2.039999999999999858e+01 -3.357497369719569688e+05 -2.664476013778357301e+05
2.050000000000000000e+01 -3.390691133071047952e+05 -3.840208045072395471e+05
2.060000000000000142e+01 -3.599699010920196306e+05 -4.727630543903148500e+05
2.069999999999999929e+01 -3.930170156121252803e+05 -5.211132391737198923e+05
2.080000000000000071e+01 -4.119924469173308462e+05 -5.273083369314091979e+05
2.089999999999999858e+01 -3.944948862586435862e+05 -4.976285012021249859e+05
2.100000000000000000e+01 -3.403893801407548599e+05 -4.375547988148003933e+05
2.110000000000000142e+01 -2.676978993743843166e+05 -3.470917628168638330e+05
2.119999999999999929e+01 -1.934565767177537491e+05 -2.267600503027926898e+05
2.130000000000000071e+01 -1.204415756498899573e+05 -8.771706118880346185e+04
2.139999999999999858e+01 -4.105956885179944220e+04 4.625539221976512636e+04
2.150000000000000000e+01 4.921788492143880285e+04 1.491172504748849606e+05
2.160000000000000142e+01 1.437246206792022276e+05 2.069870665311483608e+05
2.169999999999999929e+01 2.277634580972046242e+05 2.243766256172596186e+05
2.180000000000000071e+01 2.873053643258301308e+05 2.176564970783840399e+05
2.189999999999999858e+01 3.149586688784821308e+05 2.020012933956411434e+05
2.200000000000000000e+01 3.104340744965256890e+05 1.822083981152648630e+05
2.210000000000000142e+01 2.777889732458139770e+05 1.530173263339580444e+05
2.219999999999999929e+01 2.224842313801514392e+05 1.065352430830376543e+05
2.230000000000000071e+01 1.499540388952748326e+05 4.004232524203816138e+04
2.239999999999999858e+01 6.609693755281607446e+04 -4.105357514628198260e+04
2.250000000000000000e+01 -2.145837444358365974e+04 -1.259184663450765074e+05
2.260000000000000142e+01 -1.037073726500251505e+05 -2.038834896637361962e+05
2.269999999999999929e+01 -1.734064201666286972e+05 -2.689332752394260024e+05
2.280000000000000071e+01 -2.286886826190166757e+05 -3.200163997283853823e+05
2.289999999999999858e+01 -2.732150823741143104e+05 -3.569843594930182444e+05
2.300000000000000000e+01 -3.118823558224176522e+05 -3.758100224220788223e+05
2.310000000000000142e+01 -3.457858264017216861e+05 -3.684558815837273141e+05
2.319999999999999929e+01 -3.710990824738956289e+05 -3.292688648275554879e+05
2.330000000000000071e+01 -3.826125074915756704e+05 -2.629213357846377185e+05
2.339999999999999858e+01 -3.782128297650525928e+05 -1.856290472513601999e+05
2.350000000000000000e+01 -3.600565609972639941e+05 -1.165015950423733593e+05
2.360000000000000142e+01 -3.315487783193037612e+05 -6.543576050981434673e+04
2.369999999999999929e+01 -2.929767080521648168e+05 -2.811737645510790026e+04
2.380000000000000071e+01 -2.397184502065647102e+05 7.463458222782051962e+03
2.389999999999999858e+01 -1.648950711140427738e+05 4.914681060276590142e+04
2.400000000000000000e+01 -6.490528650371260301e+04 9.398554946598337847e+04
2.410000000000000142e+01 5.601149026145558310e+04 1.318514584066762181e+05
2.419999999999999929e+01 1.854541417257501744e+05 1.548711417477146606e+05
2.430000000000000071e+01 3.070479896306335577e+05 1.642526466658297577e+05
2.439999999999999858e+01 4.064569128759956802e+05 1.698852848671402317e+05
2.450000000000000000e+01 4.759002285723617533e+05 1.845716108189911465e+05
2.460000000000000142e+01 5.154260850018488709e+05 2.176107706650323234e+05
2.469999999999999929e+01 5.310541559273372404e+05 2.707145169186394778e+05
2.480000000000000071e+01 5.308424813563601347e+05 3.367382661755995941e+05
2.489999999999999858e+01 5.204819802988422452e+05 4.014539354914306314e+05
2.500000000000000000e+01 5.006634516006133636e+05 4.491162153708473197e+05
2.510000000000000142e+01 4.681721483656401979e+05 4.706404698862780351e+05
2.519999999999999929e+01 4.203347904348348384e+05 4.692862114478883450e+05
2.530000000000000071e+01 3.593031495632415172e+05 4.578841724339610664e+05
2.539999999999999858e+01 2.920184200695145992e+05 4.475260699981733342e+05
2.550000000000000000e+01 2.252815456178598979e+05 4.362321193338477751e+05
2.560000000000000142e+01 1.604255269157428993e+05 4.081912323578705546e+05
2.569999999999999929e+01 9.334674176840667496e+04 3.455111167573819985e+05
2.580000000000000071e+01 2.085026705891354504e+04 2.424420817671822733e+05
2.589999999999999858e+01 -5.251968322434757283e+04 1.092909559984816005e+05
2.600000000000000000e+01 -1.146926832742014230e+05 -3.672466098578199308e+04
2.610000000000000142e+01 -1.547577611507529218e+05 -1.838773197465646081e+05
2.619999999999999929e+01 -1.729620889289601473e+05 -3.297161746727962163e+05
2.630000000000000071e+01 -1.824274707715481345e+05 -4.740480682663126499e+05
2.639999999999999858e+01 -1.998393779161010461e+05 -6.094077723919478012e+05
2.650000000000000000e+01 -2.324057772421752743e+05 -7.185524560229410417e+05
2.660000000000000142e+01 -2.721221313148190384e+05 -7.813357074982519262e+05
2.669999999999999929e+01 -3.023254303570288466e+05 -7.856839809264867799e+05
2.680000000000000071e+01 -3.112124848589904141e+05 -7.347731411774028093e+05
2.689999999999999858e+01 -3.012301155334009673e+05 -6.450650304340785369e+05
2.700000000000000000e+01 -2.864456664657170186e+05 -5.358238370480015874e+05
2.710000000000000142e+01 -2.796516267474581255e+05 -4.174314044346196461e+05
2.719999999999999929e+01 -2.799364631696896977e+05 -2.880507903861910454e+05
2.730000000000000071e+01 -2.723420912371112499e+05 -1.418199869146275742e+05
2.739999999999999858e+01 -2.415671200640970783e+05 1.899061375668479013e+04
2.750000000000000000e+01 -1.881880686128784728e+05 1.794884703536560119e+05
2.760000000000000142e+01 -1.314753158673512517e+05 3.192033853213558323e+05
2.769999999999999929e+01 -9.432155065105829271e+04 4.233485285268553416e+05
2.780000000000000071e+01 -8.356369421233765024e+04 4.885961432031594450e+05
2.789999999999999858e+01 -8.446670113164465874e+04 5.208457225969426800e+05
2.800000000000000000e+01 -7.432615350348858919e+04 5.291973438398777507e+05
2.810000000000000142e+01 -4.138606753246860171e+04 5.203917315737473546e+05
2.819999999999999929e+01 8.304174655674505630e+03 4.955185539688544814e+05
2.830000000000000071e+01 5.949125701000777190e+04 4.506473600366683095e+05
2.839999999999999858e+01 1.007219270644366043e+05 3.822885786292307894e+05
2.850000000000000000e+01 1.303982694634681102e+05 2.937401554750497453e+05
2.860000000000000142e+01 1.542569030324406340e+05 1.949585976920477697e+05
2.869999999999999929e+01 1.790010590090581100e+05 9.438680475837748963e+04
2.880000000000000071e+01 2.059797904692525044e+05 -8.250614543456118554e+03
2.889999999999999858e+01 2.276102267277904321e+05 -1.181007331589554524e+05
2.900000000000000000e+01 2.303199524548380286e+05 -2.328940057922285050e+05
2.910000000000000142e+01 2.048920922670880100e+05 -3.365027463334785425e+05
2.919999999999999929e+01 1.564031009898387711e+05 -4.075291189374013920e+05
2.930000000000000071e+01 1.022353372428721341e+05 -4.351532938092803233e+05
2.939999999999999858e+01 5.717067542886443698e+04 -4.261243293209802941e+05
2.950000000000000000e+01 1.997917579367761937e+04 -3.968222296763475752e+05
2.960000000000000142e+01 -2.335941876567916188e+04 -3.599126279224466416e+05
2.969999999999999929e+01 -8.222028197695218842e+04 -3.182459152033862774e+05
2.980000000000000071e+01 -1.482035435430552752e+05 -2.684295058155270526e+05
2.989999999999999858e+01 -2.003039650932574004e+05 -2.073231833534892648e+05
3.000000000000000000e+01 -2.226881371943801350e+05 -1.358698175095606130e+05
3.010000000000000142e+01 -2.171319278673292720e+05 -6.036300426655567571e+04
3.019999999999999929e+01 -1.994003435087972321e+05 7.815410710150208615e+03
3.030000000000000071e+01 -1.851875923159758095e+05 5.566093073389263009e+04
3.039999999999999858e+01 -1.791449109140991641e+05 7.563295213561308628e+04
3.050000000000000000e+01 -1.747959602916454896e+05 7.117079483149036241e+04
3.060000000000000142e+01 -1.624192745562867203e+05 5.418084476225699473e+04
3.069999999999999929e+01 -1.365871414901191602e+05 3.559567340366374265e+04
3.080000000000000071e+01 -9.782724831660151540e+04 1.833676830952298042e+04
3.089999999999999858e+01 -4.938742795863500214e+04 -9.265775994102477853e+01
3.100000000000000000e+01 6.129948121104410347e+03 -1.910755909471805353e+04
3.110000000000000142e+01 6.733772221145633375e+04 -3.106119110204094977e+04
3.119999999999999929e+01 1.331247357540713274e+05 -2.657823718309276592e+04
3.130000000000000071e+01 2.024707971102313022e+05 -3.158009791999404115e+03
3.139999999999999858e+01 2.743926370257901726e+05 3.214952547402323762e+04
3.150000000000000000e+01 3.460637880874612601e+05 6.811536831203762267e+04
3.160000000000000142e+01 4.104884887620803202e+05 9.704690003827092005e+04
3.169999999999999929e+01 4.580517643344362732e+05 1.188500591161067714e+05
3.180000000000000071e+01 4.826194311385297915e+05 1.402386894585198606e+05
3.189999999999999858e+01 4.860634152237799717e+05 1.705816357411591453e+05
3.200000000000000000e+01 4.750948790840520523e+05 2.154254752305430302e+05
3.210000000000000142e+01 4.529247208509774064e+05 2.699760966893335572e+05
3.220000000000000284e+01 4.148434901967910700e+05 3.183405108851363766e+05
3.229999999999999716e+01 3.524508449108523200e+05 3.431567611604601261e+05
3.239999999999999858e+01 2.616391874851302418e+05 3.404961632108149934e+05
3.250000000000000000e+01 1.467366193522590038e+05 3.257339729409042629e+05
3.260000000000000142e+01 1.912464702554587348e+04 3.211006795468133059e+05
3.270000000000000284e+01 -1.064754422444526426e+05 3.339168443845894071e+05
3.279999999999999716e+01 -2.162910126362365845e+05 3.468634185440724832e+05
3.289999999999999858e+01 -3.024558803637248348e+05 3.319186854217026266e+05
3.300000000000000000e+01 -3.658157529971618787e+05 2.760155798297305591e+05
3.310000000000000142e+01 -4.119477755869841203e+05 1.941250514096136321e+05
3.320000000000000284e+01 -4.421105766792506329e+05 1.174777914108411787e+05
3.329999999999999716e+01 -4.490716581681219977e+05 6.783192197775373643e+04
3.339999999999999858e+01 -4.246227362317406223e+05 4.011946554076403845e+04
3.350000000000000000e+01 -3.716527415174283087e+05 7.198839160029980121e+03
3.360000000000000142e+01 -3.063384915084615932e+05 -5.775757401407830184e+04
3.370000000000000284e+01 -2.466682261514469283e+05 -1.587086249813064933e+05
3.379999999999999716e+01 -1.998102836380939989e+05 -2.715488090877055074e+05
3.389999999999999858e+01 -1.618537702162062051e+05 -3.610639064449401340e+05
3.400000000000000000e+01 -1.279270368524081132e+05 -4.069335947443793411e+05
3.410000000000000142e+01 -9.903195994007066474e+04 -4.168270032826660899e+05
3.420000000000000284e+01 -7.850268231427429419e+04 -4.153293025416902965e+05
3.429999999999999716e+01 -6.546065991616702377e+04 -4.200389752415936673e+05
3.439999999999999858e+01 -5.537370013353193644e+04 -4.279922814288537484e+05
3.450000000000000000e+01 -4.666312416874860355e+04 -4.235292882635463029e+05
3.460000000000000142e+01 -4.361675142370042158e+04 -3.963613661590272677e+05
3.470000000000000284e+01 -5.101297468925478461e+04 -3.506934194514835835e+05
3.479999999999999716e+01 -6.689279027668300841e+04 -2.990705058829550399e+05
3.489999999999999858e+01 -8.226520125001984707e+04 -2.505549422760228917e+05
3.500000000000000000e+01 -8.819441114291881968e+04 -2.047870807506172569e+05
3.510000000000000142e+01 -8.261754340857744683e+04 -1.543383645387005236e+05
3.520000000000000284e+01 -7.011129080954570964e+04 -9.112738702493601886e+04
3.529999999999999716e+01 -5.532485577922521043e+04 -1.303338460616536031e+04
3.539999999999999858e+01 -3.682991562098883878e+04 7.199518589732697001e+04
3.550000000000000000e+01 -7.672419337817500491e+03 1.479510108887418464e+05
3.560000000000000142e+01 3.723217049098950520e+04 2.003150952852047049e+05
3.570000000000000284e+01 9.350658983619011997e+04 2.270742762282624026e+05
3.579999999999999716e+01 1.473451931620472751e+05 2.404550212193473126e+05
3.589999999999999858e+01 1.843368652758282551e+05 2.553350356201336253e+05
3.600000000000000000e+01 1.995048897212421580e+05 2.738702779032804538e+05
3.610000000000000142e+01 1.995220835041169194e+05 2.814886137357106199e+05
3.620000000000000284e+01 1.959172617614517803e+05 2.592912385362522036e+05
3.629999999999999716e+01 1.965071244542490167e+05 2.016674885789127438e+05
3.639999999999999858e+01 2.020221772109135345e+05 1.225391315875213477e+05
3.650000000000000000e+01 2.078648900089373928e+05 4.468083240566315362e+04
3.660000000000000142e+01 2.068306916805661167e+05 -1.756302828531642444e+04
3.670000000000000284e+01 1.913727005000502977e+05 -6.677813285351965169e+04
3.679999999999999716e+01 1.572820027722084778e+05 -1.159267690350500925e+05
3.689999999999999858e+01 1.083833985297028848e+05 -1.734708145249626832e+05
3.700000000000000000e+01 5.748026684791842126e+04 -2.324993269337436068e+05
3.710000000000000142e+01 2.002356342360431518e+04 -2.722071324484088691e+05
3.720000000000000284e+01 4.148569515980620054e+03 -2.713037151305692969e+05
3.729999999999999716e+01 5.648620392233904568e+03 -2.244820468757455528e+05
3.739999999999999858e+01 1.289456244707776204e+04 -1.491876229573909659e+05
3.750000000000000000e+01 1.783123145807732362e+04 -7.500603637731814524e+04
3.760000000000000142e+01 2.347534529433000716e+04 -2.180178906792333510e+04
3.770000000000000284e+01 4.086629241137669305e+04 1.521416263070233981e+04
3.779999999999999716e+01 7.718547823269845685e+04 5.883485415438715427e+04
3.789999999999999858e+01 1.250365536888570205e+05 1.263640001083144307e+05
3.800000000000000000e+01 1.635621438325579220e+05 2.109489477011256386e+05
3.810000000000000142e+01 1.727321178832367004e+05 2.853111403569922550e+05
3.820000000000000284e+01 1.493227577815030818e+05 3.236117566721355543e+05
3.829999999999999716e+01 1.094398789710117271e+05 3.204309698460957734e+05
3.839999999999999858e+01 7.411774266697923304e+04 2.908092560424180701e+05
3.850000000000000000e+01 5.135218932407361717e+04 2.546060065324021270e+05
3.860000000000000142e+01 3.165465570515022409e+04 2.212210528221987479e+05
3.870000000000000284e+01 -1.848047693940825411e+02 1.866777565590692684e+05
3.879999999999999716e+01 -5.078805153854656965e+04 1.423216160805987311e+05
3.889999999999999858e+01 -1.147591260722729785e+05 8.611640027750159788e+04
3.900000000000000000e+01 -1.810991565429826733e+05 2.788643868930564349e+04
3.910000000000000142e+01 -2.391461323722516245e+05 -1.501823603629196805e+04
3.920000000000000284e+01 -2.796490389840875869e+05 -2.899629729511568439e+04
3.929999999999999716e+01 -2.960101133705914253e+05 -1.448415388176046690e+04
3.939999999999999858e+01 -2.889021701484501828e+05 1.351246215610042418e+04
3.950000000000000000e+01 -2.684187967318440205e+05 3.654650823501635023e+04
3.960000000000000142e+01 -2.474173903027028427e+05 4.674321064630345791e+04
3.970000000000000284e+01 -2.306082417525033234e+05 5.097903902153680247e+04
3.979999999999999716e+01 -2.112214881632492761e+05 6.104070916852456139e+04
3.989999999999999858e+01 -1.795813679914751847e+05 7.896525414464378264e+04
4.000000000000000000e+01 -1.344572106660107966e+05 9.140972566912387265e+04
4.010000000000000142e+01 -8.519793718169155181e+04 7.836387855070273508e+04
4.020000000000000284e+01 -4.307592438798939838e+04 2.880732968481719581e+04
4.029999999999999716e+01 -1.127127957862426410e+04 -4.937476036461622425e+04
4.039999999999999858e+01 1.660664674987830949e+04 -1.328152708262993256e+05
4.050000000000000000e+01 4.831585538873112819e+04 -1.970446206335644529e+05
4.060000000000000142e+01 8.301941066150175175e+04 -2.316823424162240117e+05
4.070000000000000284e+01 1.094684586869521736e+05 -2.454167977360212535e+05
4.079999999999999716e+01 1.152684963061343005e+05 -2.569420780261651671e+05
4.089999999999999858e+01 9.919545678256574320e+04 -2.790048784319080296e+05
4.100000000000000000e+01 7.393573161146773782e+04 -3.084883151297275326e+05
4.110000000000000142e+01 5.521086745864320255e+04 -3.300008956249180483e+05
4.120000000000000284e+01 4.783692658226679487e+04 -3.285207306881407276e+05
4.129999999999999716e+01 4.338008654684136854e+04 -2.999095404221258359e+05
4.139999999999999858e+01 3.152802314852752897e+04 -2.520879835913066927e+05
4.150000000000000000e+01 1.217099463127541821e+04 -1.983432497042078758e+05
4.160000000000000142e+01 -4.512565475711264298e+03 -1.488387266661600152e+05
4.170000000000000284e+01 -8.034475705766380997e+03 -1.054780448449302057e+05
4.179999999999999716e+01 4.615367526941408869e+03 -6.270713194502595434e+04
4.189999999999999858e+01 3.006060743040777015e+04 -1.398508461122085282e+04
4.200000000000000000e+01 6.336222071358939866e+04 4.052647764807920612e+04
4.210000000000000142e+01 9.924695974131757976e+04 9.219829177901026560e+04
4.220000000000000284e+01 1.305243469882140053e+05 1.310968652767016320e+05
4.229999999999999716e+01 1.495332548379842483e+05 1.557518640897856385e+05
4.239999999999999858e+01 1.532893297769869678e+05 1.750450569445700967e+05
4.250000000000000000e+01 1.460493499886089121e+05 1.993311401190875913e+05
4.260000000000000142e+01 1.350039274652157037e+05 2.296511381862271810e+05
4.270000000000000284e+01 1.233044848321759637e+05 2.561263133317597094e+05
4.279999999999999716e+01 1.080152789505715773e+05 2.667043987258683192e+05
4.289999999999999858e+01 8.452294030005272361e+04 2.570017795652125496e+05
4.300000000000000000e+01 5.168133967351086903e+04 2.321918585938743781e+05
4.310000000000000142e+01 1.241579285476415680e+04 2.008119352423249511e+05
4.320000000000000284e+01 -2.926704159274561971e+04 1.675332036049378221e+05
4.329999999999999716e+01 -7.056125718576421787e+04 1.313039346606809122e+05
4.339999999999999858e+01 -1.097847755070120911e+05 8.956885671591761638e+04
4.350000000000000000e+01 -1.457056806727005169e+05 4.423953712710042601e+04
4.360000000000000142e+01 -1.774616345206760452e+05 3.870226344756894832e+03
4.370000000000000284e+01 -2.040633410004349425e+05 -2.064630838311387561e+04
4.379999999999999716e+01 -2.231650081620196579e+05 -2.422181478755789794e+04
4.389999999999999858e+01 -2.312232731384686194e+05 -1.284538219808821304e+04
4.400000000000000000e+01 -2.263297831909973174e+05 -5.797446621403360041e+02
4.410000000000000142e+01 -2.107392126859088894e+05 3.553098690818442265e+02
4.420000000000000284e+01 -1.888159930535907624e+05 -1.155647014607900201e+04
4.429999999999999716e+01 -1.614264752823873423e+05 -2.717693158935204701e+04
4.439999999999999858e+01 -1.236518587028538168e+05 -3.607143732517431636e+04
4.450000000000000000e+01 -7.036911192927305819e+04 -3.721097458235715021e+04
4.460000000000000142e+01 -4.905473859484314744e+03 -4.141003050794461888e+04
4.470000000000000284e+01 5.914755634406216268e+04 -6.271992149159617111e+04
4.479999999999999716e+01 1.065280410954311083e+05 -1.056136786319484818e+05
4.489999999999999858e+01 1.317259271850232617e+05 -1.589344825239899510e+05
4.500000000000000000e+01 1.423985015992733533e+05 -2.023645606021005660e+05
4.510000000000000142e+01 1.518280162375611835e+05 -2.206660204675094283e+05
4.520000000000000284e+01 1.673984492641642282e+05 -2.140739483446144732e+05
4.529999999999999716e+01 1.845302106642958242e+05 -1.962536742406318081e+05
4.539999999999999858e+01 1.902609189995492925e+05 -1.818782924883175292e+05
4.550000000000000000e+01 1.736344056655291351e+05 -1.747217293118670932e+05
4.560000000000000142e+01 1.355801420554000651e+05 -1.661218597413060488e+05
4.570000000000000284e+01 9.061067382313884445e+04 -1.439440018189474067e+05
4.579999999999999716e+01 5.765692117065006460e+04 -1.032525918693306594e+05
4.589999999999999858e+01 4.627618571115935629e+04 -4.983033943844423629e+04
4.600000000000000000e+01 5.006862001558673364e+04 4.898034350553112745e+03
4.610000000000000142e+01 5.396382766745657136e+04 5.216314899380446877e+04
4.620000000000000284e+01 4.900285761229175841e+04 9.105878797427649260e+04
4.629999999999999716e+01 4.051539152921590721e+04 1.276066852924816631e+05
4.639999999999999858e+01 4.214627971309614804e+04 1.683798204690538987e+05
4.650000000000000000e+01 6.228015806572357542e+04 2.128153182396349730e+05
4.660000000000000142e+01 9.598297790030615579e+04 2.508330651348651154e+05
4.670000000000000284e+01 1.287501966821002570e+05 2.700455140458462411e+05
4.679999999999999716e+01 1.470762141796255019e+05 2.679161820822016452e+05
4.689999999999999858e+01 1.466905246879839688e+05 2.564564274574113660e+05
4.700000000000000000e+01 1.336334619529703923e+05 2.519105785702927678e+05
4.710000000000000142e+01 1.191694800568733917e+05 2.579908662691061327e+05
4.720000000000000284e+01 1.120831413588713622e+05 2.607263289247727080e+05
4.729999999999999716e+01 1.123639919622621674e+05 2.420230062038403412e+05
4.739999999999999858e+01 1.102355808474663208e+05 1.980404328008900338e+05
4.750000000000000000e+01 9.219246606065639935e+04 1.424246570374946168e+05
4.760000000000000142e+01 5.042066047392774635e+04 9.155229918690025806e+04
4.770000000000000284e+01 -1.182963193795530242e+04 4.904879127616419282e+04
4.779999999999999716e+01 -8.339640017478232039e+04 6.177321952330563363e+03
4.789999999999999858e+01 -1.534456443633220333e+05 -4.449751090290912543e+04
4.800000000000000000e+01 -2.167707754965787171e+05 -9.863228511660275399e+04
4.810000000000000142e+01 -2.719712445184389362e+05 -1.432292401539576822e+05
4.820000000000000284e+01 -3.161907837599358754e+05 -1.682595709825319936e+05
4.829999999999999716e+01 -3.432708768069770304e+05 -1.750461124868350744e+05
4.839999999999999858e+01 -3.477662848978594411e+05 -1.754707850080695061e+05
4.850000000000000000e+01 -3.307169145500020240e+05 -1.841010372680751025e+05
4.860000000000000142e+01 -3.011022486168763135e+05 -2.085249194020311988e+05
4.870000000000000284e+01 -2.707396637122296961e+05 -2.434795984844285122e+05
4.879999999999999716e+01 -2.460695242706493009e+05 -2.734907771508030710e+05
4.889999999999999858e+01 -2.232433941064467072e+05 -2.839151176859602565e+05
4.900000000000000000e+01 -1.910635360568472533e+05 -2.723343235331103206e+05
4.910000000000000142e+01 -1.405132560482560075e+05 -2.498461048317943350e+05
4.920000000000000284e+01 -7.375118503921740921e+04 -2.305419134767008945e+05
4.929999999999999716e+01 -4.676349324710434303e+03 -2.193102105433829129e+05
4.939999999999999858e+01 5.043719457634612627e+04 -2.094051881982140185e+05
4.950000000000000000e+01 8.479431899498183338e+04 -1.904630252411066613e+05
4.960000000000000142e+01 1.049907581321831967e+05 -1.577462661428875290e+05
4.970000000000000284e+01 1.234147245377514628e+05 -1.148397836576352420e+05
4.979999999999999716e+01 1.462566617082531156e+05 -7.031300712393547292e+04
4.989999999999999858e+01 1.681260858872276149e+05 -3.287370583297168196e+04
5.000000000000000000e+01 1.774740705771963112e+05 -7.087345160862882040e+03
5.010000000000000142e+01 1.668420382684424694e+05 9.974865551238126500e+03
5.020000000000000284e+01 1.386804201914626465e+05 2.844987912112356935e+04
5.029999999999999716e+01 1.030358627975442942e+05 5.875826274569172529e+04
5.039999999999999858e+01 7.050758708710553765e+04 1.015648689175959735e+05
5.050000000000000000e+01 4.586980566722304502e+04 1.446916632134644024e+05
5.060000000000000142e+01 2.566854899758470128e+04 1.727876053244067298e+05
5.070000000000000284e+01 1.160100338445293346e+03 1.820377340855243965e+05
5.079999999999999716e+01 -3.384928727533846541e+04 1.847504080701938365e+05
5.089999999999999858e+01 -7.480107990983632044e+04 1.979718831908251159e+05
5.100000000000000000e+01 -1.058718031884364900e+05 2.272638041590566572e+05
5.110000000000000142e+01 -1.109841761050215864e+05 2.620202145832562237e+05
5.120000000000000284e+01 -8.845728742097789655e+04 2.859827159176093410e+05
5.129999999999999716e+01 -5.448799335303365660e+04 2.908632350795168895e+05
5.139999999999999858e+01 -2.943685479637210665e+04 2.797924816881029401e+05
5.150000000000000000e+01 -1.868112423604428477e+04 2.600712612939250539e+05
5.160000000000000142e+01 -7.088289099592162529e+03 2.352639626686124830e+05
5.170000000000000284e+01 2.655964762729319045e+04 2.043457432824642456e+05
5.179999999999999716e+01 8.871628725139464950e+04 1.662538097857119283e+05
5.189999999999999858e+01 1.634503635644198512e+05 1.235830952979217691e+05
5.200000000000000000e+01 2.245583117584733118e+05 8.220869523490362917e+04
5.210000000000000142e+01 2.557191003099747468e+05 4.825058754923057859e+04
5.220000000000000284e+01 2.609557054415830062e+05 2.510418654259340838e+04
5.229999999999999716e+01 2.574688078100590792e+05 1.205706333974856534e+04
5.239999999999999858e+01 2.583975284193707339e+05 4.688376356901862891e+03
5.250000000000000000e+01 2.610629481504452415e+05 -3.609970371542003704e+03
5.260000000000000142e+01 2.507133048363275884e+05 -1.982575239009590587e+04
5.270000000000000284e+01 2.155976204989074031e+05 -4.912396139009372564e+04
5.279999999999999716e+01 1.588908691531131044e+05 -9.158030017636058619e+04
5.289999999999999858e+01 9.643277106579070096e+04 -1.392686927664878604e+05
5.300000000000000000e+01 4.333666467942938471e+04 -1.779538339352617040e+05
5.310000000000000142e+01 2.934857143744428868e+03 -1.955759617239134968e+05
5.320000000000000284e+01 -3.228326758297667766e+04 -1.920434675409136980e+05
5.329999999999999716e+01 -7.090999317806189356e+04 -1.802975281790905283e+05
5.339999999999999858e+01 -1.145814745226268133e+05 -1.754158546229769127e+05
5.350000000000000000e+01 -1.576838935637451941e+05 -1.813140252339295112e+05
5.360000000000000142e+01 -1.921198398324909504e+05 -1.882945733910611598e+05
5.370000000000000284e+01 -2.117402851945648144e+05 -1.834884012140806881e+05
5.379999999999999716e+01 -2.145358440830657491e+05 -1.627628998154952424e+05
5.389999999999999858e+01 -2.033898026377379429e+05 -1.327264174486449338e+05
5.400000000000000000e+01 -1.852257181647876569e+05 -1.036824629887522897e+05
5.410000000000000142e+01 -1.676181393279837794e+05 -8.275969116172600479e+04
5.420000000000000284e+01 -1.542961613856643671e+05 -7.219238863259850768e+04
5.429999999999999716e+01 -1.433929643714213162e+05 -6.988460799782958929e+04
5.439999999999999858e+01 -1.305770719493807846e+05 -6.970179074561824382e+04
5.450000000000000000e+01 -1.145347223704716307e+05 -6.428655213916162757e+04
5.460000000000000142e+01 -9.978929124739806866e+04 -5.189166543868456938e+04
5.470000000000000284e+01 -9.413779282826342387e+04 -4.058696395919275528e+04
5.479999999999999716e+01 -1.025880696027596277e+05 -4.181873284935111587e+04
5.489999999999999858e+01 -1.225461091245496937e+05 -5.703415850860973296e+04
5.500000000000000000e+01 -1.442354569137874059e+05 -7.224546010402124375e+04
5.510000000000000142e+01 -1.566581874367629352e+05 -6.914304490063752746e+04
5.520000000000000284e+01 -1.550606824634806835e+05 -4.248279539425602707e+04
5.529999999999999716e+01 -1.438969697489513201e+05 -4.959278489356453065e+03
5.539999999999999858e+01 -1.321259232911129366e+05 2.574203731874420191e+04
5.550000000000000000e+01 -1.242369141807890264e+05 4.333453982081166760e+04
5.560000000000000142e+01 -1.151268541087350459e+05 5.591059975659460906e+04
5.570000000000000284e+01 -9.427178844175249105e+04 7.496163742285402259e+04
5.579999999999999716e+01 -5.575626545851337141e+04 1.042144810310984321e+05
5.589999999999999858e+01 -4.346537803064056789e+03 1.387392564658414922e+05
5.600000000000000000e+01 4.860183244588821253e+04 1.712817049702464719e+05
5.610000000000000142e+01 9.511892141482229636e+04 1.968313565410483279e+05
5.620000000000000284e+01 1.362155956972489075e+05 2.125810438066175848e+05
5.629999999999999716e+01 1.780707229430267180e+05 2.172871708460279624e+05
5.639999999999999858e+01 2.239293365254155069e+05 2.124616520196880156e+05
5.650000000000000000e+01 2.701819749088105746e+05 2.025433042240614304e+05
5.660000000000000142e+01 3.089613119183495874e+05 1.914553209692085511e+05
5.670000000000000284e+01 3.327852748681766680e+05 1.783823158877090609e+05
5.679999999999999716e+01 3.372009412780364510e+05 1.577505066196990665e+05
5.689999999999999858e+01 3.220466411776841851e+05 1.238564143534324248e+05
5.700000000000000000e+01 2.928245624515995150e+05 7.560700624747297843e+04
5.710000000000000142e+01 2.601059880357732764e+05 1.760431834077877284e+04
5.720000000000000284e+01 2.341240008876709908e+05 -4.195322797428260674e+04
5.729999999999999716e+01 2.172038104682542908e+05 -9.434829978935225517e+04
5.739999999999999858e+01 2.015851654574990098e+05 -1.334561686793901899e+05
5.750000000000000000e+01 1.764691404551466694e+05 -1.580863612937746220e+05
5.760000000000000142e+01 1.384574667974821932e+05 -1.713691511580340739e+05
5.770000000000000284e+01 9.521978570213932835e+04 -1.763694145920591254e+05
5.779999999999999716e+01 5.888972715041061019e+04 -1.717913904981510132e+05
5.789999999999999858e+01 3.601825588341952243e+04 -1.532349786593866884e+05
5.800000000000000000e+01 2.348626067788484943e+04 -1.197698953363864275e+05
5.810000000000000142e+01 1.265260342937005225e+04 -7.864124556477609440e+04
5.820000000000000284e+01 -3.904954271470498497e+03 -4.203354668312658760e+04
5.829999999999999716e+01 -2.908892763459446724e+04 -1.844099760740492275e+04
5.839999999999999858e+01 -6.194995778359886026e+04 -6.952630439812517579e+03
5.850000000000000000e+01 -9.925540210083892453e+04 7.264635631539204041e+02
5.860000000000000142e+01 -1.365543638173572253e+05 1.314787539144951006e+04
5.870000000000000284e+01 -1.699302304699142405e+05 3.257155806697055232e+04
5.879999999999999716e+01 -1.985393626389187993e+05 5.265117172793710051e+04
5.889999999999999858e+01 -2.252480278409869643e+05 6.148449044452023372e+04
5.900000000000000000e+01 -2.534997630880805664e+05 4.922679698066804849e+04
5.910000000000000142e+01 -2.831261161446690676e+05 1.611921749917435591e+04
5.920000000000000284e+01 -3.100236037315007416e+05 -2.576137762269323139e+04
5.929999999999999716e+01 -3.304797342853344744e+05 -5.999755705320837296e+04
5.939999999999999858e+01 -3.449226490231170319e+05 -7.675726989117398625e+04
5.950000000000000000e+01 -3.558759651173950988e+05 -7.730746868727216497e+04
5.960000000000000142e+01 -3.618624055234586122e+05 -6.898320252360732411e+04
5.970000000000000284e+01 -3.548524558924149023e+05 -5.749299150141666178e+04
5.979999999999999716e+01 -3.259052366549653816e+05 -4.472221927874509129e+04
5.989999999999999858e+01 -2.742975346508787479e+05 -3.203327557693796916e+04
6.000000000000000000e+01 -2.102878761640276643e+05 -2.259898415180158918e+04
6.010000000000000142e+01 -1.475027470898751344e+05 -1.919650414916306909e+04
6.020000000000000284e+01 -9.214554304904222954e+04 -2.079625160144962865e+04
6.029999999999999716e+01 -4.017372026176752843e+04 -2.259478435137638735e+04
6.039999999999999858e+01 1.489645993042816917e+04 -1.918647741130866052e+04
6.050000000000000000e+01 7.255091499005185324e+04 -7.008468273941958614e+03
6.060000000000000142e+01 1.245573980789389461e+05 1.553491751398681663e+04
6.070000000000000284e+01 1.629712830505302991e+05 4.806036676177005575e+04
6.079999999999999716e+01 1.874218773070208263e+05 8.666762395172724791e+04
6.089999999999999858e+01 2.044787171253181878e+05 1.231288031006053352e+05
6.100000000000000000e+01 2.215033912749589363e+05 1.479958046895784792e+05
6.110000000000000142e+01 2.417990377092558192e+05 1.564264843604907510e+05
6.120000000000000284e+01 2.635377237249087775e+05 1.511888395823075552e+05
6.129999999999999716e+01 2.804017570549498196e+05 1.393631702089404862e+05
6.139999999999999858e+01 2.833600228825951926e+05 1.261650268443800742e+05
6.150000000000000000e+01 2.653545493463084567e+05 1.125752349451034970e+05
6.160000000000000142e+01 2.273642873430472391e+05 9.853874950116960099e+04
6.170000000000000284e+01 1.797144802712631645e+05 8.639853792298102053e+04
6.179999999999999716e+01 1.356695691808472038e+05 7.923034789428197837e+04
6.189999999999999858e+01 1.032338658615486202e+05 7.592013718894135673e+04
6.200000000000000000e+01 8.335137807777903799e+04 6.967531275000590540e+04
6.210000000000000142e+01 7.415335283835217706e+04 5.280434497134554840e+04
6.220000000000000284e+01 7.339738189755656640e+04 2.317991969743229856e+04
6.229999999999999716e+01 7.585507238390590646e+04 -1.388392982094783656e+04
6.239999999999999858e+01 7.222432448280621611e+04 -4.939272991263616859e+04
6.250000000000000000e+01 5.559381867534267076e+04 -7.614394679633184569e+04
6.260000000000000142e+01 2.983510415133988135e+04 -9.207872526116168592e+04
6.270000000000000284e+01 8.275664550637698994e+03 -1.003051705751021218e+05
6.279999999999999716e+01 1.203737420653385925e+03 -1.061219008576236956e+05
6.289999999999999858e+01 5.276240541749248223e+03 -1.125494928841062356e+05
6.300000000000000000e+01 7.339625342944797012e+03 -1.178206829857957491e+05
6.310000000000000142e+01 -1.171931491043455026e+03 -1.179714943439220951e+05
6.320000000000000284e+01 -1.553601114472391782e+04 -1.126747283891231637e+05
6.329999999999999716e+01 -2.438001963699203770e+04 -1.075819427927012148e+05
6.339999999999999858e+01 -2.365234320886025671e+04 -1.091503622585824487e+05
6.350000000000000000e+01 -2.200040078866320982e+04 -1.168858252220387512e+05
6.360000000000000142e+01 -3.189376097149406269e+04 -1.222629318395625887e+05
6.370000000000000284e+01 -5.668476620627670491e+04 -1.166513000149725121e+05
6.379999999999999716e+01 -8.749675280578169622e+04 -9.990113251232825860e+04
6.389999999999999858e+01 -1.124469289373594220e+05 -7.988042036136085517e+04
6.400000000000000000e+01 -1.277483234685335774e+05 -6.332658029106270260e+04
6.409999999999999432e+01 -1.393557949541710841e+05 -4.823016980580020027e+04
6.420000000000000284e+01 -1.545358547723689699e+05 -2.635075717339223047e+04
6.429999999999999716e+01 -1.728199292719952937e+05 6.568917763825953443e+03
6.440000000000000568e+01 -1.853617307766367157e+05 4.363228479880821396e+04
6.450000000000000000e+01 -1.826879738336222945e+05 7.048039143651381892e+04
6.459999999999999432e+01 -1.629889986440862704e+05 7.685192774901619123e+04
6.470000000000000284e+01 -1.334131832884478790e+05 6.513804899518119782e+04
6.479999999999999716e+01 -1.037914855413852201e+05 4.770475875264512433e+04
6.490000000000000568e+01 -7.886775523590938246e+04 3.547054103099338681e+04
6.500000000000000000e+01 -5.581429302839002048e+04 2.872191867062032179e+04
6.509999999999999432e+01 -2.858373280096631061e+04 1.885882776397065754e+04
6.520000000000000284e+01 5.430905682657179568e+03 -1.352978586075900239e+03
6.529999999999999716e+01 4.243327588492807990e+04 -2.992338351779699587e+04
6.540000000000000568e+01 7.496698883801003103e+04 -5.779916573147765303e+04
6.550000000000000000e+01 9.723248189733359322e+04 -7.747965367601635808e+04
6.559999999999999432e+01 1.083619865877427801e+05 -8.830484226046118420e+04
6.570000000000000284e+01 1.117125203784152982e+05 -9.395993428232168662e+04
6.579999999999999716e+01 1.116742934984335152e+05 -9.700784050223280792e+04
6.590000000000000568e+01 1.107852738356565096e+05 -9.690159446609031875e+04
6.600000000000000000e+01 1.090366113510508148e+05 -9.150722959547804203e+04
6.609999999999999432e+01 1.054626623565590417e+05 -7.792105327089992352e+04
6.620000000000000284e+01 1.003568156505001243e+05 -5.200756041428832395e+04
6.629999999999999716e+01 9.572368133690209652e+04 -1.064281255452166079e+04
6.640000000000000568e+01 9.300386748536241066e+04 4.265272446658738772e+04
6.650000000000000000e+01 9.012799144524757867e+04 9.545096004039060790e+04
6.659999999999999432e+01 8.146778234166948823e+04 1.336655765026943700e+05
6.670000000000000284e+01 6.182039234760208637e+04 1.532826812263685861e+05
6.679999999999999716e+01 3.118757876829567249e+04 1.634141553797031229e+05
6.690000000000000568e+01 -4.305015365716186352e+03 1.752413483094201365e+05
6.700000000000000000e+01 -3.652917135690089344e+04 1.881007330971432384e+05
6.709999999999999432e+01 -6.094087752562951937e+04 1.891426218621527660e+05
6.720000000000000284e+01 -7.889751808221737156e+04 1.683460365904207574e+05
6.729999999999999716e+01 -9.507108864152655588e+04 1.323775910958917812e+05
6.740000000000000568e+01 -1.122586171851848776e+05 1.009224142377495591e+05
6.750000000000000000e+01 -1.275336194794986513e+05 8.846024120651734120e+04
6.759999999999999432e+01 -1.326152061415889766e+05 9.082705188457929762e+04
6.770000000000000284e+01 -1.186455565135768557e+05 9.051571356738146278e+04
6.779999999999999716e+01 -8.253418291135958862e+04 7.420046504745981656e+04
6.790000000000000568e+01 -3.043437698069620819e+04 4.389773870623358380e+04
6.800000000000000000e+01 2.450477964050954688e+04 1.199673817150271498e+04
6.809999999999999432e+01 6.883404513613485324e+04 -1.166181430680302583e+04
6.820000000000000284e+01 9.538589850399375428e+04 -2.596461367433341366e+04
6.829999999999999716e+01 1.056204493040588422e+05 -3.358049082746197382e+04
6.840000000000000568e+01 1.069504622939189867e+05 -3.366652957211207831e+04
6.850000000000000000e+01 1.073832023537153727e+05 -2.187719896892367251e+04
6.859999999999999432e+01 1.108854666102697665e+05 3.070746135428293201e+03
6.870000000000000284e+01 1.161095671994577424e+05 3.493729366817287519e+04
6.879999999999999716e+01 1.190143281400410633e+05 6.289926800076391373e+04
6.890000000000000568e+01 1.170905035447478294e+05 7.828163376396347303e+04
6.900000000000000000e+01 1.113785657318840676e+05 7.827569675362412818e+04
6.909999999999999432e+01 1.044020187663614488e+05 6.476451696819125209e+04
6.920000000000000284e+01 9.634408430287099327e+04 4.168758769937638863e+04
6.929999999999999716e+01 8.373833955507827341e+04 1.376688716597642633e+04
6.940000000000000568e+01 6.221333744992612628e+04 -1.422483945199891605e+04
6.950000000000000000e+01 3.060687581670863437e+04 -3.894093877480238007e+04
6.959999999999999432e+01 -7.199844274966988451e+03 -5.933150533567070670e+04
6.970000000000000284e+01 -4.386657470539725909e+04 -7.521428770364624506e+04
6.979999999999999716e+01 -7.229979799897894554e+04 -8.522025535803106322e+04
6.990000000000000568e+01 -8.959556605614697037e+04 -8.748245903506816830e+04
7.000000000000000000e+01 -9.922687147696208558e+04 -8.277992140989130712e+04
7.009999999999999432e+01 -1.094208721358221665e+05 -7.559549299633674673e+04
7.020000000000000284e+01 -1.275719232214483054e+05 -7.057093207791648456e+04
7.029999999999999716e+01 -1.543707792984850239e+05 -6.827119780591518793e+04
7.040000000000000568e+01 -1.828060427788647357e+05 -6.579455035507312277e+04
7.050000000000000000e+01 -2.031821866580669885e+05 -6.140535915609867516e+04
7.059999999999999432e+01 -2.094946207583069336e+05 -5.663966672144927725e+04
7.070000000000000284e+01 -2.016931413753638044e+05 -5.295980463159878855e+04
7.079999999999999716e+01 -1.834078058671007166e+05 -4.844499526329391665e+04
7.090000000000000568e+01 -1.591505549470149563e+05 -4.078017503845444298e+04
7.100000000000000000e+01 -1.337054336738135025e+05 -3.360043499161537329e+04
7.109999999999999432e+01 -1.121155385285167722e+05 -3.662543567462117062e+04
7.120000000000000284e+01 -9.765796492796117673e+04 -5.649234163250898564e+04
7.129999999999999716e+01 -8.870366974754419061e+04 -8.764102103720622836e+04
7.140000000000000568e+01 -7.839093048051373626e+04 -1.146008591970362031e+05
7.150000000000000000e+01 -5.917107656327054428e+04 -1.247916816645686631e+05
7.159999999999999432e+01 -2.920378760155512282e+04 -1.189491142449775944e+05
7.170000000000000284e+01 5.095732697545197880e+03 -1.088905036478684342e+05
7.179999999999999716e+01 3.316844522286819119e+04 -1.059597617732769286e+05
7.190000000000000568e+01 4.798560703125575674e+04 -1.121172922300382634e+05
7.200000000000000000e+01 5.080832219793472905e+04 -1.208348198112804530e+05
7.209999999999999432e+01 4.895756773633164266e+04 -1.243200092280235112e+05
7.220000000000000284e+01 4.869817560999256966e+04 -1.192692035057678440e+05
7.229999999999999716e+01 4.978362591607776267e+04 -1.076149181385547272e+05
7.240000000000000568e+01 4.674185046026846248e+04 -9.415821096928752377e+04
7.250000000000000000e+01 3.567277885750111454e+04 -8.366652907208027318e+04
7.259999999999999432e+01 1.982964507473161211e+04 -7.800710450430610217e+04
7.270000000000000284e+01 7.968137358255669824e+03 -7.393770086081721820e+04
7.279999999999999716e+01 6.336934725685066041e+03 -6.393998876797065896e+04
7.290000000000000568e+01 1.207933095886845695e+04 -4.143970927563407167e+04
7.300000000000000000e+01 1.551028522858991164e+04 -6.962256462461755291e+03
7.309999999999999432e+01 1.026801155487681172e+04 3.106949940162705752e+04
7.320000000000000284e+01 1.463425730588517126e+03 6.293615883659056271e+04
7.329999999999999716e+01 2.559172328373656910e+03 8.580354391555326583e+04
7.340000000000000568e+01 2.286935937473088416e+04 1.053352689013499185e+05
7.350000000000000000e+01 5.822250536878834100e+04 1.291607702656773909e+05
7.359999999999999432e+01 9.505646854244050337e+04 1.588884013310643495e+05
7.370000000000000284e+01 1.240272929508318193e+05 1.882328288679079560e+05
7.379999999999999716e+01 1.484209105265106191e+05 2.082002558820928971e+05
7.390000000000000568e+01 1.781017891885960707e+05 2.139759233975617681e+05
7.400000000000000000e+01 2.159383761726914672e+05 2.079094059767316212e+05
7.409999999999999432e+01 2.521428976891950006e+05 1.971058781942672213e+05
7.420000000000000284e+01 2.728886437524015200e+05 1.879403932512652245e+05
7.429999999999999716e+01 2.735548005260050995e+05 1.813361501812014612e+05
7.440000000000000568e+01 2.623733139767551911e+05 1.721780302581284195e+05
7.450000000000000000e+01 2.515052835498587519e+05 1.537518997744162916e+05
7.459999999999999432e+01 2.458631719010472880e+05 1.241922659770398459e+05
7.470000000000000284e+01 2.406793035494739597e+05 8.958747940503188875e+04
7.479999999999999716e+01 2.279709270763458626e+05 6.063446659071595786e+04
7.490000000000000568e+01 2.031951075114099367e+05 4.522121765285264701e+04
7.500000000000000000e+01 1.657030482933633320e+05 4.295456037637306872e+04
7.509999999999999432e+01 1.154610866571668448e+05 4.605393772431035177e+04
7.520000000000000284e+01 5.267014642573451420e+04 4.581947109618524701e+04
7.529999999999999716e+01 -1.803382347255627974e+04 3.946210394220007583e+04
7.540000000000000568e+01 -8.460556262768749730e+04 3.175794711865873978e+04
7.550000000000000000e+01 -1.321992619731190498e+05 3.013536292814597255e+04
7.559999999999999432e+01 -1.537443037921075011e+05 3.757264095162211743e+04
7.570000000000000284e+01 -1.567982053818462009e+05 5.000949015688171494e+04
7.579999999999999716e+01 -1.585189881738102704e+05 6.069755332432147407e+04
7.590000000000000568e+01 -1.717205644414571580e+05 6.650893730374143342e+04
7.600000000000000000e+01 -1.945621453359717270e+05 6.891450067444570595e+04
7.609999999999999432e+01 -2.135883060363693221e+05 6.865577987883341848e+04
7.620000000000000284e+01 -2.166861701588439755e+05 6.109081096153949329e+04
7.629999999999999716e+01 -2.030082219813112461e+05 3.882770683409414778e+04
7.640000000000000568e+01 -1.813036716316510283e+05 -4.934128460729643848e+02
7.650000000000000000e+01 -1.608322952445196570e+05 -4.984365547354559385e+04
7.659999999999999432e+01 -1.453894827097237576e+05 -9.669369315027067205e+04
7.670000000000000284e+01 -1.348783517302738619e+05 -1.310729189618099481e+05
7.679999999999999716e+01 -1.294653727723372431e+05 -1.504508198632179992e+05
7.690000000000000568e+01 -1.302533102932960319e+05 -1.588800712903995300e+05
7.700000000000000000e+01 -1.369919766891805339e+05 -1.632578653443618095e+05
7.709999999999999432e+01 -1.473992892433756497e+05 -1.697482825545387459e+05
7.720000000000000284e+01 -1.592369552631151164e+05 -1.810524386255088612e+05
7.729999999999999716e+01 -1.716639132494382793e+05 -1.950924157074611285e+05
7.740000000000000568e+01 -1.837498500914917968e+05 -2.067049347834666260e+05
7.750000000000000000e+01 -1.928192619194024883e+05 -2.120667627635688987e+05
7.759999999999999432e+01 -1.957872278567922185e+05 -2.118725773472093279e+05
7.770000000000000284e+01 -1.920009678546200739e+05 -2.094215648252386309e+05
7.779999999999999716e+01 -1.834507613249907445e+05 -2.051545664933370426e+05
7.790000000000000568e+01 -1.716969167423839390e+05 -1.936856398434786242e+05
7.800000000000000000e+01 -1.554381296977352467e+05 -1.672266815959202941e+05
7.809999999999999432e+01 -1.317446133936943370e+05 -1.228198813165545580e+05
7.820000000000000284e+01 -9.908872295108769322e+04 -6.719440777420057566e+04
7.829999999999999716e+01 -5.838186802450725372e+04 -1.528178805091249524e+04
7.840000000000000568e+01 -1.151980744698846684e+04 1.698498535597419686e+04
7.850000000000000000e+01 3.969361889999305276e+04 2.179661978642892791e+04
7.859999999999999432e+01 9.256128069490447524e+04 5.280273668209345487e+03
7.870000000000000284e+01 1.423572809026686300e+05 -1.486889200582957710e+04
7.879999999999999716e+01 1.837312377691059082e+05 -2.052631986791621603e+04
7.890000000000000568e+01 2.142023179319980554e+05 -6.029419471259010606e+03
7.900000000000000000e+01 2.361501716383497696e+05 1.805693375081384147e+04
7.909999999999999432e+01 2.544208045455358224e+05 3.459219572450779378e+04
7.920000000000000284e+01 2.709034334944450529e+05 3.462161980688965559e+04
7.929999999999999716e+01 2.811356635455873911e+05 2.375430920187292577e+04
7.940000000000000568e+01 2.770690707260821364e+05 1.539686049822307541e+04
7.950000000000000000e+01 2.545448973361107346e+05 1.906178104091914429e+04
7.959999999999999432e+01 2.188100010909677076e+05 3.481406507497391431e+04
7.970000000000000284e+01 1.823172704036054784e+05 5.635431829050993838e+04
7.979999999999999716e+01 1.560754695707453648e+05 7.712760838397641783e+04
7.990000000000000568e+01 1.420915470931445889e+05 9.434282910953984538e+04
8.000000000000000000e+01 1.333266503944527940e+05 1.101776542816161091e+05
8.009999999999999432e+01 1.202587263876992074e+05 1.303944213135643513e+05
8.020000000000000284e+01 9.747496785175913828e+04 1.597134131536940986e+05
8.029999999999999716e+01 6.525162284230914520e+04 1.960450108559607761e+05
8.040000000000000568e+01 2.707090956806143367e+04 2.295709264023336582e+05
8.050000000000000000e+01 -1.266954757980770228e+04 2.497804575061221549e+05
8.059999999999999432e+01 -4.882161781184784195e+04 2.544951159067384142e+05
8.070000000000000284e+01 -7.549624621909746202e+04 2.510230422103484452e+05
8.079999999999999716e+01 -8.805146134173421888e+04 2.475693286086371227e+05
8.090000000000000568e+01 -8.578776182208380487e+04 2.440933599013061030e+05
8.100000000000000000e+01 -7.223724321161229454e+04 2.323521081439015688e+05
8.109999999999999432e+01 -5.262304920262475935e+04 2.044517060551479226e+05
8.120000000000000284e+01 -3.165963682094105388e+04 1.606590053362255858e+05
8.129999999999999716e+01 -1.390422554450343887e+04 1.096004911749497842e+05
8.140000000000000568e+01 -4.351826180543699593e+03 6.241407420499257569e+04
8.150000000000000000e+01 -5.888241657150123501e+03 2.662590201103835716e+04
8.159999999999999432e+01 -1.535936632689293947e+04 3.116239833928491862e+03
8.170000000000000284e+01 -2.431293465907754216e+04 -1.384819757260084589e+04
8.179999999999999716e+01 -2.621278979175638597e+04 -3.393296327665879653e+04
8.190000000000000568e+01 -2.312369730430495110e+04 -6.550398419697720965e+04
8.200000000000000000e+01 -2.365026628071570303e+04 -1.098564662105703756e+05
8.209999999999999432e+01 -3.363253295702188916e+04 -1.591188586517707736e+05
8.220000000000000284e+01 -5.002919207489589462e+04 -2.004510910657185304e+05
8.229999999999999716e+01 -6.483212964140674740e+04 -2.240341626711406861e+05
8.240000000000000568e+01 -7.409469091340037994e+04 -2.289051922795899154e+05
8.250000000000000000e+01 -8.182637251013159403e+04 -2.226844361088771548e+05
8.259999999999999432e+01 -9.514127599993994227e+04 -2.163038369571434159e+05
8.270000000000000284e+01 -1.163965195930968039e+05 -2.177333143649841659e+05
8.279999999999999716e+01 -1.398439791016090894e+05 -2.278654510950412368e+05
8.290000000000000568e+01 -1.550909042934841709e+05 -2.400103922675207432e+05
8.300000000000000000e+01 -1.542333699988746957e+05 -2.436816569777161058e+05
8.309999999999999432e+01 -1.373838239009277895e+05 -2.316973340751472278e+05
8.320000000000000284e+01 -1.122894607865682337e+05 -2.061789825998328452e+05
8.329999999999999716e+01 -8.787945157188772282e+04 -1.777290908866589889e+05
8.340000000000000568e+01 -6.719724713732299278e+04 -1.569589019822008268e+05
8.350000000000000000e+01 -4.646972853678665706e+04 -1.453325063632990350e+05
8.359999999999999432e+01 -2.081596655011997063e+04 -1.342180715214222146e+05
8.370000000000000284e+01 1.014920182177782408e+04 -1.135974724438306584e+05
8.379999999999999716e+01 4.243453633650673873e+04 -8.223425842089843354e+04
8.390000000000000568e+01 7.127652290264578187e+04 -4.931173386722670693e+04
8.400000000000000000e+01 9.276011454424689873e+04 -2.552188903480492445e+04
8.409999999999999432e+01 1.034907279474582756e+05 -1.168562372106893599e+04
8.420000000000000284e+01 1.027025649003679864e+05 4.029040099997473590e+03
8.429999999999999716e+01 9.614713977122609504e+04 3.633053053146749153e+04
8.440000000000000568e+01 9.448049261581253086e+04 8.823906336021830793e+04
8.450000000000000000e+01 1.034800854682747449e+05 1.454433653488718264e+05
8.459999999999999432e+01 1.156941408326306264e+05 1.863605513888680143e+05
8.470000000000000284e+01 1.152738805790540937e+05 1.996327125962914724e+05
8.479999999999999716e+01 9.340114971158286789e+04 1.925880088013346831e+05
8.490000000000000568e+01 5.788320827124545758e+04 1.828226485102498555e+05
8.500000000000000000e+01 2.592573141819375451e+04 1.822338236567181302e+05
8.509999999999999432e+01 8.273173243909430312e+03 1.895180224052664707e+05
8.520000000000000284e+01 2.187429668417966241e+03 1.962015881720870384e+05
8.529999999999999716e+01 -8.145537317068192351e+02 1.965325242821847205e+05
8.540000000000000568e+01 -3.585394888122234988e+03 1.902717888748186815e+05
8.550000000000000000e+01 -1.396026433004895807e+03 1.786237541437088512e+05
8.559999999999999432e+01 1.060172670245019253e+04 1.612647542483893340e+05
8.570000000000000284e+01 3.078303180251097729e+04 1.380136001730855787e+05
8.579999999999999716e+01 5.206705021223149379e+04 1.108837868811556546e+05
8.590000000000000568e+01 6.754818976468233450e+04 8.258233966156833048e+04
8.600000000000000000e+01 7.449306607557834650e+04 5.389581188837313675e+04
8.609999999999999432e+01 7.472229665858282533e+04 2.420157762360161723e+04
8.620000000000000284e+01 7.294579400415396958e+04 -5.864502713649570069e+03
8.629999999999999716e+01 7.386013121614590636e+04 -3.407428480219915946e+04
8.640000000000000568e+01 7.829591811605254770e+04 -5.922662858803386916e+04
8.650000000000000000e+01 8.114497200989961857e+04 -8.223824496826935501e+04
8.659999999999999432e+01 7.456644001766602742e+04 -1.032344039421617636e+05
8.670000000000000284e+01 5.510924473560732440e+04 -1.186848481562517409e+05
8.679999999999999716e+01 2.789888023522694129e+04 -1.236780825760811713e+05
8.690000000000000568e+01 2.907612271115431213e+03 -1.176369168946870486e+05
8.700000000000000000e+01 -1.341736242426662284e+04 -1.063221243878060777e+05
8.709999999999999432e+01 -2.294380159469967111e+04 -9.671988138487073593e+04
8.720000000000000284e+01 -3.289554230962602742e+04 -8.985317418609285960e+04
8.729999999999999716e+01 -4.872353639253808069e+04 -7.913686380037342315e+04
8.740000000000000568e+01 -6.932758432245187578e+04 -5.596668490451788966e+04
8.750000000000000000e+01 -8.797493762504606275e+04 -1.733884269073233008e+04
8.759999999999999432e+01 -9.775809939493727870e+04 3.061151778580755490e+04
8.770000000000000284e+01 -9.771481022847472923e+04 7.523470340892492095e+04
8.779999999999999716e+01 -9.479622466697076743e+04 1.040897009850682516e+05
8.790000000000000568e+01 -9.879842623838997679e+04 1.115721842777666898e+05
8.800000000000000000e+01 -1.133252460651814763e+05 1.011938919261422561e+05
8.809999999999999432e+01 -1.314138222097670077e+05 8.196497672939028416e+04
8.820000000000000284e+01 -1.417255053275793325e+05 6.202269632678252674e+04
8.829999999999999716e+01 -1.402189100462875795e+05 4.491863585012403928e+04
8.840000000000000568e+01 -1.348528843654725060e+05 3.060956925084999239e+04
8.850000000000000000e+01 -1.374584071778458892e+05 1.799556529371907527e+04
8.859999999999999432e+01 -1.512808133292024722e+05 5.542907106318842125e+03
8.870000000000000284e+01 -1.677774541540213977e+05 -9.055334824509473037e+03
8.879999999999999716e+01 -1.754622641374354425e+05 -2.727926846065088466e+04
8.890000000000000568e+01 -1.699953135421234474e+05 -4.702807345709797664e+04
8.900000000000000000e+01 -1.547419192545784754e+05 -6.275115081467635173e+04
8.909999999999999432e+01 -1.336196828213112312e+05 -6.948480139938645880e+04
8.920000000000000284e+01 -1.066554031417413353e+05 -6.651159479899081634e+04
8.929999999999999716e+01 -7.312289439651041175e+04 -5.675827911381166632e+04
8.940000000000000568e+01 -3.618677440916022169e+04 -4.367358023963888263e+04
8.950000000000000000e+01 -1.596443463782063191e+03 -2.985225897357239228e+04
8.959999999999999432e+01 2.784977799735598455e+04 -1.786010582261400850e+04
8.970000000000000284e+01 5.403638935302254686e+04 -1.013273372942840433e+04
8.979999999999999716e+01 7.882283918929853826e+04 -7.030919693852030832e+03
8.990000000000000568e+01 9.958696422393528337e+04 -5.939751073307540537e+03
9.000000000000000000e+01 1.117076204454725666e+05 -3.079351429062289753e+03
9.009999999999999432e+01 1.151904091542300594e+05 4.412187788624263703e+03
9.020000000000000284e+01 1.167022541714434192e+05 1.832420459720963481e+04
9.029999999999999716e+01 1.239671135469002620e+05 3.907579475510495831e+04
9.040000000000000568e+01 1.389729647065226454e+05 6.295090778507653158e+04
9.050000000000000000e+01 1.573159127243664698e+05 8.029604204000669415e+04
9.059999999999999432e+01 1.731053574309480027e+05 8.047701786699326476e+04
9.070000000000000284e+01 1.832365946380225651e+05 6.164320788359892322e+04
9.079999999999999716e+01 1.876814815885410353e+05 3.437064524269234971e+04
9.090000000000000568e+01 1.877919462718948780e+05 1.227995188551179672e+04
9.100000000000000000e+01 1.850129059372876363e+05 -2.084754800497519682e+03
9.109999999999999432e+01 1.796934658420718333e+05 -2.019216376075108201e+04
9.120000000000000284e+01 1.698844338751488540e+05 -5.480870827878233104e+04
9.129999999999999716e+01 1.523476147131675389e+05 -1.051527524755752820e+05
9.140000000000000568e+01 1.265405269785717537e+05 -1.560572559922882938e+05
9.150000000000000000e+01 9.731721612393329269e+04 -1.912903032933491049e+05
9.159999999999999432e+01 7.148205966758061550e+04 -2.060586541354249348e+05
9.170000000000000284e+01 5.047879391861370823e+04 -2.067141994992823747e+05
9.179999999999999716e+01 2.782051098728870420e+04 -2.010889130303431302e+05
9.190000000000000568e+01 -4.246060128564244224e+03 -1.914630436630108452e+05
9.200000000000000000e+01 -4.516889322377362987e+04 -1.758741000641717983e+05
9.209999999999999432e+01 -8.402252046337985666e+04 -1.529568458160681184e+05
9.220000000000000284e+01 -1.073030607926855446e+05 -1.237079760030751349e+05
9.229999999999999716e+01 -1.086240626991550089e+05 -8.990068553245966905e+04
9.240000000000000568e+01 -9.169667470727230830e+04 -5.318608721780419728e+04
9.250000000000000000e+01 -6.604442177202126186e+04 -1.633978053836814433e+04
9.259999999999999432e+01 -4.103505326146472362e+04 1.613364919191075751e+04
9.270000000000000284e+01 -2.245366974623712667e+04 4.037266422877402510e+04
9.279999999999999716e+01 -1.168509170265818466e+04 5.662599372579260671e+04
9.290000000000000568e+01 -6.413572877679012890e+03 6.979194314864577609e+04
9.300000000000000000e+01 -2.730401905549570074e+03 8.569703964018866827e+04
9.309999999999999432e+01 1.899432355496363016e+03 1.061508507324604871e+05
9.320000000000000284e+01 6.795925424526096322e+03 1.271718667203718651e+05
9.329999999999999716e+01 8.845649071154039120e+03 1.420037752202577249e+05
9.340000000000000568e+01 5.149681056599474687e+03 1.464375724708249909e+05
9.350000000000000000e+01 -4.449066056720635970e+03 1.420484698573661444e+05
9.359999999999999432e+01 -1.646973059768081293e+04 1.346461198209867580e+05
9.370000000000000284e+01 -2.541884430059732767e+04 1.292157538586985902e+05
9.379999999999999716e+01 -2.787877095043259396e+04 1.258387253868574917e+05
9.390000000000000568e+01 -2.640483107519416080e+04 1.205792842199620791e+05
9.400000000000000000e+01 -2.859701069072926839e+04 1.107757139530033164e+05
9.409999999999999432e+01 -4.003838208467061486e+04 9.933219713046918332e+04
9.420000000000000284e+01 -5.723040505142798065e+04 9.279217951267601165e+04
9.429999999999999716e+01 -6.915794345379492734e+04 9.428565828210001928e+04
9.440000000000000568e+01 -6.794249263088614680e+04 9.880591267541146954e+04
9.450000000000000000e+01 -5.796177088554759393e+04 9.691223533629605663e+04
9.459999999999999432e+01 -5.260423247892028303e+04 8.397771415228027035e+04
9.470000000000000284e+01 -6.059693833777352120e+04 6.522628038717604068e+04
9.479999999999999716e+01 -7.576415712679833814e+04 5.067237896159262164e+04
9.490000000000000568e+01 -8.137647949513635831e+04 4.505426993732238043e+04
9.500000000000000000e+01 -6.551326239568214805e+04 4.336227443589763425e+04
9.509999999999999432e+01 -3.272081723015746684e+04 3.623262909937068616e+04
9.520000000000000284e+01 -8.269978876355453394e+02 1.897365317244436301e+04
9.529999999999999716e+01 1.413119543211132986e+04 -4.739031776203890331e+03
9.540000000000000568e+01 1.103780671469090157e+04 -2.668966015561154927e+04
9.550000000000000000e+01 3.102092001210308808e+03 -4.048428388069292123e+04
9.559999999999999432e+01 4.357666626955309766e+03 -4.515239357441891480e+04
9.570000000000000284e+01 1.572830239580259877e+04 -4.489176887891726074e+04
9.579999999999999716e+01 2.336994525896773121e+04 -4.639185053878423059e+04
9.590000000000000568e+01 1.075883350570821676e+04 -5.497420927850926091e+04
9.600000000000000000e+01 -2.636784513860529842e+04 -7.101930985237791901e+04
9.609999999999999432e+01 -7.544486424730422732e+04 -8.932840247444677516e+04
9.620000000000000284e+01 -1.167911796621238173e+05 -1.030430320243390452e+05
9.629999999999999716e+01 -1.391562110871787590e+05 -1.096370733916261088e+05
9.640000000000000568e+01 -1.477584725404123601e+05 -1.135203340304714075e+05
9.650000000000000000e+01 -1.578675468192267581e+05 -1.221308994034177013e+05
9.659999999999999432e+01 -1.795570334990071424e+05 -1.384111544986270310e+05
9.670000000000000284e+01 -2.075949916171207151e+05 -1.563024110575168161e+05
9.679999999999999716e+01 -2.263077979556609935e+05 -1.636549990426576114e+05
9.690000000000000568e+01 -2.248537244381279452e+05 -1.508066249083789298e+05
9.700000000000000000e+01 -2.072916169421917584e+05 -1.183051267933191848e+05
9.709999999999999432e+01 -1.868462945217460219e+05 -7.760602747578016715e+04
9.720000000000000284e+01 -1.709709309918453218e+05 -4.379708127972025977e+04
9.729999999999999716e+01 -1.540839264086923504e+05 -2.565724339701962163e+04
9.740000000000000568e+01 -1.256079331491738267e+05 -2.073232344718656532e+04
9.750000000000000000e+01 -8.290061162970887381e+04 -1.920831692240426491e+04
9.759999999999999432e+01 -3.384364048677376559e+04 -1.294144550106889074e+04
9.770000000000000284e+01 1.236882604802825881e+04 -1.550096282387428801e+03
9.779999999999999716e+01 5.350851961181289516e+04 9.568266937314903771e+03
9.790000000000000568e+01 9.197916857368139608e+04 1.660116306132182945e+04
9.800000000000000000e+01 1.268608674797578133e+05 2.230254827045283309e+04
9.809999999999999432e+01 1.517911475679409632e+05 3.355224533708592935e+04
9.820000000000000284e+01 1.613456162429677788e+05 5.404199973020149628e+04
9.829999999999999716e+01 1.576637533019224065e+05 7.941978028200597328e+04
9.840000000000000568e+01 1.496455102093470050e+05 9.987575855762227729e+04
9.850000000000000000e+01 1.461504973009020323e+05 1.083849493105724105e+05
9.859999999999999432e+01 1.500366174779311114e+05 1.076671968545024574e+05
9.870000000000000284e+01 1.571989558564621839e+05 1.093200191289294598e+05
9.879999999999999716e+01 1.598863475464179937e+05 1.244712660763010208e+05
9.890000000000000568e+01 1.516076854960268247e+05 1.529687839525351010e+05
9.900000000000000000e+01 1.309414674562949513e+05 1.811745862873927981e+05
9.909999999999999432e+01 1.019574911327661684e+05 1.921131594166691939e+05
9.920000000000000284e+01 7.096127326009147509e+04 1.797924923679162748e+05
9.929999999999999716e+01 4.256914260148344329e+04 1.539763804128088814e+05
9.940000000000000568e+01 1.876235829412879320e+04 1.304351212605663750e+05
9.950000000000000000e+01 8.559704282084967417e+02 1.167341497813563619e+05
9.959999999999999432e+01 -9.150454415037573199e+03 1.079331686365086935e+05
9.970000000000000284e+01 -9.814690146971423019e+03 9.486971322517360386e+04
9.979999999999999716e+01 -1.961549474645496957e+03 7.407469633513524604e+04
9.990000000000000568e+01 1.171341064824968635e+04 4.877486897371073428e+04
1.000000000000000000e+02 2.837751824036874314e+04 2.274642434956257785e+04
