1.185126999999999953e+02 3.630142000000000024e+01 1.845000000000000000e+02
1.189941699999999969e+02 3.640177800000000019e+01 9.220000000000000284e+01
0.000000000000000000e+00 4.458377619327292196e+05 4.458377619327292196e+05
1.000000000000000056e-01 2.225951787898943003e+05 5.216702535942087998e+05
2.000000000000000111e-01 -9.117960943662382488e+04 4.699832368903047172e+05
2.999999999999999889e-01 -4.004903563222646480e+05 3.662871503624233301e+05
4.000000000000000222e-01 -6.376165037160923239e+05 2.807132394626503810e+05
5.000000000000000000e-01 -7.992287144426361192e+05 2.306317803557363513e+05
5.999999999999999778e-01 -9.285380875582022127e+05 1.838541679411983059e+05
6.999999999999999556e-01 -1.064876405650142115e+06 1.017438369089709013e+05
8.000000000000000444e-01 -1.206713420148863923e+06 -2.081585150443509337e+04
9.000000000000000222e-01 -1.315038802984922193e+06 -1.517062508938980172e+05
1.000000000000000000e+00 -1.346236231580328662e+06 -2.501118213807882566e+05
1.100000000000000089e+00 -1.283060945848523173e+06 -2.963779689849764109e+05
1.199999999999999956e+00 -1.141941399716936052e+06 -2.977403795736019383e+05
1.300000000000000044e+00 -9.579117007770168129e+05 -2.717130456511084340e+05
1.399999999999999911e+00 -7.626569965449252632e+05 -2.287687134309598478e+05
1.500000000000000000e+00 -5.699307585805573035e+05 -1.705402548623351613e+05
1.600000000000000089e+00 -3.745263653615592630e+05 -9.891346971744550683e+04
1.699999999999999956e+00 -1.637011981879857776e+05 -2.005778685795870842e+04
1.800000000000000044e+00 6.628437975961608754e+04 6.252686908909471822e+04
1.899999999999999911e+00 3.004632508650473319e+05 1.548931280012401694e+05
2.000000000000000000e+00 5.114930534230199410e+05 2.668697772047996987e+05
2.100000000000000089e+00 6.786405427294292022e+05 3.971245384114444023e+05
2.200000000000000178e+00 8.032471858950147871e+05 5.255610063567734323e+05
2.299999999999999822e+00 9.056299014004056808e+05 6.226521357968801167e+05
2.399999999999999911e+00 1.004779439130744431e+06 6.669763142412941670e+05
2.500000000000000000e+00 1.098451505052501801e+06 6.545579564408930019e+05
2.600000000000000089e+00 1.161286088865893893e+06 5.943184569173692726e+05
2.700000000000000178e+00 1.162775755635159090e+06 4.984468719253856107e+05
2.799999999999999822e+00 1.090281573927732650e+06 3.781286195908185910e+05
2.899999999999999911e+00 9.588854921082111541e+05 2.450211541548402456e+05
3.000000000000000000e+00 8.011148296399360988e+05 1.117064584154031763e+05
3.100000000000000089e+00 6.458778304201158462e+05 -1.165987216923847882e+04
3.200000000000000178e+00 5.045463746192252729e+05 -1.194077541711983213e+05
3.299999999999999822e+00 3.754742204118258669e+05 -2.061746847300625523e+05
3.399999999999999911e+00 2.604338886140928080e+05 -2.607463178132441535e+05
3.500000000000000000e+00 1.735238977183003153e+05 -2.684626288362493506e+05
3.600000000000000089e+00 1.302898318470440863e+05 -2.252135844166513998e+05
3.700000000000000178e+00 1.279449123828759475e+05 -1.500137830607548240e+05
3.799999999999999822e+00 1.417255347742487211e+05 -7.797353068295112462e+04
3.899999999999999911e+00 1.474869250323417364e+05 -3.289559328364064277e+04
4.000000000000000000e+00 1.491010497401015600e+05 -4.097288286135953967e+03
4.099999999999999645e+00 1.777085978033407591e+05 4.481476758641516790e+04
4.200000000000000178e+00 2.570993267849984695e+05 1.371848690991938929e+05
4.299999999999999822e+00 3.687777163117559976e+05 2.508988255104157724e+05
4.400000000000000355e+00 4.559515927571443026e+05 3.277911876379375462e+05
4.500000000000000000e+00 4.670701548619219684e+05 3.198946600525383838e+05
4.599999999999999645e+00 3.972369728240568656e+05 2.290668198674722516e+05
4.700000000000000178e+00 2.868701986183931003e+05 1.023977303340470389e+05
4.799999999999999822e+00 1.805793166549426678e+05 -9.810094706669420702e+03
4.900000000000000355e+00 8.791332823293203546e+04 -9.170756177375848347e+04
5.000000000000000000e+00 -1.824896197495830347e+04 -1.629377713143224828e+05
5.099999999999999645e+00 -1.698401774052005203e+05 -2.496956224597581895e+05
5.200000000000000178e+00 -3.722973691891074996e+05 -3.574918958962876932e+05
5.299999999999999822e+00 -6.003580653581019724e+05 -4.672039977587335743e+05
5.400000000000000355e+00 -8.174254742677429458e+05 -5.496433102967529558e+05
5.500000000000000000e+00 -9.959660638171185274e+05 -5.813342721065866062e+05
5.599999999999999645e+00 -1.123471950848126085e+06 -5.521541851074157748e+05
5.700000000000000178e+00 -1.197413289427500451e+06 -4.670433937493095291e+05
5.799999999999999822e+00 -1.221075866909428500e+06 -3.449911761891157366e+05
5.900000000000000355e+00 -1.204330780494189356e+06 -2.134048504435173236e+05
6.000000000000000000e+00 -1.162542328046373557e+06 -9.663616535340777773e+04
6.099999999999999645e+00 -1.107715301633151015e+06 -4.684854831366741564e+03
6.200000000000000178e+00 -1.037876309579608380e+06 6.870752475536765996e+04
6.299999999999999822e+00 -9.380490238146518823e+05 1.364880164172745717e+05
6.400000000000000355e+00 -7.969768791612207424e+05 2.054276754467737046e+05
6.500000000000000000e+00 -6.252274527083934518e+05 2.703241832209618879e+05
6.599999999999999645e+00 -4.539632200090653496e+05 3.183825360238764551e+05
6.700000000000000178e+00 -3.110189538933561998e+05 3.388451150512105669e+05
6.799999999999999822e+00 -1.965182420333720802e+05 3.308762167732051457e+05
6.900000000000000355e+00 -8.490008536836519488e+04 3.052405602858481579e+05
7.000000000000000000e+00 4.549526401954413450e+04 2.786162045387608232e+05
7.099999999999999645e+00 1.846601046464047977e+05 2.631791853721514344e+05
7.200000000000000178e+00 2.949720737494567875e+05 2.583632154558083857e+05
7.299999999999999822e+00 3.446120611356297741e+05 2.521267242279608909e+05
7.400000000000000355e+00 3.372609325042073033e+05 2.320085914149164455e+05
7.500000000000000000e+00 3.099160763643364189e+05 1.968022365653179877e+05
7.599999999999999645e+00 3.043077976560744573e+05 1.582270105923302181e+05
7.700000000000000178e+00 3.411667782175144530e+05 1.311949906999414088e+05
7.799999999999999822e+00 4.167162542032778729e+05 1.216215006730330060e+05
7.900000000000000355e+00 5.144001270475689089e+05 1.218533637636738276e+05
8.000000000000000000e+00 6.147476197856287472e+05 1.162841082317999972e+05
8.099999999999999645e+00 6.990492510529684369e+05 9.214504929531208472e+04
8.199999999999999289e+00 7.547479490370765561e+05 4.826023508912200487e+04
8.300000000000000711e+00 7.840702981802427676e+05 -3.410902573287919950e+03
8.400000000000000355e+00 8.042923421121358406e+05 -4.468304743120185594e+04
8.500000000000000000e+00 8.314437302407356910e+05 -6.267830979509960162e+04
8.599999999999999645e+00 8.594122199517202098e+05 -5.822201763346628286e+04
8.699999999999999289e+00 8.578826400727904402e+05 -4.468916556237942859e+04
8.800000000000000711e+00 7.968832819437594153e+05 -3.805175721368927771e+04
8.900000000000000355e+00 6.771388887703585206e+05 -4.599965811122666491e+04
9.000000000000000000e+00 5.359449003370088758e+05 -6.450827368018348352e+04
9.099999999999999645e+00 4.204938842235737247e+05 -8.396543262477104145e+04
9.199999999999999289e+00 3.523577959851253545e+05 -9.962680481644050451e+04
9.300000000000000711e+00 3.152557242244617082e+05 -1.181290880643533892e+05
9.400000000000000355e+00 2.750577052222272614e+05 -1.545600364162590704e+05
9.500000000000000000e+00 2.106075070832218044e+05 -2.214694674809927528e+05
9.599999999999999645e+00 1.268343717574280454e+05 -3.181298577447222779e+05
9.699999999999999289e+00 4.245347936955708428e+04 -4.295428875306097907e+05
9.800000000000000711e+00 -3.057147318288317183e+04 -5.370945643804017454e+05
9.900000000000000355e+00 -9.492135528800326574e+04 -6.315913205451678950e+05
1.000000000000000000e+01 -1.597361704701350827e+05 -7.159835790309543954e+05
1.009999999999999964e+01 -2.295705058715015475e+05 -7.949525325320401462e+05
1.019999999999999929e+01 -3.024840306108953664e+05 -8.627204727959326701e+05
1.030000000000000071e+01 -3.757152344160313951e+05 -9.028838179780128412e+05
1.040000000000000036e+01 -4.492885677187240217e+05 -9.005006164490322117e+05
1.050000000000000000e+01 -5.229290940063734306e+05 -8.520513107001811732e+05
1.059999999999999964e+01 -5.909980076103858883e+05 -7.613685047794461716e+05
1.069999999999999929e+01 -6.423243589776883600e+05 -6.275643620675691636e+05
1.080000000000000071e+01 -6.659790477090284694e+05 -4.424363938620079425e+05
1.090000000000000036e+01 -6.579389794690560084e+05 -2.039141265102946199e+05
1.100000000000000000e+01 -6.230330451791901141e+05 6.917365425385310664e+04
1.109999999999999964e+01 -5.707531679811776849e+05 3.405460271403200459e+05
1.119999999999999929e+01 -5.083518229005427565e+05 5.780437567176009761e+05
1.130000000000000071e+01 -4.367962283257163945e+05 7.719515550104641588e+05
1.140000000000000036e+01 -3.531501179846162559e+05 9.315427469396397937e+05
1.150000000000000000e+01 -2.579256716129140113e+05 1.065037447073161136e+06
1.159999999999999964e+01 -1.613971646056307363e+05 1.164877603657485917e+06
1.169999999999999929e+01 -8.261733783105917973e+04 1.212008353959358530e+06
1.180000000000000071e+01 -3.988846173756354256e+04 1.191770257298280252e+06
1.190000000000000036e+01 -3.865089667632104829e+04 1.104375005377308698e+06
1.200000000000000000e+01 -6.650250158379075583e+04 9.622626656376081519e+05
1.209999999999999964e+01 -1.008329062491095974e+05 7.808255086549863918e+05
1.219999999999999929e+01 -1.240504885890192236e+05 5.723877528583026724e+05
1.230000000000000071e+01 -1.337713433001415106e+05 3.462488495079057757e+05
1.240000000000000036e+01 -1.394555304903006763e+05 1.111216038574294944e+05
1.250000000000000000e+01 -1.498796210398224648e+05 -1.227603923712998803e+05
1.259999999999999964e+01 -1.637721203600933077e+05 -3.407324205622109585e+05
1.269999999999999929e+01 -1.703931340830036497e+05 -5.196454375456421403e+05
1.280000000000000071e+01 -1.560437932661590166e+05 -6.276103739643009612e+05
1.290000000000000036e+01 -1.102395340087048971e+05 -6.338098592488082359e+05
1.300000000000000000e+01 -3.124156296700756502e+04 -5.260903784593822202e+05
1.309999999999999964e+01 6.826935278117918642e+04 -3.225143861481453059e+05
1.319999999999999929e+01 1.620192898290931189e+05 -6.302689465326564095e+04
1.330000000000000071e+01 2.255125669822247291e+05 2.159557556449239200e+05
1.340000000000000036e+01 2.587578695606607362e+05 5.025788242323736777e+05
1.350000000000000000e+01 2.926183873163152603e+05 8.052301429741213797e+05
1.359999999999999964e+01 3.634604170870344387e+05 1.125012938367019407e+06
1.369999999999999929e+01 4.737442702052548411e+05 1.431178512921388960e+06
1.380000000000000071e+01 5.784543310184384463e+05 1.665107491666917922e+06
1.390000000000000036e+01 6.178118624134430429e+05 1.772040003975143656e+06
1.400000000000000000e+01 5.699568368802301120e+05 1.733255277868798468e+06
1.409999999999999964e+01 4.726611972301055212e+05 1.570922313990492839e+06
1.419999999999999929e+01 3.906781692710421048e+05 1.323086951299595879e+06
1.430000000000000071e+01 3.592767609362654621e+05 1.012023181582234101e+06
1.440000000000000036e+01 3.584193841014454374e+05 6.322963779662504094e+05
1.450000000000000000e+01 3.400673656084695831e+05 1.658160212201750546e+05
1.459999999999999964e+01 2.772769400313665392e+05 -3.905552986450266908e+05
1.469999999999999929e+01 1.853225119657755131e+05 -1.006443183407780249e+06
1.480000000000000071e+01 9.931799833555189252e+04 -1.621106774755087681e+06
1.490000000000000036e+01 3.884115381506882113e+04 -2.165453900022600312e+06
1.500000000000000000e+01 -2.750416756763783269e+03 -2.588135270902894903e+06
1.509999999999999964e+01 -4.061640382076097740e+04 -2.868769316513963975e+06
1.519999999999999929e+01 -7.937057072297943523e+04 -3.010871703216088470e+06
1.530000000000000071e+01 -1.130616219262048544e+05 -3.023113660239859018e+06
1.540000000000000036e+01 -1.364402078097554622e+05 -2.907026940976668149e+06
1.550000000000000000e+01 -1.491553902148743218e+05 -2.662115681860443670e+06
1.559999999999999964e+01 -1.508055773922766675e+05 -2.301120042590242811e+06
1.569999999999999929e+01 -1.397957998605855682e+05 -1.857681497465704568e+06
1.580000000000000071e+01 -1.207751913216614630e+05 -1.377366090147217968e+06
1.590000000000000036e+01 -1.087148338866835693e+05 -9.004460468559878645e+05
1.600000000000000000e+01 -1.193239940503640682e+05 -4.512500307638391387e+05
1.610000000000000142e+01 -1.542110697952830233e+05 -3.913627218094579439e+04
1.619999999999999929e+01 -1.981686947019854560e+05 3.353278079616046161e+05
1.630000000000000071e+01 -2.322899175091688230e+05 6.752647621590520721e+05
1.639999999999999858e+01 -2.487847833982890006e+05 9.827129231469867518e+05
1.650000000000000000e+01 -2.536909101792344009e+05 1.252659742011724971e+06
1.660000000000000142e+01 -2.585022902144080144e+05 1.470689827185139991e+06
1.669999999999999929e+01 -2.708010992939549033e+05 1.619972625050900038e+06
1.680000000000000071e+01 -2.899341675167809590e+05 1.693264660037296358e+06
1.689999999999999858e+01 -3.074950253563489532e+05 1.697250840125995688e+06
1.700000000000000000e+01 -3.117517426589137758e+05 1.643907410059260204e+06
1.710000000000000142e+01 -2.948568516560060089e+05 1.540048625068530673e+06
1.719999999999999929e+01 -2.577003552408383111e+05 1.389759358830806566e+06
1.730000000000000071e+01 -2.071764909288839262e+05 1.207258328392194817e+06
1.739999999999999858e+01 -1.493301440148155962e+05 1.020677575322500430e+06
1.750000000000000000e+01 -8.802596905809425516e+04 8.551220960028073750e+05
1.760000000000000142e+01 -3.014971596770486940e+04 7.105531821003195364e+05
1.769999999999999929e+01 1.474759476314896892e+04 5.625777283818937140e+05
1.780000000000000071e+01 4.732082765741136973e+04 3.915950899692426901e+05
1.789999999999999858e+01 8.870559455530399282e+04 2.109187515994323185e+05
1.800000000000000000e+01 1.660257569848390704e+05 6.015291061131975584e+04
1.810000000000000142e+01 2.781736064195314539e+05 -3.369894744149154576e+04
1.819999999999999929e+01 3.793352851694119163e+05 -8.712722398044970760e+04
1.830000000000000071e+01 4.088012997696122038e+05 -1.476686917405635759e+05
1.839999999999999858e+01 3.458177572149570915e+05 -2.474977109605203441e+05
1.850000000000000000e+01 2.343052616695174656e+05 -3.687732972064708592e+05
1.860000000000000142e+01 1.488417468732072157e+05 -4.553706878556106822e+05
1.869999999999999929e+01 1.336237820313465199e+05 -4.598635459843736026e+05
1.880000000000000071e+01 1.720962463333193446e+05 -3.820973467030122411e+05
1.889999999999999858e+01 2.100060603095523547e+05 -2.667455004377062432e+05
1.900000000000000000e+01 2.023768813402164378e+05 -1.663516716013072582e+05
1.910000000000000142e+01 1.412835130983682757e+05 -1.039594736183222849e+05
1.919999999999999929e+01 5.029683029594729305e+04 -6.359625037331943167e+04
1.930000000000000071e+01 -3.756367236732284073e+04 -9.759554733273223974e+03
1.939999999999999858e+01 -9.770030301005751244e+04 8.393883656503816019e+04
1.950000000000000000e+01 -1.209601763046011474e+05 2.170815290215100104e+05
1.960000000000000142e+01 -1.128129644815085485e+05 3.624814962991679786e+05
1.969999999999999929e+01 -8.797741999255595147e+04 4.791464461295894580e+05
1.980000000000000071e+01 -6.291934409586789843e+04 5.301856896568799857e+05
1.989999999999999858e+01 -4.951056229116636678e+04 4.984844142926252680e+05
2.000000000000000000e+01 -5.199518354600219755e+04 3.931724400227040169e+05
2.010000000000000142e+01 -6.662187340844026767e+04 2.420904470198772615e+05
2.019999999999999929e+01 -8.325377139519524644e+04 7.356519846903088910e+04
2.030000000000000071e+01 -9.000768717313042725e+04 -9.960691445271889097e+04
2.039999999999999858e+01 -8.012875539407168981e+04 -2.807936997178839520e+05
2.050000000000000000e+01 -5.585130946234861040e+04 -4.743701108020471875e+05
2.060000000000000142e+01 -2.482019729669307708e+04 -6.692625054290209664e+05
2.069999999999999929e+01 7.494346418103290489e+03 -8.374304010532717220e+05
2.080000000000000071e+01 4.077409756331885001e+04 -9.494567456674715504e+05
2.089999999999999858e+01 7.511760461786377709e+04 -9.931920599285073113e+05
2.100000000000000000e+01 1.052298316083793616e+05 -9.788343087776293978e+05
2.110000000000000142e+01 1.212575705252377520e+05 -9.267697858461401192e+05
2.119999999999999929e+01 1.152517429147365183e+05 -8.500211125468234532e+05
2.130000000000000071e+01 8.594209163228372927e+04 -7.467745593739545438e+05
2.139999999999999858e+01 3.865281974344956689e+04 -6.078960664731205907e+05
2.150000000000000000e+01 -1.578913484628597507e+04 -4.305549741169987246e+05
2.160000000000000142e+01 -6.083063156311964849e+04 -2.251784562428484787e+05
2.169999999999999929e+01 -7.786072728824397200e+04 -1.154256420423521922e+04
2.180000000000000071e+01 -5.860314316218602471e+04 1.892500509493979625e+05
2.189999999999999858e+01 -1.846120173011641600e+04 3.587910134202408954e+05
2.200000000000000000e+01 6.448889165124957799e+03 4.817615516444839886e+05
2.210000000000000142e+01 -1.494704317480052123e+04 5.493875440814048052e+05
2.219999999999999929e+01 -7.869339996083104052e+04 5.671242149288826622e+05
2.230000000000000071e+01 -1.417409044525100617e+05 5.569050402011250844e+05
2.239999999999999858e+01 -1.539339381082637119e+05 5.445180407949936343e+05
2.250000000000000000e+01 -1.007439296275234519e+05 5.384891056468589231e+05
2.260000000000000142e+01 -1.750799709460891972e+04 5.209894507815870456e+05
2.269999999999999929e+01 3.919761551027539826e+04 4.636749895093794912e+05
2.280000000000000071e+01 3.735169532419061579e+04 3.561692127976285992e+05
2.289999999999999858e+01 -8.084207664980727714e+03 2.198080401693381718e+05
2.300000000000000000e+01 -5.251440516657171247e+04 9.315345623743531178e+04
2.310000000000000142e+01 -5.876023576171117747e+04 4.233231539837375749e+03
2.319999999999999929e+01 -2.101285556924670527e+04 -4.409810224458714947e+04
2.330000000000000071e+01 3.872696999317052541e+04 -6.580318838623211195e+04
2.339999999999999858e+01 9.069179038477673021e+04 -7.374741258524204022e+04
2.350000000000000000e+01 1.149253465173173463e+05 -7.050645236329964246e+04
2.360000000000000142e+01 1.075208308778021601e+05 -5.231154373890825809e+04
2.369999999999999929e+01 7.817017708522186149e+04 -1.746682863245149565e+04
2.380000000000000071e+01 4.399673549607540917e+04 2.957079910959125846e+04
2.389999999999999858e+01 2.165077711741210078e+04 8.005945064520920278e+04
2.400000000000000000e+01 1.905518096360056370e+04 1.256820824778282549e+05
2.410000000000000142e+01 3.042964239673729753e+04 1.622223117593060015e+05
2.419999999999999929e+01 3.850818902185685147e+04 1.891266201515999564e+05
2.430000000000000071e+01 2.413965905542133260e+04 2.049390391675037681e+05
2.439999999999999858e+01 -2.158989973490670673e+04 2.036072759594694944e+05
2.450000000000000000e+01 -9.026406804898500559e+04 1.774579105490213260e+05
2.460000000000000142e+01 -1.597518854576016311e+05 1.253508913303988229e+05
2.469999999999999929e+01 -2.075557740672713844e+05 5.685630910389937344e+04
2.480000000000000071e+01 -2.249259483738028503e+05 -1.355887063837349706e+04
2.489999999999999858e+01 -2.205418093331709679e+05 -7.663547593487599806e+04
2.500000000000000000e+01 -2.104403183762059489e+05 -1.317286616520889802e+05
2.510000000000000142e+01 -2.031306903295234661e+05 -1.810548843532833271e+05
2.519999999999999929e+01 -1.932147106069641595e+05 -2.233432581580100232e+05
2.530000000000000071e+01 -1.682599433454821992e+05 -2.544774237092583789e+05
2.539999999999999858e+01 -1.212227600732413121e+05 -2.722457324280663743e+05
2.550000000000000000e+01 -5.722152335957633477e+04 -2.775863976562898024e+05
2.560000000000000142e+01 9.436390840387757635e+03 -2.714769861272600247e+05
2.569999999999999929e+01 6.390739460937430704e+04 -2.536909524396787747e+05
2.580000000000000071e+01 9.917027732178475708e+04 -2.262723579919349868e+05
2.589999999999999858e+01 1.202000045936540409e+05 -1.962064897271711961e+05
2.600000000000000000e+01 1.414777120394634258e+05 -1.715344575752299570e+05
2.610000000000000142e+01 1.771069370666791510e+05 -1.542615572178465372e+05
2.619999999999999929e+01 2.279621357979839377e+05 -1.390722051332819974e+05
2.630000000000000071e+01 2.757585201438213699e+05 -1.203488996670781926e+05
2.639999999999999858e+01 2.921135216836659820e+05 -9.917711213056136330e+04
2.650000000000000000e+01 2.595470333327803528e+05 -8.118885932644983404e+04
2.660000000000000142e+01 1.892360493293281761e+05 -6.714554431267685140e+04
2.669999999999999929e+01 1.189053597427007480e+05 -4.777833992445465992e+04
2.680000000000000071e+01 8.776805100226713694e+04 -1.058573908375991596e+04
2.689999999999999858e+01 1.054199498772682418e+05 4.706698438006555079e+04
2.700000000000000000e+01 1.411226691523668705e+05 1.119994518734681478e+05
2.710000000000000142e+01 1.467089333454495645e+05 1.633515811103375745e+05
2.719999999999999929e+01 9.722952990048969514e+04 1.878774161135690520e+05
2.730000000000000071e+01 1.423932479832903482e+04 1.886231230801460915e+05
2.739999999999999858e+01 -5.078788610793148109e+04 1.796928459843049059e+05
2.750000000000000000e+01 -5.918173344495404308e+04 1.724579251080157119e+05
2.760000000000000142e+01 -1.545122399916267386e+04 1.654602100693414104e+05
2.769999999999999929e+01 4.062392786075944605e+04 1.462542758409575617e+05
2.780000000000000071e+01 6.932488749345010729e+04 1.031479977594337252e+05
2.789999999999999858e+01 5.989385639995663223e+04 3.687345287885233120e+04
2.800000000000000000e+01 3.075908571685344214e+04 -3.748150189009844325e+04
2.810000000000000142e+01 8.175822076816461049e+03 -9.981168707663651730e+04
2.819999999999999929e+01 6.085035596169735072e+03 -1.375550096687756013e+05
2.830000000000000071e+01 2.140004476394248195e+04 -1.508214334162018495e+05
2.839999999999999858e+01 4.171527693323871063e+04 -1.468651264725478832e+05
2.850000000000000000e+01 5.499343796152590221e+04 -1.312218606159882620e+05
2.860000000000000142e+01 5.497180590830976871e+04 -1.052085214563804475e+05
2.869999999999999929e+01 4.206283497659681598e+04 -7.075417997718797415e+04
2.880000000000000071e+01 2.133891546225049387e+04 -3.410183008016910026e+04
2.889999999999999858e+01 -1.138194020570896100e+03 -1.817172018646640936e+03
2.900000000000000000e+01 -2.184487560253980337e+04 2.634177473471977282e+04
2.910000000000000142e+01 -4.098725156245684047e+04 5.763447337720957148e+04
2.919999999999999929e+01 -6.076738689248794253e+04 9.786938742370737600e+04
2.930000000000000071e+01 -8.251637913578393636e+04 1.441251041797605285e+05
2.939999999999999858e+01 -1.050863305800011440e+05 1.876041469013970345e+05
2.950000000000000000e+01 -1.254823618158743775e+05 2.227865675459064078e+05
2.960000000000000142e+01 -1.411142719053771580e+05 2.513870730541481171e+05
2.969999999999999929e+01 -1.522261644611198863e+05 2.770755501717916341e+05
2.980000000000000071e+01 -1.626327351466393739e+05 2.987568720557910856e+05
2.989999999999999858e+01 -1.773171470104004839e+05 3.104947687102954951e+05
3.000000000000000000e+01 -1.978894912785331544e+05 3.061752080412380164e+05
3.010000000000000142e+01 -2.199818675984258007e+05 2.820331043156869127e+05
3.019999999999999929e+01 -2.361158295542217093e+05 2.362341228095327970e+05
3.030000000000000071e+01 -2.420714558281396166e+05 1.704182377095587435e+05
3.039999999999999858e+01 -2.399997633633301593e+05 9.344619678636133904e+04
3.050000000000000000e+01 -2.344838260981552885e+05 2.014104137936463667e+04
3.060000000000000142e+01 -2.264384475209461234e+05 -3.863443815433746204e+04
3.069999999999999929e+01 -2.132030874086566910e+05 -8.585895314427692210e+04
3.080000000000000071e+01 -1.952809310945753823e+05 -1.353974745926721080e+05
3.089999999999999858e+01 -1.799152187957036076e+05 -1.958886450270070927e+05
3.100000000000000000e+01 -1.735726070568983851e+05 -2.568223177849322965e+05
3.110000000000000142e+01 -1.697680703226639598e+05 -2.922258470986596658e+05
3.119999999999999929e+01 -1.481745642006992130e+05 -2.808223044003069517e+05
3.130000000000000071e+01 -9.125465095046110218e+04 -2.255460607904625358e+05
3.139999999999999858e+01 -4.176391053640036262e+03 -1.552384010150827235e+05
3.150000000000000000e+01 8.377810416678247566e+04 -1.059901076530260762e+05
3.160000000000000142e+01 1.415732717229446862e+05 -9.568295786103876890e+04
3.169999999999999929e+01 1.632201451760388445e+05 -1.107954726581676805e+05
3.180000000000000071e+01 1.733262266873435001e+05 -1.163115214726231206e+05
3.189999999999999858e+01 2.051275137939511624e+05 -8.305116458079563745e+04
3.200000000000000000e+01 2.706329581084739184e+05 -1.275996811297285603e+04
3.210000000000000142e+01 3.495576478350716061e+05 5.931781321907803067e+04
3.220000000000000284e+01 4.060493707417871919e+05 8.893828141573711764e+04
3.229999999999999716e+01 4.174859008945967653e+05 5.707622670047181600e+04
3.239999999999999858e+01 3.903471042583162780e+05 -1.358958147809565708e+04
3.250000000000000000e+01 3.510985596662979224e+05 -7.476693593098208657e+04
3.260000000000000142e+01 3.220821829507751390e+05 -8.908808080062814406e+04
3.270000000000000284e+01 3.040033438586235279e+05 -5.683231952550046844e+04
3.279999999999999716e+01 2.788012720603503985e+05 -1.082727423505041952e+04
3.289999999999999858e+01 2.279084665675518918e+05 1.408343972058067448e+04
3.300000000000000000e+01 1.484739122968638840e+05 8.434265115294241696e+03
3.310000000000000142e+01 5.446042304537531163e+04 -1.088866747562977980e+04
3.320000000000000284e+01 -3.519074670593689370e+04 -2.256687950277942946e+04
3.329999999999999716e+01 -1.085531915628573915e+05 -2.141894623927378416e+04
3.339999999999999858e+01 -1.634273174399004783e+05 -1.892439557341246473e+04
3.350000000000000000e+01 -2.025259547135968169e+05 -2.825266887063848844e+04
3.360000000000000142e+01 -2.287906069106035866e+05 -5.264843743804439146e+04
3.370000000000000284e+01 -2.444606065003646654e+05 -8.732364887900970643e+04
3.379999999999999716e+01 -2.513172625223003270e+05 -1.269392237454322458e+05
3.389999999999999858e+01 -2.495742239742363454e+05 -1.664009140678035910e+05
3.400000000000000000e+01 -2.372067977208970697e+05 -1.957151463492094190e+05
3.410000000000000142e+01 -2.121927616864924203e+05 -2.006624646052983298e+05
3.420000000000000284e+01 -1.758341179493491945e+05 -1.738648148304144561e+05
3.429999999999999716e+01 -1.330608624628728430e+05 -1.245446027314428502e+05
3.439999999999999858e+01 -8.942821760373661527e+04 -7.282846810074502719e+04
3.450000000000000000e+01 -4.889647743394767167e+04 -3.164137783185829903e+04
3.460000000000000142e+01 -1.474930014816571929e+04 4.641557274265132946e+03
3.470000000000000284e+01 9.136611526399021386e+03 5.181098305335199257e+04
3.479999999999999716e+01 1.999654845516046771e+04 1.168277504255662352e+05
3.489999999999999858e+01 1.920225736858341770e+04 1.886889528146425437e+05
3.500000000000000000e+01 1.211552606208912948e+04 2.471418945247161028e+05
3.510000000000000142e+01 4.034889909422872734e+03 2.774572591342700180e+05
3.520000000000000284e+01 -3.469010189437365625e+03 2.761888887613939587e+05
3.529999999999999716e+01 -1.191988132952419255e+04 2.469486455700695806e+05
3.539999999999999858e+01 -2.160959144581548753e+04 1.963385580119474034e+05
3.550000000000000000e+01 -2.728125841826911346e+04 1.351519507315118681e+05
3.560000000000000142e+01 -1.779417945008898096e+04 7.866751913883125235e+04
3.570000000000000284e+01 1.755177931245046784e+04 3.938881811082697823e+04
3.579999999999999716e+01 7.799785542308428558e+04 1.692587766582514450e+04
3.589999999999999858e+01 1.455468604881589417e+05 -2.501726977261161665e+03
3.600000000000000000e+01 1.957452774308423977e+05 -3.183292366557792411e+04
3.610000000000000142e+01 2.213212987751062901e+05 -6.540010990426468197e+04
3.620000000000000284e+01 2.447915326041869703e+05 -7.658800124108410091e+04
3.629999999999999716e+01 2.989477547164512798e+05 -3.843225582002032752e+04
3.639999999999999858e+01 3.875377539764168323e+05 4.803654713485523826e+04
3.650000000000000000e+01 4.678103196248275926e+05 1.450879545426855038e+05
3.660000000000000142e+01 4.809667361577201518e+05 2.023880998387543368e+05
3.670000000000000284e+01 4.052867981514070416e+05 1.957482240109523700e+05
3.679999999999999716e+01 2.777386758724330575e+05 1.449490190307538724e+05
3.689999999999999858e+01 1.608296166842938983e+05 9.312290678984633996e+04
3.700000000000000000e+01 8.921290921946737217e+04 6.806295064119847666e+04
3.710000000000000142e+01 4.909726803679976729e+04 6.316608761212366517e+04
3.720000000000000284e+01 4.294748226634794264e+03 5.299098166451154975e+04
3.729999999999999716e+01 -6.537543209052811289e+04 2.171982377695094328e+04
3.739999999999999858e+01 -1.516166620519092539e+05 -2.622413321717637882e+04
3.750000000000000000e+01 -2.337992632866555359e+05 -7.845493521932512522e+04
3.760000000000000142e+01 -2.982295663613113575e+05 -1.286042190227824758e+05
3.770000000000000284e+01 -3.419534369559984189e+05 -1.749160069104370195e+05
3.779999999999999716e+01 -3.660890977672276786e+05 -2.108478622918991896e+05
3.789999999999999858e+01 -3.725216840085985023e+05 -2.257456958576620382e+05
3.800000000000000000e+01 -3.668798015233664191e+05 -2.177486894860270550e+05
3.810000000000000142e+01 -3.594974697750613559e+05 -2.016331456624740385e+05
3.820000000000000284e+01 -3.588749055628429051e+05 -1.979252935493425175e+05
3.829999999999999716e+01 -3.631262595559309702e+05 -2.122872549118241586e+05
3.839999999999999858e+01 -3.596464328996220138e+05 -2.277576730717739847e+05
3.850000000000000000e+01 -3.360474178866735892e+05 -2.200783207957452978e+05
3.860000000000000142e+01 -2.934998174478046712e+05 -1.818204752229808946e+05
3.870000000000000284e+01 -2.491083813274134009e+05 -1.312550337249178265e+05
3.879999999999999716e+01 -2.228205019334766257e+05 -9.682867413090639457e+04
3.889999999999999858e+01 -2.196171477256944927e+05 -9.184612498600353138e+04
3.900000000000000000e+01 -2.240510134262333740e+05 -1.029959524429242156e+05
3.910000000000000142e+01 -2.132151493899769557e+05 -1.028771480959785695e+05
3.920000000000000284e+01 -1.759421357987593219e+05 -7.431673702830955153e+04
3.929999999999999716e+01 -1.200497077355181100e+05 -2.406870125633636417e+04
3.939999999999999858e+01 -6.260705825800514140e+04 2.545384835287048554e+04
3.950000000000000000e+01 -1.558977353094255886e+04 5.654182044672789925e+04
3.960000000000000142e+01 1.862337485557499895e+04 6.843767254055496596e+04
3.970000000000000284e+01 4.147321907213378290e+04 7.200856031809601700e+04
3.979999999999999716e+01 5.373477601802785648e+04 7.698085082507201878e+04
3.989999999999999858e+01 5.952930139411381970e+04 8.778698146118636942e+04
4.000000000000000000e+01 7.179421524442371447e+04 1.096191380547510053e+05
4.010000000000000142e+01 1.069242749653600040e+05 1.504867562836471479e+05
4.020000000000000284e+01 1.684529248686741630e+05 2.103157446599646355e+05
4.029999999999999716e+01 2.363615562803880312e+05 2.696971496401226032e+05
4.039999999999999858e+01 2.788978935301702586e+05 2.991352108812569059e+05
4.050000000000000000e+01 2.822530821607640246e+05 2.878531201668184949e+05
4.060000000000000142e+01 2.700983248907193192e+05 2.624205478822969599e+05
4.070000000000000284e+01 2.876333001606382895e+05 2.682904249399971450e+05
4.079999999999999716e+01 3.578420743684129557e+05 3.257981264763374347e+05
4.089999999999999858e+01 4.505276977403751807e+05 4.044216353944209404e+05
4.100000000000000000e+01 4.995638615144876530e+05 4.449717267402545549e+05
4.110000000000000142e+01 4.588183212924066465e+05 4.106803168808178743e+05
4.120000000000000284e+01 3.457543999098525965e+05 3.177948130033230409e+05
4.129999999999999716e+01 2.294473949705839914e+05 2.174767309167993662e+05
4.139999999999999858e+01 1.726112025450787041e+05 1.496702495336321299e+05
4.150000000000000000e+01 1.817988905939662654e+05 1.140888512016618188e+05
4.160000000000000142e+01 2.101301445515638334e+05 8.145061821710372169e+04
4.170000000000000284e+01 2.042982062751543417e+05 2.717785931375605651e+04
4.179999999999999716e+01 1.479107225271382194e+05 -4.761554333770232188e+04
4.189999999999999858e+01 6.458718720403992484e+04 -1.241693770543263963e+05
4.200000000000000000e+01 -1.164227197640543454e+04 -1.886248436966818117e+05
4.210000000000000142e+01 -6.355154059191453416e+04 -2.432648741664184490e+05
4.220000000000000284e+01 -9.345711820419301512e+04 -2.967345934300656663e+05
4.229999999999999716e+01 -1.100259451070108043e+05 -3.473412578580859699e+05
4.239999999999999858e+01 -1.194408769700209523e+05 -3.799928412170854863e+05
4.250000000000000000e+01 -1.269658050977064413e+05 -3.809768725728546269e+05
4.260000000000000142e+01 -1.389587623706441955e+05 -3.541792066497695050e+05
4.270000000000000284e+01 -1.580671316351334099e+05 -3.202067661188078928e+05
4.279999999999999716e+01 -1.779315005878892844e+05 -2.984615757233862532e+05
4.289999999999999858e+01 -1.871325622331898485e+05 -2.906954721564611536e+05
4.300000000000000000e+01 -1.805315611171274795e+05 -2.824815725104002049e+05
4.310000000000000142e+01 -1.656710333926833700e+05 -2.595509382023908547e+05
4.320000000000000284e+01 -1.564857039182385779e+05 -2.214488681504023261e+05
4.329999999999999716e+01 -1.604494838566423277e+05 -1.803431832730847236e+05
4.339999999999999858e+01 -1.719894498606755515e+05 -1.493597392964042083e+05
4.350000000000000000e+01 -1.780005402984283282e+05 -1.332798966903321561e+05
4.360000000000000142e+01 -1.694937722116691875e+05 -1.283489478339743655e+05
4.370000000000000284e+01 -1.487839998441891803e+05 -1.278674079564586864e+05
4.379999999999999716e+01 -1.268689964060928032e+05 -1.273142547987914586e+05
4.389999999999999858e+01 -1.143459653407711885e+05 -1.262612650846828183e+05
4.400000000000000000e+01 -1.137463480737093050e+05 -1.273287708527916839e+05
4.410000000000000142e+01 -1.188047565836020658e+05 -1.328420226341731031e+05
4.420000000000000284e+01 -1.198862857630760700e+05 -1.406407090259439428e+05
4.429999999999999716e+01 -1.103392245619604073e+05 -1.423039179451997625e+05
4.439999999999999858e+01 -8.949560590610504732e+04 -1.267268709126456815e+05
4.450000000000000000e+01 -6.225481925029895501e+04 -8.804113381313704303e+04
4.460000000000000142e+01 -3.716173458118301642e+04 -3.222834095969617920e+04
4.470000000000000284e+01 -2.291910842848238826e+04 2.438177076381590814e+04
4.479999999999999716e+01 -2.213605034405531478e+04 6.695183337406527426e+04
4.489999999999999858e+01 -2.522012995214110560e+04 9.734738504180361633e+04
4.500000000000000000e+01 -1.235922271144672413e+04 1.384684006765462982e+05
4.510000000000000142e+01 3.214176875418586860e+04 2.180762886652758461e+05
4.520000000000000284e+01 1.022623236593245820e+05 3.409889231265423005e+05
4.529999999999999716e+01 1.675827248442490527e+05 4.751208354129192885e+05
4.539999999999999858e+01 1.938846432128989836e+05 5.698439639219073579e+05
4.550000000000000000e+01 1.720463197220787988e+05 5.947591170493895188e+05
4.560000000000000142e+01 1.279539072953643627e+05 5.633858279614960775e+05
4.570000000000000284e+01 1.018150473399342154e+05 5.182395399100143113e+05
4.579999999999999716e+01 1.151985729025296168e+05 4.917221707636748324e+05
4.589999999999999858e+01 1.563888423304516473e+05 4.805217414050268708e+05
4.600000000000000000e+01 1.954604998959938530e+05 4.550060142185344594e+05
4.610000000000000142e+01 2.110587796572705265e+05 3.893773563998037134e+05
4.620000000000000284e+01 2.028476907987602171e+05 2.821852482193942415e+05
4.629999999999999716e+01 1.827480183005897561e+05 1.527967164153001504e+05
4.639999999999999858e+01 1.601495760023460316e+05 2.432666734017606359e+04
4.650000000000000000e+01 1.375310001259309065e+05 -8.914725912495522061e+04
4.660000000000000142e+01 1.164518201485164464e+05 -1.843810278287436522e+05
4.670000000000000284e+01 1.016080483443781704e+05 -2.646860053221267881e+05
4.679999999999999716e+01 9.566435929275667877e+04 -3.352872983794974280e+05
4.689999999999999858e+01 9.132642707031854661e+04 -3.991409314902597107e+05
4.700000000000000000e+01 7.246964749499995378e+04 -4.529120946379746310e+05
4.710000000000000142e+01 2.702707943281376356e+04 -4.859597910529033979e+05
4.720000000000000284e+01 -3.932564866035091836e+04 -4.856854275092878379e+05
4.729999999999999716e+01 -1.031668051757627836e+05 -4.471266544947961811e+05
4.739999999999999858e+01 -1.399675417244803102e+05 -3.786990233425420593e+05
4.750000000000000000e+01 -1.439744930483562348e+05 -2.976468712072470225e+05
4.760000000000000142e+01 -1.331657405261837703e+05 -2.183284235420030600e+05
4.770000000000000284e+01 -1.341351694826267485e+05 -1.442454959722993663e+05
4.779999999999999716e+01 -1.605568187972356973e+05 -7.136442271524068201e+04
4.789999999999999858e+01 -2.043592259982889518e+05 1.588885112001931702e+03
4.800000000000000000e+01 -2.454691997248346743e+05 6.752445311834596214e+04
4.810000000000000142e+01 -2.685682369220763794e+05 1.161091347690164257e+05
4.820000000000000284e+01 -2.716272675118208863e+05 1.434965017605210596e+05
4.829999999999999716e+01 -2.621642099862006726e+05 1.557142052700209024e+05
4.839999999999999858e+01 -2.486392347489361418e+05 1.622113421883345873e+05
4.850000000000000000e+01 -2.349465448998252978e+05 1.668868475735830725e+05
4.860000000000000142e+01 -2.194796691157480236e+05 1.662656825380059890e+05
4.870000000000000284e+01 -1.968076339608321141e+05 1.563681693678639713e+05
4.879999999999999716e+01 -1.615092294824557030e+05 1.400628676205581869e+05
4.889999999999999858e+01 -1.139557709801597375e+05 1.255338012462783954e+05
4.900000000000000000e+01 -6.417122456632333342e+04 1.159041857744162990e+05
4.910000000000000142e+01 -2.807733208005367487e+04 1.012208501857008960e+05
4.920000000000000284e+01 -1.595994585444567201e+04 6.439043672208422504e+04
4.929999999999999716e+01 -2.183640882934274850e+04 -1.043571797093682108e+03
4.939999999999999858e+01 -2.447618338552216301e+04 -7.847479063017688168e+04
4.950000000000000000e+01 -2.047688252706007916e+03 -1.368491432528532459e+05
4.960000000000000142e+01 4.989947428589654010e+04 -1.557550848621021141e+05
4.970000000000000284e+01 1.117636986205148714e+05 -1.435175853240250144e+05
4.979999999999999716e+01 1.514514577370252809e+05 -1.291828501980220317e+05
4.989999999999999858e+01 1.473586724478782853e+05 -1.346279935553749965e+05
5.000000000000000000e+01 1.064840460430983076e+05 -1.533595961564802274e+05
5.010000000000000142e+01 6.306057742866218177e+04 -1.564358260978091857e+05
5.020000000000000284e+01 5.594840688002672687e+04 -1.197608415384800755e+05
5.029999999999999716e+01 9.968556562713818857e+04 -4.714205072332990676e+04
5.039999999999999858e+01 1.719678610440304619e+05 3.161123818196033244e+04
5.050000000000000000e+01 2.298621600170157035e+05 8.489609549633529969e+04
5.060000000000000142e+01 2.432444785559979791e+05 1.036447033848662977e+05
5.070000000000000284e+01 2.172889914671134320e+05 1.048507274999750371e+05
5.079999999999999716e+01 1.844048380825811764e+05 1.130859961105696129e+05
5.089999999999999858e+01 1.740262387614281615e+05 1.383926444998376537e+05
5.100000000000000000e+01 1.887104585650040826e+05 1.703687751759237726e+05
5.110000000000000142e+01 2.067209016811643087e+05 1.910111008808793558e+05
5.120000000000000284e+01 2.044650658012419590e+05 1.909308151499759406e+05
5.129999999999999716e+01 1.755166880821128434e+05 1.731722279634476872e+05
5.139999999999999858e+01 1.312858081045896106e+05 1.447269394951031136e+05
5.150000000000000000e+01 8.826070779729078640e+04 1.087380330439251848e+05
5.160000000000000142e+01 5.596824307864163711e+04 6.598985173412677250e+04
5.170000000000000284e+01 3.340780126471004769e+04 2.011009480577791692e+04
5.179999999999999716e+01 1.236334815795820032e+04 -2.372486316598156554e+04
5.189999999999999858e+01 -1.625429011364019971e+04 -6.596632376719274907e+04
5.200000000000000000e+01 -5.531814537951897364e+04 -1.142514045457651227e+05
5.210000000000000142e+01 -9.699100345718770404e+04 -1.733561213068807556e+05
5.220000000000000284e+01 -1.256565564309881011e+05 -2.340121822941379505e+05
5.229999999999999716e+01 -1.287785841382987128e+05 -2.763454526234309305e+05
5.239999999999999858e+01 -1.078454601490741479e+05 -2.878822880297303782e+05
5.250000000000000000e+01 -7.901522722317089210e+04 -2.768903145646037301e+05
5.260000000000000142e+01 -6.133271498561737826e+04 -2.643292029065011302e+05
5.270000000000000284e+01 -6.196716276057121286e+04 -2.615739095499832765e+05
5.279999999999999716e+01 -7.103486892952326161e+04 -2.583854447867197741e+05
5.289999999999999858e+01 -7.028588581238841289e+04 -2.346018758421089733e+05
5.300000000000000000e+01 -4.835604599189950386e+04 -1.821680470342687331e+05
5.310000000000000142e+01 -1.031326209287545498e+04 -1.132869515911930939e+05
5.320000000000000284e+01 2.596427499135202743e+04 -4.754685842324225814e+04
5.329999999999999716e+01 4.360991084061212314e+04 5.843338434389237591e+03
5.339999999999999858e+01 3.941635919533042033e+04 5.201127315854500921e+04
5.350000000000000000e+01 2.451353403699810588e+04 9.979653940465045162e+04
5.360000000000000142e+01 1.288839282588223068e+04 1.509418221621493576e+05
5.370000000000000284e+01 9.518707751142290363e+03 2.002076948188893148e+05
5.379999999999999716e+01 1.027400932574621766e+04 2.435476374792424031e+05
5.389999999999999858e+01 1.202604797057282849e+04 2.836180453215303714e+05
5.400000000000000000e+01 1.854113596590713496e+04 3.260724179183116648e+05
5.410000000000000142e+01 3.290573962914552249e+04 3.698768945806408883e+05
5.420000000000000284e+01 4.644599679677558743e+04 4.018075048150127986e+05
5.429999999999999716e+01 4.258175784702047531e+04 4.038513761490440811e+05
5.439999999999999858e+01 1.696836986144598632e+04 3.709522123427978950e+05
5.450000000000000000e+01 -8.864864488843028084e+03 3.226589918534384342e+05
5.460000000000000142e+01 -1.870042606428083673e+03 2.916998379195853486e+05
5.470000000000000284e+01 4.931284507294858486e+04 2.933220310260734987e+05
5.479999999999999716e+01 1.167596129426990083e+05 3.040534949016734026e+05
5.489999999999999858e+01 1.531626684157947602e+05 2.766646801027504844e+05
5.500000000000000000e+01 1.319831161925068009e+05 1.834061335246342933e+05
5.510000000000000142e+01 6.872520408785868494e+04 4.655380189053346840e+04
5.520000000000000284e+01 3.988402767442596087e+03 -7.643956265089675435e+04
5.529999999999999716e+01 -3.250740260606751690e+04 -1.408874677171756630e+05
5.539999999999999858e+01 -4.207699577217359911e+04 -1.499709888823344954e+05
5.550000000000000000e+01 -4.685064667159682722e+04 -1.454851156351754616e+05
5.560000000000000142e+01 -6.527090055361612758e+04 -1.677172386822432163e+05
5.570000000000000284e+01 -9.871065223603633058e+04 -2.241678752598681021e+05
5.579999999999999716e+01 -1.378154643166121095e+05 -2.908713713622678188e+05
5.589999999999999858e+01 -1.759139265780740534e+05 -3.363335512535408488e+05
5.600000000000000000e+01 -2.131181497818981297e+05 -3.433820133420284255e+05
5.610000000000000142e+01 -2.492758589665635955e+05 -3.156286573874239693e+05
5.620000000000000284e+01 -2.782977616751102032e+05 -2.715551154447375447e+05
5.629999999999999716e+01 -2.937358572503122268e+05 -2.336582882346707047e+05
5.639999999999999858e+01 -2.992311529764900915e+05 -2.170461748092994094e+05
5.650000000000000000e+01 -3.081602322303184192e+05 -2.216148644376030425e+05
5.660000000000000142e+01 -3.282986568540855660e+05 -2.331681981221775059e+05
5.670000000000000284e+01 -3.477141602895115502e+05 -2.341759209421392297e+05
5.679999999999999716e+01 -3.413488031556594069e+05 -2.163180467717334686e+05
5.689999999999999858e+01 -2.958974639939609333e+05 -1.849222453161501326e+05
5.700000000000000000e+01 -2.272334448633774009e+05 -1.532073055289814947e+05
5.710000000000000142e+01 -1.689480610271464102e+05 -1.327751040156626841e+05
5.720000000000000284e+01 -1.409063634251689364e+05 -1.272296835538857558e+05
5.729999999999999716e+01 -1.298162007357004331e+05 -1.308335379946276371e+05
5.739999999999999858e+01 -1.027867766049744096e+05 -1.315009093760125106e+05
5.750000000000000000e+01 -4.079248727728571248e+04 -1.177546272889982502e+05
5.760000000000000142e+01 4.151207279091687815e+04 -8.724801308447794872e+04
5.770000000000000284e+01 1.088211418465452007e+05 -5.040551283492264338e+04
5.779999999999999716e+01 1.372156289548731875e+05 -2.402990148312958991e+04
5.789999999999999858e+01 1.339990211823839345e+05 -1.854478122111861740e+04
5.800000000000000000e+01 1.284745640227814729e+05 -2.959184878336670954e+04
5.810000000000000142e+01 1.459925120938456967e+05 -4.079874418266816065e+04
5.820000000000000284e+01 1.913374625800082867e+05 -3.403971807651955169e+04
5.829999999999999716e+01 2.535572792830089747e+05 1.069817838323986507e+03
5.839999999999999858e+01 3.202007150211995468e+05 6.219134211639247224e+04
5.850000000000000000e+01 3.822726061233522487e+05 1.335124299284307635e+05
5.860000000000000142e+01 4.284846272067181999e+05 1.914473135268175683e+05
5.870000000000000284e+01 4.452470760038489243e+05 2.197541315787270432e+05
5.879999999999999716e+01 4.316889194494076073e+05 2.270232655662889010e+05
5.889999999999999858e+01 4.131647295267831068e+05 2.481285513661270088e+05
5.900000000000000000e+01 4.276073981615945231e+05 3.186537579715446918e+05
5.910000000000000142e+01 4.868255454171308666e+05 4.385101540557224071e+05
5.920000000000000284e+01 5.514473118199547753e+05 5.596642667411286384e+05
5.929999999999999716e+01 5.548662477219180437e+05 6.163458406390461605e+05
5.939999999999999858e+01 4.616312472090921365e+05 5.756211000571808545e+05
5.950000000000000000e+01 3.029868013951863395e+05 4.637414076466867700e+05
5.960000000000000142e+01 1.507259579630071530e+05 3.446694708210349199e+05
5.970000000000000284e+01 5.484159391761336883e+04 2.707139279652128462e+05
5.979999999999999716e+01 8.307091014298675873e+03 2.477238694154477562e+05
5.989999999999999858e+01 -2.984947308295265975e+04 2.400803184981993982e+05
6.000000000000000000e+01 -8.552741620682334178e+04 2.050716368208621861e+05
6.010000000000000142e+01 -1.486410690918590117e+05 1.256691419035089784e+05
6.020000000000000284e+01 -1.948464300035475462e+05 1.822956865516351900e+04
6.029999999999999716e+01 -2.162237099809273495e+05 -8.506611932573645026e+04
6.039999999999999858e+01 -2.253431889064612624e+05 -1.606574300782243372e+05
6.050000000000000000e+01 -2.349592596971567255e+05 -2.052911036097441392e+05
6.060000000000000142e+01 -2.425961454174284590e+05 -2.297753172936935443e+05
6.070000000000000284e+01 -2.372716868460250553e+05 -2.458863885091322300e+05
6.079999999999999716e+01 -2.164881471500800690e+05 -2.602092053248625598e+05
6.089999999999999858e+01 -1.918476230005177204e+05 -2.765650541806714027e+05
6.100000000000000000e+01 -1.780384491951638774e+05 -2.975562271403816412e+05
6.110000000000000142e+01 -1.791605127517625806e+05 -3.199453914943805430e+05
6.120000000000000284e+01 -1.872950080756529351e+05 -3.314677049191414844e+05
6.129999999999999716e+01 -1.933553309553729487e+05 -3.186511295627602376e+05
6.139999999999999858e+01 -1.974450772404089221e+05 -2.812480474198200391e+05
6.150000000000000000e+01 -2.076744947814533662e+05 -2.372806324027694645e+05
6.160000000000000142e+01 -2.291618111296747811e+05 -2.106084661177230009e+05
6.170000000000000284e+01 -2.550535097878343076e+05 -2.119521905078503187e+05
6.179999999999999716e+01 -2.689788440550969681e+05 -2.311926782040385588e+05
6.189999999999999858e+01 -2.567147129338915402e+05 -2.462988914941846160e+05
6.200000000000000000e+01 -2.164090686793013010e+05 -2.389243001791082788e+05
6.210000000000000142e+01 -1.594313301641008584e+05 -2.048064149680543924e+05
6.220000000000000284e+01 -1.032155990634969494e+05 -1.551033163971003378e+05
6.229999999999999716e+01 -6.283111583922329010e+04 -1.100188319539679360e+05
6.239999999999999858e+01 -4.561300068715600355e+04 -8.659483883636363316e+04
6.250000000000000000e+01 -4.873439774395483255e+04 -8.571297171771268768e+04
6.260000000000000142e+01 -5.931857465194012912e+04 -8.859076862114539836e+04
6.270000000000000284e+01 -5.927190603212293354e+04 -6.980388738704248681e+04
6.279999999999999716e+01 -3.613604798629086872e+04 -1.917183456551425479e+04
6.289999999999999858e+01 5.457430669889901765e+03 4.703809154805772414e+04
6.300000000000000000e+01 4.310565835712999979e+04 9.842994995601895789e+04
6.310000000000000142e+01 5.322950269940422731e+04 1.174935141327906749e+05
6.320000000000000284e+01 3.487875351746921660e+04 1.170042072982065147e+05
6.329999999999999716e+01 1.753156949385965709e+04 1.304456452258689678e+05
6.339999999999999858e+01 3.874505589281993161e+04 1.820118243413621094e+05
6.350000000000000000e+01 1.070465431289176922e+05 2.620804950593523099e+05
6.360000000000000142e+01 1.863516753740450076e+05 3.309455444607181707e+05
6.370000000000000284e+01 2.225755769161062199e+05 3.494948489352436736e+05
6.379999999999999716e+01 1.910575740645542683e+05 3.109588317223722115e+05
6.389999999999999858e+01 1.191992372681966954e+05 2.457206792884443712e+05
6.400000000000000000e+01 6.171190507759515458e+04 1.951754926470499486e+05
6.409999999999999432e+01 5.329388436243892647e+04 1.788867269080232363e+05
6.420000000000000284e+01 8.426686414899378724e+04 1.841576922258557461e+05
6.429999999999999716e+01 1.181187209682068496e+05 1.839963580268906080e+05
6.440000000000000568e+01 1.278796621191156446e+05 1.626314034193305415e+05
6.450000000000000000e+01 1.152582309897637460e+05 1.243394127300340188e+05
6.459999999999999432e+01 1.001024595660785562e+05 8.206455149883942795e+04
6.470000000000000284e+01 9.740786279887361161e+04 4.266462518024239398e+04
6.479999999999999716e+01 1.054961083259378211e+05 4.742127456829221046e+03
6.490000000000000568e+01 1.125814693197087472e+05 -3.239430007273424417e+04
6.500000000000000000e+01 1.107162614385056513e+05 -6.249726778112754982e+04
6.509999999999999432e+01 1.022998034286586626e+05 -7.741660739628960437e+04
6.520000000000000284e+01 9.455069483894147561e+04 -7.731692383952141972e+04
6.529999999999999716e+01 8.990460785618636874e+04 -7.342224943569608149e+04
6.540000000000000568e+01 8.346095456428427133e+04 -7.877757966407178901e+04
6.550000000000000000e+01 6.982738971297506941e+04 -9.574154310756569612e+04
6.559999999999999432e+01 5.052267955171601352e+04 -1.130269173800676363e+05
6.570000000000000284e+01 3.243237038980424404e+04 -1.160026373580273357e+05
6.579999999999999716e+01 1.903838060982383467e+04 -1.009397583170208381e+05
6.590000000000000568e+01 5.621417916498701743e+03 -7.974763101947827090e+04
6.600000000000000000e+01 -1.510781324406508065e+04 -7.044278054407949094e+04
6.609999999999999432e+01 -4.385909375068797090e+04 -8.177993000302137807e+04
6.620000000000000284e+01 -7.361667308576891082e+04 -1.058229431559216755e+05
6.629999999999999716e+01 -9.772773883248172933e+04 -1.249787805704554921e+05
6.640000000000000568e+01 -1.168765761815272854e+05 -1.270199223863396619e+05
6.650000000000000000e+01 -1.367492762172548100e+05 -1.147804105642590876e+05
6.659999999999999432e+01 -1.603971762673920311e+05 -1.025273604765561468e+05
6.670000000000000284e+01 -1.849680345639097795e+05 -1.031421379299910623e+05
6.679999999999999716e+01 -2.051461090348926373e+05 -1.177011451728239626e+05
6.690000000000000568e+01 -2.168175520144657639e+05 -1.353999295106831414e+05
6.700000000000000000e+01 -2.163661929263914062e+05 -1.418502122719834151e+05
6.709999999999999432e+01 -1.995339491556597059e+05 -1.279272464338414429e+05
6.720000000000000284e+01 -1.653530577726972988e+05 -9.385800187334627844e+04
6.729999999999999716e+01 -1.222103198311770102e+05 -4.864343643844623875e+04
6.740000000000000568e+01 -8.666683833888516529e+04 -6.400144963384000221e+03
6.750000000000000000e+01 -7.166806306872973801e+04 2.026567047262569031e+04
6.759999999999999432e+01 -7.348506182952254312e+04 2.840731498135250513e+04
6.770000000000000284e+01 -7.102401780782923743e+04 2.863152389765145199e+04
6.779999999999999716e+01 -4.103069400571830192e+04 3.887908452327454143e+04
6.790000000000000568e+01 2.205051525525486795e+04 7.045127544320022571e+04
6.800000000000000000e+01 9.814868898522318341e+04 1.177713222649866511e+05
6.809999999999999432e+01 1.535010899480598164e+05 1.620660450493458775e+05
6.820000000000000284e+01 1.648684851814650465e+05 1.866864015621822327e+05
6.829999999999999716e+01 1.378297956640322809e+05 1.904795836496375850e+05
6.840000000000000568e+01 1.037969334465590218e+05 1.872348121052111965e+05
6.850000000000000000e+01 9.635447930479345086e+04 1.920440796529096842e+05
6.859999999999999432e+01 1.252870106734361616e+05 2.069286920318004268e+05
6.870000000000000284e+01 1.701942300998152350e+05 2.182656985477106355e+05
6.879999999999999716e+01 1.991533943888495269e+05 2.082317081707576290e+05
6.890000000000000568e+01 1.952789317463562766e+05 1.706150955886669108e+05
6.900000000000000000e+01 1.675184641746487760e+05 1.173277064558596612e+05
6.909999999999999432e+01 1.384665372005901299e+05 6.942504227746604010e+04
6.920000000000000284e+01 1.238576213786270382e+05 4.014373248305654852e+04
6.929999999999999716e+01 1.230411033435590507e+05 2.535650127409731795e+04
6.940000000000000568e+01 1.249439442849542247e+05 1.012137522735899984e+04
6.950000000000000000e+01 1.187942904926969641e+05 -1.608885974409773553e+04
6.959999999999999432e+01 9.908642837827355834e+04 -5.151190839463999873e+04
6.970000000000000284e+01 6.497042028716565983e+04 -8.847205787331015745e+04
6.979999999999999716e+01 1.973460471809459705e+04 -1.241564609325481724e+05
6.990000000000000568e+01 -2.859070829247050278e+04 -1.617309745249361731e+05
7.000000000000000000e+01 -6.945501716054507415e+04 -2.012247414802005515e+05
7.009999999999999432e+01 -9.578177342688041972e+04 -2.334669833510334429e+05
7.020000000000000284e+01 -1.084768059775223373e+05 -2.465109484278428135e+05
7.029999999999999716e+01 -1.143998767714356072e+05 -2.373918673919542634e+05
7.040000000000000568e+01 -1.196353122794220981e+05 -2.146231629246266966e+05
7.050000000000000000e+01 -1.247023969160109555e+05 -1.884751658497684402e+05
7.059999999999999432e+01 -1.256593364151736168e+05 -1.614778514474893746e+05
7.070000000000000284e+01 -1.189321771731687768e+05 -1.305502719864852988e+05
7.079999999999999716e+01 -1.048940699752561923e+05 -9.644010755128557503e+04
7.090000000000000568e+01 -8.737685027469080524e+04 -6.678394167123509396e+04
7.100000000000000000e+01 -7.030629980690838420e+04 -4.816116799704206642e+04
7.109999999999999432e+01 -5.512916495115497673e+04 -3.753717058022257697e+04
7.120000000000000284e+01 -4.178785611832503491e+04 -2.464843118765912368e+04
7.129999999999999716e+01 -3.195435840068344260e+04 -3.049958357929186604e+03
7.140000000000000568e+01 -2.979281978207570501e+04 2.311595635274640154e+04
7.150000000000000000e+01 -3.773622463459774008e+04 4.393554683394311724e+04
7.159999999999999432e+01 -5.172836378098943533e+04 5.359250906338141067e+04
7.170000000000000284e+01 -6.319040628551506234e+04 5.415849397229401802e+04
7.179999999999999716e+01 -6.749359661943285028e+04 5.105690333930654742e+04
7.190000000000000568e+01 -6.887176024104539829e+04 4.770911653702826152e+04
7.200000000000000000e+01 -7.390597780642868020e+04 4.574935611877779593e+04
7.209999999999999432e+01 -8.029852370854755281e+04 4.855185073331374588e+04
7.220000000000000284e+01 -7.635604569591858308e+04 6.159755525960482919e+04
7.229999999999999716e+01 -5.522419673689085175e+04 8.796867991393670673e+04
7.240000000000000568e+01 -2.795651979935537020e+04 1.240131659026289999e+05
7.250000000000000000e+01 -1.676437496376015042e+04 1.607456203330949356e+05
7.259999999999999432e+01 -3.120191062688980310e+04 1.908060566954576934e+05
7.270000000000000284e+01 -5.193438700053589855e+04 2.150220725246380898e+05
7.279999999999999716e+01 -4.231873284199818590e+04 2.420270447456011316e+05
7.290000000000000568e+01 1.977777706745188334e+04 2.795856806004324462e+05
7.300000000000000000e+01 1.189656972223549674e+05 3.238015767476293258e+05
7.309999999999999432e+01 2.099549857699274435e+05 3.562179538086357061e+05
7.320000000000000284e+01 2.500471697187711834e+05 3.539808203291326063e+05
7.329999999999999716e+01 2.297196914081204450e+05 3.066898165899849264e+05
7.340000000000000568e+01 1.773413914925808494e+05 2.257068474335233623e+05
7.350000000000000000e+01 1.355229325109319761e+05 1.369242086394482758e+05
7.359999999999999432e+01 1.284738567983729736e+05 6.286422342384919466e+04
7.370000000000000284e+01 1.460260985243900795e+05 9.538161744245669979e+03
7.379999999999999716e+01 1.561949229743343894e+05 -3.226402058216039222e+04
7.390000000000000568e+01 1.342053621427264006e+05 -7.572081361264231964e+04
7.400000000000000000e+01 8.181129180351611285e+04 -1.281952299197993998e+05
7.409999999999999432e+01 2.086595386245144618e+04 -1.886784650315803883e+05
7.420000000000000284e+01 -2.890921569133616867e+04 -2.496366487420700432e+05
7.429999999999999716e+01 -6.334284309078801743e+04 -2.995713340895102010e+05
7.440000000000000568e+01 -8.712760798153455835e+04 -3.272325681773784454e+05
7.450000000000000000e+01 -1.009114139452677919e+05 -3.286628151499693049e+05
7.459999999999999432e+01 -1.014387393527423555e+05 -3.123034987780902884e+05
7.470000000000000284e+01 -9.305359302555579052e+04 -2.948258831821383792e+05
7.479999999999999716e+01 -9.057162161155077047e+04 -2.881308340517699253e+05
7.490000000000000568e+01 -1.045050054843411053e+05 -2.887889111789854360e+05
7.500000000000000000e+01 -1.261969017977247131e+05 -2.813501743807054008e+05
7.509999999999999432e+01 -1.349244019928539346e+05 -2.538519081330833142e+05
7.520000000000000284e+01 -1.219079692382307840e+05 -2.108556501982603222e+05
7.529999999999999716e+01 -1.022285170748955570e+05 -1.708811575116569002e+05
7.540000000000000568e+01 -9.848954244305180328e+04 -1.502177859516933095e+05
7.550000000000000000e+01 -1.150981091893053235e+05 -1.484009294085141155e+05
7.559999999999999432e+01 -1.340433437297983328e+05 -1.488857104495409876e+05
7.570000000000000284e+01 -1.362342848032269103e+05 -1.338014803505285527e+05
7.579999999999999716e+01 -1.216302477468948928e+05 -9.874159219799507991e+04
7.590000000000000568e+01 -1.053346772374121356e+05 -5.455829207856387802e+04
7.600000000000000000e+01 -9.795643603737305966e+04 -1.629777683631965192e+04
7.609999999999999432e+01 -9.568991373900117469e+04 8.802807863344700309e+03
7.620000000000000284e+01 -8.933317116938369873e+04 2.345102308212376738e+04
7.629999999999999716e+01 -7.652479581200913526e+04 3.357411777961533517e+04
7.640000000000000568e+01 -6.028283320729830302e+04 4.278065145296249830e+04
7.650000000000000000e+01 -3.789665007083970704e+04 5.433497307126233500e+04
7.659999999999999432e+01 1.862503795946287028e+03 7.543611505315244722e+04
7.670000000000000284e+01 6.571195318412719644e+04 1.139769178979296121e+05
7.679999999999999716e+01 1.405377880409854115e+05 1.675550304266502208e+05
7.690000000000000568e+01 1.956915710726370744e+05 2.179379936564473319e+05
7.700000000000000000e+01 2.066739179229672591e+05 2.433880710912911163e+05
7.709999999999999432e+01 1.808976163083324209e+05 2.422024995332358521e+05
7.720000000000000284e+01 1.590195148990501766e+05 2.426989052421459346e+05
7.729999999999999716e+01 1.838539879494664201e+05 2.819647175197670585e+05
7.740000000000000568e+01 2.599104696774424519e+05 3.673605963113601902e+05
7.750000000000000000e+01 3.413287219931385480e+05 4.589356082717905520e+05
7.759999999999999432e+01 3.650731337281082524e+05 4.963059455334471422e+05
7.770000000000000284e+01 3.038905225606455933e+05 4.493223480504591716e+05
7.779999999999999716e+01 1.908999832319915295e+05 3.443692855004348094e+05
7.790000000000000568e+01 9.180200273476140865e+04 2.403818382536865829e+05
7.800000000000000000e+01 5.061229901792907913e+04 1.789381506328118267e+05
7.809999999999999432e+01 5.935580661769400467e+04 1.565948548673389596e+05
7.820000000000000284e+01 7.577673726224371057e+04 1.405289611941880430e+05
7.829999999999999716e+01 6.543184347088594222e+04 1.037487075379108865e+05
7.840000000000000568e+01 2.625692008549481761e+04 4.317183590199991886e+04
7.850000000000000000e+01 -2.074005908874829765e+04 -2.928167214907649759e+04
7.859999999999999432e+01 -5.560167548867150617e+04 -1.027460958660999167e+05
7.870000000000000284e+01 -7.218460285768403264e+04 -1.709135698051302461e+05
7.879999999999999716e+01 -7.415064150007670105e+04 -2.253358417615392536e+05
7.890000000000000568e+01 -6.711454070934388437e+04 -2.538752600280446932e+05
7.900000000000000000e+01 -5.692444274616566690e+04 -2.501460514637031010e+05
7.909999999999999432e+01 -5.100082125775443274e+04 -2.234174997942891787e+05
7.920000000000000284e+01 -5.613080021119721641e+04 -1.959162058665799559e+05
7.929999999999999716e+01 -7.376260470582390553e+04 -1.874998053450728476e+05
7.940000000000000568e+01 -9.911399634863054962e+04 -2.011110796892509679e+05
7.950000000000000000e+01 -1.259672954412655818e+05 -2.224487854626387125e+05
7.959999999999999432e+01 -1.520152556307646155e+05 -2.341834556673584157e+05
7.970000000000000284e+01 -1.793053937724714633e+05 -2.313926663920662832e+05
7.979999999999999716e+01 -2.099973450563164370e+05 -2.238912138379226963e+05
7.990000000000000568e+01 -2.420173985434875940e+05 -2.242354389976711827e+05
8.000000000000000000e+01 -2.685019283401855500e+05 -2.344506801348698209e+05
8.009999999999999432e+01 -2.813679469975369284e+05 -2.450311565132263640e+05
8.020000000000000284e+01 -2.762988957476058858e+05 -2.459913531644035538e+05
8.029999999999999716e+01 -2.554827852611660492e+05 -2.370929532460065384e+05
8.040000000000000568e+01 -2.261393510085806483e+05 -2.267154118592119194e+05
8.050000000000000000e+01 -1.962661911358854850e+05 -2.223125450313176261e+05
8.059999999999999432e+01 -1.709361752113873372e+05 -2.236891916896481998e+05
8.070000000000000284e+01 -1.506862485371232033e+05 -2.247204934870804718e+05
8.079999999999999716e+01 -1.308438285923601798e+05 -2.183314275348570663e+05
8.090000000000000568e+01 -1.016468662751732190e+05 -1.976809475688460807e+05
8.100000000000000000e+01 -5.234257943292117852e+04 -1.549796126955546206e+05
8.109999999999999432e+01 1.916878842235752745e+04 -8.533902275352668948e+04
8.120000000000000284e+01 9.807961834544139856e+04 3.806505300227465341e+03
8.129999999999999716e+01 1.578486090943443123e+05 8.955009617412430816e+04
8.140000000000000568e+01 1.812102618809533888e+05 1.480226909828319331e+05
8.150000000000000000e+01 1.805244040784967947e+05 1.788654469054889923e+05
8.159999999999999432e+01 1.942543586873015738e+05 2.137626946323897864e+05
8.170000000000000284e+01 2.552176893038399285e+05 2.917681422064607032e+05
8.179999999999999716e+01 3.558811244234513142e+05 4.181691243967149640e+05
8.190000000000000568e+01 4.449179895750556025e+05 5.477052204072372988e+05
8.200000000000000000e+01 4.636443131707545836e+05 6.150950232672406128e+05
8.209999999999999432e+01 3.931586291185434093e+05 5.888257661585027818e+05
8.220000000000000284e+01 2.707393721163740847e+05 4.976271587569506955e+05
8.229999999999999716e+01 1.609024613070536288e+05 4.042942508297573659e+05
8.240000000000000568e+01 1.069430656631774327e+05 3.530858730744736386e+05
8.250000000000000000e+01 1.041968921149232337e+05 3.400821409282410750e+05
8.259999999999999432e+01 1.139343714526172844e+05 3.285411794043295668e+05
8.270000000000000284e+01 1.003915239906611678e+05 2.866977288277469343e+05
8.279999999999999716e+01 5.700888130677832669e+04 2.106347451433592651e+05
8.290000000000000568e+01 3.105450787349414895e+03 1.183781889611289807e+05
8.300000000000000000e+01 -3.920284829103907396e+04 3.090974707131097239e+04
8.309999999999999432e+01 -6.330496743339249224e+04 -3.913638467497665260e+04
8.320000000000000284e+01 -7.706118028695900284e+04 -8.678440857415959181e+04
8.329999999999999716e+01 -8.930656079526034591e+04 -1.114521169166943582e+05
8.340000000000000568e+01 -1.011767084758098645e+05 -1.179436779687263188e+05
8.350000000000000000e+01 -1.099511303535754269e+05 -1.182064263768017699e+05
8.359999999999999432e+01 -1.167439502131639747e+05 -1.270963529422758147e+05
8.370000000000000284e+01 -1.262394012126764574e+05 -1.523130860996802803e+05
8.379999999999999716e+01 -1.396050359446431394e+05 -1.868101741952840821e+05
8.390000000000000568e+01 -1.524756787116753403e+05 -2.121237338154257741e+05
8.400000000000000000e+01 -1.628231788984019659e+05 -2.123755907084397913e+05
8.409999999999999432e+01 -1.777377799236135616e+05 -1.884758173387160059e+05
8.420000000000000284e+01 -2.067022741908211319e+05 -1.597526524552803312e+05
8.429999999999999716e+01 -2.465338779882469680e+05 -1.497545263010169438e+05
8.440000000000000568e+01 -2.770573914572490030e+05 -1.674051721652287524e+05
8.450000000000000000e+01 -2.763331858098300290e+05 -2.003265600019791746e+05
8.459999999999999432e+01 -2.409220382767833944e+05 -2.266827964518821682e+05
8.470000000000000284e+01 -1.896000631827296456e+05 -2.343981641159394640e+05
8.479999999999999716e+01 -1.471770590010387241e+05 -2.299567494345043378e+05
8.490000000000000568e+01 -1.258428216057511745e+05 -2.302554154950506636e+05
8.500000000000000000e+01 -1.207280334961340704e+05 -2.474611354797669337e+05
8.509999999999999432e+01 -1.186769596265284636e+05 -2.807291473782949033e+05
8.520000000000000284e+01 -1.078482775959874416e+05 -3.182262563484094571e+05
8.529999999999999716e+01 -8.109452863340238400e+04 -3.431257924186786986e+05
8.540000000000000568e+01 -3.621093925181175291e+04 -3.390957638489830424e+05
8.550000000000000000e+01 2.264968491061379609e+04 -2.973299574452097295e+05
8.559999999999999432e+01 8.403715301802552131e+04 -2.252378912975270359e+05
8.570000000000000284e+01 1.329995462108711363e+05 -1.480696545039957564e+05
8.579999999999999716e+01 1.596655819183366839e+05 -9.463474508355208673e+04
8.590000000000000568e+01 1.671520151950189029e+05 -7.363865466393611860e+04
8.600000000000000000e+01 1.720648625139482901e+05 -6.234979010614536674e+04
8.609999999999999432e+01 1.947387568707120372e+05 -2.322622603301023628e+04
8.620000000000000284e+01 2.436418959762172890e+05 6.202185991416047909e+04
8.629999999999999716e+01 3.051207484373287298e+05 1.715969095848997822e+05
8.640000000000000568e+01 3.491457985501622898e+05 2.577180794213615009e+05
8.650000000000000000e+01 3.502580616503162310e+05 2.856259662999587599e+05
8.659999999999999432e+01 3.081551062159998110e+05 2.632167200962806819e+05
8.670000000000000284e+01 2.494881489905260969e+05 2.341649352167098550e+05
8.679999999999999716e+01 2.076061931367552606e+05 2.398967644177805050e+05
8.690000000000000568e+01 1.971370397532482748e+05 2.839323566478999564e+05
8.700000000000000000e+01 2.053090378160511027e+05 3.301307888390063308e+05
8.709999999999999432e+01 2.063222997651430778e+05 3.357984756647162139e+05
8.720000000000000284e+01 1.843264437971915468e+05 2.892789876375863678e+05
8.729999999999999716e+01 1.445324707616236701e+05 2.185254463069034682e+05
8.740000000000000568e+01 1.048739798408061615e+05 1.650259944600427116e+05
8.750000000000000000e+01 7.841580412719596643e+04 1.492544596648233419e+05
8.759999999999999432e+01 6.283142454710223683e+04 1.589167475488829077e+05
8.770000000000000284e+01 4.429806807228556136e+04 1.664711593590735283e+05
8.779999999999999716e+01 9.718045076544554831e+03 1.547940548521362653e+05
8.790000000000000568e+01 -4.411373826056840335e+04 1.269564605540207704e+05
8.800000000000000000e+01 -1.101087343261701171e+05 9.664837409086494881e+04
8.809999999999999432e+01 -1.762159709932988044e+05 7.428996918731444748e+04
8.820000000000000284e+01 -2.306154724024215539e+05 6.191939242094747169e+04
8.829999999999999716e+01 -2.647572925242184428e+05 5.578441792507904756e+04
8.840000000000000568e+01 -2.759351245692957309e+05 4.921988535539642908e+04
8.850000000000000000e+01 -2.694888667445968022e+05 3.460214714442475815e+04
8.859999999999999432e+01 -2.571153281640211062e+05 8.286845988304383354e+03
8.870000000000000284e+01 -2.493099810513135162e+05 -2.311920959201469668e+04
8.879999999999999716e+01 -2.471177292336788087e+05 -4.392865950381672883e+04
8.890000000000000568e+01 -2.421177513052097056e+05 -4.167316860956732125e+04
8.900000000000000000e+01 -2.265351432902115048e+05 -2.039329173517043819e+04
8.909999999999999432e+01 -2.035420987395259144e+05 -2.768957769734988688e+02
8.920000000000000284e+01 -1.857510068155023328e+05 -2.008559863347320061e+03
8.929999999999999716e+01 -1.823750787916569388e+05 -3.047549741326532239e+04
8.940000000000000568e+01 -1.889580902152620838e+05 -7.290801843285271025e+04
8.950000000000000000e+01 -1.912443479029679729e+05 -1.110994982434698759e+05
8.959999999999999432e+01 -1.786142184615625592e+05 -1.343005954094111512e+05
8.970000000000000284e+01 -1.520823758377031190e+05 -1.420916049930390145e+05
8.979999999999999716e+01 -1.197441186000242160e+05 -1.389730118593864318e+05
8.990000000000000568e+01 -8.789047932076836878e+04 -1.294012308700262511e+05
9.000000000000000000e+01 -5.888385009258535865e+04 -1.177345935843270854e+05
9.009999999999999432e+01 -3.498228896484288271e+04 -1.096885127515444619e+05
9.020000000000000284e+01 -1.844798955961281536e+04 -1.101316131430582755e+05
9.029999999999999716e+01 -5.239828254598909552e+03 -1.175891497900266404e+05
9.040000000000000568e+01 1.789224446430425814e+04 -1.217498920952113549e+05
9.050000000000000000e+01 6.397910642125221784e+04 -1.094231087149577797e+05
9.059999999999999432e+01 1.304911235989261913e+05 -7.633467059952157433e+04
9.070000000000000284e+01 1.951181032124977210e+05 -3.432259630887518870e+04
9.079999999999999716e+01 2.308857241865263204e+05 -4.949102371094100818e+03
9.090000000000000568e+01 2.290407169933229743e+05 -2.292549450902937679e+03
9.100000000000000000e+01 2.086953024861767772e+05 -1.936133358724627760e+04
9.109999999999999432e+01 2.030128002158975869e+05 -3.163062762880949958e+04
9.120000000000000284e+01 2.322575263485111645e+05 -1.662701960782257447e+04
9.129999999999999716e+01 2.858490439404263743e+05 2.655996563461220649e+04
9.140000000000000568e+01 3.289805119415282970e+05 7.496481489632042940e+04
9.150000000000000000e+01 3.296198989744839491e+05 9.938969407487778517e+04
9.159999999999999432e+01 2.842254310960249859e+05 8.774254320008159266e+04
9.170000000000000284e+01 2.202030658666868694e+05 5.473109978768412839e+04
9.179999999999999716e+01 1.723556358230017358e+05 2.956432290439292410e+04
9.190000000000000568e+01 1.538359734078442561e+05 3.148002767812749516e+04
9.200000000000000000e+01 1.474785439876696910e+05 5.340705426124235964e+04
9.209999999999999432e+01 1.242715864794288063e+05 6.762700975621318503e+04
9.220000000000000284e+01 7.028890748683505808e+04 4.860704858263235656e+04
9.229999999999999716e+01 -2.912494816466365592e+03 -6.595205482511630180e+03
9.240000000000000568e+01 -7.118283768703651731e+04 -7.716408002925582696e+04
9.250000000000000000e+01 -1.182801890082842438e+05 -1.357175074362909072e+05
9.259999999999999432e+01 -1.445543906995835132e+05 -1.675657107147224597e+05
9.270000000000000284e+01 -1.598473261094501358e+05 -1.767286820940025209e+05
9.279999999999999716e+01 -1.718702712285389134e+05 -1.775084738162482390e+05
9.290000000000000568e+01 -1.813598894880822336e+05 -1.820066093530944781e+05
9.300000000000000000e+01 -1.849063546108150913e+05 -1.931676188270114944e+05
9.309999999999999432e+01 -1.796365715882393706e+05 -2.048517125010638847e+05
9.320000000000000284e+01 -1.658635445844939677e+05 -2.059161609653483611e+05
9.329999999999999716e+01 -1.476169344976740831e+05 -1.866030513688942301e+05
9.340000000000000568e+01 -1.311511791876138304e+05 -1.460151177235819923e+05
9.350000000000000000e+01 -1.210795326545734279e+05 -9.586284159273095429e+04
9.359999999999999432e+01 -1.164869991351865901e+05 -5.445788559620112210e+04
9.370000000000000284e+01 -1.115743762486989144e+05 -3.252663099013789906e+04
9.379999999999999716e+01 -1.015775784103655024e+05 -2.289521256739816090e+04
9.390000000000000568e+01 -8.805180895490609691e+04 -5.766284588669794175e+03
9.400000000000000000e+01 -7.729458757047045219e+04 3.315904215978708817e+04
9.409999999999999432e+01 -7.351674024690367514e+04 8.852759876154226367e+04
9.420000000000000284e+01 -7.472237397167217568e+04 1.390573751899882336e+05
9.429999999999999716e+01 -7.582751935027469881e+04 1.652665873554438294e+05
9.440000000000000568e+01 -7.487229087666000123e+04 1.640166289106540789e+05
9.450000000000000000e+01 -7.520380644027216476e+04 1.476611629936988174e+05
9.459999999999999432e+01 -8.171085640948536457e+04 1.318058293527379865e+05
9.470000000000000284e+01 -9.492227290170347260e+04 1.250794422489819699e+05
9.479999999999999716e+01 -1.073936853250400745e+05 1.287909023728796165e+05
9.490000000000000568e+01 -1.049888792174951814e+05 1.423980053796398570e+05
9.500000000000000000e+01 -7.444237786584855348e+04 1.656371820042724721e+05
9.509999999999999432e+01 -1.497059184242105403e+04 1.942771920943347504e+05
9.520000000000000284e+01 5.539289149240221013e+04 2.164362953114121046e+05
9.529999999999999716e+01 1.094668424967382161e+05 2.186333652937759762e+05
9.540000000000000568e+01 1.341016007282973733e+05 2.003886206138121779e+05
9.550000000000000000e+01 1.461070879901490116e+05 1.824518991263317293e+05
9.559999999999999432e+01 1.803783973426745215e+05 1.940090977954040281e+05
9.570000000000000284e+01 2.558230073706534458e+05 2.444036935690216196e+05
9.579999999999999716e+01 3.513620473647763720e+05 3.063208946123349015e+05
9.590000000000000568e+01 4.187978298729568487e+05 3.326574559035288985e+05
9.600000000000000000e+01 4.230287764855254791e+05 2.965389025296953623e+05
9.609999999999999432e+01 3.713456610644839820e+05 2.164613463250797940e+05
9.620000000000000284e+01 3.043798658557088347e+05 1.399076859613372944e+05
9.629999999999999716e+01 2.596570960025496315e+05 1.005934299260843400e+05
9.640000000000000568e+01 2.431717310187753174e+05 9.159821254307744675e+04
9.650000000000000000e+01 2.318780167009165743e+05 7.870444664629903855e+04
9.659999999999999432e+01 1.984796714326789661e+05 3.588711316770142002e+04
9.670000000000000284e+01 1.330497923768485489e+05 -3.466254371816221101e+04
9.679999999999999716e+01 4.578916696058196976e+04 -1.135612627790097031e+05
9.690000000000000568e+01 -4.467790928348369926e+04 -1.871730885657387844e+05
9.700000000000000000e+01 -1.236075193732986518e+05 -2.554026011408198974e+05
9.709999999999999432e+01 -1.846900519113106129e+05 -3.204339936637470382e+05
9.720000000000000284e+01 -2.283298852348843648e+05 -3.754720936441071099e+05
9.729999999999999716e+01 -2.586993984851772839e+05 -4.089290731856081402e+05
9.740000000000000568e+01 -2.813428669659696752e+05 -4.176030647832130780e+05
9.750000000000000000e+01 -2.998719599740481353e+05 -4.110123182682754123e+05
9.759999999999999432e+01 -3.121379558514785604e+05 -4.009650329275344266e+05
9.770000000000000284e+01 -3.102454579517365783e+05 -3.890353525613198872e+05
9.779999999999999716e+01 -2.875434491731692106e+05 -3.666994099702247768e+05
9.790000000000000568e+01 -2.478756599247273407e+05 -3.271376687259750324e+05
9.800000000000000000e+01 -2.067942476399259758e+05 -2.742415997296894202e+05
9.809999999999999432e+01 -1.804412614055544254e+05 -2.187891351065378694e+05
9.820000000000000284e+01 -1.712879632568553207e+05 -1.671944655082933023e+05
9.829999999999999716e+01 -1.653319470467528445e+05 -1.158938546200767887e+05
9.840000000000000568e+01 -1.444529601082890003e+05 -5.674054618680251588e+04
9.850000000000000000e+01 -1.017339112502734642e+05 1.352530408624335905e+04
9.859999999999999432e+01 -4.508118657652283582e+04 8.948927450584972394e+04
9.870000000000000284e+01 1.185556015517272317e+04 1.608154372157736798e+05
9.879999999999999716e+01 5.936142668742245587e+04 2.175648111272680690e+05
9.890000000000000568e+01 9.250823263665298873e+04 2.520529764887502242e+05
9.900000000000000000e+01 1.071991415113496041e+05 2.590756867411207350e+05
9.909999999999999432e+01 1.014915964072319912e+05 2.392036727227694355e+05
9.920000000000000284e+01 8.297781497426817077e+04 2.040920551190376282e+05
9.929999999999999716e+01 7.064535769651371811e+04 1.753273132562516257e+05
9.940000000000000568e+01 8.196677312081058335e+04 1.708854149414322455e+05
9.950000000000000000e+01 1.138927625420189288e+05 1.876364536793442094e+05
9.959999999999999432e+01 1.399500588429207273e+05 1.997496675810784800e+05
9.970000000000000284e+01 1.340613269371098722e+05 1.825341257956587651e+05
9.979999999999999716e+01 9.969454747193722869e+04 1.409225740462052054e+05
9.990000000000000568e+01 6.615726134722676943e+04 1.048263045159084722e+05
1.000000000000000000e+02 4.951318538591195829e+04 8.897469999089004705e+04
