1.185126999999999953e+02 3.630142000000000024e+01 1.845000000000000000e+02
1.187741400000000027e+02 3.635030700000000081e+01 1.511999999999999886e+02
0.000000000000000000e+00 7.692758715650440427e+05 7.692758715650440427e+05
1.000000000000000056e-01 5.483801057808382902e+05 8.440633403595197015e+05
2.000000000000000111e-01 2.532399418103923672e+05 8.068373267081372906e+05
2.999999999999999889e-01 -8.811808113563543884e+03 7.700597412530651782e+05
4.000000000000000222e-01 -1.843480046607723343e+05 8.232428596357385395e+05
5.000000000000000000e-01 -2.936759943541369867e+05 9.618726794428288704e+05
5.999999999999999778e-01 -3.789393501263139769e+05 1.113164259662034921e+06
6.999999999999999556e-01 -4.522484214181586867e+05 1.217548306775513571e+06
8.000000000000000444e-01 -4.977194160817727097e+05 1.273384244950115681e+06
9.000000000000000222e-01 -5.083281866997625912e+05 1.308707892095046584e+06
1.000000000000000000e+00 -5.029155717015132541e+05 1.330161710216180887e+06
1.100000000000000089e+00 -5.036328392505299998e+05 1.313776834971924312e+06
1.199999999999999956e+00 -5.065467028418591945e+05 1.240432095107477624e+06
1.300000000000000044e+00 -4.846904963040354196e+05 1.124415185943305958e+06
1.399999999999999911e+00 -4.221776630880736047e+05 9.987896926199004520e+05
1.500000000000000000e+00 -3.411315516450041323e+05 8.782377908510896377e+05
1.600000000000000089e+00 -2.902048749138368294e+05 7.463735359374835389e+05
1.699999999999999956e+00 -3.036415395392242353e+05 5.824377512784433784e+05
1.800000000000000044e+00 -3.698430902659755666e+05 3.941599417095694225e+05
1.899999999999999911e+00 -4.388886964938155143e+05 2.162341018566547427e+05
2.000000000000000000e+00 -4.611404216742558638e+05 7.389936823045025812e+04
2.100000000000000089e+00 -4.214502075208022725e+05 -4.816808240212884266e+04
2.200000000000000178e+00 -3.407413742624846636e+05 -1.957150277028289274e+05
2.299999999999999822e+00 -2.487957326417532167e+05 -4.019309807529234095e+05
2.399999999999999911e+00 -1.567239318915128824e+05 -6.558782718827561475e+05
2.500000000000000000e+00 -5.336834166475583334e+04 -9.148362851667150389e+05
2.600000000000000089e+00 7.538359552326845005e+04 -1.146321536965389969e+06
2.700000000000000178e+00 2.258236620166230714e+05 -1.354373854670864297e+06
2.799999999999999822e+00 3.735154153098066454e+05 -1.562961219250620343e+06
2.899999999999999911e+00 4.883681266965934192e+05 -1.776805592454785248e+06
3.000000000000000000e+00 5.520299295653682202e+05 -1.964056777981402352e+06
3.100000000000000089e+00 5.639456167670985451e+05 -2.079469985980301164e+06
3.200000000000000178e+00 5.364436168016531738e+05 -2.101159164133463521e+06
3.299999999999999822e+00 4.875588263512952253e+05 -2.041251708614053437e+06
3.399999999999999911e+00 4.351762042363939108e+05 -1.924430094762747642e+06
3.500000000000000000e+00 3.889577472500330769e+05 -1.766123903118943563e+06
3.600000000000000089e+00 3.413370010715282406e+05 -1.577213895894156070e+06
3.700000000000000178e+00 2.697646644639827427e+05 -1.382185699917919235e+06
3.799999999999999822e+00 1.587022897934579814e+05 -1.216355325967159588e+06
3.899999999999999911e+00 2.674546034152245556e+04 -1.095691230876939371e+06
4.000000000000000000e+00 -7.267163831635021779e+04 -9.948978719565295614e+05
4.099999999999999645e+00 -9.088432527259000926e+04 -8.678511307890512981e+05
4.200000000000000178e+00 -3.493564466578685096e+04 -6.950898445145738078e+05
4.299999999999999822e+00 2.155334338990555261e+04 -5.058590878271581605e+05
4.400000000000000355e+00 -1.122028661195945460e+04 -3.468778159975929884e+05
4.500000000000000000e+00 -1.657048144539408095e+05 -2.306266099001101684e+05
4.599999999999999645e+00 -3.866865583140847157e+05 -1.202685565368578245e+05
4.700000000000000178e+00 -5.745804985137900803e+05 3.306466841001634020e+04
4.799999999999999822e+00 -6.647723488246996421e+05 2.426304949588086747e+05
4.900000000000000355e+00 -6.724075884484937415e+05 4.774318129318678402e+05
5.000000000000000000e+00 -6.663177372683441499e+05 6.949449359452639474e+05
5.099999999999999645e+00 -7.024333876154411118e+05 8.747607219278176781e+05
5.200000000000000178e+00 -7.800713650658822153e+05 1.020722679654091597e+06
5.299999999999999822e+00 -8.547941454655764392e+05 1.140558980888817925e+06
5.400000000000000355e+00 -8.841697367707742378e+05 1.234385170329359593e+06
5.500000000000000000e+00 -8.572379293356584385e+05 1.305066323244719999e+06
5.599999999999999645e+00 -7.856884426218405133e+05 1.372758825676588574e+06
5.700000000000000178e+00 -6.787657629922301276e+05 1.470403284275810700e+06
5.799999999999999822e+00 -5.356970050934382016e+05 1.619373234568373067e+06
5.900000000000000355e+00 -3.611268259348219144e+05 1.806866755759317894e+06
6.000000000000000000e+00 -1.783796024640260439e+05 1.986075610832824837e+06
6.099999999999999645e+00 -1.872576342207224661e+04 2.100336279108464718e+06
6.200000000000000178e+00 1.041884848559363891e+05 2.113048316037476994e+06
6.299999999999999822e+00 2.055562167283862364e+05 2.021753592669112608e+06
6.400000000000000355e+00 3.119904766373396851e+05 1.848739747557138093e+06
6.500000000000000000e+00 4.332833855914893211e+05 1.620596861299622338e+06
6.599999999999999645e+00 5.531651148246736266e+05 1.358101915467342362e+06
6.700000000000000178e+00 6.475165513279723236e+05 1.085743699966722168e+06
6.799999999999999822e+00 7.086026539881651988e+05 8.467817263557753759e+05
6.900000000000000355e+00 7.490713458139176946e+05 6.997900607777328696e+05
7.000000000000000000e+00 7.837761860199124785e+05 6.899957139262688579e+05
7.099999999999999645e+00 8.122254269181778654e+05 8.168463895059654023e+05
7.200000000000000178e+00 8.216432897071986226e+05 1.026132151739914203e+06
7.299999999999999822e+00 8.050012823717709398e+05 1.231559978117228951e+06
7.400000000000000355e+00 7.708383967151881661e+05 1.344089275493014604e+06
7.500000000000000000e+00 7.327731940041403286e+05 1.288663124214384006e+06
7.599999999999999645e+00 6.922991631023340160e+05 1.012140252378363744e+06
7.700000000000000178e+00 6.372656261615424883e+05 4.982410276574246236e+05
7.799999999999999822e+00 5.590301262890532380e+05 -2.125603356664138264e+05
7.900000000000000355e+00 4.671931193108361331e+05 -1.022486229598528007e+06
8.000000000000000000e+00 3.823238460711080115e+05 -1.810306476027380675e+06
8.099999999999999645e+00 3.138995496587628732e+05 -2.478854912357097957e+06
8.199999999999999289e+00 2.504699483512145525e+05 -2.977300824104325380e+06
8.300000000000000711e+00 1.761073777842482959e+05 -3.285640099600770976e+06
8.400000000000000355e+00 9.508850751217581274e+04 -3.390919136154553387e+06
8.500000000000000000e+00 3.391143845980953483e+04 -3.290833968369194306e+06
8.599999999999999645e+00 1.364635522170743207e+04 -3.021220140451864339e+06
8.699999999999999289e+00 2.058183304166316157e+04 -2.666805897804061882e+06
8.800000000000000711e+00 9.082356348338962562e+03 -2.326124425813563634e+06
8.900000000000000355e+00 -6.101033427232431131e+04 -2.051550964028545190e+06
9.000000000000000000e+00 -1.865877821884792065e+05 -1.818386447559959255e+06
9.099999999999999645e+00 -3.204467035255422234e+05 -1.555193152804958867e+06
9.199999999999999289e+00 -4.107750710766594857e+05 -1.211918070854392834e+06
9.300000000000000711e+00 -4.459444691007895162e+05 -8.074940577280253638e+05
9.400000000000000355e+00 -4.635519004020574503e+05 -4.174127788674726617e+05
9.500000000000000000e+00 -5.150617721732740756e+05 -1.153497324898884108e+05
9.599999999999999645e+00 -6.184570966114348266e+05 7.850470297805037990e+04
9.699999999999999289e+00 -7.421603200838915072e+05 2.001608562644571648e+05
9.800000000000000711e+00 -8.330834507457878208e+05 3.004292349990817602e+05
9.900000000000000355e+00 -8.595756797897765646e+05 4.021414751458158717e+05
1.000000000000000000e+01 -8.285902770976908505e+05 4.927777177095529623e+05
1.009999999999999964e+01 -7.663245828468205873e+05 5.501423480979012093e+05
1.019999999999999929e+01 -6.892179823122750968e+05 5.691850566492507933e+05
1.030000000000000071e+01 -5.966635126875236165e+05 5.657955653733093059e+05
1.040000000000000036e+01 -4.866886097046539071e+05 5.627589392726160586e+05
1.050000000000000000e+01 -3.693016303447582759e+05 5.781584482598204631e+05
1.059999999999999964e+01 -2.596278651465039584e+05 6.246706634805885842e+05
1.069999999999999929e+01 -1.615072628350821033e+05 7.108029796689189970e+05
1.080000000000000071e+01 -6.455592519134545000e+04 8.355542213953195605e+05
1.090000000000000036e+01 4.026080489213240799e+04 9.821852420383647550e+05
1.100000000000000000e+01 1.452362701252822299e+05 1.122406916838855483e+06
1.109999999999999964e+01 2.291643327981425682e+05 1.230607050130874850e+06
1.119999999999999929e+01 2.753578893432694022e+05 1.294370956209157128e+06
1.130000000000000071e+01 2.845563041428218712e+05 1.310765210107870633e+06
1.140000000000000036e+01 2.709712714829146280e+05 1.274740144850613084e+06
1.150000000000000000e+01 2.495626954278276535e+05 1.176061140389239881e+06
1.159999999999999964e+01 2.296349806111780345e+05 1.011530342788029462e+06
1.169999999999999929e+01 2.182019450532261981e+05 7.999746650394839235e+05
1.180000000000000071e+01 2.232286193961759855e+05 5.805633632404725067e+05
1.190000000000000036e+01 2.484926673258599476e+05 3.900374399779401720e+05
1.200000000000000000e+01 2.848402048338787863e+05 2.372808739214195521e+05
1.209999999999999964e+01 3.098708253867628518e+05 1.002333921040732530e+05
1.219999999999999929e+01 3.004036311817042879e+05 -4.877349728806946223e+04
1.230000000000000071e+01 2.483004770519559388e+05 -2.108864994224894326e+05
1.240000000000000036e+01 1.658850023092112679e+05 -3.521891589602764579e+05
1.250000000000000000e+01 7.698861327484593494e+04 -4.280333530929317349e+05
1.259999999999999964e+01 2.978786153404973447e+03 -4.177287751572041307e+05
1.269999999999999929e+01 -4.393760777225490892e+04 -3.366887405124881188e+05
1.280000000000000071e+01 -5.769993633040241548e+04 -2.162738117926365230e+05
1.290000000000000036e+01 -3.443717400876543252e+04 -7.533492963028181111e+04
1.300000000000000000e+01 2.415080950550589478e+04 8.457113778872246621e+04
1.309999999999999964e+01 1.038619130094710126e+05 2.565894517042591760e+05
1.319999999999999929e+01 1.804050433412423590e+05 4.090611804039648268e+05
1.330000000000000071e+01 2.366544950663394411e+05 4.991146402259974857e+05
1.340000000000000036e+01 2.812660790427637985e+05 5.107486654063226888e+05
1.350000000000000000e+01 3.463020911902659573e+05 4.747840890485836426e+05
1.359999999999999964e+01 4.579302643946408061e+05 4.416732985492435982e+05
1.369999999999999929e+01 6.034992340960061410e+05 4.296863909778358648e+05
1.380000000000000071e+01 7.286316500219745794e+05 4.030253961142086773e+05
1.390000000000000036e+01 7.731559972815026995e+05 3.066472344506457448e+05
1.400000000000000000e+01 7.165472077443313319e+05 1.242918181038343755e+05
1.409999999999999964e+01 5.921172460812244099e+05 -9.949516846989124315e+04
1.419999999999999929e+01 4.583418310502060340e+05 -2.944732907372277696e+05
1.430000000000000071e+01 3.554961423688979121e+05 -4.193511751479574014e+05
1.440000000000000036e+01 2.851453789575361880e+05 -4.834285928530915990e+05
1.450000000000000000e+01 2.226520015260116779e+05 -5.229442044623484835e+05
1.459999999999999964e+01 1.418217984738195955e+05 -5.652520125444306759e+05
1.469999999999999929e+01 2.813883858907232934e+04 -6.161582727694185451e+05
1.480000000000000071e+01 -1.217429205709680391e+05 -6.716034475006463472e+05
1.490000000000000036e+01 -3.014225687989544822e+05 -7.296441389165197033e+05
1.500000000000000000e+01 -4.913861676922432380e+05 -7.879292091808575206e+05
1.509999999999999964e+01 -6.599867747740283376e+05 -8.361844928011919837e+05
1.519999999999999929e+01 -7.776333035039675888e+05 -8.596217717682078946e+05
1.530000000000000071e+01 -8.364419491731510498e+05 -8.524519377037473023e+05
1.540000000000000036e+01 -8.557825766425059410e+05 -8.249826753897427116e+05
1.550000000000000000e+01 -8.641735644454361172e+05 -7.936019925971096382e+05
1.559999999999999964e+01 -8.719388953412456904e+05 -7.629661586788599379e+05
1.569999999999999929e+01 -8.615101512954114005e+05 -7.197149059687294066e+05
1.580000000000000071e+01 -8.073667680704345694e+05 -6.450485149181695888e+05
1.590000000000000036e+01 -7.076028584394111531e+05 -5.329681031017963542e+05
1.600000000000000000e+01 -5.945778284072445240e+05 -3.949965229097240954e+05
1.610000000000000142e+01 -5.108059975520440494e+05 -2.475563730578030809e+05
1.619999999999999929e+01 -4.716903494381766068e+05 -9.764725162915547844e+04
1.630000000000000071e+01 -4.521451394544232171e+05 5.596125827100180322e+04
1.639999999999999858e+01 -4.114296532374774106e+05 2.071445568772691186e+05
1.650000000000000000e+01 -3.320631287733827485e+05 3.313868569707821007e+05
1.660000000000000142e+01 -2.349638834296673595e+05 3.953914077663667267e+05
1.669999999999999929e+01 -1.581633118018933746e+05 3.822224213876598515e+05
1.680000000000000071e+01 -1.227303625879713509e+05 3.093309037071854109e+05
1.689999999999999858e+01 -1.185637992935390503e+05 2.213870236340932897e+05
1.700000000000000000e+01 -1.179928047475797212e+05 1.627088624730739684e+05
1.710000000000000142e+01 -9.699179769231277169e+04 1.530775677430137875e+05
1.719999999999999929e+01 -4.293718252659068821e+04 1.867881484248307243e+05
1.730000000000000071e+01 4.937330702715409279e+04 2.509141269404871855e+05
1.739999999999999858e+01 1.767142650138481986e+05 3.392589170990781276e+05
1.750000000000000000e+01 3.175145071010584943e+05 4.458553461253218120e+05
1.760000000000000142e+01 4.321305050452061696e+05 5.501912473857250297e+05
1.769999999999999929e+01 4.903117693203106755e+05 6.218246390511074569e+05
1.780000000000000071e+01 5.088478307776881848e+05 6.501831274531452218e+05
1.789999999999999858e+01 5.551840226679127663e+05 6.669123296245087404e+05
1.800000000000000000e+01 6.950734848053279566e+05 7.233330061765895225e+05
1.810000000000000142e+01 9.226683496539416956e+05 8.321205253774679732e+05
1.819999999999999929e+01 1.144259037951770006e+06 9.322348314005720895e+05
1.830000000000000071e+01 1.244409535000778269e+06 9.248962996903328458e+05
1.839999999999999858e+01 1.180249340363795403e+06 7.570312073312912835e+05
1.850000000000000000e+01 1.014950410444015171e+06 4.733279186791011016e+05
1.860000000000000142e+01 8.581481392186033772e+05 1.845180440799279895e+05
1.869999999999999929e+01 7.722785113761976827e+05 -1.762585466380545404e+04
1.880000000000000071e+01 7.330908794239331037e+05 -1.184798506430159759e+05
1.889999999999999858e+01 6.722093998496423010e+05 -1.659233039799981052e+05
1.900000000000000000e+01 5.484702461894496810e+05 -2.111881674003638618e+05
1.910000000000000142e+01 3.772186358777692076e+05 -2.672546081036594696e+05
1.919999999999999929e+01 2.011298836468558293e+05 -3.140929381552417181e+05
1.930000000000000071e+01 4.584126714767100930e+04 -3.287102296179661062e+05
1.939999999999999858e+01 -9.212690617120274692e+04 -3.040464039760991000e+05
1.950000000000000000e+01 -2.223088471240245271e+05 -2.466854221469929325e+05
1.960000000000000142e+01 -3.373428546872131410e+05 -1.685691916899033822e+05
1.969999999999999929e+01 -4.184092340266234824e+05 -8.505775158909252787e+04
1.980000000000000071e+01 -4.600536178126257146e+05 -1.449087855219027551e+04
1.989999999999999858e+01 -4.824152627403173246e+05 2.925378262208389424e+04
2.000000000000000000e+01 -5.143339058270684909e+05 4.641325721966334822e+04
2.010000000000000142e+01 -5.651102033905866556e+05 4.998967464530652796e+04
2.019999999999999929e+01 -6.164566295779603533e+05 5.104540127463988028e+04
2.030000000000000071e+01 -6.439521018501259387e+05 4.530745433959335787e+04
2.039999999999999858e+01 -6.442772908495629672e+05 1.620574572804354830e+04
2.050000000000000000e+01 -6.381571643386615906e+05 -4.846126811793155503e+04
2.060000000000000142e+01 -6.464627851412494201e+05 -1.439664948983324575e+05
2.069999999999999929e+01 -6.668572205593155231e+05 -2.525931076540623326e+05
2.080000000000000071e+01 -6.768395768689862452e+05 -3.584064051895428565e+05
2.089999999999999858e+01 -6.587492748976883013e+05 -4.573728466644129949e+05
2.100000000000000000e+01 -6.183952045733982231e+05 -5.545156797080351971e+05
2.110000000000000142e+01 -5.777280316393931862e+05 -6.533047412396299187e+05
2.119999999999999929e+01 -5.513737029432733543e+05 -7.480652991065232782e+05
2.130000000000000071e+01 -5.328378339201916242e+05 -8.251370870515329298e+05
2.139999999999999858e+01 -5.026434086396966595e+05 -8.700087870497552212e+05
2.150000000000000000e+01 -4.459634157340680249e+05 -8.731675502469954081e+05
2.160000000000000142e+01 -3.603588107897588634e+05 -8.300713831024643732e+05
2.169999999999999929e+01 -2.504616226348914788e+05 -7.382710837980343495e+05
2.180000000000000071e+01 -1.231472964001119835e+05 -5.994023539346209727e+05
2.189999999999999858e+01 7.967433934332191711e+03 -4.273860381954699988e+05
2.200000000000000000e+01 1.191156972033041238e+05 -2.509355133118883241e+05
2.210000000000000142e+01 1.899520325446525821e+05 -9.686651439353331807e+04
2.219999999999999929e+01 2.285832779396175465e+05 3.832545336138468701e+04
2.230000000000000071e+01 2.782707404810229782e+05 1.970601491525722668e+05
2.239999999999999858e+01 3.850285678132337052e+05 4.259790649883087026e+05
2.250000000000000000e+01 5.477416594274574891e+05 7.194163760801543249e+05
2.260000000000000142e+01 7.021822534538438777e+05 9.983824912838642485e+05
2.269999999999999929e+01 7.655345749766165391e+05 1.159417185793494340e+06
2.280000000000000071e+01 7.066695313551335130e+05 1.157926287653148640e+06
2.289999999999999858e+01 5.753649809050450567e+05 1.047352678860237822e+06
2.300000000000000000e+01 4.605173258912412566e+05 9.326871688191720750e+05
2.310000000000000142e+01 4.168235349073611433e+05 8.809873449884551810e+05
2.319999999999999929e+01 4.279040806494861608e+05 8.737046011182783404e+05
2.330000000000000071e+01 4.337292984807930188e+05 8.408524720807424746e+05
2.339999999999999858e+01 3.880089844943931676e+05 7.352100561112379655e+05
2.350000000000000000e+01 2.909221321910185507e+05 5.723034150081762346e+05
2.360000000000000142e+01 1.763160777689394599e+05 4.060487961648129858e+05
2.369999999999999929e+01 7.702236965940213122e+04 2.758961238540833583e+05
2.380000000000000071e+01 3.616036512648708594e+03 1.803495208603619249e+05
2.389999999999999858e+01 -5.064793312844241882e+04 9.413506339330319315e+04
2.400000000000000000e+01 -9.265167259578514495e+04 5.776945913214876782e+02
2.410000000000000142e+01 -1.201759755789534538e+05 -9.647966673965609516e+04
2.419999999999999929e+01 -1.273497519427727675e+05 -1.869937854653221439e+05
2.430000000000000071e+01 -1.153577076736171439e+05 -2.721321735600993270e+05
2.439999999999999858e+01 -9.508127901389324688e+04 -3.632123644154859940e+05
2.450000000000000000e+01 -7.854150823339010822e+04 -4.656396251688048942e+05
2.460000000000000142e+01 -6.890333274407028512e+04 -5.689438666652868269e+05
2.469999999999999929e+01 -6.039911694158797036e+04 -6.550294813980518375e+05
2.480000000000000071e+01 -4.780451600763919123e+04 -7.138306912013356341e+05
2.489999999999999858e+01 -3.367118478809581575e+04 -7.472990334676549537e+05
2.500000000000000000e+01 -2.463502435881428391e+04 -7.589414355535754003e+05
2.510000000000000142e+01 -2.242302395652055566e+04 -7.455063507270849077e+05
2.519999999999999929e+01 -2.234412986414449915e+04 -7.038944280779149849e+05
2.530000000000000071e+01 -2.197823548732326162e+04 -6.438201428632263560e+05
2.539999999999999858e+01 -2.798496683537885110e+04 -5.857369724205177044e+05
2.550000000000000000e+01 -4.966939067454029282e+04 -5.412473604134086054e+05
2.560000000000000142e+01 -8.517167387663699628e+04 -4.983725846156202606e+05
2.569999999999999929e+01 -1.181957271847586380e+05 -4.325024131292034290e+05
2.580000000000000071e+01 -1.325124720422504470e+05 -3.339371795730232261e+05
2.589999999999999858e+01 -1.289661463221977465e+05 -2.207829307086905465e+05
2.600000000000000000e+01 -1.238101752737524803e+05 -1.207219734941347706e+05
2.610000000000000142e+01 -1.282750346353466157e+05 -4.130292111878616561e+04
2.619999999999999929e+01 -1.334543256279891066e+05 3.692353297136257606e+04
2.630000000000000071e+01 -1.205542978345381562e+05 1.353343377627253067e+05
2.639999999999999858e+01 -8.575392305446299724e+04 2.480104731199560338e+05
2.650000000000000000e+01 -4.809822598619082419e+04 3.423567412198036327e+05
2.660000000000000142e+01 -2.663190416515669494e+04 3.912030115633527748e+05
2.669999999999999929e+01 -1.159622482626313285e+04 4.024071284795668325e+05
2.680000000000000071e+01 3.295612435734674364e+04 4.125509639797297423e+05
2.689999999999999858e+01 1.307444448442225403e+05 4.486217494114898145e+05
2.700000000000000000e+01 2.579119981312961318e+05 4.964908185853395844e+05
2.710000000000000142e+01 3.521035500515392050e+05 5.102188046724995365e+05
2.719999999999999929e+01 3.626856453437556629e+05 4.556223001672805985e+05
2.730000000000000071e+01 2.946927769178535673e+05 3.464359132528852206e+05
2.739999999999999858e+01 2.035774666782853892e+05 2.376013464506697492e+05
2.750000000000000000e+01 1.461441692238953256e+05 1.813544307412990020e+05
2.760000000000000142e+01 1.344133263892026444e+05 1.866589005500627100e+05
2.769999999999999929e+01 1.329389957563758071e+05 2.176984097190776374e+05
2.780000000000000071e+01 9.648539992898612400e+04 2.294701202660998097e+05
2.789999999999999858e+01 9.577323689020071470e+03 2.058395764228157641e+05
2.800000000000000000e+01 -1.057619646700392041e+05 1.674999720600093715e+05
2.810000000000000142e+01 -2.135846842771216761e+05 1.483026081921549630e+05
2.819999999999999929e+01 -2.916382388342692284e+05 1.661403038264884381e+05
2.830000000000000071e+01 -3.396692926066286745e+05 2.138653312878950383e+05
2.839999999999999858e+01 -3.690944719865109655e+05 2.718921454683435149e+05
2.850000000000000000e+01 -3.908111111625103513e+05 3.241454208450781298e+05
2.860000000000000142e+01 -4.120933275996436132e+05 3.618865718325083726e+05
2.869999999999999929e+01 -4.380665882008028566e+05 3.779857843677697238e+05
2.880000000000000071e+01 -4.688545295691690408e+05 3.645630670506202150e+05
2.889999999999999858e+01 -4.938458456590583082e+05 3.189410288594542071e+05
2.900000000000000000e+01 -4.935620441841984866e+05 2.492102355098148983e+05
2.910000000000000142e+01 -4.530874235922928201e+05 1.698977586807982298e+05
2.919999999999999929e+01 -3.756505868084378308e+05 9.100644428984803380e+04
2.930000000000000071e+01 -2.808307592713842168e+05 1.277733981772273546e+04
2.939999999999999858e+01 -1.870466518219888094e+05 -6.844850727858318714e+04
2.950000000000000000e+01 -9.635396174245126895e+04 -1.520964581822568725e+05
2.960000000000000142e+01 1.384146895909665545e+03 -2.344623206033409224e+05
2.969999999999999929e+01 1.093972520085989963e+05 -3.174441081372215995e+05
2.980000000000000071e+01 2.124986550620099297e+05 -4.109672382192180958e+05
2.989999999999999858e+01 2.882105575589627260e+05 -5.207987757923552999e+05
3.000000000000000000e+01 3.294874804150196142e+05 -6.324585793206216767e+05
3.010000000000000142e+01 3.531811029026171891e+05 -7.115334097660052357e+05
3.019999999999999929e+01 3.830479022655688459e+05 -7.266846404449681286e+05
3.030000000000000071e+01 4.244025958661224577e+05 -6.768364954949370585e+05
3.039999999999999858e+01 4.572336995748585323e+05 -5.959629988322186982e+05
3.050000000000000000e+01 4.546318992714862106e+05 -5.286195853902244708e+05
3.060000000000000142e+01 4.066553952602164936e+05 -4.976553687709638616e+05
3.069999999999999929e+01 3.261059854950654553e+05 -4.926952212831753423e+05
3.080000000000000071e+01 2.343794937399252085e+05 -4.865012964194069500e+05
3.089999999999999858e+01 1.462336832350515178e+05 -4.593587713327559759e+05
3.100000000000000000e+01 6.895105772928535589e+04 -4.074816868630308309e+05
3.110000000000000142e+01 1.063938265766456607e+04 -3.326938393946781289e+05
3.119999999999999929e+01 -1.910103218632430071e+04 -2.321213971736639505e+05
3.130000000000000071e+01 -2.104932756090466137e+04 -1.040363597739363613e+05
3.139999999999999858e+01 -1.541105093243296142e+04 3.697622114956750011e+04
3.150000000000000000e+01 -3.030985878776614845e+04 1.580618992818267434e+05
3.160000000000000142e+01 -7.383557072806301585e+04 2.298898376343770651e+05
3.169999999999999929e+01 -1.168719258856399392e+05 2.541573202364834142e+05
3.180000000000000071e+01 -1.101281690942558635e+05 2.663048392697157688e+05
3.189999999999999858e+01 -2.684991112989166868e+04 3.047145159254932660e+05
3.200000000000000000e+01 1.066087092443463043e+05 3.737164232436863240e+05
3.210000000000000142e+01 2.241820774265236978e+05 4.382086600767125492e+05
3.220000000000000284e+01 2.695705531000820920e+05 4.572948971954025910e+05
3.229999999999999716e+01 2.384842670300499594e+05 4.233833333968470688e+05
3.239999999999999858e+01 1.760537466328222654e+05 3.669542990268717404e+05
3.250000000000000000e+01 1.344302647127398523e+05 3.241097480952899787e+05
3.260000000000000142e+01 1.321389650532505184e+05 3.034392052415148937e+05
3.270000000000000284e+01 1.505051218451093300e+05 2.865371282476439374e+05
3.279999999999999716e+01 1.624119909212336643e+05 2.565627161863728543e+05
3.289999999999999858e+01 1.586447295218648505e+05 2.187909465604191646e+05
3.300000000000000000e+01 1.468803186829223123e+05 1.904817780586916197e+05
3.310000000000000142e+01 1.323844829811078671e+05 1.760271871983565507e+05
3.320000000000000284e+01 1.077586821044312674e+05 1.599766338093744416e+05
3.329999999999999716e+01 6.380188839749555336e+04 1.267110956393066881e+05
3.339999999999999858e+01 6.262400867590898997e+03 8.205300229292435688e+04
3.350000000000000000e+01 -4.360600432101685874e+04 4.976409220989741152e+04
3.360000000000000142e+01 -6.732490513797933818e+04 4.636368946881070588e+04
3.370000000000000284e+01 -6.725349786180528463e+04 6.341788495145551860e+04
3.379999999999999716e+01 -6.555830928807487362e+04 7.707142300930598867e+04
3.389999999999999858e+01 -8.539863082134879369e+04 7.260294715275522321e+04
3.400000000000000000e+01 -1.330056138197448454e+05 5.573188278367916791e+04
3.410000000000000142e+01 -1.964696595180165023e+05 4.012412885554728564e+04
3.420000000000000284e+01 -2.591607716839181667e+05 2.900904754916697857e+04
3.429999999999999716e+01 -3.124723661142535857e+05 1.352931326639806502e+04
3.439999999999999858e+01 -3.564830161147753242e+05 -1.248856149071943946e+04
3.450000000000000000e+01 -3.917038998541389010e+05 -4.221834479784130235e+04
3.460000000000000142e+01 -4.138365685860894737e+05 -6.369271558290949906e+04
3.470000000000000284e+01 -4.180574877556237043e+05 -7.532848614517523674e+04
3.479999999999999716e+01 -4.072357192300209426e+05 -8.885409342769742943e+04
3.489999999999999858e+01 -3.934541353813316673e+05 -1.157186123783916410e+05
3.500000000000000000e+01 -3.893556406726865680e+05 -1.536528402016030741e+05
3.510000000000000142e+01 -3.970779252609420219e+05 -1.891215254801096744e+05
3.520000000000000284e+01 -4.056818990539304214e+05 -2.115725703602229478e+05
3.529999999999999716e+01 -3.994400162247418193e+05 -2.218956155553928693e+05
3.539999999999999858e+01 -3.681223769989053835e+05 -2.256452316387421160e+05
3.550000000000000000e+01 -3.091670593153487425e+05 -2.203105764282708114e+05
3.560000000000000142e+01 -2.227058119861440500e+05 -1.936874823781112791e+05
3.570000000000000284e+01 -1.106265666081371019e+05 -1.388801251994773629e+05
3.579999999999999716e+01 1.495402218349663599e+04 -7.169681886861921521e+04
3.589999999999999858e+01 1.262600222723186598e+05 -2.787303248880075989e+04
3.600000000000000000e+01 1.952373111008610576e+05 -3.299685669287014753e+04
3.610000000000000142e+01 2.248073434471246437e+05 -6.850579920832143398e+04
3.620000000000000284e+01 2.619547408281140670e+05 -7.246968237342586508e+04
3.629999999999999716e+01 3.645226705926612485e+05 1.148112323990336154e+04
3.639999999999999858e+01 5.414694242928745225e+05 1.748836945496555709e+05
3.650000000000000000e+01 7.263323493010611273e+05 3.357420368430609233e+05
3.660000000000000142e+01 8.213136739380207146e+05 4.000882224390696501e+05
3.670000000000000284e+01 7.780010581257712329e+05 3.417366657475274405e+05
3.679999999999999716e+01 6.374573296308161225e+05 2.236111585607979796e+05
3.689999999999999858e+01 4.903267760668784031e+05 1.395915656366728363e+05
3.700000000000000000e+01 3.982394106717109098e+05 1.346433501414605416e+05
3.710000000000000142e+01 3.528442745723840198e+05 1.781905520808782894e+05
3.720000000000000284e+01 3.032632992774461163e+05 2.062811969941306161e+05
3.729999999999999716e+01 2.125640248936578282e+05 1.811173548961368506e+05
3.739999999999999858e+01 8.526269751694530714e+04 1.113538699977388605e+05
3.750000000000000000e+01 -4.959145552633504849e+04 2.711081715949485078e+04
3.760000000000000142e+01 -1.686157785942237242e+05 -5.274201855609077029e+04
3.770000000000000284e+01 -2.646318987307096832e+05 -1.283599246635554009e+05
3.779999999999999716e+01 -3.368880821467222413e+05 -2.042946189622410457e+05
3.789999999999999858e+01 -3.822752307533003623e+05 -2.765015533714288613e+05
3.800000000000000000e+01 -3.994137158607856836e+05 -3.352407056646115379e+05
3.810000000000000142e+01 -3.962242382046022685e+05 -3.761462287647338817e+05
3.820000000000000284e+01 -3.868041967477130238e+05 -4.037729155199050438e+05
3.829999999999999716e+01 -3.782823104889534297e+05 -4.232649357338998234e+05
3.839999999999999858e+01 -3.623939736016434617e+05 -4.308104884279305115e+05
3.850000000000000000e+01 -3.227193366921913112e+05 -4.152004640720817260e+05
3.860000000000000142e+01 -2.517052536674361327e+05 -3.699312577950619161e+05
3.870000000000000284e+01 -1.608674150880335947e+05 -3.026359181672567502e+05
3.879999999999999716e+01 -7.434656119372692774e+04 -2.307690573134036968e+05
3.889999999999999858e+01 -1.235485248395954113e+04 -1.674769737311998033e+05
3.900000000000000000e+01 2.026729754039910040e+04 -1.125253915180792392e+05
3.910000000000000142e+01 3.182456562971387029e+04 -5.741219594724120543e+04
3.920000000000000284e+01 3.274995332940689696e+04 1.924975802703516820e+03
3.929999999999999716e+01 2.716586426379849581e+04 5.891491694687960262e+04
3.939999999999999858e+01 1.334533389412739052e+04 1.021709351144205139e+05
3.950000000000000000e+01 -1.022057821118540596e+04 1.251915496355106879e+05
3.960000000000000142e+01 -4.086515004045909154e+04 1.292204636120344221e+05
3.970000000000000284e+01 -7.334880210018361686e+04 1.187894701600579137e+05
3.979999999999999716e+01 -1.029338332854576583e+05 9.883820919134264113e+04
3.989999999999999858e+01 -1.242792067475063523e+05 7.845511869523080532e+04
4.000000000000000000e+01 -1.280403301540888206e+05 7.369643065349859535e+04
4.010000000000000142e+01 -1.041982667310273100e+05 9.811339532951207366e+04
4.020000000000000284e+01 -5.474982883368189505e+04 1.442189992870134301e+05
4.029999999999999716e+01 -1.535242475191975245e+03 1.779693227054985473e+05
4.039999999999999858e+01 2.915573351674665173e+04 1.643816493424350920e+05
4.050000000000000000e+01 3.959857534072751878e+04 1.092709917416936223e+05
4.060000000000000142e+01 7.544224224428569141e+04 7.253995838100861874e+04
4.070000000000000284e+01 1.924641917085797468e+05 1.246356433178779553e+05
4.079999999999999716e+01 3.950865789797019679e+05 2.761160540640502586e+05
4.089999999999999858e+01 6.087113886544653215e+05 4.503737524872496142e+05
4.100000000000000000e+01 7.261030956233243924e+05 5.373859887148231501e+05
4.110000000000000142e+01 6.940775907046052162e+05 4.853477764504647348e+05
4.120000000000000284e+01 5.590210786997159012e+05 3.433870029754173011e+05
4.129999999999999716e+01 4.254721110839550383e+05 2.145115352672321605e+05
4.139999999999999858e+01 3.670523815188211156e+05 1.667221710387369676e+05
4.150000000000000000e+01 3.735323258222324657e+05 1.868086206869847374e+05
4.160000000000000142e+01 3.770438197424149839e+05 2.109289124796019751e+05
4.170000000000000284e+01 3.219094360236438224e+05 1.894749409118855838e+05
4.179999999999999716e+01 2.083475290560757276e+05 1.217153201374403143e+05
4.189999999999999858e+01 7.771327141368697630e+04 3.960449192837510782e+04
4.200000000000000000e+01 -3.233915205205477832e+04 -2.802764886236414168e+04
4.210000000000000142e+01 -1.137341561997260142e+05 -7.251712163706257707e+04
4.220000000000000284e+01 -1.774503901744515751e+05 -9.689390467272653768e+04
4.229999999999999716e+01 -2.304016953618892294e+05 -1.024829858378804493e+05
4.239999999999999858e+01 -2.697082190788998851e+05 -8.805460184544899676e+04
4.250000000000000000e+01 -2.956070251042045420e+05 -5.816844127635486075e+04
4.260000000000000142e+01 -3.194478614384228131e+05 -2.634221940050699050e+04
4.270000000000000284e+01 -3.521251183732555946e+05 -7.311306807690794813e+03
4.279999999999999716e+01 -3.873657146615224192e+05 -7.006906017433124362e+03
4.289999999999999858e+01 -4.046595564992445288e+05 -2.126723485766432714e+04
4.300000000000000000e+01 -3.930744747813033755e+05 -4.341660324781577219e+04
4.310000000000000142e+01 -3.685767693992248969e+05 -7.109038391165761277e+04
4.320000000000000284e+01 -3.614651836730687064e+05 -1.055504107517644443e+05
4.329999999999999716e+01 -3.850562729529718054e+05 -1.471548295025993139e+05
4.339999999999999858e+01 -4.204460085149352672e+05 -1.945538666123720468e+05
4.350000000000000000e+01 -4.352086647042708937e+05 -2.482068629552998464e+05
4.360000000000000142e+01 -4.155993401693674969e+05 -3.113498525231180829e+05
4.370000000000000284e+01 -3.772421945371500333e+05 -3.842379214904810651e+05
4.379999999999999716e+01 -3.445749098407187266e+05 -4.570512402841520379e+05
4.389999999999999858e+01 -3.238821960028450703e+05 -5.108638515114797046e+05
4.400000000000000000e+01 -2.994029807134833536e+05 -5.288739089081704151e+05
4.410000000000000142e+01 -2.540266138104147394e+05 -5.090807698927527526e+05
4.420000000000000284e+01 -1.890962900725724758e+05 -4.663202819249685854e+05
4.429999999999999716e+01 -1.213611522013774811e+05 -4.201078733421748038e+05
4.439999999999999858e+01 -6.284254606403254002e+04 -3.782923297050392139e+05
4.450000000000000000e+01 -8.782059151940411539e+03 -3.324035331938471645e+05
4.460000000000000142e+01 5.199048186555202119e+04 -2.705217308651256608e+05
4.470000000000000284e+01 1.182029123909478658e+05 -1.942438962156418420e+05
4.479999999999999716e+01 1.747838562750545680e+05 -1.184651237136674463e+05
4.489999999999999858e+01 2.143376485777844209e+05 -5.011167139886859513e+04
4.500000000000000000e+01 2.557703071185700246e+05 3.013944027942714092e+04
4.510000000000000142e+01 3.316486233575900551e+05 1.550383716219759372e+05
4.520000000000000284e+01 4.502009848855688469e+05 3.313938486424501752e+05
4.529999999999999716e+01 5.722826180355639663e+05 5.151992616910454235e+05
4.539999999999999858e+01 6.349704632094565313e+05 6.360156531743733212e+05
4.550000000000000000e+01 6.054177393935723230e+05 6.549314859381860588e+05
4.560000000000000142e+01 5.127613962827346404e+05 5.998790394000530941e+05
4.570000000000000284e+01 4.242660413237096509e+05 5.406430235858727247e+05
4.579999999999999716e+01 3.871881871415321948e+05 5.267854593487852253e+05
4.589999999999999858e+01 3.914833398268480669e+05 5.485921822563065216e+05
4.600000000000000000e+01 3.859705656001319294e+05 5.548928020600758027e+05
4.610000000000000142e+01 3.278729548269776860e+05 5.039200291922456818e+05
4.620000000000000284e+01 2.175655897845103755e+05 3.964062368729283335e+05
4.629999999999999716e+01 9.110431404135870980e+04 2.659896510190513218e+05
4.639999999999999858e+01 -1.428552202047558967e+04 1.457956282517051441e+05
4.650000000000000000e+01 -8.600202308229991468e+04 4.648633664846746251e+04
4.660000000000000142e+01 -1.339643255321293545e+05 -3.850688191601962171e+04
4.670000000000000284e+01 -1.718576324444116617e+05 -1.137229513720042014e+05
4.679999999999999716e+01 -2.050200702429019730e+05 -1.716379340649422084e+05
4.689999999999999858e+01 -2.340069718284649425e+05 -2.014464319723725202e+05
4.700000000000000000e+01 -2.625673218936253688e+05 -2.050181190171366907e+05
4.710000000000000142e+01 -2.958222429765195120e+05 -2.004294439226564136e+05
4.720000000000000284e+01 -3.300251204484719201e+05 -2.067022826325081987e+05
4.729999999999999716e+01 -3.489574004086602363e+05 -2.247345143388702418e+05
4.739999999999999858e+01 -3.361689307825391879e+05 -2.355106407441826304e+05
4.750000000000000000e+01 -2.928333212760461029e+05 -2.188638995213077869e+05
4.760000000000000142e+01 -2.410182083257070335e+05 -1.732578399747082149e+05
4.770000000000000284e+01 -2.052804528239510255e+05 -1.160469236686384684e+05
4.779999999999999716e+01 -1.891619724412010110e+05 -6.627916408254481212e+04
4.789999999999999858e+01 -1.713256775371663098e+05 -3.115187793208606308e+04
4.800000000000000000e+01 -1.277528065937530191e+05 -9.858552692638622830e+03
4.810000000000000142e+01 -5.907217273762879631e+04 -5.211136692149608280e+03
4.820000000000000284e+01 5.464178761414266773e+03 -2.444544297121401178e+04
4.829999999999999716e+01 3.373426611419960682e+04 -6.705290404869856138e+04
4.839999999999999858e+01 2.195447992979326227e+04 -1.170553400823307602e+05
4.850000000000000000e+01 -1.923313595421641367e+02 -1.534186319165708264e+05
4.860000000000000142e+01 3.287616715536321863e+03 -1.691614467234067852e+05
4.870000000000000284e+01 4.170501367036906595e+04 -1.767789099616099265e+05
4.879999999999999716e+01 9.088151331157730601e+04 -1.924961038856604137e+05
4.889999999999999858e+01 1.171005916891565284e+05 -2.171407343659700418e+05
4.900000000000000000e+01 1.059504610942048166e+05 -2.357006855125657748e+05
4.910000000000000142e+01 6.930088827369734645e+04 -2.349000133880685025e+05
4.920000000000000284e+01 3.023455586353896797e+04 -2.161443081133022788e+05
4.929999999999999716e+01 7.017151530817784987e+03 -1.875411495524893689e+05
4.939999999999999858e+01 1.019725858994245573e+04 -1.461442959274744790e+05
4.950000000000000000e+01 4.545154819904862234e+04 -7.600901801826579322e+04
4.960000000000000142e+01 1.090921499622194533e+05 3.028139831821218831e+04
4.970000000000000284e+01 1.796705707958783023e+05 1.493807827339789947e+05
4.979999999999999716e+01 2.228347277318659180e+05 2.335025248561205808e+05
4.989999999999999858e+01 2.152857390067663509e+05 2.467785148932311859e+05
5.000000000000000000e+01 1.684922500346363813e+05 1.995244607642674528e+05
5.010000000000000142e+01 1.255073739772898989e+05 1.453093980262691039e+05
5.020000000000000284e+01 1.276651211157570506e+05 1.388617278137608664e+05
5.029999999999999716e+01 1.790599249461668660e+05 1.905308585151942680e+05
5.039999999999999858e+01 2.419221863910571847e+05 2.581729731171066815e+05
5.050000000000000000e+01 2.681641630335330265e+05 2.838491836683060974e+05
5.060000000000000142e+01 2.385452914795362158e+05 2.420256949473725399e+05
5.070000000000000284e+01 1.744312904272271262e+05 1.569549125122751284e+05
5.079999999999999716e+01 1.140933517063668405e+05 7.762970994412180153e+04
5.089999999999999858e+01 7.889424951708632580e+04 3.775627912341151386e+04
5.100000000000000000e+01 6.146587448830773064e+04 3.701471999073958432e+04
5.110000000000000142e+01 4.254430910478963779e+04 5.319562734913159511e+04
5.120000000000000284e+01 1.345753431828931753e+04 6.460338916209484159e+04
5.129999999999999716e+01 -2.083607126358318783e+04 5.998847100612480426e+04
5.139999999999999858e+01 -5.722932519528671401e+04 3.510247934753330628e+04
5.150000000000000000e+01 -1.048564758295506181e+05 -9.790129879781921773e+03
5.160000000000000142e+01 -1.744262839668415836e+05 -6.548567871744349395e+04
5.170000000000000284e+01 -2.587005911003742076e+05 -1.126482707900214300e+05
5.179999999999999716e+01 -3.299658092317990959e+05 -1.332496809050210286e+05
5.189999999999999858e+01 -3.618507799516711384e+05 -1.266273294115329045e+05
5.200000000000000000e+01 -3.538775959455053089e+05 -1.119920686296159984e+05
5.210000000000000142e+01 -3.323710873553762794e+05 -1.116916441959374934e+05
5.220000000000000284e+01 -3.264908627950086957e+05 -1.310479125248792698e+05
5.229999999999999716e+01 -3.438210229072964285e+05 -1.554094605654929182e+05
5.239999999999999858e+01 -3.678521595166380866e+05 -1.668481878546660009e+05
5.250000000000000000e+01 -3.751825266870478517e+05 -1.620525493801613920e+05
5.260000000000000142e+01 -3.527766781712229131e+05 -1.525397272248550144e+05
5.270000000000000284e+01 -3.019311278888059314e+05 -1.482961214960899961e+05
5.279999999999999716e+01 -2.328001619535928767e+05 -1.439684269782059419e+05
5.289999999999999858e+01 -1.593976025873042527e+05 -1.232625180367837456e+05
5.300000000000000000e+01 -9.677496360690699657e+04 -7.674346148022499983e+04
5.310000000000000142e+01 -5.544465650243974233e+04 -1.359515908767320070e+04
5.320000000000000284e+01 -3.365078688483893347e+04 4.513293530305899185e+04
5.329999999999999716e+01 -1.668743518405727809e+04 8.413395274506168789e+04
5.339999999999999858e+01 1.112567521323543770e+04 1.039191969952628715e+05
5.350000000000000000e+01 5.105272208966450125e+04 1.147976708726937650e+05
5.360000000000000142e+01 8.832503956122725504e+04 1.243610305509053578e+05
5.370000000000000284e+01 1.094775175890404935e+05 1.336798039314249181e+05
5.379999999999999716e+01 1.220939685231818003e+05 1.447445696223970444e+05
5.389999999999999858e+01 1.534905859621911659e+05 1.662872692394904152e+05
5.400000000000000000e+01 2.241393822912344185e+05 2.059615351854739420e+05
5.410000000000000142e+01 3.200282318232889520e+05 2.546289837585400091e+05
5.420000000000000284e+01 3.951892519946381217e+05 2.832676435513946926e+05
5.429999999999999716e+01 4.093000847607817268e+05 2.647660478509034729e+05
5.439999999999999858e+01 3.682882235584021546e+05 2.051782643939779664e+05
5.450000000000000000e+01 3.264976072742096148e+05 1.506032016531992704e+05
5.460000000000000142e+01 3.418485843059458421e+05 1.526085941879036254e+05
5.470000000000000284e+01 4.219397280505906092e+05 2.175503925055354775e+05
5.479999999999999716e+01 5.121142413627165370e+05 2.899094260979146347e+05
5.489999999999999858e+01 5.391922853100788780e+05 2.936866689227403258e+05
5.500000000000000000e+01 4.716189041730890749e+05 1.985588222279447364e+05
5.510000000000000142e+01 3.415202714686320978e+05 4.828197441533052188e+04
5.520000000000000284e+01 2.121927549218831991e+05 -7.700516029572719708e+04
5.529999999999999716e+01 1.260806658427054354e+05 -1.280722824361081293e+05
5.539999999999999858e+01 8.107761474775579700e+04 -1.196183306145494280e+05
5.550000000000000000e+01 4.852982563646568451e+04 -1.032244460880644619e+05
5.560000000000000142e+01 5.708803247912990628e+03 -1.147943951479927200e+05
5.570000000000000284e+01 -4.967925137355914921e+04 -1.497337168653147528e+05
5.579999999999999716e+01 -1.078766345788184262e+05 -1.822171830043419614e+05
5.589999999999999858e+01 -1.598220042405810964e+05 -1.983455327760853979e+05
5.600000000000000000e+01 -2.000613936680076586e+05 -2.061422563365815731e+05
5.610000000000000142e+01 -2.241335724013941945e+05 -2.181163415143756720e+05
5.620000000000000284e+01 -2.305194162377907196e+05 -2.327611264011398889e+05
5.629999999999999716e+01 -2.258797481257726904e+05 -2.374588409805328411e+05
5.639999999999999858e+01 -2.236186771800545976e+05 -2.267724602093839203e+05
5.650000000000000000e+01 -2.336482721068997635e+05 -2.122201933034309477e+05
5.660000000000000142e+01 -2.544735168002461432e+05 -2.112515227608151617e+05
5.670000000000000284e+01 -2.777350555729377666e+05 -2.282686747299386188e+05
5.679999999999999716e+01 -2.998370235405120766e+05 -2.494743535046450561e+05
5.689999999999999858e+01 -3.255268199789363425e+05 -2.569165974050097575e+05
5.700000000000000000e+01 -3.582065086433327524e+05 -2.454958444343063456e+05
5.710000000000000142e+01 -3.896430013635489158e+05 -2.246550640965623315e+05
5.720000000000000284e+01 -4.043435432772616041e+05 -2.049813346078516333e+05
5.729999999999999716e+01 -3.963601046287891222e+05 -1.866038311470477493e+05
5.739999999999999858e+01 -3.795308068774135318e+05 -1.624732029012018756e+05
5.750000000000000000e+01 -3.772933745329107624e+05 -1.313153460036494071e+05
5.760000000000000142e+01 -4.003078071711490629e+05 -1.040229679371375823e+05
5.770000000000000284e+01 -4.340053660939426627e+05 -9.530183842038759030e+04
5.779999999999999716e+01 -4.484521570620088605e+05 -1.093472542825955752e+05
5.789999999999999858e+01 -4.209574715185984387e+05 -1.349894497475634853e+05
5.800000000000000000e+01 -3.507735877962858649e+05 -1.550377803016586695e+05
5.810000000000000142e+01 -2.542878629939999664e+05 -1.586978269256007043e+05
5.820000000000000284e+01 -1.474671822464935249e+05 -1.433709558273333823e+05
5.829999999999999716e+01 -3.328695936172148504e+04 -1.068608638409692794e+05
5.839999999999999858e+01 9.308986165213280765e+04 -4.535114805507900746e+04
5.850000000000000000e+01 2.263308203080721432e+05 3.458651240673188295e+04
5.860000000000000142e+01 3.416300693751334329e+05 1.058797693871556548e+05
5.870000000000000284e+01 4.123095867392258369e+05 1.374410433377471054e+05
5.879999999999999716e+01 4.443776914362693788e+05 1.333669567281781929e+05
5.889999999999999858e+01 4.897330541624840116e+05 1.519169107826387626e+05
5.900000000000000000e+01 6.091621770340598887e+05 2.663190099470730638e+05
5.910000000000000142e+01 8.075150909894369543e+05 4.897469569980307133e+05
5.920000000000000284e+01 1.005562533760329126e+06 7.395415262983725406e+05
5.929999999999999716e+01 1.089743436432768591e+06 8.900906525559092406e+05
5.939999999999999858e+01 1.004059484413080500e+06 8.744027734100628877e+05
5.950000000000000000e+01 7.984236297459218185e+05 7.380641870720291045e+05
5.960000000000000142e+01 5.855422289652420441e+05 5.937356809568336466e+05
5.970000000000000284e+01 4.482506454240534804e+05 5.236231925284762401e+05
5.979999999999999716e+01 3.849143556000079261e+05 5.233076345031445380e+05
5.989999999999999858e+01 3.353988820495773107e+05 5.287993671665401198e+05
6.000000000000000000e+01 2.484299406838894356e+05 4.845586147295987466e+05
6.010000000000000142e+01 1.208381937418976886e+05 3.833677007480342872e+05
6.020000000000000284e+01 -1.764385983420074626e+04 2.535160036422134144e+05
6.029999999999999716e+01 -1.417683027466064668e+05 1.233586603253392386e+05
6.039999999999999858e+01 -2.467988012578521448e+05 2.639345961583669123e+03
6.050000000000000000e+01 -3.356627460692696623e+05 -1.105323738642324315e+05
6.060000000000000142e+01 -4.034891251618722454e+05 -2.159357890281645232e+05
6.070000000000000284e+01 -4.415118264156487421e+05 -3.087515084414606681e+05
6.079999999999999716e+01 -4.530567747183949687e+05 -3.870997454609080451e+05
6.089999999999999858e+01 -4.581187510206647567e+05 -4.558449952895990573e+05
6.100000000000000000e+01 -4.772678462900080485e+05 -5.193502450737438630e+05
6.110000000000000142e+01 -5.111949648232493782e+05 -5.717177065122971544e+05
6.120000000000000284e+01 -5.387457205664416542e+05 -5.987129059608271345e+05
6.129999999999999716e+01 -5.366845906112849480e+05 -5.925821063799910480e+05
6.139999999999999858e+01 -5.012506252749025589e+05 -5.634667685052293818e+05
6.150000000000000000e+01 -4.504485601583339740e+05 -5.317495330518954434e+05
6.160000000000000142e+01 -4.069837195440158248e+05 -5.071951879882302019e+05
6.170000000000000284e+01 -3.806316585116331116e+05 -4.784774868778437376e+05
6.179999999999999716e+01 -3.660069644214209402e+05 -4.270174796157840174e+05
6.189999999999999858e+01 -3.533588787520874175e+05 -3.509995002064809087e+05
6.200000000000000000e+01 -3.380585488360679010e+05 -2.723135170881347731e+05
6.210000000000000142e+01 -3.199766321785700275e+05 -2.176700684115971089e+05
6.220000000000000284e+01 -2.971428531883390970e+05 -1.938947615354604204e+05
6.229999999999999716e+01 -2.631607179816282587e+05 -1.830990053931067814e+05
6.239999999999999858e+01 -2.113617499626276549e+05 -1.608584251804249361e+05
6.250000000000000000e+01 -1.402781726619261317e+05 -1.167627999588173698e+05
6.260000000000000142e+01 -5.428686213697390485e+04 -5.746186208370269742e+04
6.270000000000000284e+01 4.010550096014828159e+04 6.279394774894375587e+03
6.279999999999999716e+01 1.363882913501328148e+05 7.056260806192227756e+04
6.289999999999999858e+01 2.254502734885938407e+05 1.352540446212795796e+05
6.300000000000000000e+01 2.937506543604849139e+05 1.942255003687502467e+05
6.310000000000000142e+01 3.308050896651427029e+05 2.360390124454346369e+05
6.320000000000000284e+01 3.441386273428600980e+05 2.593039794381309766e+05
6.329999999999999716e+01 3.649210930831907317e+05 2.849717298614487518e+05
6.339999999999999858e+01 4.287394091757396818e+05 3.441338386409287341e+05
6.350000000000000000e+01 5.404337907785200514e+05 4.447555971028498607e+05
6.360000000000000142e+01 6.563753612815537490e+05 5.499926515715937130e+05
6.370000000000000284e+01 7.095713474679130595e+05 5.977644229462341173e+05
6.379999999999999716e+01 6.623298173759048805e+05 5.513218443940988509e+05
6.389999999999999858e+01 5.390187696485045599e+05 4.340568247932228260e+05
6.400000000000000000e+01 4.063430176139022806e+05 3.122943726689053583e+05
6.409999999999999432e+01 3.188400494649278698e+05 2.407066312958079216e+05
6.420000000000000284e+01 2.801915320127640734e+05 2.222412899441391637e+05
6.429999999999999716e+01 2.522042387338301342e+05 2.174924463145941554e+05
6.440000000000000568e+01 1.956011998472967534e+05 1.873658090524110885e+05
6.450000000000000000e+01 1.013434299117393530e+05 1.240175833353651979e+05
6.459999999999999432e+01 -1.056623922532664437e+04 4.552767794417357072e+04
6.470000000000000284e+01 -1.129527786971803143e+05 -2.939730219185835449e+04
6.479999999999999716e+01 -1.886975564873219409e+05 -9.532433170754193270e+04
6.490000000000000568e+01 -2.327569284482335788e+05 -1.524881957973370736e+05
6.500000000000000000e+01 -2.473676994148392987e+05 -1.948723487534379237e+05
6.509999999999999432e+01 -2.407671713885501667e+05 -2.131203074023543741e+05
6.520000000000000284e+01 -2.282881547020756407e+05 -2.095521309394018317e+05
6.529999999999999716e+01 -2.278296587640579673e+05 -2.048071874808716821e+05
6.540000000000000568e+01 -2.482073756167844112e+05 -2.232159939944088110e+05
6.550000000000000000e+01 -2.799786123265812639e+05 -2.688319883878621040e+05
6.559999999999999432e+01 -2.998642304566219682e+05 -3.179557409084759420e+05
6.570000000000000284e+01 -2.884050964972578222e+05 -3.392642538327563088e+05
6.579999999999999716e+01 -2.468178487559765344e+05 -3.230635311385967070e+05
6.590000000000000568e+01 -1.974911560865810898e+05 -2.894303472866337397e+05
6.600000000000000000e+01 -1.664551836071138387e+05 -2.664737147506169276e+05
6.609999999999999432e+01 -1.630989947858554951e+05 -2.623647954879782628e+05
6.620000000000000284e+01 -1.754714961868285318e+05 -2.612121631556276116e+05
6.629999999999999716e+01 -1.845948704112967534e+05 -2.451284638148450467e+05
6.640000000000000568e+01 -1.828290709055312909e+05 -2.151576473576060962e+05
6.650000000000000000e+01 -1.783619067557958479e+05 -1.870862848278586171e+05
6.659999999999999432e+01 -1.832313593173279078e+05 -1.696674373939610377e+05
6.670000000000000284e+01 -1.990878467115682433e+05 -1.534633287388020835e+05
6.679999999999999716e+01 -2.152211922497295600e+05 -1.235057109814558644e+05
6.690000000000000568e+01 -2.184277756527134916e+05 -7.819448889592407795e+04
6.700000000000000000e+01 -2.023354803911863710e+05 -2.954582915054498881e+04
6.709999999999999432e+01 -1.679852283814177790e+05 1.493344082308221550e+04
6.720000000000000284e+01 -1.202206290079481842e+05 6.347220814838999650e+04
6.729999999999999716e+01 -6.795531472661056614e+04 1.272510274897031777e+05
6.740000000000000568e+01 -2.622944504321990826e+04 1.987185039958627312e+05
6.750000000000000000e+01 -9.719551719128343393e+03 2.513496578151703579e+05
6.759999999999999432e+01 -1.616189363299557590e+04 2.674937200147087569e+05
6.770000000000000284e+01 -1.620208963690388191e+04 2.645980982722243061e+05
6.779999999999999716e+01 3.124203253283706727e+04 2.857879559650560259e+05
6.790000000000000568e+01 1.425980612272924045e+05 3.577248379822351271e+05
6.800000000000000000e+01 2.845393755681728944e+05 4.572420760041329195e+05
6.809999999999999432e+01 3.906465880260009435e+05 5.240998806770697702e+05
6.820000000000000284e+01 4.131345691571720527e+05 5.119376884858217672e+05
6.829999999999999716e+01 3.651855974703705288e+05 4.299458490184921538e+05
6.840000000000000568e+01 3.122761619318025187e+05 3.353337962561150780e+05
6.850000000000000000e+01 3.164795249285672908e+05 2.836812986764322268e+05
6.859999999999999432e+01 3.830503778530961135e+05 2.834222565709437476e+05
6.870000000000000284e+01 4.580236285071377060e+05 2.945342612238346483e+05
6.879999999999999716e+01 4.780351087704871898e+05 2.686035911637378158e+05
6.890000000000000568e+01 4.249728912110412493e+05 1.907478045954602712e+05
6.900000000000000000e+01 3.356679213040836039e+05 8.685791376198630314e+04
6.909999999999999432e+01 2.620167117533449782e+05 -4.581609005717858963e+03
6.920000000000000284e+01 2.239043201415949734e+05 -6.514951208049990237e+04
6.929999999999999716e+01 1.996813159603181994e+05 -1.042203525962645217e+05
6.940000000000000568e+01 1.571245773910647549e+05 -1.411624175353018218e+05
6.950000000000000000e+01 8.764176651351965847e+04 -1.854492044468183012e+05
6.959999999999999432e+01 9.328886406405203161e+03 -2.340644037820045487e+05
6.970000000000000284e+01 -5.721626081397535745e+04 -2.822298471714207553e+05
6.979999999999999716e+01 -1.083943504852244660e+05 -3.296252292622473906e+05
6.990000000000000568e+01 -1.524952134515478101e+05 -3.745792337721604854e+05
7.000000000000000000e+01 -1.927369044036027044e+05 -4.074664451724780956e+05
7.009999999999999432e+01 -2.229634622585073230e+05 -4.164205772392683430e+05
7.020000000000000284e+01 -2.397919811115171178e+05 -4.010274522386955796e+05
7.029999999999999716e+01 -2.518490885868652258e+05 -3.764587812533644610e+05
7.040000000000000568e+01 -2.714830122530904482e+05 -3.602326389283635654e+05
7.050000000000000000e+01 -2.988915749636561377e+05 -3.551985751869815867e+05
7.059999999999999432e+01 -3.196471481814286672e+05 -3.481306666768600699e+05
7.070000000000000284e+01 -3.200268818582056556e+05 -3.253942446353808045e+05
7.079999999999999716e+01 -3.022844013539024163e+05 -2.873765174683489022e+05
7.090000000000000568e+01 -2.819779072201303206e+05 -2.457983288337592967e+05
7.100000000000000000e+01 -2.707543031410630210e+05 -2.089127287007502746e+05
7.109999999999999432e+01 -2.642588757109613507e+05 -1.730680099434381700e+05
7.120000000000000284e+01 -2.478828234041816613e+05 -1.297825452916214999e+05
7.129999999999999716e+01 -2.128567937839133374e+05 -7.817200729228241835e+04
7.140000000000000568e+01 -1.652089447936738143e+05 -2.696131998485919030e+04
7.150000000000000000e+01 -1.196228548325612646e+05 1.589053046700662526e+04
7.159999999999999432e+01 -8.647011413977819029e+04 5.235132871537761093e+04
7.170000000000000284e+01 -6.544242673244023172e+04 9.021623205098707695e+04
7.179999999999999716e+01 -4.986643365108517173e+04 1.304737982044341334e+05
7.190000000000000568e+01 -3.413061394617881160e+04 1.627615247720400512e+05
7.200000000000000000e+01 -1.537369825941012095e+04 1.774681877598629508e+05
7.209999999999999432e+01 1.041114306195025711e+04 1.826207707394669414e+05
7.220000000000000284e+01 4.969912223385374091e+04 2.040908330365803558e+05
7.229999999999999716e+01 1.047140829974474327e+05 2.624760425149117946e+05
7.240000000000000568e+01 1.642981791049612220e+05 3.465638009798728162e+05
7.250000000000000000e+01 2.051054244172349572e+05 4.130537416137998225e+05
7.259999999999999432e+01 2.087068055789243663e+05 4.204402547333530965e+05
7.270000000000000284e+01 1.827096108656116703e+05 3.694702787304955418e+05
7.279999999999999716e+01 1.636467359878671705e+05 3.097397208201549947e+05
7.290000000000000568e+01 1.912266893626193341e+05 2.998437980731485295e+05
7.300000000000000000e+01 2.714716698692100472e+05 3.540112464396938449e+05
7.309999999999999432e+01 3.632363447638888028e+05 4.257185862044531968e+05
7.320000000000000284e+01 4.062410016444666544e+05 4.465537989159466233e+05
7.329999999999999716e+01 3.695227945291931974e+05 3.853945855227588909e+05
7.340000000000000568e+01 2.761455264373987447e+05 2.725316092124028364e+05
7.350000000000000000e+01 1.805571634826004156e+05 1.680710460349537607e+05
7.359999999999999432e+01 1.210558531340128393e+05 1.085594883773126348e+05
7.370000000000000284e+01 9.326853878659004113e+04 8.362317023200979747e+04
7.379999999999999716e+01 6.619498909175606968e+04 5.898308853446788271e+04
7.390000000000000568e+01 1.777198610437001480e+04 1.449243505606403232e+04
7.400000000000000000e+01 -4.870555138810021890e+04 -4.296500213140564301e+04
7.409999999999999432e+01 -1.184473148691576935e+05 -9.748352424205449643e+04
7.420000000000000284e+01 -1.853366524753585109e+05 -1.446792707549114130e+05
7.429999999999999716e+01 -2.525729691365902545e+05 -1.902350460455520079e+05
7.440000000000000568e+01 -3.171959705597431166e+05 -2.334352391970619501e+05
7.450000000000000000e+01 -3.631507549657563213e+05 -2.608925868186337757e+05
7.459999999999999432e+01 -3.749685165459435666e+05 -2.603114689755254658e+05
7.470000000000000284e+01 -3.557557444530153880e+05 -2.373808417688380578e+05
7.479999999999999716e+01 -3.259571669857375091e+05 -2.144639057118364144e+05
7.490000000000000568e+01 -3.024594689079144737e+05 -2.115034460440384282e+05
7.500000000000000000e+01 -2.820624283252088935e+05 -2.298751024581698002e+05
7.509999999999999432e+01 -2.487951198972224665e+05 -2.553973923764076317e+05
7.520000000000000284e+01 -1.963448191105148289e+05 -2.748763297956392635e+05
7.529999999999999716e+01 -1.388575954336618306e+05 -2.875312631563383038e+05
7.540000000000000568e+01 -9.687332356170253479e+04 -3.011987971878784592e+05
7.550000000000000000e+01 -7.410012093124956300e+04 -3.206243945753999869e+05
7.559999999999999432e+01 -5.157686309257111134e+04 -3.414394677201440791e+05
7.570000000000000284e+01 -6.630752169472889364e+03 -3.544296914643275668e+05
7.579999999999999716e+01 6.300755391670193058e+04 -3.533155833645734820e+05
7.590000000000000568e+01 1.349033912258790224e+05 -3.378320744102892932e+05
7.600000000000000000e+01 1.814865581767034018e+05 -3.112124197318756487e+05
7.609999999999999432e+01 1.936244783738779370e+05 -2.771295783799228375e+05
7.620000000000000284e+01 1.858884577242329251e+05 -2.395373123342649487e+05
7.629999999999999716e+01 1.809549560465041723e+05 -2.031097013774348306e+05
7.640000000000000568e+01 1.909651791040406970e+05 -1.699695483003409172e+05
7.650000000000000000e+01 2.138635510999473918e+05 -1.336074578005006479e+05
7.659999999999999432e+01 2.437001087369506713e+05 -7.811535567097674357e+04
7.670000000000000284e+01 2.776498416784875444e+05 1.005881158465312183e+04
7.679999999999999716e+01 3.090416227095491486e+05 1.237373446789897862e+05
7.690000000000000568e+01 3.185708841027527815e+05 2.299114072430706583e+05
7.700000000000000000e+01 2.851869427972978447e+05 2.927685288351763738e+05
7.709999999999999432e+01 2.154804145819862315e+05 3.113251722014510888e+05
7.720000000000000284e+01 1.583481031035500055e+05 3.329392809670662973e+05
7.729999999999999716e+01 1.744428341558996472e+05 4.170717747049549362e+05
7.740000000000000568e+01 2.769193974807637278e+05 5.734871519072982483e+05
7.750000000000000000e+01 4.023388366467344458e+05 7.355650349927657517e+05
7.759999999999999432e+01 4.519965968052859535e+05 8.046644292608163087e+05
7.770000000000000284e+01 3.736687122075664229e+05 7.317046673735419754e+05
7.779999999999999716e+01 2.068056060719530797e+05 5.599389598575606942e+05
7.790000000000000568e+01 4.680460541618958814e+04 3.876047305815913132e+05
7.800000000000000000e+01 -3.590887893227295717e+04 2.867812908402534085e+05
7.809999999999999432e+01 -4.487472862397594872e+04 2.539628234278618474e+05
7.820000000000000284e+01 -3.619442083193373401e+04 2.308450047275148099e+05
7.829999999999999716e+01 -5.943511958604500978e+04 1.650333003836214484e+05
7.840000000000000568e+01 -1.210996148670200491e+05 5.107094639412747347e+04
7.850000000000000000e+01 -1.955613256851195474e+05 -7.706809668927674647e+04
7.859999999999999432e+01 -2.583785911800705071e+05 -1.818888652424552129e+05
7.870000000000000284e+01 -3.043969666766371811e+05 -2.487328087300304614e+05
7.879999999999999716e+01 -3.399192567932102247e+05 -2.852309603834963636e+05
7.890000000000000568e+01 -3.671076249364477117e+05 -3.052352868890247773e+05
7.900000000000000000e+01 -3.808437500440578442e+05 -3.170129908993440913e+05
7.909999999999999432e+01 -3.788321782997276750e+05 -3.228798206752903061e+05
7.920000000000000284e+01 -3.697048447282685083e+05 -3.232566402079920517e+05
7.929999999999999716e+01 -3.673939518378509092e+05 -3.174192495083160466e+05
7.940000000000000568e+01 -3.770210939549401519e+05 -3.024119601171556278e+05
7.950000000000000000e+01 -3.885047279168968089e+05 -2.760698400200938922e+05
7.959999999999999432e+01 -3.863433518721939181e+05 -2.432960640841686691e+05
7.970000000000000284e+01 -3.656279600684500765e+05 -2.166769258989325317e+05
7.979999999999999716e+01 -3.364412524356034701e+05 -2.065889134825417714e+05
7.990000000000000568e+01 -3.117014634087294107e+05 -2.096071744170107122e+05
8.000000000000000000e+01 -2.927372983206444187e+05 -2.095719392733897548e+05
8.009999999999999432e+01 -2.692230220808226732e+05 -1.930532391361278424e+05
8.020000000000000284e+01 -2.324477820382257923e+05 -1.634351698458435712e+05
8.029999999999999716e+01 -1.851279117798765074e+05 -1.374506861854294257e+05
8.040000000000000568e+01 -1.365008036509022641e+05 -1.273178878994628758e+05
8.050000000000000000e+01 -9.040440988994810323e+04 -1.285258335303132189e+05
8.059999999999999432e+01 -4.192433369254034187e+04 -1.270651227448055288e+05
8.070000000000000284e+01 1.430206145525571628e+04 -1.168913395365244651e+05
8.079999999999999716e+01 7.662504599724008585e+04 -1.056693128458030551e+05
8.090000000000000568e+01 1.401972758074863814e+05 -1.005704190523198922e+05
8.100000000000000000e+01 2.055714968300600594e+05 -9.142721114247826335e+04
8.109999999999999432e+01 2.769092336552619236e+05 -5.524036799445495853e+04
8.120000000000000284e+01 3.481485491988444701e+05 1.767776967379648704e+04
8.129999999999999716e+01 3.960978301356084412e+05 1.052139835163006355e+05
8.140000000000000568e+01 3.983760574832581915e+05 1.703633464298844046e+05
8.150000000000000000e+01 3.651752601631087600e+05 2.029394301375270006e+05
8.159999999999999432e+01 3.478929968487936421e+05 2.404408294236862857e+05
8.170000000000000284e+01 4.017292854387423722e+05 3.360947291574038099e+05
8.179999999999999716e+01 5.285376943856533617e+05 4.984973063468877226e+05
8.190000000000000568e+01 6.582701887929671211e+05 6.658093216961956350e+05
8.200000000000000000e+01 6.982032684697097866e+05 7.488755186668972019e+05
8.209999999999999432e+01 6.108752378441325855e+05 7.065293717361248564e+05
8.220000000000000284e+01 4.471713141413844423e+05 5.799944754768030252e+05
8.229999999999999716e+01 3.021826504549157107e+05 4.537280125243950170e+05
8.240000000000000568e+01 2.368485822184614080e+05 3.835763169302494498e+05
8.250000000000000000e+01 2.379123554036961868e+05 3.605042867159558809e+05
8.259999999999999432e+01 2.448681881899431173e+05 3.351818515053363517e+05
8.270000000000000284e+01 2.077934151963315671e+05 2.683568191911134054e+05
8.279999999999999716e+01 1.212267215863327729e+05 1.574914864897340594e+05
8.290000000000000568e+01 1.462489859369930491e+04 2.573577334841575066e+04
8.300000000000000000e+01 -7.806675597442340222e+04 -1.028139149697741959e+05
8.309999999999999432e+01 -1.392490830965666682e+05 -2.151244414487745380e+05
8.320000000000000284e+01 -1.693549139815343369e+05 -3.056802869598297402e+05
8.329999999999999716e+01 -1.790620690705462766e+05 -3.712077666822788306e+05
8.340000000000000568e+01 -1.828242058965128381e+05 -4.122565529188757646e+05
8.350000000000000000e+01 -1.953759646040004445e+05 -4.365928223697757930e+05
8.359999999999999432e+01 -2.275043565259025490e+05 -4.560327003390337923e+05
8.370000000000000284e+01 -2.800706392240102286e+05 -4.773828115463345312e+05
8.379999999999999716e+01 -3.407770557054510573e+05 -4.968087605539621436e+05
8.390000000000000568e+01 -3.893063847870354657e+05 -5.043650642572236829e+05
8.400000000000000000e+01 -4.102606786165264784e+05 -4.943813828881452791e+05
8.409999999999999432e+01 -4.045071371167497709e+05 -4.704635588449753122e+05
8.420000000000000284e+01 -3.879647007838035934e+05 -4.395537046076958068e+05
8.429999999999999716e+01 -3.772034855285780504e+05 -4.022228626006308477e+05
8.440000000000000568e+01 -3.747940609659150941e+05 -3.515984313542884775e+05
8.450000000000000000e+01 -3.689669002644522116e+05 -2.838844306795016164e+05
8.459999999999999432e+01 -3.479232372341003502e+05 -2.090832569530900219e+05
8.470000000000000284e+01 -3.135514711080425768e+05 -1.481466226426298381e+05
8.479999999999999716e+01 -2.799974549364098930e+05 -1.166850232850152097e+05
8.490000000000000568e+01 -2.593049845062689274e+05 -1.108488772636880167e+05
8.500000000000000000e+01 -2.502154006520233816e+05 -1.101556668372889108e+05
8.509999999999999432e+01 -2.413724882864828396e+05 -9.468427272072427149e+04
8.520000000000000284e+01 -2.229251419138049532e+05 -5.914837364075281948e+04
8.529999999999999716e+01 -1.919762315769288107e+05 -1.093683983421379526e+04
8.540000000000000568e+01 -1.475817152594314539e+05 4.187799978333593754e+04
8.550000000000000000e+01 -8.615333469137134671e+04 9.580217324026911228e+04
8.559999999999999432e+01 -7.350671927201372455e+03 1.446583074779007293e+05
8.570000000000000284e+01 7.643308096309467510e+04 1.735483412747722177e+05
8.579999999999999716e+01 1.441444009477763902e+05 1.698906428694178467e+05
8.590000000000000568e+01 1.868746962810271070e+05 1.454766900415609707e+05
8.600000000000000000e+01 2.239462604693447356e+05 1.425258604210275807e+05
8.609999999999999432e+01 2.898066949221604737e+05 2.060783785853159206e+05
8.620000000000000284e+01 3.966127477288630325e+05 3.408810742421465111e+05
8.629999999999999716e+01 5.094698402612745413e+05 4.948686025364414090e+05
8.640000000000000568e+01 5.663997245176655706e+05 5.923195793015229283e+05
8.650000000000000000e+01 5.314992918792392593e+05 5.923081756141107762e+05
8.659999999999999432e+01 4.315577483526818105e+05 5.204434852415351197e+05
8.670000000000000284e+01 3.372736558448828873e+05 4.445512896482327487e+05
8.679999999999999716e+01 3.031962686090717325e+05 4.167013140108499210e+05
8.690000000000000568e+01 3.221944387711502495e+05 4.337633814856863464e+05
8.700000000000000000e+01 3.369401928224129952e+05 4.485380601799234282e+05
8.709999999999999432e+01 2.955746397033695248e+05 4.156427040814224165e+05
8.720000000000000284e+01 1.974658839847926865e+05 3.278953001224917243e+05
8.729999999999999716e+01 8.816613404897981673e+04 2.142074476862503507e+05
8.740000000000000568e+01 1.424543795158795547e+04 1.090796906210718589e+05
8.750000000000000000e+01 -1.487735175369142962e+04 2.664977542220545001e+04
8.759999999999999432e+01 -2.421175918834298864e+04 -3.995415830712518073e+04
8.770000000000000284e+01 -4.032552755862639606e+04 -1.021270812104852084e+05
8.779999999999999716e+01 -6.665575814311372233e+04 -1.639684506369605078e+05
8.790000000000000568e+01 -8.974762154353587539e+04 -2.245798722032859805e+05
8.800000000000000000e+01 -1.022522532627610490e+05 -2.846434092814045725e+05
8.809999999999999432e+01 -1.126266273132639326e+05 -3.448106555329129915e+05
8.820000000000000284e+01 -1.315563833198806387e+05 -3.979515380654727342e+05
8.829999999999999716e+01 -1.544015581776884210e+05 -4.283528378388049314e+05
8.840000000000000568e+01 -1.626892018609604274e+05 -4.236479248886319692e+05
8.850000000000000000e+01 -1.436283685235788871e+05 -3.885063780141837779e+05
8.859999999999999432e+01 -1.050968717220672406e+05 -3.439756701408002991e+05
8.870000000000000284e+01 -6.949103773040152737e+04 -3.104421622984651476e+05
8.879999999999999716e+01 -5.425148088193155127e+04 -2.904584623363381252e+05
8.890000000000000568e+01 -6.037084007239420316e+04 -2.694650819847832317e+05
8.900000000000000000e+01 -7.880471187760357861e+04 -2.343802086916124681e+05
8.909999999999999432e+01 -1.041473371088935819e+05 -1.905906452187028190e+05
8.920000000000000284e+01 -1.390804992492162855e+05 -1.583634761119296891e+05
8.929999999999999716e+01 -1.862363945339777856e+05 -1.511945277328162629e+05
8.940000000000000568e+01 -2.389720352523329493e+05 -1.590095000248185243e+05
8.950000000000000000e+01 -2.826133259356112103e+05 -1.554960724396756850e+05
8.959999999999999432e+01 -3.050415719975170214e+05 -1.233786992061136116e+05
8.970000000000000284e+01 -3.055151073489327100e+05 -7.148433555737094139e+04
8.979999999999999716e+01 -2.935666768896706053e+05 -2.589817430258124659e+04
8.990000000000000568e+01 -2.806677570650343550e+05 -5.553101489065113128e+03
9.000000000000000000e+01 -2.734073180090786191e+05 -8.354229434116947232e+03
9.009999999999999432e+01 -2.724993427087222808e+05 -1.962072739754187569e+04
9.020000000000000284e+01 -2.739209906647600001e+05 -2.827286884497385108e+04
9.029999999999999716e+01 -2.675250075820270577e+05 -2.996653835937981785e+04
9.040000000000000568e+01 -2.358667423932109377e+05 -1.693028768359305104e+04
9.050000000000000000e+01 -1.612645452596946270e+05 2.564669691827859424e+04
9.059999999999999432e+01 -4.224904011495360464e+04 1.042842089687085536e+05
9.070000000000000284e+01 9.395979648702951090e+04 1.979282163493255794e+05
9.079999999999999716e+01 2.009026641843787802e+05 2.625093899595579132e+05
9.090000000000000568e+01 2.454788516094149672e+05 2.654784420862304396e+05
9.100000000000000000e+01 2.388657476999666251e+05 2.209271264436793863e+05
9.109999999999999432e+01 2.337674711048835597e+05 1.868563146634675213e+05
9.120000000000000284e+01 2.822873430066643050e+05 2.187547718290425255e+05
9.129999999999999716e+01 3.879411089669492794e+05 3.182183441571893054e+05
9.140000000000000568e+01 4.971906569537816104e+05 4.256310661213084240e+05
9.150000000000000000e+01 5.425379823588912841e+05 4.674944968263126793e+05
9.159999999999999432e+01 4.997366202169123571e+05 4.171463222008983721e+05
9.170000000000000284e+01 4.063843807520972914e+05 3.139696271707270062e+05
9.179999999999999716e+01 3.260953106850286713e+05 2.256189283822542639e+05
9.190000000000000568e+01 2.947726205662005232e+05 1.912294772006428102e+05
9.200000000000000000e+01 2.992515620134050259e+05 1.976569742443367140e+05
9.209999999999999432e+01 3.015717273981873877e+05 2.038026826460609736e+05
9.220000000000000284e+01 2.767264516923080664e+05 1.813055862575256324e+05
9.229999999999999716e+01 2.259517333681501332e+05 1.314020213291681430e+05
9.240000000000000568e+01 1.616246403139663744e+05 7.055053026086537284e+04
9.250000000000000000e+01 9.020651837673003320e+04 1.026525282062832957e+04
9.259999999999999432e+01 1.340118034542081296e+04 -4.578013990940427175e+04
9.270000000000000284e+01 -6.088659075201664382e+04 -9.219432285318181675e+04
9.279999999999999716e+01 -1.183917568340243888e+05 -1.200662391479424259e+05
9.290000000000000568e+01 -1.522754437284698070e+05 -1.284791995689102332e+05
9.300000000000000000e+01 -1.727572880664003897e+05 -1.326880145407333039e+05
9.309999999999999432e+01 -1.981306367126507685e+05 -1.535467872280786396e+05
9.320000000000000284e+01 -2.359989247673844802e+05 -1.965678947287387564e+05
9.329999999999999716e+01 -2.761563312523014029e+05 -2.444208049118623312e+05
9.340000000000000568e+01 -3.027123585937133175e+05 -2.730962501512412564e+05
9.350000000000000000e+01 -3.106576474188424181e+05 -2.752283038271496771e+05
9.359999999999999432e+01 -3.084833578165316721e+05 -2.661903067870699451e+05
9.370000000000000284e+01 -3.064696817726705340e+05 -2.680845080662459368e+05
9.379999999999999716e+01 -3.064219942827073974e+05 -2.898059273905391456e+05
9.390000000000000568e+01 -3.039108984724732582e+05 -3.224213766461851192e+05
9.400000000000000000e+01 -2.967471284573982120e+05 -3.504334845672823139e+05
9.409999999999999432e+01 -2.866613784514626605e+05 -3.645731705933524645e+05
9.420000000000000284e+01 -2.727474050835930975e+05 -3.651091434728370514e+05
9.429999999999999716e+01 -2.483613719164436916e+05 -3.574791910417836625e+05
9.440000000000000568e+01 -2.092271004734517192e+05 -3.476838214369122288e+05
9.450000000000000000e+01 -1.638519594469037838e+05 -3.399058761612501694e+05
9.459999999999999432e+01 -1.302548747705764836e+05 -3.335526259883770836e+05
9.470000000000000284e+01 -1.171117757580611215e+05 -3.192412167807685910e+05
9.479999999999999716e+01 -1.079628017282724031e+05 -2.790031544781097909e+05
9.490000000000000568e+01 -6.925895640856173122e+04 -1.958810511589498492e+05
9.500000000000000000e+01 1.923817914509284310e+04 -6.964329700765226153e+04
9.509999999999999432e+01 1.388302228205339052e+05 7.413589339097298216e+04
9.520000000000000284e+01 2.397673538371797185e+05 1.943920567575643654e+05
9.529999999999999716e+01 2.828733418084003497e+05 2.632540584436868085e+05
9.540000000000000568e+01 2.801950102872277494e+05 2.927064159925273852e+05
9.550000000000000000e+01 2.931789517687843181e+05 3.323427907642422360e+05
9.559999999999999432e+01 3.812102123539866880e+05 4.308977173220319673e+05
9.570000000000000284e+01 5.419871843171888031e+05 5.889677292372800875e+05
9.579999999999999716e+01 7.004992893185187131e+05 7.467963701306888834e+05
9.590000000000000568e+01 7.635553194118131651e+05 8.253163962121235672e+05
9.600000000000000000e+01 6.950999360097959870e+05 7.888452787184191402e+05
9.609999999999999432e+01 5.450139716763372999e+05 6.733474316834213678e+05
9.620000000000000284e+01 4.062826154817772913e+05 5.540958140358844539e+05
9.629999999999999716e+01 3.416041954765501432e+05 4.835373544856796507e+05
9.640000000000000568e+01 3.447541972006420256e+05 4.564105575450120377e+05
9.650000000000000000e+01 3.631848171112358104e+05 4.290517889806945459e+05
9.659999999999999432e+01 3.502693760602042894e+05 3.669824022525028558e+05
9.670000000000000284e+01 2.965342486766921356e+05 2.733262383575213607e+05
9.679999999999999716e+01 2.206302683578633587e+05 1.769520860028452298e+05
9.690000000000000568e+01 1.424990924070907058e+05 1.004202811038581422e+05
9.700000000000000000e+01 7.039816916849276458e+04 4.188815156543557532e+04
9.709999999999999432e+01 8.480342331727290002e+03 -1.576545896922201428e+04
9.720000000000000284e+01 -3.383276279012363375e+04 -8.385242015705502126e+04
9.729999999999999716e+01 -4.739040454786120972e+04 -1.574141914812638133e+05
9.740000000000000568e+01 -3.750816151704414369e+04 -2.220728331985817349e+05
9.750000000000000000e+01 -2.657208316749926598e+04 -2.668169530859719962e+05
9.759999999999999432e+01 -3.728096098748379154e+04 -2.896303559580131550e+05
9.770000000000000284e+01 -7.278071369246246468e+04 -2.948775037891953834e+05
9.779999999999999716e+01 -1.158879584592416795e+05 -2.900851022600493743e+05
9.790000000000000568e+01 -1.488140117872767150e+05 -2.857365978410416865e+05
9.800000000000000000e+01 -1.712236506086990703e+05 -2.935015248824186274e+05
9.809999999999999432e+01 -1.965206535036482383e+05 -3.193539369244042318e+05
9.820000000000000284e+01 -2.319720626298931602e+05 -3.573571197161320597e+05
9.829999999999999716e+01 -2.670656136739928625e+05 -3.932331608650673879e+05
9.840000000000000568e+01 -2.842345804050446022e+05 -4.169257336724273628e+05
9.850000000000000000e+01 -2.795513517640073551e+05 -4.315871747504074010e+05
9.859999999999999432e+01 -2.694466892751695123e+05 -4.487091762470988906e+05
9.870000000000000284e+01 -2.754192566482607508e+05 -4.743724417135725380e+05
9.879999999999999716e+01 -3.029634521848065779e+05 -5.018487975687730359e+05
9.890000000000000568e+01 -3.366412492000784259e+05 -5.183825786969669862e+05
9.900000000000000000e+01 -3.552980009413291118e+05 -5.173571989687203895e+05
9.909999999999999432e+01 -3.501713083296957193e+05 -5.008705848581254249e+05
9.920000000000000284e+01 -3.271052349412937183e+05 -4.699637541132598417e+05
9.929999999999999716e+01 -2.937252595492357505e+05 -4.168433291825993219e+05
9.940000000000000568e+01 -2.505833410321903357e+05 -3.339749758521472104e+05
9.950000000000000000e+01 -1.988081551651230257e+05 -2.337851916215262609e+05
9.959999999999999432e+01 -1.513145701491812943e+05 -1.519715792933307239e+05
9.970000000000000284e+01 -1.244687377516712295e+05 -1.179133560821949504e+05
9.979999999999999716e+01 -1.144201175228115462e+05 -1.184018159923484054e+05
9.990000000000000568e+01 -9.581551449859570130e+04 -1.072687810903788195e+05
1.000000000000000000e+02 -5.701569773043275927e+04 -6.403413217510738468e+04
