1.185126999999999953e+02 3.630142000000000024e+01 1.845000000000000000e+02
1.193478000000000065e+02 3.655055000000000121e+01 2.980000000000000071e+01
0.000000000000000000e+00 3.590536134022453334e+05 3.590536134022453334e+05
1.000000000000000056e-01 2.655046532137137256e+05 3.604812685502939275e+05
2.000000000000000111e-01 1.131208067088764510e+05 3.021320727272459189e+05
2.999999999999999889e-01 -2.725956329576516873e+04 2.510837503998944012e+05
4.000000000000000222e-01 -1.049630263012319774e+05 2.496035802587317303e+05
5.000000000000000000e-01 -1.216144113717184227e+05 2.852521025453190668e+05
5.999999999999999778e-01 -1.145274135356351035e+05 3.148331675706551177e+05
6.999999999999999556e-01 -1.173723571624631149e+05 3.103873928348282934e+05
8.000000000000000444e-01 -1.377622380472256336e+05 2.791536151629636879e+05
9.000000000000000222e-01 -1.640265327228914830e+05 2.448376115783863643e+05
1.000000000000000000e+00 -1.831537759936966177e+05 2.191133680256649386e+05
1.100000000000000089e+00 -1.894665771296099410e+05 1.951400882364412537e+05
1.199999999999999956e+00 -1.819435293289238471e+05 1.636902187543075415e+05
1.300000000000000044e+00 -1.607872211045713339e+05 1.276862508138712146e+05
1.399999999999999911e+00 -1.291321618761766294e+05 9.811259060416638386e+04
1.500000000000000000e+00 -9.492666226571888546e+04 7.923992726710387797e+04
1.600000000000000089e+00 -6.650018401185848052e+04 6.277900966949079884e+04
1.699999999999999956e+00 -4.448913385515377740e+04 3.773793292250021477e+04
1.800000000000000044e+00 -2.029885622730443720e+04 3.191824232628991012e+03
1.899999999999999911e+00 1.381134241790462693e+04 -3.175088583186909091e+04
2.000000000000000000e+00 5.177781436156533164e+04 -6.049551024369675724e+04
2.100000000000000089e+00 7.322916797592052899e+04 -8.853588318874532706e+04
2.200000000000000178e+00 5.963153124137879058e+04 -1.282355533469278889e+05
2.299999999999999822e+00 1.245424481076889788e+04 -1.847941034544213326e+05
2.399999999999999911e+00 -4.602649455924550421e+04 -2.497896214873183926e+05
2.500000000000000000e+00 -9.152331816248776158e+04 -3.093436539403587230e+05
2.600000000000000089e+00 -1.172913112373530166e+05 -3.566273511628494598e+05
2.700000000000000178e+00 -1.346687138454452506e+05 -3.942195582860085415e+05
2.799999999999999822e+00 -1.554388606250902521e+05 -4.251070322536834865e+05
2.899999999999999911e+00 -1.758152057514425251e+05 -4.448182348704772303e+05
3.000000000000000000e+00 -1.787591779305152013e+05 -4.447917138278790517e+05
3.100000000000000089e+00 -1.511109479893571115e+05 -4.225987891858455259e+05
3.200000000000000178e+00 -9.707701144408702385e+04 -3.862291354955912102e+05
3.299999999999999822e+00 -3.461054865990823600e+04 -3.469805653391636442e+05
3.399999999999999911e+00 2.065859387150953989e+04 -3.092085255641182885e+05
3.500000000000000000e+00 6.695458672430147999e+04 -2.690371600695422967e+05
3.600000000000000089e+00 1.119615474485541345e+05 -2.235961784242050198e+05
3.700000000000000178e+00 1.588485771236718283e+05 -1.792019186185424041e+05
3.799999999999999822e+00 2.001151079132789746e+05 -1.465622703226591693e+05
3.899999999999999911e+00 2.276505674977048184e+05 -1.258124081312197959e+05
4.000000000000000000e+00 2.466899144941468257e+05 -9.878318319227943721e+04
4.099999999999999645e+00 2.734671471767125186e+05 -4.211366729200882401e+04
4.200000000000000178e+00 3.141705169741694117e+05 4.730246217601455282e+04
4.299999999999999822e+00 3.479593204641179764e+05 1.407559030539753439e+05
4.400000000000000355e+00 3.377304479711612221e+05 1.969080421042212402e+05
4.500000000000000000e+00 2.634328244978065486e+05 1.976695269947760971e+05
4.599999999999999645e+00 1.455212065458469151e+05 1.664943490953759756e+05
4.700000000000000178e+00 3.336191559179275646e+04 1.495464562364624871e+05
4.799999999999999822e+00 -3.145186156244718586e+04 1.766580442532414454e+05
4.900000000000000355e+00 -4.267676939124603086e+04 2.389289303231166850e+05
5.000000000000000000e+00 -2.556785927493935742e+04 3.021767126396097592e+05
5.099999999999999645e+00 -1.109696915690583410e+04 3.396351932481137919e+05
5.200000000000000178e+00 -1.449599456619533157e+04 3.509789988309921464e+05
5.299999999999999822e+00 -3.294719336956621555e+04 3.527132309015030041e+05
5.400000000000000355e+00 -5.596226849589783524e+04 3.553394632979958551e+05
5.500000000000000000e+00 -7.422903730039030779e+04 3.532032174688560190e+05
5.599999999999999645e+00 -8.146586105666222284e+04 3.353479181985479663e+05
5.700000000000000178e+00 -7.438289345796348061e+04 3.019047922163740150e+05
5.799999999999999822e+00 -5.594373067422477470e+04 2.664432952131942147e+05
5.900000000000000355e+00 -3.907509461698244559e+04 2.424271268374454812e+05
6.000000000000000000e+00 -4.321000837610426242e+04 2.298354567311914288e+05
6.099999999999999645e+00 -8.169830820944864536e+04 2.163148484445897047e+05
6.200000000000000178e+00 -1.491581815560264513e+05 1.898471980266179016e+05
6.299999999999999822e+00 -2.217114522937877337e+05 1.480654483300365100e+05
6.400000000000000355e+00 -2.730074212906922330e+05 9.572512168641720200e+04
6.500000000000000000e+00 -2.933359923619800829e+05 3.666859686057812360e+04
6.599999999999999645e+00 -2.945223162369920174e+05 -2.852759762840441545e+04
6.700000000000000178e+00 -2.962556952837161953e+05 -9.736586134561165818e+04
6.799999999999999822e+00 -3.074711175461125094e+05 -1.610711609203155967e+05
6.900000000000000355e+00 -3.203361152309411555e+05 -2.080022667203389865e+05
7.000000000000000000e+00 -3.203503672367535182e+05 -2.318629462678130949e+05
7.099999999999999645e+00 -2.999225530374563532e+05 -2.361077305784599157e+05
7.200000000000000178e+00 -2.618186292252675630e+05 -2.303722658485835418e+05
7.299999999999999822e+00 -2.121913829324182589e+05 -2.228724159949973691e+05
7.400000000000000355e+00 -1.538318749074699008e+05 -2.156112812254317396e+05
7.500000000000000000e+00 -8.705498236883740174e+04 -2.054687646122970618e+05
7.599999999999999645e+00 -1.453753946103365161e+04 -1.889385100848075817e+05
7.700000000000000178e+00 5.766056469535801443e+04 -1.661224028378025105e+05
7.799999999999999822e+00 1.235888467777450860e+05 -1.411956592097342655e+05
7.900000000000000355e+00 1.789538581090828229e+05 -1.197656165153992188e+05
8.000000000000000000e+00 2.177373852550508163e+05 -1.057140468886085291e+05
8.099999999999999645e+00 2.303329306255768461e+05 -9.968079456023540115e+04
8.199999999999999289e+00 2.105726704203492554e+05 -9.915130140446947189e+04
8.300000000000000711e+00 1.672996467068066122e+05 -9.897608555366180371e+04
8.400000000000000355e+00 1.257117793114169035e+05 -9.258236351794732036e+04
8.500000000000000000e+00 1.104123809369862429e+05 -7.558458772632616456e+04
8.599999999999999645e+00 1.222455359949131671e+05 -5.123175719265799853e+04
8.699999999999999289e+00 1.325362973636043025e+05 -3.242441030164208496e+04
8.800000000000000711e+00 1.055234898996047705e+05 -3.463280473681795411e+04
8.900000000000000355e+00 3.255182572450143925e+04 -6.188306790161988465e+04
9.000000000000000000e+00 -5.293240932413500559e+04 -9.761744797590198868e+04
9.099999999999999645e+00 -9.611740542579235625e+04 -1.118586230207157641e+05
9.199999999999999289e+00 -6.224296419508260442e+04 -8.242219231419560674e+04
9.300000000000000711e+00 3.608603727302353946e+04 -1.303814338160002080e+04
9.400000000000000355e+00 1.493564788595792197e+05 6.846391971349573578e+04
9.500000000000000000e+00 2.302256292268258985e+05 1.312431555042029941e+05
9.599999999999999645e+00 2.672208664725314011e+05 1.631389791371590109e+05
9.699999999999999289e+00 2.851945698597625596e+05 1.743429628031711909e+05
9.800000000000000711e+00 3.158251268356102519e+05 1.824820346747420845e+05
9.900000000000000355e+00 3.676505099736751290e+05 1.955838167749296408e+05
1.000000000000000000e+01 4.218515618571212981e+05 2.082888333973028348e+05
1.009999999999999964e+01 4.528243514976681909e+05 2.106657813135551987e+05
1.019999999999999929e+01 4.502033803028970724e+05 1.969008316902007791e+05
1.030000000000000071e+01 4.222249958552637254e+05 1.652701289004529826e+05
1.040000000000000036e+01 3.819196185460968991e+05 1.138703051823163405e+05
1.050000000000000000e+01 3.334026371145254816e+05 4.172371029653289588e+04
1.059999999999999964e+01 2.714545764586947043e+05 -4.376499361596492236e+04
1.069999999999999929e+01 1.915889028441962437e+05 -1.228741613065494603e+05
1.080000000000000071e+01 9.774462305122557154e+04 -1.716490349949274678e+05
1.090000000000000036e+01 -6.287029274630913278e+02 -1.773407220016564534e+05
1.100000000000000000e+01 -9.780039622579743445e+04 -1.468634344960357412e+05
1.109999999999999964e+01 -1.962330144570287666e+05 -9.975297051966417348e+04
1.119999999999999929e+01 -3.010119163387450390e+05 -5.270819547190447338e+04
1.130000000000000071e+01 -4.106186087671700516e+05 -1.078267562264710432e+04
1.140000000000000036e+01 -5.146791783415718237e+05 2.815623101789521752e+04
1.150000000000000000e+01 -6.009796800124503206e+05 6.390692475766257849e+04
1.159999999999999964e+01 -6.630768702121523675e+05 9.163627516832161928e+04
1.169999999999999929e+01 -6.999025331235666526e+05 1.084643043435860309e+05
1.180000000000000071e+01 -7.097428363811672898e+05 1.188470068139553769e+05
1.190000000000000036e+01 -6.882649295131771360e+05 1.301593003714319202e+05
1.200000000000000000e+01 -6.340388026142634917e+05 1.425010310861103353e+05
1.209999999999999964e+01 -5.537650304912475403e+05 1.449429441658643773e+05
1.219999999999999929e+01 -4.589240762175036944e+05 1.240857536105988256e+05
1.230000000000000071e+01 -3.569522312616882846e+05 7.713583333576194127e+04
1.240000000000000036e+01 -2.479301230359220062e+05 1.623545130574588256e+04
1.250000000000000000e+01 -1.309646102818036597e+05 -4.036657905501200003e+04
1.259999999999999964e+01 -1.150591433088654230e+04 -8.135884712814399973e+04
1.269999999999999929e+01 1.009346526475974388e+05 -1.070333597823547170e+05
1.280000000000000071e+01 2.025324415389983915e+05 -1.225755573484077759e+05
1.290000000000000036e+01 2.988440211250027642e+05 -1.293432765740254836e+05
1.300000000000000000e+01 3.944014911698806100e+05 -1.251616164963154151e+05
1.309999999999999964e+01 4.780152895890359650e+05 -1.132640710563200118e+05
1.319999999999999929e+01 5.228944948390324134e+05 -1.073396934911277494e+05
1.330000000000000071e+01 5.077557319960880559e+05 -1.222207319778330566e+05
1.340000000000000036e+01 4.411100926550659351e+05 -1.564502736877281859e+05
1.350000000000000000e+01 3.623717029104274116e+05 -1.863435066283100168e+05
1.359999999999999964e+01 3.132447282641166821e+05 -1.831125685604926257e+05
1.369999999999999929e+01 3.032416498457499547e+05 -1.400550735437623225e+05
1.380000000000000071e+01 3.020262813353870879e+05 -8.237288365776147111e+04
1.390000000000000036e+01 2.669686398994517513e+05 -4.695733136296496377e+04
1.400000000000000000e+01 1.806322900448359142e+05 -5.004082871337723918e+04
1.409999999999999964e+01 6.447257697356686549e+04 -7.369867306640587049e+04
1.419999999999999929e+01 -4.049389886934289098e+04 -8.291588065595054650e+04
1.430000000000000071e+01 -1.046882575588746695e+05 -5.477938807614019606e+04
1.440000000000000036e+01 -1.251286652119385253e+05 7.271029608590208227e+03
1.450000000000000000e+01 -1.173114058539738326e+05 8.217644365441000264e+04
1.459999999999999964e+01 -9.809747396886056231e+04 1.486245196651273291e+05
1.469999999999999929e+01 -7.643426455497930874e+04 1.942352713189926581e+05
1.480000000000000071e+01 -5.532445999308579485e+04 2.141485641688001051e+05
1.490000000000000036e+01 -3.684487870809224842e+04 2.075506581905377971e+05
1.500000000000000000e+01 -2.268290767638731631e+04 1.776231675847259175e+05
1.509999999999999964e+01 -1.076884364509869192e+04 1.319309710333663679e+05
1.519999999999999929e+01 6.213335049604647793e+03 7.896506709573505213e+04
1.530000000000000071e+01 3.672554562251479365e+04 2.283544385939411586e+04
1.540000000000000036e+01 8.298527875171854976e+04 -3.767555282325996086e+04
1.550000000000000000e+01 1.365270631229513674e+05 -1.033683159666809952e+05
1.559999999999999964e+01 1.811804586991573451e+05 -1.675004214860107168e+05
1.569999999999999929e+01 2.017806577796383644e+05 -2.152933239324656897e+05
1.580000000000000071e+01 1.920337532870077994e+05 -2.324257294065885653e+05
1.590000000000000036e+01 1.561513211477607256e+05 -2.159259619639164302e+05
1.600000000000000000e+01 1.047088177801174461e+05 -1.773625129112138238e+05
1.610000000000000142e+01 4.919750421363371424e+04 -1.343354389971354394e+05
1.619999999999999929e+01 -1.810793180658213714e+03 -9.702243318259847001e+04
1.630000000000000071e+01 -4.545131543262226478e+04 -6.163608710273395991e+04
1.639999999999999858e+01 -8.659061326317598287e+04 -1.651897438087609771e+04
1.650000000000000000e+01 -1.360706288041943044e+05 4.523793831645310274e+04
1.660000000000000142e+01 -2.025093507188201766e+05 1.186102562842702318e+05
1.669999999999999929e+01 -2.818529413768515224e+05 1.909076722321399138e+05
1.680000000000000071e+01 -3.550855843099168851e+05 2.520684704932944733e+05
1.689999999999999858e+01 -4.001792137444923283e+05 3.003780200862842612e+05
1.700000000000000000e+01 -4.102354608228079742e+05 3.389884921498055337e+05
1.710000000000000142e+01 -4.001685381139000528e+05 3.687192662983222981e+05
1.719999999999999929e+01 -3.926618861712214421e+05 3.855889863506318652e+05
1.730000000000000071e+01 -3.954925466602565139e+05 3.843570467156903469e+05
1.739999999999999858e+01 -3.940186697805569856e+05 3.613174195747767808e+05
1.750000000000000000e+01 -3.683827326304278104e+05 3.117945496579199098e+05
1.760000000000000142e+01 -3.170904106727803010e+05 2.283735896758560266e+05
1.769999999999999929e+01 -2.589687889047979261e+05 1.095590736847340886e+05
1.780000000000000071e+01 -2.090222173268187325e+05 -2.443921145731490105e+04
1.789999999999999858e+01 -1.559695342568786873e+05 -1.286579911629786802e+05
1.800000000000000000e+01 -7.102707571567712876e+04 -1.582882065963070781e+05
1.810000000000000142e+01 5.735815712950460147e+04 -1.073593719240243227e+05
1.819999999999999929e+01 2.006765317165598390e+05 -2.352742541790240648e+04
1.830000000000000071e+01 3.077365547872494208e+05 2.351009133022571041e+04
1.839999999999999858e+01 3.474788874631726067e+05 -2.753322442761651473e+03
1.850000000000000000e+01 3.344981411668680375e+05 -7.691901219076912093e+04
1.860000000000000142e+01 3.130447948674680083e+05 -1.362073906070859521e+05
1.869999999999999929e+01 3.179613154603030998e+05 -1.336422931571230583e+05
1.880000000000000071e+01 3.505690663553404156e+05 -7.076696045061599580e+04
1.889999999999999858e+01 3.869408512293916428e+05 1.365754195832009282e+04
1.900000000000000000e+01 4.031341279615974054e+05 7.896239438787376275e+04
1.910000000000000142e+01 3.918038857035438996e+05 1.066378288749232161e+05
1.919999999999999929e+01 3.607434803341672523e+05 9.914392968710535206e+04
1.930000000000000071e+01 3.225101123741557822e+05 6.615492731611439376e+04
1.939999999999999858e+01 2.868875739443103084e+05 1.543618305287053226e+04
1.950000000000000000e+01 2.587482654304319585e+05 -4.789452992756114691e+04
1.960000000000000142e+01 2.375995738101749739e+05 -1.199126958417330607e+05
1.969999999999999929e+01 2.172549006659897277e+05 -1.977531673947805830e+05
1.980000000000000071e+01 1.880890721820737817e+05 -2.783683433207318303e+05
1.989999999999999858e+01 1.430882402216658520e+05 -3.547240316739860573e+05
2.000000000000000000e+01 8.365457377090764930e+04 -4.135635871815632563e+05
2.010000000000000142e+01 1.906812714955143747e+04 -4.398924989133646595e+05
2.019999999999999929e+01 -4.133525167588420300e+04 -4.267638229902705643e+05
2.030000000000000071e+01 -9.632498666836948541e+04 -3.817019064140702831e+05
2.039999999999999858e+01 -1.527119249634577427e+05 -3.222356667278693058e+05
2.050000000000000000e+01 -2.163719224773115129e+05 -2.632822993568376987e+05
2.060000000000000142e+01 -2.833647704587858170e+05 -2.084164452550863789e+05
2.069999999999999929e+01 -3.406629598232889548e+05 -1.540716394622215012e+05
2.080000000000000071e+01 -3.760565087815205916e+05 -1.015712561920973676e+05
2.089999999999999858e+01 -3.872811619283757173e+05 -6.190300418113642081e+04
2.100000000000000000e+01 -3.817748865778704057e+05 -4.544552468798894552e+04
2.110000000000000142e+01 -3.684646709681817447e+05 -4.705506986598799267e+04
2.119999999999999929e+01 -3.501345732555967406e+05 -4.495227460421862634e+04
2.130000000000000071e+01 -3.225838475226600422e+05 -1.850405379754844762e+04
2.139999999999999858e+01 -2.794867218227424892e+05 3.113699596214755729e+04
2.150000000000000000e+01 -2.177552328435503878e+05 7.870508139240244054e+04
2.160000000000000142e+01 -1.398093518164754205e+05 9.446733416739554377e+04
2.169999999999999929e+01 -5.292721630058373557e+04 6.755572918068183935e+04
2.180000000000000071e+01 3.223388145547395106e+04 1.121088728634106701e+04
2.189999999999999858e+01 1.031032050185801636e+05 -5.334249204310399364e+04
2.200000000000000000e+01 1.484848528575905948e+05 -1.160934706912054971e+05
2.210000000000000142e+01 1.655110704528041824e+05 -1.797068265018548118e+05
2.219999999999999929e+01 1.667560104818647378e+05 -2.423522542004878633e+05
2.230000000000000071e+01 1.780452151449444063e+05 -2.832537290257796412e+05
2.239999999999999858e+01 2.212794584656303923e+05 -2.720722033556659007e+05
2.250000000000000000e+01 2.922890668897925061e+05 -1.976920951035392936e+05
2.260000000000000142e+01 3.558611814031755785e+05 -8.723744314999171183e+04
2.269999999999999929e+01 3.696906229628727888e+05 8.591595141584315570e+03
2.280000000000000071e+01 3.202640169639801607e+05 5.447584786382809398e+04
2.289999999999999858e+01 2.368278343446124636e+05 5.797428980375037645e+04
2.300000000000000000e+01 1.676881721501828288e+05 6.008219767537462758e+04
2.310000000000000142e+01 1.405827149875251052e+05 9.970973877824662486e+04
2.319999999999999929e+01 1.450152465712081757e+05 1.860093525421431114e+05
2.330000000000000071e+01 1.505567483867421979e+05 2.997052529504167615e+05
2.339999999999999858e+01 1.379776774734291248e+05 4.141553350607689354e+05
2.350000000000000000e+01 1.107783910954932799e+05 5.127516423951615579e+05
2.360000000000000142e+01 8.067594408100502915e+04 5.913489034486550372e+05
2.369999999999999929e+01 4.934656055221076531e+04 6.526177672439374728e+05
2.380000000000000071e+01 8.258335805478855036e+03 7.027881215157039696e+05
2.389999999999999858e+01 -4.638121599484008038e+04 7.519763786105558975e+05
2.400000000000000000e+01 -1.041363386241715052e+05 8.126169819259698270e+05
2.410000000000000142e+01 -1.482960649802312255e+05 8.934928744546968956e+05
2.419999999999999929e+01 -1.717732671132385731e+05 9.928646105934650404e+05
2.430000000000000071e+01 -1.830676387930630590e+05 1.095688652929606149e+06
2.439999999999999858e+01 -1.968067942236700910e+05 1.177083094694865635e+06
2.450000000000000000e+01 -2.201644725460095797e+05 1.210718171793800779e+06
2.460000000000000142e+01 -2.488910943653353315e+05 1.178004317582232645e+06
2.469999999999999929e+01 -2.744872251642903429e+05 1.072755276703225216e+06
2.480000000000000071e+01 -2.927076747170387534e+05 8.989214576696176082e+05
2.489999999999999858e+01 -3.048312130603977130e+05 6.653958137376318919e+05
2.500000000000000000e+01 -3.129152421487903339e+05 3.845391707578315400e+05
2.510000000000000142e+01 -3.162192733317128150e+05 7.493071906367246993e+04
2.519999999999999929e+01 -3.126296432366946246e+05 -2.393483053554849175e+05
2.530000000000000071e+01 -3.021788491173280636e+05 -5.381229103932867292e+05
2.539999999999999858e+01 -2.878510875121861463e+05 -8.155158016093394253e+05
2.550000000000000000e+01 -2.727714716152748442e+05 -1.077336631357469363e+06
2.560000000000000142e+01 -2.570129482070711092e+05 -1.324316135722388281e+06
2.569999999999999929e+01 -2.371200625822646834e+05 -1.539154581858113408e+06
2.580000000000000071e+01 -2.081193475813903788e+05 -1.695090589561480097e+06
2.589999999999999858e+01 -1.655204894709424989e+05 -1.779716740559971891e+06
2.600000000000000000e+01 -1.060362811846637342e+05 -1.807561486241688021e+06
2.610000000000000142e+01 -2.858831123982471763e+04 -1.805375986604845617e+06
2.619999999999999929e+01 6.262281802175342455e+04 -1.785222887235587463e+06
2.630000000000000071e+01 1.551696165644002613e+05 -1.734939252704954240e+06
2.639999999999999858e+01 2.314579101560821873e+05 -1.634898703860202339e+06
2.650000000000000000e+01 2.802445010226606973e+05 -1.479395179525866173e+06
2.660000000000000142e+01 3.087959454027938773e+05 -1.277895498363859253e+06
2.669999999999999929e+01 3.417528262492478825e+05 -1.038590626516231801e+06
2.680000000000000071e+01 4.016554186558515648e+05 -7.588865426058805315e+05
2.689999999999999858e+01 4.851127602375757997e+05 -4.371643466873701545e+05
2.700000000000000000e+01 5.579102177816304611e+05 -9.139584231724757410e+04
2.710000000000000142e+01 5.782894620026535122e+05 2.404111655023721396e+05
2.719999999999999929e+01 5.308910688565811142e+05 5.225305075842838269e+05
2.730000000000000071e+01 4.411583553311803262e+05 7.445888472631815821e+05
2.739999999999999858e+01 3.559438460067201522e+05 9.215252914095474407e+05
2.750000000000000000e+01 3.065233868269518134e+05 1.070648374479082413e+06
2.760000000000000142e+01 2.860729564283111831e+05 1.188969002144797705e+06
2.769999999999999929e+01 2.600755985466279672e+05 1.252405593970594229e+06
2.780000000000000071e+01 1.984655841377188626e+05 1.236094362707331311e+06
2.789999999999999858e+01 1.004504746370876674e+05 1.135830406134206802e+06
2.800000000000000000e+01 -7.762045778993313434e+03 9.726861379783373559e+05
2.810000000000000142e+01 -9.636248024709371384e+04 7.811917265883323271e+05
2.819999999999999929e+01 -1.534424124255859060e+05 5.953495420322614955e+05
2.830000000000000071e+01 -1.876712922173839179e+05 4.426846956662855227e+05
2.839999999999999858e+01 -2.151410403859887738e+05 3.427111284848707146e+05
2.850000000000000000e+01 -2.458126008243452234e+05 3.017760602331603295e+05
2.860000000000000142e+01 -2.799731327665135614e+05 3.067280188909246353e+05
2.869999999999999929e+01 -3.124726963861545664e+05 3.293027344215076300e+05
2.880000000000000071e+01 -3.373351090987198986e+05 3.449649003568390617e+05
2.889999999999999858e+01 -3.499563249296427239e+05 3.511857463623216026e+05
2.900000000000000000e+01 -3.487990397054892965e+05 3.653302299122731201e+05
2.910000000000000142e+01 -3.368880153562317137e+05 4.017919888718125294e+05
2.919999999999999929e+01 -3.202378671470736153e+05 4.513875033540080185e+05
2.930000000000000071e+01 -3.024171630522264168e+05 4.851349157710683648e+05
2.939999999999999858e+01 -2.799076804756141501e+05 4.786458997337826295e+05
2.950000000000000000e+01 -2.440326728512256232e+05 4.314508055003302288e+05
2.960000000000000142e+01 -1.893393073377892142e+05 3.622030513290630188e+05
2.969999999999999929e+01 -1.212969883541995805e+05 2.871905716723169899e+05
2.980000000000000071e+01 -5.538824745012152562e+04 2.058242167113488249e+05
2.989999999999999858e+01 -6.517581277214252623e+03 1.066191388076861622e+05
3.000000000000000000e+01 2.324163738243560510e+04 -1.531273540108403540e+04
3.010000000000000142e+01 4.727581328123794810e+04 -1.482609838771280483e+05
3.019999999999999929e+01 8.333069719822154730e+04 -2.701788891911390820e+05
3.030000000000000071e+01 1.376169566770102247e+05 -3.633912618923129048e+05
3.039999999999999858e+01 1.992052202620388707e+05 -4.239290599941499531e+05
3.050000000000000000e+01 2.504300250874623307e+05 -4.592270015986796934e+05
3.060000000000000142e+01 2.821560360823376686e+05 -4.790203146231311257e+05
3.069999999999999929e+01 2.974946022897207877e+05 -4.883873614004976698e+05
3.080000000000000071e+01 3.015201922367151128e+05 -4.872622143987122690e+05
3.089999999999999858e+01 2.917258903260349762e+05 -4.736102577919065370e+05
3.100000000000000000e+01 2.626204595605247887e+05 -4.451775793392622727e+05
3.110000000000000142e+01 2.186338221177701198e+05 -3.988808814796679653e+05
3.119999999999999929e+01 1.765279846591038513e+05 -3.319390339098299155e+05
3.130000000000000071e+01 1.496521543515326630e+05 -2.477320769039156730e+05
3.139999999999999858e+01 1.296936467065104516e+05 -1.620101852878955251e+05
3.150000000000000000e+01 8.881375217354609049e+04 -1.001548500134683563e+05
3.160000000000000142e+01 5.545456411999406555e+03 -8.211173536651759059e+04
3.169999999999999929e+01 -1.085106972629347729e+05 -1.051661971104141558e+05
3.180000000000000071e+01 -2.088413747544303187e+05 -1.416065388947574829e+05
3.189999999999999858e+01 -2.492362659149222309e+05 -1.579623347848489066e+05
3.200000000000000000e+01 -2.186994557027541450e+05 -1.420470197504619136e+05
3.210000000000000142e+01 -1.515179205339617329e+05 -1.137844140799470915e+05
3.220000000000000284e+01 -1.009282740021545469e+05 -1.084061209469445457e+05
3.229999999999999716e+01 -9.914552493216685252e+04 -1.457464506587760989e+05
3.239999999999999858e+01 -1.378071755844034487e+05 -2.125462524160629546e+05
3.250000000000000000e+01 -1.825076770845535211e+05 -2.724565542635513702e+05
3.260000000000000142e+01 -2.036716160955273081e+05 -2.930481567750062095e+05
3.270000000000000284e+01 -1.947590740179333661e+05 -2.657567994022165076e+05
3.279999999999999716e+01 -1.666282100610578782e+05 -2.048413680083412328e+05
3.289999999999999858e+01 -1.316297063148617744e+05 -1.320847863845074899e+05
3.300000000000000000e+01 -9.594163733891889569e+04 -6.359760604264327412e+04
3.310000000000000142e+01 -6.288630678285400791e+04 -7.082972530583516345e+03
3.320000000000000284e+01 -3.620375580161763355e+04 3.500787575203028973e+04
3.329999999999999716e+01 -1.655099488517257123e+04 6.401403533166192938e+04
3.339999999999999858e+01 2.359044877120759338e+03 8.566575500669002940e+04
3.350000000000000000e+01 2.904531476097788254e+04 1.075169314167779376e+05
3.360000000000000142e+01 6.363380009840683488e+04 1.319675539295209164e+05
3.370000000000000284e+01 9.386371577470091870e+04 1.516992997780491423e+05
3.379999999999999716e+01 1.047172084381704190e+05 1.548983652883961622e+05
3.389999999999999858e+01 9.329163658776864759e+04 1.377895770490371797e+05
3.400000000000000000e+01 7.319128954289469402e+04 1.122171142282248475e+05
3.410000000000000142e+01 6.259242654708441114e+04 9.866177878564677667e+04
3.420000000000000284e+01 6.740359105820290279e+04 1.093887780575953657e+05
3.429999999999999716e+01 7.710021404555421032e+04 1.374845062120420043e+05
3.439999999999999858e+01 7.824716245164195425e+04 1.625560534350732050e+05
3.450000000000000000e+01 7.161996986964327516e+04 1.673707376006357372e+05
3.460000000000000142e+01 7.375648806852771668e+04 1.494905217318583746e+05
3.470000000000000284e+01 9.965832034584286157e+04 1.187148129839379108e+05
3.479999999999999716e+01 1.441954121299442777e+05 8.636041838261346857e+04
3.489999999999999858e+01 1.825062252883877372e+05 5.875256493516329647e+04
3.500000000000000000e+01 1.902801817741359700e+05 3.928733426003789646e+04
3.510000000000000142e+01 1.641011154169344809e+05 3.255943175595058710e+04
3.520000000000000284e+01 1.226078302937674162e+05 4.356101220660844410e+04
3.529999999999999716e+01 8.956638481994911854e+04 7.368075232003520068e+04
3.539999999999999858e+01 7.686489451030759665e+04 1.205011179137262516e+05
3.550000000000000000e+01 8.156568213431203912e+04 1.828514582370512944e+05
3.560000000000000142e+01 9.391647075162589317e+04 2.636057002039537765e+05
3.570000000000000284e+01 1.038168969651688094e+05 3.631420522249700734e+05
3.579999999999999716e+01 1.007835261131188017e+05 4.681455359052636195e+05
3.589999999999999858e+01 7.466158480967572541e+04 5.503850574798641028e+05
3.600000000000000000e+01 2.403090851518804266e+04 5.838042888231960824e+05
3.610000000000000142e+01 -3.398898742976464564e+04 5.679958263235925697e+05
3.620000000000000284e+01 -6.760360060081069241e+04 5.329334156388570555e+05
3.629999999999999716e+01 -5.277122272319089097e+04 5.128645934740762459e+05
3.639999999999999858e+01 2.328162589617917547e+03 5.091421320496177650e+05
3.650000000000000000e+01 5.575234713555543567e+04 4.795746332216862938e+05
3.660000000000000142e+01 6.008482684994387091e+04 3.709316267706799554e+05
3.670000000000000284e+01 -1.601669485439138953e+03 1.677646880078917020e+05
3.679999999999999716e+01 -1.037852105730485055e+05 -8.937049042781833850e+04
3.689999999999999858e+01 -2.005789252472448279e+05 -3.347052227233706508e+05
3.700000000000000000e+01 -2.606758885124956141e+05 -5.265972119032599730e+05
3.710000000000000142e+01 -2.846956581248998409e+05 -6.683369728830095846e+05
3.720000000000000284e+01 -2.942679084152579308e+05 -7.858834533363229129e+05
3.729999999999999716e+01 -3.083559177201904240e+05 -8.918455510704566259e+05
3.739999999999999858e+01 -3.294141981744669029e+05 -9.729615004591450561e+05
3.750000000000000000e+01 -3.476026489054246922e+05 -1.007327533333099796e+06
3.760000000000000142e+01 -3.535260253721557092e+05 -9.867647918516718782e+05
3.770000000000000284e+01 -3.454626840276556322e+05 -9.208404002406008076e+05
3.779999999999999716e+01 -3.263266177766172332e+05 -8.237673809488925617e+05
3.789999999999999858e+01 -2.969976519340540399e+05 -7.025710918614009861e+05
3.800000000000000000e+01 -2.549729522972924460e+05 -5.587674062495696126e+05
3.810000000000000142e+01 -1.994653265588417707e+05 -3.982426784594303463e+05
3.820000000000000284e+01 -1.354687628210589173e+05 -2.356372361294123402e+05
3.829999999999999716e+01 -7.045583716081832245e+04 -8.720771203227117076e+04
3.839999999999999858e+01 -7.426736443301080726e+03 4.015218948072116473e+04
3.850000000000000000e+01 5.592103724249673542e+04 1.512238058029891108e+05
3.860000000000000142e+01 1.195043688668193063e+05 2.527103108272179670e+05
3.870000000000000284e+01 1.746462583063723869e+05 3.414638300618830253e+05
3.879999999999999716e+01 2.095399622069320176e+05 4.035730931134184357e+05
3.889999999999999858e+01 2.220841114076944650e+05 4.256006511051882990e+05
3.900000000000000000e+01 2.246783334594569751e+05 4.060789393287538551e+05
3.910000000000000142e+01 2.334891074056131765e+05 3.558383253175138962e+05
3.920000000000000284e+01 2.530104859229295398e+05 2.888526349145263666e+05
3.929999999999999716e+01 2.727279030160974362e+05 2.149492179402685433e+05
3.939999999999999858e+01 2.789601689518399071e+05 1.410497797897541604e+05
3.950000000000000000e+01 2.684986054223753745e+05 7.600733617359753407e+04
3.960000000000000142e+01 2.504570051065168227e+05 3.056582836295750167e+04
3.970000000000000284e+01 2.369492053480219329e+05 1.183732639112151810e+04
3.979999999999999716e+01 2.340250475098164461e+05 1.978309316880482947e+04
3.989999999999999858e+01 2.406974607011312619e+05 5.090958882167408592e+04
4.000000000000000000e+01 2.527925256282619084e+05 1.045441030237827508e+05
4.010000000000000142e+01 2.639353966452348977e+05 1.821803921352605103e+05
4.020000000000000284e+01 2.629177972897226573e+05 2.781286519510482321e+05
4.029999999999999716e+01 2.354750800340747810e+05 3.728962043792980839e+05
4.039999999999999858e+01 1.762837334515498369e+05 4.427089177600435214e+05
4.050000000000000000e+01 1.029803180585656373e+05 4.818616474231947213e+05
4.060000000000000142e+01 5.384992422367351537e+04 5.144802376032296452e+05
4.070000000000000284e+01 6.124618177530274261e+04 5.752736264227884822e+05
4.079999999999999716e+01 1.190552624760256294e+05 6.702222542677081656e+05
4.089999999999999858e+01 1.767978524520605570e+05 7.566706471475414000e+05
4.100000000000000000e+01 1.735599006116271776e+05 7.705678252472105669e+05
4.110000000000000142e+01 8.613814027780765900e+04 6.810449543458649423e+05
4.120000000000000284e+01 -5.186797905581613304e+04 5.193805372650120407e+05
4.129999999999999716e+01 -1.778095888523957110e+05 3.514254639980595093e+05
4.139999999999999858e+01 -2.482717578057457577e+05 2.196944727046827320e+05
4.150000000000000000e+01 -2.644084610655910801e+05 1.118501914300326171e+05
4.160000000000000142e+01 -2.567625695095739211e+05 -1.670259522631925211e+04
4.170000000000000284e+01 -2.513380493762838305e+05 -1.936466289949020720e+05
4.179999999999999716e+01 -2.511388428758553928e+05 -4.036937752187225851e+05
4.189999999999999858e+01 -2.451113427898518858e+05 -6.056030753436908126e+05
4.200000000000000000e+01 -2.274696174055614101e+05 -7.678597703083646484e+05
4.210000000000000142e+01 -2.045173895785863278e+05 -8.860389625728051178e+05
4.220000000000000284e+01 -1.846570661340650986e+05 -9.705676798948640935e+05
4.229999999999999716e+01 -1.667965258433413110e+05 -1.024726872634128435e+06
4.239999999999999858e+01 -1.420910261754831590e+05 -1.037542769327881280e+06
4.250000000000000000e+01 -1.066085503528204572e+05 -9.955122111888334621e+05
4.260000000000000142e+01 -6.898861949773608649e+04 -8.969993027216303162e+05
4.270000000000000284e+01 -4.300965433377891895e+04 -7.540448706173729151e+05
4.279999999999999716e+01 -3.325837203087296075e+04 -5.830131795996173751e+05
4.289999999999999858e+01 -3.104819170678737282e+04 -3.968383832994644763e+05
4.300000000000000000e+01 -2.591996232113378937e+04 -2.061261191458998073e+05
4.310000000000000142e+01 -1.888247626792646770e+04 -2.367517089991805551e+04
4.320000000000000284e+01 -2.054092021550619393e+04 1.362572968197264127e+05
4.329999999999999716e+01 -3.545107551869199960e+04 2.639023430813189480e+05
4.339999999999999858e+01 -5.205674228119582403e+04 3.573497306869229069e+05
4.350000000000000000e+01 -5.252979168857965851e+04 4.189672274994483450e+05
4.360000000000000142e+01 -3.309746539506985573e+04 4.496612084374884143e+05
4.370000000000000284e+01 -1.108874315618487890e+04 4.482792297848001472e+05
4.379999999999999716e+01 -8.445745126904163044e+03 4.165358778435019194e+05
4.389999999999999858e+01 -2.843538694134532125e+04 3.627792014855302405e+05
4.400000000000000000e+01 -5.131045344838371966e+04 2.992363034550627926e+05
4.410000000000000142e+01 -5.424181659786992532e+04 2.349289333959333599e+05
4.420000000000000284e+01 -3.381254460201237816e+04 1.714164306475465419e+05
4.429999999999999716e+01 -6.825332758561853552e+03 1.058003967661983916e+05
4.439999999999999858e+01 9.788552266036378569e+03 3.793475408750947827e+04
4.450000000000000000e+01 1.563936969086060708e+04 -2.591600276095535810e+04
4.460000000000000142e+01 2.136753599372615281e+04 -7.725720980797949596e+04
4.470000000000000284e+01 3.013820901193602549e+04 -1.124966325753562851e+05
4.479999999999999716e+01 3.170451961304552970e+04 -1.332405445647416927e+05
4.489999999999999858e+01 1.855460040557062530e+04 -1.371081687129570055e+05
4.500000000000000000e+01 3.899020377674618430e+03 -1.098259638905202592e+05
4.510000000000000142e+01 1.511716630547969544e+04 -3.246339133214253525e+04
4.520000000000000284e+01 6.414300443004615227e+04 9.748839181992529484e+04
4.529999999999999716e+01 1.265385656692927005e+05 2.514246536321506137e+05
4.539999999999999858e+01 1.563551122346931079e+05 3.807529928860454820e+05
4.550000000000000000e+01 1.265805603589019884e+05 4.490961144230561331e+05
4.560000000000000142e+01 5.596470191416156013e+04 4.576716659826420364e+05
4.570000000000000284e+01 -5.034206336586779798e+03 4.399490482692332007e+05
4.579999999999999716e+01 -1.621838439149346959e+04 4.302442196961697773e+05
4.589999999999999858e+01 2.140417655855139310e+04 4.348494565039137378e+05
4.600000000000000000e+01 7.148905316349686473e+04 4.301413953882984933e+05
4.610000000000000142e+01 9.530826813542062882e+04 3.860650812949425890e+05
4.620000000000000284e+01 8.035274183773051482e+04 2.919723539110969868e+05
4.629999999999999716e+01 4.265143286081409315e+04 1.635035363291781396e+05
4.639999999999999858e+01 7.255942277274720254e+03 2.876423666406070697e+04
4.650000000000000000e+01 -1.195944051063311053e+04 -9.063998718875012128e+04
4.660000000000000142e+01 -1.729899647412054037e+04 -1.878013276991037128e+05
4.670000000000000284e+01 -1.850409891676491679e+04 -2.657302527340216329e+05
4.679999999999999716e+01 -2.260109788728962303e+04 -3.294684201004449860e+05
4.689999999999999858e+01 -3.085428758542746073e+04 -3.835422053287189920e+05
4.700000000000000000e+01 -4.091394029865000630e+04 -4.326245360798662878e+05
4.710000000000000142e+01 -4.829155122948931239e+04 -4.784660052733343327e+05
4.720000000000000284e+01 -4.647730726489868539e+04 -5.137825239849961363e+05
4.729999999999999716e+01 -2.977421737524320633e+04 -5.226974199468746083e+05
4.739999999999999858e+01 7.624228850975323439e+02 -4.928128393068748992e+05
4.750000000000000000e+01 3.499768527969589195e+04 -4.289722555367256282e+05
4.760000000000000142e+01 6.067164622318481270e+04 -3.527524860622251872e+05
4.770000000000000284e+01 7.462719444369508710e+04 -2.855106301093003713e+05
4.779999999999999716e+01 8.578176495347735181e+04 -2.318576837219374138e+05
4.789999999999999858e+01 1.043946376757040998e+05 -1.811968916110720602e+05
4.800000000000000000e+01 1.279087502911270858e+05 -1.250358474004693853e+05
4.810000000000000142e+01 1.397396296911052195e+05 -7.021918425359818502e+04
4.820000000000000284e+01 1.248215681584283884e+05 -3.349911522292057634e+04
4.829999999999999716e+01 8.694894446801122103e+04 -2.405512218929095980e+04
4.839999999999999858e+01 4.902392958975894726e+04 -3.291544826168891450e+04
4.850000000000000000e+01 3.403265385781737859e+04 -3.919152310816507816e+04
4.860000000000000142e+01 4.478983681237277051e+04 -2.514045830601920534e+04
4.870000000000000284e+01 6.229541538778808899e+04 1.448860208200113993e+04
4.879999999999999716e+01 6.355948273573131883e+04 7.417797602368338266e+04
4.889999999999999858e+01 4.037626174640680256e+04 1.440799654965827358e+05
4.900000000000000000e+01 1.545356701475433510e+03 2.135038213186700013e+05
4.910000000000000142e+01 -3.969927056568652915e+04 2.713687780863329535e+05
4.920000000000000284e+01 -7.628764312371923006e+04 3.086712962095607072e+05
4.929999999999999716e+01 -1.050619736911854852e+05 3.242103736407603719e+05
4.939999999999999858e+01 -1.189960047844618675e+05 3.275522406674767262e+05
4.950000000000000000e+01 -1.086338724303753843e+05 3.327245764583672280e+05
4.960000000000000142e+01 -7.475331420333536516e+04 3.449785137118005659e+05
4.970000000000000284e+01 -3.710759929265489336e+04 3.523300064991216059e+05
4.979999999999999716e+01 -2.447851934739391436e+04 3.322208994431377505e+05
4.989999999999999858e+01 -5.079609669288764417e+04 2.704242585195325082e+05
5.000000000000000000e+01 -9.955457693339422985e+04 1.762593511172485887e+05
5.010000000000000142e+01 -1.339624147381710063e+05 7.920117331785612623e+04
5.020000000000000284e+01 -1.264511252738027688e+05 8.151414717249746900e+03
5.029999999999999716e+01 -8.182174340123689035e+04 -2.878041178186283651e+04
5.039999999999999858e+01 -3.307095971250001458e+04 -4.594959467215499171e+04
5.050000000000000000e+01 -1.380936536034781602e+04 -6.265820872707884701e+04
5.060000000000000142e+01 -3.233057174446118734e+04 -8.388146051850258664e+04
5.070000000000000284e+01 -6.943978338416034239e+04 -9.729521988300257362e+04
5.079999999999999716e+01 -9.858333880150211917e+04 -8.753858359927457059e+04
5.089999999999999858e+01 -1.067749182292711193e+05 -5.189402465065801516e+04
5.100000000000000000e+01 -9.805608935353386914e+04 -2.210811526329795015e+03
5.110000000000000142e+01 -8.200202364814256725e+04 4.630283298933634069e+04
5.120000000000000284e+01 -6.384822026118884969e+04 8.597373695011703239e+04
5.129999999999999716e+01 -4.578671318402345059e+04 1.170301785665993812e+05
5.139999999999999858e+01 -3.244733876992079604e+04 1.406023370409967029e+05
5.150000000000000000e+01 -2.916829930176257039e+04 1.546675229622002807e+05
5.160000000000000142e+01 -3.358637064276338788e+04 1.571461355279636045e+05
5.170000000000000284e+01 -3.231183398661023966e+04 1.503007072330521478e+05
5.179999999999999716e+01 -9.945138652210749569e+03 1.393799172452275525e+05
5.189999999999999858e+01 3.686490228545057471e+04 1.266047931902890123e+05
5.200000000000000000e+01 9.447936630530547700e+04 1.080135273349072522e+05
5.210000000000000142e+01 1.420276089491484163e+05 7.731659842762572225e+04
5.220000000000000284e+01 1.671843465877938434e+05 3.241850188284151955e+04
5.229999999999999716e+01 1.738801628453910525e+05 -2.273363473373626766e+04
5.239999999999999858e+01 1.757438749769523856e+05 -8.254627768290341191e+04
5.250000000000000000e+01 1.822460244606879132e+05 -1.448041702674208791e+05
5.260000000000000142e+01 1.908469752030672389e+05 -2.104489483287354815e+05
5.270000000000000284e+01 1.920045461801344063e+05 -2.785857106883184751e+05
5.279999999999999716e+01 1.806207267590302217e+05 -3.426220486944032600e+05
5.289999999999999858e+01 1.610529534207569668e+05 -3.923384690173963318e+05
5.300000000000000000e+01 1.407289386702187476e+05 -4.207475909665606450e+05
5.310000000000000142e+01 1.209853793988194957e+05 -4.297589044329985045e+05
5.320000000000000284e+01 9.656710904689251038e+04 -4.291134265782700968e+05
5.329999999999999716e+01 6.357954551100765093e+04 -4.285009685678490205e+05
5.339999999999999858e+01 2.469603920831337746e+04 -4.290479029473221162e+05
5.350000000000000000e+01 -1.512235069992853823e+04 -4.219200320738552837e+05
5.360000000000000142e+01 -5.523864415404107422e+04 -3.959151278000983875e+05
5.370000000000000284e+01 -9.733745845197903691e+04 -3.470592953948223731e+05
5.379999999999999716e+01 -1.365079397819840233e+05 -2.808216086123926798e+05
5.389999999999999858e+01 -1.593679835412019456e+05 -2.057295344296200783e+05
5.400000000000000000e+01 -1.567983104295993689e+05 -1.272585571128342272e+05
5.410000000000000142e+01 -1.393245051107882755e+05 -4.979695258202211699e+04
5.420000000000000284e+01 -1.348384827894879272e+05 1.787991527659703570e+04
5.429999999999999716e+01 -1.646084966541224858e+05 6.550309396433825168e+04
5.439999999999999858e+01 -2.188572002231245569e+05 9.417340489010063175e+04
5.450000000000000000e+01 -2.588685006042238092e+05 1.238113537497459620e+05
5.460000000000000142e+01 -2.488399772076689114e+05 1.800929511127716396e+05
5.470000000000000284e+01 -1.897388968224657874e+05 2.683764129843714181e+05
5.479999999999999716e+01 -1.219933281347818265e+05 3.615941944280577591e+05
5.489999999999999858e+01 -9.230668159082168131e+04 4.187987012993893004e+05
5.500000000000000000e+01 -1.148286339884340850e+05 4.189759533872846514e+05
5.510000000000000142e+01 -1.623648462706027203e+05 3.773183404786956380e+05
5.520000000000000284e+01 -1.933091987700982718e+05 3.294068351562598255e+05
5.529999999999999716e+01 -1.860382190213936847e+05 3.017477568527066614e+05
5.539999999999999858e+01 -1.492601995274628862e+05 2.974484635024224408e+05
5.550000000000000000e+01 -1.044703632326544612e+05 3.048561500934665091e+05
5.560000000000000142e+01 -6.331812870575556008e+04 3.125429313456428936e+05
5.570000000000000284e+01 -2.199195217980743109e+04 3.136127471032635076e+05
5.579999999999999716e+01 2.707438341623519955e+04 3.009338805353633361e+05
5.589999999999999858e+01 8.253790758597341483e+04 2.662779769292999990e+05
5.600000000000000000e+01 1.336561336032735999e+05 2.079403758495430229e+05
5.610000000000000142e+01 1.703977157461561146e+05 1.372567617966237012e+05
5.620000000000000284e+01 1.929271387974672543e+05 7.367045134783821413e+04
5.629999999999999716e+01 2.115265430198052491e+05 3.092529787037085771e+04
5.639999999999999858e+01 2.373999080479178228e+05 7.405314214921689199e+03
5.650000000000000000e+01 2.726505764167764573e+05 -1.010281190828798572e+04
5.660000000000000142e+01 3.081434199892283650e+05 -3.305825071031499829e+04
5.670000000000000284e+01 3.308150165030175704e+05 -6.081020329405791563e+04
5.679999999999999716e+01 3.335615595530413557e+05 -8.233361222932105011e+04
5.689999999999999858e+01 3.191392599794776761e+05 -8.764471616446755070e+04
5.700000000000000000e+01 2.960090585876852274e+05 -7.792202322401294077e+04
5.710000000000000142e+01 2.714204044319159002e+05 -6.531534126023615681e+04
5.720000000000000284e+01 2.477801327572571463e+05 -6.355314541079666378e+04
5.729999999999999716e+01 2.234799823203732667e+05 -7.877377345292344398e+04
5.739999999999999858e+01 1.955556624672433827e+05 -1.085624071040070703e+05
5.750000000000000000e+01 1.618836890809956822e+05 -1.480723237092157360e+05
5.760000000000000142e+01 1.222031418046865874e+05 -1.951930088907357131e+05
5.770000000000000284e+01 7.751488516811096633e+04 -2.490094210996581533e+05
5.779999999999999716e+01 2.785388831347534142e+04 -3.041699257345083752e+05
5.789999999999999858e+01 -2.949846488399682858e+04 -3.488229172174400883e+05
5.800000000000000000e+01 -9.803924936489685206e+04 -3.699601556734335609e+05
5.810000000000000142e+01 -1.757871460369949345e+05 -3.615577725491541205e+05
5.820000000000000284e+01 -2.498161576140978141e+05 -3.273945055870112847e+05
5.829999999999999716e+01 -2.992608704619409982e+05 -2.763322660342520103e+05
5.839999999999999858e+01 -3.091652403889219277e+05 -2.165283460179888352e+05
5.850000000000000000e+01 -2.860245027763519902e+05 -1.552840837879539758e+05
5.860000000000000142e+01 -2.583378258274401887e+05 -1.015613491507128056e+05
5.870000000000000284e+01 -2.539704051168328151e+05 -6.167775745852955151e+04
5.879999999999999716e+01 -2.695624949965415872e+05 -2.751277386018800098e+04
5.889999999999999858e+01 -2.637265468869042234e+05 2.755158126796907891e+04
5.900000000000000000e+01 -1.906395536154962901e+05 1.301771509004952677e+05
5.910000000000000142e+01 -4.959022816711584164e+04 2.757010368161412771e+05
5.920000000000000284e+01 9.909409738757938612e+04 4.161357470965707907e+05
5.929999999999999716e+01 1.755218404009686783e+05 4.886321494554276578e+05
5.939999999999999858e+01 1.455153759274242329e+05 4.650405788408826338e+05
5.950000000000000000e+01 4.812845259473790065e+04 3.768342320465779048e+05
5.960000000000000142e+01 -4.070125743771367706e+04 2.902247136260698317e+05
5.970000000000000284e+01 -7.179051228594512213e+04 2.543602845612630190e+05
5.979999999999999716e+01 -5.399693416060006712e+04 2.697490463167120470e+05
5.989999999999999858e+01 -3.112310258470326153e+04 3.003437032737229019e+05
6.000000000000000000e+01 -3.566483310595758667e+04 3.098014790659149876e+05
6.010000000000000142e+01 -6.463398147158663778e+04 2.856469588986380259e+05
6.020000000000000284e+01 -9.207695611509896116e+04 2.358213281125022331e+05
6.029999999999999716e+01 -9.722638871358771576e+04 1.717122986398841604e+05
6.039999999999999858e+01 -8.031425521577210748e+04 9.911807951986796979e+04
6.050000000000000000e+01 -5.706041428751972853e+04 2.248334764082213587e+04
6.060000000000000142e+01 -4.292055804211844224e+04 -4.900538928285895963e+04
6.070000000000000284e+01 -4.249892248131660745e+04 -1.043835997875577596e+05
6.079999999999999716e+01 -5.018539250171688036e+04 -1.403720205962848268e+05
6.089999999999999858e+01 -5.712202805856861232e+04 -1.657721862403567939e+05
6.100000000000000000e+01 -5.662643933399592061e+04 -1.946394088972656755e+05
6.110000000000000142e+01 -4.554179154684930836e+04 -2.347090833719167858e+05
6.120000000000000284e+01 -2.470647681394633400e+04 -2.825642506007973570e+05
6.129999999999999716e+01 -5.542578933805707493e+02 -3.291277831347137108e+05
6.139999999999999858e+01 1.567060347155462659e+04 -3.679359230182016618e+05
6.150000000000000000e+01 1.480795509613898321e+04 -3.970997037450631033e+05
6.160000000000000142e+01 -1.394122201322432375e+03 -4.147388093598075793e+05
6.170000000000000284e+01 -1.957128245920511836e+04 -4.156386918016019044e+05
6.179999999999999716e+01 -2.580610326199050178e+04 -3.946747599213924259e+05
6.189999999999999858e+01 -1.879623547332193266e+04 -3.536694508703183383e+05
6.200000000000000000e+01 -1.134236013984443707e+04 -3.036908530081186909e+05
6.210000000000000142e+01 -1.775678305179731979e+04 -2.593183035446235735e+05
6.220000000000000284e+01 -3.932727528721919225e+04 -2.294460804386749223e+05
6.229999999999999716e+01 -6.158831345631402655e+04 -2.122319020829438814e+05
6.239999999999999858e+01 -6.504523461051836784e+04 -1.976501758488956257e+05
6.250000000000000000e+01 -3.894647909182843432e+04 -1.746984702124715550e+05
6.260000000000000142e+01 1.276290017743942008e+04 -1.376331323176956212e+05
6.270000000000000284e+01 7.516093439675046830e+04 -8.809411129063935368e+04
6.279999999999999716e+01 1.298660266392860212e+05 -3.394942702227577684e+04
6.289999999999999858e+01 1.609866079883386265e+05 1.340436139171948889e+04
6.300000000000000000e+01 1.597877436495437287e+05 4.376579646826683893e+04
6.310000000000000142e+01 1.304472082337612810e+05 5.570659647976048291e+04
6.320000000000000284e+01 9.396202103012047883e+04 6.298101152141726925e+04
6.329999999999999716e+01 8.164674278002028586e+04 9.092527545087150065e+04
6.339999999999999858e+01 1.149441501020202268e+05 1.589135778755118663e+05
6.350000000000000000e+01 1.841199177344178315e+05 2.597381566241790424e+05
6.360000000000000142e+01 2.477311126625181641e+05 3.563001546159498394e+05
6.370000000000000284e+01 2.611552294385422720e+05 4.049690871557592764e+05
6.379999999999999716e+01 2.137905486988709599e+05 3.894389164041517070e+05
6.389999999999999858e+01 1.406707018828240398e+05 3.349623856362601509e+05
6.400000000000000000e+01 9.458712114207787090e+04 2.883952479964727536e+05
6.409999999999999432e+01 1.022484032570253476e+05 2.811763929114293423e+05
6.420000000000000284e+01 1.441260378040872165e+05 3.079351739482521079e+05
6.429999999999999716e+01 1.749360396245712764e+05 3.370825361295246985e+05
6.440000000000000568e+01 1.635257690021286835e+05 3.395662059763877187e+05
6.450000000000000000e+01 1.155962613260911603e+05 3.086434305933708674e+05
6.459999999999999432e+01 6.267766479321299994e+04 2.571517840357716486e+05
6.470000000000000284e+01 3.268840087682996455e+04 2.014413868492594338e+05
6.479999999999999716e+01 3.000223669671740936e+04 1.498253700694568106e+05
6.490000000000000568e+01 3.866641380180050328e+04 1.036320291337840026e+05
6.500000000000000000e+01 3.991306260306874901e+04 6.462814794862034614e+04
6.509999999999999432e+01 2.609903261921113881e+04 3.815709258056875842e+04
6.520000000000000284e+01 1.706840560297147022e+03 2.838246662368174293e+04
6.529999999999999716e+01 -2.460281747538413038e+04 3.150436044479806151e+04
6.540000000000000568e+01 -4.755270743761535414e+04 3.541290607701214321e+04
6.550000000000000000e+01 -6.707184296181204263e+04 2.799060071322349904e+04
6.559999999999999432e+01 -8.523423564151788014e+04 7.192284763512885547e+03
6.570000000000000284e+01 -1.021781563476981391e+05 -1.697969588095513609e+04
6.579999999999999716e+01 -1.146725825285012834e+05 -3.153095939439280482e+04
6.590000000000000568e+01 -1.189833609440909349e+05 -3.248615528035353054e+04
6.600000000000000000e+01 -1.161475405484552175e+05 -2.809159034684790095e+04
6.609999999999999432e+01 -1.145550860168743675e+05 -3.007184305552690785e+04
6.620000000000000284e+01 -1.259312478657264437e+05 -4.236809752110406407e+04
6.629999999999999716e+01 -1.570666064231089549e+05 -5.932269981453147193e+04
6.640000000000000568e+01 -2.046084515783469251e+05 -7.432872331548166403e+04
6.650000000000000000e+01 -2.574572751065541233e+05 -8.797633112771461310e+04
6.659999999999999432e+01 -3.036179427875823458e+05 -1.060477274038025353e+05
6.670000000000000284e+01 -3.350570269477568800e+05 -1.307352162368693098e+05
6.679999999999999716e+01 -3.483796251037677866e+05 -1.568079883058122068e+05
6.690000000000000568e+01 -3.439350028154233587e+05 -1.775089050910006335e+05
6.700000000000000000e+01 -3.250776851841466269e+05 -1.920132061634724378e+05
6.709999999999999432e+01 -2.963876008874661056e+05 -2.047079034265396767e+05
6.720000000000000284e+01 -2.610109562078937015e+05 -2.183576157555201789e+05
6.729999999999999716e+01 -2.204026771739252436e+05 -2.317318659171482723e+05
6.740000000000000568e+01 -1.773299310781273525e+05 -2.449365542131769471e+05
6.750000000000000000e+01 -1.367828942747115507e+05 -2.625821532267141738e+05
6.759999999999999432e+01 -1.002139553842195310e+05 -2.859643210234468570e+05
6.770000000000000284e+01 -5.887836721422056871e+04 -3.019997878183440771e+05
6.779999999999999716e+01 1.797965433292294620e+03 -2.866706164829646004e+05
6.790000000000000568e+01 8.547940838926720608e+04 -2.269080794864316704e+05
6.800000000000000000e+01 1.722493646206853737e+05 -1.403684383646445349e+05
6.809999999999999432e+01 2.279564896545617958e+05 -6.812757379975479853e+04
6.820000000000000284e+01 2.319994228690195014e+05 -4.115015123686491279e+04
6.829999999999999716e+01 1.978333770699878805e+05 -5.132429526214318321e+04
6.840000000000000568e+01 1.643210435109172249e+05 -5.741792620130786963e+04
6.850000000000000000e+01 1.640642675806139305e+05 -2.279956726903801609e+04
6.859999999999999432e+01 1.976171900524850062e+05 5.069898608610738302e+04
6.870000000000000284e+01 2.362399215239858895e+05 1.253337629281843401e+05
6.879999999999999716e+01 2.482426769046079717e+05 1.629683505786503374e+05
6.890000000000000568e+01 2.237661950374549488e+05 1.582126201415309042e+05
6.900000000000000000e+01 1.781944938414656208e+05 1.382234163263758528e+05
6.909999999999999432e+01 1.361743693359362078e+05 1.328744383423351101e+05
6.920000000000000284e+01 1.134343436082494009e+05 1.472187317574143817e+05
6.929999999999999716e+01 1.103131750471742998e+05 1.620439903583307168e+05
6.940000000000000568e+01 1.172042507777091523e+05 1.572867472646744573e+05
6.950000000000000000e+01 1.233278158081494767e+05 1.314498658628810081e+05
6.959999999999999432e+01 1.221014481697902811e+05 9.895380857824311533e+04
6.970000000000000284e+01 1.124809630726386531e+05 7.317989981959498255e+04
6.979999999999999716e+01 9.820226730333594605e+04 5.608269879027986462e+04
6.990000000000000568e+01 8.552589518271066481e+04 4.364636782624509215e+04
7.000000000000000000e+01 7.940171335657581221e+04 3.674551341048456379e+04
7.009999999999999432e+01 7.973483290558931185e+04 4.235015435420936410e+04
7.020000000000000284e+01 8.083224067832503351e+04 6.369325705057183222e+04
7.029999999999999716e+01 7.537046128107703407e+04 9.219727846785755537e+04
7.040000000000000568e+01 6.036903039141122281e+04 1.121245095493375557e+05
7.050000000000000000e+01 4.022931917425677238e+04 1.140193520647080150e+05
7.059999999999999432e+01 2.351172537177422055e+04 1.025034410897275811e+05
7.070000000000000284e+01 1.531666990246357818e+04 8.980710527009691577e+04
7.079999999999999716e+01 1.196953924773360632e+04 8.215410996963905927e+04
7.090000000000000568e+01 3.920204431088792262e+03 7.415555557643923385e+04
7.100000000000000000e+01 -1.484096693164068711e+04 5.727942533596415888e+04
7.109999999999999432e+01 -4.020086588635462249e+04 3.212792465216452547e+04
7.120000000000000284e+01 -6.179777214704357903e+04 9.598592767537440523e+03
7.129999999999999716e+01 -7.368772549689935113e+04 -9.319599555258755572e+02
7.140000000000000568e+01 -7.970674452346554608e+04 -2.655222166295672650e+03
7.150000000000000000e+01 -8.715087093188869767e+04 -8.720131411149923224e+03
7.159999999999999432e+01 -9.668041751645637851e+04 -2.947772081658625393e+04
7.170000000000000284e+01 -1.013919500308779534e+05 -6.452397691078607750e+04
7.179999999999999716e+01 -9.632953184617747320e+04 -1.068085575508408656e+05
7.190000000000000568e+01 -8.567296927145906375e+04 -1.501445278489158372e+05
7.200000000000000000e+01 -7.728111215862215613e+04 -1.887961577988304198e+05
7.209999999999999432e+01 -7.119607664535180083e+04 -2.116438653840162151e+05
7.220000000000000284e+01 -5.828795798439013015e+04 -2.040493340890742838e+05
7.229999999999999716e+01 -3.363491860313009238e+04 -1.618575801930529997e+05
7.240000000000000568e+01 -9.607036160324576485e+03 -1.036853810336719762e+05
7.250000000000000000e+01 -1.052931605181033228e+04 -6.367926122816662246e+04
7.259999999999999432e+01 -4.984117538300082379e+04 -6.516340303292212775e+04
7.270000000000000284e+01 -1.112678065560852410e+05 -9.746724416782139451e+04
7.279999999999999716e+01 -1.547093307064344408e+05 -1.195348578579689784e+05
7.290000000000000568e+01 -1.452231332924769667e+05 -9.121085999298849492e+04
7.300000000000000000e+01 -8.138817695111813373e+04 -7.129516921637070482e+03
7.309999999999999432e+01 1.507729822811059421e+03 9.636768111097798101e+04
7.320000000000000284e+01 5.683267616069197538e+04 1.683610356860051979e+05
7.329999999999999716e+01 5.963505974316921493e+04 1.816607160508531379e+05
7.340000000000000568e+01 2.059032231800961017e+04 1.497547219734357204e+05
7.350000000000000000e+01 -2.821989429861110693e+04 1.100833881787535211e+05
7.359999999999999432e+01 -6.014881424044104642e+04 9.196192739239950606e+04
7.370000000000000284e+01 -6.940601736172307574e+04 9.848274590277590323e+04
7.379999999999999716e+01 -6.559345481619666680e+04 1.139130908040048816e+05
7.390000000000000568e+01 -5.884497601461138402e+04 1.226409653521498840e+05
7.400000000000000000e+01 -5.241347520594312664e+04 1.194479316568266077e+05
7.409999999999999432e+01 -4.648638599584626354e+04 1.062518342189984105e+05
7.420000000000000284e+01 -4.339904017866539652e+04 8.594841335595876444e+04
7.429999999999999716e+01 -4.589175451642103144e+04 6.235919208199657442e+04
7.440000000000000568e+01 -5.178219623065713677e+04 4.292143879093052237e+04
7.450000000000000000e+01 -5.377547617246531445e+04 3.585266553666481923e+04
7.459999999999999432e+01 -4.592662810812928365e+04 4.192137580321131099e+04
7.470000000000000284e+01 -2.917564800825275597e+04 5.047401235365730099e+04
7.479999999999999716e+01 -9.383204186896604369e+03 4.680556749620211485e+04
7.490000000000000568e+01 9.478261911736728507e+03 2.545480596865802363e+04
7.500000000000000000e+01 2.874134351462850464e+04 -4.037050799548313080e+03
7.509999999999999432e+01 5.130523352300994156e+04 -2.593277810591991874e+04
7.520000000000000284e+01 7.555497474087492446e+04 -3.365169854777054570e+04
7.529999999999999716e+01 9.432155643649025296e+04 -3.602610864350292104e+04
7.540000000000000568e+01 1.003206797294373391e+05 -4.769243939080686687e+04
7.550000000000000000e+01 9.220474405367355212e+04 -7.351336251618557435e+04
7.559999999999999432e+01 7.498703310588205932e+04 -1.033152578341996705e+05
7.570000000000000284e+01 5.521285474145296030e+04 -1.220454234612783912e+05
7.579999999999999716e+01 3.681820887925971329e+04 -1.241032015706369129e+05
7.590000000000000568e+01 2.155026419331026409e+04 -1.171401283939300629e+05
7.600000000000000000e+01 1.118232930705754552e+04 -1.129438007648445055e+05
7.609999999999999432e+01 6.596041887427585607e+03 -1.163262857762614149e+05
7.620000000000000284e+01 4.355358708683896111e+03 -1.229321679942441988e+05
7.629999999999999716e+01 -2.900638480089757650e+03 -1.255675311279073503e+05
7.640000000000000568e+01 -1.904018506612559577e+04 -1.200145637293203617e+05
7.650000000000000000e+01 -3.657181591502956871e+04 -1.044258687908731954e+05
7.659999999999999432e+01 -3.913405872431259195e+04 -7.620385480353729508e+04
7.670000000000000284e+01 -1.617715543490432719e+04 -3.425919896472703113e+04
7.679999999999999716e+01 2.291135950063247219e+04 1.318289338396216044e+04
7.690000000000000568e+01 5.193610359427031653e+04 4.621487145081066410e+04
7.700000000000000000e+01 5.073002498046414257e+04 4.659208562286922825e+04
7.709999999999999432e+01 2.887085110472149245e+04 1.992744914042488381e+04
7.720000000000000284e+01 2.486462438523583842e+04 2.916203872231882997e+03
7.729999999999999716e+01 7.471219570012239274e+04 3.869001834797434276e+04
7.740000000000000568e+01 1.746864033611531486e+05 1.351915913628576673e+05
7.750000000000000000e+01 2.746729630456429441e+05 2.465043850547875045e+05
7.759999999999999432e+01 3.137551836083651287e+05 3.023612706871678238e+05
7.770000000000000284e+01 2.689757885784374084e+05 2.645024342058043694e+05
7.779999999999999716e+01 1.729212532740302559e+05 1.581214417315037572e+05
7.790000000000000568e+01 8.445981457047996810e+04 4.834140925673535821e+04
7.800000000000000000e+01 4.140410602509428281e+04 -1.469476490174049832e+04
7.809999999999999432e+01 3.811738818113815069e+04 -2.971639489230588515e+04
7.820000000000000284e+01 4.259402475851782219e+04 -3.024819426196920540e+04
7.829999999999999716e+01 2.948034899170159770e+04 -4.500032273209797131e+04
7.840000000000000568e+01 -3.165730513171707571e+03 -7.502223991477326490e+04
7.850000000000000000e+01 -4.230740921209179214e+04 -1.040650153044655162e+05
7.859999999999999432e+01 -7.718165168702168739e+04 -1.214789559772690991e+05
7.870000000000000284e+01 -1.063293468127327360e+05 -1.297061778824263893e+05
7.879999999999999716e+01 -1.314654540167177911e+05 -1.331235156877088011e+05
7.890000000000000568e+01 -1.495500101537685841e+05 -1.281339453324628994e+05
7.900000000000000000e+01 -1.537538710403660662e+05 -1.092855111083742959e+05
7.909999999999999432e+01 -1.421826471842830651e+05 -8.251634437053307192e+04
7.920000000000000284e+01 -1.235436397800741543e+05 -6.563641428651104798e+04
7.929999999999999716e+01 -1.115815210053953051e+05 -7.182947624835124589e+04
7.940000000000000568e+01 -1.128221349335130944e+05 -9.445052455879442277e+04
7.950000000000000000e+01 -1.210939401215126563e+05 -1.118863873277630191e+05
7.959999999999999432e+01 -1.258112775279650959e+05 -1.080157877534751460e+05
7.970000000000000284e+01 -1.249714188313533086e+05 -8.517716769355422002e+04
7.979999999999999716e+01 -1.274127492386941158e+05 -5.588444571111422556e+04
7.990000000000000568e+01 -1.412959122515023337e+05 -2.538865492654977425e+04
8.000000000000000000e+01 -1.626110793361071264e+05 1.264685414755653619e+04
8.009999999999999432e+01 -1.777252333428201964e+05 6.277442778576118872e+04
8.020000000000000284e+01 -1.770323032371178560e+05 1.147013078936408856e+05
8.029999999999999716e+01 -1.637844131373879791e+05 1.479180783489299065e+05
8.040000000000000568e+01 -1.487640770475799218e+05 1.495852471338920877e+05
8.050000000000000000e+01 -1.383803892728015198e+05 1.258503376362250710e+05
8.059999999999999432e+01 -1.300379487066931179e+05 9.517484003061920521e+04
8.070000000000000284e+01 -1.180183117536297068e+05 7.225098538835649379e+04
8.079999999999999716e+01 -1.002340244532444194e+05 5.924031016637454741e+04
8.090000000000000568e+01 -7.694178116554161534e+04 5.075846732225152664e+04
8.100000000000000000e+01 -4.491955866384318506e+04 4.415791913616847160e+04
8.109999999999999432e+01 1.786327916850328620e+03 4.287721470714050520e+04
8.120000000000000284e+01 6.157478413938402082e+04 4.991515530050277448e+04
8.129999999999999716e+01 1.176825332287069905e+05 6.035577129825383599e+04
8.140000000000000568e+01 1.477616510813622153e+05 6.406012487468999461e+04
8.150000000000000000e+01 1.470884799771374674e+05 5.860485120701971755e+04
8.159999999999999432e+01 1.414696113263240259e+05 5.829918389516373281e+04
8.170000000000000284e+01 1.697696895789442351e+05 8.454291227898541547e+04
8.179999999999999716e+01 2.464356867119544186e+05 1.414397751154100988e+05
8.190000000000000568e+01 3.403527308813527925e+05 2.008988281869338243e+05
8.200000000000000000e+01 3.954825713290741551e+05 2.179043243490485766e+05
8.209999999999999432e+01 3.775970897397890221e+05 1.671636617113401880e+05
8.220000000000000284e+01 3.031656003505909466e+05 6.707557028368668398e+04
8.229999999999999716e+01 2.231438624325960409e+05 -3.373388038132143265e+04
8.240000000000000568e+01 1.790199512260571937e+05 -9.527904703534216969e+04
8.250000000000000000e+01 1.734420045425107528e+05 -1.136021928975089395e+05
8.259999999999999432e+01 1.787190768084978918e+05 -1.135808664885480248e+05
8.270000000000000284e+01 1.675270780327380344e+05 -1.197657461138941144e+05
8.279999999999999716e+01 1.332613051104243204e+05 -1.362939064511382894e+05
8.290000000000000568e+01 8.557616595288200187e+04 -1.516111478747049696e+05
8.300000000000000000e+01 3.438017885333011509e+04 -1.560464115657957154e+05
8.309999999999999432e+01 -1.735909897593959613e+04 -1.507929133397745318e+05
8.320000000000000284e+01 -6.766222726286592660e+04 -1.414020440361371147e+05
8.329999999999999716e+01 -1.088314120460409322e+05 -1.273181521303100599e+05
8.340000000000000568e+01 -1.312392476830213272e+05 -1.012280734495031502e+05
8.350000000000000000e+01 -1.340738870301313291e+05 -5.867619515713128203e+04
8.359999999999999432e+01 -1.297402508175212133e+05 -6.132374201255044682e+03
8.370000000000000284e+01 -1.348815013450149272e+05 4.236593626387183031e+04
8.379999999999999716e+01 -1.557436292947835464e+05 7.690801794517786766e+04
8.390000000000000568e+01 -1.824457624106405419e+05 9.922475924195928383e+04
8.400000000000000000e+01 -1.982096103685157141e+05 1.179286377209865313e+05
8.409999999999999432e+01 -1.946349749028460355e+05 1.368626048928786768e+05
8.420000000000000284e+01 -1.781472022361274576e+05 1.495589868325917050e+05
8.429999999999999716e+01 -1.618881529442263418e+05 1.458437686643020716e+05
8.440000000000000568e+01 -1.521913191821888031e+05 1.227619712678502401e+05
8.450000000000000000e+01 -1.440284855534012604e+05 8.718231045096657181e+04
8.459999999999999432e+01 -1.298496909529375407e+05 4.746623659330148075e+04
8.470000000000000284e+01 -1.113892030260628671e+05 4.795195701537806599e+03
8.479999999999999716e+01 -1.003796415379109094e+05 -4.476249141127131588e+04
8.490000000000000568e+01 -1.063436370168665017e+05 -9.974531433750687575e+04
8.500000000000000000e+01 -1.246593886412160937e+05 -1.481047373879981169e+05
8.509999999999999432e+01 -1.385898752180908923e+05 -1.760358162159340573e+05
8.520000000000000284e+01 -1.335530269371519680e+05 -1.826491285635104869e+05
8.529999999999999716e+01 -1.083125846020129393e+05 -1.833833216664571664e+05
8.540000000000000568e+01 -7.229855260327838187e+04 -1.961247419551461062e+05
8.550000000000000000e+01 -3.507825414804028696e+04 -2.236926478392954450e+05
8.559999999999999432e+01 -1.599897105512349299e+03 -2.515508970291010046e+05
8.570000000000000284e+01 2.401155974705088011e+04 -2.628749758375816746e+05
8.579999999999999716e+01 3.668818111002286605e+04 -2.532530653241691762e+05
8.590000000000000568e+01 3.752369944786054839e+04 -2.283492587114946800e+05
8.600000000000000000e+01 4.039883282683436119e+04 -1.893902910185572109e+05
8.609999999999999432e+01 6.411054193346254033e+04 -1.272568724283871852e+05
8.620000000000000284e+01 1.128299882579623227e+05 -3.566308997415033809e+04
8.629999999999999716e+01 1.658849059383348795e+05 7.126521491442213301e+04
8.640000000000000568e+01 1.920532316573363205e+05 1.607374295527845388e+05
8.650000000000000000e+01 1.774270964951962524e+05 2.060343102658837452e+05
8.659999999999999432e+01 1.394430111321817967e+05 2.107707420099911105e+05
8.670000000000000284e+01 1.125727326890179247e+05 2.066974959978074767e+05
8.679999999999999716e+01 1.192483565904379066e+05 2.252520576018198044e+05
8.690000000000000568e+01 1.527163467797889607e+05 2.697921476023068535e+05
8.700000000000000000e+01 1.851166188106655318e+05 3.143805189653455163e+05
8.709999999999999432e+01 1.907304043574124807e+05 3.283623001442693057e+05
8.720000000000000284e+01 1.638977441476690874e+05 3.021882021244026837e+05
8.729999999999999716e+01 1.195085003712670441e+05 2.519107404593774700e+05
8.740000000000000568e+01 7.957144136949160020e+04 2.024014631917756633e+05
8.750000000000000000e+01 5.831755322550040000e+04 1.680598123736580019e+05
8.759999999999999432e+01 5.609430351832094311e+04 1.475008246822350775e+05
8.770000000000000284e+01 6.359120444680573564e+04 1.316966233998921234e+05
8.779999999999999716e+01 7.034354190901522816e+04 1.131361592989214405e+05
8.790000000000000568e+01 7.020630012266890844e+04 8.767495273785856261e+04
8.800000000000000000e+01 6.132796840073789645e+04 5.242741239116427460e+04
8.809999999999999432e+01 4.383913630673028092e+04 6.734353181934093300e+03
8.820000000000000284e+01 1.940308666733955033e+04 -4.426146083343522332e+04
8.829999999999999716e+01 -7.304178816739469767e+03 -9.042677411407526233e+04
8.840000000000000568e+01 -2.882261200588317297e+04 -1.240190279996738100e+05
8.850000000000000000e+01 -3.890032307361504354e+04 -1.458300955322913069e+05
8.859999999999999432e+01 -3.713508404388016788e+04 -1.618794149536569312e+05
8.870000000000000284e+01 -2.912062799842242384e+04 -1.740813476053423365e+05
8.879999999999999716e+01 -2.153967376723019697e+04 -1.771315489897516090e+05
8.890000000000000568e+01 -1.782131221923528938e+04 -1.669394204299262492e+05
8.900000000000000000e+01 -1.951055349667175324e+04 -1.507108357227818924e+05
8.909999999999999432e+01 -3.072537441879390099e+04 -1.447252842383275565e+05
8.920000000000000284e+01 -5.764912784809840377e+04 -1.594006242578574747e+05
8.929999999999999716e+01 -1.005417432066917536e+05 -1.867351630226844572e+05
8.940000000000000568e+01 -1.471179297022555256e+05 -2.040916702877609932e+05
8.950000000000000000e+01 -1.782655747519571742e+05 -1.916748977648268919e+05
8.959999999999999432e+01 -1.841058004012508318e+05 -1.476405982336734014e+05
8.970000000000000284e+01 -1.742996209569020430e+05 -8.820282551858309307e+04
8.979999999999999716e+01 -1.699768977852303651e+05 -3.474635610077304591e+04
8.990000000000000568e+01 -1.843519467078415328e+05 -1.501435154282007716e+02
9.000000000000000000e+01 -2.122126909029093804e+05 1.569572896253112413e+04
9.009999999999999432e+01 -2.382744403298707621e+05 2.076252325871457288e+04
9.020000000000000284e+01 -2.525532085683488694e+05 2.314399831284461834e+04
9.029999999999999716e+01 -2.543108606159408228e+05 2.787279020241904072e+04
9.040000000000000568e+01 -2.427737262206423329e+05 3.935278923817479517e+04
9.050000000000000000e+01 -2.109959702639806783e+05 6.344270356366588385e+04
9.059999999999999432e+01 -1.548408404753580107e+05 1.026039798342463037e+05
9.070000000000000284e+01 -8.701470413723742240e+04 1.464139621231154888e+05
9.079999999999999716e+01 -3.502402341412189708e+04 1.700874700967585959e+05
9.090000000000000568e+01 -1.828529775049697491e+04 1.507664244132772728e+05
9.100000000000000000e+01 -2.596184808647882892e+04 9.211310706878405472e+04
9.109999999999999432e+01 -2.164840958101431897e+04 3.140707357116525236e+04
9.120000000000000284e+01 2.468614330199419055e+04 1.372582531327503966e+04
9.129999999999999716e+01 1.067801445235414139e+05 5.137331380752408586e+04
9.140000000000000568e+01 1.844142994176592038e+05 1.081690529815136979e+05
9.150000000000000000e+01 2.175518020435263752e+05 1.285134867171185178e+05
9.159999999999999432e+01 2.004616907976561924e+05 8.625423223268981383e+04
9.170000000000000284e+01 1.641387224543322809e+05 6.624252609801784274e+03
9.179999999999999716e+01 1.465510969598669617e+05 -5.851883600043920160e+04
9.190000000000000568e+01 1.604181119238105020e+05 -7.514896528936184768e+04
9.200000000000000000e+01 1.876468392664486310e+05 -4.831284764167532558e+04
9.209999999999999432e+01 2.013248546854938613e+05 -6.219194826048478717e+03
9.220000000000000284e+01 1.907503906040930306e+05 2.888170215054661094e+04
9.229999999999999716e+01 1.666614835541879293e+05 5.291212058153891121e+04
9.240000000000000568e+01 1.467120684620249667e+05 7.046906367038417375e+04
9.250000000000000000e+01 1.393280437104859739e+05 8.183369805762340548e+04
9.259999999999999432e+01 1.408353369359476783e+05 8.192255170280371385e+04
9.270000000000000284e+01 1.441357513565783738e+05 6.824057488100184128e+04
9.279999999999999716e+01 1.467023814215643506e+05 4.531967564176944143e+04
9.290000000000000568e+01 1.501140672445701784e+05 2.039981201002171656e+04
9.300000000000000000e+01 1.544950162414543156e+05 -3.407719431291163346e+03
9.309999999999999432e+01 1.560093455492215580e+05 -2.834559930176768830e+04
9.320000000000000284e+01 1.503439670664670703e+05 -5.708200052850995417e+04
9.329999999999999716e+01 1.373550548608821991e+05 -8.806511314053615206e+04
9.340000000000000568e+01 1.207583957339921035e+05 -1.166285573516040022e+05
9.350000000000000000e+01 1.029133633301042428e+05 -1.403193978494109761e+05
9.359999999999999432e+01 8.095203255698957946e+04 -1.617991270035791968e+05
9.370000000000000284e+01 4.927723977769981866e+04 -1.852305744745469128e+05
9.379999999999999716e+01 5.981860085382228135e+03 -2.098628750198679045e+05
9.390000000000000568e+01 -4.411284744735879940e+04 -2.285902789922088268e+05
9.400000000000000000e+01 -9.322321127952246752e+04 -2.339895949361106614e+05
9.409999999999999432e+01 -1.365657032810197561e+05 -2.253361643883785582e+05
9.420000000000000284e+01 -1.737527782085333311e+05 -2.085710299267251976e+05
9.429999999999999716e+01 -2.052030644532747683e+05 -1.896059611536771408e+05
9.440000000000000568e+01 -2.294762933263198356e+05 -1.691917346462028218e+05
9.450000000000000000e+01 -2.452956106153005967e+05 -1.446928969970048056e+05
9.459999999999999432e+01 -2.544738421150469803e+05 -1.145546683978149376e+05
9.470000000000000284e+01 -2.597502300930919591e+05 -7.814163761736307060e+04
9.479999999999999716e+01 -2.586060607482338673e+05 -3.143951326400195467e+04
9.490000000000000568e+01 -2.416958929321696924e+05 3.279915910781121056e+04
9.500000000000000000e+01 -2.016079763095969683e+05 1.155814128095478518e+05
9.509999999999999432e+01 -1.452384343198598654e+05 2.009415080943977518e+05
9.520000000000000284e+01 -9.487688179081359704e+04 2.588086458398899122e+05
9.529999999999999716e+01 -7.115732948422942718e+04 2.660687315649205702e+05
9.540000000000000568e+01 -7.064076615591187146e+04 2.303505235614292906e+05
9.550000000000000000e+01 -6.183490498136090901e+04 1.918879802309552324e+05
9.559999999999999432e+01 -1.004421171797701390e+04 1.944267834824033780e+05
9.570000000000000284e+01 8.777208349792458466e+04 2.462284711491415510e+05
9.579999999999999716e+01 1.922406813743315870e+05 3.073006937450408004e+05
9.590000000000000568e+01 2.498384153161130962e+05 3.190680512218238437e+05
9.600000000000000000e+01 2.368084154889159545e+05 2.528141988298607757e+05
9.609999999999999432e+01 1.777293903508029471e+05 1.331928273461292847e+05
9.620000000000000284e+01 1.216971479231140402e+05 1.587838805693767790e+04
9.629999999999999716e+01 1.006210870750657632e+05 -5.793525099894997402e+04
9.640000000000000568e+01 1.093057321199467697e+05 -8.785528168337124225e+04
9.650000000000000000e+01 1.212502071524901985e+05 -1.019804820520537323e+05
9.659999999999999432e+01 1.177979138705310907e+05 -1.248221840546217718e+05
9.670000000000000284e+01 1.002327473647670558e+05 -1.581235928268141870e+05
9.679999999999999716e+01 7.868173341167371836e+04 -1.875207723173555569e+05
9.690000000000000568e+01 5.707851955621365050e+04 -2.009265720529718674e+05
9.700000000000000000e+01 3.254850800079628971e+04 -1.979044506475002272e+05
9.709999999999999432e+01 6.295821414204190660e+03 -1.841847923266356229e+05
9.720000000000000284e+01 -1.096157024418012588e+04 -1.618060355266709812e+05
9.729999999999999716e+01 -7.518531924008311762e+03 -1.269567473842639884e+05
9.740000000000000568e+01 1.658599904070841876e+04 -7.660875975206102885e+04
9.750000000000000000e+01 4.778168056002518279e+04 -1.521317199820927635e+04
9.759999999999999432e+01 7.027842504047075636e+04 4.621379683616480179e+04
9.770000000000000284e+01 7.780924895267862303e+04 9.726395103444182314e+04
9.779999999999999716e+01 7.401071264418677310e+04 1.339013656792744878e+05
9.790000000000000568e+01 6.390290182799517061e+04 1.579659424510050449e+05
9.800000000000000000e+01 4.843587975030211965e+04 1.729711222362566041e+05
9.809999999999999432e+01 2.780873653079987707e+04 1.814832572338955360e+05
9.820000000000000284e+01 6.600508800068790151e+03 1.852435330804621917e+05
9.829999999999999716e+01 -8.428345647338865092e+03 1.851231536266199546e+05
9.840000000000000568e+01 -1.625299424657602503e+04 1.797414269216310931e+05
9.850000000000000000e+01 -2.464976118575353757e+04 1.656347881906439434e+05
9.859999999999999432e+01 -4.290046323448707699e+04 1.411002347575129825e+05
9.870000000000000284e+01 -7.151382539169712982e+04 1.103866049024367530e+05
9.879999999999999716e+01 -1.006857380645419180e+05 8.253963893580852891e+04
9.890000000000000568e+01 -1.194302549323615094e+05 6.444479742623712809e+04
9.900000000000000000e+01 -1.252187701903693087e+05 5.485982303519831476e+04
9.909999999999999432e+01 -1.237598220295167121e+05 4.636082240762325819e+04
9.920000000000000284e+01 -1.200787768281461758e+05 3.383479905124013021e+04
9.929999999999999716e+01 -1.119842444101653382e+05 2.016169313427887391e+04
9.940000000000000568e+01 -9.426358324725087732e+04 1.168280328144462328e+04
9.950000000000000000e+01 -6.915125664365514240e+04 7.775990782930464775e+03
9.959999999999999432e+01 -4.931800111890755943e+04 -1.648847777563658383e+03
9.970000000000000284e+01 -4.577925178783931187e+04 -2.319310433594411006e+04
9.979999999999999716e+01 -5.232757417247148260e+04 -4.475667339025827096e+04
9.990000000000000568e+01 -4.958330366530611354e+04 -4.314788885561918869e+04
1.000000000000000000e+02 -3.046460453243521624e+04 -1.446251810081006624e+04
