1.185126999999999953e+02 3.630142000000000024e+01 1.845000000000000000e+02
1.193301699999999954e+02 3.650068799999999669e+01 4.310000000000000142e+01
0.000000000000000000e+00 -5.102406852784347720e+05 -5.102406852784347720e+05
1.000000000000000056e-01 -5.172164803939767298e+05 -4.122642922595047858e+05
2.000000000000000111e-01 -4.572998492925124010e+05 -2.572636427791134920e+05
2.999999999999999889e-01 -3.922033495994600235e+05 -1.081446718087760382e+05
4.000000000000000222e-01 -3.714034163030854543e+05 -5.368945216211257502e+03
5.000000000000000000e-01 -3.975215863511807984e+05 5.793968746984214522e+04
5.999999999999999778e-01 -4.322957662629421684e+05 1.148235314237985294e+05
6.999999999999999556e-01 -4.309911771408907371e+05 1.851579600735657732e+05
8.000000000000000444e-01 -3.739303024311055196e+05 2.597495337437369453e+05
9.000000000000000222e-01 -2.739039326594533632e+05 3.177564168759855093e+05
1.000000000000000000e+00 -1.610426028703110060e+05 3.504815215523322695e+05
1.100000000000000089e+00 -6.150167246314528165e+04 3.640478216930195922e+05
1.199999999999999956e+00 1.461767979728308273e+04 3.638296977935676696e+05
1.300000000000000044e+00 7.183616744941670913e+04 3.447214596181238885e+05
1.399999999999999911e+00 1.206672156387740979e+05 3.000609685625037528e+05
1.500000000000000000e+00 1.701929269265905314e+05 2.365549812741285714e+05
1.600000000000000089e+00 2.247175912984309834e+05 1.751876380104583222e+05
1.699999999999999956e+00 2.825040962372413487e+05 1.355244478621641174e+05
1.800000000000000044e+00 3.359115826306391391e+05 1.202358184790257073e+05
1.899999999999999911e+00 3.752357094160254346e+05 1.159122694307283964e+05
2.000000000000000000e+00 3.958956575974253356e+05 1.081426701291279751e+05
2.100000000000000089e+00 4.026477183506949805e+05 9.443785427728461218e+04
2.200000000000000178e+00 4.051895204585099127e+05 8.257161005802062573e+04
2.299999999999999822e+00 4.088688956345867482e+05 7.835449487333901925e+04
2.399999999999999911e+00 4.107634792229351588e+05 7.752548516000309610e+04
2.500000000000000000e+00 4.053489788170540123e+05 7.047983650605258299e+04
2.600000000000000089e+00 3.921912933575478382e+05 5.328474941581438179e+04
2.700000000000000178e+00 3.759085377202602685e+05 3.124851114733400755e+04
2.799999999999999822e+00 3.589844072591086151e+05 1.049819407743145712e+04
2.899999999999999911e+00 3.372155450940571027e+05 -1.196813349233189365e+04
3.000000000000000000e+00 3.039599201025100192e+05 -4.651901943513762672e+04
3.100000000000000089e+00 2.581840805411337060e+05 -9.798854975916782860e+04
3.200000000000000178e+00 2.066987921123520646e+05 -1.568056459659226821e+05
3.299999999999999822e+00 1.578411285021879594e+05 -2.064328709763807710e+05
3.399999999999999911e+00 1.134850308297157753e+05 -2.405918336480977596e+05
3.500000000000000000e+00 6.813240834872303822e+04 -2.705478698706236901e+05
3.600000000000000089e+00 1.647692182439741737e+04 -3.121304088965526898e+05
3.700000000000000178e+00 -3.839516134764293383e+04 -3.652999344752494362e+05
3.799999999999999822e+00 -8.602360314173149527e+04 -4.095040213366058306e+05
3.899999999999999911e+00 -1.200458113536852470e+05 -4.220192434337498853e+05
4.000000000000000000e+00 -1.488467522920183255e+05 -4.004943639404142741e+05
4.099999999999999645e+00 -1.913011825825376145e+05 -3.646552546178185730e+05
4.200000000000000178e+00 -2.572929387771314359e+05 -3.342857763850841438e+05
4.299999999999999822e+00 -3.314075582246548147e+05 -3.073390870547207305e+05
4.400000000000000355e+00 -3.799639447166593745e+05 -2.629977313075633720e+05
4.500000000000000000e+00 -3.796712673516428913e+05 -1.875678321989960968e+05
4.599999999999999645e+00 -3.417821841158827301e+05 -9.557489094513811870e+04
4.700000000000000178e+00 -3.067649771503818920e+05 -2.247306780882220482e+04
4.799999999999999822e+00 -3.127748687571673654e+05 5.280716401274374221e+03
4.900000000000000355e+00 -3.670101586376834894e+05 -6.172066062287369277e+03
5.000000000000000000e+00 -4.445947805551076308e+05 -2.309529417838633526e+04
5.099999999999999645e+00 -5.110554200208660914e+05 -1.190946981428941945e+04
5.200000000000000178e+00 -5.440100925287619466e+05 3.635038620233652182e+04
5.299999999999999822e+00 -5.376446863392838277e+05 1.046135614939560473e+05
5.400000000000000355e+00 -4.960370461846627877e+05 1.678585551029685594e+05
5.500000000000000000e+00 -4.298714876284347847e+05 2.113502517377395707e+05
5.599999999999999645e+00 -3.582160075376105960e+05 2.346007520101881528e+05
5.700000000000000178e+00 -3.038380660912812455e+05 2.434422764458923775e+05
5.799999999999999822e+00 -2.772988498028127360e+05 2.426674356625755318e+05
5.900000000000000355e+00 -2.637950045965245226e+05 2.365468826000211411e+05
6.000000000000000000e+00 -2.309873913749827188e+05 2.326948911714636488e+05
6.099999999999999645e+00 -1.560168328157145297e+05 2.406267332252529450e+05
6.200000000000000178e+00 -4.727098933084102464e+04 2.641654635546861100e+05
6.299999999999999822e+00 6.107152383216310409e+04 2.964767658581458381e+05
6.400000000000000355e+00 1.369787649763839436e+05 3.253812225347125786e+05
6.500000000000000000e+00 1.743505665552839346e+05 3.448641958966663806e+05
6.599999999999999645e+00 1.919548021915799181e+05 3.601398364298737724e+05
6.700000000000000178e+00 2.121498047584611923e+05 3.797190922215919709e+05
6.799999999999999822e+00 2.414531749530732632e+05 4.029264513836859260e+05
6.900000000000000355e+00 2.694650492157335393e+05 4.174565531548656872e+05
7.000000000000000000e+00 2.835966100554831210e+05 4.104075303132323897e+05
7.099999999999999645e+00 2.837195888155360008e+05 3.803484389971506898e+05
7.200000000000000178e+00 2.832223876276193187e+05 3.366603992769711185e+05
7.299999999999999822e+00 2.966378062397682806e+05 2.875205717414235696e+05
7.400000000000000355e+00 3.265235693557804334e+05 2.309444259079197655e+05
7.500000000000000000e+00 3.624476721222130000e+05 1.585538398714363284e+05
7.599999999999999645e+00 3.921914462129520252e+05 6.618172491556493333e+04
7.700000000000000178e+00 4.124743320652223192e+05 -4.110387265971209854e+04
7.799999999999999822e+00 4.282018637971254066e+05 -1.528954780079567281e+05
7.900000000000000355e+00 4.437022094778795727e+05 -2.588715227943893406e+05
8.000000000000000000e+00 4.582832541800708277e+05 -3.499253495825285208e+05
8.099999999999999645e+00 4.699400087244519382e+05 -4.181886452719736844e+05
8.199999999999999289e+00 4.776669122503484832e+05 -4.608322838391381083e+05
8.300000000000000711e+00 4.753046944531715708e+05 -4.844767612813167507e+05
8.400000000000000355e+00 4.463454848545028362e+05 -5.022574183099311194e+05
8.500000000000000000e+00 3.745257844072413864e+05 -5.227878067948669195e+05
8.599999999999999645e+00 2.662215956157774199e+05 -5.409025736672185594e+05
8.699999999999999289e+00 1.593344666428102355e+05 -5.402479421213773312e+05
8.800000000000000711e+00 1.006057266170173534e+05 -5.069002877823013696e+05
8.900000000000000355e+00 1.067023334114297177e+05 -4.431411044036400272e+05
9.000000000000000000e+00 1.463479159658308490e+05 -3.700907554560707649e+05
9.099999999999999645e+00 1.634266897382643656e+05 -3.154976610367840040e+05
9.199999999999999289e+00 1.211352107694119331e+05 -2.932912098509609932e+05
9.300000000000000711e+00 2.725550170452636667e+04 -2.898527407988615450e+05
9.400000000000000355e+00 -7.964919227035361109e+04 -2.711987511172660161e+05
9.500000000000000000e+00 -1.661545335131403990e+05 -2.098643396276088024e+05
9.599999999999999645e+00 -2.278375667040908011e+05 -1.096008664310914464e+05
9.699999999999999289e+00 -2.833054273763862438e+05 -3.132471857100666966e+03
9.800000000000000711e+00 -3.506609579391703010e+05 7.690876861612017092e+04
9.900000000000000355e+00 -4.322049204491646378e+05 1.247100775509779196e+05
1.000000000000000000e+01 -5.193950978910094127e+05 1.581503604946441483e+05
1.009999999999999964e+01 -6.062686942584961653e+05 1.919800791930474225e+05
1.019999999999999929e+01 -6.921264900378573220e+05 2.201460318152771797e+05
1.030000000000000071e+01 -7.706893292727677617e+05 2.272374716387404478e+05
1.040000000000000036e+01 -8.227319020873073023e+05 2.127174116755806899e+05
1.050000000000000000e+01 -8.270152299819218460e+05 1.968326363750009332e+05
1.059999999999999964e+01 -7.810686285542245023e+05 2.007961307147474436e+05
1.069999999999999929e+01 -7.075293289209230570e+05 2.250332821790921735e+05
1.080000000000000071e+01 -6.352764567235431168e+05 2.502969027485202823e+05
1.090000000000000036e+01 -5.735750617216982646e+05 2.589269412544507068e+05
1.100000000000000000e+01 -5.068419199394907919e+05 2.520949732403338130e+05
1.109999999999999964e+01 -4.147162714961913880e+05 2.464564497394785867e+05
1.119999999999999929e+01 -2.937312211570594227e+05 2.572268447409578366e+05
1.130000000000000071e+01 -1.570072892276785278e+05 2.862758481988306157e+05
1.140000000000000036e+01 -1.612760912087504403e+04 3.240236742672173423e+05
1.150000000000000000e+01 1.296724268283582933e+05 3.581066165238249814e+05
1.159999999999999964e+01 2.828696110861144844e+05 3.781911842789170914e+05
1.169999999999999929e+01 4.300536312898847391e+05 3.757354142947099754e+05
1.180000000000000071e+01 5.425858988397493958e+05 3.456267232240948942e+05
1.190000000000000036e+01 6.000397761004208587e+05 2.925830740391711588e+05
1.200000000000000000e+01 6.127521224474922055e+05 2.345684517852613062e+05
1.209999999999999964e+01 6.172018156419508159e+05 1.936140635011371342e+05
1.219999999999999929e+01 6.451604694181450177e+05 1.773101854768963531e+05
1.230000000000000071e+01 6.955656854944066145e+05 1.684900214945924818e+05
1.240000000000000036e+01 7.365455316321009304e+05 1.372264122732297983e+05
1.250000000000000000e+01 7.350921681983345188e+05 6.739893678424389509e+04
1.259999999999999964e+01 6.846942964527750155e+05 -2.770684566384064965e+04
1.269999999999999929e+01 6.050136268661862705e+05 -1.179744037954616942e+05
1.280000000000000071e+01 5.178459327217888786e+05 -1.857074145175758167e+05
1.290000000000000036e+01 4.276382581897949567e+05 -2.414176399225098430e+05
1.300000000000000000e+01 3.271489371225828072e+05 -3.092977975296415971e+05
1.309999999999999964e+01 2.186883097835857770e+05 -3.978283678509611054e+05
1.319999999999999929e+01 1.229492255376570392e+05 -4.872247847982425010e+05
1.330000000000000071e+01 6.181013749909563921e+04 -5.472536550875309622e+05
1.340000000000000036e+01 3.264238664754567435e+04 -5.659186194850273896e+05
1.350000000000000000e+01 4.033185293692367850e+03 -5.579528106785509735e+05
1.359999999999999964e+01 -5.839735957217105897e+04 -5.446212744189322693e+05
1.369999999999999929e+01 -1.595221421756582859e+05 -5.277935537328545470e+05
1.380000000000000071e+01 -2.671458032898519305e+05 -4.868623701371452771e+05
1.390000000000000036e+01 -3.366901141196000390e+05 -4.014252909701499157e+05
1.400000000000000000e+01 -3.449679833344292128e+05 -2.749731847966506029e+05
1.409999999999999964e+01 -3.039250812461465830e+05 -1.352824089936237433e+05
1.419999999999999929e+01 -2.467030260204258084e+05 -1.328824050741894462e+04
1.430000000000000071e+01 -2.027334216793411761e+05 7.638608248701499542e+04
1.440000000000000036e+01 -1.828867399194130558e+05 1.356265878764495137e+05
1.450000000000000000e+01 -1.812681503056561342e+05 1.690749834178740275e+05
1.459999999999999964e+01 -1.856666932868352160e+05 1.749978283798200428e+05
1.469999999999999929e+01 -1.864908216447934392e+05 1.503325640850313648e+05
1.480000000000000071e+01 -1.803795741399133694e+05 1.015322655664439662e+05
1.490000000000000036e+01 -1.696695743588779587e+05 4.662293295520263200e+04
1.500000000000000000e+01 -1.596487084500255878e+05 4.337760337505358621e+03
1.509999999999999964e+01 -1.553235961184669868e+05 -1.950041587171418360e+04
1.519999999999999929e+01 -1.594591174557320774e+05 -3.467322935849326313e+04
1.530000000000000071e+01 -1.721928388580247993e+05 -5.466102011575721554e+04
1.540000000000000036e+01 -1.906251004202592885e+05 -8.044017347085307119e+04
1.550000000000000000e+01 -2.080168772444053611e+05 -9.546120820723414363e+04
1.559999999999999964e+01 -2.154396697867517942e+05 -7.792319244222615089e+04
1.569999999999999929e+01 -2.076764113449070428e+05 -1.985904730000902782e+04
1.580000000000000071e+01 -1.887955364354694029e+05 6.526138994724763324e+04
1.590000000000000036e+01 -1.700051426093440386e+05 1.540811358501176583e+05
1.600000000000000000e+01 -1.599524675431553333e+05 2.321541139562372118e+05
1.610000000000000142e+01 -1.576314336996392813e+05 3.007484941333427560e+05
1.619999999999999929e+01 -1.561928023629318050e+05 3.663126748931028997e+05
1.630000000000000071e+01 -1.525334036828537937e+05 4.268395502531162347e+05
1.639999999999999858e+01 -1.499277705057781423e+05 4.716756384679989424e+05
1.650000000000000000e+01 -1.503050038601211854e+05 4.939744463500375859e+05
1.660000000000000142e+01 -1.470598606413027737e+05 4.994222282528222422e+05
1.669999999999999929e+01 -1.288828974266418663e+05 4.998237181590408436e+05
1.680000000000000071e+01 -9.036316254049001145e+04 4.987467550400405889e+05
1.689999999999999858e+01 -3.635589504084637156e+04 4.857201053472149651e+05
1.700000000000000000e+01 2.399812993434196687e+04 4.451789616761001525e+05
1.710000000000000142e+01 8.438043797628191533e+04 3.701445947143310332e+05
1.719999999999999929e+01 1.412081170083294855e+05 2.675791857998627238e+05
1.730000000000000071e+01 1.905090600053201197e+05 1.536732010542248026e+05
1.739999999999999858e+01 2.304835768683127535e+05 4.711407607999285392e+04
1.750000000000000000e+01 2.677318139658655855e+05 -3.471835331520138425e+04
1.760000000000000142e+01 3.151225553381164209e+05 -8.058848710385599406e+04
1.769999999999999929e+01 3.768766294876744505e+05 -9.486635785734326055e+04
1.780000000000000071e+01 4.345021169273155392e+05 -1.038364240030291112e+05
1.789999999999999858e+01 4.522750724765896448e+05 -1.449220088603402546e+05
1.800000000000000000e+01 4.034246371497126529e+05 -2.380932110575452680e+05
1.810000000000000142e+01 2.955906738752963720e+05 -3.616402531075914158e+05
1.819999999999999929e+01 1.712711748330655973e+05 -4.595728479763595387e+05
1.830000000000000071e+01 8.011755509828694630e+04 -4.818787350367376348e+05
1.839999999999999858e+01 4.488500082978990395e+04 -4.244340916244681575e+05
1.850000000000000000e+01 4.847407865137205226e+04 -3.309963078708137618e+05
1.860000000000000142e+01 5.142665920727618504e+04 -2.549851393264398794e+05
1.869999999999999929e+01 2.401983822771295672e+04 -2.183207370079851826e+05
1.880000000000000071e+01 -3.362009992571373004e+04 -2.054928429506520042e+05
1.889999999999999858e+01 -9.773690135486255167e+04 -1.924965161354161974e+05
1.900000000000000000e+01 -1.441728898339526204e+05 -1.754380053342996107e+05
1.910000000000000142e+01 -1.656947718561935180e+05 -1.696008914778176113e+05
1.919999999999999929e+01 -1.692749251366143581e+05 -1.858892011937802308e+05
1.930000000000000071e+01 -1.608610159406239691e+05 -2.150251949836541025e+05
1.939999999999999858e+01 -1.370520892850788368e+05 -2.368470334329407488e+05
1.950000000000000000e+01 -9.288919089657039149e+04 -2.418060402137897036e+05
1.960000000000000142e+01 -3.491400406280864263e+04 -2.396737209326703451e+05
1.969999999999999929e+01 1.785072930785280187e+04 -2.471355905248692143e+05
1.980000000000000071e+01 4.799685984136088518e+04 -2.695029705278059701e+05
1.989999999999999858e+01 5.417352228253014619e+04 -2.961535093855206505e+05
2.000000000000000000e+01 5.089449353909050114e+04 -3.123468895537766512e+05
2.010000000000000142e+01 5.506229228149814298e+04 -3.124430896036421182e+05
2.019999999999999929e+01 7.344642125882708933e+04 -3.003266691426717443e+05
2.030000000000000071e+01 1.013159769383972161e+05 -2.792787499755539466e+05
2.039999999999999858e+01 1.293988187379779993e+05 -2.456253430651538947e+05
2.050000000000000000e+01 1.503878395497058518e+05 -1.942264953464360442e+05
2.060000000000000142e+01 1.609377027943412832e+05 -1.275719586399526743e+05
2.069999999999999929e+01 1.610004111692279403e+05 -5.472094894215607201e+04
2.080000000000000071e+01 1.527349077186537907e+05 2.060563517892846721e+04
2.089999999999999858e+01 1.392938522433315811e+05 1.077236063818892726e+05
2.100000000000000000e+01 1.238767495967747527e+05 2.197391898599548149e+05
2.110000000000000142e+01 1.098214535357985878e+05 3.542360542268387508e+05
2.119999999999999929e+01 1.007558664572446432e+05 4.847616741719525307e+05
2.130000000000000071e+01 9.882016286241277703e+04 5.746665945072877221e+05
2.139999999999999858e+01 1.017122737441345525e+05 6.017199468686723849e+05
2.150000000000000000e+01 1.023004182853363163e+05 5.708014079461701913e+05
2.160000000000000142e+01 9.263235649880465644e+04 5.048788127427854342e+05
2.169999999999999929e+01 6.940816739131382201e+04 4.263220922366627492e+05
2.180000000000000071e+01 3.666023806009833061e+04 3.474658736305111670e+05
2.189999999999999858e+01 4.056353566159843467e+03 2.755258105491143651e+05
2.200000000000000000e+01 -1.879230648873778409e+04 2.198610623110201850e+05
2.210000000000000142e+01 -3.069427782162342919e+04 1.887335548360751127e+05
2.219999999999999929e+01 -4.478064710326242493e+04 1.781309461831419612e+05
2.230000000000000071e+01 -8.319768864268925972e+04 1.681609222885260824e+05
2.239999999999999858e+01 -1.584197050039760652e+05 1.369631553640333004e+05
2.250000000000000000e+01 -2.551339615697283880e+05 8.274758555418561446e+04
2.260000000000000142e+01 -3.334745595114970347e+05 3.228196637923916569e+04
2.269999999999999929e+01 -3.572008907940606587e+05 2.364901231748692226e+04
2.280000000000000071e+01 -3.236343885827157064e+05 7.483225762676278828e+04
2.289999999999999858e+01 -2.668955781939837616e+05 1.648039006381721701e+05
2.300000000000000000e+01 -2.310141756182208192e+05 2.448758422719241353e+05
2.310000000000000142e+01 -2.379853402179999975e+05 2.724290198953124927e+05
2.319999999999999929e+01 -2.775589935701855575e+05 2.399966744199875393e+05
2.330000000000000071e+01 -3.221236137868895894e+05 1.772202536316534679e+05
2.339999999999999858e+01 -3.488183520413140068e+05 1.267642157869284274e+05
2.350000000000000000e+01 -3.508179149819753366e+05 1.159055470770798565e+05
2.360000000000000142e+01 -3.340984597819503397e+05 1.450462164867669926e+05
2.369999999999999929e+01 -3.079227074987791129e+05 1.958737462506613228e+05
2.380000000000000071e+01 -2.785550134022927377e+05 2.456505701487352781e+05
2.389999999999999858e+01 -2.493553457844051882e+05 2.753484051794050029e+05
2.400000000000000000e+01 -2.233015245953419362e+05 2.718824995265958714e+05
2.410000000000000142e+01 -2.022477363483570225e+05 2.306299069439333107e+05
2.419999999999999929e+01 -1.827172655413475004e+05 1.578902384168304270e+05
2.430000000000000071e+01 -1.548083610957688070e+05 6.693180765864331624e+04
2.439999999999999858e+01 -1.093246016363119124e+05 -3.252078552870600834e+04
2.450000000000000000e+01 -4.803081887182220817e+04 -1.408757361276433803e+05
2.460000000000000142e+01 1.468473828419687925e+04 -2.627823494382817298e+05
2.469999999999999929e+01 6.296372775155288400e+04 -3.950429202467254945e+05
2.480000000000000071e+01 9.315572076390264556e+04 -5.233393522357024485e+05
2.489999999999999858e+01 1.158742699483050383e+05 -6.327077577153204475e+05
2.500000000000000000e+01 1.447300987664948334e+05 -7.199041459264786681e+05
2.510000000000000142e+01 1.843756103385863244e+05 -7.933741160344554810e+05
2.519999999999999929e+01 2.300862081667037564e+05 -8.607888161199213937e+05
2.530000000000000071e+01 2.772815281965673785e+05 -9.172876327048264211e+05
2.539999999999999858e+01 3.286364579289296526e+05 -9.457911475019264035e+05
2.550000000000000000e+01 3.902268988016396761e+05 -9.289415489158659475e+05
2.560000000000000142e+01 4.610088614034028142e+05 -8.630999405727999983e+05
2.569999999999999929e+01 5.274949912874640431e+05 -7.638520942106728908e+05
2.580000000000000071e+01 5.703443609827358741e+05 -6.579651192526253872e+05
2.589999999999999858e+01 5.776137404618943110e+05 -5.662477254407342989e+05
2.600000000000000000e+01 5.528062982369323727e+05 -4.902634663879863219e+05
2.610000000000000142e+01 5.109173609937427100e+05 -4.143537622748602880e+05
2.619999999999999929e+01 4.668974699398470111e+05 -3.207052982071936131e+05
2.630000000000000071e+01 4.267421784706602339e+05 -2.025681525222996715e+05
2.639999999999999858e+01 3.866950930781097850e+05 -6.477369923753876355e+04
2.650000000000000000e+01 3.376391800057121436e+05 8.314244952503364766e+04
2.660000000000000142e+01 2.696178472345892806e+05 2.293254537384487630e+05
2.669999999999999929e+01 1.760086343379396712e+05 3.574712738201573957e+05
2.680000000000000071e+01 5.931231015991762979e+04 4.519257640657249140e+05
2.689999999999999858e+01 -6.409265851432882482e+04 5.130892893159122905e+05
2.700000000000000000e+01 -1.675874878334266250e+05 5.665119903068456333e+05
2.710000000000000142e+01 -2.290168135298469570e+05 6.477100449905330315e+05
2.719999999999999929e+01 -2.471893391774648917e+05 7.699918953513507731e+05
2.730000000000000071e+01 -2.450060273661650135e+05 9.061957329963205848e+05
2.739999999999999858e+01 -2.531833435244595748e+05 1.006220235268116812e+06
2.750000000000000000e+01 -2.860479883616528241e+05 1.036860586547755054e+06
2.760000000000000142e+01 -3.300649236130133504e+05 1.006860012490717112e+06
2.769999999999999929e+01 -3.562181225903623272e+05 9.542210482348038349e+05
2.780000000000000071e+01 -3.459517240839636652e+05 9.097422234536301112e+05
2.789999999999999858e+01 -3.067681985491260421e+05 8.722394143260207493e+05
2.800000000000000000e+01 -2.626893679884736193e+05 8.165985397769575939e+05
2.810000000000000142e+01 -2.300169408884631121e+05 7.224005141898581060e+05
2.819999999999999929e+01 -2.044872121099219657e+05 5.927954077072858345e+05
2.830000000000000071e+01 -1.731013396010008291e+05 4.470669127881891327e+05
2.839999999999999858e+01 -1.349329103229005123e+05 2.991576778534204350e+05
2.850000000000000000e+01 -1.039176012236960669e+05 1.472331024759353604e+05
2.860000000000000142e+01 -8.876048621414606168e+04 -1.588196234443646972e+04
2.869999999999999929e+01 -7.541721189097203023e+04 -1.859192130319911521e+05
2.880000000000000071e+01 -3.761506801750286832e+04 -3.444998383400992025e+05
2.889999999999999858e+01 3.254846852643764578e+04 -4.735947452557760989e+05
2.900000000000000000e+01 1.090675575554214302e+05 -5.706915150640916545e+05
2.910000000000000142e+01 1.526284422000031918e+05 -6.483317588567744242e+05
2.919999999999999929e+01 1.475224596765456954e+05 -7.191195685412392486e+05
2.930000000000000071e+01 1.153446976819750562e+05 -7.819323695087159285e+05
2.939999999999999858e+01 9.116429732362579671e+04 -8.225159759418985341e+05
2.950000000000000000e+01 8.877343911898776423e+04 -8.266227398371848976e+05
2.960000000000000142e+01 9.160440692976373248e+04 -7.920206562865544111e+05
2.969999999999999929e+01 7.570027641618868802e+04 -7.277538165987227112e+05
2.980000000000000071e+01 3.710640768385445699e+04 -6.424072206603732193e+05
2.989999999999999858e+01 -4.733523992932052352e+03 -5.349145678656228120e+05
3.000000000000000000e+01 -2.722393516181566520e+04 -3.993702318993909284e+05
3.010000000000000142e+01 -2.482110077195824124e+04 -2.399547862968148838e+05
3.019999999999999929e+01 -1.061438106426072773e+04 -7.908691078399523394e+04
3.030000000000000071e+01 -2.517551924563187640e+03 5.295954673639952671e+04
3.039999999999999858e+01 -9.742631078578095185e+03 1.389131810206488590e+05
3.050000000000000000e+01 -2.943545921295610606e+04 1.852602354526215349e+05
3.060000000000000142e+01 -5.180533198418753454e+04 2.124570966448375548e+05
3.069999999999999929e+01 -6.754182386975218833e+04 2.358103560202292865e+05
3.080000000000000071e+01 -7.337380051653503324e+04 2.561051104439654155e+05
3.089999999999999858e+01 -7.393046967502217740e+04 2.652094546534537803e+05
3.100000000000000000e+01 -7.923657630353323475e+04 2.553390922620165511e+05
3.110000000000000142e+01 -9.905472046223741199e+04 2.218966765692191839e+05
3.119999999999999929e+01 -1.368353282705717429e+05 1.636771270120061527e+05
3.130000000000000071e+01 -1.855494405132992542e+05 8.849689290290771169e+04
3.139999999999999858e+01 -2.273232617472408747e+05 1.979362527505191974e+04
3.150000000000000000e+01 -2.400275176207121694e+05 -1.033768303197005298e+04
3.160000000000000142e+01 -2.118159310107863275e+05 1.520049677975353552e+04
3.169999999999999929e+01 -1.552214458676913346e+05 7.793993395105458330e+04
3.180000000000000071e+01 -1.051189489494554582e+05 1.309176468164904509e+05
3.189999999999999858e+01 -9.450915611627863836e+04 1.332009213073512074e+05
3.200000000000000000e+01 -1.254595323214024538e+05 8.212389283726667054e+04
3.210000000000000142e+01 -1.637118903900697478e+05 1.292477098550321534e+04
3.220000000000000284e+01 -1.659069816852645017e+05 -3.327551037188246846e+04
3.229999999999999716e+01 -1.153968093738931348e+05 -4.201179677003039978e+04
3.239999999999999858e+01 -3.332055122543414473e+04 -2.991835574302426539e+04
3.250000000000000000e+01 4.244167168377916096e+04 -2.300311927648819983e+04
3.260000000000000142e+01 8.638916874099177949e+04 -3.484186831140343565e+04
3.270000000000000284e+01 9.624769135341509536e+04 -6.427437048726012290e+04
3.279999999999999716e+01 8.389180236936558504e+04 -1.068445950308382162e+05
3.289999999999999858e+01 6.388751512924995041e+04 -1.611676141532052425e+05
3.300000000000000000e+01 5.099866598229295050e+04 -2.233007630917841743e+05
3.310000000000000142e+01 6.076983362326426868e+04 -2.804345258826999925e+05
3.320000000000000284e+01 1.036634335678854259e+05 -3.157651906661794055e+05
3.329999999999999716e+01 1.754310908193760260e+05 -3.203303586981488625e+05
3.339999999999999858e+01 2.555360200046488608e+05 -2.975533278239218052e+05
3.350000000000000000e+01 3.189055084414794110e+05 -2.554119454508494819e+05
3.360000000000000142e+01 3.523838624518637662e+05 -1.965444447599676787e+05
3.370000000000000284e+01 3.619823089325820329e+05 -1.180225411336728721e+05
3.379999999999999716e+01 3.651956029078714200e+05 -1.948951851414877456e+04
3.389999999999999858e+01 3.754946272460081382e+05 9.133517154675570782e+04
3.400000000000000000e+01 3.922296262388774194e+05 2.021039163415452931e+05
3.410000000000000142e+01 4.038844779994237470e+05 3.037288791536738863e+05
3.420000000000000284e+01 4.003881201440240256e+05 3.945686768685134593e+05
3.429999999999999716e+01 3.817507978885308839e+05 4.776831246390642482e+05
3.439999999999999858e+01 3.544195574560948298e+05 5.537888277806948172e+05
3.450000000000000000e+01 3.203599166539878352e+05 6.153007424262246350e+05
3.460000000000000142e+01 2.724716934807794169e+05 6.471983697110731155e+05
3.470000000000000284e+01 2.028953426084526873e+05 6.368927119520734996e+05
3.479999999999999716e+01 1.153260279294245702e+05 5.866061107886739774e+05
3.489999999999999858e+01 2.674612430355330434e+04 5.154963100071751396e+05
3.500000000000000000e+01 -4.483223818329189089e+04 4.457746080835725297e+05
3.510000000000000142e+01 -9.482282551560267166e+04 3.840858099625322502e+05
3.520000000000000284e+01 -1.347768214016624261e+05 3.169737986307892133e+05
3.529999999999999716e+01 -1.815708639403126435e+05 2.253973345675664023e+05
3.539999999999999858e+01 -2.436362592219224898e+05 1.026569633110144205e+05
3.550000000000000000e+01 -3.154393877442548983e+05 -4.210900137610417733e+04
3.560000000000000142e+01 -3.823369012484562700e+05 -1.938974503659316397e+05
3.570000000000000284e+01 -4.295552924629756017e+05 -3.391597998093907372e+05
3.579999999999999716e+01 -4.483378865531160263e+05 -4.623804702429467579e+05
3.589999999999999858e+01 -4.376769627412474947e+05 -5.429419162686484633e+05
3.600000000000000000e+01 -4.046342751870152424e+05 -5.657599269826253876e+05
3.610000000000000142e+01 -3.648129724676572368e+05 -5.393418818296854151e+05
3.620000000000000284e+01 -3.392605575583780883e+05 -4.984459567743226653e+05
3.629999999999999716e+01 -3.436047118001396884e+05 -4.799241900051092962e+05
3.639999999999999858e+01 -3.741038174140714691e+05 -4.901786669455701485e+05
3.650000000000000000e+01 -4.045517483558412641e+05 -4.966051599123968044e+05
3.660000000000000142e+01 -4.027779162979718531e+05 -4.546581320392815396e+05
3.670000000000000284e+01 -3.558701042197130155e+05 -3.469872884908272536e+05
3.679999999999999716e+01 -2.802603940891417442e+05 -1.989078826534829568e+05
3.689999999999999858e+01 -2.052250365091373387e+05 -5.802971114606402261e+04
3.700000000000000000e+01 -1.460073205431773385e+05 4.031968877954100753e+04
3.710000000000000142e+01 -9.425183336016717658e+04 9.088086773740791250e+04
3.720000000000000284e+01 -3.387404534701490775e+04 1.097052658776759345e+05
3.729999999999999716e+01 3.785971596472305100e+04 1.148794736681574286e+05
3.739999999999999858e+01 1.080520476543225232e+05 1.164935615160648158e+05
3.750000000000000000e+01 1.646049638503362075e+05 1.187652979999907548e+05
3.760000000000000142e+01 2.095624639225806168e+05 1.230538000198767113e+05
3.770000000000000284e+01 2.537300830140390608e+05 1.245025684409803798e+05
3.779999999999999716e+01 3.009775394243804039e+05 1.086757574825338233e+05
3.789999999999999858e+01 3.420029772735848092e+05 5.847407278489429154e+04
3.800000000000000000e+01 3.638541196031378349e+05 -3.004447999473235541e+04
3.810000000000000142e+01 3.622780670793373720e+05 -1.376478270768757211e+05
3.820000000000000284e+01 3.427866735833165585e+05 -2.304361061831947591e+05
3.829999999999999716e+01 3.121271693687188090e+05 -2.820565639655998675e+05
3.839999999999999858e+01 2.729103394126034691e+05 -2.897379830123819411e+05
3.850000000000000000e+01 2.273979699665469816e+05 -2.690532994001680054e+05
3.860000000000000142e+01 1.827828285075986350e+05 -2.338351900450294488e+05
3.870000000000000284e+01 1.483984524160477740e+05 -1.832231076394421398e+05
3.879999999999999716e+01 1.270672850489848061e+05 -1.092942970336397702e+05
3.889999999999999858e+01 1.120600399644469580e+05 -1.465405382394709159e+04
3.900000000000000000e+01 9.525104840535999392e+04 8.258463994422319229e+04
3.910000000000000142e+01 7.794744392305251677e+04 1.640147164420780609e+05
3.920000000000000284e+01 7.106177020536561031e+04 2.292017077670156723e+05
3.929999999999999716e+01 8.241426537397204083e+04 2.951989832143585081e+05
3.939999999999999858e+01 1.039376384465540614e+05 3.768475526286921813e+05
3.950000000000000000e+01 1.135521789881067525e+05 4.691958746338744531e+05
3.960000000000000142e+01 9.232316110130207380e+04 5.501449744115383364e+05
3.970000000000000284e+01 4.123019768799231679e+04 5.984716103895591805e+05
3.979999999999999716e+01 -1.940779357902927586e+04 6.074539492402886972e+05
3.989999999999999858e+01 -6.823953536819266446e+04 5.827876044887243770e+05
4.000000000000000000e+01 -1.006544810483892070e+05 5.321333514514039271e+05
4.010000000000000142e+01 -1.272918568469875900e+05 4.599595199712081812e+05
4.020000000000000284e+01 -1.553684979713695357e+05 3.708115805089776986e+05
4.029999999999999716e+01 -1.757313703098535188e+05 2.721917857191304211e+05
4.039999999999999858e+01 -1.739645305716058938e+05 1.695523635921334790e+05
4.050000000000000000e+01 -1.551046401578786317e+05 5.808403527569252765e+04
4.060000000000000142e+01 -1.506668100816296937e+05 -7.608365361870006018e+04
4.070000000000000284e+01 -1.920709221734132152e+05 -2.398492653872404480e+05
4.079999999999999716e+01 -2.735196648575912695e+05 -4.140206466856363695e+05
4.089999999999999858e+01 -3.453980343841045978e+05 -5.521731259027674096e+05
4.100000000000000000e+01 -3.513907004116557073e+05 -6.064755133222021395e+05
4.110000000000000142e+01 -2.763904925768626272e+05 -5.633567130985404365e+05
4.120000000000000284e+01 -1.590262025712965988e+05 -4.573285126273823553e+05
4.129999999999999716e+01 -5.773042549764071009e+04 -3.470063246078314842e+05
4.139999999999999858e+01 -4.510738008989836089e+03 -2.718999425452497089e+05
4.150000000000000000e+01 1.150144019295278122e+04 -2.278270880666062294e+05
4.160000000000000142e+01 2.233343856502856943e+04 -1.817125108189087186e+05
4.170000000000000284e+01 4.908180718639827683e+04 -1.092548100673959852e+05
4.179999999999999716e+01 9.001591556461752043e+04 -1.891422999922679446e+04
4.189999999999999858e+01 1.325512436434570409e+05 5.807261313788819825e+04
4.200000000000000000e+01 1.689293729020493338e+05 9.775610953786835307e+04
4.210000000000000142e+01 1.979875252922901709e+05 1.023984322236338921e+05
4.220000000000000284e+01 2.161661168543727545e+05 9.172698055048678361e+04
4.229999999999999716e+01 2.138959017858811712e+05 7.909347536169644445e+04
4.239999999999999858e+01 1.848952850636225485e+05 5.866536076952269650e+04
4.250000000000000000e+01 1.377838700211669202e+05 1.581729014776334225e+04
4.260000000000000142e+01 9.430417541880827048e+04 -5.216236958877870347e+04
4.270000000000000284e+01 7.294503971378324786e+04 -1.277000003626924590e+05
4.279999999999999716e+01 7.394429055427023559e+04 -1.851311897827124922e+05
4.289999999999999858e+01 8.111548935059117503e+04 -2.100530380504021596e+05
4.300000000000000000e+01 7.800007655501549016e+04 -2.068318972291478713e+05
4.310000000000000142e+01 6.113756165779667208e+04 -1.896503783156523714e+05
4.320000000000000284e+01 3.819895155633139075e+04 -1.688706159846505907e+05
4.329999999999999716e+01 1.649415617980895331e+04 -1.454577811341436172e+05
4.339999999999999858e+01 -3.107896250299789244e+03 -1.144373236038160685e+05
4.350000000000000000e+01 -2.074089176365971798e+04 -7.009199173301862902e+04
4.360000000000000142e+01 -2.998076430784708646e+04 -8.736572269922442501e+03
4.370000000000000284e+01 -2.062786686896282481e+04 6.894781934597529471e+04
4.379999999999999716e+01 8.777612542299961206e+03 1.550050380714185303e+05
4.389999999999999858e+01 4.279665687523216184e+04 2.348823030787449679e+05
4.400000000000000000e+01 5.673503496864436602e+04 2.948651686253455118e+05
4.410000000000000142e+01 3.495616509229212534e+04 3.311072293324533384e+05
4.420000000000000284e+01 -1.715114306899131043e+04 3.505962073730719276e+05
4.429999999999999716e+01 -7.829232755194371566e+04 3.618767891156078549e+05
4.439999999999999858e+01 -1.270689548301694449e+05 3.653514074462605640e+05
4.450000000000000000e+01 -1.532478545173083548e+05 3.544855857400933746e+05
4.460000000000000142e+01 -1.573282215202086372e+05 3.267913636123656179e+05
4.470000000000000284e+01 -1.448306762984452362e+05 2.909423840221050195e+05
4.479999999999999716e+01 -1.245321537940697162e+05 2.593453591308258474e+05
4.489999999999999858e+01 -1.103065003815655946e+05 2.322476999173020013e+05
4.500000000000000000e+01 -1.181977708876377728e+05 1.915432500630043214e+05
4.510000000000000142e+01 -1.551963334394884296e+05 1.148838090257086005e+05
4.520000000000000284e+01 -2.085864402284955431e+05 -4.632880311331537087e+02
4.529999999999999716e+01 -2.490493591897771112e+05 -1.274559582174225070e+05
4.539999999999999858e+01 -2.495832106456398615e+05 -2.259127044325472089e+05
4.550000000000000000e+01 -2.060489667182879348e+05 -2.738539301795654465e+05
4.560000000000000142e+01 -1.412117321655577689e+05 -2.856935636271891999e+05
4.570000000000000284e+01 -8.796280502430920023e+04 -2.994299708440486575e+05
4.579999999999999716e+01 -6.582765793236494937e+04 -3.427473025136118522e+05
4.589999999999999858e+01 -6.974177450956679240e+04 -4.079072229371385183e+05
4.600000000000000000e+01 -7.761304790529736783e+04 -4.581291224170400528e+05
4.610000000000000142e+01 -6.714761854208869045e+04 -4.595124214737769216e+05
4.620000000000000284e+01 -2.808269570558609848e+04 -4.090934810831594514e+05
4.629999999999999716e+01 3.582578531483659754e+04 -3.341179600522932597e+05
4.639999999999999858e+01 1.114278374631726183e+05 -2.658014069992017467e+05
4.650000000000000000e+01 1.821036815810707049e+05 -2.144475514968167699e+05
4.660000000000000142e+01 2.332776990075606736e+05 -1.683369211195960816e+05
4.670000000000000284e+01 2.577766326601691544e+05 -1.127152895751508477e+05
4.679999999999999716e+01 2.595877170382522745e+05 -4.630700509582373343e+04
4.689999999999999858e+01 2.528170875689436216e+05 2.028415597237786278e+04
4.700000000000000000e+01 2.542522269485924044e+05 7.817783473169157514e+04
4.710000000000000142e+01 2.725339012536975206e+05 1.285532697239487752e+05
4.720000000000000284e+01 3.011366857010626700e+05 1.777638419766438601e+05
4.729999999999999716e+01 3.217857890766708879e+05 2.271021011198543129e+05
4.739999999999999858e+01 3.176276753794337856e+05 2.692416735934931203e+05
4.750000000000000000e+01 2.860428286829052377e+05 2.940418293240503408e+05
4.760000000000000142e+01 2.393275152980269922e+05 2.964653581412653439e+05
4.770000000000000284e+01 1.922545809187820996e+05 2.792422207942357054e+05
4.779999999999999716e+01 1.493206254807352962e+05 2.501341156360339664e+05
4.789999999999999858e+01 1.052924587059533369e+05 2.185419592348006845e+05
4.800000000000000000e+01 5.740176011741561524e+04 1.939460245804813167e+05
4.810000000000000142e+01 1.318184178224117204e+04 1.838354568651721056e+05
4.820000000000000284e+01 -1.716982482880445605e+04 1.888693685640871408e+05
4.829999999999999716e+01 -3.522122090295018279e+04 1.987397026086190890e+05
4.839999999999999858e+01 -5.646684894695255207e+04 1.957228538992910762e+05
4.850000000000000000e+01 -9.474538078810655861e+04 1.671127153280493221e+05
4.860000000000000142e+01 -1.456361267441494565e+05 1.168682827968725469e+05
4.870000000000000284e+01 -1.886013954318802862e+05 6.405714002333769895e+04
4.879999999999999716e+01 -2.064461475779598695e+05 2.738068499272137706e+04
4.889999999999999858e+01 -2.005092882484278525e+05 1.017331344629366140e+04
4.900000000000000000e+01 -1.854978263640441583e+05 9.068044847789251435e+02
4.910000000000000142e+01 -1.721722627145378501e+05 -1.230736266506007996e+04
4.920000000000000284e+01 -1.594543048236435279e+05 -3.022828680811542654e+04
4.929999999999999716e+01 -1.442495842896973772e+05 -4.683594039543916733e+04
4.939999999999999858e+01 -1.344245602079210803e+05 -6.268387723879796977e+04
4.950000000000000000e+01 -1.459948829873074428e+05 -8.867959540248420672e+04
4.960000000000000142e+01 -1.848658845260466042e+05 -1.327184096023103339e+05
4.970000000000000284e+01 -2.335277454729619203e+05 -1.832298252984351129e+05
4.979999999999999716e+01 -2.603235553195209359e+05 -2.106421419372041710e+05
4.989999999999999858e+01 -2.455198497980439279e+05 -1.907609191639157943e+05
5.000000000000000000e+01 -1.994448443234626320e+05 -1.303338308961793809e+05
5.010000000000000142e+01 -1.540653627383571875e+05 -6.945238119705289137e+04
5.020000000000000284e+01 -1.350617614390476665e+05 -5.457626553020485153e+04
5.029999999999999716e+01 -1.406832739491909160e+05 -1.025614626281169476e+05
5.039999999999999858e+01 -1.466009547802423185e+05 -1.858347826603649883e+05
5.050000000000000000e+01 -1.299396622014288441e+05 -2.522136064039786870e+05
5.060000000000000142e+01 -8.784040722910189652e+04 -2.634922001073496067e+05
5.070000000000000284e+01 -3.428898190314430394e+04 -2.207499947549775825e+05
5.079999999999999716e+01 1.714406898691906827e+04 -1.567738417223295837e+05
5.089999999999999858e+01 6.432088572953251423e+04 -1.058958989830048813e+05
5.100000000000000000e+01 1.116147739539842587e+05 -8.006191336501350452e+04
5.110000000000000142e+01 1.584010002900802356e+05 -6.948483110801366274e+04
5.120000000000000284e+01 1.957095761179818655e+05 -5.979735172917308228e+04
5.129999999999999716e+01 2.142037740184727008e+05 -4.432255710841978726e+04
5.139999999999999858e+01 2.139305342270697583e+05 -2.186727669622720714e+04
5.150000000000000000e+01 2.058116749145252979e+05 1.026841703768432490e+04
5.160000000000000142e+01 2.038894411482119176e+05 5.526090738833245996e+04
5.170000000000000284e+01 2.151429579689377279e+05 1.089651613521907275e+05
5.179999999999999716e+01 2.347332833308385743e+05 1.576333718871528981e+05
5.189999999999999858e+01 2.501109685794562101e+05 1.872201063811022905e+05
5.200000000000000000e+01 2.505703932896842016e+05 1.955155461897916975e+05
5.210000000000000142e+01 2.338249180323630571e+05 1.937381750494070584e+05
5.220000000000000284e+01 2.036320591546238866e+05 1.954303190180733800e+05
5.229999999999999716e+01 1.623968731265050592e+05 2.043587328226717364e+05
5.239999999999999858e+01 1.093193569982821646e+05 2.138389000695363211e+05
5.250000000000000000e+01 4.767562825671854080e+04 2.168879216245851130e+05
5.260000000000000142e+01 -9.087003906872094376e+03 2.145901272751475044e+05
5.270000000000000284e+01 -4.443140382010606118e+04 2.125805519632051000e+05
5.279999999999999716e+01 -5.472459966107507353e+04 2.099015716764089011e+05
5.289999999999999858e+01 -5.536490223985580087e+04 1.943510101957770530e+05
5.300000000000000000e+01 -6.666383205774903763e+04 1.520612229544931906e+05
5.310000000000000142e+01 -9.290901640061338549e+04 8.293243344980801339e+04
5.320000000000000284e+01 -1.177869880208019604e+05 5.701336905869204202e+03
5.329999999999999716e+01 -1.215348958898667188e+05 -5.404090296440789825e+04
5.339999999999999858e+01 -1.008548088558936288e+05 -8.272262113920446427e+04
5.350000000000000000e+01 -7.080496831993485102e+04 -8.789503333149635000e+04
5.360000000000000142e+01 -4.930625789493035700e+04 -9.055112442164431559e+04
5.370000000000000284e+01 -4.292026011690270388e+04 -1.085170786208888167e+05
5.379999999999999716e+01 -4.742305018881284923e+04 -1.445182092893504305e+05
5.389999999999999858e+01 -5.780036161432541121e+04 -1.860803692015550623e+05
5.400000000000000000e+01 -7.323575546812382527e+04 -2.144982577520955820e+05
5.410000000000000142e+01 -9.221387196750481962e+04 -2.158064395362851210e+05
5.420000000000000284e+01 -1.071165536070405215e+05 -1.886956686746014166e+05
5.429999999999999716e+01 -1.087556427767711866e+05 -1.470894482451421500e+05
5.439999999999999858e+01 -9.804783111782172637e+04 -1.155290439200499677e+05
5.450000000000000000e+01 -9.059165228823076177e+04 -1.167517625637861784e+05
5.460000000000000142e+01 -1.050463120243914454e+05 -1.563716251078443893e+05
5.470000000000000284e+01 -1.440329274333616486e+05 -2.156097710496964282e+05
5.479999999999999716e+01 -1.870399865104808996e+05 -2.607114040298493928e+05
5.489999999999999858e+01 -2.047001194710720156e+05 -2.648200928173508146e+05
5.500000000000000000e+01 -1.821811037916342611e+05 -2.256587672687980230e+05
5.510000000000000142e+01 -1.298849974194197566e+05 -1.644861329292968439e+05
5.520000000000000284e+01 -7.288559955503330275e+04 -1.083315764130509488e+05
5.529999999999999716e+01 -3.142967117617525582e+04 -7.197530757874526898e+04
5.539999999999999858e+01 -1.048426431273279377e+04 -5.371038979443634162e+04
5.550000000000000000e+01 -3.173287646770686024e+03 -4.367342229458287329e+04
5.560000000000000142e+01 1.066420640042586456e+03 -3.289770134445260919e+04
5.570000000000000284e+01 1.233551224429482318e+04 -1.514797488186481496e+04
5.579999999999999716e+01 3.902253554492710828e+04 1.548675968139192628e+04
5.589999999999999858e+01 8.442286945127759827e+04 6.389759148283668765e+04
5.600000000000000000e+01 1.421783364920232270e+05 1.285361189708983293e+05
5.610000000000000142e+01 1.968507454804942245e+05 1.973052515096308198e+05
5.620000000000000284e+01 2.320952971515655227e+05 2.514811350609174406e+05
5.629999999999999716e+01 2.406225916272091854e+05 2.772246500363906380e+05
5.639999999999999858e+01 2.277368534298953600e+05 2.759725702220552485e+05
5.650000000000000000e+01 2.060954313068880874e+05 2.638862849062061869e+05
5.660000000000000142e+01 1.866875853308750666e+05 2.592766042349144118e+05
5.670000000000000284e+01 1.731468562638986623e+05 2.685616603861578042e+05
5.679999999999999716e+01 1.627389201547343982e+05 2.836995344384601340e+05
5.689999999999999858e+01 1.515375347965363471e+05 2.927545067860415438e+05
5.700000000000000000e+01 1.381234857806006912e+05 2.914624327953553875e+05
5.710000000000000142e+01 1.225285413592093828e+05 2.834712148502361379e+05
5.720000000000000284e+01 1.031922079477286607e+05 2.712951366435707314e+05
5.729999999999999716e+01 7.761440459708162234e+04 2.514252740385385987e+05
5.739999999999999858e+01 4.761138149600697216e+04 2.207373600318216777e+05
5.750000000000000000e+01 2.265439070856824401e+04 1.852240069591682986e+05
5.760000000000000142e+01 1.481597580519484472e+04 1.574815069029734004e+05
5.770000000000000284e+01 2.812244247684444417e+04 1.432572715465520450e+05
5.779999999999999716e+01 5.290658518121221277e+04 1.324097280459027097e+05
5.789999999999999858e+01 7.187684576826100238e+04 1.062300224487509258e+05
5.800000000000000000e+01 7.272542982757986465e+04 5.457963366405974375e+04
5.810000000000000142e+01 5.551062484058827249e+04 -1.512699319804264815e+04
5.820000000000000284e+01 2.878971480427376810e+04 -8.593246698469732655e+04
5.829999999999999716e+01 -8.941831532531796256e+01 -1.465030147966707009e+05
5.839999999999999858e+01 -3.008758408439114282e+04 -1.969611882710482751e+05
5.850000000000000000e+01 -6.279897569768645917e+04 -2.411920037774342636e+05
5.860000000000000142e+01 -9.663699341685327818e+04 -2.778692736085418146e+05
5.870000000000000284e+01 -1.284818453090696712e+05 -3.036484800248123938e+05
5.879999999999999716e+01 -1.623519098678343289e+05 -3.257409806618039147e+05
5.889999999999999858e+01 -2.121798292850016733e+05 -3.658698210537630366e+05
5.900000000000000000e+01 -2.884795943741551600e+05 -4.431843786145008635e+05
5.910000000000000142e+01 -3.786487060772365076e+05 -5.478583025584348943e+05
5.920000000000000284e+01 -4.451786630983646610e+05 -6.339787499338735361e+05
5.929999999999999716e+01 -4.520824563449785928e+05 -6.470251151999731082e+05
5.939999999999999858e+01 -3.974767377331939642e+05 -5.665445251550489338e+05
5.950000000000000000e+01 -3.176497809615152655e+05 -4.247691985975785647e+05
5.960000000000000142e+01 -2.551079999363411625e+05 -2.817157444797956850e+05
5.970000000000000284e+01 -2.219567170412411215e+05 -1.790884407584000728e+05
5.979999999999999716e+01 -1.952558156525612867e+05 -1.152009993326405674e+05
5.989999999999999858e+01 -1.461215678686028696e+05 -6.001542942213895731e+04
6.000000000000000000e+01 -6.991974979098404583e+04 1.075351392069848953e+04
6.010000000000000142e+01 1.164544722768551583e+04 9.753863829555912525e+04
6.020000000000000284e+01 7.325116395745539921e+04 1.864896964321712148e+05
6.029999999999999716e+01 1.073830376644992502e+05 2.679376726514895563e+05
6.039999999999999858e+01 1.257173632434148167e+05 3.412218292022205424e+05
6.050000000000000000e+01 1.441050350166295248e+05 4.050845577169032767e+05
6.060000000000000142e+01 1.674847434423697123e+05 4.504753340944747324e+05
6.070000000000000284e+01 1.869580233355271048e+05 4.665041285480507649e+05
6.079999999999999716e+01 1.895682083743665717e+05 4.520054890013614786e+05
6.089999999999999858e+01 1.718448699862941867e+05 4.186017086991647957e+05
6.100000000000000000e+01 1.455744622975534294e+05 3.820463821607741993e+05
6.110000000000000142e+01 1.302985084896909684e+05 3.511517536228529643e+05
6.120000000000000284e+01 1.384888452775634942e+05 3.236447166606645915e+05
6.129999999999999716e+01 1.662661500644447806e+05 2.896923597335950471e+05
6.139999999999999858e+01 1.972085431409584708e+05 2.386885874679389235e+05
6.150000000000000000e+01 2.145566947702819598e+05 1.660229174756944412e+05
6.160000000000000142e+01 2.112110222356634913e+05 7.751627816724032164e+04
6.170000000000000284e+01 1.919797358113424561e+05 -1.203893559316852770e+04
6.179999999999999716e+01 1.698089820518541674e+05 -8.750337192315669381e+04
6.189999999999999858e+01 1.589195615033431386e+05 -1.430804442027414043e+05
6.200000000000000000e+01 1.662167679994558857e+05 -1.836173149746764102e+05
6.210000000000000142e+01 1.847577321101678535e+05 -2.159741097813759407e+05
6.220000000000000284e+01 1.962373142905496061e+05 -2.402897025343088608e+05
6.229999999999999716e+01 1.843789174683831807e+05 -2.511324332313397899e+05
6.239999999999999858e+01 1.492737532626512693e+05 -2.462628590572621615e+05
6.250000000000000000e+01 1.082901382767758332e+05 -2.314041087385514111e+05
6.260000000000000142e+01 8.077172743338067085e+04 -2.147663450974528678e+05
6.270000000000000284e+01 7.059920455001725350e+04 -1.978380532537759282e+05
6.279999999999999716e+01 6.379058142941139522e+04 -1.732452155726691708e+05
6.289999999999999858e+01 4.322089753361028124e+04 -1.324526615365296311e+05
6.300000000000000000e+01 5.083308495201767073e+03 -7.640683810606671614e+04
6.310000000000000142e+01 -3.971387251326585829e+04 -2.031079133094521239e+04
6.320000000000000284e+01 -8.005964303043682594e+04 1.174959198198249942e+04
6.329999999999999716e+01 -1.189763726209908782e+05 7.933502694782146136e+02
6.339999999999999858e+01 -1.711236313633171667e+05 -5.178888171949639218e+04
6.350000000000000000e+01 -2.440364400044608628e+05 -1.192539770867355546e+05
6.360000000000000142e+01 -3.221807853900138289e+05 -1.628438351529266802e+05
6.370000000000000284e+01 -3.730992806704028626e+05 -1.575338157737663714e+05
6.379999999999999716e+01 -3.738100012022107258e+05 -1.105666799968356499e+05
6.389999999999999858e+01 -3.329770600186933880e+05 -5.568447566508350428e+04
6.400000000000000000e+01 -2.850757059410145739e+05 -2.629198908566214959e+04
6.409999999999999432e+01 -2.596104941066564352e+05 -3.015232531215803465e+04
6.420000000000000284e+01 -2.549655258272288484e+05 -4.683372935780882835e+04
6.429999999999999716e+01 -2.431391425495287403e+05 -4.816771605873591034e+04
6.440000000000000568e+01 -1.997294306718785665e+05 -2.205668284183100332e+04
6.450000000000000000e+01 -1.271149915178635711e+05 2.075397284613311058e+04
6.459999999999999432e+01 -4.758187277805477788e+04 6.021146841532440158e+04
6.470000000000000284e+01 2.248693059272010578e+04 8.610078776525094872e+04
6.479999999999999716e+01 8.594462713714750134e+04 1.049297994492867438e+05
6.490000000000000568e+01 1.515435560802148539e+05 1.297395213101898844e+05
6.500000000000000000e+01 2.132641796733874362e+05 1.646151048495147261e+05
6.509999999999999432e+01 2.505612518117145228e+05 2.001792255935982394e+05
6.520000000000000284e+01 2.511737856966297841e+05 2.242645904707871377e+05
6.529999999999999716e+01 2.287747921907681157e+05 2.353871863268860034e+05
6.540000000000000568e+01 2.120430803225491545e+05 2.434557737510645529e+05
6.550000000000000000e+01 2.151993907157908543e+05 2.567769643446773116e+05
6.559999999999999432e+01 2.227142395649289829e+05 2.709014001372828498e+05
6.570000000000000284e+01 2.057719868848989136e+05 2.734672084508804255e+05
6.579999999999999716e+01 1.528915728247489897e+05 2.601637936616750667e+05
6.590000000000000568e+01 8.219463442679084255e+04 2.423996266161836102e+05
6.600000000000000000e+01 2.384639150446717758e+04 2.358329485295706545e+05
6.609999999999999432e+01 -7.025963022802687192e+03 2.419667421617017244e+05
6.620000000000000284e+01 -1.909820995002451673e+04 2.449081216584727517e+05
6.629999999999999716e+01 -2.977196540010627359e+04 2.286500244624374318e+05
6.640000000000000568e+01 -4.593681559568203375e+04 1.955476622367788805e+05
6.650000000000000000e+01 -6.131587055830771715e+04 1.639074509125382174e+05
6.659999999999999432e+01 -6.987720084341906477e+04 1.464190502068312489e+05
6.670000000000000284e+01 -7.677187713008359424e+04 1.339213442097498919e+05
6.679999999999999716e+01 -9.292281699603777088e+04 1.034825111121670343e+05
6.690000000000000568e+01 -1.197241515969356406e+05 4.222154236815995682e+04
6.700000000000000000e+01 -1.425722341617482307e+05 -3.908235697553534555e+04
6.709999999999999432e+01 -1.424913279859855538e+05 -1.163415988206009497e+05
6.720000000000000284e+01 -1.147706557175749331e+05 -1.739963891038432776e+05
6.729999999999999716e+01 -7.501289606328486116e+04 -2.157150159816796950e+05
6.740000000000000568e+01 -4.589255272796888312e+04 -2.561613331426701334e+05
6.750000000000000000e+01 -3.822012924957348150e+04 -3.060490944896973087e+05
6.759999999999999432e+01 -4.532760067415678350e+04 -3.657742169576535234e+05
6.770000000000000284e+01 -5.452794436180031335e+04 -4.295350538405636325e+05
6.779999999999999716e+01 -6.083132016883392498e+04 -4.903622502049284521e+05
6.790000000000000568e+01 -6.726982434573702631e+04 -5.392886140641421080e+05
6.800000000000000000e+01 -7.356486298416723730e+04 -5.627698766364710173e+05
6.809999999999999432e+01 -6.961482922667736420e+04 -5.468212117456749547e+05
6.820000000000000284e+01 -4.459276042877376312e+04 -4.886400524409234058e+05
6.829999999999999716e+01 -2.745916317868221086e+03 -4.054361643971779267e+05
6.840000000000000568e+01 3.339750560958802816e+04 -3.286968828709517256e+05
6.850000000000000000e+01 3.976793582072111894e+04 -2.838535737175417016e+05
6.859999999999999432e+01 1.303194367168779718e+04 -2.702694665019448730e+05
6.870000000000000284e+01 -2.360264411170137464e+04 -2.596475100347219268e+05
6.879999999999999716e+01 -3.780320228834333830e+04 -2.169795709691645170e+05
6.890000000000000568e+01 -1.318113908794961753e+04 -1.282293925422956090e+05
6.900000000000000000e+01 4.006263994136787369e+04 -1.173442151859926889e+04
6.909999999999999432e+01 9.599030712503372342e+04 9.617419111350440653e+04
6.920000000000000284e+01 1.324673602527277544e+05 1.683042737238387635e+05
6.929999999999999716e+01 1.420094923563357734e+05 2.029526543573220260e+05
6.940000000000000568e+01 1.294245076889531047e+05 2.173343125077348668e+05
6.950000000000000000e+01 1.052898778561773943e+05 2.278583343170063745e+05
6.959999999999999432e+01 8.343478607297345297e+04 2.377568221993295883e+05
6.970000000000000284e+01 7.955204109011829132e+04 2.419981785591583175e+05
6.979999999999999716e+01 1.038666723500043736e+05 2.396502475167833618e+05
6.990000000000000568e+01 1.503781541736896324e+05 2.368978494835009624e+05
7.000000000000000000e+01 1.953692720518149144e+05 2.374285234453971498e+05
7.009999999999999432e+01 2.123117827381945972e+05 2.342870161581046123e+05
7.020000000000000284e+01 1.923585941341191647e+05 2.163411056946915633e+05
7.029999999999999716e+01 1.505549842585698934e+05 1.832270600605982763e+05
7.040000000000000568e+01 1.108143752598163410e+05 1.495663501933844527e+05
7.050000000000000000e+01 8.470858597405008913e+04 1.310265575186543865e+05
7.059999999999999432e+01 6.531181818332290277e+04 1.281528984285319166e+05
7.070000000000000284e+01 4.030214581914219889e+04 1.281964375275170023e+05
7.079999999999999716e+01 7.646325204674911220e+03 1.228590318879987171e+05
7.090000000000000568e+01 -2.386853557675087359e+04 1.190402366714015370e+05
7.100000000000000000e+01 -4.788512552865929320e+04 1.283782260533504159e+05
7.109999999999999432e+01 -6.977920964006305439e+04 1.493410797488017124e+05
7.120000000000000284e+01 -9.970624457808674197e+04 1.661657099830445368e+05
7.129999999999999716e+01 -1.373534737322037399e+05 1.674306943395341514e+05
7.140000000000000568e+01 -1.672025610596154584e+05 1.610669357230216556e+05
7.150000000000000000e+01 -1.715184816168803372e+05 1.660144139158178004e+05
7.159999999999999432e+01 -1.477377904519032745e+05 1.894158505582068465e+05
7.170000000000000284e+01 -1.114707717648713005e+05 2.160635579906334169e+05
7.179999999999999716e+01 -8.227192210212445934e+04 2.222465052962085174e+05
7.190000000000000568e+01 -6.809699189435836161e+04 1.979780535967006581e+05
7.200000000000000000e+01 -6.457659127521366463e+04 1.533625192663880298e+05
7.209999999999999432e+01 -6.739715750799403759e+04 1.042286202898794145e+05
7.220000000000000284e+01 -8.111166185757321364e+04 5.509594879708039662e+04
7.229999999999999716e+01 -1.125059452954982407e+05 -1.242773901483393274e+03
7.240000000000000568e+01 -1.555463381941219268e+05 -6.828602012693835422e+04
7.250000000000000000e+01 -1.867730906619377783e+05 -1.339418015524713846e+05
7.259999999999999432e+01 -1.810352648574381310e+05 -1.786882053629388975e+05
7.270000000000000284e+01 -1.356598110073629650e+05 -1.979124287872647983e+05
7.279999999999999716e+01 -7.874573609726867289e+04 -2.137000317597070243e+05
7.290000000000000568e+01 -4.916029322352996678e+04 -2.581109054519889178e+05
7.300000000000000000e+01 -6.322939606025465764e+04 -3.395239549394071801e+05
7.309999999999999432e+01 -9.910904630765877664e+04 -4.260043965506184031e+05
7.320000000000000284e+01 -1.153601198729441967e+05 -4.671012750133499503e+05
7.329999999999999716e+01 -8.703096479369420558e+04 -4.365243750559831387e+05
7.340000000000000568e+01 -2.482551868208585074e+04 -3.541804803859796957e+05
7.350000000000000000e+01 3.919499022195796715e+04 -2.660635360113275237e+05
7.359999999999999432e+01 8.141682600763969822e+04 -2.042280806041081378e+05
7.370000000000000284e+01 1.010399520761980384e+05 -1.674809428339703009e+05
7.379999999999999716e+01 1.093343748867562681e+05 -1.365640791458897002e+05
7.390000000000000568e+01 1.123646672388948937e+05 -9.919234454313889728e+04
7.400000000000000000e+01 1.081624864472925547e+05 -5.579464074102118320e+04
7.409999999999999432e+01 9.725051407556931372e+04 -7.181535664814393385e+03
7.420000000000000284e+01 8.900235966354768607e+04 5.153567397726225317e+04
7.429999999999999716e+01 9.425768835538662097e+04 1.197026838001345750e+05
7.440000000000000568e+01 1.132016430982952879e+05 1.802004758329637116e+05
7.450000000000000000e+01 1.327475865945168189e+05 2.097217301116425078e+05
7.459999999999999432e+01 1.359141361136567721e+05 2.033126006227807957e+05
7.470000000000000284e+01 1.136062886198355118e+05 1.842540972866535303e+05
7.479999999999999716e+01 6.952976979948807275e+04 1.843062965462143766e+05
7.490000000000000568e+01 1.732746640465070959e+04 2.133534819147334201e+05
7.500000000000000000e+01 -2.565959382897813339e+04 2.504485241817620408e+05
7.509999999999999432e+01 -4.474983671129611321e+04 2.651123320055212826e+05
7.520000000000000284e+01 -3.373723670452414081e+04 2.459866823183618544e+05
7.529999999999999716e+01 1.019978801149351057e+03 2.085694408192172996e+05
7.540000000000000568e+01 4.174186867211983190e+04 1.775814285138955456e+05
7.550000000000000000e+01 6.819379302538346383e+04 1.644332978911573882e+05
7.559999999999999432e+01 7.086314959456349607e+04 1.614319255526857742e+05
7.570000000000000284e+01 5.830860507558996323e+04 1.546549951781154377e+05
7.579999999999999716e+01 5.069100213695131242e+04 1.393948648492572247e+05
7.590000000000000568e+01 6.327897890828782693e+04 1.226327251482922293e+05
7.600000000000000000e+01 9.423827349413842603e+04 1.124760181093439896e+05
7.609999999999999432e+01 1.277340515783100564e+05 1.075242585092028894e+05
7.620000000000000284e+01 1.483959585886919522e+05 9.724515267368934292e+04
7.629999999999999716e+01 1.525310863416987995e+05 7.161605157725659956e+04
7.640000000000000568e+01 1.462677040126301581e+05 2.916016843242176401e+04
7.650000000000000000e+01 1.346485225691155065e+05 -2.387236561663947214e+04
7.659999999999999432e+01 1.138421276697833964e+05 -7.973213419171408168e+04
7.670000000000000284e+01 7.469963611340503849e+04 -1.325049411580275919e+05
7.679999999999999716e+01 1.492786829482737812e+04 -1.762120367407156737e+05
7.690000000000000568e+01 -5.204641073733923258e+04 -2.038698879493082350e+05
7.700000000000000000e+01 -1.033165617413679720e+05 -2.133641299242752139e+05
7.709999999999999432e+01 -1.267376313482729311e+05 -2.159129452298142132e+05
7.720000000000000284e+01 -1.365393756257044151e+05 -2.348844919759676559e+05
7.729999999999999716e+01 -1.634920351629310171e+05 -2.888191605375109357e+05
7.740000000000000568e+01 -2.225552015127408376e+05 -3.699618449376514764e+05
7.750000000000000000e+01 -2.898100329002714134e+05 -4.401831368890963495e+05
7.759999999999999432e+01 -3.179362375097597251e+05 -4.544249721221707878e+05
7.770000000000000284e+01 -2.799962646736201714e+05 -3.952784949413865106e+05
7.779999999999999716e+01 -1.970627516245467123e+05 -2.881551858022692613e+05
7.790000000000000568e+01 -1.194215314873493626e+05 -1.824705026695639826e+05
7.800000000000000000e+01 -8.109243422806312446e+04 -1.158117738205170317e+05
7.809999999999999432e+01 -7.541217826451821020e+04 -9.234256846897621290e+04
7.820000000000000284e+01 -7.300434852644827333e+04 -8.982273567264006124e+04
7.829999999999999716e+01 -5.588251229360437719e+04 -8.215601960314110329e+04
7.840000000000000568e+01 -2.906357765820827626e+04 -5.554200441094016423e+04
7.850000000000000000e+01 -3.788478347310636309e+03 -1.016484555284263479e+04
7.859999999999999432e+01 2.005126584197129705e+04 4.515131696987121541e+04
7.870000000000000284e+01 4.978511010762082879e+04 9.737760949857921514e+04
7.879999999999999716e+01 8.328643935064584366e+04 1.332923651146830816e+05
7.890000000000000568e+01 1.047860337876753183e+05 1.458078138703909062e+05
7.900000000000000000e+01 1.006122984979793546e+05 1.392474929383681738e+05
7.909999999999999432e+01 7.607838634642244142e+04 1.270100405058578763e+05
7.920000000000000284e+01 5.254326050041473354e+04 1.216053146372256888e+05
7.929999999999999716e+01 4.671393811767641455e+04 1.259597194610260194e+05
7.940000000000000568e+01 5.443897087414155249e+04 1.344548515629888861e+05
7.950000000000000000e+01 5.604489302526426036e+04 1.417423811244673852e+05
7.959999999999999432e+01 3.709585454528225819e+04 1.486848523634474550e+05
7.970000000000000284e+01 3.295270396082109073e+03 1.583552046009697951e+05
7.979999999999999716e+01 -2.417836852446800913e+04 1.674492322674744355e+05
7.990000000000000568e+01 -2.670970139039706555e+04 1.653435629018112668e+05
8.000000000000000000e+01 -2.360607793139381101e+03 1.451431364657581726e+05
8.009999999999999432e+01 3.482816585105037666e+04 1.161469311549673730e+05
8.020000000000000284e+01 6.696940661058665137e+04 1.024539077691513521e+05
8.029999999999999716e+01 8.455109942845354090e+04 1.250971333303548745e+05
8.040000000000000568e+01 9.008551206313565490e+04 1.827212592803067528e+05
8.050000000000000000e+01 9.242579396935523255e+04 2.493323446750116418e+05
8.059999999999999432e+01 9.753237419551369385e+04 2.924148556710778503e+05
8.070000000000000284e+01 1.033158763573089382e+05 2.957972466570282122e+05
8.079999999999999716e+01 1.024468850300486083e+05 2.677160188369416283e+05
8.090000000000000568e+01 8.996952252965539810e+04 2.289141061180621036e+05
8.100000000000000000e+01 6.832588318749039900e+04 1.938518256372765463e+05
8.109999999999999432e+01 4.569392521745811246e+04 1.627975859450681892e+05
8.120000000000000284e+01 3.048847980243643542e+04 1.298391636051587411e+05
8.129999999999999716e+01 2.675171606686422456e+04 9.486897412067763798e+04
8.140000000000000568e+01 3.096858671544329263e+04 6.399287134840634826e+04
8.150000000000000000e+01 2.940631289765131078e+04 3.701582422889531881e+04
8.159999999999999432e+01 4.438511357263632817e+02 -2.120202096365625039e+03
8.170000000000000284e+01 -7.179658848044226761e+04 -7.588622686892625643e+04
8.179999999999999716e+01 -1.779072751012583904e+05 -1.886707450918715040e+05
8.190000000000000568e+01 -2.776495066678463481e+05 -3.113398135373756522e+05
8.200000000000000000e+01 -3.226162035561008379e+05 -3.954067964627281763e+05
8.209999999999999432e+01 -2.932046534590910305e+05 -4.096622229002467357e+05
8.220000000000000284e+01 -2.155600772417734261e+05 -3.671015826320905471e+05
8.229999999999999716e+01 -1.396306736404488038e+05 -3.151774889629467507e+05
8.240000000000000568e+01 -9.820013787942813360e+04 -2.958021685617748881e+05
8.250000000000000000e+01 -8.585580406904447591e+04 -3.109923185608232161e+05
8.259999999999999432e+01 -7.446814808396823355e+04 -3.254620765064130537e+05
8.270000000000000284e+01 -4.407612879042403074e+04 -3.022043833145587123e+05
8.279999999999999716e+01 3.037593099621648435e+03 -2.359467063648881740e+05
8.290000000000000568e+01 5.354341322353432770e+04 -1.534843267664702726e+05
8.300000000000000000e+01 1.003011097685655986e+05 -8.450193186937396240e+04
8.309999999999999432e+01 1.449865104639320343e+05 -3.530335316256643273e+04
8.320000000000000284e+01 1.867727054510657908e+05 8.800545808215123543e+03
8.329999999999999716e+01 2.143786847493722162e+05 5.987412368072206300e+04
8.340000000000000568e+01 2.132863600162504008e+05 1.119305556191642827e+05
8.350000000000000000e+01 1.813080020668182115e+05 1.501554970738140692e+05
8.359999999999999432e+01 1.355623643697093066e+05 1.705879753311446402e+05
8.370000000000000284e+01 1.024283845194186288e+05 1.848772693358377437e+05
8.379999999999999716e+01 9.914743763186901924e+04 2.050781224951079057e+05
8.390000000000000568e+01 1.233412855664098461e+05 2.284993316665483871e+05
8.400000000000000000e+01 1.577484400118353660e+05 2.412662007525112422e+05
8.409999999999999432e+01 1.827901523029020464e+05 2.349635994374247384e+05
8.420000000000000284e+01 1.852138479021799285e+05 2.153028658434939862e+05
8.429999999999999716e+01 1.598414874994335114e+05 1.936460517567421775e+05
8.440000000000000568e+01 1.102724420399005176e+05 1.741710750331224408e+05
8.450000000000000000e+01 5.156148303215630585e+04 1.530250121827598487e+05
8.459999999999999432e+01 8.656274244768690551e+03 1.283575032546806906e+05
8.470000000000000284e+01 3.983960252819000743e+03 1.059886577178388252e+05
8.479999999999999716e+01 3.987300005051141488e+04 9.257227415770516382e+04
8.490000000000000568e+01 9.190857789371453691e+04 8.563439043028766173e+04
8.500000000000000000e+01 1.227758809388244408e+05 7.434658416641340591e+04
8.509999999999999432e+01 1.072840885099710140e+05 5.099348986336454982e+04
8.520000000000000284e+01 4.816474643424048554e+04 1.916229723473626655e+04
8.529999999999999716e+01 -2.913114138586851186e+04 -1.162188720964218373e+04
8.540000000000000568e+01 -9.569282601382555731e+04 -3.846729741692193784e+04
8.550000000000000000e+01 -1.358075098397141555e+05 -6.944639572063356172e+04
8.559999999999999432e+01 -1.509228003406963544e+05 -1.137392967258639983e+05
8.570000000000000284e+01 -1.536700394570297503e+05 -1.686682704470766184e+05
8.579999999999999716e+01 -1.602611000114583876e+05 -2.193540882059881988e+05
8.590000000000000568e+01 -1.852665762402776163e+05 -2.531099223702106101e+05
8.600000000000000000e+01 -2.369101483016711427e+05 -2.734994364358272287e+05
8.609999999999999432e+01 -3.113587761562307132e+05 -2.974699112368784845e+05
8.620000000000000284e+01 -3.898110450362144620e+05 -3.360560231481952942e+05
8.629999999999999716e+01 -4.445264693798795342e+05 -3.776438861610562890e+05
8.640000000000000568e+01 -4.540586233965399442e+05 -3.927094720867800061e+05
8.650000000000000000e+01 -4.180234921367311035e+05 -3.585876724753224989e+05
8.659999999999999432e+01 -3.583934353734707111e+05 -2.818906700584174832e+05
8.670000000000000284e+01 -3.036780851593430270e+05 -1.964215918841061357e+05
8.679999999999999716e+01 -2.676914055512550403e+05 -1.369141380525425775e+05
8.690000000000000568e+01 -2.410246467331650201e+05 -1.118232499452563352e+05
8.700000000000000000e+01 -2.027461445026239380e+05 -9.906210675398004241e+04
8.709999999999999432e+01 -1.410583590445761511e+05 -6.681357660926858080e+04
8.720000000000000284e+01 -6.315922736222264939e+04 5.884450833698210772e+02
8.729999999999999716e+01 1.426665118921984686e+04 9.334608840920656803e+04
8.740000000000000568e+01 8.249652890916576143e+04 1.872566438183227438e+05
8.750000000000000000e+01 1.468967244604457228e+05 2.612304285711545672e+05
8.759999999999999432e+01 2.156402729705755191e+05 3.060996827192994533e+05
8.770000000000000284e+01 2.849121129890885786e+05 3.223070073697947664e+05
8.779999999999999716e+01 3.386209812244597124e+05 3.150685669864667580e+05
8.790000000000000568e+01 3.636976116290245554e+05 2.938804130447782809e+05
8.800000000000000000e+01 3.635951318623889238e+05 2.733574177039009519e+05
8.809999999999999432e+01 3.545785775167468237e+05 2.679813890766966506e+05
8.820000000000000284e+01 3.494355243858506437e+05 2.809454261737210909e+05
8.829999999999999716e+01 3.470933410897630965e+05 2.980395600784690469e+05
8.840000000000000568e+01 3.381153288907777169e+05 2.965110790731491288e+05
8.850000000000000000e+01 3.169589688081323984e+05 2.637786681749272393e+05
8.859999999999999432e+01 2.860532182649691822e+05 2.080791424907995679e+05
8.870000000000000284e+01 2.495583277800610522e+05 1.496903953023013310e+05
8.879999999999999716e+01 2.078753498886361485e+05 1.023821142743486562e+05
8.890000000000000568e+01 1.609522795356551651e+05 6.565556082710550982e+04
8.900000000000000000e+01 1.150400438021857553e+05 3.466714518319048511e+04
8.909999999999999432e+01 8.219485264513306902e+04 1.250727788992262504e+04
8.920000000000000284e+01 7.088545671758227400e+04 7.010978055010826210e+03
8.929999999999999716e+01 7.735123854415182723e+04 1.547401760928038857e+04
8.940000000000000568e+01 8.718795664994674735e+04 1.847399773784258286e+04
8.950000000000000000e+01 8.603259578803027398e+04 -5.347899616054084618e+03
8.959999999999999432e+01 6.950615944688493619e+04 -5.755114257563991123e+04
8.970000000000000284e+01 4.428105989622103516e+04 -1.155600301673716458e+05
8.979999999999999716e+01 2.101745107058607391e+04 -1.518317074137504678e+05
8.990000000000000568e+01 6.458798377938219346e+03 -1.573048886101526441e+05
9.000000000000000000e+01 6.776523470737593016e+02 -1.463070355070052901e+05
9.009999999999999432e+01 -7.525079573036637157e+02 -1.405332491184398532e+05
9.020000000000000284e+01 -3.929299777126259869e+03 -1.502342279856684036e+05
9.029999999999999716e+01 -1.572862572510134851e+04 -1.704030899042800302e+05
9.040000000000000568e+01 -4.326237516224780120e+04 -1.918605966184368590e+05
9.050000000000000000e+01 -9.099692098137055291e+04 -2.121186401679870323e+05
9.059999999999999432e+01 -1.561021832538135932e+05 -2.335627939744809119e+05
9.070000000000000284e+01 -2.262497454520991596e+05 -2.524717916373564512e+05
9.079999999999999716e+01 -2.838209931898982031e+05 -2.540795426674719492e+05
9.090000000000000568e+01 -3.158770250846149866e+05 -2.232275427172120253e+05
9.100000000000000000e+01 -3.235303870782250306e+05 -1.621301302257184871e+05
9.109999999999999432e+01 -3.223422051323470660e+05 -9.566812507801890024e+04
9.120000000000000284e+01 -3.306880557017257670e+05 -5.446277098217632738e+04
9.129999999999999716e+01 -3.536892696081071626e+05 -4.879223835818195948e+04
9.140000000000000568e+01 -3.768578989593444858e+05 -5.827744288081239210e+04
9.150000000000000000e+01 -3.768798694516341202e+05 -4.874029795038228622e+04
9.159999999999999432e+01 -3.407522143999688560e+05 -1.342246184656512924e+03
9.170000000000000284e+01 -2.754987047891538241e+05 7.261600861815572716e+04
9.179999999999999716e+01 -2.002124773107384681e+05 1.428686849329665420e+05
9.190000000000000568e+01 -1.303822880365809542e+05 1.839892170181855909e+05
9.200000000000000000e+01 -7.054746893650696438e+04 1.897213640442185861e+05
9.209999999999999432e+01 -1.920005738249288697e+04 1.696563074804131757e+05
9.220000000000000284e+01 2.428511648720757512e+04 1.381121147185486625e+05
9.229999999999999716e+01 6.002670046016876586e+04 1.075035699738047551e+05
9.240000000000000568e+01 9.233349047647436964e+04 8.710486814634545590e+04
9.250000000000000000e+01 1.294383310719995206e+05 8.067392052498098928e+04
9.259999999999999432e+01 1.761438467123208684e+05 8.211654071122329333e+04
9.270000000000000284e+01 2.271619018336113950e+05 7.670835988383626682e+04
9.279999999999999716e+01 2.688591544214240275e+05 5.200595918190761586e+04
9.290000000000000568e+01 2.882625768639980815e+05 1.002102673248425708e+04
9.300000000000000000e+01 2.814941289383046678e+05 -3.261561326512068626e+04
9.309999999999999432e+01 2.554311584826750041e+05 -5.837001421693933662e+04
9.320000000000000284e+01 2.226965173492375761e+05 -6.286532459169073263e+04
9.329999999999999716e+01 1.946299200343627599e+05 -5.492677664506144356e+04
9.340000000000000568e+01 1.769416220192471228e+05 -4.382623425792975468e+04
9.350000000000000000e+01 1.694598353021090734e+05 -2.915752896404330386e+04
9.359999999999999432e+01 1.678962241645495524e+05 -5.131789247892360436e+03
9.370000000000000284e+01 1.652384789983348455e+05 2.637235893284116173e+04
9.379999999999999716e+01 1.533815580676355166e+05 5.088578426130680600e+04
9.390000000000000568e+01 1.273208164800716622e+05 5.301693205120926723e+04
9.400000000000000000e+01 9.065874359623569762e+04 3.379410922194083105e+04
9.409999999999999432e+01 5.614154178348157438e+04 1.422440609622164629e+04
9.420000000000000284e+01 3.698429259708581958e+04 1.876492720632297278e+04
9.429999999999999716e+01 3.473582844640305848e+04 5.386977261269080918e+04
9.440000000000000568e+01 3.605274140161497053e+04 1.027323145905123965e+05
9.450000000000000000e+01 2.368189151340932585e+04 1.405234287922273506e+05
9.459999999999999432e+01 -8.096800433445532690e+03 1.534617726886273304e+05
9.470000000000000284e+01 -4.917942792518172064e+04 1.432904144218477013e+05
9.479999999999999716e+01 -8.485555060048596351e+04 1.169346792946876958e+05
9.490000000000000568e+01 -1.103692663964307285e+05 7.712874439722753596e+04
9.500000000000000000e+01 -1.332752039364831289e+05 2.553450024277377815e+04
9.509999999999999432e+01 -1.616805328758015821e+05 -2.781056117410180741e+04
9.520000000000000284e+01 -1.922164871299102379e+05 -6.405173128644580720e+04
9.529999999999999716e+01 -2.121526337278498686e+05 -6.943135432421654696e+04
9.540000000000000568e+01 -2.143902967046353151e+05 -5.130470715561599354e+04
9.550000000000000000e+01 -2.087710342485562433e+05 -3.824413660935353255e+04
9.559999999999999432e+01 -2.154869823575736082e+05 -5.928617855219022022e+04
9.570000000000000284e+01 -2.452370742123588570e+05 -1.177751493936509942e+05
9.579999999999999716e+01 -2.861944475855157943e+05 -1.837125901469769888e+05
9.590000000000000568e+01 -3.120755610169119318e+05 -2.148061672410035972e+05
9.600000000000000000e+01 -3.039981775145318243e+05 -1.903158290969715454e+05
9.609999999999999432e+01 -2.650702023466660175e+05 -1.277073458127938211e+05
9.620000000000000284e+01 -2.155263356498219655e+05 -6.654658871200252906e+04
9.629999999999999716e+01 -1.762986863910451066e+05 -3.526966305408487096e+04
9.640000000000000568e+01 -1.572114916542735009e+05 -3.258469286923219624e+04
9.650000000000000000e+01 -1.562197461932644073e+05 -3.843840266234071169e+04
9.659999999999999432e+01 -1.637066357223124942e+05 -3.821152869529900636e+04
9.670000000000000284e+01 -1.656151924806108873e+05 -3.304751177986303810e+04
9.679999999999999716e+01 -1.470342600964908488e+05 -2.930848653409674080e+04
9.690000000000000568e+01 -9.989204332260592491e+04 -2.509264836236838164e+04
9.700000000000000000e+01 -3.138340593504672870e+04 -1.203234333334572148e+04
9.709999999999999432e+01 3.581896795434987871e+04 1.123076997320246301e+04
9.720000000000000284e+01 7.575796724220155738e+04 3.265466577242780477e+04
9.729999999999999716e+01 7.670596563425955537e+04 3.695008436958465609e+04
9.740000000000000568e+01 5.033512617828247312e+04 2.134318504847769509e+04
9.750000000000000000e+01 2.382962915004015667e+04 -4.801670015999698080e+02
9.759999999999999432e+01 1.968911034028435824e+04 -1.019451397451214143e+04
9.770000000000000284e+01 3.933943732524207735e+04 8.412999129059608094e+01
9.779999999999999716e+01 6.492806561101792613e+04 2.366215824198580231e+04
9.790000000000000568e+01 7.770924073994535138e+04 4.775080185191545752e+04
9.800000000000000000e+01 7.508528539168796851e+04 6.425899893049997627e+04
9.809999999999999432e+01 6.948775448945150129e+04 7.275910437492700294e+04
9.820000000000000284e+01 7.185112718832712562e+04 7.553786617704101081e+04
9.829999999999999716e+01 7.952624342735442042e+04 7.283025250479370879e+04
9.840000000000000568e+01 8.281816778242391592e+04 6.425901728803894366e+04
9.850000000000000000e+01 8.169713661893593962e+04 5.350699107053957414e+04
9.859999999999999432e+01 9.129459182781830896e+04 4.843010007384949131e+04
9.870000000000000284e+01 1.272979515516577667e+05 5.427098890130899963e+04
9.879999999999999716e+01 1.859337699109094392e+05 6.697432525772732333e+04
9.890000000000000568e+01 2.407109982716780796e+05 7.516086396966432221e+04
9.900000000000000000e+01 2.611712416286569496e+05 7.027354883663327200e+04
9.909999999999999432e+01 2.363891829370381893e+05 5.477547818314476172e+04
9.920000000000000284e+01 1.816541771157024486e+05 3.944909672847203910e+04
9.929999999999999716e+01 1.240851938842898235e+05 3.229323526556955767e+04
9.940000000000000568e+01 8.295504551940452075e+04 3.094842766629712423e+04
9.950000000000000000e+01 6.250981584159209888e+04 2.706858953599145752e+04
9.959999999999999432e+01 5.840410718643397558e+04 1.736955209448355527e+04
9.970000000000000284e+01 6.415560279186814296e+04 7.569040114316961990e+03
9.979999999999999716e+01 7.004198986038452131e+04 4.147772379437672498e+03
9.990000000000000568e+01 6.458563728149027156e+04 6.186975471505964379e+03
1.000000000000000000e+02 4.638722871466320066e+04 9.327105478806111932e+03
