   1.1851270e+02   3.6301420e+01   1.8450000e+02
   1.1882286e+02   3.6351565e+01   1.3650000e+02
   0.0000000e+00   1.0393858e+06   1.0393858e+06
   1.0000000e-01   1.3307144e+06   7.2745619e+05
   2.0000000e-01   1.5714049e+06   4.1782938e+05
   3.0000000e-01   1.7505175e+06   1.0351952e+05
   4.0000000e-01   1.8771621e+06  -2.4090956e+05
   5.0000000e-01   1.9627795e+06  -6.2159000e+05
   6.0000000e-01   2.0111754e+06  -1.0019681e+06
   7.0000000e-01   2.0237576e+06  -1.3209352e+06
   8.0000000e-01   2.0019478e+06  -1.5353025e+06
   9.0000000e-01   1.9358954e+06  -1.6448968e+06
   1.0000000e+00   1.7968951e+06  -1.6786975e+06
   1.1000000e+00   1.5552309e+06  -1.6604630e+06
   1.2000000e+00   1.2134695e+06  -1.5900159e+06
   1.3000000e+00   8.1899656e+05  -1.4567799e+06
   1.4000000e+00   4.3735269e+05  -1.2679432e+06
   1.5000000e+00   1.1096913e+05  -1.0594200e+06
   1.6000000e+00  -1.5631997e+05  -8.7649006e+05
   1.7000000e+00  -3.7840275e+05  -7.4267806e+05
   1.8000000e+00  -5.5731512e+05  -6.4710819e+05
   1.9000000e+00  -6.7657331e+05  -5.6075500e+05
   2.0000000e+00  -7.2023462e+05  -4.6342706e+05
   2.1000000e+00  -6.9481438e+05  -3.5703225e+05
   2.2000000e+00  -6.3235950e+05  -2.5973941e+05
   2.3000000e+00  -5.7249281e+05  -1.9388605e+05
   2.4000000e+00  -5.3822575e+05  -1.7789542e+05
   2.5000000e+00  -5.2422719e+05  -2.1950922e+05
   2.6000000e+00  -5.0743169e+05  -3.0641862e+05
   2.7000000e+00  -4.7281869e+05  -4.0169138e+05
   2.8000000e+00  -4.3219266e+05  -4.5511700e+05
   2.9000000e+00  -4.1612169e+05  -4.2767553e+05
   3.0000000e+00  -4.4332356e+05  -3.1058003e+05
   3.1000000e+00  -4.9750584e+05  -1.2316781e+05
   3.2000000e+00  -5.3913456e+05   1.0654472e+05
   3.3000000e+00  -5.4460300e+05   3.5973922e+05
   3.4000000e+00  -5.3241056e+05   6.2830094e+05
   3.5000000e+00  -5.4492950e+05   9.0225694e+05
   3.6000000e+00  -6.0190844e+05   1.1581602e+06
   3.7000000e+00  -6.7724194e+05   1.3609989e+06
   3.8000000e+00  -7.2905812e+05   1.4783719e+06
   3.9000000e+00  -7.5228969e+05   1.4938846e+06
   4.0000000e+00  -7.9096575e+05   1.4083655e+06
   4.1000000e+00  -8.8771175e+05   1.2311055e+06
   4.2000000e+00  -1.0214202e+06   9.7400050e+05
   4.3000000e+00  -1.1060460e+06   6.5629962e+05
   4.4000000e+00  -1.0614971e+06   3.1190681e+05
   4.5000000e+00  -8.8676650e+05  -1.5311547e+04
   4.6000000e+00  -6.5868250e+05  -2.8959622e+05
   4.7000000e+00  -4.5798428e+05  -4.9795031e+05
   4.8000000e+00  -3.0035931e+05  -6.4497925e+05
   4.9000000e+00  -1.3924089e+05  -7.3299988e+05
   5.0000000e+00   7.3278602e+04  -7.5044031e+05
   5.1000000e+00   3.3696256e+05  -6.8323062e+05
   5.2000000e+00   6.0950531e+05  -5.3723681e+05
   5.3000000e+00   8.4703275e+05  -3.4565750e+05
   5.4000000e+00   1.0309222e+06  -1.5073914e+05
   5.5000000e+00   1.1632162e+06   2.3076859e+04
   5.6000000e+00   1.2508411e+06   1.7838992e+05
   5.7000000e+00   1.2999728e+06   3.2884438e+05
   5.8000000e+00   1.3184195e+06   4.7501862e+05
   5.9000000e+00   1.3141249e+06   5.9487138e+05
   6.0000000e+00   1.2901731e+06   6.5564744e+05
   6.1000000e+00   1.2460466e+06   6.3545725e+05
   6.2000000e+00   1.1856621e+06   5.3730656e+05
   6.3000000e+00   1.1199965e+06   3.8657741e+05
   6.4000000e+00   1.0566911e+06   2.1561480e+05
   6.5000000e+00   9.8659594e+05   4.7424262e+04
   6.6000000e+00   8.8479975e+05  -1.1010389e+05
   6.7000000e+00   7.2993025e+05  -2.5741703e+05
   6.8000000e+00   5.2502506e+05  -3.9296475e+05
   6.9000000e+00   2.9922653e+05  -5.1027862e+05
   7.0000000e+00   8.7372570e+04  -6.0370219e+05
   7.1000000e+00  -9.4102375e+04  -6.7335325e+05
   7.2000000e+00  -2.5393606e+05  -7.2115119e+05
   7.3000000e+00  -4.1248894e+05  -7.4164638e+05
   7.4000000e+00  -5.8332069e+05  -7.1954669e+05
   7.5000000e+00  -7.6527600e+05  -6.4024100e+05
   7.6000000e+00  -9.4589000e+05  -5.0619894e+05
   7.7000000e+00  -1.1074046e+06  -3.4476050e+05
   7.8000000e+00  -1.2311620e+06  -1.9814700e+05
   7.9000000e+00  -1.3031915e+06  -9.9701719e+04
   8.0000000e+00  -1.3210616e+06  -5.1712125e+04
   8.1000000e+00  -1.2949998e+06  -2.1815674e+04
   8.2000000e+00  -1.2389579e+06   3.6120270e+04
   8.3000000e+00  -1.1590590e+06   1.4933155e+05
   8.4000000e+00  -1.0515980e+06   3.0602681e+05
   8.5000000e+00  -9.1229775e+05   4.6372497e+05
   8.6000000e+00  -7.4564900e+05   5.7782162e+05
   8.7000000e+00  -5.6437325e+05   6.2482481e+05
   8.8000000e+00  -3.8180125e+05   6.0275762e+05
   8.9000000e+00  -2.0710616e+05   5.1633131e+05
   9.0000000e+00  -4.6989977e+04   3.6856403e+05
   9.1000000e+00   9.1860516e+04   1.6840552e+05
   9.2000000e+00   2.0477669e+05  -5.8187109e+04
   9.3000000e+00   2.9299250e+05  -2.7116462e+05
   9.4000000e+00   3.6362650e+05  -4.3401778e+05
   9.5000000e+00   4.2536350e+05  -5.3036825e+05
   9.6000000e+00   4.8505369e+05  -5.6603550e+05
   9.7000000e+00   5.4839719e+05  -5.5790931e+05
   9.8000000e+00   6.2143575e+05  -5.2031038e+05
   9.9000000e+00   7.0775738e+05  -4.5751681e+05
   1.0000000e+01   8.0181456e+05  -3.6530881e+05
   1.0100000e+01   8.8501181e+05  -2.3971719e+05
   1.0200000e+01   9.3089756e+05  -8.6357586e+04
   1.0300000e+01   9.1857438e+05   7.8416023e+04
   1.0400000e+01   8.4556325e+05   2.3648069e+05
   1.0500000e+01   7.2966831e+05   3.7743112e+05
   1.0600000e+01   5.9658319e+05   4.9784325e+05
   1.0700000e+01   4.6188931e+05   5.9295356e+05
   1.0800000e+01   3.2282803e+05   6.5371094e+05
   1.0900000e+01   1.6828681e+05   6.7384944e+05
   1.1000000e+01  -1.6845195e+03   6.5614950e+05
   1.1100000e+01  -1.6650538e+05   6.0786494e+05
   1.1200000e+01  -2.9675622e+05   5.3184100e+05
   1.1300000e+01  -3.7620094e+05   4.2680884e+05
   1.1400000e+01  -4.1219588e+05   2.9626322e+05
   1.1500000e+01  -4.2507391e+05   1.5172747e+05
   1.1600000e+01  -4.2934044e+05   4.9800195e+03
   1.1700000e+01  -4.2592109e+05  -1.3781219e+05
   1.1800000e+01  -4.0941744e+05  -2.6859719e+05
   1.1900000e+01  -3.7759897e+05  -3.6664928e+05
   1.2000000e+01  -3.3169469e+05  -4.0407003e+05
   1.2100000e+01  -2.7045338e+05  -3.6747272e+05
   1.2200000e+01  -1.8832484e+05  -2.7220316e+05
   1.2300000e+01  -8.0992781e+04  -1.5143259e+05
   1.2400000e+01   4.8186648e+04  -3.1846895e+04
   1.2500000e+01   1.8704748e+05   7.7439250e+04
   1.2600000e+01   3.1793122e+05   1.7396708e+05
   1.2700000e+01   4.2147981e+05   2.4653872e+05
   1.2800000e+01   4.8010159e+05   2.7526244e+05
   1.2900000e+01   4.8288803e+05   2.4628667e+05
   1.3000000e+01   4.3138141e+05   1.6458109e+05
   1.3100000e+01   3.4190509e+05   5.3295875e+04
   1.3200000e+01   2.4044836e+05  -5.7211121e+04
   1.3300000e+01   1.5068366e+05  -1.4164956e+05
   1.3400000e+01   8.1148211e+04  -1.8821528e+05
   1.3500000e+01   2.0267051e+04  -2.0139984e+05
   1.3600000e+01  -5.5121891e+04  -1.9741088e+05
   1.3700000e+01  -1.6110303e+05  -1.9315075e+05
   1.3800000e+01  -2.9084050e+05  -1.9617425e+05
   1.3900000e+01  -4.1521175e+05  -2.0432033e+05
   1.4000000e+01  -5.0152294e+05  -2.1456486e+05
   1.4100000e+01  -5.3612650e+05  -2.3038336e+05
   1.4200000e+01  -5.3232706e+05  -2.5878389e+05
   1.4300000e+01  -5.1726519e+05  -3.0085778e+05
   1.4400000e+01  -5.0944969e+05  -3.4748881e+05
   1.4500000e+01  -5.0573994e+05  -3.8496972e+05
   1.4600000e+01  -4.8720494e+05  -4.0305934e+05
   1.4700000e+01  -4.3716119e+05  -3.9654869e+05
   1.4800000e+01  -3.5598241e+05  -3.6183712e+05
   1.4900000e+01  -2.6159850e+05  -2.9718331e+05
   1.5000000e+01  -1.7638377e+05  -2.0872038e+05
   1.5100000e+01  -1.1094027e+05  -1.1314973e+05
   1.5200000e+01  -5.7189867e+04  -2.8941363e+04
   1.5300000e+01   3.3301484e+03   3.8084234e+04
   1.5400000e+01   8.1390031e+04   9.9250312e+04
   1.5500000e+01   1.6655939e+05   1.7055778e+05
   1.5600000e+01   2.3115322e+05   2.5449125e+05
   1.5700000e+01   2.5093900e+05   3.3434856e+05
   1.5800000e+01   2.2618159e+05   3.8690938e+05
   1.5900000e+01   1.8400002e+05   4.0118891e+05
   1.6000000e+01   1.5847784e+05   3.8614722e+05
   1.6100000e+01   1.6518373e+05   3.6171412e+05
   1.6200000e+01   1.9206841e+05   3.4229897e+05
   1.6300000e+01   2.1364419e+05   3.2685431e+05
   1.6400000e+01   2.1459448e+05   3.0266303e+05
   1.6500000e+01   2.0192558e+05   2.5849600e+05
   1.6600000e+01   1.9659177e+05   1.9536153e+05
   1.6700000e+01   2.1391438e+05   1.2533510e+05
   1.6800000e+01   2.5057517e+05   6.0096086e+04
   1.6900000e+01   2.8832909e+05   1.3939336e+03
   1.7000000e+01   3.0893325e+05  -5.6028008e+04
   1.7100000e+01   3.0571038e+05  -1.1271270e+05
   1.7200000e+01   2.8267156e+05  -1.5864678e+05
   1.7300000e+01   2.4580517e+05  -1.8132633e+05
   1.7400000e+01   1.9805995e+05  -1.7835664e+05
   1.7500000e+01   1.4247831e+05  -1.5926636e+05
   1.7600000e+01   8.6284211e+04  -1.3522647e+05
   1.7700000e+01   3.7551547e+04  -1.1086291e+05
   1.7800000e+01  -2.9979023e+03  -8.7918328e+04
   1.7900000e+01  -4.4063078e+04  -7.2188625e+04
   1.8000000e+01  -9.4719094e+04  -6.9479180e+04
   1.8100000e+01  -1.5303170e+05  -7.3072953e+04
   1.8200000e+01  -2.0515772e+05  -6.1645609e+04
   1.8300000e+01  -2.3647572e+05  -1.7514797e+04
   1.8400000e+01  -2.4315481e+05   5.1090961e+04
   1.8500000e+01  -2.3300111e+05   1.0992647e+05
   1.8600000e+01  -2.1681788e+05   1.2526261e+05
   1.8700000e+01  -2.0055584e+05   9.2259648e+04
   1.8800000e+01  -1.8487003e+05   3.7694480e+04
   1.8900000e+01  -1.6909617e+05  -3.8492969e+03
   1.9000000e+01  -1.5324802e+05  -1.5806330e+04
   1.9100000e+01  -1.3649730e+05  -5.0985791e+03
   1.9200000e+01  -1.1554451e+05   1.1894275e+04
   1.9300000e+01  -8.5451062e+04   2.5073496e+04
   1.9400000e+01  -4.2017031e+04   3.4845930e+04
   1.9500000e+01   1.6013941e+04   4.7044977e+04
   1.9600000e+01   8.5224641e+04   6.7945141e+04
   1.9700000e+01   1.5661858e+05   1.0291192e+05
   1.9800000e+01   2.1718381e+05   1.5465033e+05
   1.9900000e+01   2.5457075e+05   2.1831678e+05
   2.0000000e+01   2.6220588e+05   2.7809097e+05
   2.0100000e+01   2.4109389e+05   3.1207094e+05
   2.0200000e+01   1.9785120e+05   3.0490350e+05
   2.0300000e+01   1.4196606e+05   2.5824475e+05
   2.0400000e+01   8.4396773e+04   1.8922238e+05
   2.0500000e+01   3.6263211e+04   1.1783506e+05
   2.0600000e+01   5.7799531e+03   5.4689344e+04
   2.0700000e+01  -5.3836523e+03  -7.3082031e+02
   2.0800000e+01  -2.8470312e+03  -5.2553062e+04
   2.0900000e+01   4.4137422e+03  -1.0180352e+05
   2.1000000e+01   1.0546107e+04  -1.4702373e+05
   2.1100000e+01   1.7271082e+04  -1.8847081e+05
   2.1200000e+01   3.2476990e+04  -2.2847447e+05
   2.1300000e+01   6.2814438e+04  -2.6731700e+05
   2.1400000e+01   1.0512053e+05  -3.0093528e+05
   2.1500000e+01   1.4412383e+05  -3.2398866e+05
   2.1600000e+01   1.6030855e+05  -3.3394425e+05
   2.1700000e+01   1.4318055e+05  -3.3076709e+05
   2.1800000e+01   9.9114578e+04  -3.1408416e+05
   2.1900000e+01   4.6418191e+04  -2.8407806e+05
   2.2000000e+01   1.0893203e+03  -2.4666991e+05
   2.2100000e+01  -3.4956188e+04  -2.1573247e+05
   2.2200000e+01  -7.3369469e+04  -2.0676809e+05
   2.2300000e+01  -1.2716489e+05  -2.2618175e+05
   2.2400000e+01  -1.9729014e+05  -2.6559600e+05
   2.2500000e+01  -2.6950847e+05  -3.0566631e+05
   2.2600000e+01  -3.2439450e+05  -3.2575362e+05
   2.2700000e+01  -3.5182494e+05  -3.1321281e+05
   2.2800000e+01  -3.5730022e+05  -2.6835078e+05
   2.2900000e+01  -3.5492119e+05  -2.0329234e+05
   2.3000000e+01  -3.5415544e+05  -1.3468862e+05
   2.3100000e+01  -3.5282428e+05  -7.3707906e+04
   2.3200000e+01  -3.4209862e+05  -1.9826846e+04
   2.3300000e+01  -3.1777741e+05   3.7311238e+04
   2.3400000e+01  -2.8689900e+05   1.1024231e+05
   2.3500000e+01  -2.6362028e+05   2.0617958e+05
   2.3600000e+01  -2.5773019e+05   3.2305316e+05
   2.3700000e+01  -2.6512388e+05   4.4864766e+05
   2.3800000e+01  -2.6820622e+05   5.6253169e+05
   2.3900000e+01  -2.4681780e+05   6.4218538e+05
   2.4000000e+01  -1.9184331e+05   6.7261294e+05
   2.4100000e+01  -1.1064288e+05   6.5385600e+05
   2.4200000e+01  -1.9630111e+04   6.0017631e+05
   2.4300000e+01   6.9332062e+04   5.3089469e+05
   2.4400000e+01   1.5601277e+05   4.5990991e+05
   2.4500000e+01   2.4597909e+05   3.9121719e+05
   2.4600000e+01   3.3874991e+05   3.2163322e+05
   2.4700000e+01   4.2335091e+05   2.4636303e+05
   2.4800000e+01   4.8680969e+05   1.6296078e+05
   2.4900000e+01   5.2673312e+05   7.2767695e+04
   2.5000000e+01   5.5385600e+05  -1.8805867e+04
   2.5100000e+01   5.8063212e+05  -1.0248544e+05
   2.5200000e+01   6.0694925e+05  -1.6664391e+05
   2.5300000e+01   6.1759862e+05  -2.0079841e+05
   2.5400000e+01   5.9424650e+05  -2.0013355e+05
   2.5500000e+01   5.3024362e+05  -1.6866611e+05
   2.5600000e+01   4.3487472e+05  -1.1868747e+05
   2.5700000e+01   3.2533366e+05  -6.5856969e+04
   2.5800000e+01   2.1612788e+05  -2.2304750e+04
   2.5900000e+01   1.1502158e+05   7.5817227e+03
   2.6000000e+01   2.5124344e+04   2.5257566e+04
   2.6100000e+01  -5.3149617e+04   3.1859119e+04
   2.6200000e+01  -1.2278572e+05   2.4276951e+04
   2.6300000e+01  -1.8969872e+05  -2.0712642e+03
   2.6400000e+01  -2.5793127e+05  -4.7238828e+04
   2.6500000e+01  -3.2429956e+05  -1.0575370e+05
   2.6600000e+01  -3.7930438e+05  -1.7329406e+05
   2.6700000e+01  -4.1472044e+05  -2.5318316e+05
   2.6800000e+01  -4.2981566e+05  -3.5270606e+05
   2.6900000e+01  -4.2898175e+05  -4.7013812e+05
   2.7000000e+01  -4.1370156e+05  -5.8565062e+05
   2.7100000e+01  -3.7887869e+05  -6.6789475e+05
   2.7200000e+01  -3.1846316e+05  -6.9300438e+05
   2.7300000e+01  -2.3417897e+05  -6.5979338e+05
   2.7400000e+01  -1.3759225e+05  -5.8777019e+05
   2.7500000e+01  -4.3516105e+04  -5.0013922e+05
   2.7600000e+01   3.8272012e+04  -4.0680897e+05
   2.7700000e+01   1.0579087e+05  -3.0136528e+05
   2.7800000e+01   1.6148912e+05  -1.7321431e+05
   2.7900000e+01   2.0690248e+05  -2.3201180e+04
   2.8000000e+01   2.3909019e+05   1.3146131e+05
   2.8100000e+01   2.5061111e+05   2.6718519e+05
   2.8200000e+01   2.3357569e+05   3.6921162e+05
   2.8300000e+01   1.8609981e+05   4.3740222e+05
   2.8400000e+01   1.1641452e+05   4.7789662e+05
   2.8500000e+01   4.0308641e+04   4.9121175e+05
   2.8600000e+01  -2.6758908e+04   4.7115350e+05
   2.8700000e+01  -7.6424086e+04   4.1596706e+05
   2.8800000e+01  -1.0835792e+05   3.3795706e+05
   2.8900000e+01  -1.2692747e+05   2.5871845e+05
   2.9000000e+01  -1.3780609e+05   1.9365270e+05
   2.9100000e+01  -1.4562709e+05   1.4203742e+05
   2.9200000e+01  -1.5113994e+05   9.2717500e+04
   2.9300000e+01  -1.4886994e+05   3.8459262e+04
   2.9400000e+01  -1.2941261e+05  -1.5841109e+04
   2.9500000e+01  -8.7317133e+04  -5.7264680e+04
   2.9600000e+01  -2.8232641e+04  -7.4581078e+04
   2.9700000e+01   3.2602203e+04  -6.4074773e+04
   2.9800000e+01   8.0431141e+04  -2.9058844e+04
   2.9900000e+01   1.1036420e+05   2.3138914e+04
   3.0000000e+01   1.2737705e+05   8.3420328e+04
   3.0100000e+01   1.3808391e+05   1.4240391e+05
   3.0200000e+01   1.4341591e+05   1.9214489e+05
   3.0300000e+01   1.3902733e+05   2.2797495e+05
   3.0400000e+01   1.2136041e+05   2.4975456e+05
   3.0500000e+01   9.2122945e+04   2.6190961e+05
   3.0600000e+01   5.7113836e+04   2.7143972e+05
   3.0700000e+01   2.1822811e+04   2.8365800e+05
   3.0800000e+01  -1.1399094e+04   2.9771869e+05
   3.0900000e+01  -4.2819148e+04   3.0565569e+05
   3.1000000e+01  -7.3310039e+04   2.9643794e+05
   3.1100000e+01  -1.0295672e+05   2.6200709e+05
   3.1200000e+01  -1.3039081e+05   2.0085719e+05
   3.1300000e+01  -1.5226889e+05   1.1822344e+05
   3.1400000e+01  -1.6373914e+05   2.5235121e+04
   3.1500000e+01  -1.6136175e+05  -6.2330789e+04
   3.1600000e+01  -1.4740141e+05  -1.2861058e+05
   3.1700000e+01  -1.3094008e+05  -1.6658547e+05
   3.1800000e+01  -1.2203916e+05  -1.8522167e+05
   3.1900000e+01  -1.2180875e+05  -2.0571809e+05
   3.2000000e+01  -1.1782245e+05  -2.4609825e+05
   3.2100000e+01  -9.2301203e+04  -3.0604653e+05
   3.2200000e+01  -3.8878941e+04  -3.6616262e+05
   3.2300000e+01   2.6870836e+04  -4.0314494e+05
   3.2400000e+01   7.5044180e+04  -4.0734262e+05
   3.2500000e+01   8.2802727e+04  -3.8749781e+05
   3.2600000e+01   5.1244797e+04  -3.6045294e+05
   3.2700000e+01   2.9652183e+03  -3.3699719e+05
   3.2800000e+01  -3.6255121e+04  -3.1611269e+05
   3.2900000e+01  -5.4135848e+04  -2.9010291e+05
   3.3000000e+01  -5.3709531e+04  -2.5366517e+05
   3.3100000e+01  -4.3282906e+04  -2.0867775e+05
   3.3200000e+01  -2.7426504e+04  -1.6184802e+05
   3.3300000e+01  -6.4233672e+03  -1.1847130e+05
   3.3400000e+01   1.9750127e+04  -7.8176602e+04
   3.3500000e+01   5.0043051e+04  -3.6605840e+04
   3.3600000e+01   8.4220875e+04   8.1870898e+03
   3.3700000e+01   1.2319647e+05   5.0482000e+04
   3.3800000e+01   1.6580911e+05   7.8333883e+04
   3.3900000e+01   2.0630550e+05   8.1376297e+04
   3.4000000e+01   2.3707109e+05   5.8519504e+04
   3.4100000e+01   2.5465034e+05   1.9022555e+04
   3.4200000e+01   2.6226603e+05  -2.3414867e+04
   3.4300000e+01   2.6542938e+05  -5.7976379e+04
   3.4400000e+01   2.6509494e+05  -7.9996188e+04
   3.4500000e+01   2.5595742e+05  -8.9639648e+04
   3.4600000e+01   2.3220136e+05  -8.9292961e+04
   3.4700000e+01   1.9506259e+05  -8.2117141e+04
   3.4800000e+01   1.5427719e+05  -7.1072898e+04
   3.4900000e+01   1.2116244e+05  -5.6843305e+04
   3.5000000e+01   9.9229555e+04  -3.5501277e+04
   3.5100000e+01   8.1208195e+04   1.0417500e+03
   3.5200000e+01   5.5971641e+04   6.0301066e+04
   3.5300000e+01   1.9323727e+04   1.4286470e+05
   3.5400000e+01  -2.2121219e+04   2.3938994e+05
   3.5500000e+01  -5.8659383e+04   3.3373359e+05
   3.5600000e+01  -8.9033508e+04   4.1049084e+05
   3.5700000e+01  -1.2231770e+05   4.6229378e+05
   3.5800000e+01  -1.6634812e+05   4.9234975e+05
   3.5900000e+01  -2.1527808e+05   5.1005288e+05
   3.6000000e+01  -2.5241242e+05   5.2153234e+05
   3.6100000e+01  -2.6794103e+05   5.2167728e+05
   3.6200000e+01  -2.7204922e+05   4.9546059e+05
   3.6300000e+01  -2.8630153e+05   4.3003831e+05
   3.6400000e+01  -3.2031906e+05   3.2833294e+05
   3.6500000e+01  -3.5907716e+05   2.1082012e+05
   3.6600000e+01  -3.7568784e+05   1.0195080e+05
   3.6700000e+01  -3.5634384e+05   1.2844938e+04
   3.6800000e+01  -3.1109103e+05  -6.3790004e+04
   3.6900000e+01  -2.6098180e+05  -1.4252203e+05
   3.7000000e+01  -2.1794891e+05  -2.2943536e+05
   3.7100000e+01  -1.7864912e+05  -3.1632666e+05
   3.7200000e+01  -1.3479873e+05  -3.8817706e+05
   3.7300000e+01  -8.4648289e+04  -4.3471322e+05
   3.7400000e+01  -3.2789938e+04  -4.5515525e+05
   3.7500000e+01   1.8399094e+04  -4.5380375e+05
   3.7600000e+01   7.3280977e+04  -4.3310706e+05
   3.7700000e+01   1.3755441e+05  -3.9190431e+05
   3.7800000e+01   2.0915166e+05  -3.2976644e+05
   3.7900000e+01   2.7584712e+05  -2.5126675e+05
   3.8000000e+01   3.2322903e+05  -1.6425312e+05
   3.8100000e+01   3.4639775e+05  -7.3762750e+04
   3.8200000e+01   3.5433547e+05   2.0539258e+04
   3.8300000e+01   3.6165338e+05   1.1873111e+05
   3.8400000e+01   3.7425906e+05   2.1211516e+05
   3.8500000e+01   3.8252653e+05   2.8223238e+05
   3.8600000e+01   3.6942806e+05   3.1117272e+05
   3.8700000e+01   3.2636947e+05   2.9504991e+05
   3.8800000e+01   2.6144131e+05   2.4817345e+05
   3.8900000e+01   1.9268241e+05   1.9336273e+05
   3.9000000e+01   1.3413200e+05   1.4613114e+05
   3.9100000e+01   8.8114312e+04   1.0564422e+05
   3.9200000e+01   4.8518238e+04   5.9340461e+04
   3.9300000e+01   8.6013320e+03  -3.3798242e+03
   3.9400000e+01  -3.4601480e+04  -8.0056078e+04
   3.9500000e+01  -8.0446781e+04  -1.5517741e+05
   3.9600000e+01  -1.2599370e+05  -2.0983034e+05
   3.9700000e+01  -1.6682330e+05  -2.3234952e+05
   3.9800000e+01  -1.9874141e+05  -2.2312256e+05
   3.9900000e+01  -2.2079009e+05  -1.9330267e+05
   4.0000000e+01  -2.3689656e+05  -1.6002305e+05
   4.0100000e+01  -2.5323247e+05  -1.3867009e+05
   4.0200000e+01  -2.7214878e+05  -1.3316578e+05
   4.0300000e+01  -2.8787528e+05  -1.3088195e+05
   4.0400000e+01  -2.8944581e+05  -1.1069606e+05
   4.0500000e+01  -2.7068072e+05  -6.2106391e+04
   4.0600000e+01  -2.3900925e+05   1.3508984e+03
   4.0700000e+01  -2.1270789e+05   5.0366676e+04
   4.0800000e+01  -2.0535991e+05   6.4906531e+04
   4.0900000e+01  -2.1069362e+05   5.1673109e+04
   4.1000000e+01  -2.0454491e+05   3.5757195e+04
   4.1100000e+01  -1.6558147e+05   3.5431070e+04
   4.1200000e+01  -9.6030016e+04   4.6627211e+04
   4.1300000e+01  -2.1173266e+04   5.1523656e+04
   4.1400000e+01   3.2678637e+04   3.8951133e+04
   4.1500000e+01   5.9593516e+04   1.4242176e+04
   4.1600000e+01   7.4049828e+04  -8.4041641e+03
   4.1700000e+01   9.2495250e+04  -1.8657070e+04
   4.1800000e+01   1.1796516e+05  -1.4606427e+04
   4.1900000e+01   1.4255541e+05   6.2225391e+02
   4.2000000e+01   1.6064227e+05   2.2208533e+04
   4.2100000e+01   1.7541006e+05   4.4435945e+04
   4.2200000e+01   1.9262612e+05   6.2861945e+04
   4.2300000e+01   2.1196967e+05   7.8418000e+04
   4.2400000e+01   2.2727653e+05   9.7609742e+04
   4.2500000e+01   2.3404517e+05   1.2565555e+05
   4.2600000e+01   2.3376906e+05   1.5882780e+05
   4.2700000e+01   2.3028706e+05   1.8475208e+05
   4.2800000e+01   2.2395311e+05   1.9060567e+05
   4.2900000e+01   2.1105477e+05   1.7073703e+05
   4.3000000e+01   1.8835450e+05   1.2785370e+05
   4.3100000e+01   1.5697264e+05   7.0213789e+04
   4.3200000e+01   1.2200220e+05   9.0755000e+03
   4.3300000e+01   8.9175422e+04  -4.4390617e+04
   4.3400000e+01   6.1449828e+04  -8.4793984e+04
   4.3500000e+01   3.7359230e+04  -1.1682918e+05
   4.3600000e+01   1.2388707e+04  -1.5110372e+05
   4.3700000e+01  -1.6677164e+04  -1.9237830e+05
   4.3800000e+01  -4.7889805e+04  -2.3162158e+05
   4.3900000e+01  -7.5558164e+04  -2.5138145e+05
   4.4000000e+01  -9.6610906e+04  -2.3990056e+05
   4.4100000e+01  -1.1469303e+05  -1.9990338e+05
   4.4200000e+01  -1.3617233e+05  -1.4448320e+05
   4.4300000e+01  -1.6203655e+05  -8.6343609e+04
   4.4400000e+01  -1.8537358e+05  -3.1316529e+04
   4.4500000e+01  -1.9738178e+05   2.0498094e+04
   4.4600000e+01  -1.9434945e+05   7.0702758e+04
   4.4700000e+01  -1.7807234e+05   1.2004868e+05
   4.4800000e+01  -1.5201169e+05   1.6715944e+05
   4.4900000e+01  -1.2044275e+05   2.0764114e+05
   4.5000000e+01  -9.1029070e+04   2.3522788e+05
   4.5100000e+01  -7.3863508e+04   2.4590978e+05
   4.5200000e+01  -7.4217422e+04   2.4154620e+05
   4.5300000e+01  -8.6490289e+04   2.2821275e+05
   4.5400000e+01  -9.7761977e+04   2.0996820e+05
   4.5500000e+01  -9.8471578e+04   1.8464384e+05
   4.5600000e+01  -8.9409125e+04   1.4680603e+05
   4.5700000e+01  -7.9042234e+04   9.5386297e+04
   4.5800000e+01  -7.5763602e+04   3.8299730e+04
   4.5900000e+01  -8.2397609e+04  -1.0914461e+04
   4.6000000e+01  -9.4719094e+04  -4.2167141e+04
   4.6100000e+01  -1.0227686e+05  -5.6474883e+04
   4.6200000e+01  -9.2199070e+04  -6.5904508e+04
   4.6300000e+01  -5.7118641e+04  -8.4898031e+04
   4.6400000e+01  -2.4890195e+03  -1.1865993e+05
   4.6500000e+01   5.5150461e+04  -1.5765725e+05
   4.6600000e+01   1.0008200e+05  -1.8356400e+05
   4.6700000e+01   1.2883727e+05  -1.8251416e+05
   4.6800000e+01   1.4970491e+05  -1.5458628e+05
   4.6900000e+01   1.7170350e+05  -1.1179117e+05
   4.7000000e+01   1.9547158e+05  -6.7869711e+04
   4.7100000e+01   2.1451275e+05  -3.0261992e+04
   4.7200000e+01   2.2252491e+05  -3.4012695e+02
   4.7300000e+01   2.1766550e+05   2.1675314e+04
   4.7400000e+01   2.0162053e+05   3.4329711e+04
   4.7500000e+01   1.7820080e+05   3.7054418e+04
   4.7600000e+01   1.5365914e+05   3.2594172e+04
   4.7700000e+01   1.3525666e+05   2.5799035e+04
   4.7800000e+01   1.2627488e+05   1.9733598e+04
   4.7900000e+01   1.2256674e+05   1.2990375e+04
   4.8000000e+01   1.1641556e+05   5.6233203e+02
   4.8100000e+01   1.0501329e+05  -2.2483086e+04
   4.8200000e+01   9.4151609e+04  -5.6995281e+04
   4.8300000e+01   9.2314828e+04  -9.7877984e+04
   4.8400000e+01   1.0111845e+05  -1.3570956e+05
   4.8500000e+01   1.1203090e+05  -1.6107075e+05
   4.8600000e+01   1.1239909e+05  -1.6885117e+05
   4.8700000e+01   9.4519000e+04  -1.5992394e+05
   4.8800000e+01   5.9629625e+04  -1.3977678e+05
   4.8900000e+01   1.4710803e+04  -1.1554378e+05
   4.9000000e+01  -3.3423680e+04  -9.2812828e+04
   4.9100000e+01  -8.1266453e+04  -7.3065102e+04
   4.9200000e+01  -1.2781417e+05  -5.3173359e+04
   4.9300000e+01  -1.7277519e+05  -2.8421371e+04
   4.9400000e+01  -2.1625411e+05   2.2891445e+03
   4.9500000e+01  -2.5874534e+05   3.3833203e+04
   4.9600000e+01  -2.9916178e+05   5.8459434e+04
   4.9700000e+01  -3.3227066e+05   7.2714047e+04
   4.9800000e+01  -3.5004606e+05   8.0245984e+04
   4.9900000e+01  -3.4796747e+05   8.7082273e+04
   5.0000000e+01  -3.3017841e+05   9.4840188e+04
   5.0100000e+01  -3.0663153e+05   1.0001689e+05
   5.0200000e+01  -2.8406438e+05   9.9955438e+04
   5.0300000e+01  -2.6069469e+05   9.7680992e+04
   5.0400000e+01  -2.3077941e+05   9.9438320e+04
   5.0500000e+01  -1.9325091e+05   1.0809990e+05
   5.0600000e+01  -1.5357572e+05   1.2019553e+05
   5.0700000e+01  -1.1660962e+05   1.2885198e+05
   5.0800000e+01  -7.9761875e+04   1.2809391e+05
   5.0900000e+01  -3.5564211e+04   1.1494820e+05
   5.1000000e+01   1.8866141e+04   9.0932344e+04
   5.1100000e+01   7.6453500e+04   6.4157699e+04
   5.1200000e+01   1.2516465e+05   4.8060035e+04
   5.1300000e+01   1.5807302e+05   5.3157227e+04
   5.1400000e+01   1.7833264e+05   7.7116031e+04
   5.1500000e+01   1.9515177e+05   1.0397390e+05
   5.1600000e+01   2.1578200e+05   1.1546956e+05
   5.1700000e+01   2.4068925e+05   1.0409098e+05
   5.1800000e+01   2.6443834e+05   7.5596844e+04
   5.1900000e+01   2.8003697e+05   4.1001359e+04
   5.2000000e+01   2.8342512e+05   8.6369375e+03
   5.2100000e+01   2.7576756e+05  -1.6674375e+04
   5.2200000e+01   2.6221444e+05  -3.1226008e+04
   5.2300000e+01   2.4771988e+05  -3.3583406e+04
   5.2400000e+01   2.3336742e+05  -2.8441371e+04
   5.2500000e+01   2.1684597e+05  -2.6286863e+04
   5.2600000e+01   1.9623488e+05  -3.6222441e+04
   5.2700000e+01   1.7205922e+05  -5.7975844e+04
   5.2800000e+01   1.4513439e+05  -8.1040227e+04
   5.2900000e+01   1.1435806e+05  -9.2156117e+04
   5.3000000e+01   7.9282109e+04  -8.4955891e+04
   5.3100000e+01   4.4535922e+04  -6.4538914e+04
   5.3200000e+01   1.8187305e+04  -4.4273531e+04
   5.3300000e+01   3.3752070e+03  -3.7369277e+04
   5.3400000e+01  -6.5144082e+03  -4.8576285e+04
   5.3500000e+01  -2.1025660e+04  -7.1210531e+04
   5.3600000e+01  -4.1235391e+04  -9.1699547e+04
   5.3700000e+01  -5.8834609e+04  -9.8944000e+04
   5.3800000e+01  -6.8489586e+04  -9.1996992e+04
   5.3900000e+01  -7.8282641e+04  -8.0364203e+04
   5.4000000e+01  -1.0361020e+05  -7.6771125e+04
   5.4100000e+01  -1.4996673e+05  -8.8128516e+04
   5.4200000e+01  -2.0453491e+05  -1.1153416e+05
   5.4300000e+01  -2.4696462e+05  -1.3767436e+05
   5.4400000e+01  -2.6785181e+05  -1.5805241e+05
   5.4500000e+01  -2.7524978e+05  -1.6994633e+05
   5.4600000e+01  -2.8328750e+05  -1.7538136e+05
   5.4700000e+01  -2.9570875e+05  -1.7549900e+05
   5.4800000e+01  -3.0102575e+05  -1.6582683e+05
   5.4900000e+01  -2.8328969e+05  -1.3789102e+05
   5.5000000e+01  -2.3753302e+05  -8.7360047e+04
   5.5100000e+01  -1.7540005e+05  -2.1826617e+04
   5.5200000e+01  -1.1604841e+05   4.0536258e+04
   5.5300000e+01  -7.0851609e+04   8.2754602e+04
   5.5400000e+01  -3.5967438e+04   1.0156951e+05
   5.5500000e+01   6.5520898e+02   1.0852291e+05
   5.5600000e+01   4.5171012e+04   1.1817143e+05
   5.5700000e+01   9.0790664e+04   1.3520938e+05
   5.5800000e+01   1.2433162e+05   1.5291447e+05
   5.5900000e+01   1.3860509e+05   1.6243762e+05
   5.6000000e+01   1.3746783e+05   1.6134598e+05
   5.6100000e+01   1.2967097e+05   1.5318064e+05
   5.6200000e+01   1.2030505e+05   1.4185831e+05
   5.6300000e+01   1.0958000e+05   1.2963109e+05
   5.6400000e+01   9.7829969e+04   1.2000254e+05
   5.6500000e+01   8.7871109e+04   1.1894281e+05
   5.6600000e+01   8.1188852e+04   1.3031959e+05
   5.6700000e+01   7.4560969e+04   1.5060278e+05
   5.6800000e+01   6.3741262e+04   1.7039442e+05
   5.6900000e+01   5.0462145e+04   1.8223445e+05
   5.7000000e+01   4.3179328e+04   1.8600031e+05
   5.7100000e+01   4.9435812e+04   1.8583752e+05
   5.7200000e+01   6.8413711e+04   1.8274900e+05
   5.7300000e+01   9.1741922e+04   1.7198205e+05
   5.7400000e+01   1.1042722e+05   1.4819902e+05
   5.7500000e+01   1.2001823e+05   1.1197999e+05
   5.7600000e+01   1.2087680e+05   6.9844453e+04
   5.7700000e+01   1.1675453e+05   2.7826322e+04
   5.7800000e+01   1.1398091e+05  -1.3928152e+04
   5.7900000e+01   1.1940534e+05  -5.9454039e+04
   5.8000000e+01   1.3599084e+05  -1.1021005e+05
   5.8100000e+01   1.5942641e+05  -1.6090892e+05
   5.8200000e+01   1.7962867e+05  -2.0259308e+05
   5.8300000e+01   1.8633205e+05  -2.2952558e+05
   5.8400000e+01   1.7461123e+05  -2.4230223e+05
   5.8500000e+01   1.4740852e+05  -2.4424019e+05
   5.8600000e+01   1.1415108e+05  -2.3651819e+05
   5.8700000e+01   8.5005992e+04  -2.1942734e+05
   5.8800000e+01   6.2563137e+04  -1.9888962e+05
   5.8900000e+01   3.7534492e+04  -1.8843164e+05
   5.9000000e+01  -4.7912188e+03  -1.9968175e+05
   5.9100000e+01  -7.0097414e+04  -2.2843728e+05
   5.9200000e+01  -1.4591928e+05  -2.5214216e+05
   5.9300000e+01  -2.0866402e+05  -2.4531716e+05
   5.9400000e+01  -2.4182306e+05  -2.0048719e+05
   5.9500000e+01  -2.4841312e+05  -1.3503650e+05
   5.9600000e+01  -2.4637075e+05  -7.7869188e+04
   5.9700000e+01  -2.5257730e+05  -4.8719500e+04
   5.9800000e+01  -2.7074678e+05  -4.7371680e+04
   5.9900000e+01  -2.9204253e+05  -5.8174898e+04
   6.0000000e+01  -3.0449794e+05  -6.2327699e+04
   6.0100000e+01  -3.0176228e+05  -4.8068969e+04
   6.0200000e+01  -2.8575403e+05  -1.4253983e+04
   6.0300000e+01  -2.6385341e+05   3.2260172e+04
   6.0400000e+01  -2.4358209e+05   8.2591859e+04
   6.0500000e+01  -2.2762398e+05   1.3086220e+05
   6.0600000e+01  -2.1208523e+05   1.7461178e+05
   6.0700000e+01  -1.8978212e+05   2.1146022e+05
   6.0800000e+01  -1.5641659e+05   2.3733439e+05
   6.0900000e+01  -1.1405436e+05   2.4976356e+05
   6.1000000e+01  -6.8459047e+04   2.5266288e+05
   6.1100000e+01  -2.3424477e+04   2.5559494e+05
   6.1200000e+01   2.1513432e+04   2.6597962e+05
   6.1300000e+01   6.8107109e+04   2.8118969e+05
   6.1400000e+01   1.1579578e+05   2.8885034e+05
   6.1500000e+01   1.6199322e+05   2.7606112e+05
   6.1600000e+01   2.0467344e+05   2.3974103e+05
   6.1700000e+01   2.4266527e+05   1.8932562e+05
   6.1800000e+01   2.7350791e+05   1.3988178e+05
   6.1900000e+01   2.9345453e+05   1.0165024e+05
   6.2000000e+01   3.0127500e+05   7.4457977e+04
   6.2100000e+01   3.0080088e+05   5.0926414e+04
   6.2200000e+01   2.9741081e+05   2.4963904e+04
   6.2300000e+01   2.9195994e+05  -2.2201445e+03
   6.2400000e+01   2.8031988e+05  -2.3852887e+04
   6.2500000e+01   2.5977708e+05  -3.5218824e+04
   6.2600000e+01   2.3369058e+05  -3.9796578e+04
   6.2700000e+01   2.0733470e+05  -4.7747547e+04
   6.2800000e+01   1.7997131e+05  -6.7571641e+04
   6.2900000e+01   1.4451716e+05  -9.8248953e+04
   6.3000000e+01   9.6832406e+04  -1.2925989e+05
   6.3100000e+01   4.3165344e+04  -1.4924530e+05
   6.3200000e+01  -4.8109648e+03  -1.5637594e+05
   6.3300000e+01  -4.2379914e+04  -1.6140338e+05
   6.3400000e+01  -7.6187805e+04  -1.7991134e+05
   6.3500000e+01  -1.1430691e+05  -2.1915823e+05
   6.3600000e+01  -1.5342386e+05  -2.6996331e+05
   6.3700000e+01  -1.7890228e+05  -3.1092875e+05
   6.3800000e+01  -1.7866766e+05  -3.2275491e+05
   6.3900000e+01  -1.5600484e+05  -3.0176062e+05
   6.4000000e+01  -1.2791366e+05  -2.6156997e+05
   6.4100000e+01  -1.1140049e+05  -2.2150700e+05
   6.4200000e+01  -1.1128718e+05  -1.9181595e+05
   6.4300000e+01  -1.1918300e+05  -1.6847766e+05
   6.4400000e+01  -1.2172536e+05  -1.4088008e+05
   6.4500000e+01  -1.0999720e+05  -1.0314805e+05
   6.4600000e+01  -8.4301047e+04  -5.7559742e+04
   6.4700000e+01  -5.3162773e+04  -8.5506504e+03
   6.4800000e+01  -2.7993633e+04   4.3398312e+04
   6.4900000e+01  -1.6184303e+04   9.9799703e+04
   6.5000000e+01  -1.6720711e+04   1.5727506e+05
   6.5100000e+01  -2.1664488e+04   2.0612125e+05
   6.5200000e+01  -2.2634209e+04   2.3825773e+05
   6.5300000e+01  -1.6990109e+04   2.5589116e+05
   6.5400000e+01  -8.6424277e+03   2.6944144e+05
   6.5500000e+01  -3.5599297e+03   2.8503069e+05
   6.5600000e+01  -4.8500039e+03   2.9497319e+05
   6.5700000e+01  -1.1711758e+04   2.8320375e+05
   6.5800000e+01  -2.1709576e+04   2.4176152e+05
   6.5900000e+01  -3.2562369e+04   1.8156000e+05
   6.6000000e+01  -4.1608609e+04   1.2552175e+05
   6.6100000e+01  -4.5150074e+04   9.0139359e+04
   6.6200000e+01  -4.0169898e+04   7.3426977e+04
   6.6300000e+01  -2.6909027e+04   6.0414703e+04
   6.6400000e+01  -8.4130391e+03   3.9415926e+04
   6.6500000e+01   1.3287006e+04   1.2305984e+04
   6.6600000e+01   3.9438594e+04  -1.0247809e+04
   6.6700000e+01   7.1240586e+04  -2.1581184e+04
   6.6800000e+01   1.0416373e+05  -2.5683395e+04
   6.6900000e+01   1.2764748e+05  -3.1832691e+04
   6.7000000e+01   1.3263075e+05  -4.4662945e+04
   6.7100000e+01   1.1981681e+05  -6.0596328e+04
   6.7200000e+01   9.9656531e+04  -7.2692898e+04
   6.7300000e+01   8.3740852e+04  -7.6497102e+04
   6.7400000e+01   7.6313875e+04  -7.0671719e+04
   6.7500000e+01   7.3429914e+04  -5.4986066e+04
   6.7600000e+01   6.8345336e+04  -3.1636258e+04
   6.7700000e+01   5.6434516e+04  -8.9105410e+03
   6.7800000e+01   3.6347203e+04   6.6581836e+02
   6.7900000e+01   9.6229648e+03  -9.4682305e+03
   6.8000000e+01  -1.9145777e+04  -3.0914734e+04
   6.8100000e+01  -4.3282910e+04  -4.4795781e+04
   6.8200000e+01  -5.7860695e+04  -3.8398664e+04
   6.8300000e+01  -6.3602773e+04  -1.7737324e+04
   6.8400000e+01  -6.6106922e+04  -2.4478281e+03
   6.8500000e+01  -7.0366773e+04  -8.0479766e+03
   6.8600000e+01  -7.6286742e+04  -3.3775973e+04
   6.8700000e+01  -7.9824781e+04  -6.7025938e+04
   6.8800000e+01  -7.7815695e+04  -9.7149750e+04
   6.8900000e+01  -7.0924000e+04  -1.2316931e+05
   6.9000000e+01  -6.2467617e+04  -1.4917394e+05
   6.9100000e+01  -5.5728188e+04  -1.7516823e+05
   6.9200000e+01  -5.2716426e+04  -1.9433189e+05
   6.9300000e+01  -5.4369023e+04  -1.9887323e+05
   6.9400000e+01  -6.0767277e+04  -1.8731916e+05
   6.9500000e+01  -7.1052906e+04  -1.6564666e+05
   6.9600000e+01  -8.3292656e+04  -1.4177002e+05
   6.9700000e+01  -9.3975453e+04  -1.1927802e+05
   6.9800000e+01  -9.7499867e+04  -9.6057625e+04
   6.9900000e+01  -8.7677812e+04  -6.7904680e+04
   7.0000000e+01  -6.2108945e+04  -3.2597543e+04
   7.0100000e+01  -2.5844457e+04   9.2763867e+03
   7.0200000e+01   1.0806773e+04   5.5875695e+04
   7.0300000e+01   3.9851273e+04   1.0467509e+05
   7.0400000e+01   6.1111703e+04   1.5127566e+05
   7.0500000e+01   7.9584594e+04   1.8955091e+05
   7.0600000e+01   9.7890359e+04   2.1538372e+05
   7.0700000e+01   1.1271262e+05   2.3080361e+05
   7.0800000e+01   1.1877294e+05   2.4253173e+05
   7.0900000e+01   1.1472933e+05   2.5411114e+05
   7.1000000e+01   1.0422466e+05   2.5921736e+05
   7.1100000e+01   9.2340906e+04   2.4481347e+05
   7.1200000e+01   8.2433273e+04   2.0320398e+05
   7.1300000e+01   7.5375422e+04   1.4152306e+05
   7.1400000e+01   6.9226188e+04   7.8309648e+04
   7.1500000e+01   5.9006125e+04   2.9682254e+04
   7.1600000e+01   3.9601379e+04  -1.5048047e+03
   7.1700000e+01   1.1979649e+04  -2.3419186e+04
   7.1800000e+01  -1.3736235e+04  -4.3657523e+04
   7.1900000e+01  -2.4578467e+04  -6.1171516e+04
   7.2000000e+01  -1.6732918e+04  -6.9517711e+04
   7.2100000e+01  -1.1564072e+03  -6.6409055e+04
   7.2200000e+01   4.5986250e+03  -5.8197180e+04
   7.2300000e+01  -8.1106641e+03  -5.4189555e+04
   7.2400000e+01  -3.0684266e+04  -5.7027422e+04
   7.2500000e+01  -4.4325805e+04  -5.9623684e+04
   7.2600000e+01  -3.6723031e+04  -5.2361547e+04
   7.2700000e+01  -1.4057223e+04  -3.3645219e+04
   7.2800000e+01   2.4992031e+03  -1.3193738e+04
   7.2900000e+01  -5.6924805e+03  -4.3833477e+03
   7.3000000e+01  -3.7011316e+04  -1.2691141e+04
   7.3100000e+01  -6.8004516e+04  -3.1160168e+04
   7.3200000e+01  -7.2278469e+04  -4.6861207e+04
   7.3300000e+01  -4.4925684e+04  -5.1639773e+04
   7.3400000e+01  -9.2496094e+03  -4.6893738e+04
   7.3500000e+01   2.8855625e+03  -3.8989598e+04
   7.3600000e+01  -2.0341180e+04  -3.1542967e+04
   7.3700000e+01  -6.0847863e+04  -2.3051527e+04
   7.3800000e+01  -8.8599820e+04  -1.1476500e+04
   7.3900000e+01  -8.8118633e+04   6.7099365e+02
   7.4000000e+01  -6.7544375e+04   7.4926465e+03
   7.4100000e+01  -4.5324617e+04   6.2785781e+03
   7.4200000e+01  -3.2570590e+04   1.8210352e+03
   7.4300000e+01  -2.8461293e+04   2.7419531e+03
   7.4400000e+01  -2.7194406e+04   1.3107285e+04
   7.4500000e+01  -2.3750629e+04   2.8437010e+04
   7.4600000e+01  -1.3474059e+04   4.0664422e+04
   7.4700000e+01   7.9996094e+03   4.6439277e+04
   7.4800000e+01   3.9904203e+04   4.9365043e+04
   7.4900000e+01   7.2765812e+04   5.4106984e+04
   7.5000000e+01   9.4072172e+04   6.0003887e+04
   7.5100000e+01   9.9924789e+04   6.1972430e+04
   7.5200000e+01   1.0018991e+05   5.7077133e+04
   7.5300000e+01   1.1038920e+05   4.8124379e+04
   7.5400000e+01   1.3770494e+05   3.9730609e+04
   7.5500000e+01   1.7439717e+05   3.2003578e+04
   7.5600000e+01   2.0393481e+05   1.9921598e+04
   7.5700000e+01   2.1332350e+05  -7.0894141e+02
   7.5800000e+01   2.0128142e+05  -2.7890355e+04
   7.5900000e+01   1.7721391e+05  -5.4896164e+04
   7.6000000e+01   1.5341612e+05  -7.6490688e+04
   7.6100000e+01   1.3680741e+05  -9.2527109e+04
   7.6200000e+01   1.2566007e+05  -1.0536624e+05
   7.6300000e+01   1.1261895e+05  -1.1538459e+05
   7.6400000e+01   9.0488617e+04  -1.2096656e+05
   7.6500000e+01   5.5691152e+04  -1.2321441e+05
   7.6600000e+01   7.9006909e+03  -1.2873909e+05
   7.6700000e+01  -5.0800445e+04  -1.4509523e+05
   7.6800000e+01  -1.1442405e+05  -1.7213284e+05
   7.6900000e+01  -1.7232956e+05  -1.9883272e+05
   7.7000000e+01  -2.1473567e+05  -2.1094819e+05
   7.7100000e+01  -2.4258592e+05  -2.0345419e+05
   7.7200000e+01  -2.7036712e+05  -1.8547153e+05
   7.7300000e+01  -3.1365050e+05  -1.7162803e+05
   7.7400000e+01  -3.7007938e+05  -1.6713138e+05
   7.7500000e+01  -4.1432075e+05  -1.6077973e+05
   7.7600000e+01  -4.1653891e+05  -1.3336845e+05
   7.7700000e+01  -3.6887309e+05  -7.4682031e+04
   7.7800000e+01  -2.9356488e+05   5.9954844e+03
   7.7900000e+01  -2.2406988e+05   8.5428461e+04
   7.8000000e+01  -1.7786414e+05   1.4349734e+05
   7.8100000e+01  -1.4655406e+05   1.7734359e+05
   7.8200000e+01  -1.0947516e+05   2.0109841e+05
   7.8300000e+01  -5.4529336e+04   2.3239548e+05
   7.8400000e+01   1.2658602e+04   2.7770641e+05
   7.8500000e+01   7.5412031e+04   3.2816769e+05
   7.8600000e+01   1.1922287e+05   3.6733828e+05
   7.8700000e+01   1.4096125e+05   3.8249875e+05
   7.8800000e+01   1.4959069e+05   3.7048934e+05
   7.8900000e+01   1.5942472e+05   3.3633481e+05
   7.9000000e+01   1.8037714e+05   2.8897772e+05
   7.9100000e+01   2.1157016e+05   2.3766033e+05
   7.9200000e+01   2.4283106e+05   1.8869298e+05
   7.9300000e+01   2.6242209e+05   1.4235828e+05
   7.9400000e+01   2.6433681e+05   9.3069938e+04
   7.9500000e+01   2.5024989e+05   3.5473871e+04
   7.9600000e+01   2.2703592e+05  -2.7375148e+04
   7.9700000e+01   2.0318994e+05  -8.2364188e+04
   7.9800000e+01   1.8515552e+05  -1.1470072e+05
   7.9900000e+01   1.7354031e+05  -1.1921512e+05
   8.0000000e+01   1.6207395e+05  -1.0398371e+05
   8.0100000e+01   1.4286844e+05  -8.3716961e+04
   8.0200000e+01   1.1528568e+05  -7.0140953e+04
   8.0300000e+01   8.9094391e+04  -6.7139328e+04
   8.0400000e+01   7.6281422e+04  -7.1457633e+04
   8.0500000e+01   7.8332625e+04  -7.5490797e+04
   8.0600000e+01   8.2389438e+04  -7.0789367e+04
   8.0700000e+01   7.1141875e+04  -5.3127523e+04
   8.0800000e+01   3.6880781e+04  -2.7359742e+04
   8.0900000e+01  -1.3475266e+04  -7.1191328e+03
   8.1000000e+01  -6.5105203e+04  -7.0633926e+03
   8.1100000e+01  -1.0530561e+05  -3.2284314e+04
   8.1200000e+01  -1.2847085e+05  -7.3150422e+04
   8.1300000e+01  -1.3581567e+05  -1.1044977e+05
   8.1400000e+01  -1.3410917e+05  -1.2836408e+05
   8.1500000e+01  -1.3454677e+05  -1.2666105e+05
   8.1600000e+01  -1.4896875e+05  -1.2219608e+05
   8.1700000e+01  -1.8254802e+05  -1.3583580e+05
   8.1800000e+01  -2.2758642e+05  -1.7297216e+05
   8.1900000e+01  -2.6498522e+05  -2.1464169e+05
   8.2000000e+01  -2.7503656e+05  -2.3025331e+05
   8.2100000e+01  -2.5111306e+05  -2.0320956e+05
   8.2200000e+01  -2.0555634e+05  -1.4604922e+05
   8.2300000e+01  -1.6136241e+05  -8.9951242e+04
   8.2400000e+01  -1.3456262e+05  -5.8437352e+04
   8.2500000e+01  -1.2164467e+05  -5.0549102e+04
   8.2600000e+01  -1.0386288e+05  -4.7800141e+04
   8.2700000e+01  -6.5483539e+04  -3.4530992e+04
   8.2800000e+01  -9.1446436e+03  -1.0100924e+04
   8.2900000e+01   4.6477449e+04   1.6292253e+04
   8.3000000e+01   8.4186125e+04   3.8087555e+04
   8.3100000e+01   1.0338721e+05   5.6317758e+04
   8.3200000e+01   1.1823736e+05   7.4006594e+04
   8.3300000e+01   1.4175062e+05   8.9118383e+04
   8.3400000e+01   1.7218633e+05   9.4753281e+04
   8.3500000e+01   1.9440825e+05   8.5779641e+04
   8.3600000e+01   1.9373981e+05   6.4552059e+04
   8.3700000e+01   1.6886488e+05   4.0375957e+04
   8.3800000e+01   1.3268214e+05   2.3593027e+04
   8.3900000e+01   1.0143941e+05   1.9209781e+04
   8.4000000e+01   8.2121609e+04   2.4753971e+04
   8.4100000e+01   6.8652836e+04   3.3662262e+04
   8.4200000e+01   4.9598391e+04   4.1070164e+04
   8.4300000e+01   2.0303355e+04   4.6679176e+04
   8.4400000e+01  -1.1447812e+04   5.2361258e+04
   8.4500000e+01  -3.1579609e+04   5.8200984e+04
   8.4600000e+01  -3.2213107e+04   6.2575098e+04
   8.4700000e+01  -1.8720623e+04   6.6185547e+04
   8.4800000e+01  -4.4302051e+03   7.3589281e+04
   8.4900000e+01   1.8927109e+03   8.8169688e+04
   8.5000000e+01   3.4531406e+03   1.0579997e+05
   8.5100000e+01   1.0755520e+04   1.1600731e+05
   8.5200000e+01   3.0267684e+04   1.1098766e+05
   8.5300000e+01   5.7981492e+04   9.2697359e+04
   8.5400000e+01   8.3304789e+04   7.0227453e+04
   8.5500000e+01   9.8049711e+04   5.1550387e+04
   8.5600000e+01   1.0171266e+05   3.9668832e+04
   8.5700000e+01   9.9746234e+04   3.5599691e+04
   8.5800000e+01   9.8098211e+04   4.0831984e+04
   8.5900000e+01   9.8517875e+04   5.4022648e+04
   8.6000000e+01   9.6867172e+04   6.7300852e+04
   8.6100000e+01   8.5225469e+04   7.0394734e+04
   8.6200000e+01   5.7555789e+04   6.0365375e+04
   8.6300000e+01   1.5818359e+04   4.5141492e+04
   8.6400000e+01  -2.8957352e+04   3.4856781e+04
   8.6500000e+01  -6.3190742e+04   3.0141688e+04
   8.6600000e+01  -8.0301852e+04   2.1241844e+04
   8.6700000e+01  -8.5146969e+04  -8.4646875e+02
   8.6800000e+01  -8.9617656e+04  -3.4358508e+04
   8.6900000e+01  -1.0341816e+05  -6.9015141e+04
   8.7000000e+01  -1.2735656e+05  -9.6628750e+04
   8.7100000e+01  -1.5358241e+05  -1.1727859e+05
   8.7200000e+01  -1.7196188e+05  -1.3543428e+05
   8.7300000e+01  -1.7775902e+05  -1.5270802e+05
   8.7400000e+01  -1.7460541e+05  -1.6606386e+05
   8.7500000e+01  -1.6997242e+05  -1.7202875e+05
   8.7600000e+01  -1.6729223e+05  -1.7073398e+05
   8.7700000e+01  -1.6314070e+05  -1.6548252e+05
   8.7800000e+01  -1.5294053e+05  -1.5926402e+05
   8.7900000e+01  -1.3828875e+05  -1.5204067e+05
   8.8000000e+01  -1.2607553e+05  -1.4093611e+05
   8.8100000e+01  -1.1950276e+05  -1.2289839e+05
   8.8200000e+01  -1.1230837e+05  -9.7656719e+04
   8.8300000e+01  -9.4729719e+04  -6.8324023e+04
   8.8400000e+01  -6.5087906e+04  -3.8912066e+04
   8.8500000e+01  -3.2866348e+04  -1.1443656e+04
   8.8600000e+01  -8.8596445e+03   1.3968918e+04
   8.8700000e+01   6.2355391e+03   3.6671707e+04
   8.8800000e+01   2.1364369e+04   5.4789195e+04
   8.8900000e+01   4.3605922e+04   6.7823547e+04
   8.9000000e+01   6.9260578e+04   7.8359094e+04
   8.9100000e+01   8.7452547e+04   8.8940531e+04
   8.9200000e+01   9.1524438e+04   9.7447844e+04
   8.9300000e+01   8.5668375e+04   9.8239297e+04
   8.9400000e+01   8.0780117e+04   8.9644797e+04
   8.9500000e+01   8.4881148e+04   7.8903797e+04
   8.9600000e+01   9.7133469e+04   7.6920359e+04
   8.9700000e+01   1.0932685e+05   8.7294797e+04
   8.9800000e+01   1.1245799e+05   1.0191956e+05
   8.9900000e+01   1.0372408e+05   1.0849950e+05
   9.0000000e+01   8.9747961e+04   1.0191927e+05
   9.0100000e+01   8.3400859e+04   8.7664875e+04
   9.0200000e+01   9.5031172e+04   7.4995945e+04
   9.0300000e+01   1.2375426e+05   6.8008305e+04
   9.0400000e+01   1.5625723e+05   6.2943691e+04
   9.0500000e+01   1.7566122e+05   5.2609285e+04
   9.0600000e+01   1.7433248e+05   3.3179605e+04
   9.0700000e+01   1.5996505e+05   8.5716719e+03
   9.0800000e+01   1.4875053e+05  -1.0456285e+04
   9.0900000e+01   1.5019277e+05  -1.3156570e+04
   9.1000000e+01   1.5650380e+05   1.9136172e+03
   9.1100000e+01   1.4744688e+05   2.3121871e+04
   9.1200000e+01   1.0853195e+05   3.3338883e+04
   9.1300000e+01   4.6811938e+04   2.4179266e+04
   9.1400000e+01  -1.1759492e+04   3.5469531e+03
   9.1500000e+01  -4.3060297e+04  -1.1952086e+04
   9.1600000e+01  -4.4943734e+04  -1.2793406e+04
   9.1700000e+01  -3.7550945e+04  -4.6652227e+03
   9.1800000e+01  -4.3905590e+04  -1.2585508e+03
   9.1900000e+01  -7.0092055e+04  -1.0088869e+04
   9.2000000e+01  -1.0300977e+05  -2.5836205e+04
   9.2100000e+01  -1.2465784e+05  -3.6553250e+04
   9.2200000e+01  -1.2686335e+05  -3.5306262e+04
   9.2300000e+01  -1.1395175e+05  -2.6373033e+04
   9.2400000e+01  -9.5419242e+04  -2.1695105e+04
   9.2500000e+01  -7.8654234e+04  -3.1460314e+04
   9.2600000e+01  -6.7112086e+04  -5.6168312e+04
   9.2700000e+01  -6.1386844e+04  -8.5858016e+04
   9.2800000e+01  -5.9441473e+04  -1.0716453e+05
   9.2900000e+01  -5.6767754e+04  -1.1296348e+05
   9.3000000e+01  -4.9295156e+04  -1.0680588e+05
   9.3100000e+01  -3.8077418e+04  -9.8535141e+04
   9.3200000e+01  -3.0513699e+04  -9.5499938e+04
   9.3300000e+01  -3.4810289e+04  -9.7491719e+04
   9.3400000e+01  -5.1701555e+04  -9.8897188e+04
   9.3500000e+01  -7.1895828e+04  -9.4171766e+04
   9.3600000e+01  -8.3028859e+04  -8.1035430e+04
   9.3700000e+01  -8.0002797e+04  -6.0347094e+04
   9.3800000e+01  -6.8378812e+04  -3.5292793e+04
   9.3900000e+01  -5.7563070e+04  -1.0936895e+04
   9.4000000e+01  -5.1547895e+04   7.6690215e+03
   9.4100000e+01  -4.7274070e+04   1.9230711e+04
   9.4200000e+01  -4.1318336e+04   2.8292625e+04
   9.4300000e+01  -3.5664555e+04   4.2148719e+04
   9.4400000e+01  -3.4916609e+04   6.4380992e+04
   9.4500000e+01  -3.8598961e+04   9.1025227e+04
   9.4600000e+01  -3.9104633e+04   1.1290144e+05
   9.4700000e+01  -2.9381512e+04   1.2145701e+05
   9.4800000e+01  -1.2100037e+04   1.1294195e+05
   9.4900000e+01   9.8482275e+02   8.8920117e+04
   9.5000000e+01   1.8067773e+02   5.4879219e+04
   9.5100000e+01  -1.1928340e+04   1.8582723e+04
   9.5200000e+01  -2.2280027e+04  -1.2206859e+04
   9.5300000e+01  -1.9742402e+04  -3.2747168e+04
   9.5400000e+01  -5.9298516e+03  -4.3130191e+04
   9.5500000e+01   5.8646094e+03  -4.7002953e+04
   9.5600000e+01   2.4205000e+03  -4.8100102e+04
   9.5700000e+01  -1.7371672e+04  -4.7240660e+04
   9.5800000e+01  -4.0042812e+04  -4.1251191e+04
   9.5900000e+01  -4.6558211e+04  -2.3983102e+04
   9.6000000e+01  -2.6223055e+04   1.0007062e+04
   9.6100000e+01   1.4848617e+04   5.9595695e+04
   9.6200000e+01   5.7667102e+04   1.1376015e+05
   9.6300000e+01   8.4363578e+04   1.5691217e+05
   9.6400000e+01   9.0983930e+04   1.8145462e+05
   9.6500000e+01   8.7960031e+04   1.9571739e+05
   9.6600000e+01   8.8287562e+04   2.1665277e+05
   9.6700000e+01   9.5464016e+04   2.5214369e+05
   9.6800000e+01   1.0297664e+05   2.9062825e+05
   9.6900000e+01   1.0410979e+05   3.0941956e+05
   9.7000000e+01   9.9732305e+04   2.9378181e+05
   9.7100000e+01   9.5466492e+04   2.4854119e+05
   9.7200000e+01   9.3177477e+04   1.9309147e+05
   9.7300000e+01   8.8076766e+04   1.4661905e+05
   9.7400000e+01   7.4601609e+04   1.1626666e+05
   9.7500000e+01   5.3011527e+04   9.4982375e+04
   9.7600000e+01   2.8805859e+04   6.7912742e+04
   9.7700000e+01   7.0966016e+03   2.2482084e+04
   9.7800000e+01  -1.0267746e+04  -4.3570789e+04
   9.7900000e+01  -2.2525984e+04  -1.2091996e+05
   9.8000000e+01  -2.7998098e+04  -1.9466656e+05
   9.8100000e+01  -2.6192225e+04  -2.5288419e+05
   9.8200000e+01  -2.0758893e+04  -2.9186509e+05
   9.8300000e+01  -1.8089580e+04  -3.1606731e+05
   9.8400000e+01  -2.2276289e+04  -3.3420309e+05
   9.8500000e+01  -3.1887408e+04  -3.5315409e+05
   9.8600000e+01  -4.1172152e+04  -3.7187456e+05
   9.8700000e+01  -4.3149633e+04  -3.7989250e+05
   9.8800000e+01  -3.2157137e+04  -3.6421466e+05
   9.8900000e+01  -6.8425977e+03  -3.2081506e+05
   9.9000000e+01   2.6062959e+04  -2.6007362e+05
   9.9100000e+01   5.1355789e+04  -1.9999977e+05
   9.9200000e+01   5.2629723e+04  -1.5384180e+05
   9.9300000e+01   2.4132834e+04  -1.2427270e+05
   9.9400000e+01  -2.2502066e+04  -1.0744455e+05
   9.9500000e+01  -6.3668895e+04  -9.8836719e+04
   9.9600000e+01  -7.8671516e+04  -9.4106906e+04
   9.9700000e+01  -6.3867922e+04  -8.8428500e+04
   9.9800000e+01  -3.5191031e+04  -7.9680922e+04
   9.9900000e+01  -1.4181964e+04  -7.0755961e+04
   1.0000000e+02  -7.0438652e+03  -6.4359695e+04
