   1.1851270e+02   3.6301420e+01   1.8450000e+02
   1.1873608e+02   3.6701332e+01   4.3900000e+01
   0.0000000e+00  -6.6636859e+04  -6.6636859e+04
   1.0000000e-01  -1.3392922e+05  -4.0060977e+03
   2.0000000e-01  -1.9769062e+05   4.3137844e+04
   3.0000000e-01  -2.5314023e+05   6.6138789e+04
   4.0000000e-01  -2.9777209e+05   6.3943164e+04
   5.0000000e-01  -3.3108122e+05   4.3431434e+04
   6.0000000e-01  -3.5400469e+05   1.3926850e+04
   7.0000000e-01  -3.6596069e+05  -1.8578568e+04
   8.0000000e-01  -3.6174206e+05  -5.2323973e+04
   9.0000000e-01  -3.3311616e+05  -8.6708203e+04
   1.0000000e+00  -2.7521753e+05  -1.2004116e+05
   1.1000000e+00  -1.9130502e+05  -1.5063744e+05
   1.2000000e+00  -9.0662227e+04  -1.7931728e+05
   1.3000000e+00   1.7494500e+04  -2.1015295e+05
   1.4000000e+00   1.2697118e+05  -2.4847409e+05
   1.5000000e+00   2.3235736e+05  -2.9734594e+05
   1.6000000e+00   3.2656688e+05  -3.5441275e+05
   1.7000000e+00   4.0258675e+05  -4.1112269e+05
   1.8000000e+00   4.5728709e+05  -4.5590872e+05
   1.9000000e+00   4.9213262e+05  -4.8036950e+05
   2.0000000e+00   5.0992956e+05  -4.8372356e+05
   2.1000000e+00   5.1179138e+05  -4.7044972e+05
   2.2000000e+00   4.9763572e+05  -4.4196662e+05
   2.3000000e+00   4.6884272e+05  -3.9058175e+05
   2.4000000e+00   4.2978128e+05  -3.0367172e+05
   2.5000000e+00   3.8719594e+05  -1.7607253e+05
   2.6000000e+00   3.4850881e+05  -1.8839609e+04
   2.7000000e+00   3.1945681e+05   1.4530973e+05
   2.8000000e+00   3.0100894e+05   2.9633197e+05
   2.9000000e+00   2.8752731e+05   4.2729872e+05
   3.0000000e+00   2.6946925e+05   5.4161850e+05
   3.1000000e+00   2.4041911e+05   6.4169244e+05
   3.2000000e+00   2.0253789e+05   7.2182644e+05
   3.3000000e+00   1.6427506e+05   7.7238306e+05
   3.4000000e+00   1.3165127e+05   7.8965775e+05
   3.5000000e+00   1.0170388e+05   7.8023275e+05
   3.6000000e+00   6.4911625e+04   7.5467106e+05
   3.7000000e+00   1.4027397e+04   7.1653719e+05
   3.8000000e+00  -4.9742062e+04   6.5795350e+05
   3.9000000e+00  -1.1889160e+05   5.6720431e+05
   4.0000000e+00  -1.8691175e+05   4.4216419e+05
   4.1000000e+00  -2.5289142e+05   2.9672469e+05
   4.2000000e+00  -3.1922506e+05   1.5336250e+05
   4.3000000e+00  -3.8538256e+05   2.8601789e+04
   4.4000000e+00  -4.4428869e+05  -7.4737406e+04
   4.5000000e+00  -4.8517378e+05  -1.6221517e+05
   4.6000000e+00  -5.0067559e+05  -2.3708234e+05
   4.7000000e+00  -4.9190638e+05  -2.9633228e+05
   4.8000000e+00  -4.6688934e+05  -3.3607362e+05
   4.9000000e+00  -4.3397947e+05  -3.5784469e+05
   5.0000000e+00  -3.9661288e+05  -3.6805647e+05
   5.1000000e+00  -3.5389969e+05  -3.7224609e+05
   5.2000000e+00  -3.0513931e+05  -3.7139381e+05
   5.3000000e+00  -2.5268903e+05  -3.6363481e+05
   5.4000000e+00  -2.0057467e+05  -3.4824488e+05
   5.5000000e+00  -1.5141277e+05  -3.2758259e+05
   5.6000000e+00  -1.0511463e+05  -3.0576003e+05
   5.7000000e+00  -5.9589742e+04  -2.8528012e+05
   5.8000000e+00  -1.1756733e+04  -2.6382306e+05
   5.9000000e+00   4.1336062e+04  -2.3417964e+05
   6.0000000e+00   1.0056044e+05  -1.8924108e+05
   6.1000000e+00   1.6339422e+05  -1.2905708e+05
   6.2000000e+00   2.2598020e+05  -6.2881141e+04
   6.3000000e+00   2.8761056e+05  -2.8888135e+03
   6.4000000e+00   3.5206203e+05   4.4321980e+04
   6.5000000e+00   4.2231159e+05   7.9057047e+04
   6.6000000e+00   4.9327709e+05   1.0190508e+05
   6.7000000e+00   5.5111406e+05   1.0869212e+05
   6.8000000e+00   5.8103550e+05   9.4630406e+04
   6.9000000e+00   5.7596931e+05   6.2934309e+04
   7.0000000e+00   5.3761388e+05   2.6440357e+04
   7.1000000e+00   4.7048753e+05  -1.3381211e+03
   7.2000000e+00   3.7692675e+05  -1.6815666e+04
   7.3000000e+00   2.5815811e+05  -2.8057420e+04
   7.4000000e+00   1.1832662e+05  -4.7134000e+04
   7.5000000e+00  -3.4524504e+04  -8.1288602e+04
   7.6000000e+00  -1.9147725e+05  -1.2953783e+05
   7.7000000e+00  -3.4542497e+05  -1.8448067e+05
   7.8000000e+00  -4.9032612e+05  -2.3587530e+05
   7.9000000e+00  -6.1913344e+05  -2.7389734e+05
   8.0000000e+00  -7.2422888e+05  -2.9123603e+05
   8.1000000e+00  -8.0031712e+05  -2.8320200e+05
   8.2000000e+00  -8.4585800e+05  -2.4650838e+05
   8.3000000e+00  -8.6067331e+05  -1.7964547e+05
   8.4000000e+00  -8.4244425e+05  -8.6296648e+04
   8.5000000e+00  -7.8661062e+05   2.1930068e+04
   8.6000000e+00  -6.9024981e+05   1.2892295e+05
   8.7000000e+00  -5.5598656e+05   2.2296547e+05
   8.8000000e+00  -3.9267666e+05   3.0288231e+05
   8.9000000e+00  -2.1390950e+05   3.7454862e+05
   9.0000000e+00  -3.6619469e+04   4.4105669e+05
   9.1000000e+00   1.2125495e+05   4.9707084e+05
   9.2000000e+00   2.4661848e+05   5.3321162e+05
   9.3000000e+00   3.3817669e+05   5.4505362e+05
   9.4000000e+00   4.0680122e+05   5.3664075e+05
   9.5000000e+00   4.6557472e+05   5.1521022e+05
   9.6000000e+00   5.1722228e+05   4.8355162e+05
   9.7000000e+00   5.5165631e+05   4.3813028e+05
   9.8000000e+00   5.5669662e+05   3.7414944e+05
   9.9000000e+00   5.3087306e+05   2.9179381e+05
   1.0000000e+01   4.8561078e+05   1.9789162e+05
   1.0100000e+01   4.3679225e+05   1.0229871e+05
   1.0200000e+01   3.9644047e+05   1.2350104e+04
   1.0300000e+01   3.7134188e+05  -7.0928844e+04
   1.0400000e+01   3.6427831e+05  -1.5276256e+05
   1.0500000e+01   3.7174028e+05  -2.4048591e+05
   1.0600000e+01   3.8150650e+05  -3.3744038e+05
   1.0700000e+01   3.7871072e+05  -4.3910922e+05
   1.0800000e+01   3.5941141e+05  -5.3477094e+05
   1.0900000e+01   3.3762522e+05  -6.1323431e+05
   1.1000000e+01   3.3472288e+05  -6.6703950e+05
   1.1100000e+01   3.5910494e+05  -6.9124569e+05
   1.1200000e+01   3.9678150e+05  -6.7956756e+05
   1.1300000e+01   4.2276056e+05  -6.2442544e+05
   1.1400000e+01   4.2048909e+05  -5.2303569e+05
   1.1500000e+01   3.8906241e+05  -3.8352203e+05
   1.1600000e+01   3.3416312e+05  -2.2332352e+05
   1.1700000e+01   2.5776220e+05  -6.0161516e+04
   1.1800000e+01   1.5995302e+05   9.5369625e+04
   1.1900000e+01   4.7749414e+04   2.3786969e+05
   1.2000000e+01  -6.4340207e+04   3.5898784e+05
   1.2100000e+01  -1.6556691e+05   4.4394503e+05
   1.2200000e+01  -2.5849505e+05   4.7865284e+05
   1.2300000e+01  -3.5390016e+05   4.6108131e+05
   1.2400000e+01  -4.5591234e+05   4.0511856e+05
   1.2500000e+01  -5.5441900e+05   3.3257856e+05
   1.2600000e+01  -6.3296962e+05   2.6045345e+05
   1.2700000e+01  -6.8245912e+05   1.9385123e+05
   1.2800000e+01  -7.0587544e+05   1.2858200e+05
   1.2900000e+01  -7.1161356e+05   5.9369766e+04
   1.3000000e+01  -7.0537219e+05  -1.2924435e+04
   1.3100000e+01  -6.8889531e+05  -7.9398359e+04
   1.3200000e+01  -6.6311300e+05  -1.2730809e+05
   1.3300000e+01  -6.2884725e+05  -1.4773538e+05
   1.3400000e+01  -5.8432494e+05  -1.4135681e+05
   1.3500000e+01  -5.2478200e+05  -1.1743391e+05
   1.3600000e+01  -4.4659528e+05  -8.6422633e+04
   1.3700000e+01  -3.5154619e+05  -5.2745820e+04
   1.3800000e+01  -2.4630897e+05  -1.4481351e+04
   1.3900000e+01  -1.3866052e+05   3.0299830e+04
   1.4000000e+01  -3.5585797e+04   7.7909812e+04
   1.4100000e+01   5.5877574e+04   1.2065125e+05
   1.4200000e+01   1.2956327e+05   1.5391458e+05
   1.4300000e+01   1.8481862e+05   1.8038483e+05
   1.4400000e+01   2.2931258e+05   2.0561317e+05
   1.4500000e+01   2.7361731e+05   2.2874217e+05
   1.4600000e+01   3.2046928e+05   2.3834592e+05
   1.4700000e+01   3.5990309e+05   2.1899034e+05
   1.4800000e+01   3.7700438e+05   1.6330880e+05
   1.4900000e+01   3.6566119e+05   7.8513164e+04
   1.5000000e+01   3.3481150e+05  -1.8352797e+04
   1.5100000e+01   3.0130788e+05  -1.1129986e+05
   1.5200000e+01   2.7683869e+05  -1.9248998e+05
   1.5300000e+01   2.6112142e+05  -2.6100430e+05
   1.5400000e+01   2.4623945e+05  -3.1728647e+05
   1.5500000e+01   2.2639842e+05  -3.5975834e+05
   1.5600000e+01   2.0349839e+05  -3.8565591e+05
   1.5700000e+01   1.8372584e+05  -3.9342181e+05
   1.5800000e+01   1.6873056e+05  -3.8384775e+05
   1.5900000e+01   1.5009156e+05  -3.5961853e+05
   1.6000000e+01   1.1347780e+05  -3.2405447e+05
   1.6100000e+01   5.0194793e+04  -2.7957131e+05
   1.6200000e+01  -3.4174812e+04  -2.2670983e+05
   1.6300000e+01  -1.2300772e+05  -1.6508175e+05
   1.6400000e+01  -2.0137523e+05  -9.5969586e+04
   1.6500000e+01  -2.6543331e+05  -2.3588006e+04
   1.6600000e+01  -3.1853094e+05   4.7484195e+04
   1.6700000e+01  -3.5900184e+05   1.1641134e+05
   1.6800000e+01  -3.7489012e+05   1.8611714e+05
   1.6900000e+01  -3.5318478e+05   2.5746505e+05
   1.7000000e+01  -2.9320550e+05   3.2365719e+05
   1.7100000e+01  -2.0746169e+05   3.7252766e+05
   1.7200000e+01  -1.0779384e+05   3.9599184e+05
   1.7300000e+01   6.9849707e+03   3.9666697e+05
   1.7400000e+01   1.4661247e+05   3.8365581e+05
   1.7500000e+01   3.1266703e+05   3.6180875e+05
   1.7600000e+01   4.8875138e+05   3.2708406e+05
   1.7700000e+01   6.4815988e+05   2.7414578e+05
   1.7800000e+01   7.6949688e+05   2.0776495e+05
   1.7900000e+01   8.4395138e+05   1.4396119e+05
   1.8000000e+01   8.7068769e+05   9.7388703e+04
   1.8100000e+01   8.5053112e+05   6.6943992e+04
   1.8200000e+01   7.8604362e+05   3.4911695e+04
   1.8300000e+01   6.8421738e+05  -1.7795426e+04
   1.8400000e+01   5.5415212e+05  -9.3639977e+04
   1.8500000e+01   4.0056738e+05  -1.7418002e+05
   1.8600000e+01   2.2168295e+05  -2.3338017e+05
   1.8700000e+01   1.5752453e+04  -2.5630931e+05
   1.8800000e+01  -2.1003414e+05  -2.4682523e+05
   1.8900000e+01  -4.3791338e+05  -2.1924100e+05
   1.9000000e+01  -6.4715625e+05  -1.8431817e+05
   1.9100000e+01  -8.2369231e+05  -1.4381994e+05
   1.9200000e+01  -9.6368988e+05  -9.7058125e+04
   1.9300000e+01  -1.0698138e+06  -4.9717383e+04
   1.9400000e+01  -1.1449549e+06  -1.3826501e+04
   1.9500000e+01  -1.1883264e+06   1.5361807e+03
   1.9600000e+01  -1.1951994e+06  -1.0350752e+03
   1.9700000e+01  -1.1591028e+06  -8.1513252e+03
   1.9800000e+01  -1.0752340e+06  -5.5046367e+03
   1.9900000e+01  -9.4401119e+05   1.1800260e+04
   2.0000000e+01  -7.7294356e+05   3.6412117e+04
   2.0100000e+01  -5.7503262e+05   5.4456598e+04
   2.0200000e+01  -3.6416119e+05   5.4549441e+04
   2.0300000e+01  -1.5057444e+05   3.3803828e+04
   2.0400000e+01   6.0600230e+04  -1.7278574e+03
   2.0500000e+01   2.6790638e+05  -4.0523047e+04
   2.0600000e+01   4.7149844e+05  -7.0257758e+04
   2.0700000e+01   6.7144869e+05  -8.2337312e+04
   2.0800000e+01   8.6507819e+05  -7.5305438e+04
   2.0900000e+01   1.0431644e+06  -5.4981570e+04
   2.1000000e+01   1.1890095e+06  -3.0079406e+04
   2.1100000e+01   1.2849115e+06  -6.3242129e+03
   2.1200000e+01   1.3238216e+06   1.5476959e+04
   2.1300000e+01   1.3160622e+06   3.6217754e+04
   2.1400000e+01   1.2825424e+06   5.5422043e+04
   2.1500000e+01   1.2380906e+06   7.2909688e+04
   2.1600000e+01   1.1793789e+06   9.1818672e+04
   2.1700000e+01   1.0888450e+06   1.1602139e+05
   2.1800000e+01   9.5122338e+05   1.4275009e+05
   2.1900000e+01   7.6781106e+05   1.6042039e+05
   2.2000000e+01   5.5665575e+05   1.5773303e+05
   2.2100000e+01   3.4027581e+05   1.3580175e+05
   2.2200000e+01   1.3250445e+05   1.0892425e+05
   2.2300000e+01  -6.5476391e+04   9.1368562e+04
   2.2400000e+01  -2.5914302e+05   8.3604203e+04
   2.2500000e+01  -4.5148138e+05   7.2126969e+04
   2.2600000e+01  -6.3803119e+05   4.2060227e+04
   2.2700000e+01  -8.0864669e+05  -1.0725799e+04
   2.2800000e+01  -9.5332762e+05  -7.8264703e+04
   2.2900000e+01  -1.0674489e+06  -1.4834611e+05
   2.3000000e+01  -1.1530900e+06  -2.1322492e+05
   2.3100000e+01  -1.2161406e+06  -2.7302897e+05
   2.3200000e+01  -1.2615612e+06  -3.3262844e+05
   2.3300000e+01  -1.2902861e+06  -3.9408659e+05
   2.3400000e+01  -1.2999336e+06  -4.4975388e+05
   2.3500000e+01  -1.2882938e+06  -4.8283906e+05
   2.3600000e+01  -1.2559081e+06  -4.7806978e+05
   2.3700000e+01  -1.2050902e+06  -4.3492766e+05
   2.3800000e+01  -1.1368175e+06  -3.7021091e+05
   2.3900000e+01  -1.0496182e+06  -3.0485678e+05
   2.4000000e+01  -9.4220238e+05  -2.4624564e+05
   2.4100000e+01  -8.1683944e+05  -1.8366209e+05
   2.4200000e+01  -6.7923850e+05  -1.0202362e+05
   2.4300000e+01  -5.3458988e+05   8.6901855e+01
   2.4400000e+01  -3.8367341e+05   1.0647534e+05
   2.4500000e+01  -2.2270447e+05   1.9652305e+05
   2.4600000e+01  -4.6877785e+04   2.6085180e+05
   2.4700000e+01   1.4526631e+05   3.0427622e+05
   2.4800000e+01   3.4953988e+05   3.3639722e+05
   2.4900000e+01   5.5722894e+05   3.6257450e+05
   2.5000000e+01   7.5904900e+05   3.8378484e+05
   2.5100000e+01   9.4909781e+05   4.0093319e+05
   2.5200000e+01   1.1250858e+06   4.1505412e+05
   2.5300000e+01   1.2840595e+06   4.2360856e+05
   2.5400000e+01   1.4180504e+06   4.2091947e+05
   2.5500000e+01   1.5154780e+06   4.0562522e+05
   2.5600000e+01   1.5683821e+06   3.8655241e+05
   2.5700000e+01   1.5782876e+06   3.7737150e+05
   2.5800000e+01   1.5538869e+06   3.8336394e+05
   2.5900000e+01   1.5025884e+06   3.9471712e+05
   2.6000000e+01   1.4252430e+06   3.9485409e+05
   2.6100000e+01   1.3198722e+06   3.7538516e+05
   2.6200000e+01   1.1895482e+06   3.4166659e+05
   2.6300000e+01   1.0445061e+06   3.0385462e+05
   2.6400000e+01   8.9536888e+05   2.6443525e+05
   2.6500000e+01   7.4500838e+05   2.1574714e+05
   2.6600000e+01   5.8839500e+05   1.4862156e+05
   2.6700000e+01   4.2086169e+05   6.1754414e+04
   2.6800000e+01   2.4595798e+05  -3.6880414e+04
   2.6900000e+01   7.4701117e+04  -1.3525470e+05
   2.7000000e+01  -8.2861156e+04  -2.2260175e+05
   2.7100000e+01  -2.2537842e+05  -2.9190072e+05
   2.7200000e+01  -3.6005619e+05  -3.4133984e+05
   2.7300000e+01  -4.9511788e+05  -3.7559922e+05
   2.7400000e+01  -6.3168162e+05  -4.0431791e+05
   2.7500000e+01  -7.6180056e+05  -4.3614725e+05
   2.7600000e+01  -8.7393700e+05  -4.7217953e+05
   2.7700000e+01  -9.6110625e+05  -5.0499156e+05
   2.7800000e+01  -1.0250435e+06  -5.2485638e+05
   2.7900000e+01  -1.0733896e+06  -5.2769369e+05
   2.8000000e+01  -1.1130381e+06  -5.1775494e+05
   2.8100000e+01  -1.1459775e+06  -5.0325934e+05
   2.8200000e+01  -1.1709892e+06  -4.8940900e+05
   2.8300000e+01  -1.1882660e+06  -4.7461194e+05
   2.8400000e+01  -1.2009925e+06  -4.5207916e+05
   2.8500000e+01  -1.2115721e+06  -4.1436553e+05
   2.8600000e+01  -1.2165422e+06  -3.5695322e+05
   2.8700000e+01  -1.2061476e+06  -2.7929825e+05
   2.8800000e+01  -1.1699849e+06  -1.8492462e+05
   2.8900000e+01  -1.1041465e+06  -8.2249352e+04
   2.9000000e+01  -1.0140009e+06   1.5377896e+04
   2.9100000e+01  -9.1056388e+05   9.3780648e+04
   2.9200000e+01  -8.0305344e+05   1.4591189e+05
   2.9300000e+01  -6.9232100e+05   1.7734261e+05
   2.9400000e+01  -5.6937738e+05   2.0271888e+05
   2.9500000e+01  -4.2073016e+05   2.3459798e+05
   2.9600000e+01  -2.3782631e+05   2.7404369e+05
   2.9700000e+01  -2.3908008e+04   3.1085416e+05
   2.9800000e+01   2.0741150e+05   3.3195062e+05
   2.9900000e+01   4.4058431e+05   3.3002006e+05
   3.0000000e+01   6.6575744e+05   3.0686700e+05
   3.0100000e+01   8.7912662e+05   2.7169275e+05
   3.0200000e+01   1.0776344e+06   2.3649022e+05
   3.0300000e+01   1.2550958e+06   2.0991234e+05
   3.0400000e+01   1.4036435e+06   1.9226722e+05
   3.0500000e+01   1.5173874e+06   1.7632086e+05
   3.0600000e+01   1.5932206e+06   1.5527983e+05
   3.0700000e+01   1.6284244e+06   1.3141881e+05
   3.0800000e+01   1.6191844e+06   1.1606716e+05
   3.0900000e+01   1.5628142e+06   1.1982336e+05
   3.1000000e+01   1.4615670e+06   1.4269534e+05
   3.1100000e+01   1.3235979e+06   1.7426131e+05
   3.1200000e+01   1.1593865e+06   2.0296067e+05
   3.1300000e+01   9.7676512e+05   2.2423855e+05
   3.1400000e+01   7.7950962e+05   2.4007236e+05
   3.1500000e+01   5.7113988e+05   2.5276711e+05
   3.1600000e+01   3.6004516e+05   2.6088902e+05
   3.1700000e+01   1.6019978e+05   2.6025744e+05
   3.1800000e+01  -1.3784882e+04   2.4628922e+05
   3.1900000e+01  -1.5247517e+05   2.1446900e+05
   3.2000000e+01  -2.5326812e+05   1.6093281e+05
   3.2100000e+01  -3.1856112e+05   8.6026289e+04
   3.2200000e+01  -3.5472225e+05  -1.8518840e+03
   3.2300000e+01  -3.7260959e+05  -8.8368961e+04
   3.2400000e+01  -3.8574750e+05  -1.6221361e+05
   3.2500000e+01  -4.0486488e+05  -2.2293550e+05
   3.2600000e+01  -4.3429425e+05  -2.7910238e+05
   3.2700000e+01  -4.7542666e+05  -3.3793100e+05
   3.2800000e+01  -5.3317256e+05  -3.9650906e+05
   3.2900000e+01  -6.1589450e+05  -4.4263456e+05
   3.3000000e+01  -7.2705450e+05  -4.6342262e+05
   3.3100000e+01  -8.5847581e+05  -4.5367903e+05
   3.3200000e+01  -9.9419238e+05  -4.1847016e+05
   3.3300000e+01  -1.1205525e+06  -3.6978341e+05
   3.3400000e+01  -1.2304750e+06  -3.1986019e+05
   3.3500000e+01  -1.3181100e+06  -2.7441897e+05
   3.3600000e+01  -1.3730394e+06  -2.2983067e+05
   3.3700000e+01  -1.3829394e+06  -1.7720309e+05
   3.3800000e+01  -1.3412762e+06  -1.1102348e+05
   3.3900000e+01  -1.2494035e+06  -3.4842230e+04
   3.4000000e+01  -1.1099480e+06   4.1484750e+04
   3.4100000e+01  -9.2012400e+05   1.0997746e+05
   3.4200000e+01  -6.7429812e+05   1.6956591e+05
   3.4300000e+01  -3.7418753e+05   2.2334697e+05
   3.4400000e+01  -3.5978430e+04   2.7202491e+05
   3.4500000e+01   3.1343188e+05   3.1079572e+05
   3.4600000e+01   6.4797788e+05   3.3221372e+05
   3.4700000e+01   9.5150700e+05   3.3148003e+05
   3.4800000e+01   1.2173266e+06   3.0965900e+05
   3.4900000e+01   1.4405932e+06   2.7351325e+05
   3.5000000e+01   1.6120691e+06   2.3289100e+05
   3.5100000e+01   1.7191691e+06   1.9640734e+05
   3.5200000e+01   1.7523044e+06   1.6651741e+05
   3.5300000e+01   1.7097949e+06   1.3721108e+05
   3.5400000e+01   1.5973960e+06   9.7897008e+04
   3.5500000e+01   1.4245326e+06   4.2376340e+04
   3.5600000e+01   1.2015404e+06  -2.4327473e+04
   3.5700000e+01   9.3929819e+05  -8.8375148e+04
   3.5800000e+01   6.4940750e+05  -1.3740273e+05
   3.5900000e+01   3.4352750e+05  -1.6891919e+05
   3.6000000e+01   3.2812152e+04  -1.8861458e+05
   3.6100000e+01  -2.7120666e+05  -2.0109339e+05
   3.6200000e+01  -5.5503338e+05  -2.0350319e+05
   3.6300000e+01  -8.0337031e+05  -1.8869642e+05
   3.6400000e+01  -1.0025639e+06  -1.5369550e+05
   3.6500000e+01  -1.1458002e+06  -1.0395028e+05
   3.6600000e+01  -1.2357644e+06  -4.9475578e+04
   3.6700000e+01  -1.2809789e+06   2.0211387e+03
   3.6800000e+01  -1.2869831e+06   4.7662688e+04
   3.6900000e+01  -1.2495990e+06   8.5964016e+04
   3.7000000e+01  -1.1579134e+06   1.1220445e+05
   3.7100000e+01  -1.0062604e+06   1.1802673e+05
   3.7200000e+01  -8.0460394e+05   9.6213883e+04
   3.7300000e+01  -5.7668406e+05   4.6874199e+04
   3.7400000e+01  -3.4697797e+05  -2.0076145e+04
   3.7500000e+01  -1.2885427e+05  -8.8700102e+04
   3.7600000e+01   7.5470008e+04  -1.4503677e+05
   3.7700000e+01   2.6544206e+05  -1.8380941e+05
   3.7800000e+01   4.3468869e+05  -2.0914567e+05
   3.7900000e+01   5.7293200e+05  -2.2945002e+05
   3.8000000e+01   6.7332038e+05  -2.5105486e+05
   3.8100000e+01   7.3608225e+05  -2.7506016e+05
   3.8200000e+01   7.6520731e+05  -2.9767709e+05
   3.8300000e+01   7.6335938e+05  -3.1152328e+05
   3.8400000e+01   7.3152394e+05  -3.0660766e+05
   3.8500000e+01   6.7360250e+05  -2.7245044e+05
   3.8600000e+01   6.0017969e+05  -2.0252239e+05
   3.8700000e+01   5.2646544e+05  -9.8867547e+04
   3.8800000e+01   4.6540822e+05   2.7258260e+04
   3.8900000e+01   4.2156906e+05   1.6046350e+05
   3.9000000e+01   3.9026953e+05   2.8874878e+05
   3.9100000e+01   3.6175266e+05   4.0758303e+05
   3.9200000e+01   3.2676697e+05   5.1720241e+05
   3.9300000e+01   2.8046753e+05   6.1568306e+05
   3.9400000e+01   2.2357866e+05   6.9437419e+05
   3.9500000e+01   1.6060692e+05   7.4049088e+05
   3.9600000e+01   9.5413516e+04   7.4507206e+05
   3.9700000e+01   2.6831709e+04   7.0917356e+05
   3.9800000e+01  -5.0852531e+04   6.4258300e+05
   3.9900000e+01  -1.4096267e+05   5.5643519e+05
   4.0000000e+01  -2.3723784e+05   4.5664544e+05
   4.0100000e+01  -3.2546619e+05   3.4350412e+05
   4.0200000e+01  -3.9444109e+05   2.1635859e+05
   4.0300000e+01  -4.4488491e+05   7.8222094e+04
   4.0400000e+01  -4.8541112e+05  -6.3278160e+04
   4.0500000e+01  -5.1925172e+05  -1.9825344e+05
   4.0600000e+01  -5.3730312e+05  -3.1810922e+05
   4.0700000e+01  -5.2662319e+05  -4.1869575e+05
   4.0800000e+01  -4.8576541e+05  -5.0154984e+05
   4.0900000e+01  -4.3044153e+05  -5.7145594e+05
   4.1000000e+01  -3.8358578e+05  -6.3054225e+05
   4.1100000e+01  -3.5952609e+05  -6.7323600e+05
   4.1200000e+01  -3.5564653e+05  -6.8781575e+05
   4.1300000e+01  -3.5603462e+05  -6.6535162e+05
   4.1400000e+01  -3.4221697e+05  -6.0910656e+05
   4.1500000e+01  -3.0381831e+05  -5.3530588e+05
   4.1600000e+01  -2.4417147e+05  -4.6312866e+05
   4.1700000e+01  -1.7833600e+05  -4.0180341e+05
   4.1800000e+01  -1.2412825e+05  -3.4583438e+05
   4.1900000e+01  -9.1295680e+04  -2.8234231e+05
   4.2000000e+01  -7.6288547e+04  -2.0398647e+05
   4.2100000e+01  -6.6351367e+04  -1.1666519e+05
   4.2200000e+01  -4.9222508e+04  -3.6411953e+04
   4.2300000e+01  -2.0486309e+04   2.0981598e+04
   4.2400000e+01   1.6478334e+04   4.9232945e+04
   4.2500000e+01   5.6045066e+04   5.3890340e+04
   4.2600000e+01   9.5166016e+04   4.8053684e+04
   4.2700000e+01   1.3339205e+05   4.5757297e+04
   4.2800000e+01   1.6987861e+05   5.6686613e+04
   4.2900000e+01   2.0224436e+05   8.3382539e+04
   4.3000000e+01   2.2899689e+05   1.2105421e+05
   4.3100000e+01   2.5188566e+05   1.6051472e+05
   4.3200000e+01   2.7414925e+05   1.9374650e+05
   4.3300000e+01   2.9617756e+05   2.1868564e+05
   4.3400000e+01   3.1428875e+05   2.3890823e+05
   4.3500000e+01   3.2491156e+05   2.5819375e+05
   4.3600000e+01   3.2935919e+05   2.7578500e+05
   4.3700000e+01   3.3307978e+05   2.8803644e+05
   4.3800000e+01   3.3993434e+05   2.9473091e+05
   4.3900000e+01   3.4815838e+05   3.0213700e+05
   4.4000000e+01   3.5238522e+05   3.1812472e+05
   4.4100000e+01   3.4878719e+05   3.4404900e+05
   4.4200000e+01   3.3752694e+05   3.7216969e+05
   4.4300000e+01   3.2106953e+05   3.9116122e+05
   4.4400000e+01   3.0180928e+05   3.9366297e+05
   4.4500000e+01   2.8178119e+05   3.7897819e+05
   4.4600000e+01   2.6316459e+05   3.5053756e+05
   4.4700000e+01   2.4704088e+05   3.1263591e+05
   4.4800000e+01   2.3087330e+05   2.6926134e+05
   4.4900000e+01   2.0805384e+05   2.2382120e+05
   4.5000000e+01   1.7165098e+05   1.7810409e+05
   4.5100000e+01   1.2021090e+05   1.3138298e+05
   4.5200000e+01   6.0523508e+04   8.1523547e+04
   4.5300000e+01   3.9839727e+03   2.7709908e+04
   4.5400000e+01  -4.1324570e+04  -2.7948430e+04
   4.5500000e+01  -7.6306109e+04  -8.1855750e+04
   4.5600000e+01  -1.0930920e+05  -1.3203680e+05
   4.5700000e+01  -1.4913909e+05  -1.7939041e+05
   4.5800000e+01  -1.9943506e+05  -2.2531000e+05
   4.5900000e+01  -2.5879030e+05  -2.6814256e+05
   4.6000000e+01  -3.2403891e+05  -3.0299128e+05
   4.6100000e+01  -3.9132178e+05  -3.2605344e+05
   4.6200000e+01  -4.5414025e+05  -3.3906209e+05
   4.6300000e+01  -5.0298484e+05  -3.4830891e+05
   4.6400000e+01  -5.2965781e+05  -3.5848656e+05
   4.6500000e+01  -5.3293888e+05  -3.6786778e+05
   4.6600000e+01  -5.1944269e+05  -3.7023569e+05
   4.6700000e+01  -4.9819850e+05  -3.6134506e+05
   4.6800000e+01  -4.7384947e+05  -3.4263972e+05
   4.6900000e+01  -4.4421672e+05  -3.1854394e+05
   4.7000000e+01  -4.0337244e+05  -2.9118741e+05
   4.7100000e+01  -3.4701866e+05  -2.5872131e+05
   4.7200000e+01  -2.7631303e+05  -2.1832302e+05
   4.7300000e+01  -1.9805248e+05  -1.6954889e+05
   4.7400000e+01  -1.2121281e+05  -1.1445674e+05
   4.7500000e+01  -5.1960211e+04  -5.5904820e+04
   4.7600000e+01   9.2237773e+03   2.5674297e+03
   4.7700000e+01   6.5692016e+04   5.5430797e+04
   4.7800000e+01   1.1939408e+05   9.6191516e+04
   4.7900000e+01   1.6709158e+05   1.2215027e+05
   4.8000000e+01   2.0204252e+05   1.3826062e+05
   4.8100000e+01   2.2026762e+05   1.5419175e+05
   4.8200000e+01   2.2592356e+05   1.7558648e+05
   4.8300000e+01   2.3027683e+05   1.9800770e+05
   4.8400000e+01   2.4377972e+05   2.1040152e+05
   4.8500000e+01   2.6715912e+05   2.0493062e+05
   4.8600000e+01   2.8966944e+05   1.8324981e+05
   4.8700000e+01   2.9741722e+05   1.5374562e+05
   4.8800000e+01   2.8529684e+05   1.2428939e+05
   4.8900000e+01   2.6167803e+05   9.8565352e+04
   4.9000000e+01   2.4143056e+05   7.7908305e+04
   4.9100000e+01   2.3441327e+05   6.3814559e+04
   4.9200000e+01   2.4046841e+05   5.7273977e+04
   4.9300000e+01   2.5368619e+05   5.6808031e+04
   4.9400000e+01   2.6842516e+05   5.8782559e+04
   4.9500000e+01   2.7978747e+05   5.9544516e+04
   4.9600000e+01   2.8056569e+05   5.6224160e+04
   4.9700000e+01   2.6201130e+05   4.6002855e+04
   4.9800000e+01   2.2006611e+05   2.7192596e+04
   4.9900000e+01   1.6015139e+05   3.0649385e+03
   5.0000000e+01   9.4009391e+04  -1.6330973e+04
   5.0100000e+01   3.1033250e+04  -1.9254715e+04
   5.0200000e+01  -2.7410090e+04  -1.6290586e+03
   5.0300000e+01  -8.5948250e+04   2.8327018e+04
   5.0400000e+01  -1.4889242e+05   5.5724746e+04
   5.0500000e+01  -2.1598488e+05   7.0250484e+04
   5.0600000e+01  -2.8248062e+05   7.2799922e+04
   5.0700000e+01  -3.4117203e+05   7.2165008e+04
   5.0800000e+01  -3.8387400e+05   7.5897000e+04
   5.0900000e+01  -4.0273634e+05   8.3693719e+04
   5.1000000e+01  -3.9283294e+05   8.7953102e+04
   5.1100000e+01  -3.5542472e+05   7.9849039e+04
   5.1200000e+01  -2.9900294e+05   5.6018473e+04
   5.1300000e+01  -2.3588236e+05   2.1402713e+04
   5.1400000e+01  -1.7563338e+05  -1.3863791e+04
   5.1500000e+01  -1.1985052e+05  -4.2065500e+04
   5.1600000e+01  -6.2413375e+04  -6.4549090e+04
   5.1700000e+01   4.7032861e+03  -9.0879570e+04
   5.1800000e+01   8.4426789e+04  -1.2923768e+05
   5.1900000e+01   1.7141073e+05  -1.7548289e+05
   5.2000000e+01   2.5411564e+05  -2.1166214e+05
   5.2100000e+01   3.1955078e+05  -2.1743866e+05
   5.2200000e+01   3.5750416e+05  -1.8581666e+05
   5.2300000e+01   3.6341075e+05  -1.2973178e+05
   5.2400000e+01   3.4029153e+05  -7.3720398e+04
   5.2500000e+01   2.9868653e+05  -3.7539133e+04
   5.2600000e+01   2.5240038e+05  -2.4580340e+04
   5.2700000e+01   2.1070528e+05  -2.2970006e+04
   5.2800000e+01   1.7239270e+05  -1.6997863e+04
   5.2900000e+01   1.2747888e+05   4.7682080e+02
   5.3000000e+01   6.6126312e+04   2.3504506e+04
   5.3100000e+01  -1.2633932e+04   3.8762539e+04
   5.3200000e+01  -9.9649109e+04   3.6301047e+04
   5.3300000e+01  -1.8179438e+05   1.6791457e+04
   5.3400000e+01  -2.4907814e+05  -9.9188184e+03
   5.3500000e+01  -2.9728662e+05  -3.2823691e+04
   5.3600000e+01  -3.2654344e+05  -4.7073129e+04
   5.3700000e+01  -3.3932403e+05  -5.4724148e+04
   5.3800000e+01  -3.3949338e+05  -5.9445965e+04
   5.3900000e+01  -3.3108791e+05  -6.0973262e+04
   5.4000000e+01  -3.1606200e+05  -5.4648293e+04
   5.4100000e+01  -2.9273094e+05  -3.6164848e+04
   5.4200000e+01  -2.5714162e+05  -6.7224116e+03
   5.4300000e+01  -2.0697791e+05   2.6448029e+04
   5.4400000e+01  -1.4479278e+05   5.4857855e+04
   5.4500000e+01  -7.7512648e+04   7.4612930e+04
   5.4600000e+01  -1.2375994e+04   8.8168320e+04
   5.4700000e+01   4.7132910e+04   1.0068909e+05
   5.4800000e+01   1.0158466e+05   1.1478209e+05
   5.4900000e+01   1.5199458e+05   1.2861594e+05
   5.5000000e+01   1.9615645e+05   1.3856881e+05
   5.5100000e+01   2.2869653e+05   1.4273009e+05
   5.5200000e+01   2.4443466e+05   1.4128414e+05
   5.5300000e+01   2.4142478e+05   1.3425395e+05
   5.5400000e+01   2.2160094e+05   1.2055217e+05
   5.5500000e+01   1.9039614e+05   1.0013286e+05
   5.5600000e+01   1.5665120e+05   7.6129008e+04
   5.5700000e+01   1.3107548e+05   5.3231016e+04
   5.5800000e+01   1.2133129e+05   3.3632656e+04
   5.5900000e+01   1.2640421e+05   1.5724622e+04
   5.6000000e+01   1.3617306e+05  -2.5471475e+03
   5.6100000e+01   1.3826606e+05  -2.0056844e+04
   5.6200000e+01   1.2686154e+05  -3.3442969e+04
   5.6300000e+01   1.0583335e+05  -4.1135125e+04
   5.6400000e+01   8.4181602e+04  -4.4849070e+04
   5.6500000e+01   6.8549078e+04  -4.6897719e+04
   5.6600000e+01   5.8907000e+04  -4.7708953e+04
   5.6700000e+01   4.9541480e+04  -4.7032688e+04
   5.6800000e+01   3.3346062e+04  -4.6074906e+04
   5.6900000e+01   6.1584639e+03  -4.6093441e+04
   5.7000000e+01  -3.1168648e+04  -4.4786898e+04
   5.7100000e+01  -7.3546281e+04  -3.6308363e+04
   5.7200000e+01  -1.1423945e+05  -1.6651701e+04
   5.7300000e+01  -1.4760300e+05   1.1139860e+04
   5.7400000e+01  -1.7094808e+05   3.7851836e+04
   5.7500000e+01  -1.8523792e+05   5.4181219e+04
   5.7600000e+01  -1.9405259e+05   5.6313926e+04
   5.7700000e+01  -2.0032786e+05   4.7244078e+04
   5.7800000e+01  -2.0252233e+05   3.4137020e+04
   5.7900000e+01  -1.9429447e+05   2.3347352e+04
   5.8000000e+01  -1.7003569e+05   1.5193312e+04
   5.8100000e+01  -1.3228452e+05   2.5603042e+03
   5.8200000e+01  -9.2849477e+04  -2.3178496e+04
   5.8300000e+01  -6.4172262e+04  -6.2218754e+04
   5.8400000e+01  -4.8072320e+04  -1.0228113e+05
   5.8500000e+01  -3.3769172e+04  -1.2656827e+05
   5.8600000e+01  -8.7103955e+03  -1.2718062e+05
   5.8700000e+01   2.8176943e+04  -1.1068302e+05
   5.8800000e+01   6.4962988e+04  -9.0775055e+04
   5.8900000e+01   8.8988242e+04  -7.6769930e+04
   5.9000000e+01   9.9701164e+04  -6.9417523e+04
   5.9100000e+01   1.0793813e+05  -6.5411961e+04
   5.9200000e+01   1.2273814e+05  -6.2587484e+04
   5.9300000e+01   1.4073825e+05  -6.0074008e+04
   5.9400000e+01   1.4966206e+05  -5.6132180e+04
   5.9500000e+01   1.4100223e+05  -4.8817938e+04
   5.9600000e+01   1.1744374e+05  -3.8981688e+04
   5.9700000e+01   8.8359125e+04  -3.0675418e+04
   5.9800000e+01   6.0819332e+04  -2.7395422e+04
   5.9900000e+01   3.6624898e+04  -2.8731213e+04
   6.0000000e+01   1.6146635e+04  -3.1974947e+04
   6.0100000e+01   1.4784655e+03  -3.6707734e+04
   6.0200000e+01  -5.4076953e+03  -4.6049129e+04
   6.0300000e+01  -5.6370732e+03  -6.2225152e+04
   6.0400000e+01  -2.5489756e+03  -8.1564258e+04
   6.0500000e+01   1.6303979e+03  -9.5322867e+04
   6.0600000e+01   6.5655044e+03  -9.5936352e+04
   6.0700000e+01   1.1422732e+04  -8.1925109e+04
   6.0800000e+01   1.3757760e+04  -5.6784465e+04
   6.0900000e+01   1.1858039e+04  -2.4704234e+04
   6.1000000e+01   6.7465635e+03   1.1092718e+04
   6.1100000e+01   3.1330078e+01   4.6661613e+04
   6.1200000e+01  -9.6082529e+03   7.6940883e+04
   6.1300000e+01  -2.5307037e+04   9.9098883e+04
   6.1400000e+01  -4.6425203e+04   1.1545436e+05
   6.1500000e+01  -6.6135453e+04   1.3072562e+05
   6.1600000e+01  -7.7253922e+04   1.4542094e+05
   6.1700000e+01  -8.0644906e+04   1.5329739e+05
   6.1800000e+01  -8.5779828e+04   1.4713378e+05
   6.1900000e+01  -1.0159417e+05   1.2720273e+05
   6.2000000e+01  -1.2734951e+05   1.0281740e+05
   6.2100000e+01  -1.5300403e+05   8.4495891e+04
   6.2200000e+01  -1.6723641e+05   7.4554641e+04
   6.2300000e+01  -1.6368773e+05   6.5670109e+04
   6.2400000e+01  -1.4100944e+05   4.8517719e+04
   6.2500000e+01  -1.0124006e+05   2.0560418e+04
   6.2600000e+01  -5.0931293e+04  -1.2173832e+04
   6.2700000e+01  -1.7242695e+03  -4.0641805e+04
   6.2800000e+01   3.5185336e+04  -5.8991094e+04
   6.2900000e+01   5.8074020e+04  -6.5628953e+04
   6.3000000e+01   7.7211344e+04  -6.0165914e+04
   6.3100000e+01   1.0609377e+05  -4.1895906e+04
   6.3200000e+01   1.4937392e+05  -1.2621353e+04
   6.3300000e+01   1.9963119e+05   2.0261520e+04
   6.3400000e+01   2.4500406e+05   4.6591730e+04
   6.3500000e+01   2.7789350e+05   6.1773430e+04
   6.3600000e+01   2.9591391e+05   7.2039453e+04
   6.3700000e+01   2.9757103e+05   8.9263656e+04
   6.3800000e+01   2.8129741e+05   1.1911841e+05
   6.3900000e+01   2.4978164e+05   1.5490191e+05
   6.4000000e+01   2.1199811e+05   1.8385697e+05
   6.4100000e+01   1.7690391e+05   1.9868316e+05
   6.4200000e+01   1.4413358e+05   2.0126253e+05
   6.4300000e+01   1.0305411e+05   1.9561348e+05
   6.4400000e+01   4.3203617e+04   1.8021884e+05
   6.4500000e+01  -3.4134000e+04   1.4964777e+05
   6.4600000e+01  -1.1542527e+05   1.0278210e+05
   6.4700000e+01  -1.8572222e+05   4.6616781e+04
   6.4800000e+01  -2.3936075e+05  -9.2646699e+03
   6.4900000e+01  -2.8053809e+05  -6.0650148e+04
   6.5000000e+01  -3.1533362e+05  -1.0969176e+05
   6.5100000e+01  -3.4456947e+05  -1.5823427e+05
   6.5200000e+01  -3.6377688e+05  -2.0131927e+05
   6.5300000e+01  -3.6828250e+05  -2.2802092e+05
   6.5400000e+01  -3.5751272e+05  -2.2932217e+05
   6.5500000e+01  -3.3515494e+05  -2.0640867e+05
   6.5600000e+01  -3.0612747e+05  -1.7200534e+05
   6.5700000e+01  -2.7321862e+05  -1.4213697e+05
   6.5800000e+01  -2.3575916e+05  -1.2360584e+05
   6.5900000e+01  -1.9125278e+05  -1.0803723e+05
   6.6000000e+01  -1.3898467e+05  -7.9716578e+04
   6.6100000e+01  -8.2807867e+04  -3.1770594e+04
   6.6200000e+01  -3.0264320e+04   2.4683457e+04
   6.6300000e+01   1.2037889e+04   6.8450109e+04
   6.6400000e+01   4.3239289e+04   8.5998672e+04
   6.6500000e+01   6.8880344e+04   8.1252156e+04
   6.6600000e+01   9.6497156e+04   6.8349078e+04
   6.6700000e+01   1.2993870e+05   5.6593445e+04
   6.6800000e+01   1.6727348e+05   4.3769938e+04
   6.6900000e+01   2.0346147e+05   2.2767971e+04
   6.7000000e+01   2.3452016e+05  -8.4012910e+03
   6.7100000e+01   2.5944606e+05  -4.4598469e+04
   6.7200000e+01   2.7944166e+05  -7.9759375e+04
   6.7300000e+01   2.9647856e+05  -1.1248516e+05
   6.7400000e+01   3.1224847e+05  -1.4483970e+05
   6.7500000e+01   3.2679509e+05  -1.7694766e+05
   6.7600000e+01   3.3704206e+05  -2.0403631e+05
   6.7700000e+01   3.3741638e+05  -2.1895269e+05
   6.7800000e+01   3.2349756e+05  -2.1754859e+05
   6.7900000e+01   2.9552803e+05  -2.0218448e+05
   6.8000000e+01   2.5772692e+05  -1.8044684e+05
   6.8100000e+01   2.1427955e+05  -1.5983309e+05
   6.8200000e+01   1.6738359e+05  -1.4248641e+05
   6.8300000e+01   1.1974284e+05  -1.2462252e+05
   6.8400000e+01   7.6782812e+04  -1.0145211e+05
   6.8500000e+01   4.3211070e+04  -7.2744242e+04
   6.8600000e+01   1.6768473e+04  -4.2953086e+04
   6.8700000e+01  -1.1951461e+04  -1.5718546e+04
   6.8800000e+01  -5.0797973e+04   1.0495248e+04
   6.8900000e+01  -9.7343484e+04   3.9681941e+04
   6.9000000e+01  -1.4064598e+05   7.1230375e+04
   6.9100000e+01  -1.7206634e+05   9.7495219e+04
   6.9200000e+01  -1.9289105e+05   1.1036666e+05
   6.9300000e+01  -2.1064383e+05   1.1036051e+05
   6.9400000e+01  -2.2970186e+05   1.0761062e+05
   6.9500000e+01  -2.4776016e+05   1.1237897e+05
   6.9600000e+01  -2.6114338e+05   1.2446542e+05
   6.9700000e+01  -2.7074666e+05   1.3282256e+05
   6.9800000e+01  -2.8052494e+05   1.2626344e+05
   6.9900000e+01  -2.9064903e+05   1.0464700e+05
   7.0000000e+01  -2.9436500e+05   7.9693578e+04
   7.0100000e+01  -2.8322931e+05   6.5481621e+04
   7.0200000e+01  -2.5566642e+05   6.8625281e+04
   7.0300000e+01  -2.1996239e+05   8.6802727e+04
   7.0400000e+01  -1.8846820e+05   1.1440251e+05
   7.0500000e+01  -1.6837105e+05   1.4746069e+05
   7.0600000e+01  -1.5731512e+05   1.8342902e+05
   7.0700000e+01  -1.4718038e+05   2.1872342e+05
   7.0800000e+01  -1.3174677e+05   2.4866605e+05
   7.0900000e+01  -1.1089620e+05   2.6962850e+05
   7.1000000e+01  -8.7989609e+04   2.7994503e+05
   7.1100000e+01  -6.4054699e+04   2.7889238e+05
   7.1200000e+01  -3.5581328e+04   2.6639000e+05
   7.1300000e+01   1.1993574e+03   2.4413675e+05
   7.1400000e+01   4.4007430e+04   2.1514727e+05
   7.1500000e+01   8.3757273e+04   1.8048720e+05
   7.1600000e+01   1.1176855e+05   1.3772216e+05
   7.1700000e+01   1.2848078e+05   8.5382969e+04
   7.1800000e+01   1.4427073e+05   2.9310621e+04
   7.1900000e+01   1.7035936e+05  -1.8475756e+04
   7.2000000e+01   2.0836330e+05  -5.0044367e+04
   7.2100000e+01   2.4891638e+05  -7.0077195e+04
   7.2200000e+01   2.8019400e+05  -9.1544539e+04
   7.2300000e+01   2.9687359e+05  -1.2193255e+05
   7.2400000e+01   3.0095531e+05  -1.5520117e+05
   7.2500000e+01   2.9615619e+05  -1.7852294e+05
   7.2600000e+01   2.8411559e+05  -1.8607348e+05
   7.2700000e+01   2.6604628e+05  -1.8495689e+05
   7.2800000e+01   2.4535084e+05  -1.8818720e+05
   7.2900000e+01   2.2631256e+05  -2.0334991e+05
   7.3000000e+01   2.1062084e+05  -2.2776027e+05
   7.3100000e+01   1.9681400e+05  -2.5215952e+05
   7.3200000e+01   1.8319925e+05  -2.6735000e+05
   7.3300000e+01   1.6974145e+05  -2.6849853e+05
   7.3400000e+01   1.5627538e+05  -2.5602133e+05
   7.3500000e+01   1.3997592e+05  -2.3404519e+05
   7.3600000e+01   1.1610916e+05  -2.0735653e+05
   7.3700000e+01   8.1695008e+04  -1.7827005e+05
   7.3800000e+01   3.8346977e+04  -1.4563981e+05
   7.3900000e+01  -8.0786841e+03  -1.0704680e+05
   7.4000000e+01  -5.0508000e+04  -6.2442699e+04
   7.4100000e+01  -8.4797867e+04  -1.6197666e+04
   7.4200000e+01  -1.1307530e+05   2.4199830e+04
   7.4300000e+01  -1.4338573e+05   5.2239082e+04
   7.4400000e+01  -1.8401169e+05   6.6940031e+04
   7.4500000e+01  -2.3586056e+05   7.4546078e+04
   7.4600000e+01  -2.9008525e+05   8.4866727e+04
   7.4700000e+01  -3.3427731e+05   1.0365360e+05
   7.4800000e+01  -3.6169362e+05   1.2696286e+05
   7.4900000e+01  -3.7433019e+05   1.4316938e+05
   7.5000000e+01  -3.7722841e+05   1.4160753e+05
   7.5100000e+01  -3.7084847e+05   1.2033729e+05
   7.5200000e+01  -3.4982456e+05   8.6799484e+04
   7.5300000e+01  -3.0888612e+05   5.2446508e+04
   7.5400000e+01  -2.4933952e+05   2.6854744e+04
   7.5500000e+01  -1.7988617e+05   1.4345566e+04
   7.5600000e+01  -1.1179658e+05   1.2441231e+04
   7.5700000e+01  -5.3132797e+04   1.2254096e+04
   7.5800000e+01  -6.0434160e+03   2.9500581e+03
   7.5900000e+01   3.2324455e+04  -2.0430404e+04
   7.6000000e+01   6.6916953e+04  -5.2095445e+04
   7.6100000e+01   1.0142767e+05  -7.9498633e+04
   7.6200000e+01   1.3557609e+05  -9.3768461e+04
   7.6300000e+01   1.6425864e+05  -9.6943047e+04
   7.6400000e+01   1.7963741e+05  -9.9200555e+04
   7.6500000e+01   1.7550177e+05  -1.0910462e+05
   7.6600000e+01   1.5105467e+05  -1.2603309e+05
   7.6700000e+01   1.1123708e+05  -1.4092548e+05
   7.6800000e+01   6.3557250e+04  -1.4369250e+05
   7.6900000e+01   1.4464796e+04  -1.3062832e+05
   7.7000000e+01  -3.1725678e+04  -1.0620781e+05
   7.7100000e+01  -7.1401867e+04  -7.8786008e+04
   7.7200000e+01  -1.0032751e+05  -5.4564125e+04
   7.7300000e+01  -1.1446210e+05  -3.4808367e+04
   7.7400000e+01  -1.1229826e+05  -1.7296732e+04
   7.7500000e+01  -9.6298758e+04   1.2660465e+03
   7.7600000e+01  -7.1612641e+04   2.4626961e+04
   7.7700000e+01  -4.2498242e+04   5.6791961e+04
   7.7800000e+01  -9.1528613e+03   9.9517969e+04
   7.7900000e+01   3.1847297e+04   1.4873667e+05
   7.8000000e+01   8.2910625e+04   1.9472586e+05
   7.8100000e+01   1.4047308e+05   2.2779505e+05
   7.8200000e+01   1.9521912e+05   2.4473689e+05
   7.8300000e+01   2.3835058e+05   2.5008234e+05
   7.8400000e+01   2.6781897e+05   2.5194891e+05
   7.8500000e+01   2.8773984e+05   2.5705841e+05
   7.8600000e+01   3.0189694e+05   2.6771156e+05
   7.8700000e+01   3.0931197e+05   2.7994803e+05
   7.8800000e+01   3.0694519e+05   2.8341378e+05
   7.8900000e+01   2.9514503e+05   2.6630503e+05
   7.9000000e+01   2.7807034e+05   2.2504708e+05
   7.9100000e+01   2.5853531e+05   1.7022191e+05
   7.9200000e+01   2.3450169e+05   1.2017173e+05
   7.9300000e+01   2.0204648e+05   8.6047922e+04
   7.9400000e+01   1.6070953e+05   6.3041270e+04
   7.9500000e+01   1.1417863e+05   3.6924949e+04
   7.9600000e+01   6.5883711e+04  -1.7805680e+03
   7.9700000e+01   1.5645791e+04  -5.1119965e+04
   7.9800000e+01  -3.8490836e+04  -1.0293657e+05
   7.9900000e+01  -9.5989602e+04  -1.5056762e+05
   8.0000000e+01  -1.5229097e+05  -1.8998764e+05
   8.0100000e+01  -2.0124023e+05  -2.1697930e+05
   8.0200000e+01  -2.3852948e+05  -2.2803691e+05
   8.0300000e+01  -2.6334969e+05  -2.2498255e+05
   8.0400000e+01  -2.7794253e+05  -2.1548511e+05
   8.0500000e+01  -2.8605616e+05  -2.0610358e+05
   8.0600000e+01  -2.9115903e+05  -1.9523936e+05
   8.0700000e+01  -2.9495472e+05  -1.7516134e+05
   8.0800000e+01  -2.9647966e+05  -1.4182828e+05
   8.0900000e+01  -2.9188578e+05  -1.0158935e+05
   8.1000000e+01  -2.7549394e+05  -6.6996516e+04
   8.1100000e+01  -2.4304244e+05  -4.6025566e+04
   8.1200000e+01  -1.9626325e+05  -3.5869551e+04
   8.1300000e+01  -1.4486844e+05  -2.6919719e+04
   8.1400000e+01  -1.0231923e+05  -1.1741259e+04
   8.1500000e+01  -7.7305562e+04   1.0083842e+04
   8.1600000e+01  -6.8120844e+04   3.4232957e+04
   8.1700000e+01  -6.5083180e+04   5.6123059e+04
   8.1800000e+01  -5.8329988e+04   7.2146617e+04
   8.1900000e+01  -4.3753793e+04   7.8253398e+04
   8.2000000e+01  -2.3349590e+04   7.0356273e+04
   8.2100000e+01  -2.3215176e+03   4.7788641e+04
   8.2200000e+01   1.3600485e+04   1.5635123e+04
   8.2300000e+01   2.0405094e+04  -1.7962566e+04
   8.2400000e+01   1.8531740e+04  -4.7402312e+04
   8.2500000e+01   1.4350105e+04  -7.2036094e+04
   8.2600000e+01   1.7354084e+04  -9.2783812e+04
   8.2700000e+01   3.3676012e+04  -1.0727257e+05
   8.2800000e+01   6.1125090e+04  -1.0989527e+05
   8.2900000e+01   9.0416117e+04  -9.7625344e+04
   8.3000000e+01   1.1172739e+05  -7.5252320e+04
   8.3100000e+01   1.2119027e+05  -5.3170852e+04
   8.3200000e+01   1.2258533e+05  -3.8488883e+04
   8.3300000e+01   1.2377774e+05  -2.8410469e+04
   8.3400000e+01   1.3109416e+05  -1.3956298e+04
   8.3500000e+01   1.4567081e+05   8.6566309e+03
   8.3600000e+01   1.6397312e+05   3.1247680e+04
   8.3700000e+01   1.8142428e+05   4.0353672e+04
   8.3800000e+01   1.9555605e+05   3.1634379e+04
   8.3900000e+01   2.0582611e+05   1.6421098e+04
   8.4000000e+01   2.1111853e+05   1.1900514e+04
   8.4100000e+01   2.0881198e+05   2.3828977e+04
   8.4200000e+01   1.9723250e+05   3.9469512e+04
   8.4300000e+01   1.7839655e+05   3.8693984e+04
   8.4400000e+01   1.5677902e+05   1.3019195e+04
   8.4500000e+01   1.3476128e+05  -2.5590639e+04
   8.4600000e+01   1.1024328e+05  -5.4507375e+04
   8.4700000e+01   7.9741445e+04  -5.9679043e+04
   8.4800000e+01   4.3426148e+04  -4.6648664e+04
   8.4900000e+01   6.0705942e+03  -3.3622473e+04
   8.5000000e+01  -2.6835461e+04  -3.3645629e+04
   8.5100000e+01  -5.2776953e+04  -4.2901531e+04
   8.5200000e+01  -7.2143852e+04  -4.5810949e+04
   8.5300000e+01  -8.6734570e+04  -3.1052043e+04
   8.5400000e+01  -1.0041661e+05  -2.2699597e+03
   8.5500000e+01  -1.2030930e+05   2.6523037e+04
   8.5600000e+01  -1.5359312e+05   4.4909238e+04
   8.5700000e+01  -2.0007784e+05   5.4682617e+04
   8.5800000e+01  -2.4814823e+05   6.5407648e+04
   8.5900000e+01  -2.8079403e+05   8.3273062e+04
   8.6000000e+01  -2.8822338e+05   1.0541054e+05
   8.6100000e+01  -2.7546628e+05   1.2445033e+05
   8.6200000e+01  -2.5736281e+05   1.3690478e+05
   8.6300000e+01  -2.4567038e+05   1.4600305e+05
   8.6400000e+01  -2.4045269e+05   1.5662903e+05
   8.6500000e+01  -2.3277262e+05   1.6848311e+05
   8.6600000e+01  -2.1413902e+05   1.7485406e+05
   8.6700000e+01  -1.8265133e+05   1.6815931e+05
   8.6800000e+01  -1.4129938e+05   1.4661947e+05
   8.6900000e+01  -9.3028055e+04   1.1564332e+05
   8.7000000e+01  -3.9421141e+04   8.2895633e+04
   8.7100000e+01   1.6337666e+04   5.2060977e+04
   8.7200000e+01   6.7648477e+04   2.1284332e+04
   8.7300000e+01   1.0752905e+05  -1.2586939e+04
   8.7400000e+01   1.3342355e+05  -4.8775164e+04
   8.7500000e+01   1.4810228e+05  -8.2244133e+04
   8.7600000e+01   1.5594389e+05  -1.0885628e+05
   8.7700000e+01   1.5957308e+05  -1.3013041e+05
   8.7800000e+01   1.6055955e+05  -1.5142575e+05
   8.7900000e+01   1.6175353e+05  -1.7455984e+05
   8.8000000e+01   1.6659700e+05  -1.9290795e+05
   8.8100000e+01   1.7553183e+05  -1.9527056e+05
   8.8200000e+01   1.8451969e+05  -1.7535780e+05
   8.8300000e+01   1.8851411e+05  -1.3733697e+05
   8.8400000e+01   1.8622866e+05  -9.2246891e+04
   8.8500000e+01   1.8067527e+05  -4.9982645e+04
   8.8600000e+01   1.7532342e+05  -1.5147345e+04
   8.8700000e+01   1.7100594e+05   1.1185592e+04
   8.8800000e+01   1.6691000e+05   2.8927863e+04
   8.8900000e+01   1.6313338e+05   3.9747047e+04
   8.9000000e+01   1.6073417e+05   4.8613438e+04
   8.9100000e+01   1.5967803e+05   6.1385914e+04
   8.9200000e+01   1.5849200e+05   7.9334609e+04
   8.9300000e+01   1.5650598e+05   9.7123258e+04
   8.9400000e+01   1.5484089e+05   1.0806321e+05
   8.9500000e+01   1.5347653e+05   1.1189026e+05
   8.9600000e+01   1.4786666e+05   1.1633446e+05
   8.9700000e+01   1.3065482e+05   1.2972145e+05
   8.9800000e+01   9.8005133e+04   1.5147717e+05
   8.9900000e+01   5.3554523e+04   1.7012831e+05
   9.0000000e+01   5.2919023e+03   1.7128533e+05
   9.0100000e+01  -4.0796465e+04   1.4861906e+05
   9.0200000e+01  -8.3122555e+04   1.0834586e+05
   9.0300000e+01  -1.2185984e+05   6.3987219e+04
   9.0400000e+01  -1.5674456e+05   2.6569156e+04
   9.0500000e+01  -1.8850634e+05  -1.6515752e+03
   9.0600000e+01  -2.2015398e+05  -2.6036617e+04
   9.0700000e+01  -2.5389117e+05  -5.3599359e+04
   9.0800000e+01  -2.8664075e+05  -8.7723422e+04
   9.0900000e+01  -3.1091175e+05  -1.2669654e+05
   9.1000000e+01  -3.2139738e+05  -1.6503319e+05
   9.1100000e+01  -3.1968866e+05  -1.9515319e+05
   9.1200000e+01  -3.1144984e+05  -2.0904208e+05
   9.1300000e+01  -2.9995284e+05  -2.0131047e+05
   9.1400000e+01  -2.8385569e+05  -1.7329897e+05
   9.1500000e+01  -2.6064520e+05  -1.3453881e+05
   9.1600000e+01  -2.3005562e+05  -9.8311141e+04
   9.1700000e+01  -1.9363578e+05  -7.3501156e+04
   9.1800000e+01  -1.5317367e+05  -5.9541523e+04
   9.1900000e+01  -1.1145599e+05  -4.8857227e+04
   9.2000000e+01  -7.3379680e+04  -3.4012805e+04
   9.2100000e+01  -4.3319875e+04  -1.2986540e+04
   9.2200000e+01  -2.0148398e+04   1.0628072e+04
   9.2300000e+01   3.5214297e+03   3.0468342e+04
   9.2400000e+01   3.4886023e+04   4.0446070e+04
   9.2500000e+01   7.3086352e+04   3.7416133e+04
   9.2600000e+01   1.0844834e+05   2.3090525e+04
   9.2700000e+01   1.3011643e+05   3.1206641e+03
   9.2800000e+01   1.3448625e+05  -1.7311014e+04
   9.2900000e+01   1.2636692e+05  -3.7347738e+04
   9.3000000e+01   1.1278894e+05  -5.8757820e+04
   9.3100000e+01   9.6713523e+04  -8.0046305e+04
   9.3200000e+01   7.7100492e+04  -9.4012125e+04
   9.3300000e+01   5.4457680e+04  -9.3144812e+04
   9.3400000e+01   3.5083000e+04  -7.7450266e+04
   9.3500000e+01   2.8527715e+04  -5.5774980e+04
   9.3600000e+01   3.9777742e+04  -3.9439488e+04
   9.3700000e+01   6.3420418e+04  -3.5473820e+04
   9.3800000e+01   8.6056203e+04  -4.4751109e+04
   9.3900000e+01   9.6077242e+04  -6.2311852e+04
   9.4000000e+01   9.2892367e+04  -7.6384141e+04
   9.4100000e+01   8.7264133e+04  -7.0140680e+04
   9.4200000e+01   9.1742680e+04  -3.2068105e+04
   9.4300000e+01   1.0923900e+05   3.0499123e+04
   9.4400000e+01   1.3008734e+05   9.0615289e+04
   9.4500000e+01   1.4051906e+05   1.2089700e+05
   9.4600000e+01   1.3477403e+05   1.1714900e+05
   9.4700000e+01   1.1954530e+05   1.0179409e+05
   9.4800000e+01   1.0695501e+05   1.0176182e+05
   9.4900000e+01   1.0344923e+05   1.2329667e+05
   9.5000000e+01   1.0555863e+05   1.4962016e+05
   9.5100000e+01   1.0594158e+05   1.6163291e+05
   9.5200000e+01   1.0248798e+05   1.5708522e+05
   9.5300000e+01   1.0049785e+05   1.4836402e+05
   9.5400000e+01   1.0568989e+05   1.4556456e+05
   9.5500000e+01   1.1584770e+05   1.4688080e+05
   9.5600000e+01   1.2073763e+05   1.4574177e+05
   9.5700000e+01   1.1137296e+05   1.4207673e+05
   9.5800000e+01   8.9402609e+04   1.4180847e+05
   9.5900000e+01   6.6361242e+04   1.4620325e+05
   9.6000000e+01   5.2568520e+04   1.4654702e+05
   9.6100000e+01   4.6568332e+04   1.3203341e+05
   9.6200000e+01   3.6198254e+04   1.0110552e+05
   9.6300000e+01   1.0768038e+04   6.2473875e+04
   9.6400000e+01  -2.7731479e+04   2.5865365e+04
   9.6500000e+01  -6.5669953e+04  -5.1415859e+03
   9.6600000e+01  -8.9895578e+04  -3.0801055e+04
   9.6700000e+01  -9.8791281e+04  -4.9727047e+04
   9.6800000e+01  -1.0194984e+05  -5.9654867e+04
   9.6900000e+01  -1.1009302e+05  -6.3059094e+04
   9.7000000e+01  -1.2589545e+05  -6.7970258e+04
   9.7100000e+01  -1.4373434e+05  -8.0580414e+04
   9.7200000e+01  -1.5645427e+05  -9.8119008e+04
   9.7300000e+01  -1.6125247e+05  -1.1127791e+05
   9.7400000e+01  -1.5988058e+05  -1.1384429e+05
   9.7500000e+01  -1.5517483e+05  -1.0851177e+05
   9.7600000e+01  -1.4857766e+05  -1.0293553e+05
   9.7700000e+01  -1.4038544e+05  -1.0165345e+05
   9.7800000e+01  -1.3082973e+05  -1.0299105e+05
   9.7900000e+01  -1.1990459e+05  -1.0268970e+05
   9.8000000e+01  -1.0630089e+05  -9.8404516e+04
   9.8100000e+01  -8.7455773e+04  -9.0299062e+04
   9.8200000e+01  -6.1762109e+04  -7.9242727e+04
   9.8300000e+01  -3.1471170e+04  -6.6434391e+04
   9.8400000e+01  -3.2439297e+03  -5.4534316e+04
   9.8500000e+01   1.5417701e+04  -4.7101742e+04
   9.8600000e+01   2.1892840e+04  -4.5385988e+04
   9.8700000e+01   2.1400307e+04  -4.5946672e+04
   9.8800000e+01   2.3708359e+04  -4.2616250e+04
   9.8900000e+01   3.5553242e+04  -3.1561021e+04
   9.9000000e+01   5.5101320e+04  -1.4785180e+04
   9.9100000e+01   7.3393266e+04   6.6437738e+02
   9.9200000e+01   8.1636477e+04   6.4931167e+03
   9.9300000e+01   7.8237141e+04  -2.5589553e+03
   9.9400000e+01   6.9844492e+04  -2.5254820e+04
   9.9500000e+01   6.5584367e+04  -5.2618809e+04
   9.9600000e+01   6.9051867e+04  -7.1322938e+04
   9.9700000e+01   7.4694055e+04  -7.1625844e+04
   9.9800000e+01   7.2070180e+04  -5.3956992e+04
   9.9900000e+01   5.4729465e+04  -2.6866287e+04
   1.0000000e+02   2.6043092e+04   2.0950635e+03
