   1.1851270e+02   3.6301420e+01   1.8450000e+02
   1.1874214e+02   3.6900297e+01   2.1200000e+01
   0.0000000e+00  -2.6576716e+05  -2.6576716e+05
   1.0000000e-01  -1.9910481e+05  -2.7338447e+05
   2.0000000e-01  -9.4474438e+04  -2.4747316e+05
   3.0000000e-01  -5.4214355e+02  -2.3539912e+05
   4.0000000e-01   4.9504227e+04  -2.6372681e+05
   5.0000000e-01   6.2280012e+04  -3.2050622e+05
   6.0000000e-01   6.9871633e+04  -3.7565216e+05
   7.0000000e-01   9.6980320e+04  -4.1194809e+05
   8.0000000e-01   1.4310347e+05  -4.3332781e+05
   9.0000000e-01   1.9149981e+05  -4.4800862e+05
   1.0000000e+00   2.2910739e+05  -4.5218022e+05
   1.1000000e+00   2.5645573e+05  -4.3426656e+05
   1.2000000e+00   2.8222594e+05  -3.9189475e+05
   1.3000000e+00   3.1242191e+05  -3.3868031e+05
   1.4000000e+00   3.4553203e+05  -2.9148153e+05
   1.5000000e+00   3.7622909e+05  -2.5251795e+05
   1.6000000e+00   4.0182153e+05  -2.0697239e+05
   1.7000000e+00   4.2427984e+05  -1.3949906e+05
   1.8000000e+00   4.4592303e+05  -5.2328535e+04
   1.9000000e+00   4.6373038e+05   3.4214586e+04
   2.0000000e+00   4.6921078e+05   9.9518727e+04
   2.1000000e+00   4.5512556e+05   1.4062753e+05
   2.2000000e+00   4.2249369e+05   1.7237608e+05
   2.3000000e+00   3.8026041e+05   2.1027314e+05
   2.4000000e+00   3.3767912e+05   2.5372375e+05
   2.5000000e+00   2.9725681e+05   2.8568722e+05
   2.6000000e+00   2.5493356e+05   2.8787772e+05
   2.7000000e+00   2.0592392e+05   2.5643484e+05
   2.8000000e+00   1.4950867e+05   2.0485195e+05
   2.9000000e+00   8.9185008e+04   1.5426008e+05
   3.0000000e+00   3.0223342e+04   1.2112677e+05
   3.1000000e+00  -2.2573082e+04   1.1084374e+05
   3.2000000e+00  -6.7038664e+04   1.1786333e+05
   3.3000000e+00  -1.0595358e+05   1.2905003e+05
   3.4000000e+00  -1.4631486e+05   1.2911444e+05
   3.5000000e+00  -1.9258844e+05   1.0876978e+05
   3.6000000e+00  -2.3822283e+05   7.2402203e+04
   3.7000000e+00  -2.6609238e+05   3.7400586e+04
   3.8000000e+00  -2.6310566e+05   2.1320188e+04
   3.9000000e+00  -2.3854753e+05   2.5699980e+04
   4.0000000e+00  -2.2616975e+05   3.2943297e+04
   4.1000000e+00  -2.6089166e+05   2.2796834e+04
   4.2000000e+00  -3.4608725e+05  -5.5905508e+03
   4.3000000e+00  -4.4220394e+05  -2.8839881e+04
   4.4000000e+00  -4.9285731e+05  -1.8995348e+04
   4.5000000e+00  -4.6996947e+05   3.0345752e+04
   4.6000000e+00  -3.9802819e+05   9.6971000e+04
   4.7000000e+00  -3.3355591e+05   1.4869962e+05
   4.8000000e+00  -3.1713350e+05   1.6930433e+05
   4.9000000e+00  -3.4161859e+05   1.6808231e+05
   5.0000000e+00  -3.6434972e+05   1.6731103e+05
   5.1000000e+00  -3.4871525e+05   1.8212531e+05
   5.2000000e+00  -2.9445516e+05   2.1046883e+05
   5.3000000e+00  -2.3114106e+05   2.3770486e+05
   5.4000000e+00  -1.8693175e+05   2.4734758e+05
   5.5000000e+00  -1.6536430e+05   2.2801512e+05
   5.6000000e+00  -1.4905605e+05   1.7445984e+05
   5.7000000e+00  -1.2031750e+05   8.6980789e+04
   5.8000000e+00  -7.5827578e+04  -2.7401430e+04
   5.9000000e+00  -2.4522457e+04  -1.5384388e+05
   6.0000000e+00   2.3255553e+04  -2.7290156e+05
   6.1000000e+00   6.2180863e+04  -3.6856553e+05
   6.2000000e+00   9.0730719e+04  -4.3560109e+05
   6.3000000e+00   1.0905145e+05  -4.7949194e+05
   6.4000000e+00   1.2092654e+05  -5.0845381e+05
   6.5000000e+00   1.3599706e+05  -5.2478925e+05
   6.6000000e+00   1.6540020e+05  -5.2374562e+05
   6.7000000e+00   2.1186822e+05  -5.0028225e+05
   6.8000000e+00   2.6456209e+05  -4.5584344e+05
   6.9000000e+00   3.0676866e+05  -3.9767084e+05
   7.0000000e+00   3.3112500e+05  -3.3192772e+05
   7.1000000e+00   3.4688475e+05  -2.5880961e+05
   7.2000000e+00   3.7000706e+05  -1.7499505e+05
   7.3000000e+00   4.0473512e+05  -8.0101938e+04
   7.4000000e+00   4.3556194e+05   2.0154264e+04
   7.5000000e+00   4.3876712e+05   1.1660787e+05
   7.6000000e+00   4.0271519e+05   2.0096866e+05
   7.7000000e+00   3.3743562e+05   2.6754234e+05
   7.8000000e+00   2.6570688e+05   3.1334638e+05
   7.9000000e+00   2.0629870e+05   3.4003675e+05
   8.0000000e+00   1.6518705e+05   3.5674112e+05
   8.1000000e+00   1.3902253e+05   3.7800588e+05
   8.2000000e+00   1.2224337e+05   4.1389150e+05
   8.3000000e+00   1.0927779e+05   4.5872019e+05
   8.4000000e+00   9.3153039e+04   4.9036281e+05
   8.5000000e+00   6.7245883e+04   4.8479278e+05
   8.6000000e+00   3.1362371e+04   4.3574347e+05
   8.7000000e+00  -4.7819707e+03   3.6161288e+05
   8.8000000e+00  -2.7041156e+04   2.9108850e+05
   8.9000000e+00  -2.8513494e+04   2.3850039e+05
   9.0000000e+00  -1.7375949e+04   1.9113047e+05
   9.1000000e+00  -1.3253180e+04   1.2139970e+05
   9.2000000e+00  -3.4015043e+04   1.4179139e+04
   9.3000000e+00  -8.2857375e+04  -1.1546191e+05
   9.4000000e+00  -1.4573875e+05  -2.3096998e+05
   9.5000000e+00  -2.0173372e+05  -3.0225912e+05
   9.6000000e+00  -2.3880031e+05  -3.2781772e+05
   9.7000000e+00  -2.6237612e+05  -3.3150497e+05
   9.8000000e+00  -2.8933319e+05  -3.3833244e+05
   9.9000000e+00  -3.3222525e+05  -3.5246331e+05
   1.0000000e+01  -3.8754050e+05  -3.5681159e+05
   1.0100000e+01  -4.3785778e+05  -3.3186484e+05
   1.0200000e+01  -4.6489562e+05  -2.7389547e+05
   1.0300000e+01  -4.6149194e+05  -1.9611844e+05
   1.0400000e+01  -4.3369028e+05  -1.1515416e+05
   1.0500000e+01  -3.9395734e+05  -3.8968523e+04
   1.0600000e+01  -3.5240456e+05   3.2160748e+04
   1.0700000e+01  -3.1145256e+05   9.6207555e+04
   1.0800000e+01  -2.6569691e+05   1.4504072e+05
   1.0900000e+01  -2.0668114e+05   1.7100769e+05
   1.1000000e+01  -1.3033581e+05   1.7580233e+05
   1.1100000e+01  -4.1959746e+04   1.6942281e+05
   1.1200000e+01   4.6344367e+04   1.5928092e+05
   1.1300000e+01   1.2488309e+05   1.4277819e+05
   1.1400000e+01   1.9417664e+05   1.1361430e+05
   1.1500000e+01   2.6339206e+05   7.4856367e+04
   1.1600000e+01   3.4014141e+05   4.1485742e+04
   1.1700000e+01   4.2109544e+05   2.6465137e+04
   1.1800000e+01   4.9248903e+05   2.5319711e+04
   1.1900000e+01   5.4040494e+05   1.8552359e+04
   1.2000000e+01   5.6164794e+05  -8.5857070e+03
   1.2100000e+01   5.6546744e+05  -5.0373297e+04
   1.2200000e+01   5.6464594e+05  -8.6324117e+04
   1.2300000e+01   5.6400912e+05  -1.0098442e+05
   1.2400000e+01   5.5659019e+05  -9.5295781e+04
   1.2500000e+01   5.3032069e+05  -7.9329719e+04
   1.2600000e+01   4.7815925e+05  -5.9211195e+04
   1.2700000e+01   4.0192253e+05  -3.5566703e+04
   1.2800000e+01   3.0751166e+05  -1.2899803e+04
   1.2900000e+01   1.9857580e+05  -3.6918950e+03
   1.3000000e+01   7.6455211e+04  -1.7983699e+04
   1.3100000e+01  -5.4255473e+04  -4.9194574e+04
   1.3200000e+01  -1.8273006e+05  -7.4459055e+04
   1.3300000e+01  -2.9707553e+05  -7.3210820e+04
   1.3400000e+01  -3.9321019e+05  -4.7432254e+04
   1.3500000e+01  -4.7745816e+05  -2.2988572e+04
   1.3600000e+01  -5.5861412e+05  -2.8257051e+04
   1.3700000e+01  -6.3641688e+05  -6.7976672e+04
   1.3800000e+01  -6.9794931e+05  -1.1648927e+05
   1.3900000e+01  -7.2631875e+05  -1.3834016e+05
   1.4000000e+01  -7.1407881e+05  -1.1881248e+05
   1.4100000e+01  -6.6899744e+05  -7.6083945e+04
   1.4200000e+01  -6.0688431e+05  -4.2922621e+04
   1.4300000e+01  -5.3848275e+05  -3.5440590e+04
   1.4400000e+01  -4.6288000e+05  -3.9619160e+04
   1.4500000e+01  -3.7294522e+05  -2.8136262e+04
   1.4600000e+01  -2.6607381e+05   1.1172564e+04
   1.4700000e+01  -1.4896056e+05   6.4710797e+04
   1.4800000e+01  -3.2941273e+04   1.0905602e+05
   1.4900000e+01   7.2902711e+04   1.3353392e+05
   1.5000000e+01   1.6304578e+05   1.4480939e+05
   1.5100000e+01   2.3273622e+05   1.5151625e+05
   1.5200000e+01   2.7865550e+05   1.4966648e+05
   1.5300000e+01   3.0433075e+05   1.2677091e+05
   1.5400000e+01   3.2179738e+05   7.9239797e+04
   1.5500000e+01   3.4282003e+05   2.1800172e+04
   1.5600000e+01   3.6647172e+05  -2.2800090e+04
   1.5700000e+01   3.7762603e+05  -4.2852445e+04
   1.5800000e+01   3.6077316e+05  -4.5352285e+04
   1.5900000e+01   3.1614609e+05  -4.5859164e+04
   1.6000000e+01   2.6157023e+05  -5.3300371e+04
   1.6100000e+01   2.1844092e+05  -6.4951617e+04
   1.6200000e+01   1.9622312e+05  -7.2500453e+04
   1.6300000e+01   1.8932908e+05  -6.8677297e+04
   1.6400000e+01   1.8611167e+05  -4.8362641e+04
   1.6500000e+01   1.7911681e+05  -8.7622441e+03
   1.6600000e+01   1.6819041e+05   4.6546309e+04
   1.6700000e+01   1.5713289e+05   1.0478472e+05
   1.6800000e+01   1.4944202e+05   1.5076877e+05
   1.6900000e+01   1.4651211e+05   1.8040677e+05
   1.7000000e+01   1.4742606e+05   2.0601803e+05
   1.7100000e+01   1.4818684e+05   2.4409584e+05
   1.7200000e+01   1.4066020e+05   2.9572481e+05
   1.7300000e+01   1.1464056e+05   3.4062822e+05
   1.7400000e+01   6.5519727e+04   3.5338278e+05
   1.7500000e+01   3.1737031e+03   3.2699116e+05
   1.7600000e+01  -4.8823473e+04   2.7995738e+05
   1.7700000e+01  -6.9783359e+04   2.3838488e+05
   1.7800000e+01  -6.3433836e+04   2.0938278e+05
   1.7900000e+01  -6.1436793e+04   1.7197848e+05
   1.8000000e+01  -9.7867320e+04   9.6564859e+04
   1.8100000e+01  -1.7388309e+05  -2.3337475e+04
   1.8200000e+01  -2.4832041e+05  -1.5722017e+05
   1.8300000e+01  -2.6899203e+05  -2.5743386e+05
   1.8400000e+01  -2.1833431e+05  -2.9690866e+05
   1.8500000e+01  -1.2989019e+05  -2.9030828e+05
   1.8600000e+01  -5.9880199e+04  -2.7880225e+05
   1.8700000e+01  -4.2128062e+04  -2.9342147e+05
   1.8800000e+01  -6.8151883e+04  -3.3163656e+05
   1.8900000e+01  -1.0544317e+05  -3.6646444e+05
   1.9000000e+01  -1.2979054e+05  -3.7459638e+05
   1.9100000e+01  -1.4034491e+05  -3.5465906e+05
   1.9200000e+01  -1.5007827e+05  -3.2189300e+05
   1.9300000e+01  -1.6853062e+05  -2.9071653e+05
   1.9400000e+01  -1.9453905e+05  -2.6437262e+05
   1.9500000e+01  -2.2053850e+05  -2.3771066e+05
   1.9600000e+01  -2.3882569e+05  -2.0458928e+05
   1.9700000e+01  -2.4342728e+05  -1.6120489e+05
   1.9800000e+01  -2.2972638e+05  -1.0612115e+05
   1.9900000e+01  -1.9591500e+05  -4.2070477e+04
   2.0000000e+01  -1.4537058e+05   2.0928027e+04
   2.0100000e+01  -8.5634578e+04   6.7356156e+04
   2.0200000e+01  -2.2865512e+04   8.5552711e+04
   2.0300000e+01   4.3324555e+04   7.7726133e+04
   2.0400000e+01   1.1833455e+05   6.0145289e+04
   2.0500000e+01   2.0403688e+05   5.1298781e+04
   2.0600000e+01   2.9109862e+05   5.8001336e+04
   2.0700000e+01   3.6143653e+05   7.2273422e+04
   2.0800000e+01   4.0117556e+05   8.1413891e+04
   2.0900000e+01   4.1270709e+05   8.0508438e+04
   2.1000000e+01   4.1280519e+05   7.4740047e+04
   2.1100000e+01   4.1664975e+05   7.0561898e+04
   2.1200000e+01   4.2297019e+05   6.7276711e+04
   2.1300000e+01   4.1583966e+05   5.9592695e+04
   2.1400000e+01   3.8142806e+05   4.7981555e+04
   2.1500000e+01   3.2157644e+05   4.3104812e+04
   2.1600000e+01   2.4978427e+05   5.6624883e+04
   2.1700000e+01   1.7572561e+05   8.7572086e+04
   2.1800000e+01   9.7470531e+04   1.2101179e+05
   2.1900000e+01   1.0041345e+04   1.4292867e+05
   2.2000000e+01  -8.2401867e+04   1.5520480e+05
   2.2100000e+01  -1.6839792e+05   1.7178855e+05
   2.2200000e+01  -2.4402528e+05   1.9804839e+05
   2.2300000e+01  -3.2070209e+05   2.1720722e+05
   2.2400000e+01  -4.1198275e+05   2.0317689e+05
   2.2500000e+01  -5.1130172e+05   1.4974289e+05
   2.2600000e+01  -5.8708100e+05   8.4511062e+04
   2.2700000e+01  -6.0521600e+05   4.9115957e+04
   2.2800000e+01  -5.5882388e+05   6.2695164e+04
   2.2900000e+01  -4.7542016e+05   1.0440739e+05
   2.3000000e+01  -3.9378353e+05   1.3174584e+05
   2.3100000e+01  -3.3273834e+05   1.1580277e+05
   2.3200000e+01  -2.8061456e+05   6.0558211e+04
   2.3300000e+01  -2.1242519e+05  -7.4277744e+03
   2.3400000e+01  -1.1588300e+05  -6.3903160e+04
   2.3500000e+01  -2.3506772e+03  -1.0246095e+05
   2.3600000e+01   1.0378045e+05  -1.3104280e+05
   2.3700000e+01   1.8366450e+05  -1.5803272e+05
   2.3800000e+01   2.3297122e+05  -1.8228678e+05
   2.3900000e+01   2.5658564e+05  -1.9443186e+05
   2.4000000e+01   2.5881892e+05  -1.8638973e+05
   2.4100000e+01   2.4058772e+05  -1.5989895e+05
   2.4200000e+01   2.0444453e+05  -1.2589620e+05
   2.4300000e+01   1.5878317e+05  -9.4599891e+04
   2.4400000e+01   1.1462745e+05  -6.5512609e+04
   2.4500000e+01   7.8463781e+04  -2.8075734e+04
   2.4600000e+01   4.9739375e+04   2.6321002e+04
   2.4700000e+01   2.5774461e+04   9.2686250e+04
   2.4800000e+01   7.7481616e+03   1.5353228e+05
   2.4900000e+01   6.2180762e+02   1.9200811e+05
   2.5000000e+01   7.8443521e+03   2.0363997e+05
   2.5100000e+01   2.7825242e+04   1.9550439e+05
   2.5200000e+01   5.5934863e+04   1.7596691e+05
   2.5300000e+01   8.8289648e+04   1.4759434e+05
   2.5400000e+01   1.2201084e+05   1.1003380e+05
   2.5500000e+01   1.5256886e+05   6.6765414e+04
   2.5600000e+01   1.7348759e+05   2.5724201e+04
   2.5700000e+01   1.8037084e+05  -7.2255913e+03
   2.5800000e+01   1.7447789e+05  -3.3348188e+04
   2.5900000e+01   1.6055859e+05  -5.8084785e+04
   2.6000000e+01   1.4086486e+05  -8.4071031e+04
   2.6100000e+01   1.1300145e+05  -1.0896345e+05
   2.6200000e+01   7.5421109e+04  -1.2984245e+05
   2.6300000e+01   3.4657043e+04  -1.4687736e+05
   2.6400000e+01   4.5550459e+03  -1.6060784e+05
   2.6500000e+01  -4.5388213e+03  -1.6750284e+05
   2.6600000e+01   2.9049041e+03  -1.6251862e+05
   2.6700000e+01   8.0411909e+03  -1.4785930e+05
   2.6800000e+01  -7.9307095e+03  -1.3596203e+05
   2.6900000e+01  -4.6739594e+04  -1.3864091e+05
   2.7000000e+01  -8.8710781e+04  -1.5163889e+05
   2.7100000e+01  -1.0637661e+05  -1.5353478e+05
   2.7200000e+01  -8.5792344e+04  -1.2511638e+05
   2.7300000e+01  -3.8127113e+04  -7.1763453e+04
   2.7400000e+01   8.2493330e+03  -2.4217684e+04
   2.7500000e+01   2.8960078e+04  -1.3156880e+04
   2.7600000e+01   2.1280363e+04  -4.0489836e+04
   2.7700000e+01   4.9737246e+03  -7.5664695e+04
   2.7800000e+01   6.8468369e+03  -8.1667562e+04
   2.7900000e+01   4.1658535e+04  -4.6464684e+04
   2.8000000e+01   1.0312758e+05   9.2369619e+03
   2.8100000e+01   1.6968339e+05   5.3320094e+04
   2.8200000e+01   2.1867491e+05   7.0239609e+04
   2.8300000e+01   2.3821392e+05   6.9149039e+04
   2.8400000e+01   2.2974753e+05   6.8051344e+04
   2.8500000e+01   2.0235517e+05   7.4083203e+04
   2.8600000e+01   1.6491941e+05   8.0820656e+04
   2.8700000e+01   1.2142693e+05   8.1983844e+04
   2.8800000e+01   7.0340617e+04   8.2511992e+04
   2.8900000e+01   6.3374888e+03   9.3085266e+04
   2.9000000e+01  -7.6517125e+04   1.1525105e+05
   2.9100000e+01  -1.8008108e+05   1.3576372e+05
   2.9200000e+01  -2.9759306e+05   1.3755931e+05
   2.9300000e+01  -4.1332512e+05   1.1524766e+05
   2.9400000e+01  -5.0874994e+05   7.8431016e+04
   2.9500000e+01  -5.7157162e+05   4.0835129e+04
   2.9600000e+01  -6.0005375e+05   8.6635322e+03
   2.9700000e+01  -5.9876025e+05  -1.9911090e+04
   2.9800000e+01  -5.7030794e+05  -4.6754906e+04
   2.9900000e+01  -5.1200269e+05  -6.8854047e+04
   3.0000000e+01  -4.2114172e+05  -8.1737641e+04
   3.0100000e+01  -3.0331600e+05  -8.4996156e+04
   3.0200000e+01  -1.7441047e+05  -8.2096312e+04
   3.0300000e+01  -5.3332207e+04  -7.5789562e+04
   3.0400000e+01   4.7895551e+04  -6.6701711e+04
   3.0500000e+01   1.2751211e+05  -5.7262359e+04
   3.0600000e+01   1.8885600e+05  -5.3755711e+04
   3.0700000e+01   2.3327005e+05  -5.9973098e+04
   3.0800000e+01   2.5820377e+05  -6.7673156e+04
   3.0900000e+01   2.6035645e+05  -5.6957156e+04
   3.1000000e+01   2.3820030e+05  -1.1503750e+04
   3.1100000e+01   1.9125050e+05   6.3578133e+04
   3.1200000e+01   1.2007808e+05   1.4003330e+05
   3.1300000e+01   3.1069096e+04   1.8602141e+05
   3.1400000e+01  -5.8091758e+04   1.9106206e+05
   3.1500000e+01  -1.2159136e+05   1.7371605e+05
   3.1600000e+01  -1.3986889e+05   1.6444295e+05
   3.1700000e+01  -1.1416230e+05   1.7874127e+05
   3.1800000e+01  -6.5762414e+04   2.0445594e+05
   3.1900000e+01  -1.7235215e+04   2.1403084e+05
   3.2000000e+01   2.8529029e+04   1.8981809e+05
   3.2100000e+01   9.0848375e+04   1.3919394e+05
   3.2200000e+01   1.9092020e+05   8.6617344e+04
   3.2300000e+01   3.2660778e+05   5.1895430e+04
   3.2400000e+01   4.6656869e+05   3.6161277e+04
   3.2500000e+01   5.7050794e+05   2.7331445e+04
   3.2600000e+01   6.1743831e+05   1.5885809e+04
   3.2700000e+01   6.1627531e+05   2.6992129e+03
   3.2800000e+01   5.9086812e+05  -7.2756328e+03
   3.2900000e+01   5.5648306e+05  -1.3952319e+04
   3.3000000e+01   5.1090000e+05  -2.0694215e+04
   3.3100000e+01   4.4522316e+05  -2.5326014e+04
   3.3200000e+01   3.5845766e+05  -1.8172941e+04
   3.3300000e+01   2.5929455e+05   6.5842217e+03
   3.3400000e+01   1.5675927e+05   3.8306969e+04
   3.3500000e+01   5.4638516e+04   5.2761852e+04
   3.3600000e+01  -4.2993238e+04   3.0965537e+04
   3.3700000e+01  -1.2483289e+05  -2.3826967e+04
   3.3800000e+01  -1.7677038e+05  -8.7903883e+04
   3.3900000e+01  -1.9509316e+05  -1.3569309e+05
   3.4000000e+01  -1.9233416e+05  -1.5756850e+05
   3.4100000e+01  -1.8653983e+05  -1.6239358e+05
   3.4200000e+01  -1.8459794e+05  -1.6626066e+05
   3.4300000e+01  -1.7838161e+05  -1.7996356e+05
   3.4400000e+01  -1.5813267e+05  -2.0490450e+05
   3.4500000e+01  -1.2760854e+05  -2.3682556e+05
   3.4600000e+01  -1.0375448e+05  -2.7063531e+05
   3.4700000e+01  -1.0181038e+05  -3.0194334e+05
   3.4800000e+01  -1.2317858e+05  -3.2655472e+05
   3.4900000e+01  -1.5929812e+05  -3.4108347e+05
   3.5000000e+01  -2.0576342e+05  -3.4474875e+05
   3.5100000e+01  -2.6922247e+05  -3.3927222e+05
   3.5200000e+01  -3.5822741e+05  -3.2553091e+05
   3.5300000e+01  -4.6809931e+05  -3.0069053e+05
   3.5400000e+01  -5.7770038e+05  -2.6088948e+05
   3.5500000e+01  -6.6361781e+05  -2.0835936e+05
   3.5600000e+01  -7.1765394e+05  -1.5438255e+05
   3.5700000e+01  -7.4849831e+05  -1.1132098e+05
   3.5800000e+01  -7.6512238e+05  -7.9284031e+04
   3.5900000e+01  -7.6069519e+05  -4.2558734e+04
   3.6000000e+01  -7.1706550e+05   1.6182918e+04
   3.6100000e+01  -6.2704950e+05   9.5473281e+04
   3.6200000e+01  -5.0921662e+05   1.7055086e+05
   3.6300000e+01  -3.9511775e+05   2.1334869e+05
   3.6400000e+01  -2.9919909e+05   2.1961552e+05
   3.6500000e+01  -2.0354611e+05   2.1581772e+05
   3.6600000e+01  -7.6184359e+04   2.3731134e+05
   3.6700000e+01   9.4178750e+04   2.9800475e+05
   3.6800000e+01   2.8254088e+05   3.7981434e+05
   3.6900000e+01   4.4682375e+05   4.4970331e+05
   3.7000000e+01   5.6172956e+05   4.8576994e+05
   3.7100000e+01   6.3417150e+05   4.8865969e+05
   3.7200000e+01   6.8886719e+05   4.7262200e+05
   3.7300000e+01   7.4263312e+05   4.5003678e+05
   3.7400000e+01   7.9278300e+05   4.2489212e+05
   3.7500000e+01   8.2609438e+05   3.9701997e+05
   3.7600000e+01   8.3401612e+05   3.6737388e+05
   3.7700000e+01   8.1805781e+05   3.3672912e+05
   3.7800000e+01   7.8384194e+05   3.0081791e+05
   3.7900000e+01   7.3443425e+05   2.5058158e+05
   3.8000000e+01   6.7111912e+05   1.8042378e+05
   3.8100000e+01   5.9851944e+05   9.6877031e+04
   3.8200000e+01   5.2536894e+05   1.7385393e+04
   3.8300000e+01   4.5844203e+05  -4.1765227e+04
   3.8400000e+01   3.9669112e+05  -7.7371984e+04
   3.8500000e+01   3.3330659e+05  -9.9206156e+04
   3.8600000e+01   2.6405222e+05  -1.1835244e+05
   3.8700000e+01   1.9225409e+05  -1.3682694e+05
   3.8800000e+01   1.2437558e+05  -1.4933056e+05
   3.8900000e+01   6.1351164e+04  -1.5365456e+05
   3.9000000e+01  -3.6344082e+03  -1.5629130e+05
   3.9100000e+01  -7.7298539e+04  -1.6603269e+05
   3.9200000e+01  -1.5647253e+05  -1.8320531e+05
   3.9300000e+01  -2.2759941e+05  -1.9782822e+05
   3.9400000e+01  -2.7746728e+05  -1.9966394e+05
   3.9500000e+01  -3.0511309e+05  -1.8916905e+05
   3.9600000e+01  -3.2278356e+05  -1.7714167e+05
   3.9700000e+01  -3.4455806e+05  -1.7378347e+05
   3.9800000e+01  -3.7428906e+05  -1.8001050e+05
   3.9900000e+01  -4.0580156e+05  -1.9097352e+05
   4.0000000e+01  -4.3478006e+05  -2.0665555e+05
   4.0100000e+01  -4.6738159e+05  -2.3458638e+05
   4.0200000e+01  -5.1318466e+05  -2.7830828e+05
   4.0300000e+01  -5.6951144e+05  -3.2442844e+05
   4.0400000e+01  -6.1790212e+05  -3.4777662e+05
   4.0500000e+01  -6.4161788e+05  -3.3594422e+05
   4.0600000e+01  -6.4605344e+05  -3.0854688e+05
   4.0700000e+01  -6.5531981e+05  -3.0496912e+05
   4.0800000e+01  -6.8333969e+05  -3.4572253e+05
   4.0900000e+01  -7.0988231e+05  -4.0521122e+05
   4.1000000e+01  -6.9132269e+05  -4.2790041e+05
   4.1100000e+01  -5.9951706e+05  -3.7635262e+05
   4.1200000e+01  -4.5042834e+05  -2.6449912e+05
   4.1300000e+01  -2.9351869e+05  -1.4315562e+05
   4.1400000e+01  -1.7267284e+05  -5.3585102e+04
   4.1500000e+01  -9.5825516e+04   4.2357148e+03
   4.1600000e+01  -3.8054426e+04   6.0803949e+04
   4.1700000e+01   3.0608199e+04   1.4052036e+05
   4.1800000e+01   1.2061680e+05   2.3797995e+05
   4.1900000e+01   2.2036869e+05   3.2648609e+05
   4.2000000e+01   3.1174550e+05   3.8428250e+05
   4.2100000e+01   3.8606284e+05   4.1109750e+05
   4.2200000e+01   4.4682078e+05   4.2267209e+05
   4.2300000e+01   5.0029675e+05   4.3305006e+05
   4.2400000e+01   5.4619306e+05   4.4239691e+05
   4.2500000e+01   5.7857806e+05   4.3943516e+05
   4.2600000e+01   5.9474375e+05   4.1377253e+05
   4.2700000e+01   5.9999581e+05   3.6612712e+05
   4.2800000e+01   6.0124600e+05   3.0789234e+05
   4.2900000e+01   5.9680181e+05   2.5171305e+05
   4.3000000e+01   5.7616931e+05   2.0275619e+05
   4.3100000e+01   5.3245044e+05   1.5867273e+05
   4.3200000e+01   4.7346825e+05   1.1656140e+05
   4.3300000e+01   4.1703788e+05   7.8130266e+04
   4.3400000e+01   3.7374959e+05   4.7754180e+04
   4.3500000e+01   3.3640797e+05   2.7570771e+04
   4.3600000e+01   2.8892678e+05   1.6908457e+04
   4.3700000e+01   2.2521422e+05   1.6147347e+04
   4.3800000e+01   1.5656420e+05   2.7693973e+04
   4.3900000e+01   9.8989062e+04   5.0180992e+04
   4.4000000e+01   5.4917309e+04   7.2666180e+04
   4.4100000e+01   9.9197803e+03   7.8715273e+04
   4.4200000e+01  -5.2146562e+04   5.9542012e+04
   4.4300000e+01  -1.3234212e+05   2.3039629e+04
   4.4400000e+01  -2.1534725e+05  -1.2169961e+04
   4.4500000e+01  -2.8300897e+05  -3.2649760e+04
   4.4600000e+01  -3.2770509e+05  -4.0037074e+04
   4.4700000e+01  -3.5414628e+05  -4.6237961e+04
   4.4800000e+01  -3.7209909e+05  -6.1873656e+04
   4.4900000e+01  -3.8940203e+05  -9.1436102e+04
   4.5000000e+01  -4.0959200e+05  -1.3707747e+05
   4.5100000e+01  -4.3151266e+05  -2.0054986e+05
   4.5200000e+01  -4.4858769e+05  -2.7663412e+05
   4.5300000e+01  -4.4998706e+05  -3.4654572e+05
   4.5400000e+01  -4.2620231e+05  -3.8490719e+05
   4.5500000e+01  -3.7631459e+05  -3.7921950e+05
   4.5600000e+01  -3.1052481e+05  -3.4292656e+05
   4.5700000e+01  -2.4458495e+05  -3.0567484e+05
   4.5800000e+01  -1.8971889e+05  -2.8743247e+05
   4.5900000e+01  -1.4561870e+05  -2.8125381e+05
   4.6000000e+01  -1.0195252e+05  -2.6136077e+05
   4.6100000e+01  -4.7637762e+04  -2.0756014e+05
   4.6200000e+01   1.8766312e+04  -1.2214002e+05
   4.6300000e+01   8.5793812e+04  -2.5819992e+04
   4.6400000e+01   1.3631734e+05   5.9106254e+04
   4.6500000e+01   1.5977870e+05   1.2119635e+05
   4.6600000e+01   1.5868178e+05   1.5987944e+05
   4.6700000e+01   1.4371983e+05   1.7864314e+05
   4.6800000e+01   1.2354597e+05   1.8055544e+05
   4.6900000e+01   1.0064163e+05   1.6910358e+05
   4.7000000e+01   7.6814344e+04   1.5067311e+05
   4.7100000e+01   5.9520051e+04   1.3391491e+05
   4.7200000e+01   5.9047578e+04   1.2492104e+05
   4.7300000e+01   7.8786281e+04   1.2190666e+05
   4.7400000e+01   1.1082685e+05   1.1515211e+05
   4.7500000e+01   1.4339062e+05   9.4442344e+04
   4.7600000e+01   1.7169448e+05   5.8719449e+04
   4.7700000e+01   1.9911295e+05   1.8673553e+04
   4.7800000e+01   2.2765414e+05  -1.1185781e+04
   4.7900000e+01   2.5063955e+05  -2.3390648e+04
   4.8000000e+01   2.5815620e+05  -2.0142770e+04
   4.8100000e+01   2.4968600e+05  -5.8423486e+03
   4.8200000e+01   2.3812397e+05   2.0570377e+04
   4.8300000e+01   2.3800670e+05   6.3743887e+04
   4.8400000e+01   2.4878227e+05   1.2296546e+05
   4.8500000e+01   2.5104781e+05   1.8760603e+05
   4.8600000e+01   2.2160836e+05   2.4311430e+05
   4.8700000e+01   1.5421812e+05   2.8101862e+05
   4.8800000e+01   6.6399289e+04   3.0223028e+05
   4.8900000e+01  -1.4380461e+04   3.1171956e+05
   4.9000000e+01  -7.2221859e+04   3.1230178e+05
   4.9100000e+01  -1.1222089e+05   3.0387362e+05
   4.9200000e+01  -1.5075553e+05   2.8561031e+05
   4.9300000e+01  -1.9829947e+05   2.5548366e+05
   4.9400000e+01  -2.5152978e+05   2.0797773e+05
   4.9500000e+01  -2.9902988e+05   1.3647925e+05
   4.9600000e+01  -3.3065706e+05   4.1702355e+04
   4.9700000e+01  -3.4072297e+05  -6.2615957e+04
   4.9800000e+01  -3.2651953e+05  -1.5605895e+05
   4.9900000e+01  -2.8969828e+05  -2.2675592e+05
   5.0000000e+01  -2.4090992e+05  -2.8087641e+05
   5.0100000e+01  -1.9917717e+05  -3.3592334e+05
   5.0200000e+01  -1.8091547e+05  -4.0355316e+05
   5.0300000e+01  -1.8660920e+05  -4.7799969e+05
   5.0400000e+01  -1.9920892e+05  -5.3983162e+05
   5.0500000e+01  -1.9813616e+05  -5.6995975e+05
   5.0600000e+01  -1.7672989e+05  -5.6142031e+05
   5.0700000e+01  -1.4679486e+05  -5.2158625e+05
   5.0800000e+01  -1.2628945e+05  -4.6639753e+05
   5.0900000e+01  -1.2212360e+05  -4.1181275e+05
   5.1000000e+01  -1.2367640e+05  -3.6629397e+05
   5.1100000e+01  -1.1166666e+05  -3.2698538e+05
   5.1200000e+01  -7.3341203e+04  -2.8209650e+05
   5.1300000e+01  -1.1218535e+04  -2.1935145e+05
   5.1400000e+01   5.9945883e+04  -1.3523638e+05
   5.1500000e+01   1.2362270e+05  -3.7864039e+04
   5.1600000e+01   1.7126927e+05   5.8692398e+04
   5.1700000e+01   2.0571023e+05   1.4325511e+05
   5.1800000e+01   2.3689317e+05   2.1222925e+05
   5.1900000e+01   2.7280778e+05   2.6783447e+05
   5.2000000e+01   3.1168484e+05   3.1348962e+05
   5.2100000e+01   3.4204922e+05   3.5082159e+05
   5.2200000e+01   3.5185481e+05   3.7960009e+05
   5.2300000e+01   3.3933388e+05   3.9936316e+05
   5.2400000e+01   3.1507900e+05   4.1119491e+05
   5.2500000e+01   2.9249981e+05   4.1827062e+05
   5.2600000e+01   2.7546894e+05   4.2391853e+05
   5.2700000e+01   2.5514453e+05   4.2787588e+05
   5.2800000e+01   2.1883000e+05   4.2449506e+05
   5.2900000e+01   1.6213030e+05   4.0646303e+05
   5.3000000e+01   9.3433930e+04   3.7205122e+05
   5.3100000e+01   2.7838828e+04   3.2853509e+05
   5.3200000e+01  -2.3135633e+04   2.8682828e+05
   5.3300000e+01  -5.7493359e+04   2.5170947e+05
   5.3400000e+01  -8.0669000e+04   2.1789752e+05
   5.3500000e+01  -9.8474836e+04   1.7671428e+05
   5.3600000e+01  -1.1184455e+05   1.2631216e+05
   5.3700000e+01  -1.1815348e+05   7.3824922e+04
   5.3800000e+01  -1.1719492e+05   2.6524504e+04
   5.3900000e+01  -1.1420177e+05  -1.7887844e+04
   5.4000000e+01  -1.1461727e+05  -6.9442039e+04
   5.4100000e+01  -1.1533875e+05  -1.3269925e+05
   5.4200000e+01  -1.0407463e+05  -1.9684794e+05
   5.4300000e+01  -7.1776398e+04  -2.4276250e+05
   5.4400000e+01  -2.7373625e+04  -2.6251484e+05
   5.4500000e+01   2.7333799e+03  -2.7035147e+05
   5.4600000e+01  -5.3520522e+03  -2.8992466e+05
   5.4700000e+01  -5.0917910e+04  -3.2795378e+05
   5.4800000e+01  -1.0722609e+05  -3.6241591e+05
   5.4900000e+01  -1.4414927e+05  -3.6118812e+05
   5.5000000e+01  -1.5319847e+05  -3.1479028e+05
   5.5100000e+01  -1.5028942e+05  -2.4950698e+05
   5.5200000e+01  -1.5505591e+05  -2.0577548e+05
   5.5300000e+01  -1.7019136e+05  -2.0263177e+05
   5.5400000e+01  -1.8283064e+05  -2.2332630e+05
   5.5500000e+01  -1.8408714e+05  -2.3461850e+05
   5.5600000e+01  -1.8204600e+05  -2.1802030e+05
   5.5700000e+01  -1.9173644e+05  -1.8206719e+05
   5.5800000e+01  -2.1347145e+05  -1.4783836e+05
   5.5900000e+01  -2.2596530e+05  -1.2752539e+05
   5.6000000e+01  -2.0464294e+05  -1.1834415e+05
   5.6100000e+01  -1.4632720e+05  -1.1275764e+05
   5.6200000e+01  -7.2879508e+04  -1.0802270e+05
   5.6300000e+01  -9.0855791e+03  -1.0322442e+05
   5.6400000e+01   4.1293840e+04  -9.0801648e+04
   5.6500000e+01   9.5450570e+04  -5.7339777e+04
   5.6600000e+01   1.6851886e+05   4.1490386e+03
   5.6700000e+01   2.5379103e+05   8.4411656e+04
   5.6800000e+01   3.2745431e+05   1.6338261e+05
   5.6900000e+01   3.7100472e+05   2.2623023e+05
   5.7000000e+01   3.8589834e+05   2.7321066e+05
   5.7100000e+01   3.8616766e+05   3.1410462e+05
   5.7200000e+01   3.8055619e+05   3.5533425e+05
   5.7300000e+01   3.6549712e+05   3.9404212e+05
   5.7400000e+01   3.3457381e+05   4.2297041e+05
   5.7500000e+01   2.9010331e+05   4.3765956e+05
   5.7600000e+01   2.4208559e+05   4.3767331e+05
   5.7700000e+01   1.9693833e+05   4.2305875e+05
   5.7800000e+01   1.5056655e+05   3.9257912e+05
   5.7900000e+01   9.3669492e+04   3.4616316e+05
   5.8000000e+01   2.2135211e+04   2.8771800e+05
   5.8100000e+01  -5.9325793e+04   2.2394031e+05
   5.8200000e+01  -1.4267227e+05   1.5952034e+05
   5.8300000e+01  -2.2284177e+05   9.3541914e+04
   5.8400000e+01  -2.9694594e+05   2.1814398e+04
   5.8500000e+01  -3.5816759e+05  -5.5362738e+04
   5.8600000e+01  -3.9383906e+05  -1.2773453e+05
   5.8700000e+01  -3.9402856e+05  -1.8111055e+05
   5.8800000e+01  -3.6491550e+05  -2.1355878e+05
   5.8900000e+01  -3.3193144e+05  -2.4529475e+05
   5.9000000e+01  -3.2312875e+05  -3.0531734e+05
   5.9100000e+01  -3.4267547e+05  -4.0044984e+05
   5.9200000e+01  -3.5950419e+05  -4.9705456e+05
   5.9300000e+01  -3.2730288e+05  -5.4035038e+05
   5.9400000e+01  -2.2267041e+05  -4.9925650e+05
   5.9500000e+01  -6.7535031e+04  -3.9472478e+05
   5.9600000e+01   8.5653688e+04  -2.8296094e+05
   5.9700000e+01   1.9236708e+05  -2.0989578e+05
   5.9800000e+01   2.4318541e+05  -1.8056094e+05
   5.9900000e+01   2.5888033e+05  -1.6795531e+05
   6.0000000e+01   2.6465728e+05  -1.4497817e+05
   6.0100000e+01   2.7059831e+05  -1.0562948e+05
   6.0200000e+01   2.7235012e+05  -6.1045172e+04
   6.0300000e+01   2.6358094e+05  -2.3499182e+04
   6.0400000e+01   2.4412700e+05   2.9261184e+03
   6.0500000e+01   2.1808367e+05   2.0931697e+04
   6.0600000e+01   1.8846525e+05   3.5676492e+04
   6.0700000e+01   1.5616123e+05   5.2832391e+04
   6.0800000e+01   1.2306161e+05   7.7007273e+04
   6.0900000e+01   9.3547117e+04   1.0852276e+05
   6.1000000e+01   7.1205297e+04   1.4173492e+05
   6.1100000e+01   5.4371766e+04   1.6861078e+05
   6.1200000e+01   3.6367852e+04   1.8526772e+05
   6.1300000e+01   1.1150068e+04   1.9490805e+05
   6.1400000e+01  -2.1447666e+04   2.0410373e+05
   6.1500000e+01  -5.6421227e+04   2.1641275e+05
   6.1600000e+01  -8.8663156e+04   2.2949389e+05
   6.1700000e+01  -1.1580188e+05   2.3761075e+05
   6.1800000e+01  -1.3611811e+05   2.3648489e+05
   6.1900000e+01  -1.4639511e+05   2.2665344e+05
   6.2000000e+01  -1.4478588e+05   2.1357925e+05
   6.2100000e+01  -1.3545862e+05   2.0451288e+05
   6.2200000e+01  -1.2676909e+05   2.0339828e+05
   6.2300000e+01  -1.2205627e+05   2.0702594e+05
   6.2400000e+01  -1.1373734e+05   2.0623461e+05
   6.2500000e+01  -9.0654453e+04   1.9234353e+05
   6.2600000e+01  -5.3299164e+04   1.6350777e+05
   6.2700000e+01  -1.9426719e+04   1.2505195e+05
   6.2800000e+01  -1.0446852e+04   8.4029852e+04
   6.2900000e+01  -3.0275453e+04   4.4144566e+04
   6.3000000e+01  -5.8995578e+04   5.2935845e+03
   6.3100000e+01  -7.0095258e+04  -3.4646469e+04
   6.3200000e+01  -5.5573523e+04  -7.9821352e+04
   6.3300000e+01  -3.3872508e+04  -1.3658969e+05
   6.3400000e+01  -3.1895467e+04  -2.0891622e+05
   6.3500000e+01  -5.8178715e+04  -2.9020409e+05
   6.3600000e+01  -9.3511422e+04  -3.6130831e+05
   6.3700000e+01  -1.0833735e+05  -4.0163234e+05
   6.3800000e+01  -8.9853008e+04  -4.0587459e+05
   6.3900000e+01  -5.2399832e+04  -3.8973059e+05
   6.4000000e+01  -2.1931041e+04  -3.7679812e+05
   6.4100000e+01  -1.1166209e+04  -3.7794319e+05
   6.4200000e+01  -9.9270176e+03  -3.8254512e+05
   6.4300000e+01   2.0094419e+03  -3.6916350e+05
   6.4400000e+01   3.4918746e+04  -3.2424112e+05
   6.4500000e+01   8.1927781e+04  -2.5115731e+05
   6.4600000e+01   1.2866757e+05  -1.6344233e+05
   6.4700000e+01   1.6679328e+05  -7.2017281e+04
   6.4800000e+01   1.9749769e+05   1.9520084e+04
   6.4900000e+01   2.2417695e+05   1.0847527e+05
   6.5000000e+01   2.4462212e+05   1.8599781e+05
   6.5100000e+01   2.5184250e+05   2.4083328e+05
   6.5200000e+01   2.4231728e+05   2.7170109e+05
   6.5300000e+01   2.2228195e+05   2.9307384e+05
   6.5400000e+01   2.0426138e+05   3.2360681e+05
   6.5500000e+01   1.9587170e+05   3.6625538e+05
   6.5600000e+01   1.9165917e+05   4.0181809e+05
   6.5700000e+01   1.7711684e+05   4.0561219e+05
   6.5800000e+01   1.4211703e+05   3.7123219e+05
   6.5900000e+01   9.0535391e+04   3.1592338e+05
   6.6000000e+01   3.6037293e+04   2.6201148e+05
   6.6100000e+01  -1.1269895e+04   2.1566358e+05
   6.6200000e+01  -5.2607902e+04   1.6606869e+05
   6.6300000e+01  -9.4711430e+04   1.0322477e+05
   6.6400000e+01  -1.3824573e+05   3.1844812e+04
   6.6500000e+01  -1.7449355e+05  -3.3245141e+04
   6.6600000e+01  -1.9392094e+05  -8.0950547e+04
   6.6700000e+01  -1.9627247e+05  -1.0905995e+05
   6.6800000e+01  -1.9088945e+05  -1.1809648e+05
   6.6900000e+01  -1.8778442e+05  -1.0727561e+05
   6.7000000e+01  -1.8954834e+05  -8.0512359e+04
   6.7100000e+01  -1.9115302e+05  -5.2444727e+04
   6.7200000e+01  -1.8515964e+05  -4.0732016e+04
   6.7300000e+01  -1.6606358e+05  -4.8692414e+04
   6.7400000e+01  -1.3195784e+05  -5.8632000e+04
   6.7500000e+01  -8.5946242e+04  -4.7710414e+04
   6.7600000e+01  -3.7622039e+04  -1.2488934e+04
   6.7700000e+01  -8.6423291e+02   2.4134062e+04
   6.7800000e+01   1.4031035e+04   3.2819766e+04
   6.7900000e+01   8.8225400e+03   5.2222739e+03
   6.8000000e+01  -2.1425049e+03  -3.8682566e+04
   6.8100000e+01  -2.0258149e+03  -7.0236820e+04
   6.8200000e+01   1.5218818e+04  -7.8555445e+04
   6.8300000e+01   3.9792973e+04  -7.8464750e+04
   6.8400000e+01   5.4053668e+04  -9.4382258e+04
   6.8500000e+01   4.7207387e+04  -1.3713377e+05
   6.8600000e+01   2.4493562e+04  -1.9447475e+05
   6.8700000e+01   3.0769841e+03  -2.4119748e+05
   6.8800000e+01  -2.0991841e+03  -2.5802728e+05
   6.8900000e+01   9.3824434e+03  -2.4393312e+05
   6.9000000e+01   2.3577205e+04  -2.1411866e+05
   6.9100000e+01   2.4645928e+04  -1.8722691e+05
   6.9200000e+01   8.3136445e+03  -1.7224100e+05
   6.9300000e+01  -1.5829929e+04  -1.6455638e+05
   6.9400000e+01  -3.4439332e+04  -1.5266762e+05
   6.9500000e+01  -4.2199469e+04  -1.2794024e+05
   6.9600000e+01  -4.3842852e+04  -8.8387594e+04
   6.9700000e+01  -4.6005559e+04  -3.5372660e+04
   6.9800000e+01  -4.9080445e+04   2.9286846e+04
   6.9900000e+01  -4.7938875e+04   1.0022069e+05
   7.0000000e+01  -3.9546535e+04   1.6441858e+05
   7.0100000e+01  -2.7784467e+04   2.0589934e+05
   7.0200000e+01  -1.9518887e+04   2.1901356e+05
   7.0300000e+01  -1.6279551e+04   2.1667753e+05
   7.0400000e+01  -1.1080818e+04   2.2133861e+05
   7.0500000e+01   5.4913989e+03   2.4470259e+05
   7.0600000e+01   3.5744105e+04   2.7658753e+05
   7.0700000e+01   7.1565148e+04   2.9513525e+05
   7.0800000e+01   1.0077630e+05   2.8775312e+05
   7.0900000e+01   1.1681420e+05   2.6083070e+05
   7.1000000e+01   1.2233252e+05   2.2961478e+05
   7.1100000e+01   1.2407423e+05   2.0165306e+05
   7.1200000e+01   1.2546616e+05   1.7237986e+05
   7.1300000e+01   1.2487284e+05   1.3522555e+05
   7.1400000e+01   1.2004771e+05   9.1764609e+04
   7.1500000e+01   1.1199203e+05   4.9538195e+04
   7.1600000e+01   1.0288083e+05   1.1810132e+04
   7.1700000e+01   9.0994617e+04  -2.6732721e+04
   7.1800000e+01   7.0251758e+04  -7.2786203e+04
   7.1900000e+01   3.6612887e+04  -1.2520352e+05
   7.2000000e+01  -5.6466484e+03  -1.7567989e+05
   7.2100000e+01  -4.6141312e+04  -2.1840741e+05
   7.2200000e+01  -7.7756102e+04  -2.5596495e+05
   7.2300000e+01  -1.0237217e+05  -2.9314088e+05
   7.2400000e+01  -1.2552534e+05  -3.2607603e+05
   7.2500000e+01  -1.4656634e+05  -3.4164072e+05
   7.2600000e+01  -1.5812822e+05  -3.3092206e+05
   7.2700000e+01  -1.5783098e+05  -3.0295381e+05
   7.2800000e+01  -1.5767878e+05  -2.8148997e+05
   7.2900000e+01  -1.7560905e+05  -2.8440019e+05
   7.3000000e+01  -2.1413797e+05  -3.0482862e+05
   7.3100000e+01  -2.4977111e+05  -3.1385712e+05
   7.3200000e+01  -2.4885475e+05  -2.8404138e+05
   7.3300000e+01  -1.9690869e+05  -2.1239678e+05
   7.3400000e+01  -1.1199366e+05  -1.2167139e+05
   7.3500000e+01  -2.8676551e+04  -3.9894211e+04
   7.3600000e+01   3.0184738e+04   2.1327434e+04
   7.3700000e+01   6.6100500e+04   6.9906938e+04
   7.3800000e+01   9.3913523e+04   1.1807510e+05
   7.3900000e+01   1.2369842e+05   1.6732717e+05
   7.4000000e+01   1.5459831e+05   2.0944738e+05
   7.4100000e+01   1.8149888e+05   2.4018505e+05
   7.4200000e+01   2.0155528e+05   2.6787444e+05
   7.4300000e+01   2.1276658e+05   3.0577409e+05
   7.4400000e+01   2.1035658e+05   3.5629997e+05
   7.4500000e+01   1.8978281e+05   4.0527231e+05
   7.4600000e+01   1.5494836e+05   4.3344778e+05
   7.4700000e+01   1.2104389e+05   4.3354784e+05
   7.4800000e+01   1.0566193e+05   4.1536047e+05
   7.4900000e+01   1.1498816e+05   3.9492666e+05
   7.5000000e+01   1.3887481e+05   3.8031706e+05
   7.5100000e+01   1.6085730e+05   3.6792828e+05
   7.5200000e+01   1.7396169e+05   3.5005862e+05
   7.5300000e+01   1.8636248e+05   3.2326631e+05
   7.5400000e+01   2.1069580e+05   2.8937781e+05
   7.5500000e+01   2.4801769e+05   2.5130912e+05
   7.5600000e+01   2.8375891e+05   2.1050019e+05
   7.5700000e+01   3.0052291e+05   1.6792697e+05
   7.5800000e+01   2.9391809e+05   1.2502977e+05
   7.5900000e+01   2.7375916e+05   8.2301625e+04
   7.6000000e+01   2.4928733e+05   3.8319809e+04
   7.6100000e+01   2.1557948e+05  -7.7870776e+03
   7.6200000e+01   1.5743984e+05  -5.2934980e+04
   7.6300000e+01   6.7081023e+04  -9.1358523e+04
   7.6400000e+01  -4.4407117e+04  -1.2133491e+05
   7.6500000e+01  -1.5528280e+05  -1.5043716e+05
   7.6600000e+01  -2.5230311e+05  -1.9173877e+05
   7.6700000e+01  -3.3946566e+05  -2.5218055e+05
   7.6800000e+01  -4.2677559e+05  -3.2385772e+05
   7.6900000e+01  -5.1248762e+05  -3.8848172e+05
   7.7000000e+01  -5.8025425e+05  -4.3336416e+05
   7.7100000e+01  -6.1578025e+05  -4.6467303e+05
   7.7200000e+01  -6.2433925e+05  -5.0368500e+05
   7.7300000e+01  -6.2754094e+05  -5.6666144e+05
   7.7400000e+01  -6.3991819e+05  -6.4567062e+05
   7.7500000e+01  -6.4952244e+05  -7.0898062e+05
   7.7600000e+01  -6.2493875e+05  -7.2240919e+05
   7.7700000e+01  -5.4433188e+05  -6.7353306e+05
   7.7800000e+01  -4.1856078e+05  -5.7854612e+05
   7.7900000e+01  -2.8549006e+05  -4.6837825e+05
   7.8000000e+01  -1.8097198e+05  -3.6847931e+05
   7.8100000e+01  -1.1384156e+05  -2.8833444e+05
   7.8200000e+01  -6.6189047e+04  -2.2416359e+05
   7.8300000e+01  -1.4702922e+04  -1.6692477e+05
   7.8400000e+01   4.9086648e+04  -1.0783523e+05
   7.8500000e+01   1.1639078e+05  -4.0629805e+04
   7.8600000e+01   1.7371538e+05   3.6331504e+04
   7.8700000e+01   2.1507538e+05   1.1744647e+05
   7.8800000e+01   2.4350919e+05   1.9002073e+05
   7.8900000e+01   2.6495759e+05   2.4025542e+05
   7.9000000e+01   2.8388025e+05   2.6304400e+05
   7.9100000e+01   3.0431781e+05   2.6801769e+05
   7.9200000e+01   3.3175253e+05   2.7463503e+05
   7.9300000e+01   3.7078841e+05   2.9774119e+05
   7.9400000e+01   4.2063134e+05   3.3543719e+05
   7.9500000e+01   4.7448491e+05   3.7158362e+05
   7.9600000e+01   5.2442806e+05   3.9195809e+05
   7.9700000e+01   5.6615169e+05   3.9830150e+05
   7.9800000e+01   5.9789769e+05   4.0545616e+05
   7.9900000e+01   6.1552206e+05   4.2464700e+05
   8.0000000e+01   6.1104138e+05   4.5125200e+05
   8.0100000e+01   5.7799750e+05   4.7011044e+05
   8.0200000e+01   5.1826066e+05   4.7145062e+05
   8.0300000e+01   4.4232459e+05   4.5939972e+05
   8.0400000e+01   3.6201725e+05   4.4522681e+05
   8.0500000e+01   2.8273997e+05   4.3535553e+05
   8.0600000e+01   2.0246070e+05   4.2788319e+05
   8.0700000e+01   1.1713969e+05   4.1821184e+05
   8.0800000e+01   2.5984844e+04   4.0297153e+05
   8.0900000e+01  -6.8443672e+04   3.7660816e+05
   8.1000000e+01  -1.6349583e+05   3.2858222e+05
   8.1100000e+01  -2.5754214e+05   2.5108980e+05
   8.1200000e+01  -3.4693841e+05   1.5269725e+05
   8.1300000e+01  -4.2337294e+05   6.0446348e+04
   8.1400000e+01  -4.7751703e+05   9.9223328e+02
   8.1500000e+01  -5.0813294e+05  -2.5002047e+04
   8.1600000e+01  -5.2740944e+05  -4.8299789e+04
   8.1700000e+01  -5.5368212e+05  -1.0576277e+05
   8.1800000e+01  -5.9442888e+05  -2.0521039e+05
   8.1900000e+01  -6.3478319e+05  -3.1462606e+05
   8.2000000e+01  -6.4525125e+05  -3.8805616e+05
   8.2100000e+01  -6.0508575e+05  -4.0445719e+05
   8.2200000e+01  -5.2090822e+05  -3.8293800e+05
   8.2300000e+01  -4.2233316e+05  -3.6189334e+05
   8.2400000e+01  -3.3766975e+05  -3.6481356e+05
   8.2500000e+01  -2.7244919e+05  -3.8547672e+05
   8.2600000e+01  -2.1076525e+05  -4.0220725e+05
   8.2700000e+01  -1.3633756e+05  -4.0215441e+05
   8.2800000e+01  -5.0692547e+04  -3.9141312e+05
   8.2900000e+01   2.9630789e+04  -3.8550003e+05
   8.3000000e+01   9.1691234e+04  -3.9361300e+05
   8.3100000e+01   1.3897466e+05  -4.1146231e+05
   8.3200000e+01   1.8491944e+05  -4.2577128e+05
   8.3300000e+01   2.3618808e+05  -4.2378853e+05
   8.3400000e+01   2.8562288e+05  -4.0025253e+05
   8.3500000e+01   3.2205825e+05  -3.5838469e+05
   8.3600000e+01   3.4383791e+05  -3.0570312e+05
   8.3700000e+01   3.5945038e+05  -2.4835466e+05
   8.3800000e+01   3.7538169e+05  -1.8838509e+05
   8.3900000e+01   3.8690034e+05  -1.2550682e+05
   8.4000000e+01   3.8318122e+05  -6.0401074e+04
   8.4100000e+01   3.6031697e+05   4.4768032e+03
   8.4200000e+01   3.2667000e+05   6.6677992e+04
   8.4300000e+01   2.9485569e+05   1.2461600e+05
   8.4400000e+01   2.7025697e+05   1.7598227e+05
   8.4500000e+01   2.4870700e+05   2.1689855e+05
   8.4600000e+01   2.2422578e+05   2.4493228e+05
   8.4700000e+01   1.9654755e+05   2.6334891e+05
   8.4800000e+01   1.7003516e+05   2.8042550e+05
   8.4900000e+01   1.4658481e+05   3.0237747e+05
   8.5000000e+01   1.2182146e+05   3.2653175e+05
   8.5100000e+01   8.9275109e+04   3.4249212e+05
   8.5200000e+01   4.7583789e+04   3.4094141e+05
   8.5300000e+01   2.4000449e+03   3.2164466e+05
   8.5400000e+01  -3.8934457e+04   2.9351950e+05
   8.5500000e+01  -7.3544586e+04   2.6829453e+05
   8.5600000e+01  -1.0323985e+05   2.5464852e+05
   8.5700000e+01  -1.2985899e+05   2.5623378e+05
   8.5800000e+01  -1.5284347e+05   2.7078847e+05
   8.5900000e+01  -1.7244939e+05   2.8795494e+05
   8.6000000e+01  -1.9330784e+05   2.8980694e+05
   8.6100000e+01  -2.2132975e+05   2.5990017e+05
   8.6200000e+01  -2.5563723e+05   1.9776383e+05
   8.6300000e+01  -2.8546731e+05   1.2509954e+05
   8.6400000e+01  -2.9813803e+05   7.2784273e+04
   8.6500000e+01  -2.9140109e+05   5.5797918e+04
   8.6600000e+01  -2.7698144e+05   5.8572984e+04
   8.6700000e+01  -2.7035462e+05   4.6998555e+04
   8.6800000e+01  -2.7614100e+05  -1.5558696e+03
   8.6900000e+01  -2.8333547e+05  -7.7475258e+04
   8.7000000e+01  -2.7505681e+05  -1.4672631e+05
   8.7100000e+01  -2.4366134e+05  -1.7934894e+05
   8.7200000e+01  -1.9733083e+05  -1.7195723e+05
   8.7300000e+01  -1.5243361e+05  -1.4574619e+05
   8.7400000e+01  -1.1911446e+05  -1.2612618e+05
   8.7500000e+01  -9.3648445e+04  -1.2497420e+05
   8.7600000e+01  -6.4429039e+04  -1.3869516e+05
   8.7700000e+01  -2.4993508e+04  -1.5722706e+05
   8.7800000e+01   1.9550096e+04  -1.7148297e+05
   8.7900000e+01   5.9126934e+04  -1.7452697e+05
   8.8000000e+01   9.0366844e+04  -1.6168275e+05
   8.8100000e+01   1.1972607e+05  -1.3402433e+05
   8.8200000e+01   1.5453669e+05  -1.0154105e+05
   8.8300000e+01   1.9288450e+05  -7.9471148e+04
   8.8400000e+01   2.2465039e+05  -7.8480188e+04
   8.8500000e+01   2.4247244e+05  -9.7357875e+04
   8.8600000e+01   2.4936261e+05  -1.2527128e+05
   8.8700000e+01   2.5410634e+05  -1.5096561e+05
   8.8800000e+01   2.6076497e+05  -1.6980575e+05
   8.8900000e+01   2.6545375e+05  -1.8300977e+05
   8.9000000e+01   2.6370188e+05  -1.9200689e+05
   8.9100000e+01   2.5799030e+05  -1.9494769e+05
   8.9200000e+01   2.5504422e+05  -1.8864139e+05
   8.9300000e+01   2.5601255e+05  -1.7282552e+05
   8.9400000e+01   2.5236508e+05  -1.5149909e+05
   8.9500000e+01   2.3368014e+05  -1.2956730e+05
   8.9600000e+01   1.9865195e+05  -1.0809362e+05
   8.9700000e+01   1.5616981e+05  -8.2994938e+04
   8.9800000e+01   1.1497328e+05  -4.8639750e+04
   8.9900000e+01   7.4037992e+04  -2.9110771e+03
   9.0000000e+01   2.4973764e+04   5.1028031e+04
   9.0100000e+01  -3.6563609e+04   1.0724889e+05
   9.0200000e+01  -1.0394068e+05   1.6018688e+05
   9.0300000e+01  -1.6502175e+05   2.0483708e+05
   9.0400000e+01  -2.1335334e+05   2.3529552e+05
   9.0500000e+01  -2.5200147e+05   2.4602189e+05
   9.0600000e+01  -2.8594662e+05   2.3668294e+05
   9.0700000e+01  -3.1240531e+05   2.1520280e+05
   9.0800000e+01  -3.2094084e+05   1.9337770e+05
   9.0900000e+01  -3.0421944e+05   1.7720975e+05
   9.1000000e+01  -2.6814888e+05   1.6140839e+05
   9.1100000e+01  -2.2996788e+05   1.3484970e+05
   9.1200000e+01  -2.0472736e+05   9.2844945e+04
   9.1300000e+01  -1.9241922e+05   4.4442832e+04
   9.1400000e+01  -1.7804766e+05   7.1434253e+03
   9.1500000e+01  -1.4508006e+05  -6.6745371e+03
   9.1600000e+01  -9.0226562e+04   5.7192188e+02
   9.1700000e+01  -2.6349475e+04   1.4553225e+04
   9.1800000e+01   2.8365105e+04   2.1792373e+04
   9.1900000e+01   6.4170801e+04   2.0899670e+04
   9.2000000e+01   8.4090422e+04   2.2434623e+04
   9.2100000e+01   9.6926523e+04   3.7953082e+04
   9.2200000e+01   1.0806834e+05   6.8582883e+04
   9.2300000e+01   1.1734964e+05   1.0350850e+05
   9.2400000e+01   1.2370234e+05   1.2903226e+05
   9.2500000e+01   1.2891334e+05   1.3907812e+05
   9.2600000e+01   1.3556212e+05   1.3777717e+05
   9.2700000e+01   1.4265064e+05   1.3353777e+05
   9.2800000e+01   1.4566162e+05   1.3182864e+05
   9.2900000e+01   1.4201069e+05   1.3297662e+05
   9.3000000e+01   1.3553359e+05   1.3437133e+05
   9.3100000e+01   1.3397902e+05   1.3251369e+05
   9.3200000e+01   1.4127283e+05   1.2319809e+05
   9.3300000e+01   1.5248870e+05   1.0245853e+05
   9.3400000e+01   1.5694441e+05   6.9981680e+04
   9.3500000e+01   1.4664756e+05   3.1629971e+04
   9.3600000e+01   1.2239285e+05  -3.7606128e+03
   9.3700000e+01   9.2679094e+04  -3.2222910e+04
   9.3800000e+01   6.7229828e+04  -5.9130324e+04
   9.3900000e+01   5.0577258e+04  -9.3969602e+04
   9.4000000e+01   3.9905445e+04  -1.3947798e+05
   9.4100000e+01   2.7935820e+04  -1.8676041e+05
   9.4200000e+01   8.7888496e+03  -2.2269064e+05
   9.4300000e+01  -1.7013561e+04  -2.4240309e+05
   9.4400000e+01  -4.2335434e+04  -2.5337100e+05
   9.4500000e+01  -5.8998078e+04  -2.6651769e+05
   9.4600000e+01  -6.5153250e+04  -2.8431928e+05
   9.4700000e+01  -6.8056922e+04  -2.9918609e+05
   9.4800000e+01  -7.9338406e+04  -3.0349734e+05
   9.4900000e+01  -1.0636475e+05  -2.9918216e+05
   9.5000000e+01  -1.4638586e+05  -2.9535938e+05
   9.5100000e+01  -1.8754522e+05  -2.9672825e+05
   9.5200000e+01  -2.1622012e+05  -2.9685944e+05
   9.5300000e+01  -2.2698553e+05  -2.8567416e+05
   9.5400000e+01  -2.2936134e+05  -2.6389503e+05
   9.5500000e+01  -2.4465317e+05  -2.4751206e+05
   9.5600000e+01  -2.9081391e+05  -2.5432872e+05
   9.5700000e+01  -3.6436328e+05  -2.8406862e+05
   9.5800000e+01  -4.3614891e+05  -3.1264744e+05
   9.5900000e+01  -4.6947372e+05  -3.0909403e+05
   9.6000000e+01  -4.4796000e+05  -2.6146264e+05
   9.6100000e+01  -3.8802178e+05  -1.8808483e+05
   9.6200000e+01  -3.2364109e+05  -1.2306973e+05
   9.6300000e+01  -2.7814975e+05  -8.8288922e+04
   9.6400000e+01  -2.4978394e+05  -7.6195648e+04
   9.6500000e+01  -2.2169725e+05  -5.7839613e+04
   9.6600000e+01  -1.8183669e+05  -7.9869922e+03
   9.6700000e+01  -1.3175972e+05   7.5029305e+04
   9.6800000e+01  -8.0106953e+04   1.7065928e+05
   9.6900000e+01  -3.3488789e+04   2.5443020e+05
   9.7000000e+01   4.4683047e+03   3.1477525e+05
   9.7100000e+01   2.9697945e+04   3.5489119e+05
   9.7200000e+01   3.9561027e+04   3.8296272e+05
   9.7300000e+01   3.9651984e+04   4.0388562e+05
   9.7400000e+01   4.4441316e+04   4.1931672e+05
   9.7500000e+01   6.5744266e+04   4.3108106e+05
   9.7600000e+01   9.9261195e+04   4.4096994e+05
   9.7700000e+01   1.2579688e+05   4.4797134e+05
   9.7800000e+01   1.2954533e+05   4.4863859e+05
   9.7900000e+01   1.1580196e+05   4.4099069e+05
   9.8000000e+01   1.0852213e+05   4.2617681e+05
   9.8100000e+01   1.2844274e+05   4.0530656e+05
   9.8200000e+01   1.7328612e+05   3.7664978e+05
   9.8300000e+01   2.1983830e+05   3.3850900e+05
   9.8400000e+01   2.4535323e+05   2.9456728e+05
   9.8500000e+01   2.4685975e+05   2.5379581e+05
   9.8600000e+01   2.4053550e+05   2.2340992e+05
   9.8700000e+01   2.4388869e+05   2.0241050e+05
   9.8800000e+01   2.5935216e+05   1.8293172e+05
   9.8900000e+01   2.7442691e+05   1.5779658e+05
   9.9000000e+01   2.7591638e+05   1.2647345e+05
   9.9100000e+01   2.6209317e+05   9.4137922e+04
   9.9200000e+01   2.4028161e+05   6.5460566e+04
   9.9300000e+01   2.1453902e+05   3.9364988e+04
   9.9400000e+01   1.8020320e+05   1.0479970e+04
   9.9500000e+01   1.3372694e+05  -2.2903842e+04
   9.9600000e+01   8.4994742e+04  -5.2837152e+04
   9.9700000e+01   5.2252297e+04  -6.7411844e+04
   9.9800000e+01   4.1789613e+04  -6.4752262e+04
   9.9900000e+01   4.0832855e+04  -5.6362934e+04
   1.0000000e+02   3.7448512e+04  -5.1564035e+04
