   1.1851270e+02   3.6301420e+01   1.8450000e+02
   1.1921308e+02   3.6851583e+01   1.2200000e+01
   0.0000000e+00  -9.8928125e+02  -9.8928125e+02
   1.0000000e-01   2.7065365e+04  -5.2332477e+04
   2.0000000e-01   3.5922887e+04  -1.1200559e+05
   3.0000000e-01   3.9077086e+04  -1.5513953e+05
   4.0000000e-01   4.5279188e+04  -1.6828719e+05
   5.0000000e-01   5.5355953e+04  -1.6075055e+05
   6.0000000e-01   6.8778281e+04  -1.5374119e+05
   7.0000000e-01   8.7564516e+04  -1.5967950e+05
   8.0000000e-01   1.1202658e+05  -1.7374573e+05
   9.0000000e-01   1.3567936e+05  -1.8420092e+05
   1.0000000e+00   1.4772778e+05  -1.8682658e+05
   1.1000000e+00   1.4119631e+05  -1.8678288e+05
   1.2000000e+00   1.1774968e+05  -1.8829381e+05
   1.3000000e+00   8.4776031e+04  -1.8668884e+05
   1.4000000e+00   4.9101867e+04  -1.7241653e+05
   1.5000000e+00   1.3922816e+04  -1.4082864e+05
   1.6000000e+00  -1.9714365e+04  -9.4958242e+04
   1.7000000e+00  -5.0553227e+04  -3.8398824e+04
   1.8000000e+00  -7.6994156e+04   3.1515006e+04
   1.9000000e+00  -9.8459016e+04   1.2018726e+05
   2.0000000e+00  -1.1568688e+05   2.2493645e+05
   2.1000000e+00  -1.2911455e+05   3.2976409e+05
   2.2000000e+00  -1.3697948e+05   4.1321156e+05
   2.3000000e+00  -1.3516316e+05   4.6242628e+05
   2.4000000e+00  -1.1929686e+05   4.7975328e+05
   2.5000000e+00  -8.8238547e+04   4.7614184e+05
   2.6000000e+00  -4.7333270e+04   4.5892512e+05
   2.7000000e+00  -9.1319873e+03   4.2602922e+05
   2.8000000e+00   1.0853081e+04   3.7105625e+05
   2.9000000e+00   2.9601074e+03   2.9289281e+05
   3.0000000e+00  -2.8786547e+04   1.9987997e+05
   3.1000000e+00  -6.7227914e+04   1.0460352e+05
   3.2000000e+00  -9.2509734e+04   1.4864320e+04
   3.3000000e+00  -9.4575141e+04  -6.9593289e+04
   3.4000000e+00  -7.7293461e+04  -1.5091123e+05
   3.5000000e+00  -5.1615305e+04  -2.2449367e+05
   3.6000000e+00  -2.5068840e+04  -2.7883306e+05
   3.7000000e+00   3.3080271e+03  -3.0583881e+05
   3.8000000e+00   4.0048070e+04  -3.1071506e+05
   3.9000000e+00   9.0373305e+04  -3.0902544e+05
   4.0000000e+00   1.5258339e+05  -3.1240847e+05
   4.1000000e+00   2.1677744e+05  -3.1807769e+05
   4.2000000e+00   2.6866059e+05  -3.1373712e+05
   4.3000000e+00   2.9663659e+05  -2.9216450e+05
   4.4000000e+00   2.9763691e+05  -2.5909994e+05
   4.5000000e+00   2.7730969e+05  -2.2676517e+05
   4.6000000e+00   2.4484019e+05  -2.0202356e+05
   4.7000000e+00   2.0735119e+05  -1.8260800e+05
   4.8000000e+00   1.6809298e+05  -1.6330697e+05
   4.9000000e+00   1.2781754e+05  -1.4248086e+05
   5.0000000e+00   8.6218383e+04  -1.2151607e+05
   5.1000000e+00   4.2362770e+04  -1.0049402e+05
   5.2000000e+00  -4.6199512e+03  -7.7465781e+04
   5.3000000e+00  -5.4134605e+04  -5.2076219e+04
   5.4000000e+00  -1.0315955e+05  -2.7478359e+04
   5.5000000e+00  -1.4624348e+05  -7.0722324e+03
   5.6000000e+00  -1.7583333e+05   9.6763691e+03
   5.7000000e+00  -1.8361239e+05   2.6460400e+04
   5.8000000e+00  -1.6492305e+05   4.5400875e+04
   5.9000000e+00  -1.2519123e+05   6.5176539e+04
   6.0000000e+00  -8.1825086e+04   8.5251680e+04
   6.1000000e+00  -5.5968734e+04   1.1075680e+05
   6.2000000e+00  -5.8297820e+04   1.5029614e+05
   6.3000000e+00  -8.1481531e+04   2.0685258e+05
   6.4000000e+00  -1.0741766e+05   2.7102491e+05
   6.5000000e+00  -1.2295477e+05   3.2509050e+05
   6.6000000e+00  -1.2929629e+05   3.5587578e+05
   6.7000000e+00  -1.3719631e+05   3.6496900e+05
   6.8000000e+00  -1.5427659e+05   3.6624381e+05
   6.9000000e+00  -1.7705108e+05   3.7203975e+05
   7.0000000e+00  -1.9386788e+05   3.8034381e+05
   7.1000000e+00  -1.9472295e+05   3.7550269e+05
   7.2000000e+00  -1.7946745e+05   3.4297562e+05
   7.3000000e+00  -1.5858838e+05   2.8454425e+05
   7.4000000e+00  -1.4620853e+05   2.1842602e+05
   7.5000000e+00  -1.4988238e+05   1.6296353e+05
   7.6000000e+00  -1.6433286e+05   1.1986398e+05
   7.7000000e+00  -1.7432119e+05   7.4355508e+04
   7.8000000e+00  -1.6514173e+05   1.1990706e+04
   7.9000000e+00  -1.3256439e+05  -6.5971664e+04
   8.0000000e+00  -8.3986898e+04  -1.4432520e+05
   8.1000000e+00  -3.0066064e+04  -2.0887197e+05
   8.2000000e+00   2.5475984e+04  -2.5685884e+05
   8.3000000e+00   8.8559773e+04  -2.9274072e+05
   8.4000000e+00   1.6725466e+05  -3.1736141e+05
   8.5000000e+00   2.6039438e+05  -3.2514647e+05
   8.6000000e+00   3.5254706e+05  -3.1227366e+05
   8.7000000e+00   4.2100306e+05  -2.8481006e+05
   8.8000000e+00   4.5049738e+05  -2.5624875e+05
   8.9000000e+00   4.4396631e+05  -2.3664975e+05
   9.0000000e+00   4.1972738e+05  -2.2478014e+05
   9.1000000e+00   3.9667112e+05  -2.1079092e+05
   9.2000000e+00   3.8004966e+05  -1.8619100e+05
   9.3000000e+00   3.6039969e+05  -1.5191330e+05
   9.4000000e+00   3.2580528e+05  -1.1817645e+05
   9.5000000e+00   2.7474119e+05  -9.6916031e+04
   9.6000000e+00   2.1675777e+05  -9.2888969e+04
   9.7000000e+00   1.6169938e+05  -1.0035087e+05
   9.8000000e+00   1.1032360e+05  -1.0806648e+05
   9.9000000e+00   5.6447816e+04  -1.0850660e+05
   1.0000000e+01  -3.2725278e+03  -1.0302473e+05
   1.0100000e+01  -6.4174691e+04  -9.8471391e+04
   1.0200000e+01  -1.1846184e+05  -9.9297297e+04
   1.0300000e+01  -1.6316672e+05  -1.0342842e+05
   1.0400000e+01  -2.0188639e+05  -1.0522236e+05
   1.0500000e+01  -2.3992728e+05  -1.0089400e+05
   1.0600000e+01  -2.7966531e+05  -9.0328812e+04
   1.0700000e+01  -3.1991244e+05  -7.4702625e+04
   1.0800000e+01  -3.5676275e+05  -5.3924836e+04
   1.0900000e+01  -3.8365241e+05  -2.6692932e+04
   1.1000000e+01  -3.9293244e+05   7.7912939e+03
   1.1100000e+01  -3.8073353e+05   4.8650004e+04
   1.1200000e+01  -3.5098900e+05   9.3664023e+04
   1.1300000e+01  -3.1293722e+05   1.4085334e+05
   1.1400000e+01  -2.7340300e+05   1.9019352e+05
   1.1500000e+01  -2.3172744e+05   2.4338683e+05
   1.1600000e+01  -1.8233330e+05   3.0027025e+05
   1.1700000e+01  -1.2153852e+05   3.5410288e+05
   1.1800000e+01  -5.1964949e+04   3.9115344e+05
   1.1900000e+01   1.8096262e+04   3.9745338e+05
   1.2000000e+01   7.8737703e+04   3.6827322e+05
   1.2100000e+01   1.2369138e+05   3.1180794e+05
   1.2200000e+01   1.5430902e+05   2.4326805e+05
   1.2300000e+01   1.7840153e+05   1.7466291e+05
   1.2400000e+01   2.0236892e+05   1.0935874e+05
   1.2500000e+01   2.2253722e+05   4.5204258e+04
   1.2600000e+01   2.2566008e+05  -1.8233131e+04
   1.2700000e+01   2.0089200e+05  -7.5544562e+04
   1.2800000e+01   1.5249486e+05  -1.1746217e+05
   1.2900000e+01   9.9760906e+04  -1.3640461e+05
   1.3000000e+01   6.3014750e+04  -1.3138006e+05
   1.3100000e+01   4.8729172e+04  -1.0959395e+05
   1.3200000e+01   4.7213227e+04  -8.3647203e+04
   1.3300000e+01   4.3607336e+04  -6.4601605e+04
   1.3400000e+01   3.1254166e+04  -5.4325875e+04
   1.3500000e+01   1.6303461e+04  -4.3536258e+04
   1.3600000e+01   1.1061215e+04  -1.9410613e+04
   1.3700000e+01   2.2299582e+04   2.1938021e+04
   1.3800000e+01   4.3957566e+04   6.9134680e+04
   1.3900000e+01   6.0481016e+04   1.0207897e+05
   1.4000000e+01   5.9010867e+04   1.0632917e+05
   1.4100000e+01   4.0502117e+04   8.3217609e+04
   1.4200000e+01   1.9161871e+04   4.8001195e+04
   1.4300000e+01   9.4437285e+03   1.8778395e+04
   1.4400000e+01   1.2262846e+04   5.3049487e+03
   1.4500000e+01   1.3840980e+04   5.3019229e+03
   1.4600000e+01  -1.7083340e+03   9.4611650e+03
   1.4700000e+01  -3.8782527e+04   1.0009342e+04
   1.4800000e+01  -8.8637383e+04   5.4939961e+03
   1.4900000e+01  -1.3925809e+05  -1.4530400e+03
   1.5000000e+01  -1.8471738e+05  -9.3178809e+03
   1.5100000e+01  -2.2467622e+05  -1.9195248e+04
   1.5200000e+01  -2.5708766e+05  -3.1655779e+04
   1.5300000e+01  -2.7419553e+05  -4.4857371e+04
   1.5400000e+01  -2.6651297e+05  -5.7633160e+04
   1.5500000e+01  -2.2974981e+05  -7.2683984e+04
   1.5600000e+01  -1.6739598e+05  -9.3092625e+04
   1.5700000e+01  -8.7878656e+04  -1.1486094e+05
   1.5800000e+01  -8.2401025e+02  -1.2615423e+05
   1.5900000e+01   8.4359688e+04  -1.1721828e+05
   1.6000000e+01   1.5900669e+05  -9.0564797e+04
   1.6100000e+01   2.1718897e+05  -5.8772457e+04
   1.6200000e+01   2.5817505e+05  -3.1966330e+04
   1.6300000e+01   2.8617009e+05  -1.0043393e+04
   1.6400000e+01   3.0644297e+05   1.1537883e+04
   1.6500000e+01   3.2071609e+05   3.1151543e+04
   1.6600000e+01   3.2555381e+05   4.0040660e+04
   1.6700000e+01   3.1503881e+05   3.2205379e+04
   1.6800000e+01   2.8591447e+05   1.2213035e+04
   1.6900000e+01   2.4148934e+05  -8.8022949e+03
   1.7000000e+01   1.9087558e+05  -2.3685303e+04
   1.7100000e+01   1.4343373e+05  -3.4259305e+04
   1.7200000e+01   1.0313210e+05  -4.7059656e+04
   1.7300000e+01   6.8576328e+04  -6.6596719e+04
   1.7400000e+01   3.8574355e+04  -9.2754664e+04
   1.7500000e+01   1.6128240e+04  -1.2183748e+05
   1.7600000e+01   5.2947539e+03  -1.4805241e+05
   1.7700000e+01   4.9611309e+03  -1.6523997e+05
   1.7800000e+01   8.6256973e+03  -1.6982559e+05
   1.7900000e+01   1.1590485e+04  -1.6314884e+05
   1.8000000e+01   1.6022272e+04  -1.5066470e+05
   1.8100000e+01   2.5727895e+04  -1.3930212e+05
   1.8200000e+01   3.5810199e+04  -1.3601684e+05
   1.8300000e+01   3.0292352e+04  -1.4659205e+05
   1.8400000e+01  -7.6365352e+03  -1.7114244e+05
   1.8500000e+01  -8.2436258e+04  -1.9840898e+05
   1.8600000e+01  -1.8248567e+05  -2.0774072e+05
   1.8700000e+01  -2.8758438e+05  -1.8278389e+05
   1.8800000e+01  -3.7947181e+05  -1.2642812e+05
   1.8900000e+01  -4.4766100e+05  -6.0831879e+04
   1.9000000e+01  -4.8942388e+05  -9.9194883e+03
   1.9100000e+01  -5.0666116e+05   1.9355887e+04
   1.9200000e+01  -5.0225806e+05   3.9064316e+04
   1.9300000e+01  -4.7777859e+05   6.5774750e+04
   1.9400000e+01  -4.3371281e+05   1.0607090e+05
   1.9500000e+01  -3.7163625e+05   1.5548516e+05
   1.9600000e+01  -2.9596388e+05   2.0748978e+05
   1.9700000e+01  -2.1388170e+05   2.5973041e+05
   1.9800000e+01  -1.3417470e+05   3.1165703e+05
   1.9900000e+01  -6.5699742e+04   3.5967359e+05
   2.0000000e+01  -1.4824854e+04   3.9763325e+05
   2.0100000e+01   1.7919820e+04   4.2168075e+05
   2.0200000e+01   3.8738203e+04   4.3199828e+05
   2.0300000e+01   5.6133887e+04   4.2843500e+05
   2.0400000e+01   7.3929766e+04   4.0604000e+05
   2.0500000e+01   8.8910000e+04   3.5791991e+05
   2.0600000e+01   9.6381852e+04   2.8404750e+05
   2.0700000e+01   9.8114586e+04   1.9616919e+05
   2.0800000e+01   1.0395919e+05   1.1172800e+05
   2.0900000e+01   1.2524834e+05   4.1565977e+04
   2.1000000e+01   1.6679403e+05  -1.6171760e+04
   2.1100000e+01   2.2479098e+05  -6.9317047e+04
   2.1200000e+01   2.9061231e+05  -1.1914255e+05
   2.1300000e+01   3.5495306e+05  -1.5566730e+05
   2.1400000e+01   4.0906069e+05  -1.6649017e+05
   2.1500000e+01   4.4528047e+05  -1.5025881e+05
   2.1600000e+01   4.5974922e+05  -1.2025799e+05
   2.1700000e+01   4.5523947e+05  -9.3575758e+04
   2.1800000e+01   4.3931912e+05  -7.6820555e+04
   2.1900000e+01   4.1733316e+05  -6.3419133e+04
   2.2000000e+01   3.8675834e+05  -4.4701137e+04
   2.2100000e+01   3.4007228e+05  -2.1184627e+04
   2.2200000e+01   2.7491956e+05  -6.0070898e+02
   2.2300000e+01   2.0139988e+05   1.3836548e+04
   2.2400000e+01   1.3736044e+05   2.8264301e+04
   2.2500000e+01   9.4195109e+04   4.7947910e+04
   2.2600000e+01   6.6295031e+04   6.4539320e+04
   2.2700000e+01   3.5092258e+04   5.9138789e+04
   2.2800000e+01  -1.5192691e+04   2.0781287e+04
   2.2900000e+01  -8.4459820e+04  -4.0351953e+04
   2.3000000e+01  -1.5778481e+05  -1.0091595e+05
   2.3100000e+01  -2.1805725e+05  -1.4481123e+05
   2.3200000e+01  -2.5725659e+05  -1.7365639e+05
   2.3300000e+01  -2.7697953e+05  -1.9850570e+05
   2.3400000e+01  -2.8128200e+05  -2.2571980e+05
   2.3500000e+01  -2.7218000e+05  -2.5279788e+05
   2.3600000e+01  -2.5279792e+05  -2.7418847e+05
   2.3700000e+01  -2.3216859e+05  -2.8586825e+05
   2.3800000e+01  -2.2241291e+05  -2.8359794e+05
   2.3900000e+01  -2.2807728e+05  -2.6097091e+05
   2.4000000e+01  -2.3863895e+05  -2.1322462e+05
   2.4100000e+01  -2.3450211e+05  -1.4344309e+05
   2.4200000e+01  -2.0312809e+05  -6.3669914e+04
   2.4300000e+01  -1.5015428e+05   1.0486770e+04
   2.4400000e+01  -9.4660422e+04   6.6476328e+04
   2.4500000e+01  -5.3871457e+04   9.8428438e+04
   2.4600000e+01  -3.2270066e+04   1.0837933e+05
   2.4700000e+01  -2.3286180e+04   1.0615156e+05
   2.4800000e+01  -1.8233885e+04   1.0565945e+05
   2.4900000e+01  -1.2696024e+04   1.1624147e+05
   2.5000000e+01  -7.0335762e+03   1.3439820e+05
   2.5100000e+01  -4.1244697e+03   1.4502480e+05
   2.5200000e+01  -7.0769688e+03   1.3385883e+05
   2.5300000e+01  -1.7218328e+04   1.0047882e+05
   2.5400000e+01  -3.3296477e+04   5.8817199e+04
   2.5500000e+01  -5.3460289e+04   2.4619553e+04
   2.5600000e+01  -7.8201891e+04   2.9867803e+03
   2.5700000e+01  -1.0952720e+05  -1.2142777e+04
   2.5800000e+01  -1.4568934e+05  -2.8981719e+04
   2.5900000e+01  -1.7796058e+05  -5.1061289e+04
   2.6000000e+01  -1.9524605e+05  -7.8168594e+04
   2.6100000e+01  -1.9268802e+05  -1.0938771e+05
   2.6200000e+01  -1.7438448e+05  -1.4185983e+05
   2.6300000e+01  -1.4707256e+05  -1.6790508e+05
   2.6400000e+01  -1.1268725e+05  -1.7724725e+05
   2.6500000e+01  -6.8246438e+04  -1.6392781e+05
   2.6600000e+01  -1.1349547e+04  -1.3004603e+05
   2.6700000e+01   5.6708406e+04  -8.2146266e+04
   2.6800000e+01   1.3259792e+05  -2.5807064e+04
   2.6900000e+01   2.1205830e+05   3.4214051e+04
   2.7000000e+01   2.8743850e+05   8.9613836e+04
   2.7100000e+01   3.4686509e+05   1.2816933e+05
   2.7200000e+01   3.8026112e+05   1.4086050e+05
   2.7300000e+01   3.8750875e+05   1.2969648e+05
   2.7400000e+01   3.7852272e+05   1.0702036e+05
   2.7500000e+01   3.6345106e+05   8.5914500e+04
   2.7600000e+01   3.4339275e+05   7.0959578e+04
   2.7700000e+01   3.1162134e+05   5.7916648e+04
   2.7800000e+01   2.6284103e+05   4.1210781e+04
   2.7900000e+01   1.9973122e+05   2.0633803e+04
   2.8000000e+01   1.3127906e+05   1.0416172e+03
   2.8100000e+01   6.7196031e+04  -1.3027454e+04
   2.8200000e+01   1.4415438e+04  -2.1453725e+04
   2.8300000e+01  -2.3879986e+04  -2.7840328e+04
   2.8400000e+01  -4.9083547e+04  -3.5722906e+04
   2.8500000e+01  -6.7397750e+04  -4.5335203e+04
   2.8600000e+01  -8.7228086e+04  -5.3121152e+04
   2.8700000e+01  -1.1457985e+05  -5.4136379e+04
   2.8800000e+01  -1.5023031e+05  -4.5664188e+04
   2.8900000e+01  -1.9034253e+05  -2.8683236e+04
   2.9000000e+01  -2.2847644e+05  -4.5997207e+03
   2.9100000e+01  -2.5727550e+05   3.0347885e+04
   2.9200000e+01  -2.7078900e+05   8.5891477e+04
   2.9300000e+01  -2.6768244e+05   1.6973106e+05
   2.9400000e+01  -2.5215389e+05   2.7688050e+05
   2.9500000e+01  -2.3003709e+05   3.8798884e+05
   2.9600000e+01  -2.0360664e+05   4.8021072e+05
   2.9700000e+01  -1.7162383e+05   5.4029156e+05
   2.9800000e+01  -1.3503038e+05   5.6672975e+05
   2.9900000e+01  -1.0040172e+05   5.6082925e+05
   3.0000000e+01  -7.4863547e+04   5.1977512e+05
   3.0100000e+01  -5.7307930e+04   4.4150025e+05
   3.0200000e+01  -3.7105051e+04   3.3474034e+05
   3.0300000e+01  -3.5520869e+03   2.1920747e+05
   3.0400000e+01   4.3819594e+04   1.1211091e+05
   3.0500000e+01   9.5495758e+04   1.4916028e+04
   3.0600000e+01   1.4197822e+05  -8.4164680e+04
   3.0700000e+01   1.8208102e+05  -1.9385552e+05
   3.0800000e+01   2.2152250e+05  -3.0706609e+05
   3.0900000e+01   2.6535359e+05  -4.0425491e+05
   3.1000000e+01   3.1265041e+05  -4.6733166e+05
   3.1100000e+01   3.5654675e+05  -4.8944731e+05
   3.1200000e+01   3.8680466e+05  -4.7466575e+05
   3.1300000e+01   3.9284128e+05  -4.3370475e+05
   3.1400000e+01   3.6795500e+05  -3.8184088e+05
   3.1500000e+01   3.1383256e+05  -3.3617681e+05
   3.1600000e+01   2.4093494e+05  -3.0753919e+05
   3.1700000e+01   1.6227966e+05  -2.9162772e+05
   3.1800000e+01   8.5041680e+04  -2.7099566e+05
   3.1900000e+01   7.6682207e+03  -2.3125822e+05
   3.2000000e+01  -7.4965219e+04  -1.7836961e+05
   3.2100000e+01  -1.6373661e+05  -1.3871112e+05
   3.2200000e+01  -2.5211333e+05  -1.3885272e+05
   3.2300000e+01  -3.2969259e+05  -1.8276784e+05
   3.2400000e+01  -3.8834366e+05  -2.4822658e+05
   3.2500000e+01  -4.2556294e+05  -3.0550853e+05
   3.2600000e+01  -4.4315191e+05  -3.3953219e+05
   3.2700000e+01  -4.4364497e+05  -3.5443431e+05
   3.2800000e+01  -4.2841453e+05  -3.5935744e+05
   3.2900000e+01  -3.9911288e+05  -3.5361600e+05
   3.3000000e+01  -3.6011369e+05  -3.2750244e+05
   3.3100000e+01  -3.1778238e+05  -2.7548534e+05
   3.3200000e+01  -2.7539347e+05  -2.0470066e+05
   3.3300000e+01  -2.2826072e+05  -1.2852564e+05
   3.3400000e+01  -1.6586359e+05  -5.3010500e+04
   3.3500000e+01  -8.2045227e+04   2.8244512e+04
   3.3600000e+01   1.5183705e+04   1.2525877e+05
   3.3700000e+01   1.0543771e+05   2.3859869e+05
   3.3800000e+01   1.7066892e+05   3.5548475e+05
   3.3900000e+01   2.0994214e+05   4.5834241e+05
   3.4000000e+01   2.3889223e+05   5.3696175e+05
   3.4100000e+01   2.7293147e+05   5.9316075e+05
   3.4200000e+01   3.1052706e+05   6.3491081e+05
   3.4300000e+01   3.3366250e+05   6.6643756e+05
   3.4400000e+01   3.2513762e+05   6.8334588e+05
   3.4500000e+01   2.8526697e+05   6.7628575e+05
   3.4600000e+01   2.3180353e+05   6.3897862e+05
   3.4700000e+01   1.8412816e+05   5.7344762e+05
   3.4800000e+01   1.4754148e+05   4.8890444e+05
   3.4900000e+01   1.1209770e+05   3.9656425e+05
   3.5000000e+01   6.5997781e+04   3.0496716e+05
   3.5100000e+01   1.0215818e+04   2.1804006e+05
   3.5200000e+01  -3.9700969e+04   1.3519469e+05
   3.5300000e+01  -6.6496938e+04   5.2738977e+04
   3.5400000e+01  -6.6261227e+04  -3.2785852e+04
   3.5500000e+01  -5.0665934e+04  -1.1994858e+05
   3.5600000e+01  -3.4366344e+04  -2.0044009e+05
   3.5700000e+01  -2.1298225e+04  -2.6378762e+05
   3.5800000e+01  -4.5783584e+03  -3.0649128e+05
   3.5900000e+01   2.1026721e+04  -3.3648847e+05
   3.6000000e+01   4.9562484e+04  -3.6609478e+05
   3.6100000e+01   6.8777797e+04  -3.9836897e+05
   3.6200000e+01   7.3435328e+04  -4.2095806e+05
   3.6300000e+01   7.1182820e+04  -4.1578528e+05
   3.6400000e+01   7.4183266e+04  -3.7647322e+05
   3.6500000e+01   8.6026250e+04  -3.1603906e+05
   3.6600000e+01   9.8000891e+04  -2.5664148e+05
   3.6700000e+01   9.7772234e+04  -2.1164239e+05
   3.6800000e+01   8.0534148e+04  -1.7762761e+05
   3.6900000e+01   5.1612422e+04  -1.4267156e+05
   3.7000000e+01   1.9695355e+04  -1.0046259e+05
   3.7100000e+01  -1.0651736e+04  -5.5990633e+04
   3.7200000e+01  -3.9430727e+04  -1.9420094e+04
   3.7300000e+01  -6.5995086e+04   3.3492910e+03
   3.7400000e+01  -8.6151062e+04   1.4106754e+04
   3.7500000e+01  -9.6045375e+04   1.8519873e+04
   3.7600000e+01  -9.7964836e+04   2.0617336e+04
   3.7700000e+01  -9.9698586e+04   2.0795488e+04
   3.7800000e+01  -1.0663607e+05   1.7888494e+04
   3.7900000e+01  -1.1550538e+05   1.2118213e+04
   3.8000000e+01  -1.1785666e+05   5.7825977e+03
   3.8100000e+01  -1.0991227e+05   1.6613613e+03
   3.8200000e+01  -9.7179664e+04   1.9918105e+03
   3.8300000e+01  -8.8108867e+04   9.8090625e+03
   3.8400000e+01  -8.4360430e+04   2.9974305e+04
   3.8500000e+01  -7.9415945e+04   6.5548766e+04
   3.8600000e+01  -6.6980836e+04   1.1089509e+05
   3.8700000e+01  -4.8835328e+04   1.5022319e+05
   3.8800000e+01  -3.3151211e+04   1.6768988e+05
   3.8900000e+01  -2.6422197e+04   1.6170247e+05
   3.9000000e+01  -2.9177207e+04   1.4730994e+05
   3.9100000e+01  -3.9189328e+04   1.4069967e+05
   3.9200000e+01  -5.5600000e+04   1.4056669e+05
   3.9300000e+01  -7.7299812e+04   1.2768684e+05
   3.9400000e+01  -9.8520055e+04   8.5417594e+04
   3.9500000e+01  -1.0997248e+05   1.9655078e+04
   3.9600000e+01  -1.0695033e+05  -4.4188453e+04
   3.9700000e+01  -9.5466352e+04  -8.4619594e+04
   3.9800000e+01  -8.7853344e+04  -1.0263249e+05
   3.9900000e+01  -9.0927211e+04  -1.1599343e+05
   4.0000000e+01  -9.8965102e+04  -1.3730838e+05
   4.0100000e+01  -9.9230469e+04  -1.6114781e+05
   4.0200000e+01  -8.4346289e+04  -1.7323953e+05
   4.0300000e+01  -5.8297949e+04  -1.6853184e+05
   4.0400000e+01  -2.9576131e+04  -1.5577328e+05
   4.0500000e+01   9.1081348e+02  -1.4392325e+05
   4.0600000e+01   4.2925012e+04  -1.2812308e+05
   4.0700000e+01   1.0556937e+05  -9.3317711e+04
   4.0800000e+01   1.8228184e+05  -3.2183754e+04
   4.0900000e+01   2.4910930e+05   4.3211168e+04
   4.1000000e+01   2.8100425e+05   1.0964454e+05
   4.1100000e+01   2.7180175e+05   1.5243280e+05
   4.1200000e+01   2.3845406e+05   1.7660784e+05
   4.1300000e+01   2.0563153e+05   1.9993014e+05
   4.1400000e+01   1.8639195e+05   2.3640127e+05
   4.1500000e+01   1.7701992e+05   2.8540919e+05
   4.1600000e+01   1.6785767e+05   3.3306766e+05
   4.1700000e+01   1.5603770e+05   3.6121369e+05
   4.1800000e+01   1.4702828e+05   3.5635706e+05
   4.1900000e+01   1.4599720e+05   3.1442338e+05
   4.2000000e+01   1.5020900e+05   2.4107809e+05
   4.2100000e+01   1.5032141e+05   1.4904725e+05
   4.2200000e+01   1.3785081e+05   5.3981125e+04
   4.2300000e+01   1.1061967e+05  -3.0133418e+04
   4.2400000e+01   7.2108227e+04  -9.5444578e+04
   4.2500000e+01   2.7850801e+04  -1.4306459e+05
   4.2600000e+01  -1.6180929e+04  -1.8130959e+05
   4.2700000e+01  -5.3022984e+04  -2.1831670e+05
   4.2800000e+01  -7.6208516e+04  -2.5397995e+05
   4.2900000e+01  -8.5171672e+04  -2.7951759e+05
   4.3000000e+01  -8.9609375e+04  -2.8691141e+05
   4.3100000e+01  -1.0560872e+05  -2.7924291e+05
   4.3200000e+01  -1.4355161e+05  -2.6997078e+05
   4.3300000e+01  -1.9775461e+05  -2.7031284e+05
   4.3400000e+01  -2.4862066e+05  -2.7762103e+05
   4.3500000e+01  -2.7687125e+05  -2.7745703e+05
   4.3600000e+01  -2.7723103e+05  -2.5719497e+05
   4.3700000e+01  -2.5920109e+05  -2.1654664e+05
   4.3800000e+01  -2.3563659e+05  -1.6486941e+05
   4.3900000e+01  -2.1176217e+05  -1.1053123e+05
   4.4000000e+01  -1.8515122e+05  -5.5279426e+04
   4.4100000e+01  -1.5396880e+05   1.5653281e+03
   4.4200000e+01  -1.2188548e+05   5.6680949e+04
   4.4300000e+01  -9.3575875e+04   1.0304759e+05
   4.4400000e+01  -6.7485875e+04   1.3617097e+05
   4.4500000e+01  -3.6753148e+04   1.5786814e+05
   4.4600000e+01   7.7450684e+02   1.7280323e+05
   4.4700000e+01   3.4932797e+04   1.8197083e+05
   4.4800000e+01   4.9141258e+04   1.8071188e+05
   4.4900000e+01   3.6630879e+04   1.6367162e+05
   4.5000000e+01   1.0928727e+04   1.3186575e+05
   4.5100000e+01  -2.0419912e+03   9.4814805e+04
   4.5200000e+01   1.4837394e+04   6.4923918e+04
   4.5300000e+01   5.4772816e+04   4.8261719e+04
   4.5400000e+01   9.3010062e+04   4.0020258e+04
   4.5500000e+01   1.0905714e+05   2.9916842e+04
   4.5600000e+01   1.0472573e+05   1.3777512e+04
   4.5700000e+01   1.0166320e+05   4.1723682e+02
   4.5800000e+01   1.2166299e+05   5.8522402e+03
   4.5900000e+01   1.6846867e+05   3.8674949e+04
   4.6000000e+01   2.2652227e+05   8.9860414e+04
   4.6100000e+01   2.7510262e+05   1.3722309e+05
   4.6200000e+01   3.0322206e+05   1.6134792e+05
   4.6300000e+01   3.1296966e+05   1.5891080e+05
   4.6400000e+01   3.1177519e+05   1.4167017e+05
   4.6500000e+01   3.0354878e+05   1.2305091e+05
   4.6600000e+01   2.8687338e+05   1.0592817e+05
   4.6700000e+01   2.5949525e+05   8.3221258e+04
   4.6800000e+01   2.2226673e+05   4.9168902e+04
   4.6900000e+01   1.7791495e+05   8.1667246e+03
   4.7000000e+01   1.2691657e+05  -2.8360668e+04
   4.7100000e+01   6.6336828e+04  -5.2794879e+04
   4.7200000e+01  -6.0795957e+03  -6.7507023e+04
   4.7300000e+01  -8.6712023e+04  -8.0282664e+04
   4.7400000e+01  -1.6579088e+05  -9.5066180e+04
   4.7500000e+01  -2.3316214e+05  -1.0799481e+05
   4.7600000e+01  -2.8478988e+05  -1.1156868e+05
   4.7700000e+01  -3.2369700e+05  -1.0156794e+05
   4.7800000e+01  -3.5461481e+05  -8.0481188e+04
   4.7900000e+01  -3.7806625e+05  -5.5894875e+04
   4.8000000e+01  -3.9026750e+05  -3.6088512e+04
   4.8100000e+01  -3.8904778e+05  -2.5778359e+04
   4.8200000e+01  -3.7903416e+05  -2.4365648e+04
   4.8300000e+01  -3.6926691e+05  -2.7847363e+04
   4.8400000e+01  -3.6435428e+05  -3.2948684e+04
   4.8500000e+01  -3.5821234e+05  -3.9554945e+04
   4.8600000e+01  -3.3801016e+05  -4.8657414e+04
   4.8700000e+01  -2.9551334e+05  -5.7976930e+04
   4.8800000e+01  -2.3481055e+05  -6.0984586e+04
   4.8900000e+01  -1.6894927e+05  -5.2143191e+04
   4.9000000e+01  -1.0949927e+05  -3.3819105e+04
   4.9100000e+01  -5.9527004e+04  -1.6671090e+04
   4.9200000e+01  -1.5238080e+04  -1.0946355e+04
   4.9300000e+01   2.8146373e+04  -1.6295260e+04
   4.9400000e+01   7.3302695e+04  -2.1099801e+04
   4.9500000e+01   1.2135139e+05  -1.3582660e+04
   4.9600000e+01   1.7151450e+05   5.5738652e+03
   4.9700000e+01   2.1846067e+05   2.1947320e+04
   4.9800000e+01   2.5260025e+05   1.9480939e+04
   4.9900000e+01   2.6754834e+05  -4.9183164e+03
   5.0000000e+01   2.6888291e+05  -3.7227875e+04
   5.0100000e+01   2.7237881e+05  -5.5874906e+04
   5.0200000e+01   2.8943153e+05  -4.7196562e+04
   5.0300000e+01   3.1381341e+05  -1.5436695e+04
   5.0400000e+01   3.2597381e+05   1.9536547e+04
   5.0500000e+01   3.1248778e+05   3.5399012e+04
   5.0600000e+01   2.7975762e+05   2.2641828e+04
   5.0700000e+01   2.4646784e+05  -9.1251826e+03
   5.0800000e+01   2.2366153e+05  -3.8976480e+04
   5.0900000e+01   2.0513392e+05  -5.0419188e+04
   5.1000000e+01   1.7751848e+05  -4.1996117e+04
   5.1100000e+01   1.3656962e+05  -2.4678924e+04
   5.1200000e+01   9.1702398e+04  -1.0545082e+04
   5.1300000e+01   5.7075570e+04  -4.3013940e+03
   5.1400000e+01   4.1296770e+04  -3.9037207e+03
   5.1500000e+01   4.4011590e+04  -6.0560762e+03
   5.1600000e+01   5.6891637e+04  -9.0029805e+03
   5.1700000e+01   6.5465203e+04  -1.1144840e+04
   5.1800000e+01   5.4462594e+04  -1.0113889e+04
   5.1900000e+01   1.8267846e+04  -4.7797910e+03
   5.2000000e+01  -3.1707975e+04   3.7280781e+03
   5.2100000e+01  -7.3602195e+04   1.5877959e+04
   5.2200000e+01  -9.3277352e+04   3.8326664e+04
   5.2300000e+01  -9.6857414e+04   8.0430078e+04
   5.2400000e+01  -1.0389846e+05   1.4200719e+05
   5.2500000e+01  -1.2765948e+05   2.0494241e+05
   5.2600000e+01  -1.6264225e+05   2.4168567e+05
   5.2700000e+01  -1.9098766e+05   2.3676323e+05
   5.2800000e+01  -1.9922217e+05   2.0089609e+05
   5.2900000e+01  -1.8816242e+05   1.6182866e+05
   5.3000000e+01  -1.6880353e+05   1.3901075e+05
   5.3100000e+01  -1.5157453e+05   1.2641405e+05
   5.3200000e+01  -1.3973975e+05   1.0017554e+05
   5.3300000e+01  -1.3020325e+05   4.3257012e+04
   5.3400000e+01  -1.1785541e+05  -3.6897457e+04
   5.3500000e+01  -9.9285023e+04  -1.1397539e+05
   5.3600000e+01  -7.4666234e+04  -1.6499808e+05
   5.3700000e+01  -4.7922406e+04  -1.8718230e+05
   5.3800000e+01  -2.5065600e+04  -1.9433027e+05
   5.3900000e+01  -1.1304129e+04  -1.9882808e+05
   5.4000000e+01  -8.7379502e+03  -1.9911644e+05
   5.4100000e+01  -1.6135365e+04  -1.8482327e+05
   5.4200000e+01  -3.0398236e+04  -1.5152891e+05
   5.4300000e+01  -4.8021750e+04  -1.0717652e+05
   5.4400000e+01  -6.5437688e+04  -6.3413355e+04
   5.4500000e+01  -7.8741414e+04  -2.3580795e+04
   5.4600000e+01  -8.4204055e+04   1.7767318e+04
   5.4700000e+01  -8.0102852e+04   6.4232938e+04
   5.4800000e+01  -6.8309828e+04   1.1008367e+05
   5.4900000e+01  -5.3138672e+04   1.4516022e+05
   5.5000000e+01  -3.7265824e+04   1.6495103e+05
   5.5100000e+01  -1.8488840e+04   1.7256678e+05
   5.5200000e+01   8.4172090e+03   1.7121362e+05
   5.5300000e+01   4.5673383e+04   1.5895116e+05
   5.5400000e+01   8.8751844e+04   1.3388778e+05
   5.5500000e+01   1.2963001e+05   1.0238406e+05
   5.5600000e+01   1.6351656e+05   7.6917266e+04
   5.5700000e+01   1.9081178e+05   6.3250965e+04
   5.5800000e+01   2.1179131e+05   5.2085184e+04
   5.5900000e+01   2.2117102e+05   2.7319836e+04
   5.6000000e+01   2.1059575e+05  -1.6447234e+04
   5.6100000e+01   1.7716567e+05  -6.6789281e+04
   5.6200000e+01   1.2791645e+05  -1.0544130e+05
   5.6300000e+01   7.4800742e+04  -1.2642842e+05
   5.6400000e+01   2.6439010e+04  -1.4018719e+05
   5.6500000e+01  -1.3831720e+04  -1.5927438e+05
   5.6600000e+01  -4.3556266e+04  -1.8189169e+05
   5.6700000e+01  -5.9217703e+04  -1.9199739e+05
   5.6800000e+01  -6.1134086e+04  -1.7675138e+05
   5.6900000e+01  -5.7985102e+04  -1.4306661e+05
   5.7000000e+01  -6.1991789e+04  -1.1513366e+05
   5.7100000e+01  -7.7659938e+04  -1.1387880e+05
   5.7200000e+01  -9.6856398e+04  -1.3792269e+05
   5.7300000e+01  -1.0681426e+05  -1.6474969e+05
   5.7400000e+01  -1.0267728e+05  -1.7110798e+05
   5.7500000e+01  -9.1305820e+04  -1.5289506e+05
   5.7600000e+01  -8.3673938e+04  -1.2582323e+05
   5.7700000e+01  -8.5196719e+04  -1.0764672e+05
   5.7800000e+01  -9.3019859e+04  -1.0055820e+05
   5.7900000e+01  -1.0006353e+05  -9.0760586e+04
   5.8000000e+01  -1.0004710e+05  -6.3913289e+04
   5.8100000e+01  -8.9955047e+04  -1.9656613e+04
   5.8200000e+01  -7.0100961e+04   2.8844205e+04
   5.8300000e+01  -4.2633891e+04   6.7740148e+04
   5.8400000e+01  -9.4803232e+03   9.3065828e+04
   5.8500000e+01   2.8083059e+04   1.0926928e+05
   5.8600000e+01   6.7240391e+04   1.2079959e+05
   5.8700000e+01   1.0222308e+05   1.2873793e+05
   5.8800000e+01   1.2788977e+05   1.3564206e+05
   5.8900000e+01   1.4558006e+05   1.4915675e+05
   5.9000000e+01   1.6226853e+05   1.7558323e+05
   5.9100000e+01   1.8011038e+05   2.0872439e+05
   5.9200000e+01   1.8748605e+05   2.2874962e+05
   5.9300000e+01   1.6543805e+05   2.1668636e+05
   5.9400000e+01   1.0677931e+05   1.7176281e+05
   5.9500000e+01   2.7595420e+04   1.1347564e+05
   5.9600000e+01  -4.3642695e+04   6.5565219e+04
   5.9700000e+01  -8.9215383e+04   3.7924664e+04
   5.9800000e+01  -1.1297792e+05   2.3565824e+04
   5.9900000e+01  -1.2884670e+05   1.0906262e+04
   6.0000000e+01  -1.4264112e+05  -3.3552920e+03
   6.0100000e+01  -1.4834809e+05  -1.3114182e+04
   6.0200000e+01  -1.3993862e+05  -1.1523907e+04
   6.0300000e+01  -1.2113772e+05   1.5579004e+03
   6.0400000e+01  -1.0069009e+05   2.0129984e+04
   6.0500000e+01  -8.0630906e+04   3.7703734e+04
   6.0600000e+01  -5.3471699e+04   5.1371199e+04
   6.0700000e+01  -1.1774240e+04   6.1590945e+04
   6.0800000e+01   4.2255055e+04   6.9986812e+04
   6.0900000e+01   9.8792141e+04   7.8072336e+04
   6.1000000e+01   1.5055745e+05   8.7255398e+04
   6.1100000e+01   1.9772803e+05   9.8742938e+04
   6.1200000e+01   2.4152472e+05   1.1257695e+05
   6.1300000e+01   2.7528394e+05   1.2652245e+05
   6.1400000e+01   2.8572262e+05   1.3609780e+05
   6.1500000e+01   2.6509781e+05   1.3623358e+05
   6.1600000e+01   2.2131981e+05   1.2360507e+05
   6.1700000e+01   1.7397581e+05   9.7914156e+04
   6.1800000e+01   1.3879938e+05   6.1199445e+04
   6.1900000e+01   1.1516525e+05   1.6054516e+04
   6.2000000e+01   8.8112922e+04  -3.5392062e+04
   6.2100000e+01   4.2411594e+04  -9.0835039e+04
   6.2200000e+01  -2.4256314e+04  -1.4654958e+05
   6.2300000e+01  -9.9838922e+04  -1.9755048e+05
   6.2400000e+01  -1.6796483e+05  -2.3988994e+05
   6.2500000e+01  -2.1962402e+05  -2.7321016e+05
   6.2600000e+01  -2.5632675e+05  -3.0032625e+05
   6.2700000e+01  -2.8345984e+05  -3.2290431e+05
   6.2800000e+01  -3.0213628e+05  -3.3703103e+05
   6.2900000e+01  -3.0836053e+05  -3.3429044e+05
   6.3000000e+01  -2.9910534e+05  -3.0883834e+05
   6.3100000e+01  -2.7668891e+05  -2.6320006e+05
   6.3200000e+01  -2.4586748e+05  -2.0523892e+05
   6.3300000e+01  -2.0835319e+05  -1.3890927e+05
   6.3400000e+01  -1.6306098e+05  -6.0605641e+04
   6.3500000e+01  -1.1209812e+05   3.2182029e+04
   6.3600000e+01  -6.3686152e+04   1.2888646e+05
   6.3700000e+01  -2.6438023e+04   2.0637731e+05
   6.3800000e+01  -9.1161719e+02   2.4496944e+05
   6.3900000e+01   2.1133652e+04   2.4435252e+05
   6.4000000e+01   4.7989340e+04   2.2237934e+05
   6.4100000e+01   7.8973602e+04   1.9799816e+05
   6.4200000e+01   1.0457156e+05   1.7631008e+05
   6.4300000e+01   1.1523848e+05   1.4968462e+05
   6.4400000e+01   1.1001744e+05   1.1030069e+05
   6.4500000e+01   9.7402398e+04   5.8766191e+04
   6.4600000e+01   8.8653711e+04   1.3486326e+03
   6.4700000e+01   8.9878055e+04  -5.7138648e+04
   6.4800000e+01   9.9172055e+04  -1.1439373e+05
   6.4900000e+01   1.1032488e+05  -1.6517781e+05
   6.5000000e+01   1.1912687e+05  -1.9831284e+05
   6.5100000e+01   1.2634738e+05  -2.0234066e+05
   6.5200000e+01   1.3479481e+05  -1.7519794e+05
   6.5300000e+01   1.4406784e+05  -1.2765441e+05
   6.5400000e+01   1.4950047e+05  -7.6301195e+04
   6.5500000e+01   1.4738448e+05  -3.2421928e+04
   6.5600000e+01   1.4075978e+05   3.2712207e+03
   6.5700000e+01   1.3818205e+05   3.6302695e+04
   6.5800000e+01   1.4543967e+05   6.9742367e+04
   6.5900000e+01   1.5886114e+05   9.9604781e+04
   6.6000000e+01   1.6757575e+05   1.1822837e+05
   6.6100000e+01   1.6184098e+05   1.2193559e+05
   6.6200000e+01   1.3825347e+05   1.1529281e+05
   6.6300000e+01   9.8218102e+04   1.0750487e+05
   6.6400000e+01   4.5188355e+04   1.0433574e+05
   6.6500000e+01  -1.4119748e+04   1.0381266e+05
   6.6600000e+01  -6.8040758e+04   1.0007811e+05
   6.6700000e+01  -1.0459373e+05   9.0632258e+04
   6.6800000e+01  -1.2094822e+05   7.8391812e+04
   6.6900000e+01  -1.2757704e+05   6.6612359e+04
   6.7000000e+01  -1.4076308e+05   5.3851609e+04
   6.7100000e+01  -1.6956020e+05   3.5925492e+04
   6.7200000e+01  -2.0912697e+05   1.2239153e+04
   6.7300000e+01  -2.4536714e+05  -1.2347098e+04
   6.7400000e+01  -2.6535166e+05  -3.3165750e+04
   6.7500000e+01  -2.6490062e+05  -5.1590863e+04
   6.7600000e+01  -2.4910830e+05  -7.2820320e+04
   6.7700000e+01  -2.2714091e+05  -9.7597523e+04
   6.7800000e+01  -2.0581434e+05  -1.1829791e+05
   6.7900000e+01  -1.8685920e+05  -1.2529675e+05
   6.8000000e+01  -1.6951580e+05  -1.1717201e+05
   6.8100000e+01  -1.5439789e+05  -1.0295225e+05
   6.8200000e+01  -1.4267309e+05  -9.2904828e+04
   6.8300000e+01  -1.3081225e+05  -8.7095562e+04
   6.8400000e+01  -1.0883073e+05  -7.3966156e+04
   6.8500000e+01  -6.7644172e+04  -4.1058352e+04
   6.8600000e+01  -9.4114180e+03   1.2457328e+04
   6.8700000e+01   5.1401898e+04   7.3553117e+04
   6.8800000e+01   9.9011789e+04   1.2507489e+05
   6.8900000e+01   1.2774880e+05   1.5765561e+05
   6.9000000e+01   1.4194862e+05   1.7318122e+05
   6.9100000e+01   1.4699742e+05   1.7869505e+05
   6.9200000e+01   1.4452270e+05   1.7863525e+05
   6.9300000e+01   1.3696148e+05   1.7280489e+05
   6.9400000e+01   1.3222566e+05   1.5979077e+05
   6.9500000e+01   1.3869562e+05   1.4023970e+05
   6.9600000e+01   1.5530619e+05   1.1656016e+05
   6.9700000e+01   1.7036995e+05   9.0837188e+04
   6.9800000e+01   1.7256895e+05   6.4107652e+04
   6.9900000e+01   1.6143439e+05   3.7094312e+04
   7.0000000e+01   1.4477109e+05   1.0386203e+04
   7.0100000e+01   1.2729898e+05  -1.6154571e+04
   7.0200000e+01   1.0589491e+05  -4.2760867e+04
   7.0300000e+01   7.7391781e+04  -6.7538180e+04
   7.0400000e+01   4.7667094e+04  -8.5766609e+04
   7.0500000e+01   2.8750379e+04  -9.3236109e+04
   7.0600000e+01   2.6401811e+04  -9.0802680e+04
   7.0700000e+01   3.3308094e+04  -8.4398812e+04
   7.0800000e+01   3.6484461e+04  -7.9491125e+04
   7.0900000e+01   3.0462334e+04  -7.6296367e+04
   7.1000000e+01   2.1527105e+04  -7.1905586e+04
   7.1100000e+01   1.9217207e+04  -6.6792906e+04
   7.1200000e+01   2.5314162e+04  -6.6788469e+04
   7.1300000e+01   3.1970420e+04  -7.6494656e+04
   7.1400000e+01   2.9931324e+04  -9.1150414e+04
   7.1500000e+01   1.7813738e+04  -9.7480703e+04
   7.1600000e+01   3.4168289e+03  -8.4958820e+04
   7.1700000e+01  -3.8027412e+03  -5.7008863e+04
   7.1800000e+01  -1.8005020e+03  -3.0341613e+04
   7.1900000e+01   2.1320425e+03  -2.1683957e+04
   7.2000000e+01  -1.2723079e+03  -3.3489242e+04
   7.2100000e+01  -1.3641715e+04  -5.1701148e+04
   7.2200000e+01  -2.7028668e+04  -5.7987453e+04
   7.2300000e+01  -3.2081305e+04  -4.5987750e+04
   7.2400000e+01  -2.7811857e+04  -2.7444246e+04
   7.2500000e+01  -2.2362777e+04  -2.2600613e+04
   7.2600000e+01  -2.4091107e+04  -4.2582211e+04
   7.2700000e+01  -3.3119914e+04  -7.8465328e+04
   7.2800000e+01  -4.2571414e+04  -1.0653597e+05
   7.2900000e+01  -4.7350477e+04  -1.0585379e+05
   7.3000000e+01  -5.0148312e+04  -7.3726789e+04
   7.3100000e+01  -5.8314133e+04  -2.6441762e+04
   7.3200000e+01  -7.5724141e+04   1.4404027e+04
   7.3300000e+01  -9.8587148e+04   3.7213836e+04
   7.3400000e+01  -1.1902897e+05   4.4716574e+04
   7.3500000e+01  -1.3208895e+05   4.6627172e+04
   7.3600000e+01  -1.3899748e+05   5.0507891e+04
   7.3700000e+01  -1.4393009e+05   5.9109633e+04
   7.3800000e+01  -1.4791966e+05   7.2864047e+04
   7.3900000e+01  -1.4640384e+05   9.1241758e+04
   7.4000000e+01  -1.3357838e+05   1.1108859e+05
   7.4100000e+01  -1.0982806e+05   1.2591645e+05
   7.4200000e+01  -8.4232844e+04   1.2922037e+05
   7.4300000e+01  -6.7786125e+04   1.1937988e+05
   7.4400000e+01  -6.2498027e+04   1.0134109e+05
   7.4500000e+01  -5.7365098e+04   8.3397273e+04
   7.4600000e+01  -3.6588867e+04   7.1600852e+04
   7.4700000e+01   6.9940830e+03   6.5842062e+04
   7.4800000e+01   6.5979219e+04   6.0496648e+04
   7.4900000e+01   1.2481634e+05   4.9653906e+04
   7.5000000e+01   1.7109417e+05   3.3003461e+04
   7.5100000e+01   2.0133973e+05   1.6644949e+04
   7.5200000e+01   2.1905386e+05   7.1173008e+03
   7.5300000e+01   2.2994881e+05   4.3815420e+03
   7.5400000e+01   2.3800297e+05   1.6265361e+03
   7.5500000e+01   2.4203230e+05  -7.5000703e+03
   7.5600000e+01   2.3413928e+05  -2.2350926e+04
   7.5700000e+01   2.0449522e+05  -3.6657699e+04
   7.5800000e+01   1.5191177e+05  -4.5403227e+04
   7.5900000e+01   8.9862297e+04  -4.8710934e+04
   7.6000000e+01   3.8230281e+04  -4.9247766e+04
   7.6100000e+01   6.3588770e+03  -4.8231703e+04
   7.6200000e+01  -1.4627260e+04  -4.5730812e+04
   7.6300000e+01  -4.0638633e+04  -4.3652855e+04
   7.6400000e+01  -7.6304281e+04  -4.5570207e+04
   7.6500000e+01  -1.0975144e+05  -5.2353770e+04
   7.6600000e+01  -1.2585498e+05  -5.9509543e+04
   7.6700000e+01  -1.2315471e+05  -6.1102082e+04
   7.6800000e+01  -1.1694003e+05  -5.6860309e+04
   7.6900000e+01  -1.2609702e+05  -5.3946711e+04
   7.7000000e+01  -1.5606850e+05  -5.9867945e+04
   7.7100000e+01  -1.9201066e+05  -7.3049070e+04
   7.7200000e+01  -2.0767380e+05  -8.1479062e+04
   7.7300000e+01  -1.8472059e+05  -7.2616352e+04
   7.7400000e+01  -1.2912734e+05  -4.6085344e+04
   7.7500000e+01  -7.0766531e+04  -1.6425715e+04
   7.7600000e+01  -4.3416141e+04  -1.5836953e+03
   7.7700000e+01  -5.9660293e+04  -6.7695469e+03
   7.7800000e+01  -1.0200119e+05  -1.8980398e+04
   7.7900000e+01  -1.3804323e+05  -1.8163551e+04
   7.8000000e+01  -1.4563570e+05   4.9765273e+03
   7.8100000e+01  -1.2606098e+05   4.1116785e+04
   7.8200000e+01  -9.7007031e+04   7.1164828e+04
   7.8300000e+01  -7.5937305e+04   8.2359734e+04
   7.8400000e+01  -6.9247219e+04   7.6246938e+04
   7.8500000e+01  -7.2533039e+04   6.2992023e+04
   7.8600000e+01  -7.6804633e+04   5.0642320e+04
   7.8700000e+01  -7.4260562e+04   4.1056414e+04
   7.8800000e+01  -6.1472234e+04   3.4153578e+04
   7.8900000e+01  -3.9974711e+04   3.1878945e+04
   7.9000000e+01  -1.3916038e+04   3.5422117e+04
   7.9100000e+01   1.4402231e+04   4.0511582e+04
   7.9200000e+01   4.7569016e+04   4.0327242e+04
   7.9300000e+01   9.1257781e+04   3.5622047e+04
   7.9400000e+01   1.4841941e+05   3.9009773e+04
   7.9500000e+01   2.1452959e+05   6.3660922e+04
   7.9600000e+01   2.7845800e+05   1.0556455e+05
   7.9700000e+01   3.2872059e+05   1.4033019e+05
   7.9800000e+01   3.6010253e+05   1.4247775e+05
   7.9900000e+01   3.7491578e+05   1.0963917e+05
   8.0000000e+01   3.7754459e+05   6.6217359e+04
   8.0100000e+01   3.6753944e+05   4.1733367e+04
   8.0200000e+01   3.3923712e+05   4.5459457e+04
   8.0300000e+01   2.9010231e+05   6.1604742e+04
   8.0400000e+01   2.2963528e+05   6.6970141e+04
   8.0500000e+01   1.7727794e+05   5.1544035e+04
   8.0600000e+01   1.4793728e+05   2.3382367e+04
   8.0700000e+01   1.3836555e+05  -2.7365332e+03
   8.0800000e+01   1.2943154e+05  -1.8930945e+04
   8.0900000e+01   1.0376123e+05  -2.7848947e+04
   8.1000000e+01   6.1500820e+04  -3.6266918e+04
   8.1100000e+01   1.8261062e+04  -4.7703277e+04
   8.1200000e+01  -1.2070896e+04  -6.1522777e+04
   8.1300000e+01  -3.1299090e+04  -7.7350984e+04
   8.1400000e+01  -5.3288461e+04  -9.7614500e+04
   8.1500000e+01  -8.7105500e+04  -1.2400667e+05
   8.1600000e+01  -1.2503111e+05  -1.5211728e+05
   8.1700000e+01  -1.4865289e+05  -1.7218075e+05
   8.1800000e+01  -1.4785688e+05  -1.7749584e+05
   8.1900000e+01  -1.3369766e+05  -1.7229028e+05
   8.2000000e+01  -1.3093540e+05  -1.6959086e+05
   8.2100000e+01  -1.5600373e+05  -1.7963641e+05
   8.2200000e+01  -2.0178291e+05  -1.9971870e+05
   8.2300000e+01  -2.4466905e+05  -2.1529464e+05
   8.2400000e+01  -2.6670022e+05  -2.1103755e+05
   8.2500000e+01  -2.6995866e+05  -1.8153920e+05
   8.2600000e+01  -2.6959503e+05  -1.3332141e+05
   8.2700000e+01  -2.7547756e+05  -7.8735344e+04
   8.2800000e+01  -2.8360856e+05  -2.8260316e+04
   8.2900000e+01  -2.8496719e+05   1.3522492e+04
   8.3000000e+01  -2.7850181e+05   4.7498484e+04
   8.3100000e+01  -2.7169388e+05   7.7163070e+04
   8.3200000e+01  -2.6906534e+05   1.0565825e+05
   8.3300000e+01  -2.6421712e+05   1.3417738e+05
   8.3400000e+01  -2.4586620e+05   1.6193998e+05
   8.3500000e+01  -2.1019800e+05   1.8678288e+05
   8.3600000e+01  -1.6390881e+05   2.0553573e+05
   8.3700000e+01  -1.1442853e+05   2.1461477e+05
   8.3800000e+01  -6.0407227e+04   2.1147384e+05
   8.3900000e+01   4.6007148e+03   1.9588278e+05
   8.4000000e+01   7.9256242e+04   1.6925862e+05
   8.4100000e+01   1.4880764e+05   1.3272264e+05
   8.4200000e+01   1.9525238e+05   8.7125555e+04
   8.4300000e+01   2.1302033e+05   3.6179770e+04
   8.4400000e+01   2.1311356e+05  -1.1320906e+04
   8.4500000e+01   2.1177047e+05  -4.4940297e+04
   8.4600000e+01   2.1653423e+05  -5.9980664e+04
   8.4700000e+01   2.2351669e+05  -6.1033164e+04
   8.4800000e+01   2.2548605e+05  -5.6975781e+04
   8.4900000e+01   2.1949497e+05  -5.2325520e+04
   8.5000000e+01   2.0688712e+05  -4.4414051e+04
   8.5100000e+01   1.8957400e+05  -2.9231299e+04
   8.5200000e+01   1.6942130e+05  -8.4812773e+03
   8.5300000e+01   1.5053600e+05   1.1242685e+04
   8.5400000e+01   1.3881691e+05   2.6745350e+04
   8.5500000e+01   1.3704067e+05   4.3621043e+04
   8.5600000e+01   1.4076397e+05   7.0233539e+04
   8.5700000e+01   1.4034112e+05   1.0492233e+05
   8.5800000e+01   1.2767009e+05   1.3117491e+05
   8.5900000e+01   1.0168584e+05   1.2925759e+05
   8.6000000e+01   6.8628312e+04   9.4643992e+04
   8.6100000e+01   3.7619523e+04   4.3768406e+04
   8.6200000e+01   1.4540388e+04  -3.8697656e+02
   8.6300000e+01  -1.9907832e+03  -2.8288410e+04
   8.6400000e+01  -1.8915445e+04  -4.8305930e+04
   8.6500000e+01  -4.1285254e+04  -7.2136961e+04
   8.6600000e+01  -6.5494492e+04  -9.9050672e+04
   8.6700000e+01  -8.1330102e+04  -1.1663321e+05
   8.6800000e+01  -8.2613805e+04  -1.1525936e+05
   8.6900000e+01  -7.5503789e+04  -9.8281820e+04
   8.7000000e+01  -7.4275461e+04  -7.7239844e+04
   8.7100000e+01  -8.7796609e+04  -5.9975047e+04
   8.7200000e+01  -1.1061697e+05  -4.6081238e+04
   8.7300000e+01  -1.2763245e+05  -3.2794719e+04
   8.7400000e+01  -1.2675593e+05  -2.1506471e+04
   8.7500000e+01  -1.0699479e+05  -1.6184796e+04
   8.7600000e+01  -7.6384977e+04  -1.6711795e+04
   8.7700000e+01  -4.5109473e+04  -1.6943748e+04
   8.7800000e+01  -2.1382811e+04  -1.1390827e+04
   8.7900000e+01  -1.1284039e+04  -3.4297329e+03
   8.8000000e+01  -1.8299977e+04  -4.7899521e+03
   8.8100000e+01  -4.0166000e+04  -2.4668037e+04
   8.8200000e+01  -6.6236867e+04  -5.8564906e+04
   8.8300000e+01  -8.0526336e+04  -8.9117352e+04
   8.8400000e+01  -7.0803617e+04  -9.9951195e+04
   8.8500000e+01  -3.7302848e+04  -8.9453406e+04
   8.8600000e+01   6.8779727e+03  -7.0037234e+04
   8.8700000e+01   4.5075770e+04  -5.3336289e+04
   8.8800000e+01   6.8544031e+04  -3.7471875e+04
   8.8900000e+01   8.0383023e+04  -1.0752879e+04
   8.9000000e+01   8.9410000e+04   3.2235201e+04
   8.9100000e+01   1.0089342e+05   8.0409875e+04
   8.9200000e+01   1.1298751e+05   1.1363861e+05
   8.9300000e+01   1.2065988e+05   1.2021425e+05
   8.9400000e+01   1.2115710e+05   1.0651133e+05
   8.9500000e+01   1.1489630e+05   9.0105383e+04
   8.9600000e+01   1.0225490e+05   8.4195086e+04
   8.9700000e+01   8.1706961e+04   8.7723398e+04
   8.9800000e+01   5.2357828e+04   8.8396641e+04
   8.9900000e+01   1.7503357e+04   7.4489906e+04
   9.0000000e+01  -1.6315258e+04   4.5554820e+04
   9.0100000e+01  -4.4958547e+04   1.4056875e+04
   9.0200000e+01  -7.0662789e+04  -3.1757708e+03
   9.0300000e+01  -9.8790070e+04   2.8037559e+03
   9.0400000e+01  -1.3011376e+05   2.6762668e+04
   9.0500000e+01  -1.5750586e+05   5.3753594e+04
   9.0600000e+01  -1.7173206e+05   6.9791758e+04
   9.0700000e+01  -1.7067938e+05   6.9392469e+04
   9.0800000e+01  -1.6173414e+05   5.5275855e+04
   9.0900000e+01  -1.5393484e+05   3.3772758e+04
   9.1000000e+01  -1.4761164e+05   1.1587349e+04
   9.1100000e+01  -1.3253403e+05  -5.4496875e+03
   9.1200000e+01  -9.7535344e+04  -1.4678291e+04
   9.1300000e+01  -4.3109180e+04  -1.9663508e+04
   9.1400000e+01   1.5313621e+04  -2.9010840e+04
   9.1500000e+01   5.7780500e+04  -4.8750531e+04
   9.1600000e+01   7.5398867e+04  -7.4739000e+04
   9.1700000e+01   7.6791500e+04  -9.4302375e+04
   9.1800000e+01   7.9081047e+04  -9.7311156e+04
   9.1900000e+01   9.1931922e+04  -8.5631750e+04
   9.2000000e+01   1.0995473e+05  -7.0637234e+04
   9.2100000e+01   1.1996070e+05  -6.1460258e+04
   9.2200000e+01   1.1446784e+05  -5.6942801e+04
   9.2300000e+01   9.7706391e+04  -4.9724090e+04
   9.2400000e+01   7.9680055e+04  -3.7084527e+04
   9.2500000e+01   6.6126125e+04  -2.5901727e+04
   9.2600000e+01   5.4561316e+04  -2.5958961e+04
   9.2700000e+01   3.8791523e+04  -3.8668047e+04
   9.2800000e+01   1.6136997e+04  -5.3345711e+04
   9.2900000e+01  -9.4863828e+03  -5.5653875e+04
   9.3000000e+01  -3.0654529e+04  -4.0446875e+04
   9.3100000e+01  -4.2265277e+04  -1.6426879e+04
   9.3200000e+01  -4.4729645e+04   2.0790371e+03
   9.3300000e+01  -4.1865199e+04   7.7993057e+03
   9.3400000e+01  -3.6102465e+04   4.8043242e+03
   9.3500000e+01  -2.6473824e+04   1.1779863e+03
   9.3600000e+01  -1.1729760e+04  -1.4767090e+02
   9.3700000e+01   5.2876973e+03  -1.7599219e+03
   9.3800000e+01   1.7844912e+04  -4.9600215e+03
   9.3900000e+01   2.0711266e+04  -6.7440742e+03
   9.4000000e+01   1.4989141e+04  -5.3356797e+03
   9.4100000e+01   6.9656191e+03  -5.7324590e+03
   9.4200000e+01   2.3344373e+03  -1.5293045e+04
   9.4300000e+01   2.0501743e+03  -3.3078836e+04
   9.4400000e+01   3.4369236e+03  -4.7123500e+04
   9.4500000e+01   3.8827095e+03  -4.5438266e+04
   9.4600000e+01   2.5425371e+03  -2.8773580e+04
   9.4700000e+01  -4.5041284e+02  -9.2878516e+03
   9.4800000e+01  -4.1894595e+03   4.1752715e+03
   9.4900000e+01  -5.6878945e+03   1.6560572e+04
   9.5000000e+01  -3.5584961e+02   3.9530320e+04
   9.5100000e+01   1.3625569e+04   7.4787672e+04
   9.5200000e+01   3.1306203e+04   1.0822426e+05
   9.5300000e+01   4.3991398e+04   1.2344300e+05
   9.5400000e+01   4.8592078e+04   1.2034838e+05
   9.5500000e+01   5.3265414e+04   1.1729798e+05
   9.5600000e+01   7.0907641e+04   1.3262112e+05
   9.5700000e+01   1.0522353e+05   1.6416139e+05
   9.5800000e+01   1.4396400e+05   1.8870656e+05
   9.5900000e+01   1.6769219e+05   1.8303923e+05
   9.6000000e+01   1.6607269e+05   1.4605389e+05
   9.6100000e+01   1.4562147e+05   1.0000426e+05
   9.6200000e+01   1.2211246e+05   6.9750422e+04
   9.6300000e+01   1.0662448e+05   6.0709996e+04
   9.6400000e+01   9.9206562e+04   5.7076324e+04
   9.6500000e+01   9.4265391e+04   4.0881047e+04
   9.6600000e+01   8.9376195e+04   1.1194825e+04
   9.6700000e+01   8.7714750e+04  -1.6468529e+04
   9.6800000e+01   9.3451602e+04  -2.8405092e+04
   9.6900000e+01   1.0724395e+05  -2.7386775e+04
   9.7000000e+01   1.2664916e+05  -2.7795980e+04
   9.7100000e+01   1.4842794e+05  -3.8507430e+04
   9.7200000e+01   1.6761541e+05  -5.4351773e+04
   9.7300000e+01   1.7481505e+05  -6.5169969e+04
   9.7400000e+01   1.5859634e+05  -6.9661047e+04
   9.7500000e+01   1.1482041e+05  -7.6485914e+04
   9.7600000e+01   5.4226555e+04  -9.2221328e+04
   9.7700000e+01  -2.0854629e+03  -1.1223112e+05
   9.7800000e+01  -3.7977965e+04  -1.2600857e+05
   9.7900000e+01  -5.4659109e+04  -1.2995851e+05
   9.8000000e+01  -6.7999031e+04  -1.3158755e+05
   9.8100000e+01  -9.3203438e+04  -1.3989008e+05
   9.8200000e+01  -1.3125627e+05  -1.5324816e+05
   9.8300000e+01  -1.6912422e+05  -1.5889678e+05
   9.8400000e+01  -1.9243353e+05  -1.4483844e+05
   9.8500000e+01  -1.9824938e+05  -1.1160020e+05
   9.8600000e+01  -1.9611306e+05  -7.1860562e+04
   9.8700000e+01  -1.9657530e+05  -3.9053984e+04
   9.8800000e+01  -1.9849181e+05  -1.7114451e+04
   9.8900000e+01  -1.8833319e+05  -1.1255566e+03
   9.9000000e+01  -1.5353825e+05   1.3883621e+04
   9.9100000e+01  -9.7302656e+04   2.7219863e+04
   9.9200000e+01  -3.9376965e+04   3.5993320e+04
   9.9300000e+01  -9.5789844e+02   4.1513164e+04
   9.9400000e+01   1.1843490e+04   4.8318402e+04
   9.9500000e+01   9.9653447e+03   5.5956246e+04
   9.9600000e+01   8.0522495e+03   5.5741062e+04
   9.9700000e+01   1.0336807e+04   4.0866289e+04
   9.9800000e+01   9.3502715e+03   1.9287035e+04
   9.9900000e+01  -3.4486028e+03   8.8038320e+03
   1.0000000e+02  -2.7369086e+04   1.4627257e+04
