   1.1851270e+02   3.6301420e+01   1.8450000e+02
   1.1917191e+02   3.6351056e+01   8.1400000e+01
   0.0000000e+00  -2.0849862e+05  -2.0849862e+05
   1.0000000e-01  -2.2484159e+05  -1.8382858e+05
   2.0000000e-01  -2.4575855e+05  -1.4105131e+05
   3.0000000e-01  -2.7344800e+05  -8.7301703e+04
   4.0000000e-01  -2.9748631e+05  -4.4848598e+04
   5.0000000e-01  -3.0317334e+05  -3.2353266e+04
   6.0000000e-01  -2.8103188e+05  -4.6406633e+04
   7.0000000e-01  -2.3155103e+05  -6.2565805e+04
   8.0000000e-01  -1.6477917e+05  -5.6431805e+04
   9.0000000e-01  -9.5761875e+04  -2.5049350e+04
   1.0000000e+00  -3.7019703e+04   1.1653518e+04
   1.1000000e+00   8.0343945e+03   3.0155631e+04
   1.2000000e+00   4.5221738e+04   2.4616930e+04
   1.3000000e+00   8.2297625e+04   1.0774676e+04
   1.4000000e+00   1.2057681e+05   1.0630801e+04
   1.5000000e+00   1.5313922e+05   3.3782461e+04
   1.6000000e+00   1.7051836e+05   7.2480359e+04
   1.7000000e+00   1.6797925e+05   1.1264894e+05
   1.8000000e+00   1.4876341e+05   1.4788477e+05
   1.9000000e+00   1.2255883e+05   1.8262122e+05
   2.0000000e+00   1.0115448e+05   2.2336825e+05
   2.1000000e+00   9.2766750e+04   2.6868853e+05
   2.2000000e+00   9.7082148e+04   3.0764669e+05
   2.3000000e+00   1.0510500e+05   3.2632847e+05
   2.4000000e+00   1.0626384e+05   3.1527162e+05
   2.5000000e+00   9.8190375e+04   2.7299166e+05
   2.6000000e+00   8.9508547e+04   2.0590184e+05
   2.7000000e+00   9.1001570e+04   1.2568194e+05
   2.8000000e+00   1.0248253e+05   4.3852695e+04
   2.9000000e+00   1.0870183e+05  -3.4246172e+04
   3.0000000e+00   8.9983672e+04  -1.1016719e+05
   3.1000000e+00   3.9118762e+04  -1.8507041e+05
   3.2000000e+00  -3.0438721e+04  -2.5140770e+05
   3.3000000e+00  -9.2775289e+04  -2.9426584e+05
   3.4000000e+00  -1.2807073e+05  -3.0319531e+05
   3.5000000e+00  -1.3707591e+05  -2.8227175e+05
   3.6000000e+00  -1.4004916e+05  -2.4669806e+05
   3.7000000e+00  -1.6013156e+05  -2.0906786e+05
   3.8000000e+00  -2.0308825e+05  -1.6981325e+05
   3.9000000e+00  -2.4942728e+05  -1.2088806e+05
   4.0000000e+00  -2.6685194e+05  -5.6928766e+04
   4.1000000e+00  -2.3503908e+05   1.8390826e+04
   4.2000000e+00  -1.6313541e+05   9.5747234e+04
   4.3000000e+00  -8.4432680e+04   1.6771916e+05
   4.4000000e+00  -3.1172680e+04   2.3257653e+05
   4.5000000e+00  -9.9617891e+03   2.9191962e+05
   4.6000000e+00   1.4552773e+03   3.4563050e+05
   4.7000000e+00   3.3495988e+04   3.8907100e+05
   4.8000000e+00   9.8193359e+04   4.1517581e+05
   4.9000000e+00   1.7944500e+05   4.2009638e+05
   5.0000000e+00   2.4738309e+05   4.0745422e+05
   5.1000000e+00   2.8312553e+05   3.8614678e+05
   5.2000000e+00   2.9212538e+05   3.6191103e+05
   5.3000000e+00   2.9579678e+05   3.2994316e+05
   5.4000000e+00   3.1087653e+05   2.7705666e+05
   5.5000000e+00   3.3581338e+05   1.9361650e+05
   5.6000000e+00   3.5499022e+05   8.4745680e+04
   5.7000000e+00   3.5407897e+05  -3.1006855e+04
   5.8000000e+00   3.3086038e+05  -1.3569808e+05
   5.9000000e+00   2.9320075e+05  -2.2545556e+05
   6.0000000e+00   2.4986484e+05  -3.1002309e+05
   6.1000000e+00   2.0493459e+05  -3.9952059e+05
   6.2000000e+00   1.5918295e+05  -4.9275741e+05
   6.3000000e+00   1.1301441e+05  -5.7828869e+05
   6.4000000e+00   6.6164969e+04  -6.4415994e+05
   6.5000000e+00   1.6136621e+04  -6.8378888e+05
   6.6000000e+00  -4.0502398e+04  -6.9326638e+05
   6.7000000e+00  -1.0489623e+05  -6.6781750e+05
   6.8000000e+00  -1.7535217e+05  -6.0511756e+05
   6.9000000e+00  -2.5005850e+05  -5.1160516e+05
   7.0000000e+00  -3.2799712e+05  -4.0188428e+05
   7.1000000e+00  -4.0503562e+05  -2.8983481e+05
   7.2000000e+00  -4.7014919e+05  -1.8116928e+05
   7.3000000e+00  -5.0915456e+05  -7.5266102e+04
   7.4000000e+00  -5.1525950e+05   2.7912010e+04
   7.5000000e+00  -4.9648884e+05   1.2520747e+05
   7.6000000e+00  -4.7140188e+05   2.1336741e+05
   7.7000000e+00  -4.5564038e+05   2.9078228e+05
   7.8000000e+00  -4.5071706e+05   3.5418538e+05
   7.9000000e+00  -4.4432491e+05   3.9588478e+05
   8.0000000e+00  -4.2137597e+05   4.0767250e+05
   8.1000000e+00  -3.7640928e+05   3.8844431e+05
   8.2000000e+00  -3.1733078e+05   3.4717600e+05
   8.3000000e+00  -2.5754856e+05   2.9854075e+05
   8.4000000e+00  -2.0334381e+05   2.5632912e+05
   8.5000000e+00  -1.4822144e+05   2.2952906e+05
   8.6000000e+00  -8.0436359e+04   2.2058598e+05
   8.7000000e+00   3.0300625e+03   2.2446611e+05
   8.8000000e+00   9.0738688e+04   2.3056698e+05
   8.9000000e+00   1.6678997e+05   2.2887494e+05
   9.0000000e+00   2.2705028e+05   2.1598152e+05
   9.1000000e+00   2.8373959e+05   1.9477658e+05
   9.2000000e+00   3.5190359e+05   1.6847559e+05
   9.3000000e+00   4.3126216e+05   1.3643428e+05
   9.4000000e+00   5.0285259e+05   9.6339906e+04
   9.5000000e+00   5.4435825e+05   4.8768973e+04
   9.6000000e+00   5.4851856e+05  -2.3374180e+03
   9.7000000e+00   5.2734712e+05  -5.3308070e+04
   9.8000000e+00   5.0105225e+05  -1.0285322e+05
   9.9000000e+00   4.8444741e+05  -1.4968061e+05
   1.0000000e+01   4.8116631e+05  -1.8926302e+05
   1.0100000e+01   4.8489856e+05  -2.1494844e+05
   1.0200000e+01   4.8273325e+05  -2.2342928e+05
   1.0300000e+01   4.6019256e+05  -2.1913744e+05
   1.0400000e+01   4.0928978e+05  -2.1236914e+05
   1.0500000e+01   3.3529131e+05  -2.1157503e+05
   1.0600000e+01   2.5454722e+05  -2.1614602e+05
   1.0700000e+01   1.8316845e+05  -2.1654942e+05
   1.0800000e+01   1.2693063e+05  -2.0224602e+05
   1.0900000e+01   8.2117406e+04  -1.6983134e+05
   1.1000000e+01   4.4500570e+04  -1.2319164e+05
   1.1100000e+01   1.4594916e+04  -6.6424430e+04
   1.1200000e+01  -6.9455605e+03   7.6965625e+02
   1.1300000e+01  -2.6851209e+04   7.8166828e+04
   1.1400000e+01  -5.8627906e+04   1.5593739e+05
   1.1500000e+01  -1.1231712e+05   2.1386480e+05
   1.1600000e+01  -1.8464656e+05   2.3323197e+05
   1.1700000e+01  -2.6000270e+05   2.1119538e+05
   1.1800000e+01  -3.2215022e+05   1.6360434e+05
   1.1900000e+01  -3.6661862e+05   1.1350371e+05
   1.2000000e+01  -4.0350531e+05   7.5946094e+04
   1.2100000e+01  -4.4891259e+05   5.1352020e+04
   1.2200000e+01  -5.1199759e+05   3.0287186e+04
   1.2300000e+01  -5.8694294e+05   3.6929883e+03
   1.2400000e+01  -6.5481500e+05  -2.8632211e+04
   1.2500000e+01  -6.9358806e+05  -5.5291426e+04
   1.2600000e+01  -6.8997600e+05  -5.7730195e+04
   1.2700000e+01  -6.4606862e+05  -2.0965832e+04
   1.2800000e+01  -5.7693069e+05   5.4815543e+04
   1.2900000e+01  -5.0078991e+05   1.5078908e+05
   1.3000000e+01  -4.2840069e+05   2.3918114e+05
   1.3100000e+01  -3.5897459e+05   3.0000941e+05
   1.3200000e+01  -2.8516231e+05   3.3113662e+05
   1.3300000e+01  -2.0220948e+05   3.4343769e+05
   1.3400000e+01  -1.1302606e+05   3.4698906e+05
   1.3500000e+01  -2.5023754e+04   3.4166469e+05
   1.3600000e+01   5.7459152e+04   3.1869041e+05
   1.3700000e+01   1.3711303e+05   2.6797894e+05
   1.3800000e+01   2.1955841e+05   1.8339512e+05
   1.3900000e+01   3.0466738e+05   6.4824309e+04
   1.4000000e+01   3.8164069e+05  -7.9963484e+04
   1.4100000e+01   4.3367359e+05  -2.3484022e+05
   1.4200000e+01   4.5012666e+05  -3.8089516e+05
   1.4300000e+01   4.3697016e+05  -5.0659947e+05
   1.4400000e+01   4.1586869e+05  -6.1245544e+05
   1.4500000e+01   4.1024128e+05  -7.0324812e+05
   1.4600000e+01   4.2781166e+05  -7.7545581e+05
   1.4700000e+01   4.5399262e+05  -8.1493838e+05
   1.4800000e+01   4.6298259e+05  -8.0907006e+05
   1.4900000e+01   4.3859044e+05  -7.6022619e+05
   1.5000000e+01   3.8771016e+05  -6.8529212e+05
   1.5100000e+01   3.3500588e+05  -6.0141044e+05
   1.5200000e+01   3.0312834e+05  -5.1270669e+05
   1.5300000e+01   2.9475581e+05  -4.1026138e+05
   1.5400000e+01   2.9088316e+05  -2.8336466e+05
   1.5500000e+01   2.6624097e+05  -1.3082023e+05
   1.5600000e+01   2.0887891e+05   3.6043117e+04
   1.5700000e+01   1.2792446e+05   1.9878006e+05
   1.5800000e+01   4.3907578e+04   3.4080616e+05
   1.5900000e+01  -2.8750457e+04   4.5459444e+05
   1.6000000e+01  -9.1039953e+04   5.4326612e+05
   1.6100000e+01  -1.5311578e+05   6.1560806e+05
   1.6200000e+01  -2.2045556e+05   6.7760612e+05
   1.6300000e+01  -2.8665847e+05   7.2627875e+05
   1.6400000e+01  -3.3864203e+05   7.5024169e+05
   1.6500000e+01  -3.6719944e+05   7.3682956e+05
   1.6600000e+01  -3.7260322e+05   6.8129012e+05
   1.6700000e+01  -3.6233259e+05   5.9210444e+05
   1.6800000e+01  -3.4551838e+05   4.8838044e+05
   1.6900000e+01  -3.2868156e+05   3.9006328e+05
   1.7000000e+01  -3.1325044e+05   3.0725306e+05
   1.7100000e+01  -2.9425062e+05   2.3684603e+05
   1.7200000e+01  -2.6186227e+05   1.6972609e+05
   1.7300000e+01  -2.0778727e+05   1.0276654e+05
   1.7400000e+01  -1.3391417e+05   4.5014688e+04
   1.7500000e+01  -5.5944867e+04   1.2062596e+04
   1.7600000e+01   4.0493828e+03   1.3124316e+04
   1.7700000e+01   3.3407070e+04   4.2037852e+04
   1.7800000e+01   4.0742500e+04   7.9907820e+04
   1.7900000e+01   5.1519789e+04   1.0665597e+05
   1.8000000e+01   8.7737102e+04   1.1127081e+05
   1.8100000e+01   1.4803209e+05   9.3031562e+04
   1.8200000e+01   2.0711375e+05   5.5413227e+04
   1.8300000e+01   2.3696419e+05   6.8403906e+02
   1.8400000e+01   2.3119909e+05  -6.9862781e+04
   1.8500000e+01   2.1004947e+05  -1.5286231e+05
   1.8600000e+01   2.0184559e+05  -2.4251728e+05
   1.8700000e+01   2.1916127e+05  -3.3350306e+05
   1.8800000e+01   2.5127711e+05  -4.2273681e+05
   1.8900000e+01   2.7700400e+05  -5.0746675e+05
   1.9000000e+01   2.8271197e+05  -5.8260662e+05
   1.9100000e+01   2.6878538e+05  -6.4110362e+05
   1.9200000e+01   2.4245853e+05  -6.7636256e+05
   1.9300000e+01   2.0827959e+05  -6.8289256e+05
   1.9400000e+01   1.6607627e+05  -6.5492800e+05
   1.9500000e+01   1.1508448e+05  -5.8726550e+05
   1.9600000e+01   5.6583672e+04  -4.8045350e+05
   1.9700000e+01  -7.8536211e+03  -3.4565488e+05
   1.9800000e+01  -7.7958258e+04  -2.0246566e+05
   1.9900000e+01  -1.5225667e+05  -6.9642547e+04
   2.0000000e+01  -2.2475978e+05   4.3228203e+04
   2.0100000e+01  -2.8708912e+05   1.3540519e+05
   2.0200000e+01  -3.3573612e+05   2.0722041e+05
   2.0300000e+01  -3.7629147e+05   2.5389598e+05
   2.0400000e+01  -4.1823988e+05   2.6807884e+05
   2.0500000e+01  -4.6428900e+05   2.4848016e+05
   2.0600000e+01  -5.0505316e+05   2.0486262e+05
   2.0700000e+01  -5.2496338e+05   1.5309284e+05
   2.0800000e+01  -5.1399116e+05   1.0482136e+05
   2.0900000e+01  -4.7435550e+05   6.2735832e+04
   2.1000000e+01  -4.1683125e+05   2.6428521e+04
   2.1100000e+01  -3.5112656e+05   1.6289570e+03
   2.1200000e+01  -2.7934791e+05   1.0660820e+03
   2.1300000e+01  -1.9751797e+05   3.4652094e+04
   2.1400000e+01  -1.0229075e+05   9.9649297e+04
   2.1500000e+01   4.1417461e+03   1.8247133e+05
   2.1600000e+01   1.1502531e+05   2.7083219e+05
   2.1700000e+01   2.2345278e+05   3.6281988e+05
   2.1800000e+01   3.2471734e+05   4.6235738e+05
   2.1900000e+01   4.1478316e+05   5.6542581e+05
   2.2000000e+01   4.8864694e+05   6.5181581e+05
   2.2100000e+01   5.4243894e+05   6.9206212e+05
   2.2200000e+01   5.7720906e+05   6.6455462e+05
   2.2300000e+01   5.9844481e+05   5.6852838e+05
   2.2400000e+01   6.0976469e+05   4.2267341e+05
   2.2500000e+01   6.0719600e+05   2.5146827e+05
   2.2600000e+01   5.8148700e+05   7.0946211e+04
   2.2700000e+01   5.2738125e+05  -1.1486616e+05
   2.2800000e+01   4.5034478e+05  -3.0509438e+05
   2.2900000e+01   3.6318994e+05  -4.8981594e+05
   2.3000000e+01   2.7559938e+05  -6.4665088e+05
   2.3100000e+01   1.8700908e+05  -7.5035319e+05
   2.3200000e+01   8.9771438e+04  -7.8740031e+05
   2.3300000e+01  -2.0775105e+04  -7.6287044e+05
   2.3400000e+01  -1.3911141e+05  -6.9454969e+05
   2.3500000e+01  -2.5186834e+05  -6.0098938e+05
   2.3600000e+01  -3.4744300e+05  -4.9365750e+05
   2.3700000e+01  -4.2418272e+05  -3.7622331e+05
   2.3800000e+01  -4.8955847e+05  -2.4676156e+05
   2.3900000e+01  -5.5041281e+05  -1.0006356e+05
   2.4000000e+01  -6.0260162e+05   6.7299969e+04
   2.4100000e+01  -6.3022981e+05   2.4795411e+05
   2.4200000e+01  -6.1738300e+05   4.1805216e+05
   2.4300000e+01  -5.6359838e+05   5.4490288e+05
   2.4400000e+01  -4.8867978e+05   6.0624794e+05
   2.4500000e+01  -4.2007706e+05   6.0477112e+05
   2.4600000e+01  -3.7195884e+05   5.6266094e+05
   2.4700000e+01  -3.3431384e+05   5.0045909e+05
   2.4800000e+01  -2.8237897e+05   4.2119275e+05
   2.4900000e+01  -1.9808800e+05   3.1507916e+05
   2.5000000e+01  -8.4551102e+04   1.7792862e+05
   2.5100000e+01   3.7646180e+04   2.2878332e+04
   2.5200000e+01   1.4636350e+05  -1.2559387e+05
   2.5300000e+01   2.3128583e+05  -2.4693916e+05
   2.5400000e+01   2.9595931e+05  -3.3325612e+05
   2.5500000e+01   3.5076525e+05  -3.8574362e+05
   2.5600000e+01   4.0393584e+05  -4.0637284e+05
   2.5700000e+01   4.5570834e+05  -3.9435525e+05
   2.5800000e+01   4.9795997e+05  -3.4927384e+05
   2.5900000e+01   5.1993884e+05  -2.7600619e+05
   2.6000000e+01   5.1713838e+05  -1.8637612e+05
   2.6100000e+01   4.9611191e+05  -9.5966297e+04
   2.6200000e+01   4.6947819e+05  -1.7730320e+04
   2.6300000e+01   4.4427762e+05   4.3731520e+04
   2.6400000e+01   4.1458722e+05   9.2741172e+04
   2.6500000e+01   3.6630959e+05   1.3645964e+05
   2.6600000e+01   2.9031622e+05   1.7656584e+05
   2.6700000e+01   1.9187883e+05   2.0625711e+05
   2.6800000e+01   8.7974281e+04   2.1576783e+05
   2.6900000e+01  -4.7046055e+03   2.0110998e+05
   2.7000000e+01  -8.0421234e+04   1.6728106e+05
   2.7100000e+01  -1.4514286e+05   1.2310441e+05
   2.7200000e+01  -2.0772625e+05   7.3856219e+04
   2.7300000e+01  -2.6994694e+05   1.9731539e+04
   2.7400000e+01  -3.2431994e+05  -3.9047711e+04
   2.7500000e+01  -3.6116766e+05  -9.7474398e+04
   2.7600000e+01  -3.7744678e+05  -1.4754197e+05
   2.7700000e+01  -3.7825784e+05  -1.8458664e+05
   2.7800000e+01  -3.6988372e+05  -2.1059309e+05
   2.7900000e+01  -3.5249538e+05  -2.3046677e+05
   2.8000000e+01  -3.2092069e+05  -2.4546684e+05
   2.8100000e+01  -2.7254381e+05  -2.5093408e+05
   2.8200000e+01  -2.1310397e+05  -2.4019319e+05
   2.8300000e+01  -1.5351330e+05  -2.1002672e+05
   2.8400000e+01  -1.0109886e+05  -1.6268995e+05
   2.8500000e+01  -5.4934578e+04  -1.0400362e+05
   2.8600000e+01  -9.9062461e+03  -4.0232605e+04
   2.8700000e+01   3.6117258e+04   2.4319152e+04
   2.8800000e+01   8.0781711e+04   8.8581812e+04
   2.8900000e+01   1.2228434e+05   1.5419620e+05
   2.9000000e+01   1.6277472e+05   2.2253839e+05
   2.9100000e+01   2.0387591e+05   2.9098934e+05
   2.9200000e+01   2.3940123e+05   3.5230284e+05
   2.9300000e+01   2.5617055e+05   3.9889219e+05
   2.9400000e+01   2.4487638e+05   4.2866159e+05
   2.9500000e+01   2.0953341e+05   4.4643012e+05
   2.9600000e+01   1.6419427e+05   4.5861406e+05
   2.9700000e+01   1.2051412e+05   4.6546481e+05
   2.9800000e+01   8.0482195e+04   4.5821131e+05
   2.9900000e+01   4.1140062e+04   4.2455834e+05
   3.0000000e+01   2.7455977e+03   3.5824125e+05
   3.0100000e+01  -3.0790465e+04   2.6407988e+05
   3.0200000e+01  -5.8032219e+04   1.5397388e+05
   3.0300000e+01  -8.2581094e+04   3.8216250e+04
   3.0400000e+01  -1.0836950e+05  -7.9005031e+04
   3.0500000e+01  -1.3501972e+05  -1.9622792e+05
   3.0600000e+01  -1.5985620e+05  -3.0873600e+05
   3.0700000e+01  -1.8268678e+05  -4.0745488e+05
   3.0800000e+01  -2.0538961e+05  -4.8363041e+05
   3.0900000e+01  -2.2637508e+05  -5.3374462e+05
   3.1000000e+01  -2.3799772e+05  -5.6033106e+05
   3.1100000e+01  -2.3165325e+05  -5.6973962e+05
   3.1200000e+01  -2.0574559e+05  -5.6949944e+05
   3.1300000e+01  -1.6854116e+05  -5.6527219e+05
   3.1400000e+01  -1.3362069e+05  -5.5688506e+05
   3.1500000e+01  -1.1181361e+05  -5.3630031e+05
   3.1600000e+01  -1.0448074e+05  -4.9144241e+05
   3.1700000e+01  -1.0149808e+05  -4.1463538e+05
   3.1800000e+01  -8.6203711e+04  -3.0879953e+05
   3.1900000e+01  -4.6525762e+04  -1.8612453e+05
   3.2000000e+01   1.4624459e+04  -6.1078223e+04
   3.2100000e+01   7.9429562e+04   5.6165965e+04
   3.2200000e+01   1.2810503e+05   1.6199881e+05
   3.2300000e+01   1.5426566e+05   2.5740989e+05
   3.2400000e+01   1.6817483e+05   3.4334884e+05
   3.2500000e+01   1.8469978e+05   4.1575259e+05
   3.2600000e+01   2.0847231e+05   4.6443819e+05
   3.2700000e+01   2.3120995e+05   4.7928072e+05
   3.2800000e+01   2.4243669e+05   4.6040238e+05
   3.2900000e+01   2.4068700e+05   4.2231675e+05
   3.3000000e+01   2.3341652e+05   3.8525244e+05
   3.3100000e+01   2.2759580e+05   3.5993881e+05
   3.3200000e+01   2.2261059e+05   3.4085228e+05
   3.3300000e+01   2.1248234e+05   3.1541247e+05
   3.3400000e+01   1.9290672e+05   2.7959250e+05
   3.3500000e+01   1.6428183e+05   2.4297814e+05
   3.3600000e+01   1.2843475e+05   2.1759712e+05
   3.3700000e+01   8.4806414e+04   2.0257106e+05
   3.3800000e+01   3.1809057e+04   1.8123953e+05
   3.3900000e+01  -2.7995121e+04   1.3421678e+05
   3.4000000e+01  -8.5438172e+04   5.5514523e+04
   3.4100000e+01  -1.2902256e+05  -4.3538836e+04
   3.4200000e+01  -1.5272411e+05  -1.4489627e+05
   3.4300000e+01  -1.6001669e+05  -2.3717786e+05
   3.4400000e+01  -1.6009431e+05  -3.1915556e+05
   3.4500000e+01  -1.5959673e+05  -3.9251194e+05
   3.4600000e+01  -1.5725188e+05  -4.5421269e+05
   3.4700000e+01  -1.4595314e+05  -4.9731444e+05
   3.4800000e+01  -1.2005593e+05  -5.1753350e+05
   3.4900000e+01  -8.1528680e+04  -5.1575016e+05
   3.5000000e+01  -4.0144961e+04  -4.9278553e+05
   3.5100000e+01  -7.8340645e+03  -4.4420641e+05
   3.5200000e+01   8.6414531e+03  -3.6402475e+05
   3.5300000e+01   1.1605617e+04  -2.5440652e+05
   3.5400000e+01   1.0102432e+04  -1.2902628e+05
   3.5500000e+01   1.2590121e+04  -4.0099209e+03
   3.5600000e+01   2.0031379e+04   1.1431261e+05
   3.5700000e+01   2.5102547e+04   2.3071664e+05
   3.5800000e+01   1.8611508e+04   3.4954597e+05
   3.5900000e+01  -2.0142363e+03   4.6307356e+05
   3.6000000e+01  -2.9270053e+04   5.5233738e+05
   3.6100000e+01  -4.9855781e+04   5.9931375e+05
   3.6200000e+01  -5.2954105e+04   5.9830112e+05
   3.6300000e+01  -3.6242008e+04   5.5685362e+05
   3.6400000e+01  -6.2159023e+03   4.8750991e+05
   3.6500000e+01   2.6091547e+04   3.9902506e+05
   3.6600000e+01   5.0744797e+04   2.9424125e+05
   3.6700000e+01   6.3166227e+04   1.7443102e+05
   3.6800000e+01   6.5490953e+04   4.4097688e+04
   3.6900000e+01   6.4334562e+04  -8.9086508e+04
   3.7000000e+01   6.5777703e+04  -2.1814444e+05
   3.7100000e+01   7.0765875e+04  -3.3840188e+05
   3.7200000e+01   7.4977594e+04  -4.4373300e+05
   3.7300000e+01   7.3931328e+04  -5.2243428e+05
   3.7400000e+01   6.8574031e+04  -5.6029825e+05
   3.7500000e+01   6.5027660e+04  -5.5045094e+05
   3.7600000e+01   6.7880484e+04  -4.9994659e+05
   3.7700000e+01   7.4020828e+04  -4.2476822e+05
   3.7800000e+01   7.4342516e+04  -3.3730738e+05
   3.7900000e+01   6.2238938e+04  -2.3903505e+05
   3.8000000e+01   4.0069570e+04  -1.2554306e+05
   3.8100000e+01   1.7032918e+04   2.1362695e+03
   3.8200000e+01   1.3694844e+03   1.3201447e+05
   3.8300000e+01  -4.9475801e+03   2.4673814e+05
   3.8400000e+01  -5.3663672e+03   3.3457972e+05
   3.8500000e+01  -5.2778203e+03   3.9586534e+05
   3.8600000e+01  -1.0150643e+04   4.3966362e+05
   3.8700000e+01  -2.4713758e+04   4.7375638e+05
   3.8800000e+01  -5.0642176e+04   4.9608816e+05
   3.8900000e+01  -8.4032031e+04   4.9486259e+05
   3.9000000e+01  -1.1694953e+05   4.5773381e+05
   3.9100000e+01  -1.4352344e+05   3.8268575e+05
   3.9200000e+01  -1.6464677e+05   2.8108719e+05
   3.9300000e+01  -1.8553277e+05   1.7014867e+05
   3.9400000e+01  -2.0828925e+05   6.1920137e+04
   3.9500000e+01  -2.2795325e+05  -4.0982656e+04
   3.9600000e+01  -2.3695962e+05  -1.3998580e+05
   3.9700000e+01  -2.3350628e+05  -2.3232575e+05
   3.9800000e+01  -2.2479659e+05  -3.0873403e+05
   3.9900000e+01  -2.2160078e+05  -3.5874425e+05
   4.0000000e+01  -2.2938220e+05  -3.7784794e+05
   4.0100000e+01  -2.4388267e+05  -3.7029156e+05
   4.0200000e+01  -2.5398353e+05  -3.4633153e+05
   4.0300000e+01  -2.4838469e+05  -3.1668647e+05
   4.0400000e+01  -2.2106748e+05  -2.8705475e+05
   4.0500000e+01  -1.7313850e+05  -2.5474556e+05
   4.0600000e+01  -1.1144738e+05  -2.0977625e+05
   4.0700000e+01  -4.5266750e+04  -1.4186153e+05
   4.0800000e+01   1.7743992e+04  -5.0365492e+04
   4.0900000e+01   7.4874156e+04   5.0226785e+04
   4.1000000e+01   1.2922095e+05   1.3539267e+05
   4.1100000e+01   1.8667762e+05   1.8415919e+05
   4.1200000e+01   2.4964728e+05   1.9115120e+05
   4.1300000e+01   3.1139372e+05   1.6729806e+05
   4.1400000e+01   3.5675159e+05   1.2863631e+05
   4.1500000e+01   3.7141306e+05   8.3006805e+04
   4.1600000e+01   3.5385025e+05   2.6384490e+04
   4.1700000e+01   3.1888862e+05  -4.8243203e+04
   4.1800000e+01   2.8758131e+05  -1.3837228e+05
   4.1900000e+01   2.7112338e+05  -2.2825278e+05
   4.2000000e+01   2.6359762e+05  -2.9764750e+05
   4.2100000e+01   2.5048522e+05  -3.3458109e+05
   4.2200000e+01   2.2442459e+05  -3.4044272e+05
   4.2300000e+01   1.9292381e+05  -3.2439694e+05
   4.2400000e+01   1.7143259e+05  -2.9422669e+05
   4.2500000e+01   1.6950180e+05  -2.5187909e+05
   4.2600000e+01   1.8310395e+05  -1.9522350e+05
   4.2700000e+01   1.9883894e+05  -1.2213795e+05
   4.2800000e+01   2.0464792e+05  -3.3600867e+04
   4.2900000e+01   1.9724217e+05   6.5124109e+04
   4.3000000e+01   1.8103892e+05   1.6584447e+05
   4.3100000e+01   1.6140770e+05   2.6156697e+05
   4.3200000e+01   1.3936503e+05   3.5045922e+05
   4.3300000e+01   1.1240973e+05   4.3470291e+05
   4.3400000e+01   7.9651406e+04   5.1372531e+05
   4.3500000e+01   4.4965051e+04   5.7866012e+05
   4.3600000e+01   1.4009068e+04   6.1530150e+05
   4.3700000e+01  -1.2356162e+04   6.1377400e+05
   4.3800000e+01  -4.1324156e+04   5.7506569e+05
   4.3900000e+01  -8.3941805e+04   5.0789291e+05
   4.4000000e+01  -1.4664369e+05   4.2042016e+05
   4.4100000e+01  -2.2595081e+05   3.1653938e+05
   4.4200000e+01  -3.1058234e+05   1.9975720e+05
   4.4300000e+01  -3.8822872e+05   7.8111094e+04
   4.4400000e+01  -4.5076500e+05  -3.7179805e+04
   4.4500000e+01  -4.9474453e+05  -1.3828214e+05
   4.4600000e+01  -5.1935778e+05  -2.2483588e+05
   4.4700000e+01  -5.2551825e+05  -3.0069812e+05
   4.4800000e+01  -5.1640266e+05  -3.6692666e+05
   4.4900000e+01  -4.9664472e+05  -4.1871356e+05
   4.5000000e+01  -4.6897603e+05  -4.4945991e+05
   4.5100000e+01  -4.3147953e+05  -4.5738878e+05
   4.5200000e+01  -3.7951738e+05  -4.4749625e+05
   4.5300000e+01  -3.1144662e+05  -4.2674975e+05
   4.5400000e+01  -2.3200480e+05  -3.9759019e+05
   4.5500000e+01  -1.4899133e+05  -3.5637900e+05
   4.5600000e+01  -6.6753016e+04  -2.9805056e+05
   4.5700000e+01   1.5361250e+04  -2.2187369e+05
   4.5800000e+01   9.6812453e+04  -1.3267947e+05
   4.5900000e+01   1.6923047e+05  -3.7258844e+04
   4.6000000e+01   2.1886841e+05   5.9367133e+04
   4.6100000e+01   2.3795794e+05   1.5375508e+05
   4.6200000e+01   2.3358181e+05   2.4076606e+05
   4.6300000e+01   2.2366588e+05   3.1152044e+05
   4.6400000e+01   2.2285598e+05   3.5563431e+05
   4.6500000e+01   2.3193414e+05   3.6667631e+05
   4.6600000e+01   2.4083139e+05   3.4671253e+05
   4.6700000e+01   2.4128562e+05   3.0600944e+05
   4.6800000e+01   2.3596453e+05   2.5726612e+05
   4.6900000e+01   2.3553053e+05   2.0824270e+05
   4.7000000e+01   2.4770273e+05   1.5884292e+05
   4.7100000e+01   2.6964859e+05   1.0554328e+05
   4.7200000e+01   2.9059347e+05   4.9034617e+04
   4.7300000e+01   3.0105291e+05  -3.0880615e+03
   4.7400000e+01   2.9935675e+05  -4.2178688e+04
   4.7500000e+01   2.9018150e+05  -6.7084922e+04
   4.7600000e+01   2.7849231e+05  -8.5781844e+04
   4.7700000e+01   2.6610869e+05  -1.0760596e+05
   4.7800000e+01   2.5342544e+05  -1.3396128e+05
   4.7900000e+01   2.4188042e+05  -1.5703045e+05
   4.8000000e+01   2.3237170e+05  -1.6723911e+05
   4.8100000e+01   2.2130592e+05  -1.6137973e+05
   4.8200000e+01   2.0055356e+05  -1.4391566e+05
   4.8300000e+01   1.6356803e+05  -1.2184400e+05
   4.8400000e+01   1.1191217e+05  -9.9147430e+04
   4.8500000e+01   5.4778539e+04  -7.5502805e+04
   4.8600000e+01   1.4956484e+03  -4.9117805e+04
   4.8700000e+01  -4.5344328e+04  -2.0546656e+04
   4.8800000e+01  -8.9688383e+04   5.6366562e+03
   4.8900000e+01  -1.3633284e+05   2.2655672e+04
   4.9000000e+01  -1.8633380e+05   2.5620934e+04
   4.9100000e+01  -2.3713572e+05   1.4568089e+04
   4.9200000e+01  -2.8519769e+05  -6.2803486e+03
   4.9300000e+01  -3.2750850e+05  -3.2061543e+04
   4.9400000e+01  -3.6166197e+05  -5.9528508e+04
   4.9500000e+01  -3.8649116e+05  -8.5459797e+04
   4.9600000e+01  -4.0355697e+05  -1.0368165e+05
   4.9700000e+01  -4.1714775e+05  -1.0565098e+05
   4.9800000e+01  -4.3109797e+05  -8.5971766e+04
   4.9900000e+01  -4.4432641e+05  -4.8248816e+04
   5.0000000e+01  -4.4932366e+05  -5.0768574e+03
   5.0100000e+01  -4.3602334e+05   2.9225195e+04
   5.0200000e+01  -3.9897956e+05   4.7955285e+04
   5.0300000e+01  -3.4244522e+05   5.6076500e+04
   5.0400000e+01  -2.7877603e+05   6.5557422e+04
   5.0500000e+01  -2.2050714e+05   8.5286742e+04
   5.0600000e+01  -1.7203533e+05   1.1317550e+05
   5.0700000e+01  -1.2804094e+05   1.3681469e+05
   5.0800000e+01  -8.0256703e+04   1.4269014e+05
   5.0900000e+01  -2.6130230e+04   1.2679030e+05
   5.1000000e+01   2.9357854e+04   9.7553344e+04
   5.1100000e+01   8.0446945e+04   6.8349641e+04
   5.1200000e+01   1.2812691e+05   4.6325770e+04
   5.1300000e+01   1.7940089e+05   2.7945619e+04
   5.1400000e+01   2.3837728e+05   4.6030547e+03
   5.1500000e+01   2.9882631e+05  -2.8662527e+04
   5.1600000e+01   3.4681075e+05  -7.0479578e+04
   5.1700000e+01   3.7142697e+05  -1.1735030e+05
   5.1800000e+01   3.7333028e+05  -1.6730656e+05
   5.1900000e+01   3.6335294e+05  -2.1749812e+05
   5.2000000e+01   3.5338594e+05  -2.5942042e+05
   5.2100000e+01   3.4800812e+05  -2.7974578e+05
   5.2200000e+01   3.4288734e+05  -2.6836962e+05
   5.2300000e+01   3.2933616e+05  -2.2636058e+05
   5.2400000e+01   3.0067531e+05  -1.6598339e+05
   5.2500000e+01   2.5674216e+05  -1.0299078e+05
   5.2600000e+01   2.0464203e+05  -4.8175613e+04
   5.2700000e+01   1.5489880e+05  -3.9932100e+03
   5.2800000e+01   1.1432956e+05   3.3654422e+04
   5.2900000e+01   8.0639828e+04   7.1430000e+04
   5.3000000e+01   4.4558578e+04   1.1427375e+05
   5.3100000e+01  -5.3042285e+02   1.6173209e+05
   5.3200000e+01  -4.9892414e+04   2.0693500e+05
   5.3300000e+01  -8.9224164e+04   2.4026864e+05
   5.3400000e+01  -1.0680745e+05   2.5611520e+05
   5.3500000e+01  -1.0472428e+05   2.5714380e+05
   5.3600000e+01  -9.7692672e+04   2.5202402e+05
   5.3700000e+01  -1.0003827e+05   2.4848714e+05
   5.3800000e+01  -1.1294705e+05   2.4762730e+05
   5.3900000e+01  -1.2363473e+05   2.4316461e+05
   5.4000000e+01  -1.1677098e+05   2.2485805e+05
   5.4100000e+01  -8.7885656e+04   1.8380805e+05
   5.4200000e+01  -4.7496992e+04   1.1834416e+05
   5.4300000e+01  -1.2799336e+04   3.8246812e+04
   5.4400000e+01   6.1286562e+03  -3.7036777e+04
   5.4500000e+01   1.3976623e+04  -8.8003750e+04
   5.4600000e+01   2.4753336e+04  -1.0665306e+05
   5.4700000e+01   4.7505820e+04  -9.9971562e+04
   5.4800000e+01   7.6016500e+04  -8.1908719e+04
   5.4900000e+01   9.2379812e+04  -6.1787172e+04
   5.5000000e+01   8.1575656e+04  -4.0176777e+04
   5.5100000e+01   4.3814168e+04  -1.4410977e+04
   5.5200000e+01  -5.9474395e+03   1.4164970e+04
   5.5300000e+01  -4.9452844e+04   3.9209137e+04
   5.5400000e+01  -7.6597406e+04   5.4358090e+04
   5.5500000e+01  -8.8469992e+04   5.7779844e+04
   5.5600000e+01  -9.2830688e+04   5.1834453e+04
   5.5700000e+01  -9.8201188e+04   3.9179617e+04
   5.5800000e+01  -1.1038074e+05   1.9735789e+04
   5.5900000e+01  -1.3070488e+05  -8.4864609e+03
   5.6000000e+01  -1.5489091e+05  -4.5199637e+04
   5.6100000e+01  -1.7392153e+05  -8.3876000e+04
   5.6200000e+01  -1.7861180e+05  -1.1240469e+05
   5.6300000e+01  -1.6558380e+05  -1.1985502e+05
   5.6400000e+01  -1.3931973e+05  -1.0523630e+05
   5.6500000e+01  -1.0790065e+05  -8.0703039e+04
   5.6600000e+01  -7.6698703e+04  -6.4887703e+04
   5.6700000e+01  -4.6684031e+04  -7.0275250e+04
   5.6800000e+01  -1.8519312e+04  -9.4295125e+04
   5.6900000e+01   3.4183750e+03  -1.2131675e+05
   5.7000000e+01   1.2658551e+04  -1.3402470e+05
   5.7100000e+01   6.1142998e+03  -1.2537049e+05
   5.7200000e+01  -1.3317505e+04  -1.0228028e+05
   5.7300000e+01  -3.9975938e+04  -7.9029094e+04
   5.7400000e+01  -7.0067984e+04  -6.6162664e+04
   5.7500000e+01  -1.0197678e+05  -6.3968109e+04
   5.7600000e+01  -1.3249428e+05  -6.5272258e+04
   5.7700000e+01  -1.5448500e+05  -6.4059910e+04
   5.7800000e+01  -1.5968900e+05  -6.1295414e+04
   5.7900000e+01  -1.4435727e+05  -6.2431891e+04
   5.8000000e+01  -1.1226151e+05  -6.9631234e+04
   5.8100000e+01  -7.2020266e+04  -7.7063500e+04
   5.8200000e+01  -3.0634643e+04  -7.4334617e+04
   5.8300000e+01   1.1532643e+04  -5.4905250e+04
   5.8400000e+01   5.9728312e+04  -2.1950299e+04
   5.8500000e+01   1.1785616e+05   1.2886104e+04
   5.8600000e+01   1.8157095e+05   3.6359617e+04
   5.8700000e+01   2.3866467e+05   4.1475766e+04
   5.8800000e+01   2.7772575e+05   3.2138406e+04
   5.8900000e+01   2.9739572e+05   2.1868562e+04
   5.9000000e+01   3.0697850e+05   2.5884900e+04
   5.9100000e+01   3.1739469e+05   4.9992387e+04
   5.9200000e+01   3.3097478e+05   8.4235422e+04
   5.9300000e+01   3.3920597e+05   1.0825704e+05
   5.9400000e+01   3.2943381e+05   1.0641267e+05
   5.9500000e+01   2.9401066e+05   8.0963680e+04
   5.9600000e+01   2.3526073e+05   5.1637359e+04
   5.9700000e+01   1.6440853e+05   4.1172676e+04
   5.9800000e+01   9.6239578e+04   5.8718055e+04
   5.9900000e+01   4.2119598e+04   9.4336289e+04
   6.0000000e+01   4.3588105e+03   1.2776211e+05
   6.0100000e+01  -2.4729674e+04   1.4315297e+05
   6.0200000e+01  -5.7556816e+04   1.3846428e+05
   6.0300000e+01  -1.0255091e+05   1.2380373e+05
   6.0400000e+01  -1.5801612e+05   1.1155698e+05
   6.0500000e+01  -2.1314909e+05   1.0637486e+05
   6.0600000e+01  -2.5546500e+05   1.0267680e+05
   6.0700000e+01  -2.7889400e+05   9.1381109e+04
   6.0800000e+01  -2.8625612e+05   6.9627109e+04
   6.0900000e+01  -2.8452934e+05   4.3962188e+04
   6.1000000e+01  -2.7784422e+05   2.3237725e+04
   6.1100000e+01  -2.6534859e+05   7.9986113e+03
   6.1200000e+01  -2.4576434e+05  -1.2329627e+04
   6.1300000e+01  -2.2243223e+05  -5.0411258e+04
   6.1400000e+01  -2.0152398e+05  -1.0820566e+05
   6.1500000e+01  -1.8459506e+05  -1.7277261e+05
   6.1600000e+01  -1.6499658e+05  -2.2503283e+05
   6.1700000e+01  -1.3438242e+05  -2.5379405e+05
   6.1800000e+01  -9.3151609e+04  -2.6284209e+05
   6.1900000e+01  -5.2433531e+04  -2.6538266e+05
   6.2000000e+01  -2.4055873e+04  -2.7121162e+05
   6.2100000e+01  -8.9310488e+03  -2.7813916e+05
   6.2200000e+01   3.4782539e+03  -2.7522584e+05
   6.2300000e+01   2.4269934e+04  -2.5431438e+05
   6.2400000e+01   5.4737199e+04  -2.1801767e+05
   6.2500000e+01   8.7017938e+04  -1.7563153e+05
   6.2600000e+01   1.1381223e+05  -1.3141811e+05
   6.2700000e+01   1.3610659e+05  -7.8801016e+04
   6.2800000e+01   1.6102797e+05  -7.9478438e+03
   6.2900000e+01   1.9276197e+05   8.1278680e+04
   6.3000000e+01   2.2642781e+05   1.7579175e+05
   6.3100000e+01   2.5146950e+05   2.5922073e+05
   6.3200000e+01   2.6130003e+05   3.2374438e+05
   6.3300000e+01   2.5937775e+05   3.7077081e+05
   6.3400000e+01   2.5526384e+05   4.0150650e+05
   6.3500000e+01   2.5445495e+05   4.1028547e+05
   6.3600000e+01   2.5244475e+05   3.8898675e+05
   6.3700000e+01   2.3920512e+05   3.3681472e+05
   6.3800000e+01   2.0934297e+05   2.6377378e+05
   6.3900000e+01   1.6741456e+05   1.8433892e+05
   6.4000000e+01   1.2354019e+05   1.0872248e+05
   6.4100000e+01   8.4922820e+04   4.0159082e+04
   6.4200000e+01   5.2245797e+04  -2.1343184e+04
   6.4300000e+01   2.2990160e+04  -7.4651562e+04
   6.4400000e+01  -4.5422168e+03  -1.1686409e+05
   6.4500000e+01  -3.2207449e+04  -1.4526114e+05
   6.4600000e+01  -6.5568453e+04  -1.5856094e+05
   6.4700000e+01  -1.1263838e+05  -1.5660712e+05
   6.4800000e+01  -1.7572397e+05  -1.4016595e+05
   6.4900000e+01  -2.4396005e+05  -1.1161548e+05
   6.5000000e+01  -2.9615950e+05  -7.4822133e+04
   6.5100000e+01  -3.1419534e+05  -3.2730875e+04
   6.5200000e+01  -2.9589825e+05   1.5370090e+04
   6.5300000e+01  -2.5581233e+05   7.2969367e+04
   6.5400000e+01  -2.1322042e+05   1.4108716e+05
   6.5500000e+01  -1.7827461e+05   2.1326936e+05
   6.5600000e+01  -1.4768656e+05   2.7618503e+05
   6.5700000e+01  -1.1180925e+05   3.1576538e+05
   6.5800000e+01  -6.5272156e+04   3.2351094e+05
   6.5900000e+01  -1.1988379e+04   2.9847866e+05
   6.6000000e+01   3.8329371e+04   2.4546558e+05
   6.6100000e+01   7.7721375e+04   1.7226905e+05
   6.6200000e+01   1.0466715e+05   8.7045234e+04
   6.6300000e+01   1.2231566e+05  -4.4646562e+03
   6.6400000e+01   1.3275041e+05  -1.0012988e+05
   6.6500000e+01   1.3347189e+05  -1.9860898e+05
   6.6600000e+01   1.2001247e+05  -2.9434322e+05
   6.6700000e+01   9.2084219e+04  -3.7658522e+05
   6.6800000e+01   5.6532086e+04  -4.3543809e+05
   6.6900000e+01   2.3519951e+04  -4.6899284e+05
   6.7000000e+01  -3.5794922e+02  -4.8266856e+05
   6.7100000e+01  -1.5292278e+04  -4.8045797e+05
   6.7200000e+01  -2.5634822e+04  -4.5820866e+05
   6.7300000e+01  -3.5585227e+04  -4.0758931e+05
   6.7400000e+01  -4.7763320e+04  -3.2682322e+05
   6.7500000e+01  -6.4166438e+04  -2.2596909e+05
   6.7600000e+01  -8.5816039e+04  -1.2084094e+05
   6.7700000e+01  -1.1028522e+05  -2.2671906e+04
   6.7800000e+01  -1.3084594e+05   6.5494703e+04
   6.7900000e+01  -1.4033216e+05   1.4369003e+05
   6.8000000e+01  -1.3701941e+05   2.0906998e+05
   6.8100000e+01  -1.2603567e+05   2.5619450e+05
   6.8200000e+01  -1.1358280e+05   2.8176250e+05
   6.8300000e+01  -9.9320594e+04   2.8700553e+05
   6.8400000e+01  -7.5524234e+04   2.7505844e+05
   6.8500000e+01  -3.5234848e+04   2.4727486e+05
   6.8600000e+01   1.8423301e+04   2.0314244e+05
   6.8700000e+01   7.1895203e+04   1.4350264e+05
   6.8800000e+01   1.1086102e+05   7.3194336e+04
   6.8900000e+01   1.3012390e+05   6.2684961e+02
   6.9000000e+01   1.3398222e+05  -6.5082992e+04
   6.9100000e+01   1.2840359e+05  -1.1765950e+05
   6.9200000e+01   1.1511998e+05  -1.5627292e+05
   6.9300000e+01   9.3941953e+04  -1.8517250e+05
   6.9400000e+01   6.8607008e+04  -2.0920125e+05
   6.9500000e+01   4.7327238e+04  -2.2809728e+05
   6.9600000e+01   3.6483609e+04  -2.3572920e+05
   6.9700000e+01   3.4770750e+04  -2.2660066e+05
   6.9800000e+01   3.4578688e+04  -2.0310575e+05
   6.9900000e+01   2.8946947e+04  -1.7423361e+05
   7.0000000e+01   1.6657898e+04  -1.4568355e+05
   7.0100000e+01   1.0614766e+03  -1.1281105e+05
   7.0200000e+01  -1.4634355e+04  -6.6209312e+04
   7.0300000e+01  -2.9962617e+04  -4.9412383e+03
   7.0400000e+01  -4.5576883e+04   5.8015336e+04
   7.0500000e+01  -6.0258016e+04   1.0585275e+05
   7.0600000e+01  -7.0276906e+04   1.3362197e+05
   7.0700000e+01  -7.1534094e+04   1.5276477e+05
   7.0800000e+01  -6.1788332e+04   1.7976531e+05
   7.0900000e+01  -4.0807352e+04   2.2098011e+05
   7.1000000e+01  -9.2434805e+03   2.6854244e+05
   7.1100000e+01   3.1432520e+04   3.0936366e+05
   7.1200000e+01   7.7307992e+04   3.3610619e+05
   7.1300000e+01   1.2081161e+05   3.4931394e+05
   7.1400000e+01   1.5243966e+05   3.5122866e+05
   7.1500000e+01   1.6543177e+05   3.4045069e+05
   7.1600000e+01   1.6025181e+05   3.1375034e+05
   7.1700000e+01   1.4487888e+05   2.7182566e+05
   7.1800000e+01   1.2961188e+05   2.2125214e+05
   7.1900000e+01   1.1981467e+05   1.6999506e+05
   7.2000000e+01   1.1271834e+05   1.2171097e+05
   7.2100000e+01   1.0139509e+05   7.4954031e+04
   7.2200000e+01   8.2011945e+04   2.6974713e+04
   7.2300000e+01   5.6811055e+04  -2.3107891e+04
   7.2400000e+01   3.0034451e+04  -7.4336500e+04
   7.2500000e+01   2.3862539e+03  -1.2435237e+05
   7.2600000e+01  -2.8670031e+04  -1.6777358e+05
   7.2700000e+01  -6.3059941e+04  -1.9550361e+05
   7.2800000e+01  -9.4473125e+04  -1.9940109e+05
   7.2900000e+01  -1.1453244e+05  -1.8013980e+05
   7.3000000e+01  -1.2102188e+05  -1.4972630e+05
   7.3100000e+01  -1.2131958e+05  -1.2384180e+05
   7.3200000e+01  -1.2691368e+05  -1.0999267e+05
   7.3300000e+01  -1.4363803e+05  -1.0255452e+05
   7.3400000e+01  -1.6610781e+05  -8.8981703e+04
   7.3500000e+01  -1.8112817e+05  -6.0817406e+04
   7.3600000e+01  -1.7749872e+05  -2.0090873e+04
   7.3700000e+01  -1.5432241e+05   2.2557438e+04
   7.3800000e+01  -1.2086614e+05   5.4922793e+04
   7.3900000e+01  -8.8342859e+04   7.0201336e+04
   7.4000000e+01  -6.1595047e+04   6.9961125e+04
   7.4100000e+01  -3.8370227e+04   6.1538387e+04
   7.4200000e+01  -1.5276450e+04   5.1521461e+04
   7.4300000e+01   7.4793125e+03   4.0354410e+04
   7.4400000e+01   2.7327975e+04   2.2954230e+04
   7.4500000e+01   4.2785906e+04  -5.1598574e+03
   7.4600000e+01   5.3375133e+04  -4.2561645e+04
   7.4700000e+01   5.7075539e+04  -8.3045461e+04
   7.4800000e+01   5.1183422e+04  -1.2149750e+05
   7.4900000e+01   3.7478469e+04  -1.5734089e+05
   7.5000000e+01   2.4892084e+04  -1.9157919e+05
   7.5100000e+01   2.4267301e+04  -2.2163606e+05
   7.5200000e+01   3.9504273e+04  -2.4112253e+05
   7.5300000e+01   6.4622070e+04  -2.4545447e+05
   7.5400000e+01   8.9893352e+04  -2.3660809e+05
   7.5500000e+01   1.1016703e+05  -2.2109530e+05
   7.5600000e+01   1.2682852e+05  -2.0365875e+05
   7.5700000e+01   1.4253603e+05  -1.8443511e+05
   7.5800000e+01   1.5527280e+05  -1.6248775e+05
   7.5900000e+01   1.5789561e+05  -1.3997523e+05
   7.6000000e+01   1.4333864e+05  -1.2036898e+05
   7.6100000e+01   1.1070336e+05  -1.0249518e+05
   7.6200000e+01   6.7288172e+04  -7.8774156e+04
   7.6300000e+01   2.5072262e+04  -4.1695363e+04
   7.6400000e+01  -5.7912383e+03   7.7697988e+03
   7.6500000e+01  -2.2016492e+04   5.9466711e+04
   7.6600000e+01  -2.7795652e+04   1.0250377e+05
   7.6700000e+01  -3.1486434e+04   1.3409938e+05
   7.6800000e+01  -4.1081754e+04   1.5978527e+05
   7.6900000e+01  -6.0500195e+04   1.8551180e+05
   7.7000000e+01  -8.7316703e+04   2.1057912e+05
   7.7100000e+01  -1.1289729e+05   2.2862261e+05
   7.7200000e+01  -1.2653378e+05   2.3480291e+05
   7.7300000e+01  -1.2264606e+05   2.3095506e+05
   7.7400000e+01  -1.0563131e+05   2.2309216e+05
   7.7500000e+01  -8.6838461e+04   2.1410044e+05
   7.7600000e+01  -7.5177547e+04   1.9983125e+05
   7.7700000e+01  -7.0097820e+04   1.7347864e+05
   7.7800000e+01  -6.3900469e+04   1.3428638e+05
   7.7900000e+01  -5.0603199e+04   9.1422719e+04
   7.8000000e+01  -3.1995207e+04   5.8285004e+04
   7.8100000e+01  -1.5499910e+04   4.2393785e+04
   7.8200000e+01  -7.4720312e+03   4.0723324e+04
   7.8300000e+01  -9.0291514e+03   4.4372262e+04
   7.8400000e+01  -1.7170562e+04   4.6560336e+04
   7.8500000e+01  -2.8519721e+04   4.5374453e+04
   7.8600000e+01  -4.1947836e+04   3.9974875e+04
   7.8700000e+01  -5.8347824e+04   2.6883855e+04
   7.8800000e+01  -7.7967070e+04   2.1231719e+03
   7.8900000e+01  -9.7589797e+04  -3.2892855e+04
   7.9000000e+01  -1.1086469e+05  -6.8766219e+04
   7.9100000e+01  -1.1272492e+05  -9.2446594e+04
   7.9200000e+01  -1.0388904e+05  -9.4984297e+04
   7.9300000e+01  -9.0079055e+04  -7.6434141e+04
   7.9400000e+01  -7.6361164e+04  -4.5132887e+04
   7.9500000e+01  -6.3300832e+04  -1.3395452e+04
   7.9600000e+01  -4.9283652e+04   7.0757031e+03
   7.9700000e+01  -3.4670820e+04   8.8009824e+03
   7.9800000e+01  -2.0727594e+04  -8.6433672e+03
   7.9900000e+01  -4.2920747e+03  -3.7497707e+04
   8.0000000e+01   2.3115359e+04  -6.4720859e+04
   8.0100000e+01   6.7563172e+04  -7.9314016e+04
   8.0200000e+01   1.2397961e+05  -7.9687695e+04
   8.0300000e+01   1.7704928e+05  -7.4493078e+04
   8.0400000e+01   2.1175803e+05  -7.4971727e+04
   8.0500000e+01   2.2282800e+05  -8.5011289e+04
   8.0600000e+01   2.1472497e+05  -9.7991031e+04
   8.0700000e+01   1.9525830e+05  -1.0312394e+05
   8.0800000e+01   1.7115825e+05  -9.4825992e+04
   8.0900000e+01   1.4823981e+05  -7.6623875e+04
   8.1000000e+01   1.3165972e+05  -5.7746414e+04
   8.1100000e+01   1.2293612e+05  -4.7341438e+04
   8.1200000e+01   1.1691566e+05  -5.0842547e+04
   8.1300000e+01   1.0400431e+05  -6.8160086e+04
   8.1400000e+01   7.7713305e+04  -9.2028188e+04
   8.1500000e+01   4.1330062e+04  -1.0840405e+05
   8.1600000e+01   7.2561934e+03  -1.0238215e+05
   8.1700000e+01  -1.1542314e+04  -6.8074844e+04
   8.1800000e+01  -1.1695922e+04  -1.4637484e+04
   8.1900000e+01  -2.6950859e+03   3.8184938e+04
   8.2000000e+01   5.0413281e+02   7.2669586e+04
   8.2100000e+01  -9.7757109e+03   8.4089656e+04
   8.2200000e+01  -2.7032543e+04   8.1908250e+04
   8.2300000e+01  -3.6545047e+04   8.1430812e+04
   8.2400000e+01  -2.9122244e+04   9.2933094e+04
   8.2500000e+01  -9.3899062e+03   1.1569495e+05
   8.2600000e+01   9.2934277e+03   1.4004575e+05
   8.2700000e+01   1.7300574e+04   1.5519130e+05
   8.2800000e+01   1.5520295e+04   1.5691509e+05
   8.2900000e+01   1.0970944e+04   1.4934564e+05
   8.3000000e+01   8.3600361e+03   1.3972553e+05
   8.3100000e+01   7.3368262e+03   1.3134345e+05
   8.3200000e+01   6.2258740e+03   1.2139138e+05
   8.3300000e+01   5.2312969e+03   1.0523066e+05
   8.3400000e+01   4.8860322e+03   8.1911383e+04
   8.3500000e+01   3.1707881e+03   5.5181152e+04
   8.3600000e+01  -3.9369419e+03   2.9797502e+04
   8.3700000e+01  -1.9310316e+04   7.6905098e+03
   8.3800000e+01  -4.2970758e+04  -1.2616262e+04
   8.3900000e+01  -7.2540578e+04  -3.4115703e+04
   8.4000000e+01  -1.0326117e+05  -5.9345293e+04
   8.4100000e+01  -1.2758753e+05  -8.9003539e+04
   8.4200000e+01  -1.3794227e+05  -1.2070239e+05
   8.4300000e+01  -1.3306236e+05  -1.4870189e+05
   8.4400000e+01  -1.2156142e+05  -1.6632252e+05
   8.4500000e+01  -1.1663320e+05  -1.7043422e+05
   8.4600000e+01  -1.2527569e+05  -1.6418638e+05
   8.4700000e+01  -1.4248833e+05  -1.5458553e+05
   8.4800000e+01  -1.5589873e+05  -1.4635331e+05
   8.4900000e+01  -1.5521492e+05  -1.3776553e+05
   8.5000000e+01  -1.3747117e+05  -1.2278432e+05
   8.5100000e+01  -1.0601702e+05  -9.7552172e+04
   8.5200000e+01  -6.7822359e+04  -6.4727102e+04
   8.5300000e+01  -3.1854633e+04  -3.1406229e+04
   8.5400000e+01  -6.3674395e+03  -3.2035684e+03
   8.5500000e+01   5.9724697e+03   1.9257279e+04
   8.5600000e+01   1.0718644e+04   3.8707234e+04
   8.5700000e+01   1.7436916e+04   5.7807293e+04
   8.5800000e+01   3.1469359e+04   7.8268727e+04
   8.5900000e+01   4.9976254e+04   1.0202504e+05
   8.6000000e+01   6.6116141e+04   1.3051913e+05
   8.6100000e+01   7.6113648e+04   1.6131508e+05
   8.6200000e+01   8.1677141e+04   1.8667361e+05
   8.6300000e+01   8.6787367e+04   1.9816773e+05
   8.6400000e+01   9.3893750e+04   1.9415559e+05
   8.6500000e+01   1.0292150e+05   1.8183838e+05
   8.6600000e+01   1.1155302e+05   1.7018400e+05
   8.6700000e+01   1.1493297e+05   1.6014306e+05
   8.6800000e+01   1.0665441e+05   1.4266441e+05
   8.6900000e+01   8.3160469e+04   1.0749495e+05
   8.7000000e+01   4.8590699e+04   5.4295734e+04
   8.7100000e+01   1.4041014e+04  -5.2163203e+03
   8.7200000e+01  -9.8354062e+03  -5.6325148e+04
   8.7300000e+01  -2.0125414e+04  -9.2606656e+04
   8.7400000e+01  -2.1590465e+04  -1.1894134e+05
   8.7500000e+01  -2.0138049e+04  -1.4466777e+05
   8.7600000e+01  -1.7673871e+04  -1.7455589e+05
   8.7700000e+01  -1.3481023e+04  -2.0567450e+05
   8.7800000e+01  -8.7211455e+03  -2.3107575e+05
   8.7900000e+01  -7.0925625e+03  -2.4509719e+05
   8.8000000e+01  -1.0222797e+04  -2.4549333e+05
   8.8100000e+01  -1.3723720e+04  -2.3222978e+05
   8.8200000e+01  -9.8142832e+03  -2.0592150e+05
   8.8300000e+01   4.9810508e+03  -1.6808623e+05
   8.8400000e+01   2.4709764e+04  -1.2252975e+05
   8.8500000e+01   3.7146172e+04  -7.5532805e+04
   8.8600000e+01   3.3088109e+04  -3.3565625e+04
   8.8700000e+01   1.4012456e+04   5.2960938e+01
   8.8800000e+01  -8.1026055e+03   2.6554711e+04
   8.8900000e+01  -1.8497691e+04   4.9655969e+04
   8.9000000e+01  -9.2747217e+03   7.1822984e+04
   8.9100000e+01   1.5306699e+04   9.2239914e+04
   8.9200000e+01   4.1005059e+04   1.0780538e+05
   8.9300000e+01   5.2023234e+04   1.1533016e+05
   8.9400000e+01   4.0771898e+04   1.1274309e+05
   8.9500000e+01   1.2632877e+04   9.9527391e+04
   8.9600000e+01  -1.8017564e+04   7.7877789e+04
   8.9700000e+01  -3.8034359e+04   5.4056109e+04
   8.9800000e+01  -4.4157773e+04   3.7192801e+04
   8.9900000e+01  -4.3268148e+04   3.4427020e+04
   9.0000000e+01  -4.4734531e+04   4.5748785e+04
   9.0100000e+01  -5.2193391e+04   6.3648391e+04
   9.0200000e+01  -6.1747430e+04   7.8659922e+04
   9.0300000e+01  -6.6887359e+04   8.5962984e+04
   9.0400000e+01  -6.4587422e+04   8.6985672e+04
   9.0500000e+01  -5.7255156e+04   8.5108414e+04
   9.0600000e+01  -4.9816086e+04   8.0700508e+04
   9.0700000e+01  -4.5073320e+04   7.1216188e+04
   9.0800000e+01  -4.1098926e+04   5.6302641e+04
   9.0900000e+01  -3.2696203e+04   4.1952656e+04
   9.1000000e+01  -1.6188941e+04   3.8127273e+04
   9.1100000e+01   6.1470781e+03   5.0898141e+04
   9.1200000e+01   2.6550367e+04   7.6294656e+04
   9.1300000e+01   3.8096926e+04   1.0211684e+05
   9.1400000e+01   4.1706367e+04   1.1651727e+05
   9.1500000e+01   4.6473758e+04   1.1558066e+05
   9.1600000e+01   6.1739441e+04   1.0330628e+05
   9.1700000e+01   8.8057250e+04   8.5238609e+04
   9.1800000e+01   1.1619719e+05   6.3193312e+04
   9.1900000e+01   1.3546369e+05   3.6338336e+04
   9.2000000e+01   1.4301692e+05   5.9095376e+03
   9.2100000e+01   1.4493512e+05  -2.3489236e+04
   9.2200000e+01   1.4838634e+05  -4.8439469e+04
   9.2300000e+01   1.5321792e+05  -7.1589523e+04
   9.2400000e+01   1.5149744e+05  -1.0006718e+05
   9.2500000e+01   1.3541300e+05  -1.3799261e+05
   9.2600000e+01   1.0579629e+05  -1.8083330e+05
   9.2700000e+01   7.2939867e+04  -2.1761923e+05
   9.2800000e+01   4.8503852e+04  -2.3863077e+05
   9.2900000e+01   3.5568703e+04  -2.4098798e+05
   9.3000000e+01   2.5884125e+04  -2.2782881e+05
   9.3100000e+01   7.1043223e+03  -2.0362231e+05
   9.3200000e+01  -2.6288277e+04  -1.7093728e+05
   9.3300000e+01  -6.8168992e+04  -1.3104964e+05
   9.3400000e+01  -1.0624731e+05  -8.6538031e+04
   9.3500000e+01  -1.3251755e+05  -4.2605281e+04
   9.3600000e+01  -1.4915342e+05  -5.5449766e+03
   9.3700000e+01  -1.6518017e+05   2.0498559e+04
   9.3800000e+01  -1.8789073e+05   3.5675586e+04
   9.3900000e+01  -2.1690075e+05   4.3479441e+04
   9.4000000e+01  -2.4506217e+05   4.7567312e+04
   9.4100000e+01  -2.6387606e+05   4.9456188e+04
   9.4200000e+01  -2.6801912e+05   4.9121836e+04
   9.4300000e+01  -2.5599245e+05   4.7064863e+04
   9.4400000e+01  -2.2824525e+05   4.4681328e+04
   9.4500000e+01  -1.8592342e+05   4.2149215e+04
   9.4600000e+01  -1.3151750e+05   3.6826914e+04
   9.4700000e+01  -6.9811656e+04   2.5519941e+04
   9.4800000e+01  -7.0532510e+03   9.7139922e+03
   9.4900000e+01   5.1411402e+04  -1.6584512e+03
   9.5000000e+01   1.0262804e+05   3.4782722e+03
   9.5100000e+01   1.4519553e+05   3.1135355e+04
   9.5200000e+01   1.7770658e+05   7.5576211e+04
   9.5300000e+01   1.9914441e+05   1.2358933e+05
   9.5400000e+01   2.1105709e+05   1.6520762e+05
   9.5500000e+01   2.1806366e+05   1.9985945e+05
   9.5600000e+01   2.2441452e+05   2.3150644e+05
   9.5700000e+01   2.2937017e+05   2.5900667e+05
   9.5800000e+01   2.2690206e+05   2.7379956e+05
   9.5900000e+01   2.1135919e+05   2.6817175e+05
   9.6000000e+01   1.8393234e+05   2.4421536e+05
   9.6100000e+01   1.5285030e+05   2.1258864e+05
   9.6200000e+01   1.2624013e+05   1.8261803e+05
   9.6300000e+01   1.0456564e+05   1.5536650e+05
   9.6400000e+01   8.0828258e+04   1.2676557e+05
   9.6500000e+01   4.9138000e+04   9.5485320e+04
   9.6600000e+01   1.3126497e+04   6.5622453e+04
   9.6700000e+01  -1.5206861e+04   4.1779359e+04
   9.6800000e+01  -2.6270875e+04   2.3017805e+04
   9.6900000e+01  -2.2825119e+04   2.3746680e+03
   9.7000000e+01  -1.8457354e+04  -2.7920398e+04
   9.7100000e+01  -2.5318166e+04  -7.0396766e+04
   9.7200000e+01  -4.3081102e+04  -1.2017250e+05
   9.7300000e+01  -5.9953586e+04  -1.6818955e+05
   9.7400000e+01  -6.4118328e+04  -2.0759170e+05
   9.7500000e+01  -5.3795508e+04  -2.3808528e+05
   9.7600000e+01  -3.6810773e+04  -2.6390794e+05
   9.7700000e+01  -2.2102061e+04  -2.8684572e+05
   9.7800000e+01  -1.2896197e+04  -3.0170869e+05
   9.7900000e+01  -7.4311367e+03  -3.0017575e+05
   9.8000000e+01  -4.0472754e+03  -2.7990106e+05
   9.8100000e+01  -3.7407632e+03  -2.4915033e+05
   9.8200000e+01  -7.9120518e+03  -2.2138620e+05
   9.8300000e+01  -1.5442913e+04  -2.0485111e+05
   9.8400000e+01  -2.3642572e+04  -1.9720112e+05
   9.8500000e+01  -3.1983084e+04  -1.8948450e+05
   9.8600000e+01  -4.3220602e+04  -1.7457739e+05
   9.8700000e+01  -5.9318441e+04  -1.5239483e+05
   9.8800000e+01  -7.6597180e+04  -1.2877956e+05
   9.8900000e+01  -8.6848766e+04  -1.1042512e+05
   9.9000000e+01  -8.4716266e+04  -9.9856797e+04
   9.9100000e+01  -7.3427195e+04  -9.3407344e+04
   9.9200000e+01  -6.1579383e+04  -8.3498547e+04
   9.9300000e+01  -5.3791742e+04  -6.4238297e+04
   9.9400000e+01  -4.5942570e+04  -3.6477730e+04
   9.9500000e+01  -3.1026652e+04  -7.8870410e+03
   9.9600000e+01  -9.0962832e+03   1.2589332e+04
   9.9700000e+01   1.0412143e+04   2.1305926e+04
   9.9800000e+01   1.6649439e+04   2.1764615e+04
   9.9900000e+01   6.3863521e+03   2.0316254e+04
   1.0000000e+02  -1.4634900e+04   2.0150633e+04
