   1.1851270e+02   3.6301420e+01   1.8450000e+02
   1.1929980e+02   3.6550927e+01   3.4000000e+01
   0.0000000e+00   8.4024594e+04   8.4024594e+04
   1.0000000e-01   1.0720992e+05   7.8227312e+04
   2.0000000e-01   1.4161612e+05   8.6655000e+04
   3.0000000e-01   1.7787000e+05   9.7914922e+04
   4.0000000e-01   2.1055316e+05   1.0076720e+05
   5.0000000e-01   2.3997602e+05   9.3238734e+04
   6.0000000e-01   2.6789928e+05   8.4497422e+04
   7.0000000e-01   2.9239594e+05   8.6814922e+04
   8.0000000e-01   3.0709938e+05   1.0322732e+05
   9.0000000e-01   3.0510959e+05   1.2115767e+05
   1.0000000e+00   2.8377953e+05   1.1872024e+05
   1.1000000e+00   2.4694309e+05   8.0334695e+04
   1.2000000e+00   2.0344155e+05   9.4771953e+03
   1.3000000e+00   1.6215183e+05  -7.2888914e+04
   1.4000000e+00   1.2538494e+05  -1.4432102e+05
   1.5000000e+00   8.5732523e+04  -1.9826820e+05
   1.6000000e+00   3.1816979e+04  -2.4703022e+05
   1.7000000e+00  -3.8971438e+04  -3.0673941e+05
   1.8000000e+00  -1.1255746e+05  -3.7795469e+05
   1.9000000e+00  -1.6606369e+05  -4.4071284e+05
   2.0000000e+00  -1.8713602e+05  -4.6950353e+05
   2.1000000e+00  -1.8588989e+05  -4.5404262e+05
   2.2000000e+00  -1.8567212e+05  -4.0611022e+05
   2.3000000e+00  -2.0063747e+05  -3.4722106e+05
   2.4000000e+00  -2.2274191e+05  -2.9092966e+05
   2.5000000e+00  -2.3092233e+05  -2.3696844e+05
   2.6000000e+00  -2.1191970e+05  -1.7995117e+05
   2.7000000e+00  -1.7158511e+05  -1.2029636e+05
   2.8000000e+00  -1.2776477e+05  -6.5336695e+04
   2.9000000e+00  -9.4946188e+04  -2.1434328e+04
   3.0000000e+00  -7.5895867e+04   1.2656909e+04
   3.1000000e+00  -6.4731363e+04   4.4342062e+04
   3.2000000e+00  -5.4462500e+04   8.0611609e+04
   3.3000000e+00  -4.1450031e+04   1.2345109e+05
   3.4000000e+00  -2.5791428e+04   1.6976530e+05
   3.5000000e+00  -1.0413389e+04   2.1273344e+05
   3.6000000e+00   9.0463867e+01   2.4229191e+05
   3.7000000e+00   1.8747690e+03   2.4741136e+05
   3.8000000e+00  -5.0512407e+03   2.2342348e+05
   3.9000000e+00  -1.6109807e+04   1.8056961e+05
   4.0000000e+00  -2.5786877e+04   1.4330073e+05
   4.1000000e+00  -3.2884773e+04   1.3475173e+05
   4.2000000e+00  -4.1656043e+04   1.5632486e+05
   4.3000000e+00  -5.6184141e+04   1.8230188e+05
   4.4000000e+00  -7.2689969e+04   1.7910438e+05
   4.5000000e+00  -7.8449266e+04   1.3469759e+05
   4.6000000e+00  -6.0960941e+04   7.0652336e+04
   4.7000000e+00  -2.0262975e+04   2.4064967e+04
   4.8000000e+00   2.8121068e+04   1.5778093e+04
   4.9000000e+00   6.4672418e+04   3.4613418e+04
   5.0000000e+00   8.2390266e+04   5.0582828e+04
   5.1000000e+00   9.2446906e+04   4.1723828e+04
   5.2000000e+00   1.1279020e+05   8.8960029e+03
   5.3000000e+00   1.5030269e+05  -3.1431582e+04
   5.4000000e+00   1.9364125e+05  -6.4412211e+04
   5.5000000e+00   2.2324577e+05  -8.6487133e+04
   5.6000000e+00   2.2831161e+05  -1.0212913e+05
   5.7000000e+00   2.1456462e+05  -1.1565130e+05
   5.8000000e+00   1.9642861e+05  -1.2731750e+05
   5.9000000e+00   1.8196625e+05  -1.3504142e+05
   6.0000000e+00   1.6471250e+05  -1.3709367e+05
   6.1000000e+00   1.2929856e+05  -1.3260506e+05
   6.2000000e+00   6.5511707e+04  -1.2085227e+05
   6.3000000e+00  -2.1169316e+04  -1.0140106e+05
   6.4000000e+00  -1.1110700e+05  -7.4938602e+04
   6.5000000e+00  -1.8287388e+05  -4.3043582e+04
   6.6000000e+00  -2.2668278e+05  -6.5121816e+03
   6.7000000e+00  -2.4816009e+05   3.5671734e+04
   6.8000000e+00  -2.5954012e+05   8.4401312e+04
   6.9000000e+00  -2.6624103e+05   1.3619570e+05
   7.0000000e+00  -2.6130439e+05   1.8085311e+05
   7.1000000e+00  -2.3319728e+05   2.0518588e+05
   7.2000000e+00  -1.7958264e+05   2.0172545e+05
   7.3000000e+00  -1.1346191e+05   1.7494541e+05
   7.4000000e+00  -5.5332648e+04   1.3780953e+05
   7.5000000e+00  -1.8489188e+04   1.0059073e+05
   7.6000000e+00  -5.6997021e+02   6.3181000e+04
   7.7000000e+00   1.2342633e+04   1.9595939e+04
   7.8000000e+00   3.4068906e+04  -3.0435000e+04
   7.9000000e+00   6.8668664e+04  -7.7193742e+04
   8.0000000e+00   1.0818605e+05  -1.1028600e+05
   8.1000000e+00   1.3724583e+05  -1.3053635e+05
   8.2000000e+00   1.4138970e+05  -1.4867828e+05
   8.3000000e+00   1.1552729e+05  -1.7042316e+05
   8.4000000e+00   6.7879664e+04  -1.8512508e+05
   8.5000000e+00   1.5431988e+04  -1.7296180e+05
   8.6000000e+00  -2.7602756e+04  -1.2486612e+05
   8.7000000e+00  -5.9501160e+04  -5.4299605e+04
   8.8000000e+00  -8.9449938e+04   1.2181623e+04
   8.9000000e+00  -1.2472938e+05   5.6749797e+04
   9.0000000e+00  -1.5845334e+05   8.3580141e+04
   9.1000000e+00  -1.7094681e+05   1.1185588e+05
   9.2000000e+00  -1.4553341e+05   1.5631347e+05
   9.3000000e+00  -8.4892188e+04   2.1347531e+05
   9.4000000e+00  -1.2077284e+04   2.6468403e+05
   9.5000000e+00   4.6212492e+04   2.9134778e+05
   9.6000000e+00   7.9913820e+04   2.8823941e+05
   9.7000000e+00   1.0142681e+05   2.6440225e+05
   9.8000000e+00   1.3191264e+05   2.3301989e+05
   9.9000000e+00   1.8061625e+05   2.0039795e+05
   1.0000000e+01   2.3560256e+05   1.6320217e+05
   1.0100000e+01   2.7315641e+05   1.1468623e+05
   1.0200000e+01   2.7614300e+05   5.2908945e+04
   1.0300000e+01   2.4511864e+05  -1.6769676e+04
   1.0400000e+01   1.9490728e+05  -8.6475617e+04
   1.0500000e+01   1.4302580e+05  -1.5243411e+05
   1.0600000e+01   1.0081555e+05  -2.1661055e+05
   1.0700000e+01   7.1436695e+04  -2.8208003e+05
   1.0800000e+01   5.1322477e+04  -3.4742875e+05
   1.0900000e+01   3.1830941e+04  -4.0610516e+05
   1.1000000e+01   2.4932327e+03  -4.5073328e+05
   1.1100000e+01  -4.2341324e+04  -4.7704488e+05
   1.1200000e+01  -9.7065000e+04  -4.8365166e+05
   1.1300000e+01  -1.4557550e+05  -4.6997803e+05
   1.1400000e+01  -1.7126500e+05  -4.3689656e+05
   1.1500000e+01  -1.6894589e+05  -3.8968528e+05
   1.1600000e+01  -1.4805867e+05  -3.3764116e+05
   1.1700000e+01  -1.2372753e+05  -2.8742216e+05
   1.1800000e+01  -1.0358060e+05  -2.3583930e+05
   1.1900000e+01  -8.2559219e+04  -1.7122284e+05
   1.2000000e+01  -5.0481844e+04  -8.4386867e+04
   1.2100000e+01  -4.7288398e+03   2.1036602e+04
   1.2200000e+01   4.4592723e+04   1.2971252e+05
   1.2300000e+01   8.1777578e+04   2.2601716e+05
   1.2400000e+01   9.7012266e+04   3.0370369e+05
   1.2500000e+01   9.0565320e+04   3.6474703e+05
   1.2600000e+01   6.7314992e+04   4.1114338e+05
   1.2700000e+01   3.0362582e+04   4.4042966e+05
   1.2800000e+01  -1.8046412e+04   4.4927009e+05
   1.2900000e+01  -7.1125430e+04   4.3902472e+05
   1.3000000e+01  -1.1742490e+05   4.1590259e+05
   1.3100000e+01  -1.4897803e+05   3.8618453e+05
   1.3200000e+01  -1.6860348e+05   3.5277875e+05
   1.3300000e+01  -1.8591138e+05   3.1637962e+05
   1.3400000e+01  -2.0424031e+05   2.7840300e+05
   1.3500000e+01  -2.1285253e+05   2.4193605e+05
   1.3600000e+01  -1.9496052e+05   2.1067653e+05
   1.3700000e+01  -1.4522148e+05   1.8774489e+05
   1.3800000e+01  -7.8645023e+04   1.7444291e+05
   1.3900000e+01  -2.0077965e+04   1.6807914e+05
   1.4000000e+01   1.7112605e+04   1.6047136e+05
   1.4100000e+01   4.3055648e+04   1.4058506e+05
   1.4200000e+01   8.2521891e+04   1.0156503e+05
   1.4300000e+01   1.5318905e+05   4.6865363e+04
   1.4400000e+01   2.4982039e+05  -1.0751227e+04
   1.4500000e+01   3.4607866e+05  -5.7876254e+04
   1.4600000e+01   4.1037959e+05  -9.0495750e+04
   1.4700000e+01   4.2363997e+05  -1.1752526e+05
   1.4800000e+01   3.8884525e+05  -1.5443519e+05
   1.4900000e+01   3.2823853e+05  -2.1052588e+05
   1.5000000e+01   2.6905931e+05  -2.7874338e+05
   1.5100000e+01   2.2497080e+05  -3.3708219e+05
   1.5200000e+01   1.8642792e+05  -3.6328688e+05
   1.5300000e+01   1.3034986e+05  -3.5275772e+05
   1.5400000e+01   4.3540203e+04  -3.2359912e+05
   1.5500000e+01  -6.1367645e+04  -3.0177541e+05
   1.5600000e+01  -1.5452392e+05  -2.9822306e+05
   1.5700000e+01  -2.1510389e+05  -2.9964284e+05
   1.5800000e+01  -2.4914716e+05  -2.8259444e+05
   1.5900000e+01  -2.8102925e+05  -2.3702455e+05
   1.6000000e+01  -3.2782803e+05  -1.7561277e+05
   1.6100000e+01  -3.8233538e+05  -1.2058841e+05
   1.6200000e+01  -4.1963716e+05  -8.3229094e+04
   1.6300000e+01  -4.1847328e+05  -5.7261188e+04
   1.6400000e+01  -3.7750803e+05  -3.0608246e+04
   1.6500000e+01  -3.1531688e+05  -5.8932422e+02
   1.6600000e+01  -2.5744970e+05   2.3277166e+04
   1.6700000e+01  -2.2067522e+05   2.9074459e+04
   1.6800000e+01  -2.0339203e+05   1.2561654e+04
   1.6900000e+01  -1.8780627e+05  -2.1427143e+04
   1.7000000e+01  -1.5403228e+05  -6.3450852e+04
   1.7100000e+01  -9.7490625e+04  -1.0259384e+05
   1.7200000e+01  -3.5262934e+04  -1.2748275e+05
   1.7300000e+01   6.1784204e+03  -1.3007823e+05
   1.7400000e+01   1.2695984e+04  -1.1261363e+05
   1.7500000e+01  -5.7603491e+03  -8.9608445e+04
   1.7600000e+01  -2.4032660e+04  -7.8120352e+04
   1.7700000e+01  -2.2127688e+04  -8.1888148e+04
   1.7800000e+01   2.0013435e+03  -8.4335172e+04
   1.7900000e+01   3.6647402e+04  -5.8982414e+04
   1.8000000e+01   6.9670664e+04   1.0618208e+04
   1.8100000e+01   9.7067750e+04   1.1829064e+05
   1.8200000e+01   1.2176217e+05   2.3964523e+05
   1.8300000e+01   1.4825500e+05   3.4832091e+05
   1.8400000e+01   1.7947811e+05   4.3055197e+05
   1.8500000e+01   2.1591741e+05   4.8806925e+05
   1.8600000e+01   2.5448616e+05   5.2955681e+05
   1.8700000e+01   2.8834031e+05   5.5939894e+05
   1.8800000e+01   3.1088516e+05   5.7334244e+05
   1.8900000e+01   3.2224116e+05   5.6344512e+05
   1.9000000e+01   3.3073331e+05   5.2569825e+05
   1.9100000e+01   3.4524006e+05   4.6226594e+05
   1.9200000e+01   3.6488512e+05   3.7806562e+05
   1.9300000e+01   3.7766441e+05   2.7852675e+05
   1.9400000e+01   3.7118725e+05   1.7212281e+05
   1.9500000e+01   3.4526650e+05   7.2151016e+04
   1.9600000e+01   3.1321094e+05  -8.8930430e+03
   1.9700000e+01   2.9013238e+05  -6.8701766e+04
   1.9800000e+01   2.7968512e+05  -1.1658460e+05
   1.9900000e+01   2.7149466e+05  -1.6222753e+05
   2.0000000e+01   2.5051280e+05  -2.0244694e+05
   2.0100000e+01   2.0900083e+05  -2.2126031e+05
   2.0200000e+01   1.5125194e+05  -2.0530141e+05
   2.0300000e+01   8.8674484e+04  -1.5966998e+05
   2.0400000e+01   3.0494809e+04  -1.0768976e+05
   2.0500000e+01  -2.2328611e+04  -7.3838250e+04
   2.0600000e+01  -7.5706898e+04  -6.5818742e+04
   2.0700000e+01  -1.3547123e+05  -7.2469656e+04
   2.0800000e+01  -2.0142444e+05  -7.8384664e+04
   2.0900000e+01  -2.6780334e+05  -7.9800414e+04
   2.1000000e+01  -3.2910453e+05  -8.6038805e+04
   2.1100000e+01  -3.8489009e+05  -1.0674984e+05
   2.1200000e+01  -4.3889047e+05  -1.4018081e+05
   2.1300000e+01  -4.9424344e+05  -1.7529453e+05
   2.1400000e+01  -5.5005112e+05  -2.0396347e+05
   2.1500000e+01  -6.0133588e+05  -2.2832692e+05
   2.1600000e+01  -6.4040344e+05  -2.5557644e+05
   2.1700000e+01  -6.5833538e+05  -2.8827853e+05
   2.1800000e+01  -6.4817062e+05  -3.2291509e+05
   2.1900000e+01  -6.0986844e+05  -3.5745559e+05
   2.2000000e+01  -5.5230131e+05  -3.9625822e+05
   2.2100000e+01  -4.8758359e+05  -4.4378441e+05
   2.2200000e+01  -4.2112725e+05  -4.9366631e+05
   2.2300000e+01  -3.4766550e+05  -5.2746456e+05
   2.2400000e+01  -2.5871741e+05  -5.2749388e+05
   2.2500000e+01  -1.5423091e+05  -4.9160038e+05
   2.2600000e+01  -4.5645211e+04  -4.3430816e+05
   2.2700000e+01   5.3031379e+04  -3.7279347e+05
   2.2800000e+01   1.3609648e+05  -3.1184416e+05
   2.2900000e+01   2.0754117e+05  -2.4206412e+05
   2.3000000e+01   2.7322816e+05  -1.5117889e+05
   2.3100000e+01   3.3397988e+05  -3.6119973e+04
   2.3200000e+01   3.8631534e+05   9.4355680e+04
   2.3300000e+01   4.2718259e+05   2.2570747e+05
   2.3400000e+01   4.5563347e+05   3.4485341e+05
   2.3500000e+01   4.7079634e+05   4.4371953e+05
   2.3600000e+01   4.7124041e+05   5.1943709e+05
   2.3700000e+01   4.5797172e+05   5.7281731e+05
   2.3800000e+01   4.3705519e+05   6.0549531e+05
   2.3900000e+01   4.1759978e+05   6.1673306e+05
   2.4000000e+01   4.0649066e+05   6.0281362e+05
   2.4100000e+01   4.0460391e+05   5.6104875e+05
   2.4200000e+01   4.0664931e+05   4.9597772e+05
   2.4300000e+01   4.0336638e+05   4.2191459e+05
   2.4400000e+01   3.8508194e+05   3.5786069e+05
   2.4500000e+01   3.4663162e+05   3.1694703e+05
   2.4600000e+01   2.9133597e+05   2.9793734e+05
   2.4700000e+01   2.2935742e+05   2.8610394e+05
   2.4800000e+01   1.6951828e+05   2.6409116e+05
   2.4900000e+01   1.1144122e+05   2.2478628e+05
   2.5000000e+01   4.6623508e+04   1.7546634e+05
   2.5100000e+01  -3.1648580e+04   1.2976873e+05
   2.5200000e+01  -1.1958952e+05   9.5445281e+04
   2.5300000e+01  -2.0440333e+05   6.9564070e+04
   2.5400000e+01  -2.7372100e+05   4.4137555e+04
   2.5500000e+01  -3.2278875e+05   1.3836770e+04
   2.5600000e+01  -3.5360809e+05  -2.3085475e+04
   2.5700000e+01  -3.7021122e+05  -6.9141328e+04
   2.5800000e+01  -3.7667944e+05  -1.2831496e+05
   2.5900000e+01  -3.7756778e+05  -1.9977673e+05
   2.6000000e+01  -3.7557647e+05  -2.7228644e+05
   2.6100000e+01  -3.6665491e+05  -3.2826797e+05
   2.6200000e+01  -3.4040112e+05  -3.5550103e+05
   2.6300000e+01  -2.9023112e+05  -3.5470409e+05
   2.6400000e+01  -2.2447566e+05  -3.3531950e+05
   2.6500000e+01  -1.6372702e+05  -3.0482528e+05
   2.6600000e+01  -1.2271644e+05  -2.6341356e+05
   2.6700000e+01  -9.4187586e+04  -2.0878109e+05
   2.6800000e+01  -5.3842965e+04  -1.4406355e+05
   2.6900000e+01   1.5619983e+04  -7.9053172e+04
   2.7000000e+01   1.0462810e+05  -2.3201967e+04
   2.7100000e+01   1.8135448e+05   2.1558867e+04
   2.7200000e+01   2.1690398e+05   5.9993648e+04
   2.7300000e+01   2.0768331e+05   9.5586383e+04
   2.7400000e+01   1.7601103e+05   1.2445544e+05
   2.7500000e+01   1.5081105e+05   1.3844050e+05
   2.7600000e+01   1.4578139e+05   1.3445797e+05
   2.7700000e+01   1.5125100e+05   1.1954459e+05
   2.7800000e+01   1.4363830e+05   1.0487745e+05
   2.7900000e+01   1.0423828e+05   9.4199883e+04
   2.8000000e+01   3.3700969e+04   7.9295312e+04
   2.8100000e+01  -4.8067309e+04   4.8431758e+04
   2.8200000e+01  -1.1622439e+05  -5.7535645e+02
   2.8300000e+01  -1.5807041e+05  -5.6936484e+04
   2.8400000e+01  -1.7934344e+05  -1.0730458e+05
   2.8500000e+01  -1.9586922e+05  -1.4885991e+05
   2.8600000e+01  -2.1910706e+05  -1.9068077e+05
   2.8700000e+01  -2.4754659e+05  -2.4195592e+05
   2.8800000e+01  -2.6885822e+05  -2.9990688e+05
   2.8900000e+01  -2.6906103e+05  -3.4985334e+05
   2.9000000e+01  -2.4203280e+05  -3.7626991e+05
   2.9100000e+01  -1.9419967e+05  -3.7328175e+05
   2.9200000e+01  -1.4142031e+05  -3.4622478e+05
   2.9300000e+01  -9.8530750e+04  -3.0587200e+05
   2.9400000e+01  -6.8012938e+04  -2.6137686e+05
   2.9500000e+01  -3.7838758e+04  -2.1540094e+05
   2.9600000e+01   7.4267886e+03  -1.6283953e+05
   2.9700000e+01   7.1094391e+04  -9.5175422e+04
   2.9800000e+01   1.3951305e+05  -9.7916602e+03
   2.9900000e+01   1.9359762e+05   8.3451969e+04
   3.0000000e+01   2.2579550e+05   1.6735059e+05
   3.0100000e+01   2.4589675e+05   2.3201880e+05
   3.0200000e+01   2.7061034e+05   2.8422678e+05
   3.0300000e+01   3.0762450e+05   3.3966866e+05
   3.0400000e+01   3.4859456e+05   4.0470384e+05
   3.0500000e+01   3.7567712e+05   4.6643106e+05
   3.0600000e+01   3.7482031e+05   5.0115022e+05
   3.0700000e+01   3.4563075e+05   4.9206550e+05
   3.0800000e+01   3.0157403e+05   4.3981572e+05
   3.0900000e+01   2.6070680e+05   3.5963872e+05
   3.1000000e+01   2.3336267e+05   2.7144481e+05
   3.1100000e+01   2.1630014e+05   1.9068145e+05
   3.1200000e+01   1.9842738e+05   1.2278535e+05
   3.1300000e+01   1.7258348e+05   6.2244047e+04
   3.1400000e+01   1.4146025e+05  -1.8655439e+03
   3.1500000e+01   1.1223893e+05  -7.5614453e+04
   3.1600000e+01   8.7354758e+04  -1.5326483e+05
   3.1700000e+01   6.2366895e+04  -2.2053166e+05
   3.1800000e+01   3.2042633e+04  -2.6476862e+05
   3.1900000e+01  -4.0622744e+03  -2.8168859e+05
   3.2000000e+01  -4.2545621e+04  -2.7374334e+05
   3.2100000e+01  -8.0018281e+04  -2.4576741e+05
   3.2200000e+01  -1.1408741e+05  -2.0453259e+05
   3.2300000e+01  -1.4256892e+05  -1.6014814e+05
   3.2400000e+01  -1.6555084e+05  -1.2279605e+05
   3.2500000e+01  -1.8868517e+05  -9.5444359e+04
   3.2600000e+01  -2.2038664e+05  -7.1402961e+04
   3.2700000e+01  -2.6179773e+05  -4.1843293e+04
   3.2800000e+01  -3.0013247e+05  -6.3677734e+03
   3.2900000e+01  -3.1626391e+05   2.4897785e+04
   3.3000000e+01  -3.0237941e+05   4.0120172e+04
   3.3100000e+01  -2.7217447e+05   3.6259109e+04
   3.3200000e+01  -2.5154252e+05   2.1245906e+04
   3.3300000e+01  -2.5735939e+05   7.2834014e+03
   3.3400000e+01  -2.8420022e+05   2.6727812e+03
   3.3500000e+01  -3.1059338e+05   8.5617783e+03
   3.3600000e+01  -3.1741631e+05   2.0759172e+04
   3.3700000e+01  -3.0127172e+05   3.3057016e+04
   3.3800000e+01  -2.7311656e+05   3.9835031e+04
   3.3900000e+01  -2.4674625e+05   3.8399781e+04
   3.4000000e+01  -2.2846697e+05   3.1440137e+04
   3.4100000e+01  -2.1489695e+05   2.7469428e+04
   3.4200000e+01  -1.9784611e+05   3.6380508e+04
   3.4300000e+01  -1.7116380e+05   6.1266398e+04
   3.4400000e+01  -1.3497370e+05   9.3352422e+04
   3.4500000e+01  -9.4904484e+04   1.1683711e+05
   3.4600000e+01  -5.6752781e+04   1.2176244e+05
   3.4700000e+01  -2.0584102e+04   1.1347298e+05
   3.4800000e+01   1.9982377e+04   1.0838991e+05
   3.4900000e+01   7.1325555e+04   1.1882714e+05
   3.5000000e+01   1.3181905e+05   1.4120522e+05
   3.5100000e+01   1.9119927e+05   1.5903373e+05
   3.5200000e+01   2.3961888e+05   1.5721406e+05
   3.5300000e+01   2.7774509e+05   1.3360005e+05
   3.5400000e+01   3.1649356e+05   9.7975469e+04
   3.5500000e+01   3.6519738e+05   6.1544496e+04
   3.5600000e+01   4.1987153e+05   2.7661756e+04
   3.5700000e+01   4.6406484e+05  -8.8958379e+03
   3.5800000e+01   4.8188053e+05  -5.5133625e+04
   3.5900000e+01   4.7014659e+05  -1.1158614e+05
   3.6000000e+01   4.3829500e+05  -1.6852586e+05
   3.6100000e+01   3.9791162e+05  -2.0955344e+05
   3.6200000e+01   3.5373378e+05  -2.2118125e+05
   3.6300000e+01   3.0399047e+05  -2.0243333e+05
   3.6400000e+01   2.4669630e+05  -1.6684322e+05
   3.6500000e+01   1.8349695e+05  -1.3382397e+05
   3.6600000e+01   1.1811322e+05  -1.1513355e+05
   3.6700000e+01   5.3635719e+04  -1.0736934e+05
   3.6800000e+01  -7.1220547e+03  -9.7139797e+04
   3.6900000e+01  -5.9431484e+04  -7.4625812e+04
   3.7000000e+01  -9.6471555e+04  -4.3540828e+04
   3.7100000e+01  -1.1213505e+05  -1.8599348e+04
   3.7200000e+01  -1.0444432e+05  -1.3036267e+04
   3.7300000e+01  -7.7515008e+04  -2.7768275e+04
   3.7400000e+01  -4.1652324e+04  -5.1678027e+04
   3.7500000e+01  -1.0872259e+04  -7.1459016e+04
   3.7600000e+01   3.0671819e+03  -8.0875875e+04
   3.7700000e+01  -2.3324722e+03  -8.1700945e+04
   3.7800000e+01  -1.8762135e+04  -7.8235438e+04
   3.7900000e+01  -3.4939691e+04  -7.2781258e+04
   3.8000000e+01  -4.8298652e+04  -6.5499023e+04
   3.8100000e+01  -6.8917875e+04  -5.5584688e+04
   3.8200000e+01  -1.1033693e+05  -4.0635414e+04
   3.8300000e+01  -1.7538228e+05  -1.6322965e+04
   3.8400000e+01  -2.5103102e+05   1.9983777e+04
   3.8500000e+01  -3.1757603e+05   6.3686656e+04
   3.8600000e+01  -3.6322409e+05   1.0270698e+05
   3.8700000e+01  -3.9065472e+05   1.2580780e+05
   3.8800000e+01  -4.1085978e+05   1.3280044e+05
   3.8900000e+01  -4.3155666e+05   1.3569377e+05
   3.9000000e+01  -4.5071462e+05   1.4762855e+05
   3.9100000e+01  -4.5897247e+05   1.6905678e+05
   3.9200000e+01  -4.4649869e+05   1.8489789e+05
   3.9300000e+01  -4.0799328e+05   1.7700327e+05
   3.9400000e+01  -3.4362819e+05   1.4135256e+05
   3.9500000e+01  -2.5780662e+05   9.3381344e+04
   3.9600000e+01  -1.5779175e+05   5.4891488e+04
   3.9700000e+01  -5.2148070e+04   3.4054332e+04
   3.9800000e+01   5.1662125e+04   1.8373971e+04
   3.9900000e+01   1.4942850e+05  -1.1246254e+04
   4.0000000e+01   2.3969481e+05  -5.9006957e+04
   4.0100000e+01   3.2009338e+05  -1.0793867e+05
   4.0200000e+01   3.8394931e+05  -1.3614975e+05
   4.0300000e+01   4.2209416e+05  -1.3842811e+05
   4.0400000e+01   4.3054288e+05  -1.2968418e+05
   4.0500000e+01   4.1742678e+05  -1.2670071e+05
   4.0600000e+01   4.0041356e+05  -1.2890768e+05
   4.0700000e+01   3.9365928e+05  -1.1969505e+05
   4.0800000e+01   3.9505950e+05  -8.6225469e+04
   4.0900000e+01   3.8706259e+05  -3.5099656e+04
   4.1000000e+01   3.5229719e+05   1.3097920e+04
   4.1100000e+01   2.9004672e+05   4.3047695e+04
   4.1200000e+01   2.1797645e+05   5.6062012e+04
   4.1300000e+01   1.5801455e+05   6.2918367e+04
   4.1400000e+01   1.2025136e+05   6.9232688e+04
   4.1500000e+01   9.8673516e+04   7.1093172e+04
   4.1600000e+01   7.9691555e+04   6.4031375e+04
   4.1700000e+01   5.3786465e+04   5.1737594e+04
   4.1800000e+01   2.1176477e+04   4.2566133e+04
   4.1900000e+01  -1.0502210e+04   3.8708617e+04
   4.2000000e+01  -3.3227438e+04   3.3045031e+04
   4.2100000e+01  -4.5593801e+04   1.9024658e+04
   4.2200000e+01  -5.5300652e+04   1.7131372e+03
   4.2300000e+01  -7.4763906e+04  -4.3993638e+03
   4.2400000e+01  -1.1229120e+05   1.0626934e+04
   4.2500000e+01  -1.6544223e+05   4.2234547e+04
   4.2600000e+01  -2.2190714e+05   7.6096695e+04
   4.2700000e+01  -2.6709259e+05   1.0065348e+05
   4.2800000e+01  -2.9264409e+05   1.1318767e+05
   4.2900000e+01  -3.0034969e+05   1.1576616e+05
   4.3000000e+01  -2.9948616e+05   1.0997500e+05
   4.3100000e+01  -2.9944716e+05   9.7463242e+04
   4.3200000e+01  -3.0237478e+05   8.2270531e+04
   4.3300000e+01  -3.0146666e+05   6.8288914e+04
   4.3400000e+01  -2.8724459e+05   5.4314008e+04
   4.3500000e+01  -2.5702281e+05   3.4951328e+04
   4.3600000e+01  -2.1870609e+05   8.1424004e+03
   4.3700000e+01  -1.8467262e+05  -2.0251627e+04
   4.3800000e+01  -1.6124259e+05  -4.1782477e+04
   4.3900000e+01  -1.4372448e+05  -5.4493273e+04
   4.4000000e+01  -1.2137936e+05  -6.3833695e+04
   4.4100000e+01  -8.7220484e+04  -7.3785383e+04
   4.4200000e+01  -4.3917750e+04  -7.9847023e+04
   4.4300000e+01  -1.3873879e+03  -7.4117398e+04
   4.4400000e+01   3.1405785e+04  -5.7560695e+04
   4.4500000e+01   5.3804637e+04  -4.4319613e+04
   4.4600000e+01   7.3940625e+04  -5.0789480e+04
   4.4700000e+01   1.0131222e+05  -7.9580164e+04
   4.4800000e+01   1.3750223e+05  -1.1534374e+05
   4.4900000e+01   1.7427750e+05  -1.3752833e+05
   4.5000000e+01   2.0225317e+05  -1.3753758e+05
   4.5100000e+01   2.2175772e+05  -1.2382334e+05
   4.5200000e+01   2.4325503e+05  -1.1171392e+05
   4.5300000e+01   2.7510572e+05  -1.0979294e+05
   4.5400000e+01   3.1158503e+05  -1.1544134e+05
   4.5500000e+01   3.3560809e+05  -1.2031688e+05
   4.5600000e+01   3.3465072e+05  -1.1731066e+05
   4.5700000e+01   3.1279778e+05  -1.0306786e+05
   4.5800000e+01   2.8570481e+05  -7.7822289e+04
   4.5900000e+01   2.6453203e+05  -4.5896133e+04
   4.6000000e+01   2.4665198e+05  -1.5527288e+04
   4.6100000e+01   2.2162658e+05   5.1271499e+03
   4.6200000e+01   1.8307636e+05   1.4014717e+04
   4.6300000e+01   1.3254997e+05   1.6981979e+04
   4.6400000e+01   7.3981727e+04   2.2537807e+04
   4.6500000e+01   9.0558584e+03   3.4533145e+04
   4.6600000e+01  -5.9949008e+04   4.9888152e+04
   4.6700000e+01  -1.2546169e+05   6.2543516e+04
   4.6800000e+01  -1.7678702e+05   6.8499680e+04
   4.6900000e+01  -2.0807211e+05   6.7332773e+04
   4.7000000e+01  -2.2249312e+05   6.0678742e+04
   4.7100000e+01  -2.2758294e+05   5.0770074e+04
   4.7200000e+01  -2.2758789e+05   4.0169062e+04
   4.7300000e+01  -2.2138652e+05   3.1533246e+04
   4.7400000e+01  -2.0637231e+05   2.6701684e+04
   4.7500000e+01  -1.8178441e+05   2.5858293e+04
   4.7600000e+01  -1.4796427e+05   2.7487156e+04
   4.7700000e+01  -1.0496065e+05   2.9015764e+04
   4.7800000e+01  -5.4428469e+04   2.8161727e+04
   4.7900000e+01  -3.0235869e+03   2.5108826e+04
   4.8000000e+01   3.7640676e+04   2.4103178e+04
   4.8100000e+01   5.5982359e+04   3.1737859e+04
   4.8200000e+01   4.7074141e+04   5.1565965e+04
   4.8300000e+01   1.6514297e+04   7.9529195e+04
   4.8400000e+01  -2.1160482e+04   1.0572712e+05
   4.8500000e+01  -4.9854230e+04   1.2226959e+05
   4.8600000e+01  -6.1548250e+04   1.3008108e+05
   4.8700000e+01  -6.0727203e+04   1.3773828e+05
   4.8800000e+01  -5.8371855e+04   1.5301062e+05
   4.8900000e+01  -6.0301793e+04   1.7473061e+05
   4.9000000e+01  -6.1958562e+04   1.9220216e+05
   4.9100000e+01  -5.5176449e+04   1.9278508e+05
   4.9200000e+01  -3.8000902e+04   1.7173108e+05
   4.9300000e+01  -1.4848599e+04   1.3649358e+05
   4.9400000e+01   1.2515164e+04   1.0157761e+05
   4.9500000e+01   4.9640586e+04   7.7352727e+04
   4.9600000e+01   1.0148361e+05   6.1970262e+04
   4.9700000e+01   1.6113019e+05   4.3866133e+04
   4.9800000e+01   2.1052347e+05   1.3066482e+04
   4.9900000e+01   2.3457498e+05  -2.9194549e+04
   5.0000000e+01   2.3350223e+05  -7.1775297e+04
   5.0100000e+01   2.1984909e+05  -1.0420844e+05
   5.0200000e+01   2.0393728e+05  -1.2564354e+05
   5.0300000e+01   1.8360575e+05  -1.4352655e+05
   5.0400000e+01   1.4819611e+05  -1.6458089e+05
   5.0500000e+01   9.1272766e+04  -1.8830100e+05
   5.0600000e+01   1.8602070e+04  -2.0923608e+05
   5.0700000e+01  -5.5877086e+04  -2.2401209e+05
   5.0800000e+01  -1.2101920e+05  -2.3430881e+05
   5.0900000e+01  -1.7530020e+05  -2.4281289e+05
   5.1000000e+01  -2.2376941e+05  -2.4798055e+05
   5.1100000e+01  -2.6986547e+05  -2.4454888e+05
   5.1200000e+01  -3.1138991e+05  -2.2919492e+05
   5.1300000e+01  -3.4393403e+05  -2.0430231e+05
   5.1400000e+01  -3.6591347e+05  -1.7547662e+05
   5.1500000e+01  -3.7834772e+05  -1.4638647e+05
   5.1600000e+01  -3.8064206e+05  -1.1723929e+05
   5.1700000e+01  -3.6963484e+05  -8.7628859e+04
   5.1800000e+01  -3.4447234e+05  -5.8653289e+04
   5.1900000e+01  -3.1077766e+05  -3.1011566e+04
   5.2000000e+01  -2.7718109e+05  -2.2729956e+03
   5.2100000e+01  -2.4699023e+05   3.1655053e+04
   5.2200000e+01  -2.1478580e+05   7.1346703e+04
   5.2300000e+01  -1.7241103e+05   1.1083987e+05
   5.2400000e+01  -1.1780080e+05   1.4066422e+05
   5.2500000e+01  -5.7089727e+04   1.5402611e+05
   5.2600000e+01   1.6097612e+03   1.5030797e+05
   5.2700000e+01   5.5625074e+04   1.3402658e+05
   5.2800000e+01   1.0905856e+05   1.1234359e+05
   5.2900000e+01   1.6765506e+05   9.3638906e+04
   5.3000000e+01   2.3271200e+05   8.5497000e+04
   5.3100000e+01   2.9954669e+05   9.0158336e+04
   5.3200000e+01   3.6136456e+05   1.0076334e+05
   5.3300000e+01   4.1439228e+05   1.0473527e+05
   5.3400000e+01   4.5915741e+05   9.4452156e+04
   5.3500000e+01   4.9709294e+05   7.5482273e+04
   5.3600000e+01   5.2700994e+05   6.2439918e+04
   5.3700000e+01   5.4591300e+05   6.5237031e+04
   5.3800000e+01   5.5264294e+05   8.0070430e+04
   5.3900000e+01   5.4878831e+05   9.4752195e+04
   5.4000000e+01   5.3530538e+05   1.0149963e+05
   5.4100000e+01   5.1004375e+05   1.0234012e+05
   5.4200000e+01   4.7062300e+05   1.0275352e+05
   5.4300000e+01   4.1904700e+05   1.0396439e+05
   5.4400000e+01   3.6074225e+05   1.0404022e+05
   5.4500000e+01   2.9796619e+05   1.0420877e+05
   5.4600000e+01   2.2639230e+05   1.0933057e+05
   5.4700000e+01   1.4106698e+05   1.2043925e+05
   5.4800000e+01   4.5828227e+04   1.2948741e+05
   5.4900000e+01  -4.5734398e+04   1.2447350e+05
   5.5000000e+01  -1.2087840e+05   9.9656109e+04
   5.5100000e+01  -1.7927881e+05   5.9010184e+04
   5.5200000e+01  -2.3278581e+05   9.9066777e+03
   5.5300000e+01  -2.9276841e+05  -4.4024387e+04
   5.5400000e+01  -3.5757297e+05  -1.0222237e+05
   5.5500000e+01  -4.1269681e+05  -1.6116302e+05
   5.5600000e+01  -4.4356988e+05  -2.1224150e+05
   5.5700000e+01  -4.4855128e+05  -2.4719123e+05
   5.5800000e+01  -4.3990353e+05  -2.6459138e+05
   5.5900000e+01  -4.3246600e+05  -2.6944075e+05
   5.6000000e+01  -4.3140438e+05  -2.6626644e+05
   5.6100000e+01  -4.3042162e+05  -2.5402436e+05
   5.6200000e+01  -4.2072259e+05  -2.2872070e+05
   5.6300000e+01  -4.0054350e+05  -1.9026639e+05
   5.6400000e+01  -3.7581825e+05  -1.4500658e+05
   5.6500000e+01  -3.5290425e+05  -1.0059997e+05
   5.6600000e+01  -3.3242619e+05  -5.9033598e+04
   5.6700000e+01  -3.1060884e+05  -1.5714660e+04
   5.6800000e+01  -2.8500809e+05   3.4325363e+04
   5.6900000e+01  -2.5686641e+05   8.9565531e+04
   5.7000000e+01  -2.2759861e+05   1.4089753e+05
   5.7100000e+01  -1.9497222e+05   1.7673841e+05
   5.7200000e+01  -1.5495567e+05   1.9002328e+05
   5.7300000e+01  -1.0745596e+05   1.8244469e+05
   5.7400000e+01  -5.8333379e+04   1.6332306e+05
   5.7500000e+01  -1.4043710e+04   1.4318609e+05
   5.7600000e+01   2.5547070e+04   1.2593116e+05
   5.7700000e+01   6.7693617e+04   1.0613121e+05
   5.7800000e+01   1.1939324e+05   7.4848906e+04
   5.7900000e+01   1.7973488e+05   2.9015832e+04
   5.8000000e+01   2.3986328e+05  -2.4936619e+04
   5.8100000e+01   2.9020775e+05  -7.6478055e+04
   5.8200000e+01   3.2742153e+05  -1.1884822e+05
   5.8300000e+01   3.5464156e+05  -1.5137878e+05
   5.8400000e+01   3.7592112e+05  -1.7623227e+05
   5.8500000e+01   3.9113528e+05  -1.9534233e+05
   5.8600000e+01   3.9642388e+05  -2.0983672e+05
   5.8700000e+01   3.8922334e+05  -2.1878391e+05
   5.8800000e+01   3.7212844e+05  -2.1633555e+05
   5.8900000e+01   3.5093038e+05  -1.9236522e+05
   5.9000000e+01   3.2844753e+05  -1.4004866e+05
   5.9100000e+01   3.0094478e+05  -6.4292789e+04
   5.9200000e+01   2.6188856e+05   1.9013812e+04
   5.9300000e+01   2.0971291e+05   9.3687508e+04
   5.9400000e+01   1.5102236e+05   1.5304425e+05
   5.9500000e+01   9.5127812e+04   1.9930844e+05
   5.9600000e+01   4.5762664e+04   2.3571558e+05
   5.9700000e+01  -5.0266980e+02   2.6179655e+05
   5.9800000e+01  -4.7311648e+04   2.7591956e+05
   5.9900000e+01  -9.1482727e+04   2.7893050e+05
   6.0000000e+01  -1.2466483e+05   2.7250966e+05
   6.0100000e+01  -1.4214184e+05   2.5471055e+05
   6.0200000e+01  -1.4854264e+05   2.2013297e+05
   6.0300000e+01  -1.5356080e+05   1.6646920e+05
   6.0400000e+01  -1.6220730e+05   1.0035930e+05
   6.0500000e+01  -1.7033442e+05   3.4929664e+04
   6.0600000e+01  -1.7025084e+05  -1.9887320e+04
   6.0700000e+01  -1.6010534e+05  -6.4909855e+04
   6.0800000e+01  -1.4673477e+05  -1.0915452e+05
   6.0900000e+01  -1.3899719e+05  -1.5902977e+05
   6.1000000e+01  -1.3902866e+05  -2.0961056e+05
   6.1100000e+01  -1.4094502e+05  -2.4667620e+05
   6.1200000e+01  -1.3803508e+05  -2.5763603e+05
   6.1300000e+01  -1.2999181e+05  -2.4064553e+05
   6.1400000e+01  -1.2201199e+05  -2.0351564e+05
   6.1500000e+01  -1.1729513e+05  -1.5500402e+05
   6.1600000e+01  -1.1215087e+05  -9.8562203e+04
   6.1700000e+01  -9.9557188e+04  -3.4473449e+04
   6.1800000e+01  -7.6976258e+04   3.3898934e+04
   6.1900000e+01  -4.9664191e+04   9.8100523e+04
   6.2000000e+01  -2.6357688e+04   1.4915172e+05
   6.2100000e+01  -1.2378211e+04   1.8324094e+05
   6.2200000e+01  -6.5222163e+03   2.0268527e+05
   6.2300000e+01  -2.9418735e+03   2.1225667e+05
   6.2400000e+01   5.0267998e+03   2.1520661e+05
   6.2500000e+01   2.1680992e+04   2.1181134e+05
   6.2600000e+01   4.6979930e+04   1.9982658e+05
   6.2700000e+01   7.6158711e+04   1.7558128e+05
   6.2800000e+01   1.0176619e+05   1.3583858e+05
   6.2900000e+01   1.1771529e+05   8.0490945e+04
   6.3000000e+01   1.2295377e+05   1.4405980e+04
   6.3100000e+01   1.2230696e+05  -5.3538539e+04
   6.3200000e+01   1.2394183e+05  -1.1372866e+05
   6.3300000e+01   1.3460208e+05  -1.5873770e+05
   6.3400000e+01   1.5460869e+05  -1.8436138e+05
   6.3500000e+01   1.7549742e+05  -1.8988642e+05
   6.3600000e+01   1.8326756e+05  -1.7879969e+05
   6.3700000e+01   1.6717203e+05  -1.5853420e+05
   6.3800000e+01   1.2857301e+05  -1.3718247e+05
   6.3900000e+01   8.2138688e+04  -1.1875858e+05
   6.4000000e+01   4.6764277e+04  -1.0192612e+05
   6.4100000e+01   3.2567076e+04  -8.4286219e+04
   6.4200000e+01   3.4426801e+04  -6.7546148e+04
   6.4300000e+01   3.7313074e+04  -5.7067918e+04
   6.4400000e+01   2.8770240e+04  -5.5932219e+04
   6.4500000e+01   8.2850723e+03  -6.0807098e+04
   6.4600000e+01  -1.3728753e+04  -6.5018469e+04
   6.4700000e+01  -2.5967895e+04  -6.5338414e+04
   6.4800000e+01  -2.6632812e+04  -6.4537430e+04
   6.4900000e+01  -2.5207535e+04  -6.7265352e+04
   6.5000000e+01  -3.3992387e+04  -7.4833250e+04
   6.5100000e+01  -5.7038797e+04  -8.4823172e+04
   6.5200000e+01  -8.6771211e+04  -9.4592570e+04
   6.5300000e+01  -1.1121073e+05  -1.0312026e+05
   6.5400000e+01  -1.2428492e+05  -1.0880898e+05
   6.5500000e+01  -1.2923528e+05  -1.0694871e+05
   6.5600000e+01  -1.3315102e+05  -9.1455266e+04
   6.5700000e+01  -1.3977225e+05  -6.0148098e+04
   6.5800000e+01  -1.4781786e+05  -1.7935186e+04
   6.5900000e+01  -1.5449397e+05   2.6024451e+04
   6.6000000e+01  -1.5858152e+05   6.4540250e+04
   6.6100000e+01  -1.6007286e+05   9.5636508e+04
   6.6200000e+01  -1.5865894e+05   1.2022188e+05
   6.6300000e+01  -1.5408267e+05   1.3826727e+05
   6.6400000e+01  -1.4758372e+05   1.4862850e+05
   6.6500000e+01  -1.4146461e+05   1.5168102e+05
   6.6600000e+01  -1.3634584e+05   1.4945472e+05
   6.6700000e+01  -1.2934909e+05   1.4199731e+05
   6.6800000e+01  -1.1619499e+05   1.2583425e+05
   6.6900000e+01  -9.5811164e+04   9.9205461e+04
   6.7000000e+01  -7.2362617e+04   6.8859164e+04
   6.7100000e+01  -5.1384684e+04   4.8159465e+04
   6.7200000e+01  -3.3170492e+04   4.5419246e+04
   6.7300000e+01  -1.1015205e+04   5.4695980e+04
   6.7400000e+01   2.1895246e+04   6.0848375e+04
   6.7500000e+01   6.2899879e+04   5.4930008e+04
   6.7600000e+01   9.8532750e+04   4.3612602e+04
   6.7700000e+01   1.1519861e+05   4.2617613e+04
   6.7800000e+01   1.1246384e+05   6.1524016e+04
   6.7900000e+01   1.0523294e+05   9.5444359e+04
   6.8000000e+01   1.1165154e+05   1.3017555e+05
   6.8100000e+01   1.3812247e+05   1.5372878e+05
   6.8200000e+01   1.7545508e+05   1.6337409e+05
   6.8300000e+01   2.0844456e+05   1.6413016e+05
   6.8400000e+01   2.2835212e+05   1.6222380e+05
   6.8500000e+01   2.3689275e+05   1.5923070e+05
   6.8600000e+01   2.4031347e+05   1.5084978e+05
   6.8700000e+01   2.4124005e+05   1.3112278e+05
   6.8800000e+01   2.3603942e+05   9.8834289e+04
   6.8900000e+01   2.1891941e+05   6.0010332e+04
   6.9000000e+01   1.8826495e+05   2.3193129e+04
   6.9100000e+01   1.4980311e+05  -8.2140107e+03
   6.9200000e+01   1.1411357e+05  -3.8113227e+04
   6.9300000e+01   9.0147617e+04  -7.1653820e+04
   6.9400000e+01   7.9450398e+04  -1.0801560e+05
   6.9500000e+01   7.5541391e+04  -1.4091469e+05
   6.9600000e+01   6.8854305e+04  -1.6657778e+05
   6.9700000e+01   5.2908395e+04  -1.8962627e+05
   6.9800000e+01   2.6787232e+04  -2.1913522e+05
   6.9900000e+01  -6.7121680e+03  -2.5807223e+05
   7.0000000e+01  -4.3826062e+04  -2.9698888e+05
   7.0100000e+01  -8.0896086e+04  -3.1913828e+05
   7.0200000e+01  -1.1482641e+05  -3.1328653e+05
   7.0300000e+01  -1.4448417e+05  -2.8303384e+05
   7.0400000e+01  -1.7140450e+05  -2.4407111e+05
   7.0500000e+01  -1.9723245e+05  -2.1119139e+05
   7.0600000e+01  -2.1968519e+05  -1.8620656e+05
   7.0700000e+01  -2.3248995e+05  -1.5771081e+05
   7.0800000e+01  -2.3095786e+05  -1.1313749e+05
   7.0900000e+01  -2.1722686e+05  -5.1956102e+04
   7.1000000e+01  -1.9838441e+05   1.2353707e+04
   7.1100000e+01  -1.7915919e+05   6.2988098e+04
   7.1200000e+01  -1.5799961e+05   9.2518164e+04
   7.1300000e+01  -1.3121120e+05   1.0606614e+05
   7.1400000e+01  -9.9375172e+04   1.1383295e+05
   7.1500000e+01  -6.7398500e+04   1.2178966e+05
   7.1600000e+01  -3.8244961e+04   1.2893752e+05
   7.1700000e+01  -9.0859443e+03   1.3125748e+05
   7.1800000e+01   2.4418246e+04   1.2648402e+05
   7.1900000e+01   6.0847621e+04   1.1547275e+05
   7.2000000e+01   9.2235953e+04   1.0093355e+05
   7.2100000e+01   1.1122608e+05   8.6076219e+04
   7.2200000e+01   1.1753645e+05   7.3734125e+04
   7.2300000e+01   1.1593717e+05   6.5179973e+04
   7.2400000e+01   1.0868749e+05   5.9181102e+04
   7.2500000e+01   9.2474609e+04   5.2922664e+04
   7.2600000e+01   6.4310480e+04   4.4584340e+04
   7.2700000e+01   2.9371123e+04   3.4886172e+04
   7.2800000e+01   4.9246729e+02   2.5864451e+04
   7.2900000e+01  -1.1777551e+04   1.8789801e+04
   7.3000000e+01  -8.6341533e+03   1.4289124e+04
   7.3100000e+01  -1.9552205e+03   1.4172059e+04
   7.3200000e+01  -3.6612568e+03   2.1010254e+04
   7.3300000e+01  -1.6080462e+04   3.3920898e+04
   7.3400000e+01  -3.1917992e+04   4.5250234e+04
   7.3500000e+01  -4.1968562e+04   4.4371906e+04
   7.3600000e+01  -4.1861848e+04   2.7522504e+04
   7.3700000e+01  -3.2522725e+04   3.8907141e+03
   7.3800000e+01  -1.6950354e+04  -1.0514268e+04
   7.3900000e+01   1.4906523e+03  -7.3470444e+03
   7.4000000e+01   1.8547385e+04   5.5352651e+03
   7.4100000e+01   2.9690297e+04   1.1251949e+04
   7.4200000e+01   3.3066543e+04   2.5351611e+02
   7.4300000e+01   3.1223564e+04  -2.1003135e+04
   7.4400000e+01   2.8341750e+04  -3.7871156e+04
   7.4500000e+01   2.5566742e+04  -4.2713434e+04
   7.4600000e+01   2.0324014e+04  -4.0870852e+04
   7.4700000e+01   1.0778561e+04  -4.1953340e+04
   7.4800000e+01  -4.5518799e+02  -4.7451254e+04
   7.4900000e+01  -8.7602754e+03  -4.8712262e+04
   7.5000000e+01  -1.3304400e+04  -3.6835184e+04
   7.5100000e+01  -1.8304082e+04  -1.3146002e+04
   7.5200000e+01  -2.7507186e+04   1.0821834e+04
   7.5300000e+01  -3.8882027e+04   2.3669979e+04
   7.5400000e+01  -4.6719387e+04   2.4807387e+04
   7.5500000e+01  -4.8721066e+04   2.5557188e+04
   7.5600000e+01  -4.8957859e+04   3.9292465e+04
   7.5700000e+01  -5.2939762e+04   6.8700883e+04
   7.5800000e+01  -6.1233312e+04   1.0145714e+05
   7.5900000e+01  -6.9430914e+04   1.1915275e+05
   7.6000000e+01  -7.3479703e+04   1.1241230e+05
   7.6100000e+01  -7.2810430e+04   8.8408078e+04
   7.6200000e+01  -6.7898258e+04   6.3494160e+04
   7.6300000e+01  -5.7019410e+04   4.8314016e+04
   7.6400000e+01  -3.7413637e+04   4.0192699e+04
   7.6500000e+01  -9.0196035e+03   2.9306916e+04
   7.6600000e+01   2.4741967e+04   1.0326590e+04
   7.6700000e+01   5.9869500e+04  -1.3229776e+04
   7.6800000e+01   9.3606266e+04  -3.4652367e+04
   7.6900000e+01   1.2284587e+05  -5.1022523e+04
   7.7000000e+01   1.4331511e+05  -6.3388176e+04
   7.7100000e+01   1.5357430e+05  -7.1943102e+04
   7.7200000e+01   1.5976084e+05  -7.3854289e+04
   7.7300000e+01   1.7262219e+05  -6.6664422e+04
   7.7400000e+01   1.9631966e+05  -5.2476562e+04
   7.7500000e+01   2.2039564e+05  -3.7463152e+04
   7.7600000e+01   2.2604164e+05  -2.7351777e+04
   7.7700000e+01   2.0288931e+05  -2.3939170e+04
   7.7800000e+01   1.5957769e+05  -2.5529170e+04
   7.7900000e+01   1.1647059e+05  -2.9419580e+04
   7.8000000e+01   8.7406930e+04  -3.3310621e+04
   7.8100000e+01   6.8656266e+04  -3.5264867e+04
   7.8200000e+01   4.5077895e+04  -3.4082461e+04
   7.8300000e+01   5.7698906e+03  -3.0730443e+04
   7.8400000e+01  -4.6438059e+04  -2.8954434e+04
   7.8500000e+01  -9.8799789e+04  -3.3321312e+04
   7.8600000e+01  -1.3933533e+05  -4.5961660e+04
   7.8700000e+01  -1.6356758e+05  -6.5272816e+04
   7.8800000e+01  -1.7335014e+05  -8.7809477e+04
   7.8900000e+01  -1.7224241e+05  -1.1081153e+05
   7.9000000e+01  -1.6311217e+05  -1.3229020e+05
   7.9100000e+01  -1.4865739e+05  -1.4919695e+05
   7.9200000e+01  -1.3174462e+05  -1.5702512e+05
   7.9300000e+01  -1.1405257e+05  -1.5213552e+05
   7.9400000e+01  -9.5141805e+04  -1.3400736e+05
   7.9500000e+01  -7.4184133e+04  -1.0453344e+05
   7.9600000e+01  -5.2894273e+04  -6.5702688e+04
   7.9700000e+01  -3.5919828e+04  -1.9232463e+04
   7.9800000e+01  -2.7584803e+04   3.1575363e+04
   7.9900000e+01  -2.8350654e+04   8.1260391e+04
   8.0000000e+01  -3.4927684e+04   1.2457598e+05
   8.0100000e+01  -4.3775004e+04   1.5858809e+05
   8.0200000e+01  -5.3847543e+04   1.8126658e+05
   8.0300000e+01  -6.5481469e+04   1.8905980e+05
   8.0400000e+01  -7.6977219e+04   1.7874997e+05
   8.0500000e+01  -8.3375617e+04   1.5317688e+05
   8.0600000e+01  -7.9757711e+04   1.2322312e+05
   8.0700000e+01  -6.6225195e+04   1.0079748e+05
   8.0800000e+01  -4.9069203e+04   8.8469812e+04
   8.0900000e+01  -3.5963676e+04   7.7395586e+04
   8.1000000e+01  -2.9489703e+04   5.7330730e+04
   8.1100000e+01  -2.5728250e+04   2.8891812e+04
   8.1200000e+01  -1.9407135e+04   4.7352222e+03
   8.1300000e+01  -9.5920332e+03  -2.2884880e+03
   8.1400000e+01   6.6100061e+02   8.0350977e+03
   8.1500000e+01   9.6708262e+03   2.2862074e+04
   8.1600000e+01   2.0180330e+04   2.8929602e+04
   8.1700000e+01   3.6043305e+04   2.5445398e+04
   8.1800000e+01   5.7004203e+04   2.4057523e+04
   8.1900000e+01   7.8226633e+04   3.5783945e+04
   8.2000000e+01   9.4453789e+04   5.8063430e+04
   8.2100000e+01   1.0290310e+05   7.5200961e+04
   8.2200000e+01   1.0228207e+05   7.2176734e+04
   8.2300000e+01   9.1989422e+04   4.8426227e+04
   8.2400000e+01   7.4794578e+04   1.8364080e+04
   8.2500000e+01   5.8876895e+04  -1.2255815e+03
   8.2600000e+01   5.3134566e+04  -4.3014453e+03
   8.2700000e+01   5.8261430e+04   2.4225000e+03
   8.2800000e+01   6.4149293e+04   7.8609268e+03
   8.2900000e+01   5.9040098e+04   5.1487002e+03
   8.3000000e+01   4.1976105e+04  -6.8052471e+03
   8.3100000e+01   2.4776004e+04  -2.6153279e+04
   8.3200000e+01   2.0647080e+04  -4.8805770e+04
   8.3300000e+01   3.1241561e+04  -6.6616719e+04
   8.3400000e+01   4.5472430e+04  -6.9207430e+04
   8.3500000e+01   5.0645801e+04  -5.2193266e+04
   8.3600000e+01   4.4190207e+04  -2.4633184e+04
   8.3700000e+01   3.4816504e+04  -5.4990312e+03
   8.3800000e+01   3.2872941e+04  -8.9977988e+03
   8.3900000e+01   3.9385984e+04  -3.1407080e+04
   8.4000000e+01   4.3818965e+04  -5.2672629e+04
   8.4100000e+01   3.2799641e+04  -5.2559188e+04
   8.4200000e+01   2.5573628e+03  -2.7378316e+04
   8.4300000e+01  -3.5972672e+04   7.0053770e+03
   8.4400000e+01  -6.4680379e+04   2.7570652e+04
   8.4500000e+01  -7.2410742e+04   2.0720025e+04
   8.4600000e+01  -6.3123207e+04  -1.0125833e+04
   8.4700000e+01  -5.1035336e+04  -5.0052266e+04
   8.4800000e+01  -4.8215676e+04  -8.4618516e+04
   8.4900000e+01  -5.6376551e+04  -1.0815973e+05
   8.5000000e+01  -6.8492406e+04  -1.2361105e+05
   8.5100000e+01  -7.5601031e+04  -1.3673203e+05
   8.5200000e+01  -7.1637000e+04  -1.5065242e+05
   8.5300000e+01  -5.4893016e+04  -1.6404236e+05
   8.5400000e+01  -2.8769346e+04  -1.7246859e+05
   8.5500000e+01  -1.6183171e+03  -1.7128300e+05
   8.5600000e+01   1.7544848e+04  -1.5868745e+05
   8.5700000e+01   2.6463453e+04  -1.3719919e+05
   8.5800000e+01   3.2538039e+04  -1.1167914e+05
   8.5900000e+01   4.5785922e+04  -8.4764609e+04
   8.6000000e+01   6.7761250e+04  -5.4219285e+04
   8.6100000e+01   8.8674562e+04  -1.6129073e+04
   8.6200000e+01   9.6521961e+04   2.8279492e+04
   8.6300000e+01   8.8202602e+04   6.9770914e+04
   8.6400000e+01   7.0754820e+04   9.7032273e+04
   8.6500000e+01   5.3095688e+04   1.0694122e+05
   8.6600000e+01   3.8920770e+04   1.0879956e+05
   8.6700000e+01   2.7342928e+04   1.1709588e+05
   8.6800000e+01   1.6869344e+04   1.3887717e+05
   8.6900000e+01   5.9161421e+03   1.6777477e+05
   8.7000000e+01  -9.1471025e+03   1.9033391e+05
   8.7100000e+01  -3.2463160e+04   1.9788848e+05
   8.7200000e+01  -6.3206824e+04   1.9203402e+05
   8.7300000e+01  -9.3112078e+04   1.7939205e+05
   8.7400000e+01  -1.1174122e+05   1.6316214e+05
   8.7500000e+01  -1.1477742e+05   1.4150716e+05
   8.7600000e+01  -1.0662599e+05   1.1352145e+05
   8.7700000e+01  -9.5225477e+04   8.3968266e+04
   8.7800000e+01  -8.5399398e+04   5.9877336e+04
   8.7900000e+01  -7.7175391e+04   4.2916504e+04
   8.8000000e+01  -6.8670914e+04   2.7391549e+04
   8.8100000e+01  -5.8752711e+04   7.0725820e+03
   8.8200000e+01  -4.7097426e+04  -1.7010160e+04
   8.8300000e+01  -3.3584941e+04  -3.7218566e+04
   8.8400000e+01  -1.9064025e+04  -4.7726559e+04
   8.8500000e+01  -6.2573892e+03  -5.0595188e+04
   8.8600000e+01   1.6243907e+03  -5.2192000e+04
   8.8700000e+01   4.0741189e+03  -5.4279043e+04
   8.8800000e+01   4.7349873e+03  -5.0494090e+04
   8.8900000e+01   8.7270352e+03  -3.2603215e+04
   8.9000000e+01   1.7870270e+04   3.3096387e+02
   8.9100000e+01   2.8331971e+04   3.9642504e+04
   8.9200000e+01   3.3007254e+04   7.3352727e+04
   8.9300000e+01   2.6642969e+04   9.3922719e+04
   8.9400000e+01   9.8597383e+03   1.0042290e+05
   8.9500000e+01  -1.0209053e+04   9.5315547e+04
   8.9600000e+01  -2.2708773e+04   8.1059102e+04
   8.9700000e+01  -1.8375000e+04   5.9772418e+04
   8.9800000e+01   4.4037075e+03   3.4397898e+04
   8.9900000e+01   3.6361125e+04   8.2784932e+03
   9.0000000e+01   6.0958297e+04  -1.7330264e+04
   9.0100000e+01   6.4685242e+04  -4.5208695e+04
   9.0200000e+01   4.7261914e+04  -8.0677641e+04
   9.0300000e+01   2.2789711e+04  -1.2662753e+05
   9.0400000e+01   9.4721797e+03  -1.7892567e+05
   9.0500000e+01   1.5735310e+04  -2.2721423e+05
   9.0600000e+01   3.4301520e+04  -2.6193611e+05
   9.0700000e+01   4.8867535e+04  -2.8162134e+05
   9.0800000e+01   4.7172293e+04  -2.9257803e+05
   9.0900000e+01   2.9594230e+04  -3.0028062e+05
   9.1000000e+01   7.2531162e+03  -3.0136284e+05
   9.1100000e+01  -7.5725000e+03  -2.8562859e+05
   9.1200000e+01  -1.0485864e+04  -2.4670202e+05
   9.1300000e+01  -6.4650029e+03  -1.8978147e+05
   9.1400000e+01  -3.1605750e+03  -1.2785808e+05
   9.1500000e+01  -2.4590659e+03  -7.0727328e+04
   9.1600000e+01   1.1392827e+03  -1.8704893e+04
   9.1700000e+01   1.3055913e+04   3.3515945e+04
   9.1800000e+01   2.9943537e+04   8.9171656e+04
   9.1900000e+01   4.0597289e+04   1.4669489e+05
   9.2000000e+01   3.7449695e+04   2.0237444e+05
   9.2100000e+01   2.6445027e+04   2.5203538e+05
   9.2200000e+01   2.2808814e+04   2.8913381e+05
   9.2300000e+01   3.5555934e+04   3.0458528e+05
   9.2400000e+01   5.7361754e+04   2.9317303e+05
   9.2500000e+01   7.1294000e+04   2.6174484e+05
   9.2600000e+01   6.6959750e+04   2.2853414e+05
   9.2700000e+01   4.8472797e+04   2.1043000e+05
   9.2800000e+01   2.7232746e+04   2.0869495e+05
   9.2900000e+01   1.0015377e+04   2.0747312e+05
   9.3000000e+01  -4.0522710e+03   1.8787816e+05
   9.3100000e+01  -1.7174434e+04   1.4514362e+05
   9.3200000e+01  -2.7821516e+04   9.3014539e+04
   9.3300000e+01  -3.3337805e+04   5.1505473e+04
   9.3400000e+01  -3.5068387e+04   2.9575781e+04
   9.3500000e+01  -3.7894371e+04   1.8627398e+04
   9.3600000e+01  -4.4419273e+04   2.2620276e+03
   9.3700000e+01  -5.1528320e+04  -2.7510715e+04
   9.3800000e+01  -5.4055969e+04  -6.2988430e+04
   9.3900000e+01  -5.1408547e+04  -8.8504266e+04
   9.4000000e+01  -4.9380883e+04  -9.4653273e+04
   9.4100000e+01  -5.4810961e+04  -8.5327703e+04
   9.4200000e+01  -6.8430727e+04  -7.2480430e+04
   9.4300000e+01  -8.3104953e+04  -6.5593312e+04
   9.4400000e+01  -8.9392320e+04  -6.5812570e+04
   9.4500000e+01  -8.3562547e+04  -6.7866000e+04
   9.4600000e+01  -7.0930414e+04  -6.5684344e+04
   9.4700000e+01  -6.1207324e+04  -5.6778105e+04
   9.4800000e+01  -5.9285160e+04  -4.3479664e+04
   9.4900000e+01  -5.9297312e+04  -3.1313326e+04
   9.5000000e+01  -4.8138820e+04  -2.5592309e+04
   9.5100000e+01  -1.7007660e+04  -2.8395088e+04
   9.5200000e+01   2.8714646e+04  -3.8120941e+04
   9.5300000e+01   7.1690555e+04  -5.1312578e+04
   9.5400000e+01   9.7216188e+04  -6.4061762e+04
   9.5500000e+01   1.0709750e+05  -7.1907594e+04
   9.5600000e+01   1.1787004e+05  -7.0618945e+04
   9.5700000e+01   1.4328923e+05  -5.9529191e+04
   9.5800000e+01   1.7861044e+05  -4.4048680e+04
   9.5900000e+01   2.0397519e+05  -3.2521615e+04
   9.6000000e+01   2.0408208e+05  -2.9004400e+04
   9.6100000e+01   1.8321933e+05  -3.0012914e+04
   9.6200000e+01   1.5993386e+05  -2.9672650e+04
   9.6300000e+01   1.4827638e+05  -2.7147553e+04
   9.6400000e+01   1.4621600e+05  -2.6842326e+04
   9.6500000e+01   1.4165077e+05  -3.1270514e+04
   9.6600000e+01   1.2637258e+05  -3.6488426e+04
   9.6700000e+01   1.0203862e+05  -3.6645648e+04
   9.6800000e+01   7.4273484e+04  -3.1563711e+04
   9.6900000e+01   4.4674832e+04  -2.6650750e+04
   9.7000000e+01   1.0489281e+04  -2.4648900e+04
   9.7100000e+01  -2.8928113e+04  -2.0148039e+04
   9.7200000e+01  -6.7375688e+04  -4.9039761e+03
   9.7300000e+01  -9.4635461e+04   2.1680840e+04
   9.7400000e+01  -1.0440852e+05   4.9346016e+04
   9.7500000e+01  -9.9687102e+04   6.5097711e+04
   9.7600000e+01  -9.0163695e+04   6.4181121e+04
   9.7700000e+01  -8.3652289e+04   5.3311930e+04
   9.7800000e+01  -7.9399461e+04   4.4347238e+04
   9.7900000e+01  -6.9858516e+04   4.4935363e+04
   9.8000000e+01  -4.9555238e+04   5.3299336e+04
   9.8100000e+01  -2.2562234e+04   5.9933180e+04
   9.8200000e+01  -1.1746277e+03   5.4692375e+04
   9.8300000e+01   3.2221416e+03   3.4658672e+04
   9.8400000e+01  -1.1178328e+04   6.7383159e+03
   9.8500000e+01  -3.5881688e+04  -1.7997201e+04
   9.8600000e+01  -5.9342938e+04  -3.3773602e+04
   9.8700000e+01  -7.5400695e+04  -4.4209949e+04
   9.8800000e+01  -8.5760742e+04  -5.6751414e+04
   9.8900000e+01  -9.5224398e+04  -7.3553062e+04
   9.9000000e+01  -1.0499020e+05  -8.8765086e+04
   9.9100000e+01  -1.1084357e+05  -9.4475742e+04
   9.9200000e+01  -1.0787980e+05  -8.7762625e+04
   9.9300000e+01  -9.6471273e+04  -7.1411680e+04
   9.9400000e+01  -8.2752562e+04  -4.9750289e+04
   9.9500000e+01  -7.2885062e+04  -2.6358000e+04
   9.9600000e+01  -6.7341539e+04  -5.5878647e+03
   9.9700000e+01  -6.1332840e+04   7.0824644e+03
   9.9800000e+01  -5.0315402e+04   8.8577295e+03
   9.9900000e+01  -3.3953598e+04   2.4256196e+03
   1.0000000e+02  -1.4980717e+04  -7.2705420e+03
