   1.1851270e+02   3.6301420e+01   1.8450000e+02
   1.1937556e+02   3.6751134e+01   3.8700000e+01
   0.0000000e+00   1.4326603e+05   1.4326603e+05
   1.0000000e-01   1.6211556e+05   7.9823367e+04
   2.0000000e-01   1.4045759e+05   1.2077227e+03
   3.0000000e-01   1.0912488e+05  -5.3176922e+04
   4.0000000e-01   9.5530891e+04  -6.4155320e+04
   5.0000000e-01   1.0039911e+05  -4.1920914e+04
   6.0000000e-01   1.0264587e+05  -1.0706449e+04
   7.0000000e-01   8.3566883e+04   1.1286783e+04
   8.0000000e-01   4.3709340e+04   1.9247336e+04
   9.0000000e-01  -2.5539700e+03   1.7673590e+04
   1.0000000e+00  -4.4511156e+04   1.5586706e+04
   1.1000000e+00  -8.3652672e+04   2.4179975e+04
   1.2000000e+00  -1.2536736e+05   5.1705789e+04
   1.3000000e+00  -1.6610922e+05   9.5051273e+04
   1.4000000e+00  -1.9299495e+05   1.3697677e+05
   1.5000000e+00  -1.9756266e+05   1.5606762e+05
   1.6000000e+00  -1.8797800e+05   1.4295106e+05
   1.7000000e+00  -1.8420739e+05   1.0781652e+05
   1.8000000e+00  -1.9889795e+05   7.1822898e+04
   1.9000000e+00  -2.2307623e+05   5.0382922e+04
   2.0000000e+00  -2.3208344e+05   4.3112367e+04
   2.1000000e+00  -2.0689534e+05   3.7740344e+04
   2.2000000e+00  -1.5050053e+05   2.2615059e+04
   2.3000000e+00  -8.4191406e+04  -3.4498906e+03
   2.4000000e+00  -2.8368977e+04  -3.1092996e+04
   2.5000000e+00   1.3533844e+04  -4.8641977e+04
   2.6000000e+00   5.3959152e+04  -5.1542734e+04
   2.7000000e+00   1.0575092e+05  -4.6071109e+04
   2.8000000e+00   1.6741823e+05  -4.4925344e+04
   2.9000000e+00   2.2186334e+05  -5.7684492e+04
   3.0000000e+00   2.4860723e+05  -8.2657047e+04
   3.1000000e+00   2.3891756e+05  -1.0653105e+05
   3.2000000e+00   2.0270617e+05  -1.1349891e+05
   3.3000000e+00   1.6339041e+05  -9.7946398e+04
   3.4000000e+00   1.4454317e+05  -7.0259867e+04
   3.5000000e+00   1.5560881e+05  -4.9669016e+04
   3.6000000e+00   1.8430158e+05  -4.9337496e+04
   3.7000000e+00   2.0182338e+05  -6.6534367e+04
   3.8000000e+00   1.8147595e+05  -8.6088992e+04
   3.9000000e+00   1.2067773e+05  -9.2766586e+04
   4.0000000e+00   4.8405629e+04  -8.1021742e+04
   4.1000000e+00   6.6134434e+03  -5.5584098e+04
   4.2000000e+00   1.6040326e+04  -2.6090523e+04
   4.3000000e+00   5.5548941e+04  -2.1063438e+03
   4.4000000e+00   7.7276938e+04   9.7292656e+03
   4.5000000e+00   4.7877477e+04   8.3255039e+03
   4.6000000e+00  -2.1370967e+04  -7.5742188e+01
   4.7000000e+00  -8.5200242e+04  -4.7425117e+03
   4.8000000e+00  -1.0654586e+05   1.5612754e+03
   4.9000000e+00  -8.9778172e+04   1.5901660e+04
   5.0000000e+00  -7.3733039e+04   2.7082701e+04
   5.1000000e+00  -9.3658891e+04   2.5054764e+04
   5.2000000e+00  -1.5021844e+05   8.6387637e+03
   5.3000000e+00  -2.1285148e+05  -1.5256287e+04
   5.4000000e+00  -2.4923953e+05  -3.7822125e+04
   5.5000000e+00  -2.5069247e+05  -5.2058664e+04
   5.6000000e+00  -2.3331395e+05  -5.1970793e+04
   5.7000000e+00  -2.2001803e+05  -3.2573264e+04
   5.8000000e+00  -2.2207505e+05   5.9439229e+03
   5.9000000e+00  -2.3321267e+05   5.4700977e+04
   6.0000000e+00  -2.3650808e+05   9.9776297e+04
   6.1000000e+00  -2.1678098e+05   1.3118409e+05
   6.2000000e+00  -1.7050902e+05   1.4815622e+05
   6.3000000e+00  -1.0784902e+05   1.5569514e+05
   6.4000000e+00  -4.5802203e+04   1.5717183e+05
   6.5000000e+00   2.8037764e+03   1.5079236e+05
   6.6000000e+00   3.6510660e+04   1.3184994e+05
   6.7000000e+00   6.3213367e+04   9.7019406e+04
   6.8000000e+00   9.0907445e+04   4.7409094e+04
   6.9000000e+00   1.1938322e+05  -1.0472956e+04
   7.0000000e+00   1.4052322e+05  -6.6652453e+04
   7.1000000e+00   1.4719120e+05  -1.1293183e+05
   7.2000000e+00   1.4197436e+05  -1.4817847e+05
   7.3000000e+00   1.3602344e+05  -1.7814102e+05
   7.4000000e+00   1.3790439e+05  -2.0879686e+05
   7.5000000e+00   1.4399434e+05  -2.3918708e+05
   7.6000000e+00   1.4199700e+05  -2.6006384e+05
   7.7000000e+00   1.2523442e+05  -2.5850461e+05
   7.8000000e+00   1.0218731e+05  -2.2472059e+05
   7.9000000e+00   8.9489602e+04  -1.5883522e+05
   8.0000000e+00   9.4595117e+04  -7.5780656e+04
   8.1000000e+00   1.0646727e+05  -2.7541887e+03
   8.2000000e+00   1.0473637e+05   3.5373945e+04
   8.3000000e+00   7.8560328e+04   3.5576488e+04
   8.4000000e+00   3.6920480e+04   2.2981812e+04
   8.5000000e+00   1.3119873e+03   3.3132027e+04
   8.6000000e+00  -1.1519077e+04   8.2444875e+04
   8.7000000e+00  -1.6909883e+03   1.5348919e+05
   8.8000000e+00   1.5574160e+04   2.0942494e+05
   8.9000000e+00   2.2634180e+04   2.2476770e+05
   9.0000000e+00   1.2910139e+04   2.0538539e+05
   9.1000000e+00  -4.5650156e+03   1.8195994e+05
   9.2000000e+00  -1.3153510e+04   1.8459169e+05
   9.3000000e+00  -3.8314492e+03   2.2010031e+05
   9.4000000e+00   1.4827172e+04   2.6883156e+05
   9.5000000e+00   2.2528979e+04   3.0130956e+05
   9.6000000e+00   6.3968516e+03   3.0024853e+05
   9.7000000e+00  -2.3933523e+04   2.7064175e+05
   9.8000000e+00  -4.2100312e+04   2.3144669e+05
   9.9000000e+00  -2.9022484e+04   1.9781597e+05
   1.0000000e+01   7.6092646e+03   1.6963061e+05
   1.0100000e+01   3.8558887e+04   1.3471977e+05
   1.0200000e+01   3.8486996e+04   8.1531328e+04
   1.0300000e+01   6.7910415e+03   9.1351270e+03
   1.0400000e+01  -3.4701379e+04  -7.2823250e+04
   1.0500000e+01  -6.1434508e+04  -1.5173288e+05
   1.0600000e+01  -6.2905023e+04  -2.1922470e+05
   1.0700000e+01  -4.4383996e+04  -2.7249562e+05
   1.0800000e+01  -1.8241162e+04  -3.1090453e+05
   1.0900000e+01   4.4755156e+03  -3.3315909e+05
   1.1000000e+01   1.7788869e+04  -3.3846047e+05
   1.1100000e+01   2.1576590e+04  -3.2944403e+05
   1.1200000e+01   2.0606074e+04  -3.1219369e+05
   1.1300000e+01   2.1011098e+04  -2.9234925e+05
   1.1400000e+01   2.5147268e+04  -2.7171825e+05
   1.1500000e+01   2.8759113e+04  -2.4953938e+05
   1.1600000e+01   2.3573820e+04  -2.2646091e+05
   1.1700000e+01   3.8377192e+03  -2.0549188e+05
   1.1800000e+01  -2.8522436e+04  -1.8808534e+05
   1.1900000e+01  -6.4704348e+04  -1.7017141e+05
   1.2000000e+01  -9.5209781e+04  -1.4351958e+05
   1.2100000e+01  -1.1549025e+05  -1.0165571e+05
   1.2200000e+01  -1.2559055e+05  -4.4748602e+04
   1.2300000e+01  -1.2545369e+05   2.0189613e+04
   1.2400000e+01  -1.1339614e+05   8.2604305e+04
   1.2500000e+01  -9.0997586e+04   1.3251348e+05
   1.2600000e+01  -6.7178102e+04   1.6436405e+05
   1.2700000e+01  -5.2523496e+04   1.7976411e+05
   1.2800000e+01  -4.7568828e+04   1.8662289e+05
   1.2900000e+01  -4.0104492e+04   1.9325636e+05
   1.3000000e+01  -1.8515656e+04   2.0098016e+05
   1.3100000e+01   1.2503656e+04   2.0206036e+05
   1.3200000e+01   3.3806121e+04   1.8620991e+05
   1.3300000e+01   3.1665883e+04   1.5072448e+05
   1.3400000e+01   1.3551938e+04   1.0511659e+05
   1.3500000e+01   1.1600254e+03   6.5383129e+04
   1.3600000e+01   8.4306621e+03   4.2100391e+04
   1.3700000e+01   2.9225938e+04   3.2399279e+04
   1.3800000e+01   4.6869355e+04   2.3319871e+04
   1.3900000e+01   5.2649512e+04   4.5079648e+03
   1.4000000e+01   5.2768848e+04  -2.0796209e+04
   1.4100000e+01   5.9009508e+04  -3.7429648e+04
   1.4200000e+01   7.5985555e+04  -3.2564232e+04
   1.4300000e+01   9.8089273e+04  -9.6350811e+03
   1.4400000e+01   1.1641198e+05   1.2384911e+04
   1.4500000e+01   1.2676160e+05   1.5328116e+04
   1.4600000e+01   1.3177022e+05  -9.3858313e+02
   1.4700000e+01   1.3689655e+05  -1.6800795e+04
   1.4800000e+01   1.4441922e+05  -8.4757881e+03
   1.4900000e+01   1.5010075e+05   3.3331641e+04
   1.5000000e+01   1.4543381e+05   9.7424156e+04
   1.5100000e+01   1.2433186e+05   1.6160102e+05
   1.5200000e+01   8.8531336e+04   2.0746222e+05
   1.5300000e+01   4.5942477e+04   2.2895497e+05
   1.5400000e+01   2.9406406e+03   2.3134694e+05
   1.5500000e+01  -4.1240297e+04   2.2488642e+05
   1.5600000e+01  -9.1343586e+04   2.1829861e+05
   1.5700000e+01  -1.4732917e+05   2.1430584e+05
   1.5800000e+01  -2.0014088e+05   2.0788122e+05
   1.5900000e+01  -2.3737158e+05   1.8850744e+05
   1.6000000e+01  -2.5303028e+05   1.4683808e+05
   1.6100000e+01  -2.5131059e+05   8.2455852e+04
   1.6200000e+01  -2.4140388e+05   6.5427227e+03
   1.6300000e+01  -2.2966166e+05  -6.4171555e+04
   1.6400000e+01  -2.1626342e+05  -1.1851193e+05
   1.6500000e+01  -1.9724786e+05  -1.5793720e+05
   1.6600000e+01  -1.6836222e+05  -1.9320255e+05
   1.6700000e+01  -1.2831032e+05  -2.3351081e+05
   1.6800000e+01  -8.0880586e+04  -2.7817069e+05
   1.6900000e+01  -3.4601281e+04  -3.1819306e+05
   1.7000000e+01   1.7730566e+03  -3.4524947e+05
   1.7100000e+01   2.6079859e+04  -3.5831769e+05
   1.7200000e+01   4.5889621e+04  -3.6163375e+05
   1.7300000e+01   7.3270203e+04  -3.5741881e+05
   1.7400000e+01   1.1342154e+05  -3.4219766e+05
   1.7500000e+01   1.5606978e+05  -3.1069884e+05
   1.7600000e+01   1.7887612e+05  -2.6232756e+05
   1.7700000e+01   1.6426645e+05  -2.0253086e+05
   1.7800000e+01   1.1847503e+05  -1.3770122e+05
   1.7900000e+01   7.4213031e+04  -6.9864547e+04
   1.8000000e+01   6.7791422e+04   2.5234297e+03
   1.8100000e+01   1.0599723e+05   7.8601516e+04
   1.8200000e+01   1.5474897e+05   1.5108123e+05
   1.8300000e+01   1.6658769e+05   2.0944167e+05
   1.8400000e+01   1.2512055e+05   2.4758636e+05
   1.8500000e+01   6.2299547e+04   2.6779759e+05
   1.8600000e+01   2.8506570e+04   2.7632591e+05
   1.8700000e+01   4.4331809e+04   2.7518203e+05
   1.8800000e+01   8.3075008e+04   2.5950816e+05
   1.8900000e+01   1.0050783e+05   2.2405003e+05
   1.9000000e+01   7.8934219e+04   1.7143503e+05
   1.9100000e+01   4.0391695e+04   1.1193100e+05
   1.9200000e+01   1.9611488e+04   5.4005570e+04
   1.9300000e+01   2.8871408e+04  -3.1633037e+03
   1.9400000e+01   5.0212199e+04  -6.5075137e+04
   1.9500000e+01   5.7650891e+04  -1.2957075e+05
   1.9600000e+01   4.2313117e+04  -1.8227555e+05
   1.9700000e+01   1.6111717e+04  -2.0783123e+05
   1.9800000e+01  -4.4530225e+03  -2.0556622e+05
   1.9900000e+01  -1.4236980e+04  -1.9040250e+05
   2.0000000e+01  -2.0297920e+04  -1.7547234e+05
   2.0100000e+01  -3.0931867e+04  -1.5553609e+05
   2.0200000e+01  -4.6324203e+04  -1.1205805e+05
   2.0300000e+01  -5.8967844e+04  -3.6847062e+04
   2.0400000e+01  -6.0976871e+04   5.1714898e+04
   2.0500000e+01  -5.0688684e+04   1.1969691e+05
   2.0600000e+01  -3.4177488e+04   1.4600531e+05
   2.0700000e+01  -2.2061996e+04   1.3888686e+05
   2.0800000e+01  -2.3823674e+04   1.2455570e+05
   2.0900000e+01  -4.2107562e+04   1.2178627e+05
   2.1000000e+01  -7.0171008e+04   1.2858283e+05
   2.1100000e+01  -9.5200219e+04   1.3045448e+05
   2.1200000e+01  -1.0650809e+05   1.1672515e+05
   2.1300000e+01  -1.0295761e+05   8.7608172e+04
   2.1400000e+01  -9.3486047e+04   4.9783055e+04
   2.1500000e+01  -8.9865203e+04   1.0533146e+04
   2.1600000e+01  -9.7274000e+04  -2.2845340e+04
   2.1700000e+01  -1.1013599e+05  -4.2011168e+04
   2.1800000e+01  -1.1657730e+05  -4.0928672e+04
   2.1900000e+01  -1.0812630e+05  -2.2023305e+04
   2.2000000e+01  -8.6742273e+04   2.9419502e+03
   2.2100000e+01  -6.2665406e+04   2.1747125e+04
   2.2200000e+01  -4.4198902e+04   3.4042625e+04
   2.2300000e+01  -2.8918766e+04   5.4220879e+04
   2.2400000e+01  -6.0967734e+03   9.8217945e+04
   2.2500000e+01   3.0577287e+04   1.6349916e+05
   2.2600000e+01   7.2834281e+04   2.2194838e+05
   2.2700000e+01   1.0219516e+05   2.3691194e+05
   2.2800000e+01   1.0597395e+05   1.9263597e+05
   2.2900000e+01   8.9041062e+04   1.0929997e+05
   2.3000000e+01   6.9465078e+04   2.7937557e+04
   2.3100000e+01   6.2775273e+04  -2.1940148e+04
   2.3200000e+01   7.0186172e+04  -4.2324660e+04
   2.3300000e+01   8.0285648e+04  -5.7350145e+04
   2.3400000e+01   8.0045516e+04  -8.6467438e+04
   2.3500000e+01   6.4389250e+04  -1.2703422e+05
   2.3600000e+01   3.7861930e+04  -1.6071227e+05
   2.3700000e+01   9.7634170e+03  -1.7329062e+05
   2.3800000e+01  -1.1877142e+04  -1.6612588e+05
   2.3900000e+01  -2.3123516e+04  -1.4893675e+05
   2.4000000e+01  -2.3327121e+04  -1.2445797e+05
   2.4100000e+01  -1.3966084e+04  -8.3732258e+04
   2.4200000e+01   2.3164062e+01  -1.8340748e+04
   2.4300000e+01   8.7964443e+03   6.3982430e+04
   2.4400000e+01   1.8977109e+03   1.3917444e+05
   2.4500000e+01  -2.1473082e+04   1.8453569e+05
   2.4600000e+01  -4.6489266e+04   1.9621416e+05
   2.4700000e+01  -5.1820836e+04   1.8775773e+05
   2.4800000e+01  -2.9330184e+04   1.7201919e+05
   2.4900000e+01   5.4879185e+03   1.4705189e+05
   2.5000000e+01   2.6362047e+04   1.0074348e+05
   2.5100000e+01   2.1859605e+04   2.6825213e+04
   2.5200000e+01   7.3111211e+03  -6.6261898e+04
   2.5300000e+01   9.6420469e+03  -1.6083233e+05
   2.5400000e+01   4.0403613e+04  -2.4033814e+05
   2.5500000e+01   8.4329156e+04  -2.9418688e+05
   2.5600000e+01   1.1343070e+05  -3.1796112e+05
   2.5700000e+01   1.1087520e+05  -3.1483038e+05
   2.5800000e+01   8.2393242e+04  -2.9631556e+05
   2.5900000e+01   4.8629719e+04  -2.7546659e+05
   2.6000000e+01   2.9070625e+04  -2.5446369e+05
   2.6100000e+01   3.0581574e+04  -2.2031758e+05
   2.6200000e+01   4.5178230e+04  -1.5761273e+05
   2.6300000e+01   5.5234328e+04  -6.7879398e+04
   2.6400000e+01   4.3513602e+04   2.5332471e+04
   2.6500000e+01   4.4533906e+03   9.3158383e+04
   2.6600000e+01  -5.0062930e+04   1.2402089e+05
   2.6700000e+01  -9.6744625e+04   1.2973259e+05
   2.6800000e+01  -1.1689333e+05   1.3021298e+05
   2.6900000e+01  -1.1074320e+05   1.3344489e+05
   2.7000000e+01  -9.7652289e+04   1.3021377e+05
   2.7100000e+01  -1.0046352e+05   1.0689253e+05
   2.7200000e+01  -1.2602053e+05   6.2473070e+04
   2.7300000e+01  -1.5814081e+05   1.3662197e+04
   2.7400000e+01  -1.6980408e+05  -1.6616670e+04
   2.7500000e+01  -1.4518688e+05  -1.7871090e+04
   2.7600000e+01  -9.3069742e+04  -2.1599844e+03
   2.7700000e+01  -3.9884070e+04   4.1346484e+03
   2.7800000e+01  -8.4693262e+03  -1.8065789e+04
   2.7900000e+01  -1.5132285e+03  -6.3238430e+04
   2.8000000e+01  -3.8933271e+03  -1.0412530e+05
   2.8100000e+01   1.6651978e+02  -1.1294386e+05
   2.8200000e+01   1.2892522e+04  -8.1884656e+04
   2.8300000e+01   2.4793633e+04  -2.5362840e+04
   2.8400000e+01   2.8082566e+04   3.4667516e+04
   2.8500000e+01   2.5754957e+04   8.3970078e+04
   2.8600000e+01   2.6716469e+04   1.1962566e+05
   2.8700000e+01   3.3657461e+04   1.4464888e+05
   2.8800000e+01   3.8467906e+04   1.6281914e+05
   2.8900000e+01   3.1267273e+04   1.7683839e+05
   2.9000000e+01   1.3509970e+04   1.8703722e+05
   2.9100000e+01   3.5563672e+02   1.9043166e+05
   2.9200000e+01   8.4637656e+03   1.8341186e+05
   2.9300000e+01   4.0865844e+04   1.6713884e+05
   2.9400000e+01   8.3947367e+04   1.4877134e+05
   2.9500000e+01   1.1930881e+05   1.3507102e+05
   2.9600000e+01   1.3855278e+05   1.2500636e+05
   2.9700000e+01   1.4709464e+05   1.1041447e+05
   2.9800000e+01   1.5489925e+05   8.4161156e+04
   2.9900000e+01   1.6455645e+05   4.6438051e+04
   3.0000000e+01   1.6817647e+05   3.4805029e+03
   3.0100000e+01   1.5495792e+05  -3.7180934e+04
   3.0200000e+01   1.2156177e+05  -6.8791273e+04
   3.0300000e+01   7.6068969e+04  -8.5346195e+04
   3.0400000e+01   3.2698844e+04  -8.3705516e+04
   3.0500000e+01   1.9755576e+03  -6.7261266e+04
   3.0600000e+01  -1.6122715e+04  -4.6014164e+04
   3.0700000e+01  -3.1364660e+04  -3.1555070e+04
   3.0800000e+01  -5.5711414e+04  -3.1664045e+04
   3.0900000e+01  -9.4143234e+04  -4.8367801e+04
   3.1000000e+01  -1.3974769e+05  -7.7566336e+04
   3.1100000e+01  -1.7651044e+05  -1.0805195e+05
   3.1200000e+01  -1.8899844e+05  -1.2358689e+05
   3.1300000e+01  -1.7347459e+05  -1.1229916e+05
   3.1400000e+01  -1.4230328e+05  -7.8030484e+04
   3.1500000e+01  -1.1624938e+05  -4.0792398e+04
   3.1600000e+01  -1.0820341e+05  -2.1785904e+04
   3.1700000e+01  -1.1094682e+05  -2.5831887e+04
   3.1800000e+01  -1.0112624e+05  -3.9124574e+04
   3.1900000e+01  -5.8762730e+04  -4.4655340e+04
   3.2000000e+01   1.3471949e+04  -3.8735184e+04
   3.2100000e+01   8.9040273e+04  -3.1771738e+04
   3.2200000e+01   1.3699408e+05  -3.4451023e+04
   3.2300000e+01   1.4563900e+05  -4.5453000e+04
   3.2400000e+01   1.2975094e+05  -5.3022414e+04
   3.2500000e+01   1.1589052e+05  -4.6883355e+04
   3.2600000e+01   1.2002365e+05  -2.7400203e+04
   3.2700000e+01   1.3677584e+05  -3.8341384e+03
   3.2800000e+01   1.4685103e+05   1.4802060e+04
   3.2900000e+01   1.3293558e+05   2.6694211e+04
   3.3000000e+01   9.0370609e+04   3.6139270e+04
   3.3100000e+01   2.7521695e+04   4.7013516e+04
   3.3200000e+01  -4.0025074e+04   5.8270117e+04
   3.3300000e+01  -9.6315016e+04   6.5907781e+04
   3.3400000e+01  -1.3146238e+05   6.8150953e+04
   3.3500000e+01  -1.4663489e+05   6.6779305e+04
   3.3600000e+01  -1.5365494e+05   6.2663383e+04
   3.3700000e+01  -1.6630347e+05   5.1807758e+04
   3.3800000e+01  -1.8796995e+05   2.8477643e+04
   3.3900000e+01  -2.0657448e+05  -7.4249053e+03
   3.4000000e+01  -2.0338244e+05  -4.8575953e+04
   3.4100000e+01  -1.6942930e+05  -8.7645289e+04
   3.4200000e+01  -1.1474272e+05  -1.2474103e+05
   3.4300000e+01  -6.1203594e+04  -1.6397898e+05
   3.4400000e+01  -2.4988641e+04  -2.0220061e+05
   3.4500000e+01  -4.3537959e+03  -2.2518638e+05
   3.4600000e+01   1.6431928e+04  -2.1960291e+05
   3.4700000e+01   5.0983234e+04  -1.8900627e+05
   3.4800000e+01   9.7252797e+04  -1.5441534e+05
   3.4900000e+01   1.3839289e+05  -1.3585525e+05
   3.5000000e+01   1.5643297e+05  -1.3305195e+05
   3.5100000e+01   1.4578297e+05  -1.2528992e+05
   3.5200000e+01   1.1494727e+05  -9.0253031e+04
   3.5300000e+01   7.7364773e+04  -2.2844508e+04
   3.5400000e+01   4.2603508e+04   6.2597332e+04
   3.5500000e+01   1.5917418e+04   1.4525127e+05
   3.5600000e+01   1.9040438e+03   2.1170244e+05
   3.5700000e+01   2.9444360e+03   2.5976994e+05
   3.5800000e+01   1.2765497e+04   2.9294556e+05
   3.5900000e+01   1.6715834e+04   3.1348106e+05
   3.6000000e+01   5.1641895e+03   3.2078806e+05
   3.6100000e+01  -1.2076543e+04   3.1546909e+05
   3.6200000e+01  -9.8725859e+03   3.0350425e+05
   3.6300000e+01   2.7983820e+04   2.9424381e+05
   3.6400000e+01   8.8021211e+04   2.9173888e+05
   3.6500000e+01   1.3416927e+05   2.8733753e+05
   3.6600000e+01   1.3856578e+05   2.6307497e+05
   3.6700000e+01   1.0565186e+05   2.0584300e+05
   3.6800000e+01   6.5583547e+04   1.2035409e+05
   3.6900000e+01   4.5149508e+04   2.8342393e+04
   3.7000000e+01   4.6145500e+04  -4.5741680e+04
   3.7100000e+01   5.0186652e+04  -8.9724625e+04
   3.7200000e+01   4.0494492e+04  -1.0762139e+05
   3.7300000e+01   1.6994781e+04  -1.1267520e+05
   3.7400000e+01  -7.2961255e+03  -1.1835606e+05
   3.7500000e+01  -2.0280525e+04  -1.3350978e+05
   3.7600000e+01  -1.9829027e+04  -1.6050673e+05
   3.7700000e+01  -1.1835600e+04  -1.9362411e+05
   3.7800000e+01  -3.0074434e+03  -2.1955109e+05
   3.7900000e+01   3.5460293e+03  -2.2402352e+05
   3.8000000e+01   7.6177871e+03  -2.0274702e+05
   3.8100000e+01   9.1256289e+03  -1.6710359e+05
   3.8200000e+01   6.6654531e+03  -1.3659308e+05
   3.8300000e+01  -1.6841543e+03  -1.2221935e+05
   3.8400000e+01  -1.6401229e+04  -1.1607564e+05
   3.8500000e+01  -3.5178176e+04  -9.8668516e+04
   3.8600000e+01  -5.3687914e+04  -5.8418121e+04
   3.8700000e+01  -6.8575141e+04  -4.6019062e+03
   3.8800000e+01  -8.0678711e+04   3.9254094e+04
   3.8900000e+01  -9.5461758e+04   5.4955516e+04
   3.9000000e+01  -1.1926354e+05   4.2948422e+04
   3.9100000e+01  -1.5342577e+05   1.7744344e+04
   3.9200000e+01  -1.9083347e+05  -7.3491650e+03
   3.9300000e+01  -2.1864092e+05  -2.9840945e+04
   3.9400000e+01  -2.2674378e+05  -5.4706180e+04
   3.9500000e+01  -2.1621588e+05  -8.5637383e+04
   3.9600000e+01  -1.9984566e+05  -1.2177271e+05
   3.9700000e+01  -1.9179803e+05  -1.6077516e+05
   3.9800000e+01  -1.9344541e+05  -2.0033311e+05
   3.9900000e+01  -1.8871514e+05  -2.3422625e+05
   4.0000000e+01  -1.5635925e+05  -2.4991886e+05
   4.0100000e+01  -9.0848164e+04  -2.3604917e+05
   4.0200000e+01  -1.2562138e+04  -1.9549269e+05
   4.0300000e+01   4.5338664e+04  -1.4805158e+05
   4.0400000e+01   6.4884266e+04  -1.1396658e+05
   4.0500000e+01   6.1381102e+04  -9.1570664e+04
   4.0600000e+01   7.2856711e+04  -5.4242805e+04
   4.0700000e+01   1.2732172e+05   2.4645635e+04
   4.0800000e+01   2.1601245e+05   1.4076362e+05
   4.0900000e+01   2.9739188e+05   2.5438631e+05
   4.1000000e+01   3.2971812e+05   3.2041781e+05
   4.1100000e+01   3.0418691e+05   3.2545422e+05
   4.1200000e+01   2.5038197e+05   2.9666866e+05
   4.1300000e+01   2.1081530e+05   2.7546791e+05
   4.1400000e+01   2.0765608e+05   2.8234516e+05
   4.1500000e+01   2.2890788e+05   3.0412906e+05
   4.1600000e+01   2.4240238e+05   3.1029875e+05
   4.1700000e+01   2.2312506e+05   2.7959369e+05
   4.1800000e+01   1.7141050e+05   2.1464878e+05
   4.1900000e+01   1.0970436e+05   1.3726695e+05
   4.2000000e+01   6.3275598e+04   7.2158023e+04
   4.2100000e+01   4.1728508e+04   3.1787861e+04
   4.2200000e+01   3.5659547e+04   1.1216148e+04
   4.2300000e+01   2.8899219e+04  -5.1812227e+03
   4.2400000e+01   1.3452313e+04  -3.0284494e+04
   4.2500000e+01  -6.2437041e+03  -6.3597000e+04
   4.2600000e+01  -2.0828643e+04  -9.1149453e+04
   4.2700000e+01  -2.5096594e+04  -9.6026656e+04
   4.2800000e+01  -2.0228236e+04  -7.1551797e+04
   4.2900000e+01  -1.1072017e+04  -2.7166969e+04
   4.3000000e+01  -4.5003516e+03   1.7298953e+04
   4.3100000e+01  -8.6771914e+03   4.4411168e+04
   4.3200000e+01  -2.8505119e+04   4.9205336e+04
   4.3300000e+01  -5.8822898e+04   3.9472793e+04
   4.3400000e+01  -8.4910562e+04   2.7435082e+04
   4.3500000e+01  -9.4534914e+04   2.0462660e+04
   4.3600000e+01  -9.0622398e+04   1.7546707e+04
   4.3700000e+01  -8.9349602e+04   1.1993867e+04
   4.3800000e+01  -1.0405452e+05  -3.6290459e+03
   4.3900000e+01  -1.3266123e+05  -3.3569285e+04
   4.4000000e+01  -1.6243503e+05  -7.6811500e+04
   4.4100000e+01  -1.8485938e+05  -1.2720350e+05
   4.4200000e+01  -2.0198100e+05  -1.7616753e+05
   4.4300000e+01  -2.1785119e+05  -2.1635742e+05
   4.4400000e+01  -2.2800923e+05  -2.4302633e+05
   4.4500000e+01  -2.2169881e+05  -2.5274431e+05
   4.4600000e+01  -1.9483453e+05  -2.4355541e+05
   4.4700000e+01  -1.5827448e+05  -2.1896142e+05
   4.4800000e+01  -1.3100160e+05  -1.9032084e+05
   4.4900000e+01  -1.2381921e+05  -1.6992630e+05
   4.5000000e+01  -1.2856655e+05  -1.5766316e+05
   4.5100000e+01  -1.2307562e+05  -1.3651714e+05
   4.5200000e+01  -8.8967531e+04  -8.7325047e+04
   4.5300000e+01  -2.8293938e+04  -1.1355889e+04
   4.5400000e+01   3.5786027e+04   6.4401715e+04
   4.5500000e+01   7.6968000e+04   1.0945431e+05
   4.5600000e+01   8.7760367e+04   1.1924312e+05
   4.5700000e+01   8.4821133e+04   1.2051122e+05
   4.5800000e+01   9.1801508e+04   1.4504105e+05
   4.5900000e+01   1.1652908e+05   1.9775861e+05
   4.6000000e+01   1.4527364e+05   2.5138550e+05
   4.6100000e+01   1.5833781e+05   2.7211669e+05
   4.6200000e+01   1.4913800e+05   2.4989864e+05
   4.6300000e+01   1.2797293e+05   2.0479648e+05
   4.6400000e+01   1.1029241e+05   1.6670014e+05
   4.6500000e+01   1.0388438e+05   1.5026292e+05
   4.6600000e+01   1.0554565e+05   1.4723244e+05
   4.6700000e+01   1.0547952e+05   1.3872514e+05
   4.6800000e+01   9.3153688e+04   1.1268751e+05
   4.6900000e+01   6.2379551e+04   7.1420250e+04
   4.7000000e+01   1.5549972e+04   2.6214352e+04
   4.7100000e+01  -3.5571160e+04  -1.3010850e+04
   4.7200000e+01  -7.5160719e+04  -4.3785746e+04
   4.7300000e+01  -9.2116344e+04  -6.9478484e+04
   4.7400000e+01  -8.5988766e+04  -9.3238047e+04
   4.7500000e+01  -6.6688102e+04  -1.1365580e+05
   4.7600000e+01  -4.9327344e+04  -1.2626767e+05
   4.7700000e+01  -4.6536281e+04  -1.2947816e+05
   4.7800000e+01  -6.0495469e+04  -1.2876884e+05
   4.7900000e+01  -7.9691719e+04  -1.3409811e+05
   4.8000000e+01  -8.5982703e+04  -1.5219723e+05
   4.8100000e+01  -6.9388125e+04  -1.8108966e+05
   4.8200000e+01  -3.7527234e+04  -2.1189981e+05
   4.8300000e+01  -8.7399043e+03  -2.3525233e+05
   4.8400000e+01   5.6321182e+03  -2.4558133e+05
   4.8500000e+01   1.1744713e+04  -2.4076844e+05
   4.8600000e+01   2.5787445e+04  -2.2043269e+05
   4.8700000e+01   5.7117344e+04  -1.8609142e+05
   4.8800000e+01   9.9390578e+04  -1.4179188e+05
   4.8900000e+01   1.3667470e+05  -9.2525203e+04
   4.9000000e+01   1.5602391e+05  -4.1767098e+04
   4.9100000e+01   1.5466889e+05   8.0899678e+03
   4.9200000e+01   1.3882733e+05   5.2735805e+04
   4.9300000e+01   1.1900894e+05   8.5677797e+04
   4.9400000e+01   1.0582114e+05   1.0342696e+05
   4.9500000e+01   1.0583868e+05   1.1065584e+05
   4.9600000e+01   1.1711295e+05   1.1745773e+05
   4.9700000e+01   1.2796133e+05   1.2947588e+05
   4.9800000e+01   1.2341537e+05   1.4153884e+05
   4.9900000e+01   9.7245914e+04   1.4319966e+05
   5.0000000e+01   5.9635562e+04   1.3116784e+05
   5.0100000e+01   3.1308602e+04   1.1471052e+05
   5.0200000e+01   2.6626684e+04   1.0718442e+05
   5.0300000e+01   4.0374977e+04   1.1249563e+05
   5.0400000e+01   5.1775344e+04   1.2130384e+05
   5.0500000e+01   4.3289871e+04   1.2106600e+05
   5.0600000e+01   1.6527221e+04   1.0896541e+05
   5.0700000e+01  -1.0159232e+04   9.4350250e+04
   5.0800000e+01  -1.9413129e+04   8.9261719e+04
   5.0900000e+01  -9.9575332e+03   9.7649578e+04
   5.1000000e+01   4.7780874e+03   1.1331049e+05
   5.1100000e+01   1.0483391e+04   1.2627782e+05
   5.1200000e+01   2.9216104e+03   1.2991505e+05
   5.1300000e+01  -1.3092191e+04   1.2305415e+05
   5.1400000e+01  -3.1563877e+04   1.0810638e+05
   5.1500000e+01  -4.9668918e+04   8.8897984e+04
   5.1600000e+01  -6.5963609e+04   6.9585312e+04
   5.1700000e+01  -7.8627094e+04   5.3301641e+04
   5.1800000e+01  -8.8207914e+04   3.9887422e+04
   5.1900000e+01  -1.0067179e+05   2.4588508e+04
   5.2000000e+01  -1.2388522e+05   1.8504492e+02
   5.2100000e+01  -1.5878212e+05  -3.7628574e+04
   5.2200000e+01  -1.9504072e+05  -8.5320141e+04
   5.2300000e+01  -2.1798172e+05  -1.3164875e+05
   5.2400000e+01  -2.2093084e+05  -1.6406412e+05
   5.2500000e+01  -2.1030288e+05  -1.7707294e+05
   5.2600000e+01  -1.9811047e+05  -1.7560450e+05
   5.2700000e+01  -1.9018842e+05  -1.7011144e+05
   5.2800000e+01  -1.8257664e+05  -1.6761519e+05
   5.2900000e+01  -1.6886650e+05  -1.6677503e+05
   5.3000000e+01  -1.4924380e+05  -1.6090297e+05
   5.3100000e+01  -1.3080367e+05  -1.4497109e+05
   5.3200000e+01  -1.1906741e+05  -1.1963704e+05
   5.3300000e+01  -1.1071779e+05  -8.9831516e+04
   5.3400000e+01  -9.6366172e+04  -6.1194906e+04
   5.3500000e+01  -7.0892844e+04  -3.7873059e+04
   5.3600000e+01  -3.9727020e+04  -2.1407578e+04
   5.3700000e+01  -1.3022133e+04  -9.2983398e+03
   5.3800000e+01   6.7265894e+03   5.1742266e+03
   5.3900000e+01   2.9264514e+04   2.8882930e+04
   5.4000000e+01   6.6260133e+04   6.1868020e+04
   5.4100000e+01   1.1601380e+05   9.4145766e+04
   5.4200000e+01   1.6085131e+05   1.1162177e+05
   5.4300000e+01   1.8267758e+05   1.0783239e+05
   5.4400000e+01   1.8184583e+05   9.1195469e+04
   5.4500000e+01   1.7876508e+05   8.0039969e+04
   5.4600000e+01   1.9453211e+05   8.8296938e+04
   5.4700000e+01   2.2926377e+05   1.1359644e+05
   5.4800000e+01   2.6043417e+05   1.3825500e+05
   5.4900000e+01   2.6367869e+05   1.4290811e+05
   5.5000000e+01   2.3564997e+05   1.2155544e+05
   5.5100000e+01   1.9647108e+05   8.5467438e+04
   5.5200000e+01   1.7001531e+05   5.3292484e+04
   5.5300000e+01   1.6194194e+05   3.6697672e+04
   5.5400000e+01   1.5629995e+05   3.3596184e+04
   5.5500000e+01   1.3215552e+05   3.2552227e+04
   5.5600000e+01   8.2944820e+04   2.1951678e+04
   5.5700000e+01   2.1118211e+04  -3.9781436e+03
   5.5800000e+01  -3.3381156e+04  -4.4057809e+04
   5.5900000e+01  -6.7899234e+04  -9.1045336e+04
   5.6000000e+01  -8.2494688e+04  -1.3329147e+05
   5.6100000e+01  -8.4846891e+04  -1.5894792e+05
   5.6200000e+01  -8.2795906e+04  -1.6256736e+05
   5.6300000e+01  -8.1559797e+04  -1.4916611e+05
   5.6400000e+01  -8.4955828e+04  -1.3088267e+05
   5.6500000e+01  -9.5411570e+04  -1.1800020e+05
   5.6600000e+01  -1.1094802e+05  -1.1202752e+05
   5.6700000e+01  -1.2358527e+05  -1.0676473e+05
   5.6800000e+01  -1.2395802e+05  -9.5805336e+04
   5.6900000e+01  -1.0961253e+05  -7.9512430e+04
   5.7000000e+01  -8.8161797e+04  -6.5505184e+04
   5.7100000e+01  -7.0456422e+04  -6.2146113e+04
   5.7200000e+01  -6.0340812e+04  -7.0174188e+04
   5.7300000e+01  -5.2709121e+04  -7.9950883e+04
   5.7400000e+01  -4.2509754e+04  -7.8286188e+04
   5.7500000e+01  -3.3725551e+04  -6.0380047e+04
   5.7600000e+01  -3.6301992e+04  -3.5987352e+04
   5.7700000e+01  -5.3354906e+04  -2.2556857e+04
   5.7800000e+01  -7.3933578e+04  -3.0471816e+04
   5.7900000e+01  -8.1484211e+04  -5.4116441e+04
   5.8000000e+01  -6.9745062e+04  -7.7035211e+04
   5.8100000e+01  -4.7997844e+04  -8.5189078e+04
   5.8200000e+01  -2.9144348e+04  -7.5005844e+04
   5.8300000e+01  -1.4357687e+04  -5.0331387e+04
   5.8400000e+01   7.0686685e+03  -1.5105125e+04
   5.8500000e+01   4.1622586e+04   2.8456283e+04
   5.8600000e+01   7.8502625e+04   7.5863312e+04
   5.8700000e+01   9.7326648e+04   1.1944227e+05
   5.8800000e+01   9.0728375e+04   1.5566578e+05
   5.8900000e+01   7.6657703e+04   1.9276417e+05
   5.9000000e+01   8.3872703e+04   2.4544858e+05
   5.9100000e+01   1.2299845e+05   3.1657519e+05
   5.9200000e+01   1.7266662e+05   3.8426181e+05
   5.9300000e+01   1.9588342e+05   4.1314041e+05
   5.9400000e+01   1.7138217e+05   3.8429844e+05
   5.9500000e+01   1.1080213e+05   3.1501266e+05
   5.9600000e+01   4.7789984e+04   2.4596583e+05
   5.9700000e+01   1.1018589e+04   2.0664231e+05
   5.9800000e+01   4.2636396e+03   1.9277341e+05
   5.9900000e+01   7.2161943e+03   1.7640148e+05
   6.0000000e+01  -6.3216245e+03   1.3498731e+05
   6.0100000e+01  -4.7307840e+04   6.9596758e+04
   6.0200000e+01  -1.0256070e+05  -1.3756166e+03
   6.0300000e+01  -1.4455141e+05  -6.0388172e+04
   6.0400000e+01  -1.5243083e+05  -1.0153239e+05
   6.0500000e+01  -1.2728482e+05  -1.2843528e+05
   6.0600000e+01  -8.9206688e+04  -1.4728102e+05
   6.0700000e+01  -6.0031984e+04  -1.6274291e+05
   6.0800000e+01  -4.7754988e+04  -1.7723988e+05
   6.0900000e+01  -4.4707273e+04  -1.9079347e+05
   6.1000000e+01  -3.7463250e+04  -2.0094117e+05
   6.1100000e+01  -1.7774805e+04  -2.0382488e+05
   6.1200000e+01   1.3122494e+04  -1.9652270e+05
   6.1300000e+01   4.7069594e+04  -1.7940183e+05
   6.1400000e+01   7.4849031e+04  -1.5717230e+05
   6.1500000e+01   9.1489500e+04  -1.3760236e+05
   6.1600000e+01   9.7641727e+04  -1.2768455e+05
   6.1700000e+01   9.6005852e+04  -1.2920648e+05
   6.1800000e+01   8.6562664e+04  -1.3741031e+05
   6.1900000e+01   6.6568062e+04  -1.4458805e+05
   6.2000000e+01   3.6247363e+04  -1.4581552e+05
   6.2100000e+01   3.4455742e+03  -1.4176473e+05
   6.2200000e+01  -1.9850057e+04  -1.3667245e+05
   6.2300000e+01  -2.7193930e+04  -1.3444078e+05
   6.2400000e+01  -2.3475373e+04  -1.3668873e+05
   6.2500000e+01  -1.9729430e+04  -1.4301862e+05
   6.2600000e+01  -2.1614104e+04  -1.5112583e+05
   6.2700000e+01  -2.3782545e+04  -1.5619056e+05
   6.2800000e+01  -1.6911701e+04  -1.5204188e+05
   6.2900000e+01  -6.1854315e+02  -1.3543459e+05
   6.3000000e+01   1.2000821e+04  -1.0980297e+05
   6.3100000e+01   5.0648354e+03  -8.2933617e+04
   6.3200000e+01  -2.3397418e+04  -5.8701922e+04
   6.3300000e+01  -5.6178688e+04  -3.1065039e+04
   6.3400000e+01  -7.0592297e+04   1.1568897e+04
   6.3500000e+01  -5.9270641e+04   7.4026328e+04
   6.3600000e+01  -3.7613910e+04   1.4654272e+05
   6.3700000e+01  -2.9918621e+04   2.1070233e+05
   6.3800000e+01  -4.7375277e+04   2.5406825e+05
   6.3900000e+01  -7.8837180e+04   2.7880534e+05
   6.4000000e+01  -1.0202641e+05   2.9599600e+05
   6.4100000e+01  -1.0331674e+05   3.1248438e+05
   6.4200000e+01  -8.7936578e+04   3.2398322e+05
   6.4300000e+01  -7.3336250e+04   3.2030916e+05
   6.4400000e+01  -7.3800023e+04   2.9616188e+05
   6.4500000e+01  -9.0117562e+04   2.5684583e+05
   6.4600000e+01  -1.1151528e+05   2.1455350e+05
   6.4700000e+01  -1.2586112e+05   1.7925219e+05
   6.4800000e+01  -1.2810348e+05   1.5184636e+05
   6.4900000e+01  -1.2030291e+05   1.2498123e+05
   6.5000000e+01  -1.0563759e+05   9.0874570e+04
   6.5100000e+01  -8.4385867e+04   4.9590730e+04
   6.5200000e+01  -5.6245703e+04   1.0119959e+04
   6.5300000e+01  -2.4732064e+04  -1.7074598e+04
   6.5400000e+01   3.5369902e+03  -2.8823520e+04
   6.5500000e+01   2.4956736e+04  -3.0610746e+04
   6.5600000e+01   4.2742879e+04  -2.9827945e+04
   6.5700000e+01   6.2734961e+04  -2.8906557e+04
   6.5800000e+01   8.5845602e+04  -2.5565488e+04
   6.5900000e+01   1.0694030e+05  -1.8553867e+04
   6.6000000e+01   1.2214864e+05  -1.1299662e+04
   6.6100000e+01   1.3527920e+05  -9.4599395e+03
   6.6200000e+01   1.5423709e+05  -1.6048397e+04
   6.6300000e+01   1.8081294e+05  -2.9925223e+04
   6.6400000e+01   2.0621988e+05  -4.8348145e+04
   6.6500000e+01   2.1829356e+05  -6.9380086e+04
   6.6600000e+01   2.1217969e+05  -9.1365461e+04
   6.6700000e+01   1.9257738e+05  -1.1168678e+05
   6.6800000e+01   1.6675500e+05  -1.2820422e+05
   6.6900000e+01   1.3865589e+05  -1.4226459e+05
   6.7000000e+01   1.1092996e+05  -1.5842844e+05
   6.7100000e+01   8.9170781e+04  -1.7934636e+05
   6.7200000e+01   7.9071773e+04  -2.0120675e+05
   6.7300000e+01   7.8209914e+04  -2.1614847e+05
   6.7400000e+01   7.4387547e+04  -2.1993577e+05
   6.7500000e+01   5.6343195e+04  -2.1562895e+05
   6.7600000e+01   2.6489783e+04  -2.0790959e+05
   6.7700000e+01   2.5294769e+02  -1.9478855e+05
   6.7800000e+01  -9.2253584e+03  -1.6815277e+05
   6.7900000e+01  -5.0485420e+03  -1.2425927e+05
   6.8000000e+01  -3.7326484e+03  -7.1889641e+04
   6.8100000e+01  -1.8059598e+04  -2.7045365e+04
   6.8200000e+01  -4.3242531e+04   1.2962324e+03
   6.8300000e+01  -6.0425125e+04   1.8720922e+04
   6.8400000e+01  -5.4154406e+04   3.7921797e+04
   6.8500000e+01  -2.7279998e+04   6.4776719e+04
   6.8600000e+01   4.5363867e+02   9.2568359e+04
   6.8700000e+01   8.7928027e+03   1.0854754e+05
   6.8800000e+01  -6.5019541e+03   1.0441521e+05
   6.8900000e+01  -3.1900797e+04   8.1571281e+04
   6.9000000e+01  -5.0289266e+04   4.9976770e+04
   6.9100000e+01  -5.7142406e+04   2.3836082e+04
   6.9200000e+01  -6.3084047e+04   1.5231381e+04
   6.9300000e+01  -8.1169469e+04   2.6472227e+04
   6.9400000e+01  -1.1243072e+05   4.6430352e+04
   6.9500000e+01  -1.4385433e+05   5.7006988e+04
   6.9600000e+01  -1.5939811e+05   4.7080477e+04
   6.9700000e+01  -1.5232447e+05   2.1760518e+04
   6.9800000e+01  -1.2813442e+05  -2.1313516e+03
   6.9900000e+01  -9.8097266e+04  -9.6378330e+03
   7.0000000e+01  -7.1341164e+04   2.7205371e+03
   7.0100000e+01  -5.2061191e+04   2.8112967e+04
   7.0200000e+01  -4.1495988e+04   5.6769719e+04
   7.0300000e+01  -3.9796547e+04   8.1764680e+04
   7.0400000e+01  -4.4744617e+04   1.0051545e+05
   7.0500000e+01  -4.9852234e+04   1.1348963e+05
   7.0600000e+01  -4.6847773e+04   1.2151445e+05
   7.0700000e+01  -3.2756197e+04   1.2311234e+05
   7.0800000e+01  -1.4421921e+04   1.1467555e+05
   7.0900000e+01  -3.5225615e+03   9.4617500e+04
   7.1000000e+01  -5.3429238e+03   6.7546781e+04
   7.1100000e+01  -1.3362799e+04   4.3020914e+04
   7.1200000e+01  -1.6537180e+04   2.9150965e+04
   7.1300000e+01  -1.1361442e+04   2.7285965e+04
   7.1400000e+01  -4.6710068e+03   3.2342826e+04
   7.1500000e+01  -4.3272441e+03   3.6966992e+04
   7.1600000e+01  -9.8247354e+03   3.5321863e+04
   7.1700000e+01  -1.4414815e+04   2.5171959e+04
   7.1800000e+01  -1.5269891e+04   8.7207168e+03
   7.1900000e+01  -1.8010348e+04  -8.7262891e+03
   7.2000000e+01  -2.9317477e+04  -2.2754812e+04
   7.2100000e+01  -4.6514125e+04  -3.3115020e+04
   7.2200000e+01  -5.7093988e+04  -4.2124582e+04
   7.2300000e+01  -4.9837730e+04  -4.9992031e+04
   7.2400000e+01  -2.6050047e+04  -5.3780609e+04
   7.2500000e+01   1.0605684e+03  -5.2072250e+04
   7.2600000e+01   1.8891537e+04  -4.8391969e+04
   7.2700000e+01   2.7823023e+04  -4.6727984e+04
   7.2800000e+01   4.0864309e+04  -4.3742809e+04
   7.2900000e+01   6.9801508e+04  -2.9364982e+04
   7.3000000e+01   1.1086066e+05   1.4581934e+03
   7.3100000e+01   1.4495994e+05   3.8422883e+04
   7.3200000e+01   1.5395012e+05   6.1037012e+04
   7.3300000e+01   1.3725747e+05   5.6772234e+04
   7.3400000e+01   1.1167877e+05   3.3820586e+04
   7.3500000e+01   9.4462359e+04   1.4339908e+04
   7.3600000e+01   8.7817078e+04   1.4418224e+04
   7.3700000e+01   8.0739039e+04   3.0661283e+04
   7.3800000e+01   6.3895664e+04   4.5638852e+04
   7.3900000e+01   3.9295156e+04   4.4924391e+04
   7.4000000e+01   1.4974041e+04   2.8419691e+04
   7.4100000e+01  -5.7983735e+03   6.9462568e+03
   7.4200000e+01  -2.5835113e+04  -9.5210508e+03
   7.4300000e+01  -4.5143918e+04  -1.9495379e+04
   7.4400000e+01  -5.5543941e+04  -2.7968604e+04
   7.4500000e+01  -4.8127973e+04  -3.9346453e+04
   7.4600000e+01  -2.5572812e+04  -5.2882551e+04
   7.4700000e+01  -3.4577959e+03  -6.3573246e+04
   7.4800000e+01   3.1825283e+03  -6.6183430e+04
   7.4900000e+01  -5.7698818e+03  -5.8896172e+04
   7.5000000e+01  -1.6064665e+04  -4.4798008e+04
   7.5100000e+01  -1.4206711e+04  -3.0770949e+04
   7.5200000e+01  -9.4978320e+02  -2.3851992e+04
   7.5300000e+01   1.0853433e+04  -2.6458801e+04
   7.5400000e+01   1.0785299e+04  -3.4006395e+04
   7.5500000e+01   1.6083398e+03  -3.8286539e+04
   7.5600000e+01  -4.8084482e+03  -3.5439746e+04
   7.5700000e+01  -8.7814355e+02  -3.1626217e+04
   7.5800000e+01   8.9282461e+03  -3.9325844e+04
   7.5900000e+01   1.3634310e+04  -6.5227879e+04
   7.6000000e+01   7.5679072e+03  -1.0040840e+05
   7.6100000e+01  -4.5673096e+03  -1.2411467e+05
   7.6200000e+01  -1.3816938e+04  -1.2060342e+05
   7.6300000e+01  -1.6157013e+04  -9.4290812e+04
   7.6400000e+01  -1.4035829e+04  -6.7309211e+04
   7.6500000e+01  -9.4623955e+03  -5.9453434e+04
   7.6600000e+01   1.4573442e+03  -6.9120344e+04
   7.6700000e+01   2.3897654e+04  -7.5151586e+04
   7.6800000e+01   5.3739148e+04  -5.9372570e+04
   7.6900000e+01   7.4928109e+04  -2.7232699e+04
   7.7000000e+01   7.2189633e+04  -3.7246230e+03
   7.7100000e+01   4.8496332e+04  -6.6158789e+03
   7.7200000e+01   2.7386592e+04  -2.4254730e+04
   7.7300000e+01   3.3272672e+04  -2.3011145e+04
   7.7400000e+01   6.6894562e+04   2.0280645e+04
   7.7500000e+01   1.0136481e+05   9.2553984e+04
   7.7600000e+01   1.0511645e+05   1.5232947e+05
   7.7700000e+01   7.0488031e+04   1.6513650e+05
   7.7800000e+01   2.0354076e+04   1.3299494e+05
   7.7900000e+01  -1.2955633e+04   9.0302047e+04
   7.8000000e+01  -1.5568387e+04   7.1339055e+04
   7.8100000e+01  -1.4234307e+03   8.1060031e+04
   7.8200000e+01   2.6786499e+03   9.5406977e+04
   7.8300000e+01  -1.9899648e+04   8.7509578e+04
   7.8400000e+01  -6.4692746e+04   5.2579328e+04
   7.8500000e+01  -1.1334462e+05   9.1802871e+03
   7.8600000e+01  -1.4893728e+05  -2.0015820e+04
   7.8700000e+01  -1.6548145e+05  -2.6444209e+04
   7.8800000e+01  -1.6642206e+05  -1.7170393e+04
   7.8900000e+01  -1.5782498e+05  -4.1104824e+03
   7.9000000e+01  -1.4430125e+05   4.3712256e+03
   7.9100000e+01  -1.2937738e+05   3.5181152e+03
   7.9200000e+01  -1.1594311e+05  -9.1033047e+03
   7.9300000e+01  -1.0406412e+05  -2.9969482e+04
   7.9400000e+01  -8.9665922e+04  -4.6573336e+04
   7.9500000e+01  -6.8632805e+04  -4.4406711e+04
   7.9600000e+01  -4.3719227e+04  -2.1118436e+04
   7.9700000e+01  -2.5503508e+04   7.8349707e+03
   7.9800000e+01  -2.3395607e+04   2.1908320e+04
   7.9900000e+01  -3.4820504e+04   1.5758495e+04
   8.0000000e+01  -4.5228918e+04   5.3369580e+03
   8.0100000e+01  -4.0881449e+04   1.1776303e+04
   8.0200000e+01  -2.1563164e+04   3.9346793e+04
   8.0300000e+01   5.1641211e+02   7.0883953e+04
   8.0400000e+01   1.4059297e+04   8.5356867e+04
   8.0500000e+01   1.8864688e+04   7.8354117e+04
   8.0600000e+01   2.2025285e+04   6.3831516e+04
   8.0700000e+01   2.6812230e+04   5.6904598e+04
   8.0800000e+01   2.9572713e+04   5.8298312e+04
   8.0900000e+01   2.8639652e+04   5.7698586e+04
   8.1000000e+01   3.2299121e+04   5.0065102e+04
   8.1100000e+01   5.2569770e+04   4.3577422e+04
   8.1200000e+01   8.9586703e+04   4.8872285e+04
   8.1300000e+01   1.2555637e+05   6.3409996e+04
   8.1400000e+01   1.3875556e+05   7.2187383e+04
   8.1500000e+01   1.2534666e+05   6.6289508e+04
   8.1600000e+01   1.0609170e+05   5.7291266e+04
   8.1700000e+01   1.0925884e+05   6.7856008e+04
   8.1800000e+01   1.4499814e+05   1.0613931e+05
   8.1900000e+01   1.9504288e+05   1.5205536e+05
   8.2000000e+01   2.2699391e+05   1.7218225e+05
   8.2100000e+01   2.2020138e+05   1.4921141e+05
   8.2200000e+01   1.8103247e+05   9.6342266e+04
   8.2300000e+01   1.3553844e+05   4.3524578e+04
   8.2400000e+01   1.0683083e+05   1.1122488e+04
   8.2500000e+01   9.6694945e+04  -3.7449580e+03
   8.2600000e+01   8.6659336e+04  -1.9132195e+04
   8.2700000e+01   5.6588125e+04  -5.0356344e+04
   8.2800000e+01   3.4611982e+03  -9.8702750e+04
   8.2900000e+01  -5.6509168e+04  -1.5250975e+05
   8.3000000e+01  -1.0291123e+05  -1.9590564e+05
   8.3100000e+01  -1.2759904e+05  -2.1850478e+05
   8.3200000e+01  -1.3730495e+05  -2.2155506e+05
   8.3300000e+01  -1.4288847e+05  -2.1737062e+05
   8.3400000e+01  -1.4881881e+05  -2.2135231e+05
   8.3500000e+01  -1.5303527e+05  -2.4133906e+05
   8.3600000e+01  -1.5352152e+05  -2.7238066e+05
   8.3700000e+01  -1.5138300e+05  -3.0076184e+05
   8.3800000e+01  -1.4763617e+05  -3.1296238e+05
   8.3900000e+01  -1.4066278e+05  -3.0239228e+05
   8.4000000e+01  -1.2977577e+05  -2.7116834e+05
   8.4100000e+01  -1.2023149e+05  -2.2852470e+05
   8.4200000e+01  -1.2105120e+05  -1.8669764e+05
   8.4300000e+01  -1.3558003e+05  -1.5395600e+05
   8.4400000e+01  -1.5496023e+05  -1.2817417e+05
   8.4500000e+01  -1.6294866e+05  -9.8069781e+04
   8.4600000e+01  -1.4837422e+05  -5.4061789e+04
   8.4700000e+01  -1.1354666e+05   6.6694043e+02
   8.4800000e+01  -7.1771422e+04   5.1361492e+04
   8.4900000e+01  -3.7817938e+04   8.5315086e+04
   8.5000000e+01  -1.9777625e+04   1.0352835e+05
   8.5100000e+01  -1.6812984e+04   1.1760195e+05
   8.5200000e+01  -2.1731863e+04   1.3607486e+05
   8.5300000e+01  -2.5408152e+04   1.5632830e+05
   8.5400000e+01  -2.0769504e+04   1.7044900e+05
   8.5500000e+01  -4.9670039e+03   1.7631192e+05
   8.5600000e+01   2.0591162e+04   1.8007222e+05
   8.5700000e+01   5.1471129e+04   1.8837000e+05
   8.5800000e+01   8.1997672e+04   2.0125909e+05
   8.5900000e+01   1.0793948e+05   2.1442588e+05
   8.6000000e+01   1.2948272e+05   2.2634933e+05
   8.6100000e+01   1.5114195e+05   2.3993427e+05
   8.6200000e+01   1.7618277e+05   2.5604181e+05
   8.6300000e+01   1.9991723e+05   2.6749662e+05
   8.6400000e+01   2.1088888e+05   2.6252378e+05
   8.6500000e+01   2.0220622e+05   2.3569439e+05
   8.6600000e+01   1.8208378e+05   1.9509725e+05
   8.6700000e+01   1.6988203e+05   1.5737381e+05
   8.6800000e+01   1.7854438e+05   1.3448600e+05
   8.6900000e+01   2.0084080e+05   1.2459688e+05
   8.7000000e+01   2.1468919e+05   1.1527664e+05
   8.7100000e+01   2.0294316e+05   9.4987586e+04
   8.7200000e+01   1.6800080e+05   6.1531078e+04
   8.7300000e+01   1.2807288e+05   2.0999934e+04
   8.7400000e+01   1.0106907e+05  -1.8815328e+04
   8.7500000e+01   9.2094914e+04  -5.2749324e+04
   8.7600000e+01   9.3277078e+04  -7.8153297e+04
   8.7700000e+01   9.1797078e+04  -9.4462555e+04
   8.7800000e+01   7.7645242e+04  -1.0501120e+05
   8.7900000e+01   4.7263180e+04  -1.1761355e+05
   8.8000000e+01   4.0577217e+03  -1.3976748e+05
   8.8100000e+01  -4.3080301e+04  -1.7125727e+05
   8.8200000e+01  -8.3523328e+04  -2.0226773e+05
   8.8300000e+01  -1.1029116e+05  -2.2067241e+05
   8.8400000e+01  -1.2421337e+05  -2.2218358e+05
   8.8500000e+01  -1.3368447e+05  -2.1333833e+05
   8.8600000e+01  -1.4930934e+05  -2.0440828e+05
   8.8700000e+01  -1.7634280e+05  -1.9931222e+05
   8.8800000e+01  -2.1023097e+05  -1.9203406e+05
   8.8900000e+01  -2.3951788e+05  -1.7245228e+05
   8.9000000e+01  -2.5497614e+05  -1.3617094e+05
   8.9100000e+01  -2.5739689e+05  -8.9992125e+04
   8.9200000e+01  -2.5603653e+05  -4.8322309e+04
   8.9300000e+01  -2.5827038e+05  -2.2790496e+04
   8.9400000e+01  -2.6092400e+05  -1.3096678e+04
   8.9500000e+01  -2.5303528e+05  -7.1589385e+03
   8.9600000e+01  -2.2731294e+05   8.5898408e+03
   8.9700000e+01  -1.8737175e+05   3.7440719e+04
   8.9800000e+01  -1.4294266e+05   7.0207242e+04
   8.9900000e+01  -9.9959562e+04   9.4573078e+04
   9.0000000e+01  -5.8101676e+04   1.0591142e+05
   9.0100000e+01  -1.7697332e+04   1.0809165e+05
   9.0200000e+01   1.4938652e+04   1.0476309e+05
   9.0300000e+01   3.2561957e+04   9.3345742e+04
   9.0400000e+01   3.7003340e+04   7.0557031e+04
   9.0500000e+01   4.0932098e+04   4.2729215e+04
   9.0600000e+01   5.6982105e+04   2.5776195e+04
   9.0700000e+01   8.4515258e+04   3.0863369e+04
   9.0800000e+01   1.0799821e+05   5.0667586e+04
   9.0900000e+01   1.1013603e+05   6.3765664e+04
   9.1000000e+01   8.8671523e+04   5.5218629e+04
   9.1100000e+01   6.1074820e+04   3.1659898e+04
   9.1200000e+01   5.0660883e+04   1.3709792e+04
   9.1300000e+01   6.4671738e+04   1.3733385e+04
   9.1400000e+01   8.5230172e+04   2.3613295e+04
   9.1500000e+01   8.5128938e+04   2.5418666e+04
   9.1600000e+01   5.6124750e+04   1.1629711e+04
   9.1700000e+01   2.1335043e+04  -8.1032949e+03
   9.1800000e+01   1.6186368e+04  -1.9495643e+04
   9.1900000e+01   5.4609359e+04  -1.9091646e+04
   9.2000000e+01   1.1429551e+05  -1.5239080e+04
   9.2100000e+01   1.5616034e+05  -1.6197798e+04
   9.2200000e+01   1.5828666e+05  -2.1468137e+04
   9.2300000e+01   1.3160794e+05  -2.5853619e+04
   9.2400000e+01   1.0557636e+05  -2.8854010e+04
   9.2500000e+01   1.0141183e+05  -3.6518469e+04
   9.2600000e+01   1.1774595e+05  -5.3916934e+04
   9.2700000e+01   1.3672944e+05  -7.8133727e+04
   9.2800000e+01   1.4010173e+05  -9.9780375e+04
   9.2900000e+01   1.2103214e+05  -1.1010169e+05
   9.3000000e+01   8.5549250e+04  -1.0568899e+05
   9.3100000e+01   4.5700914e+04  -8.8182148e+04
   9.3200000e+01   1.0404135e+04  -6.2512051e+04
   9.3300000e+01  -1.9582791e+04  -3.6002562e+04
   9.3400000e+01  -4.8982852e+04  -1.6301901e+04
   9.3500000e+01  -8.0443820e+04  -6.9742793e+03
   9.3600000e+01  -1.1004705e+05  -4.5415859e+03
   9.3700000e+01  -1.3095238e+05  -1.2611123e+03
   9.3800000e+01  -1.4090719e+05   8.3471865e+03
   9.3900000e+01  -1.4436809e+05   2.4017898e+04
   9.4000000e+01  -1.4640931e+05   4.2407621e+04
   9.4100000e+01  -1.4604738e+05   6.1455727e+04
   9.4200000e+01  -1.3754350e+05   8.0648883e+04
   9.4300000e+01  -1.1798553e+05   9.7830523e+04
   9.4400000e+01  -9.1388289e+04   1.0832780e+05
   9.4500000e+01  -6.4355918e+04   1.0898262e+05
   9.4600000e+01  -3.9267598e+04   1.0269528e+05
   9.4700000e+01  -1.3179686e+04   9.7837391e+04
   9.4800000e+01   1.7844934e+04   1.0273634e+05
   9.4900000e+01   5.5558934e+04   1.2032309e+05
   9.5000000e+01   9.9855594e+04   1.4634555e+05
   9.5100000e+01   1.4850873e+05   1.7058658e+05
   9.5200000e+01   1.9475759e+05   1.8060095e+05
   9.5300000e+01   2.2828994e+05   1.6913755e+05
   9.5400000e+01   2.4330177e+05   1.4265702e+05
   9.5500000e+01   2.4609261e+05   1.2174161e+05
   9.5600000e+01   2.5060034e+05   1.2696292e+05
   9.5700000e+01   2.6303022e+05   1.5911956e+05
   9.5800000e+01   2.7210150e+05   1.9393583e+05
   9.5900000e+01   2.5814408e+05   2.0038095e+05
   9.6000000e+01   2.1345102e+05   1.6672639e+05
   9.6100000e+01   1.5233250e+05   1.0844548e+05
   9.6200000e+01   9.9537656e+04   5.1086105e+04
   9.6300000e+01   6.8628109e+04   7.8391855e+03
   9.6400000e+01   5.1709938e+04  -2.5497102e+04
   9.6500000e+01   2.9216197e+04  -5.7678500e+04
   9.6600000e+01  -1.1355801e+04  -8.9654828e+04
   9.6700000e+01  -6.5365910e+04  -1.1564917e+05
   9.6800000e+01  -1.1670284e+05  -1.3219073e+05
   9.6900000e+01  -1.5153364e+05  -1.4233812e+05
   9.7000000e+01  -1.6716261e+05  -1.5163908e+05
   9.7100000e+01  -1.6987369e+05  -1.6279078e+05
   9.7200000e+01  -1.6667083e+05  -1.7510906e+05
   9.7300000e+01  -1.6056125e+05  -1.8739005e+05
   9.7400000e+01  -1.5323612e+05  -1.9936875e+05
   9.7500000e+01  -1.4913928e+05  -2.1016686e+05
   9.7600000e+01  -1.5276775e+05  -2.1633391e+05
   9.7700000e+01  -1.6053469e+05  -2.1280605e+05
   9.7800000e+01  -1.5860597e+05  -1.9729344e+05
   9.7900000e+01  -1.3417419e+05  -1.7468389e+05
   9.8000000e+01  -9.1158172e+04  -1.5639127e+05
   9.8100000e+01  -5.1986918e+04  -1.5299061e+05
   9.8200000e+01  -3.9558691e+04  -1.6530673e+05
   9.8300000e+01  -5.6042555e+04  -1.8245334e+05
   9.8400000e+01  -8.0923062e+04  -1.8997564e+05
   9.8500000e+01  -9.0632609e+04  -1.8137422e+05
   9.8600000e+01  -7.8804828e+04  -1.6225908e+05
   9.8700000e+01  -5.7095562e+04  -1.4328300e+05
   9.8800000e+01  -3.9684395e+04  -1.2923907e+05
   9.8900000e+01  -3.1137059e+04  -1.1552943e+05
   9.9000000e+01  -2.8512510e+04  -9.5107344e+04
   9.9100000e+01  -2.8895041e+04  -6.7216938e+04
   9.9200000e+01  -2.9651744e+04  -3.7195938e+04
   9.9300000e+01  -2.3641527e+04  -7.9411074e+03
   9.9400000e+01  -1.8999639e+03   2.4478828e+04
   9.9500000e+01   3.4341852e+04   6.2675645e+04
   9.9600000e+01   6.7752070e+04   9.6942852e+04
   9.9700000e+01   7.8051211e+04   1.0939426e+05
   9.9800000e+01   6.2879059e+04   9.2880242e+04
   9.9900000e+01   3.9100836e+04   5.9318156e+04
   1.0000000e+02   1.9614859e+04   2.3163469e+04
