   1.1851270e+02   3.6301420e+01   1.8450000e+02
   1.1959003e+02   3.6501111e+01   1.9000000e+01
   0.0000000e+00   1.8867444e+05   1.8867444e+05
   1.0000000e-01   1.5493400e+05   2.0377052e+05
   2.0000000e-01   1.1453652e+05   1.9523003e+05
   3.0000000e-01   7.6302359e+04   1.6934892e+05
   4.0000000e-01   3.9927637e+04   1.3908941e+05
   5.0000000e-01   3.7588428e+02   1.1561053e+05
   6.0000000e-01  -4.3033660e+04   1.0212077e+05
   7.0000000e-01  -8.3731492e+04   9.2833969e+04
   8.0000000e-01  -1.1376470e+05   7.7467023e+04
   9.0000000e-01  -1.3008670e+05   4.9881238e+04
   1.0000000e+00  -1.3388225e+05   1.5627861e+04
   1.1000000e+00  -1.2612175e+05  -9.0021406e+03
   1.2000000e+00  -1.0719558e+05  -8.2500703e+03
   1.3000000e+00  -8.0916719e+04   2.0136461e+04
   1.4000000e+00  -5.5332695e+04   6.2541898e+04
   1.5000000e+00  -3.6993969e+04   1.0094734e+05
   1.6000000e+00  -2.5709363e+04   1.2820733e+05
   1.7000000e+00  -1.7605365e+04   1.5353853e+05
   1.8000000e+00  -1.3183192e+04   1.9371947e+05
   1.9000000e+00  -1.9370896e+04   2.5759653e+05
   2.0000000e+00  -4.1689379e+04   3.3613697e+05
   2.1000000e+00  -7.5639891e+04   4.0555141e+05
   2.2000000e+00  -1.0812847e+05   4.4161009e+05
   2.3000000e+00  -1.2807627e+05   4.3511131e+05
   2.4000000e+00  -1.3526650e+05   3.9673950e+05
   2.5000000e+00  -1.3939366e+05   3.4694594e+05
   2.6000000e+00  -1.5160991e+05   2.9877659e+05
   2.7000000e+00  -1.7614595e+05   2.4817678e+05
   2.8000000e+00  -2.0691305e+05   1.8000202e+05
   2.9000000e+00  -2.2993634e+05   8.4069141e+04
   3.0000000e+00  -2.3082484e+05  -3.2786230e+04
   3.1000000e+00  -2.0438270e+05  -1.4846197e+05
   3.2000000e+00  -1.5984141e+05  -2.3940145e+05
   3.3000000e+00  -1.1557759e+05  -2.9584884e+05
   3.4000000e+00  -8.5420852e+04  -3.2721794e+05
   3.5000000e+00  -6.8095055e+04  -3.5318141e+05
   3.6000000e+00  -5.0426500e+04  -3.8676103e+05
   3.7000000e+00  -2.2052662e+04  -4.2310547e+05
   3.8000000e+00   1.2801131e+04  -4.4422731e+05
   3.9000000e+00   3.8585605e+04  -4.3600781e+05
   4.0000000e+00   4.3473004e+04  -4.0174322e+05
   4.1000000e+00   3.0715082e+04  -3.5971028e+05
   4.2000000e+00   1.5004462e+04  -3.2832041e+05
   4.3000000e+00   8.3141475e+03  -3.1395762e+05
   4.4000000e+00   9.7707783e+03  -3.1137084e+05
   4.5000000e+00   8.4305303e+03  -3.1222753e+05
   4.6000000e+00  -5.6504561e+03  -3.1117931e+05
   4.7000000e+00  -3.2827492e+04  -3.0549609e+05
   4.8000000e+00  -6.3262148e+04  -2.9293806e+05
   4.9000000e+00  -8.2223156e+04  -2.7240141e+05
   5.0000000e+00  -7.7441500e+04  -2.4572930e+05
   5.1000000e+00  -4.6182301e+04  -2.1664645e+05
   5.2000000e+00   1.1977068e+03  -1.8688580e+05
   5.3000000e+00   4.5770320e+04  -1.5388020e+05
   5.4000000e+00   7.2734195e+04  -1.1308980e+05
   5.5000000e+00   8.3627000e+04  -6.2947125e+04
   5.6000000e+00   9.6581188e+04  -7.5956201e+03
   5.7000000e+00   1.3219173e+05   4.5133188e+04
   5.8000000e+00   1.9582714e+05   8.8531180e+04
   5.9000000e+00   2.7133422e+05   1.2047663e+05
   6.0000000e+00   3.3171775e+05   1.4321923e+05
   6.1000000e+00   3.5821153e+05   1.6057017e+05
   6.2000000e+00   3.5256719e+05   1.7529958e+05
   6.3000000e+00   3.3336862e+05   1.8859647e+05
   6.4000000e+00   3.2030466e+05   2.0133433e+05
   6.5000000e+00   3.1955547e+05   2.1547070e+05
   6.6000000e+00   3.2121131e+05   2.3395889e+05
   6.7000000e+00   3.0860225e+05   2.5888453e+05
   6.8000000e+00   2.7036044e+05   2.8927428e+05
   6.9000000e+00   2.0671256e+05   3.2063591e+05
   7.0000000e+00   1.2853563e+05   3.4684609e+05
   7.1000000e+00   5.2085883e+04   3.6289634e+05
   7.2000000e+00  -8.5300723e+03   3.6666444e+05
   7.3000000e+00  -4.9369285e+04   3.5935353e+05
   7.4000000e+00  -8.0067641e+04   3.4501525e+05
   7.5000000e+00  -1.1690662e+05   3.2878666e+05
   7.6000000e+00  -1.6790250e+05   3.1362309e+05
   7.7000000e+00  -2.2285630e+05   2.9764959e+05
   7.8000000e+00  -2.6027914e+05   2.7532956e+05
   7.9000000e+00  -2.6733212e+05   2.4218073e+05
   8.0000000e+00  -2.5380755e+05   1.9829134e+05
   8.1000000e+00  -2.4474328e+05   1.4704273e+05
   8.2000000e+00  -2.5723759e+05   9.1596102e+04
   8.3000000e+00  -2.8402803e+05   3.4327465e+04
   8.4000000e+00  -3.0060766e+05  -2.0680812e+04
   8.5000000e+00  -2.8909412e+05  -6.7412531e+04
   8.6000000e+00  -2.5509883e+05  -1.0240397e+05
   8.7000000e+00  -2.2126347e+05  -1.2870829e+05
   8.8000000e+00  -2.0501512e+05  -1.5310525e+05
   8.9000000e+00  -2.0327081e+05  -1.7865391e+05
   9.0000000e+00  -1.9808948e+05  -2.0132173e+05
   9.1000000e+00  -1.7518639e+05  -2.1483438e+05
   9.2000000e+00  -1.3562902e+05  -2.1769955e+05
   9.3000000e+00  -9.0731102e+04  -2.1385667e+05
   9.4000000e+00  -4.8523863e+04  -2.0663989e+05
   9.5000000e+00  -7.0461279e+03  -1.9394862e+05
   9.6000000e+00   4.0181316e+04  -1.7077202e+05
   9.7000000e+00   9.4585250e+04  -1.3641162e+05
   9.8000000e+00   1.4941761e+05  -9.8518852e+04
   9.9000000e+00   1.9484945e+05  -6.9539195e+04
   1.0000000e+01   2.2461584e+05  -5.8637094e+04
   1.0100000e+01   2.3803966e+05  -6.6064039e+04
   1.0200000e+01   2.3769072e+05  -8.4411305e+04
   1.0300000e+01   2.2675492e+05  -1.0526012e+05
   1.0400000e+01   2.0818814e+05  -1.2545560e+05
   1.0500000e+01   1.8440395e+05  -1.4782358e+05
   1.0600000e+01   1.5628911e+05  -1.7603527e+05
   1.0700000e+01   1.2265984e+05  -2.0841495e+05
   1.0800000e+01   8.1693422e+04  -2.3633984e+05
   1.0900000e+01   3.3701812e+04  -2.4878919e+05
   1.1000000e+01  -1.7021660e+04  -2.3937362e+05
   1.1100000e+01  -6.2817348e+04  -2.1038277e+05
   1.1200000e+01  -9.5707719e+04  -1.7102336e+05
   1.1300000e+01  -1.1178355e+05  -1.3130861e+05
   1.1400000e+01  -1.1452652e+05  -9.5783867e+04
   1.1500000e+01  -1.1364255e+05  -6.1214449e+04
   1.1600000e+01  -1.1833258e+05  -1.9935178e+04
   1.1700000e+01  -1.2978184e+05   3.3171270e+04
   1.1800000e+01  -1.4046784e+05   9.5099023e+04
   1.1900000e+01  -1.4189527e+05   1.5511283e+05
   1.2000000e+01  -1.3274259e+05   2.0108806e+05
   1.2100000e+01  -1.1833647e+05   2.2667750e+05
   1.2200000e+01  -1.0270954e+05   2.3364589e+05
   1.2300000e+01  -8.3748109e+04   2.2839458e+05
   1.2400000e+01  -5.7742207e+04   2.1659667e+05
   1.2500000e+01  -2.7011951e+04   2.0017922e+05
   1.2600000e+01   2.1786621e+02   1.7761481e+05
   1.2700000e+01   1.8726258e+04   1.4620498e+05
   1.2800000e+01   3.3488832e+04   1.0527466e+05
   1.2900000e+01   5.6087637e+04   5.9224086e+04
   1.3000000e+01   9.3672906e+04   1.7923588e+04
   1.3100000e+01   1.4203561e+05  -7.8153369e+03
   1.3200000e+01   1.8946053e+05  -1.3571201e+04
   1.3300000e+01   2.2680228e+05  -4.8274092e+03
   1.3400000e+01   2.5400638e+05   7.9164805e+03
   1.3500000e+01   2.7784619e+05   1.8712010e+04
   1.3600000e+01   3.0369412e+05   3.0905918e+04
   1.3700000e+01   3.2842116e+05   5.1725172e+04
   1.3800000e+01   3.4012022e+05   8.1957688e+04
   1.3900000e+01   3.2538009e+05   1.1171079e+05
   1.4000000e+01   2.7924209e+05   1.2742465e+05
   1.4100000e+01   2.1012838e+05   1.2357080e+05
   1.4200000e+01   1.3500367e+05   1.0703838e+05
   1.4300000e+01   6.7952680e+04   8.9283305e+04
   1.4400000e+01   1.1720531e+04   7.4098750e+04
   1.4500000e+01  -4.0326387e+04   5.3971406e+04
   1.4600000e+01  -9.4034742e+04   1.9320336e+04
   1.4700000e+01  -1.4630528e+05  -2.8933836e+04
   1.4800000e+01  -1.8705588e+05  -7.6983102e+04
   1.4900000e+01  -2.0909967e+05  -1.0865684e+05
   1.5000000e+01  -2.1575133e+05  -1.1782144e+05
   1.5100000e+01  -2.1842191e+05  -1.1042180e+05
   1.5200000e+01  -2.2655102e+05  -9.6210828e+04
   1.5300000e+01  -2.3961455e+05  -8.0965141e+04
   1.5400000e+01  -2.4856883e+05  -6.6814508e+04
   1.5500000e+01  -2.4486820e+05  -5.6721758e+04
   1.5600000e+01  -2.2832788e+05  -5.4726121e+04
   1.5700000e+01  -2.0677966e+05  -6.1250000e+04
   1.5800000e+01  -1.8842681e+05  -7.0867562e+04
   1.5900000e+01  -1.7438606e+05  -7.6820766e+04
   1.6000000e+01  -1.5836797e+05  -7.6873141e+04
   1.6100000e+01  -1.3362041e+05  -7.2840398e+04
   1.6200000e+01  -1.0031338e+05  -6.4753055e+04
   1.6300000e+01  -6.5802320e+04  -4.8050492e+04
   1.6400000e+01  -3.6957504e+04  -1.8093223e+04
   1.6500000e+01  -1.2271346e+04   2.3569102e+04
   1.6600000e+01   1.7061855e+04   6.8847656e+04
   1.6700000e+01   5.6683531e+04   1.0853949e+05
   1.6800000e+01   9.9858820e+04   1.3694295e+05
   1.6900000e+01   1.3061689e+05   1.5205748e+05
   1.7000000e+01   1.3759445e+05   1.5421395e+05
   1.7100000e+01   1.2437338e+05   1.4612327e+05
   1.7200000e+01   1.0505569e+05   1.3237395e+05
   1.7300000e+01   9.0037680e+04   1.1573683e+05
   1.7400000e+01   7.7540461e+04   9.3336625e+04
   1.7500000e+01   5.8828211e+04   5.8651707e+04
   1.7600000e+01   2.9103432e+04   9.0711182e+03
   1.7700000e+01  -8.5268457e+03  -4.9235715e+04
   1.7800000e+01  -4.7797457e+04  -1.0540852e+05
   1.7900000e+01  -8.3995734e+04  -1.5248492e+05
   1.8000000e+01  -1.1305502e+05  -1.9036558e+05
   1.8100000e+01  -1.2982826e+05  -2.2040905e+05
   1.8200000e+01  -1.3189223e+05  -2.3991219e+05
   1.8300000e+01  -1.2532143e+05  -2.4468842e+05
   1.8400000e+01  -1.2220812e+05  -2.3667391e+05
   1.8500000e+01  -1.2800676e+05  -2.2581056e+05
   1.8600000e+01  -1.3155220e+05  -2.2178091e+05
   1.8700000e+01  -1.1210808e+05  -2.2379183e+05
   1.8800000e+01  -6.0315016e+04  -2.1978892e+05
   1.8900000e+01   8.2067119e+03  -1.9642862e+05
   1.9000000e+01   6.3730078e+04  -1.5005664e+05
   1.9100000e+01   8.9509406e+04  -8.9040383e+04
   1.9200000e+01   9.7450438e+04  -2.7152330e+04
   1.9300000e+01   1.1499030e+05   2.5082531e+04
   1.9400000e+01   1.5640120e+05   6.5044223e+04
   1.9500000e+01   2.0867247e+05   9.7316992e+04
   1.9600000e+01   2.4591038e+05   1.2901621e+05
   1.9700000e+01   2.5533366e+05   1.6360417e+05
   1.9800000e+01   2.4722942e+05   1.9724164e+05
   1.9900000e+01   2.4092389e+05   2.2160328e+05
   2.0000000e+01   2.4457966e+05   2.3195100e+05
   2.0100000e+01   2.5022662e+05   2.3273878e+05
   2.0200000e+01   2.4641792e+05   2.3383395e+05
   2.0300000e+01   2.3263230e+05   2.4026134e+05
   2.0400000e+01   2.2031520e+05   2.4661253e+05
   2.0500000e+01   2.2092912e+05   2.4299161e+05
   2.0600000e+01   2.3405012e+05   2.2629109e+05
   2.0700000e+01   2.4709972e+05   2.0407317e+05
   2.0800000e+01   2.4618352e+05   1.8660192e+05
   2.0900000e+01   2.2707122e+05   1.7600502e+05
   2.1000000e+01   1.9622008e+05   1.6432817e+05
   2.1100000e+01   1.6236328e+05   1.4170659e+05
   2.1200000e+01   1.2826556e+05   1.0503547e+05
   2.1300000e+01   9.0302469e+04   5.8584738e+04
   2.1400000e+01   4.3686008e+04   8.1682842e+03
   2.1500000e+01  -1.4277717e+04  -4.3041758e+04
   2.1600000e+01  -8.5449367e+04  -9.2883891e+04
   2.1700000e+01  -1.7159839e+05  -1.3672464e+05
   2.1800000e+01  -2.7058147e+05  -1.6829797e+05
   2.1900000e+01  -3.7223484e+05  -1.8518180e+05
   2.2000000e+01  -4.6167522e+05  -1.9256805e+05
   2.2100000e+01  -5.2983969e+05  -1.9949972e+05
   2.2200000e+01  -5.8091681e+05  -2.0958539e+05
   2.2300000e+01  -6.2723975e+05  -2.1534164e+05
   2.2400000e+01  -6.7496662e+05  -2.0335700e+05
   2.2500000e+01  -7.1466056e+05  -1.6687080e+05
   2.2600000e+01  -7.2721975e+05  -1.1363347e+05
   2.2700000e+01  -7.0046181e+05  -6.0403207e+04
   2.2800000e+01  -6.4060625e+05  -1.8907268e+04
   2.2900000e+01  -5.6744156e+05   1.2726277e+04
   2.3000000e+01  -4.9754497e+05   4.4848977e+04
   2.3100000e+01  -4.3091478e+05   8.3838094e+04
   2.3200000e+01  -3.5239209e+05   1.2555091e+05
   2.3300000e+01  -2.4539859e+05   1.6003945e+05
   2.3400000e+01  -1.0583092e+05   1.8059945e+05
   2.3500000e+01   5.3927168e+04   1.8761614e+05
   2.3600000e+01   2.1185991e+05   1.8537353e+05
   2.3700000e+01   3.4823259e+05   1.7688130e+05
   2.3800000e+01   4.5543944e+05   1.6097047e+05
   2.3900000e+01   5.4039869e+05   1.3197969e+05
   2.4000000e+01   6.1743569e+05   8.1718633e+04
   2.4100000e+01   6.9521656e+05   4.4308662e+03
   2.4200000e+01   7.6695269e+05  -9.6804391e+04
   2.4300000e+01   8.1281425e+05  -2.0766702e+05
   2.4400000e+01   8.1453288e+05  -3.0819178e+05
   2.4500000e+01   7.7102688e+05  -3.8288806e+05
   2.4600000e+01   7.0127369e+05  -4.2685731e+05
   2.4700000e+01   6.3064244e+05  -4.4348284e+05
   2.4800000e+01   5.7157156e+05  -4.3781994e+05
   2.4900000e+01   5.1539347e+05  -4.1275741e+05
   2.5000000e+01   4.4271578e+05  -3.7003794e+05
   2.5100000e+01   3.4277306e+05  -3.1263578e+05
   2.5200000e+01   2.2379225e+05  -2.4504786e+05
   2.5300000e+01   1.0555986e+05  -1.7170358e+05
   2.5400000e+01   3.0273208e+03  -9.5577984e+04
   2.5500000e+01  -8.2611828e+04  -1.8203598e+04
   2.5600000e+01  -1.5874820e+05   5.8929934e+04
   2.5700000e+01  -2.3037100e+05   1.3235403e+05
   2.5800000e+01  -2.9486441e+05   1.9590312e+05
   2.5900000e+01  -3.4489638e+05   2.4340581e+05
   2.6000000e+01  -3.7346638e+05   2.7381372e+05
   2.6100000e+01  -3.7686841e+05   2.9375484e+05
   2.6200000e+01  -3.5675028e+05   3.1343753e+05
   2.6300000e+01  -3.2210084e+05   3.3863903e+05
   2.6400000e+01  -2.8759391e+05   3.6649366e+05
   2.6500000e+01  -2.6554197e+05   3.8904481e+05
   2.6600000e+01  -2.5638511e+05   3.9999656e+05
   2.6700000e+01  -2.4750708e+05   3.9731538e+05
   2.6800000e+01  -2.2415061e+05   3.8043078e+05
   2.6900000e+01  -1.8411239e+05   3.4739641e+05
   2.7000000e+01  -1.4254525e+05   2.9624800e+05
   2.7100000e+01  -1.2110926e+05   2.2852575e+05
   2.7200000e+01  -1.3006613e+05   1.5028117e+05
   2.7300000e+01  -1.5910347e+05   6.9499180e+04
   2.7400000e+01  -1.8539941e+05  -7.0561943e+03
   2.7500000e+01  -1.9196684e+05  -7.5073148e+04
   2.7600000e+01  -1.8015620e+05  -1.3240133e+05
   2.7700000e+01  -1.6604384e+05  -1.7838694e+05
   2.7800000e+01  -1.6527481e+05  -2.1271223e+05
   2.7900000e+01  -1.8026506e+05  -2.3370994e+05
   2.8000000e+01  -1.9960594e+05  -2.3780384e+05
   2.8100000e+01  -2.0793311e+05  -2.2161261e+05
   2.8200000e+01  -1.9692209e+05  -1.8530397e+05
   2.8300000e+01  -1.6943842e+05  -1.3375375e+05
   2.8400000e+01  -1.3531394e+05  -7.4245609e+04
   2.8500000e+01  -1.0291512e+05  -1.3519309e+04
   2.8600000e+01  -7.2895141e+04   4.2314438e+04
   2.8700000e+01  -3.8772129e+04   8.5440117e+04
   2.8800000e+01   6.2408545e+03   1.0599516e+05
   2.8900000e+01   6.2144914e+04   9.6698930e+04
   2.9000000e+01   1.2119080e+05   5.9165168e+04
   2.9100000e+01   1.7355944e+05   4.5444385e+03
   2.9200000e+01   2.1393169e+05  -5.4477008e+04
   2.9300000e+01   2.4327347e+05  -1.1346456e+05
   2.9400000e+01   2.6577778e+05  -1.7696494e+05
   2.9500000e+01   2.8493669e+05  -2.4821991e+05
   2.9600000e+01   3.0144216e+05  -3.1934112e+05
   2.9700000e+01   3.1288856e+05  -3.7471281e+05
   2.9800000e+01   3.1527150e+05  -4.0531462e+05
   2.9900000e+01   3.0678438e+05  -4.1718984e+05
   3.0000000e+01   2.9161912e+05  -4.2255628e+05
   3.0100000e+01   2.7854712e+05  -4.2284269e+05
   3.0200000e+01   2.7289062e+05  -4.0395384e+05
   3.0300000e+01   2.6932047e+05  -3.5030409e+05
   3.0400000e+01   2.5508344e+05  -2.6154017e+05
   3.0500000e+01   2.2274925e+05  -1.5265044e+05
   3.0600000e+01   1.7928655e+05  -3.8649703e+04
   3.0700000e+01   1.4035877e+05   7.6661164e+04
   3.0800000e+01   1.1480706e+05   1.9519198e+05
   3.0900000e+01   9.5847766e+04   3.1190781e+05
   3.1000000e+01   6.8455375e+04   4.1302228e+05
   3.1100000e+01   2.4832004e+04   4.8735247e+05
   3.1200000e+01  -2.8155461e+04   5.3511088e+05
   3.1300000e+01  -7.6234898e+04   5.6210944e+05
   3.1400000e+01  -1.1124180e+05   5.6729644e+05
   3.1500000e+01  -1.3750972e+05   5.4084350e+05
   3.1600000e+01  -1.6592389e+05   4.7646250e+05
   3.1700000e+01  -2.0200945e+05   3.8322919e+05
   3.1800000e+01  -2.3917552e+05   2.8236297e+05
   3.1900000e+01  -2.6337688e+05   1.9209958e+05
   3.2000000e+01  -2.6538191e+05   1.1663777e+05
   3.2100000e+01  -2.4961361e+05   4.9046656e+04
   3.2200000e+01  -2.3093966e+05  -1.7331988e+04
   3.2300000e+01  -2.2191889e+05  -8.0951844e+04
   3.2400000e+01  -2.2257020e+05  -1.3296019e+05
   3.2500000e+01  -2.2228291e+05  -1.6314912e+05
   3.2600000e+01  -2.1097909e+05  -1.6492067e+05
   3.2700000e+01  -1.8772217e+05  -1.3679770e+05
   3.2800000e+01  -1.5928367e+05  -8.1708320e+04
   3.2900000e+01  -1.3268475e+05  -6.3539897e+03
   3.3000000e+01  -1.1055476e+05   7.8369828e+04
   3.3100000e+01  -9.2222656e+04   1.5768545e+05
   3.3200000e+01  -7.6248234e+04   2.1696947e+05
   3.3300000e+01  -6.0699859e+04   2.4871050e+05
   3.3400000e+01  -4.2799914e+04   2.5549658e+05
   3.3500000e+01  -2.0630568e+04   2.4313369e+05
   3.3600000e+01   4.6951860e+03   2.0936339e+05
   3.3700000e+01   3.0019941e+04   1.4270484e+05
   3.3800000e+01   5.3786734e+04   3.7216242e+04
   3.3900000e+01   7.7717844e+04  -9.1691453e+04
   3.4000000e+01   1.0441666e+05  -2.1182098e+05
   3.4100000e+01   1.3448197e+05  -2.9972388e+05
   3.4200000e+01   1.6700441e+05  -3.6147303e+05
   3.4300000e+01   2.0173548e+05  -4.2467425e+05
   3.4400000e+01   2.3854497e+05  -5.0874712e+05
   3.4500000e+01   2.7448650e+05  -6.0473231e+05
   3.4600000e+01   3.0356538e+05  -6.8418681e+05
   3.4700000e+01   3.2103525e+05  -7.2392169e+05
   3.4800000e+01   3.2696853e+05  -7.1891644e+05
   3.4900000e+01   3.2396525e+05  -6.7421406e+05
   3.5000000e+01   3.1202050e+05  -5.9190406e+05
   3.5100000e+01   2.8798941e+05  -4.7077453e+05
   3.5200000e+01   2.5068141e+05  -3.1632222e+05
   3.5300000e+01   2.0421350e+05  -1.4550119e+05
   3.5400000e+01   1.5428338e+05   2.0907848e+04
   3.5500000e+01   1.0199055e+05   1.6925250e+05
   3.5600000e+01   4.3555078e+04   2.9561703e+05
   3.5700000e+01  -2.3612883e+04   4.0003534e+05
   3.5800000e+01  -9.6366031e+04   4.8123106e+05
   3.5900000e+01  -1.6800339e+05   5.3717775e+05
   3.6000000e+01  -2.3326011e+05   5.6835244e+05
   3.6100000e+01  -2.8969766e+05   5.7872219e+05
   3.6200000e+01  -3.3577856e+05   5.7392212e+05
   3.6300000e+01  -3.7083281e+05   5.5879681e+05
   3.6400000e+01  -3.9778766e+05   5.3519588e+05
   3.6500000e+01  -4.2304625e+05   5.0037319e+05
   3.6600000e+01  -4.5021925e+05   4.4800878e+05
   3.6700000e+01  -4.7358153e+05   3.7314369e+05
   3.6800000e+01  -4.8014853e+05   2.7750428e+05
   3.6900000e+01  -4.6026575e+05   1.6919964e+05
   3.7000000e+01  -4.1604059e+05   5.5929391e+04
   3.7100000e+01  -3.5854278e+05  -6.1417906e+04
   3.7200000e+01  -2.9722078e+05  -1.8753073e+05
   3.7300000e+01  -2.3332495e+05  -3.2472631e+05
   3.7400000e+01  -1.6338239e+05  -4.6626497e+05
   3.7500000e+01  -8.6639438e+04  -5.9690931e+05
   3.7600000e+01  -6.8879258e+03  -6.9905012e+05
   3.7700000e+01   7.2465406e+04  -7.5862650e+05
   3.7800000e+01   1.5240830e+05  -7.6770838e+05
   3.7900000e+01   2.3547194e+05  -7.2481375e+05
   3.8000000e+01   3.1932028e+05  -6.3447938e+05
   3.8100000e+01   3.9487650e+05  -5.0560472e+05
   3.8200000e+01   4.5191403e+05  -3.4814125e+05
   3.8300000e+01   4.8658578e+05  -1.7019864e+05
   3.8400000e+01   5.0332075e+05   2.1679406e+04
   3.8500000e+01   5.0950762e+05   2.1963778e+05
   3.8600000e+01   5.0852003e+05   4.1290919e+05
   3.8700000e+01   4.9777441e+05   5.8982894e+05
   3.8800000e+01   4.7313750e+05   7.4101631e+05
   3.8900000e+01   4.3462994e+05   8.5980288e+05
   3.9000000e+01   3.8718216e+05   9.4010356e+05
   3.9100000e+01   3.3551747e+05   9.7581356e+05
   3.9200000e+01   2.7890500e+05   9.6357319e+05
   3.9300000e+01   2.1234091e+05   9.0526050e+05
   3.9400000e+01   1.3388016e+05   8.0608962e+05
   3.9500000e+01   5.0280773e+04   6.7023900e+05
   3.9600000e+01  -2.6197207e+04   5.0020038e+05
   3.9700000e+01  -8.7635828e+04   3.0177516e+05
   3.9800000e+01  -1.3682145e+05   8.8821391e+04
   3.9900000e+01  -1.8307355e+05  -1.1900129e+05
   4.0000000e+01  -2.3183797e+05  -3.0444719e+05
   4.0100000e+01  -2.7921528e+05  -4.5907053e+05
   4.0200000e+01  -3.1695331e+05  -5.8242669e+05
   4.0300000e+01  -3.4163669e+05  -6.7649725e+05
   4.0400000e+01  -3.5739081e+05  -7.4115975e+05
   4.0500000e+01  -3.6931300e+05  -7.7312012e+05
   4.0600000e+01  -3.7571875e+05  -7.6697006e+05
   4.0700000e+01  -3.6862406e+05  -7.1749794e+05
   4.0800000e+01  -3.4239172e+05  -6.2370488e+05
   4.0900000e+01  -3.0116728e+05  -4.9284869e+05
   4.1000000e+01  -2.5687692e+05  -3.4023553e+05
   4.1100000e+01  -2.1945430e+05  -1.8330120e+05
   4.1200000e+01  -1.8874619e+05  -3.5087328e+04
   4.1300000e+01  -1.5564225e+05   9.6302078e+04
   4.1400000e+01  -1.1123584e+05   2.0282688e+05
   4.1500000e+01  -5.5973227e+04   2.7408150e+05
   4.1600000e+01  -1.2134326e+03   3.0246034e+05
   4.1700000e+01   3.8136070e+04   2.9073878e+05
   4.1800000e+01   5.4462887e+04   2.5210455e+05
   4.1900000e+01   5.3556895e+04   2.0048344e+05
   4.2000000e+01   5.0844832e+04   1.4052711e+05
   4.2100000e+01   5.9957238e+04   6.7804422e+04
   4.2200000e+01   8.2362023e+04  -2.1110600e+04
   4.2300000e+01   1.0670916e+05  -1.1927729e+05
   4.2400000e+01   1.1875423e+05  -2.0996688e+05
   4.2500000e+01   1.1351143e+05  -2.7607475e+05
   4.2600000e+01   9.9214023e+04  -3.0967272e+05
   4.2700000e+01   8.9995734e+04  -3.1449128e+05
   4.2800000e+01   9.4150578e+04  -3.0083672e+05
   4.2900000e+01   1.0818708e+05  -2.7768194e+05
   4.3000000e+01   1.2106728e+05  -2.4777411e+05
   4.3100000e+01   1.2401927e+05  -2.0908542e+05
   4.3200000e+01   1.1730248e+05  -1.6085938e+05
   4.3300000e+01   1.0899155e+05  -1.0791164e+05
   4.3400000e+01   1.0791070e+05  -5.7862117e+04
   4.3500000e+01   1.1692741e+05  -1.3584233e+04
   4.3600000e+01   1.3131595e+05   3.0316721e+04
   4.3700000e+01   1.4234895e+05   8.1584664e+04
   4.3800000e+01   1.4281558e+05   1.4047233e+05
   4.3900000e+01   1.3076228e+05   1.9700352e+05
   4.4000000e+01   1.0961630e+05   2.3891753e+05
   4.4100000e+01   8.5320273e+04   2.6198361e+05
   4.4200000e+01   6.2829512e+04   2.7224316e+05
   4.4300000e+01   4.4313473e+04   2.7923097e+05
   4.4400000e+01   2.9533979e+04   2.8824353e+05
   4.4500000e+01   1.6804357e+04   2.9848031e+05
   4.4600000e+01   3.0175308e+03   3.0628675e+05
   4.4700000e+01  -1.6515428e+04   3.0878284e+05
   4.4800000e+01  -4.6285867e+04   3.0538391e+05
   4.4900000e+01  -8.6693461e+04   2.9751888e+05
   4.5000000e+01  -1.3130077e+05   2.8690344e+05
   4.5100000e+01  -1.6892994e+05   2.7287209e+05
   4.5200000e+01  -1.9028202e+05   2.5137409e+05
   4.5300000e+01  -1.9415897e+05   2.1837880e+05
   4.5400000e+01  -1.8801806e+05   1.7553353e+05
   4.5500000e+01  -1.8199227e+05   1.3123469e+05
   4.5600000e+01  -1.8075486e+05   9.3753828e+04
   4.5700000e+01  -1.7951400e+05   6.2778238e+04
   4.5800000e+01  -1.6767261e+05   2.9458547e+04
   4.5900000e+01  -1.3797361e+05  -1.3908621e+04
   4.6000000e+01  -9.4087172e+04  -6.5232168e+04
   4.6100000e+01  -4.9754086e+04  -1.1497584e+05
   4.6200000e+01  -1.8970293e+04  -1.5617327e+05
   4.6300000e+01  -4.7664155e+03  -1.8967961e+05
   4.6400000e+01   3.6590747e+03  -2.1915872e+05
   4.6500000e+01   2.2505844e+04  -2.4385075e+05
   4.6600000e+01   6.0770430e+04  -2.5917359e+05
   4.6700000e+01   1.1413593e+05  -2.6361991e+05
   4.6800000e+01   1.6935723e+05  -2.6172139e+05
   4.6900000e+01   2.1336795e+05  -2.5886111e+05
   4.7000000e+01   2.3874706e+05  -2.5526225e+05
   4.7100000e+01   2.4358592e+05  -2.4717134e+05
   4.7200000e+01   2.3029561e+05  -2.3275430e+05
   4.7300000e+01   2.0616861e+05  -2.1398680e+05
   4.7400000e+01   1.8210152e+05  -1.9239262e+05
   4.7500000e+01   1.6579811e+05  -1.6570564e+05
   4.7600000e+01   1.5431466e+05  -1.3092316e+05
   4.7700000e+01   1.3597314e+05  -8.9502797e+04
   4.7800000e+01   1.0293481e+05  -4.7073301e+04
   4.7900000e+01   6.1499602e+04  -7.9171479e+03
   4.8000000e+01   2.6908053e+04   2.7887277e+04
   4.8100000e+01   6.9366377e+03   6.0598332e+04
   4.8200000e+01  -6.7357822e+03   8.6189773e+04
   4.8300000e+01  -2.8501846e+04   9.8875156e+04
   4.8400000e+01  -6.1665430e+04   9.9148914e+04
   4.8500000e+01  -9.4468422e+04   9.7223039e+04
   4.8600000e+01  -1.1350784e+05   1.0592084e+05
   4.8700000e+01  -1.1812741e+05   1.2934562e+05
   4.8800000e+01  -1.1965019e+05   1.5906467e+05
   4.8900000e+01  -1.2843423e+05   1.8163320e+05
   4.9000000e+01  -1.4478475e+05   1.8943364e+05
   4.9100000e+01  -1.6229453e+05   1.8433264e+05
   4.9200000e+01  -1.7658538e+05   1.7228270e+05
   4.9300000e+01  -1.8846030e+05   1.5616744e+05
   4.9400000e+01  -1.9993397e+05   1.3418939e+05
   4.9500000e+01  -2.1004006e+05   1.0355960e+05
   4.9600000e+01  -2.1538973e+05   6.3719383e+04
   4.9700000e+01  -2.1371073e+05   1.5593234e+04
   4.9800000e+01  -2.0614612e+05  -4.0553770e+04
   4.9900000e+01  -1.9653992e+05  -1.0427812e+05
   5.0000000e+01  -1.8841998e+05  -1.7136566e+05
   5.0100000e+01  -1.8137339e+05  -2.3252166e+05
   5.0200000e+01  -1.6956370e+05  -2.7766012e+05
   5.0300000e+01  -1.4510852e+05  -3.0235006e+05
   5.0400000e+01  -1.0519334e+05  -3.0949412e+05
   5.0500000e+01  -5.6629305e+04  -3.0403822e+05
   5.0600000e+01  -1.2121789e+04  -2.8634941e+05
   5.0700000e+01   1.9611303e+04  -2.5154341e+05
   5.0800000e+01   4.0844520e+04  -1.9534717e+05
   5.0900000e+01   6.2443801e+04  -1.1986510e+05
   5.1000000e+01   9.4700398e+04  -3.3185191e+04
   5.1100000e+01   1.3957622e+05   5.6033383e+04
   5.1200000e+01   1.8971884e+05   1.4263480e+05
   5.1300000e+01   2.3355438e+05   2.2371694e+05
   5.1400000e+01   2.6257069e+05   2.9457491e+05
   5.1500000e+01   2.7657553e+05   3.4745200e+05
   5.1600000e+01   2.8328256e+05   3.7535812e+05
   5.1700000e+01   2.9139541e+05   3.7731194e+05
   5.1800000e+01   3.0211906e+05   3.5911294e+05
   5.1900000e+01   3.0727528e+05   3.2769862e+05
   5.2000000e+01   2.9690984e+05   2.8396978e+05
   5.2100000e+01   2.6923541e+05   2.2187131e+05
   5.2200000e+01   2.3267900e+05   1.3630180e+05
   5.2300000e+01   1.9828403e+05   3.2952715e+04
   5.2400000e+01   1.7095531e+05  -7.0592336e+04
   5.2500000e+01   1.4801261e+05  -1.5543705e+05
   5.2600000e+01   1.2444959e+05  -2.1406323e+05
   5.2700000e+01   9.7982359e+04  -2.5220686e+05
   5.2800000e+01   6.9683484e+04  -2.7796144e+05
   5.2900000e+01   4.1908766e+04  -2.9008762e+05
   5.3000000e+01   1.6600377e+04  -2.7846350e+05
   5.3100000e+01  -5.4986377e+03  -2.3602730e+05
   5.3200000e+01  -2.5329947e+04  -1.6877247e+05
   5.3300000e+01  -4.5165352e+04  -9.2781305e+04
   5.3400000e+01  -6.6919141e+04  -2.1603129e+04
   5.3500000e+01  -9.0585672e+04   4.2917566e+04
   5.3600000e+01  -1.1461676e+05   1.0808815e+05
   5.3700000e+01  -1.3751136e+05   1.8037636e+05
   5.3800000e+01  -1.5819814e+05   2.5837106e+05
   5.3900000e+01  -1.7490375e+05   3.3374309e+05
   5.4000000e+01  -1.8511519e+05   3.9642797e+05
   5.4100000e+01  -1.8817973e+05   4.3785859e+05
   5.4200000e+01  -1.8790205e+05   4.5102341e+05
   5.4300000e+01  -1.9105319e+05   4.3097741e+05
   5.4400000e+01  -2.0174036e+05   3.7812094e+05
   5.4500000e+01  -2.1667092e+05   3.0110044e+05
   5.4600000e+01  -2.2636578e+05   2.1401144e+05
   5.4700000e+01  -2.2198356e+05   1.2770203e+05
   5.4800000e+01  -2.0222123e+05   4.2462352e+04
   5.4900000e+01  -1.7469698e+05  -4.9889496e+04
   5.5000000e+01  -1.5080180e+05  -1.5520239e+05
   5.5100000e+01  -1.3787823e+05  -2.6764072e+05
   5.5200000e+01  -1.3428744e+05  -3.7126581e+05
   5.5300000e+01  -1.3093564e+05  -4.5103025e+05
   5.5400000e+01  -1.1852992e+05  -5.0230769e+05
   5.5500000e+01  -9.5418672e+04  -5.3055731e+05
   5.5600000e+01  -6.9459078e+04  -5.4346056e+05
   5.5700000e+01  -5.1419695e+04  -5.4436588e+05
   5.5800000e+01  -4.5073031e+04  -5.3215000e+05
   5.5900000e+01  -4.3289750e+04  -5.0499125e+05
   5.6000000e+01  -3.4441762e+04  -4.6305225e+05
   5.6100000e+01  -1.3003888e+04  -4.0842081e+05
   5.6200000e+01   1.6406539e+04  -3.4395638e+05
   5.6300000e+01   4.5199320e+04  -2.7260306e+05
   5.6400000e+01   6.9600453e+04  -1.9730477e+05
   5.6500000e+01   9.2273820e+04  -1.2130212e+05
   5.6600000e+01   1.1631065e+05  -4.8597402e+04
   5.6700000e+01   1.4024266e+05   1.6278438e+04
   5.6800000e+01   1.6039975e+05   7.0092703e+04
   5.6900000e+01   1.7665827e+05   1.1345039e+05
   5.7000000e+01   1.9304381e+05   1.5138073e+05
   5.7100000e+01   2.1177166e+05   1.9026000e+05
   5.7200000e+01   2.2868573e+05   2.3270061e+05
   5.7300000e+01   2.3703414e+05   2.7445247e+05
   5.7400000e+01   2.3575964e+05   3.0638384e+05
   5.7500000e+01   2.3161828e+05   3.2088459e+05
   5.7600000e+01   2.3102553e+05   3.1821497e+05
   5.7700000e+01   2.3043638e+05   3.0740416e+05
   5.7800000e+01   2.1739939e+05   2.9992744e+05
   5.7900000e+01   1.8297600e+05   3.0069100e+05
   5.8000000e+01   1.3266964e+05   3.0422969e+05
   5.8100000e+01   8.3453430e+04   3.0006453e+05
   5.8200000e+01   4.9107008e+04   2.8261666e+05
   5.8300000e+01   2.8561682e+04   2.5642691e+05
   5.8400000e+01   8.5544150e+03   2.3180412e+05
   5.8500000e+01  -2.2936949e+04   2.1510962e+05
   5.8600000e+01  -6.5827195e+04   2.0266120e+05
   5.8700000e+01  -1.0866561e+05   1.8367308e+05
   5.8800000e+01  -1.3836273e+05   1.4974144e+05
   5.8900000e+01  -1.4964958e+05   1.0292601e+05
   5.9000000e+01  -1.4759981e+05   5.5311105e+04
   5.9100000e+01  -1.4304681e+05   1.9481908e+04
   5.9200000e+01  -1.4506495e+05  -2.6639219e+03
   5.9300000e+01  -1.5545603e+05  -2.2490240e+04
   5.9400000e+01  -1.6851883e+05  -5.4806641e+04
   5.9500000e+01  -1.7601202e+05  -1.0364725e+05
   5.9600000e+01  -1.7343630e+05  -1.5721353e+05
   5.9700000e+01  -1.6252358e+05  -1.9751431e+05
   5.9800000e+01  -1.4811547e+05  -2.1541597e+05
   5.9900000e+01  -1.3297288e+05  -2.1609438e+05
   6.0000000e+01  -1.1600949e+05  -2.1035183e+05
   6.0100000e+01  -9.5505914e+04  -2.0261255e+05
   6.0200000e+01  -7.3020086e+04  -1.8902641e+05
   6.0300000e+01  -5.2661254e+04  -1.6613094e+05
   6.0400000e+01  -3.5857793e+04  -1.3782911e+05
   6.0500000e+01  -1.7794381e+04  -1.1149444e+05
   6.0600000e+01   9.1649336e+03  -8.8592516e+04
   6.0700000e+01   4.7482113e+04  -6.2593660e+04
   6.0800000e+01   9.0303086e+04  -2.7661705e+04
   6.0900000e+01   1.2628302e+05   1.2486689e+04
   6.1000000e+01   1.4891989e+05   4.6899188e+04
   6.1100000e+01   1.6098562e+05   6.8435445e+04
   6.1200000e+01   1.7007745e+05   8.0153578e+04
   6.1300000e+01   1.8066781e+05   8.9382664e+04
   6.1400000e+01   1.9070300e+05   9.7114797e+04
   6.1500000e+01   1.9484002e+05   9.6130797e+04
   6.1600000e+01   1.8968456e+05   8.0417000e+04
   6.1700000e+01   1.7592111e+05   5.4360480e+04
   6.1800000e+01   1.5658928e+05   3.0093914e+04
   6.1900000e+01   1.3415653e+05   1.5262939e+04
   6.2000000e+01   1.0901358e+05   4.8354634e+03
   6.2100000e+01   8.0274188e+04  -1.3691293e+04
   6.2200000e+01   4.7904059e+04  -4.6902359e+04
   6.2300000e+01   1.3717909e+04  -8.7551477e+04
   6.2400000e+01  -2.0777883e+04  -1.1960751e+05
   6.2500000e+01  -5.8081523e+04  -1.3075364e+05
   6.2600000e+01  -1.0472098e+05  -1.2077001e+05
   6.2700000e+01  -1.6475270e+05  -9.9735297e+04
   6.2800000e+01  -2.3192264e+05  -7.9637594e+04
   6.2900000e+01  -2.9000344e+05  -6.7143047e+04
   6.3000000e+01  -3.2375753e+05  -6.1856906e+04
   6.3100000e+01  -3.3071684e+05  -5.8854859e+04
   6.3200000e+01  -3.2143372e+05  -5.2222945e+04
   6.3300000e+01  -3.0784456e+05  -3.8040262e+04
   6.3400000e+01  -2.9257400e+05  -1.6791902e+04
   6.3500000e+01  -2.7043144e+05   5.7591177e+03
   6.3600000e+01  -2.3869133e+05   2.1390332e+04
   6.3700000e+01  -2.0279086e+05   2.5749168e+04
   6.3800000e+01  -1.7060628e+05   2.3127221e+04
   6.3900000e+01  -1.4283388e+05   2.3521363e+04
   6.4000000e+01  -1.1146805e+05   3.2599750e+04
   6.4100000e+01  -6.8277266e+04   4.4145906e+04
   6.4200000e+01  -1.3637444e+04   4.4489602e+04
   6.4300000e+01   4.3333016e+04   2.6494967e+04
   6.4400000e+01   9.1987031e+04  -1.1656611e+03
   6.4500000e+01   1.2657360e+05  -2.0707783e+04
   6.4600000e+01   1.4733875e+05  -2.2313160e+04
   6.4700000e+01   1.5878262e+05  -1.3678376e+04
   6.4800000e+01   1.6848559e+05  -1.1391512e+04
   6.4900000e+01   1.8551670e+05  -2.3207434e+04
   6.5000000e+01   2.1594234e+05  -4.0182008e+04
   6.5100000e+01   2.5734925e+05  -4.6420926e+04
   6.5200000e+01   2.9815775e+05  -3.5026930e+04
   6.5300000e+01   3.2444122e+05  -1.3363226e+04
   6.5400000e+01   3.2964959e+05   6.2183291e+03
   6.5500000e+01   3.1918591e+05   1.8683928e+04
   6.5600000e+01   3.0591159e+05   2.9123648e+04
   6.5700000e+01   3.0023394e+05   4.5387480e+04
   6.5800000e+01   3.0279097e+05   6.9832625e+04
   6.5900000e+01   3.0547197e+05   9.7900539e+04
   6.6000000e+01   2.9933744e+05   1.2271017e+05
   6.6100000e+01   2.8178206e+05   1.3967495e+05
   6.6200000e+01   2.5617041e+05   1.4730066e+05
   6.6300000e+01   2.2520130e+05   1.4537631e+05
   6.6400000e+01   1.8624316e+05   1.3388658e+05
   6.6500000e+01   1.3444641e+05   1.1390604e+05
   6.6600000e+01   6.9910938e+04   8.8646562e+04
   6.6700000e+01   1.4090259e+02   6.2368203e+04
   6.6800000e+01  -6.5166727e+04   3.7563750e+04
   6.6900000e+01  -1.2082836e+05   1.3533807e+04
   6.7000000e+01  -1.6737350e+05  -1.1489613e+04
   6.7100000e+01  -2.0733500e+05  -3.6715469e+04
   6.7200000e+01  -2.4244228e+05  -5.8169996e+04
   6.7300000e+01  -2.7407741e+05  -7.2436086e+04
   6.7400000e+01  -3.0362066e+05  -8.0372359e+04
   6.7500000e+01  -3.3005872e+05  -8.5531547e+04
   6.7600000e+01  -3.4784078e+05  -8.8340469e+04
   6.7700000e+01  -3.4945038e+05  -8.3435859e+04
   6.7800000e+01  -3.3175684e+05  -6.5025918e+04
   6.7900000e+01  -3.0004794e+05  -3.5332750e+04
   6.8000000e+01  -2.6546703e+05  -5.9079526e+03
   6.8100000e+01  -2.3788692e+05   1.1306729e+04
   6.8200000e+01  -2.1987356e+05   1.4219511e+04
   6.8300000e+01  -2.0580398e+05   1.0832506e+04
   6.8400000e+01  -1.8646005e+05   9.3098076e+03
   6.8500000e+01  -1.5628911e+05   9.3201074e+03
   6.8600000e+01  -1.1848102e+05   4.1629995e+03
   6.8700000e+01  -8.3407336e+04  -9.8423486e+03
   6.8800000e+01  -6.0741266e+04  -2.8315141e+04
   6.8900000e+01  -5.1904555e+04  -4.3445449e+04
   6.9000000e+01  -5.0044219e+04  -5.1612055e+04
   6.9100000e+01  -4.7103969e+04  -5.4612605e+04
   6.9200000e+01  -3.9941453e+04  -5.4209219e+04
   6.9300000e+01  -2.9518006e+04  -4.8170863e+04
   6.9400000e+01  -1.6537570e+04  -3.3249207e+04
   6.9500000e+01  -1.0155312e+03  -1.0891525e+04
   6.9600000e+01   1.3662609e+04   1.2215765e+04
   6.9700000e+01   1.9895836e+04   2.9942207e+04
   6.9800000e+01   1.3103812e+04   4.1880430e+04
   6.9900000e+01   3.9559570e+02   5.1803680e+04
   7.0000000e+01  -9.3537793e+02   6.1793789e+04
   7.0100000e+01   2.3089492e+04   6.9495273e+04
   7.0200000e+01   6.9882477e+04   7.1391398e+04
   7.0300000e+01   1.2100688e+05   6.7043672e+04
   7.0400000e+01   1.5683694e+05   5.8323414e+04
   7.0500000e+01   1.7113381e+05   4.4923344e+04
   7.0600000e+01   1.7238630e+05   2.3193109e+04
   7.0700000e+01   1.7283580e+05  -8.4874414e+03
   7.0800000e+01   1.7765119e+05  -4.3771074e+04
   7.0900000e+01   1.8405489e+05  -7.0506250e+04
   7.1000000e+01   1.8797744e+05  -8.1117742e+04
   7.1100000e+01   1.8852328e+05  -8.0721484e+04
   7.1200000e+01   1.8558012e+05  -8.2927188e+04
   7.1300000e+01   1.7586739e+05  -9.5993680e+04
   7.1400000e+01   1.5487189e+05  -1.1350476e+05
   7.1500000e+01   1.2381717e+05  -1.2032463e+05
   7.1600000e+01   9.2645609e+04  -1.0855826e+05
   7.1700000e+01   7.2992297e+04  -8.6761047e+04
   7.1800000e+01   6.6935648e+04  -7.2049859e+04
   7.1900000e+01   6.4020602e+04  -7.2893883e+04
   7.2000000e+01   5.1459090e+04  -8.0492984e+04
   7.2100000e+01   2.7868855e+04  -7.7492320e+04
   7.2200000e+01   5.9515605e+03  -5.4501191e+04
   7.2300000e+01   7.3823633e+02  -1.7596689e+04
   7.2400000e+01   1.5500032e+04   1.9164094e+04
   7.2500000e+01   3.9758020e+04   4.6485469e+04
   7.2600000e+01   6.0394848e+04   6.4825160e+04
   7.2700000e+01   7.3058164e+04   7.9385633e+04
   7.2800000e+01   8.2186586e+04   9.3509984e+04
   7.2900000e+01   9.1677000e+04   1.0779141e+05
   7.3000000e+01   9.8013469e+04   1.2314812e+05
   7.3100000e+01   9.3184539e+04   1.4149427e+05
   7.3200000e+01   7.2890883e+04   1.6233709e+05
   7.3300000e+01   4.0592961e+04   1.8020458e+05
   7.3400000e+01   4.0969502e+03   1.8733914e+05
   7.3500000e+01  -3.0280059e+04   1.7956145e+05
   7.3600000e+01  -5.9968074e+04   1.5927764e+05
   7.3700000e+01  -8.4525633e+04   1.3298552e+05
   7.3800000e+01  -1.0409709e+05   1.0664167e+05
   7.3900000e+01  -1.2004006e+05   8.3462422e+04
   7.4000000e+01  -1.3547373e+05   6.4572484e+04
   7.4100000e+01  -1.5295828e+05   4.9601609e+04
   7.4200000e+01  -1.7068797e+05   3.6072242e+04
   7.4300000e+01  -1.8197255e+05   1.9873164e+04
   7.4400000e+01  -1.8026894e+05  -1.5231519e+03
   7.4500000e+01  -1.6559647e+05  -2.5848699e+04
   7.4600000e+01  -1.4545428e+05  -4.7286266e+04
   7.4700000e+01  -1.2855355e+05  -6.2020539e+04
   7.4800000e+01  -1.1752358e+05  -7.2161648e+04
   7.4900000e+01  -1.0804348e+05  -8.3037180e+04
   7.5000000e+01  -9.4759180e+04  -9.6427328e+04
   7.5100000e+01  -7.7163977e+04  -1.0758545e+05
   7.5200000e+01  -5.9600258e+04  -1.0992297e+05
   7.5300000e+01  -4.6732234e+04  -1.0233009e+05
   7.5400000e+01  -4.0163887e+04  -9.0901141e+04
   7.5500000e+01  -3.8920172e+04  -8.3249016e+04
   7.5600000e+01  -4.1354594e+04  -8.1935633e+04
   7.5700000e+01  -4.5476098e+04  -8.3986250e+04
   7.5800000e+01  -4.8311395e+04  -8.5944656e+04
   7.5900000e+01  -4.6794098e+04  -8.7751750e+04
   7.6000000e+01  -4.0211691e+04  -9.1031180e+04
   7.6100000e+01  -3.1385465e+04  -9.4769664e+04
   7.6200000e+01  -2.4780699e+04  -9.4641867e+04
   7.6300000e+01  -2.3173869e+04  -8.7511727e+04
   7.6400000e+01  -2.5716574e+04  -7.5841367e+04
   7.6500000e+01  -2.8239340e+04  -6.6198125e+04
   7.6600000e+01  -2.4929088e+04  -6.2667691e+04
   7.6700000e+01  -1.1051089e+04  -6.2165875e+04
   7.6800000e+01   1.3481877e+04  -5.7118180e+04
   7.6900000e+01   4.2248840e+04  -4.3159406e+04
   7.7000000e+01   6.5909781e+04  -2.3939865e+04
   7.7100000e+01   8.0356320e+04  -7.9347383e+03
   7.7200000e+01   9.1584812e+04  -3.3713086e+02
   7.7300000e+01   1.1013052e+05   1.9043242e+03
   7.7400000e+01   1.3883220e+05   6.9985146e+03
   7.7500000e+01   1.6708347e+05   2.0132789e+04
   7.7600000e+01   1.7941855e+05   3.8010680e+04
   7.7700000e+01   1.7023428e+05   5.1373133e+04
   7.7800000e+01   1.4853697e+05   5.3387703e+04
   7.7900000e+01   1.2741375e+05   4.6278656e+04
   7.8000000e+01   1.1023811e+05   3.9920352e+04
   7.8100000e+01   8.8855891e+04   4.3322305e+04
   7.8200000e+01   5.4766656e+04   5.6610594e+04
   7.8300000e+01   1.0065526e+04   7.0906562e+04
   7.8400000e+01  -3.3332422e+04   7.6243398e+04
   7.8500000e+01  -6.3952055e+04   7.0141773e+04
   7.8600000e+01  -7.9274828e+04   5.9056102e+04
   7.8700000e+01  -8.5278867e+04   5.1906988e+04
   7.8800000e+01  -8.9458656e+04   5.2148930e+04
   7.8900000e+01  -9.4368211e+04   5.5359754e+04
   7.9000000e+01  -9.6219977e+04   5.3612934e+04
   7.9100000e+01  -8.8583359e+04   4.2216289e+04
   7.9200000e+01  -6.8424836e+04   2.3517668e+04
   7.9300000e+01  -4.0434801e+04   5.5520859e+03
   7.9400000e+01  -1.5799697e+04  -3.1405217e+03
   7.9500000e+01  -4.8455190e+03   9.3166895e+02
   7.9600000e+01  -8.4689121e+03   1.4102852e+04
   7.9700000e+01  -1.5947679e+04   2.8669721e+04
   7.9800000e+01  -1.2356691e+04   3.8909445e+04
   7.9900000e+01   9.8207002e+03   4.4737633e+04
   8.0000000e+01   4.4843621e+04   4.9716148e+04
   8.0100000e+01   7.8769031e+04   5.5739684e+04
   8.0200000e+01   1.0056872e+05   5.9977094e+04
   8.0300000e+01   1.0920409e+05   5.6979129e+04
   8.0400000e+01   1.1119012e+05   4.3773035e+04
   8.0500000e+01   1.1255756e+05   2.3752777e+04
   8.0600000e+01   1.1348221e+05   6.7261426e+03
   8.0700000e+01   1.0958119e+05   4.4929707e+03
   8.0800000e+01   9.6851664e+04   2.3258438e+04
   8.0900000e+01   7.5083430e+04   5.7414141e+04
   8.1000000e+01   4.7864105e+04   9.1041844e+04
   8.1100000e+01   2.0524088e+04   1.0855268e+05
   8.1200000e+01  -2.5755981e+03   1.0617236e+05
   8.1300000e+01  -2.0602859e+04   9.2880781e+04
   8.1400000e+01  -3.6787297e+04   7.9483609e+04
   8.1500000e+01  -5.5038695e+04   6.7637375e+04
   8.1600000e+01  -7.4642195e+04   5.0666516e+04
   8.1700000e+01  -8.8914602e+04   2.4090789e+04
   8.1800000e+01  -9.0871219e+04  -7.1361958e+03
   8.1900000e+01  -8.0718328e+04  -3.2630059e+04
   8.2000000e+01  -6.6627289e+04  -4.6228414e+04
   8.2100000e+01  -5.7465219e+04  -5.0552500e+04
   8.2200000e+01  -5.5621715e+04  -5.3268918e+04
   8.2300000e+01  -5.7474207e+04  -6.0728512e+04
   8.2400000e+01  -5.9150574e+04  -7.4979039e+04
   8.2500000e+01  -5.9485688e+04  -9.4737734e+04
   8.2600000e+01  -5.7766836e+04  -1.1772638e+05
   8.2700000e+01  -5.1975148e+04  -1.4244747e+05
   8.2800000e+01  -4.1688406e+04  -1.6848547e+05
   8.2900000e+01  -3.1265818e+04  -1.9484088e+05
   8.3000000e+01  -2.6780072e+04  -2.1754803e+05
   8.3100000e+01  -2.8622783e+04  -2.2976786e+05
   8.3200000e+01  -2.9146396e+04  -2.2589948e+05
   8.3300000e+01  -1.9901973e+04  -2.0648753e+05
   8.3400000e+01  -1.2562446e+03  -1.7869669e+05
   8.3500000e+01   1.6569258e+04  -1.5125864e+05
   8.3600000e+01   2.2722672e+04  -1.2852496e+05
   8.3700000e+01   1.5716170e+04  -1.0880012e+05
   8.3800000e+01   4.3350488e+03  -8.7357836e+04
   8.3900000e+01  -5.5080273e+02  -6.0524906e+04
   8.4000000e+01   5.2731719e+03  -2.7843252e+04
   8.4100000e+01   1.7664355e+04   7.8217002e+03
   8.4200000e+01   2.9401418e+04   4.1296477e+04
   8.4300000e+01   3.6551203e+04   6.7125359e+04
   8.4400000e+01   4.0607234e+04   8.2509641e+04
   8.4500000e+01   4.5747027e+04   8.9572133e+04
   8.4600000e+01   5.4394805e+04   9.4630891e+04
   8.4700000e+01   6.4771227e+04   1.0404362e+05
   8.4800000e+01   7.2016086e+04   1.1929670e+05
   8.4900000e+01   7.1760211e+04   1.3524592e+05
   8.5000000e+01   6.3313371e+04   1.4329684e+05
   8.5100000e+01   4.9954609e+04   1.3749583e+05
   8.5200000e+01   3.6185953e+04   1.1908550e+05
   8.5300000e+01   2.4470447e+04   9.5971484e+04
   8.5400000e+01   1.4323823e+04   7.7212906e+04
   8.5500000e+01   4.1353262e+03   6.6641273e+04
   8.5600000e+01  -6.6245059e+03   6.0931734e+04
   8.5700000e+01  -1.7141359e+04   5.4158469e+04
   8.5800000e+01  -2.6782768e+04   4.4915090e+04
   8.5900000e+01  -3.6275035e+04   3.8933340e+04
   8.6000000e+01  -4.6961922e+04   4.3971531e+04
   8.6100000e+01  -5.8766262e+04   6.1688320e+04
   8.6200000e+01  -6.9008102e+04   8.4770266e+04
   8.6300000e+01  -7.3720555e+04   1.0226341e+05
   8.6400000e+01  -7.0832406e+04   1.0763781e+05
   8.6500000e+01  -6.2372445e+04   1.0211977e+05
   8.6600000e+01  -5.3145160e+04   9.1713359e+04
   8.6700000e+01  -4.6716719e+04   8.2232625e+04
   8.6800000e+01  -4.2825027e+04   7.6313656e+04
   8.6900000e+01  -3.9170613e+04   7.2631938e+04
   8.7000000e+01  -3.5392645e+04   6.6443867e+04
   8.7100000e+01  -3.4027375e+04   5.2018555e+04
   8.7200000e+01  -3.6841723e+04   2.6880824e+04
   8.7300000e+01  -4.1140121e+04  -5.2951021e+03
   8.7400000e+01  -4.1268473e+04  -3.6621766e+04
   8.7500000e+01  -3.4147508e+04  -6.0637719e+04
   8.7600000e+01  -2.2277703e+04  -7.6355641e+04
   8.7700000e+01  -1.0516212e+04  -8.7270594e+04
   8.7800000e+01  -6.4942627e+02  -9.7373539e+04
   8.7900000e+01   9.5535332e+03  -1.0843473e+05
   8.8000000e+01   2.1984289e+04  -1.1994744e+05
   8.8100000e+01   3.4503613e+04  -1.3003520e+05
   8.8200000e+01   4.2849195e+04  -1.3610092e+05
   8.8300000e+01   4.5671648e+04  -1.3581666e+05
   8.8400000e+01   4.6114262e+04  -1.2863970e+05
   8.8500000e+01   4.7877852e+04  -1.1631078e+05
   8.8600000e+01   5.1014195e+04  -1.0123605e+05
   8.8700000e+01   5.3165273e+04  -8.4308195e+04
   8.8800000e+01   5.4655742e+04  -6.4778508e+04
   8.8900000e+01   6.0112148e+04  -4.2368234e+04
   8.9000000e+01   7.3099727e+04  -1.8991465e+04
   8.9100000e+01   8.9509023e+04   1.8974238e+03
   8.9200000e+01   9.8286484e+04   1.7100908e+04
   8.9300000e+01   9.0079273e+04   2.4156719e+04
   8.9400000e+01   6.4865020e+04   2.0643465e+04
   8.9500000e+01   3.0681094e+04   5.0618398e+03
   8.9600000e+01  -3.8990928e+03  -1.9865529e+04
   8.9700000e+01  -3.4280316e+04  -4.5323992e+04
   8.9800000e+01  -5.7706305e+04  -6.0468242e+04
   8.9900000e+01  -7.0532211e+04  -6.0692047e+04
   9.0000000e+01  -7.1055258e+04  -5.1868047e+04
   9.0100000e+01  -6.4386871e+04  -4.4554719e+04
   9.0200000e+01  -6.0661043e+04  -4.2601680e+04
   9.0300000e+01  -6.5788609e+04  -3.7822477e+04
   9.0400000e+01  -7.4915133e+04  -1.7206705e+04
   9.0500000e+01  -7.7069672e+04   2.3776758e+04
   9.0600000e+01  -6.6114781e+04   7.4932383e+04
   9.0700000e+01  -4.5396406e+04   1.1845243e+05
   9.0800000e+01  -2.1810266e+04   1.4265202e+05
   9.0900000e+01   1.7888408e+03   1.4969134e+05
   9.1000000e+01   2.6349189e+04   1.5108723e+05
   9.1100000e+01   5.1045078e+04   1.5641080e+05
   9.1200000e+01   7.2103094e+04   1.6607161e+05
   9.1300000e+01   8.8301227e+04   1.7391388e+05
   9.1400000e+01   1.0442854e+05   1.7520827e+05
   9.1500000e+01   1.2584605e+05   1.7076589e+05
   9.1600000e+01   1.5003262e+05   1.6314681e+05
   9.1700000e+01   1.6676138e+05   1.5042991e+05
   9.1800000e+01   1.6837639e+05   1.2596638e+05
   9.1900000e+01   1.5830105e+05   8.5378742e+04
   9.2000000e+01   1.4707997e+05   3.3164906e+04
   9.2100000e+01   1.4003988e+05  -1.8730184e+04
   9.2200000e+01   1.3082715e+05  -5.9228168e+04
   9.2300000e+01   1.0837848e+05  -8.5175203e+04
   9.2400000e+01   6.9646648e+04  -1.0130963e+05
   9.2500000e+01   2.4295969e+04  -1.1479956e+05
   9.2600000e+01  -1.3409006e+04  -1.2983645e+05
   9.2700000e+01  -3.7000355e+04  -1.4565375e+05
   9.2800000e+01  -5.2330098e+04  -1.5791855e+05
   9.2900000e+01  -7.0632812e+04  -1.6198827e+05
   9.3000000e+01  -9.7768344e+04  -1.5596036e+05
   9.3100000e+01  -1.3015330e+05  -1.4122394e+05
   9.3200000e+01  -1.6021759e+05  -1.2021913e+05
   9.3300000e+01  -1.8421159e+05  -9.4564969e+04
   9.3400000e+01  -2.0338983e+05  -6.6670734e+04
   9.3500000e+01  -2.1804138e+05  -4.2706480e+04
   9.3600000e+01  -2.2296967e+05  -3.1087217e+04
   9.3700000e+01  -2.1164006e+05  -3.5280293e+04
   9.3800000e+01  -1.8506253e+05  -4.8307684e+04
   9.3900000e+01  -1.5399648e+05  -5.6864484e+04
   9.4000000e+01  -1.2972485e+05  -5.2715969e+04
   9.4100000e+01  -1.1281002e+05  -3.9980906e+04
   9.4200000e+01  -9.3459281e+04  -3.0746678e+04
   9.4300000e+01  -6.4436559e+04  -3.3825734e+04
   9.4400000e+01  -3.1873266e+04  -4.7678352e+04
   9.4500000e+01  -1.0333348e+04  -6.2615121e+04
   9.4600000e+01  -6.5674077e+03  -6.8116367e+04
   9.4700000e+01  -1.0540166e+04  -5.8667922e+04
   9.4800000e+01  -4.8231035e+03  -3.5409602e+04
   9.4900000e+01   1.7640232e+04  -4.3664961e+03
   9.5000000e+01   4.7030133e+04   2.7247859e+04
   9.5100000e+01   6.7741719e+04   5.4713148e+04
   9.5200000e+01   7.3454484e+04   7.7079742e+04
   9.5300000e+01   6.9728328e+04   9.5586867e+04
   9.5400000e+01   6.3962766e+04   1.1186134e+05
   9.5500000e+01   5.6929266e+04   1.2806966e+05
   9.5600000e+01   4.5638082e+04   1.4711275e+05
   9.5700000e+01   3.1571727e+04   1.6981081e+05
   9.5800000e+01   2.1902549e+04   1.9104934e+05
   9.5900000e+01   2.1368637e+04   2.0107575e+05
   9.6000000e+01   2.5114336e+04   1.9355642e+05
   9.6100000e+01   2.1981383e+04   1.7279838e+05
   9.6200000e+01   5.1234048e+03   1.5125042e+05
   9.6300000e+01  -2.1700514e+04   1.3853059e+05
   9.6400000e+01  -4.8369160e+04   1.3293403e+05
   9.6500000e+01  -6.7448445e+04   1.2370329e+05
   9.6600000e+01  -7.8207852e+04   1.0085870e+05
   9.6700000e+01  -8.3154312e+04   6.2831434e+04
   9.6800000e+01  -8.3251930e+04   1.6514594e+04
   9.6900000e+01  -7.7557500e+04  -2.7763223e+04
   9.7000000e+01  -6.5816828e+04  -6.1360906e+04
   9.7100000e+01  -4.9116543e+04  -8.0270344e+04
   9.7200000e+01  -2.7955482e+04  -8.5905609e+04
   9.7300000e+01  -1.7680752e+03  -8.3762594e+04
   9.7400000e+01   2.8354695e+04  -8.0190109e+04
   9.7500000e+01   5.7746492e+04  -7.8990117e+04
   9.7600000e+01   8.1101211e+04  -8.0192359e+04
   9.7700000e+01   9.7645453e+04  -8.1718195e+04
   9.7800000e+01   1.1178152e+05  -8.2244844e+04
   9.7900000e+01   1.2730762e+05  -8.2648031e+04
   9.8000000e+01   1.4145050e+05  -8.4686805e+04
   9.8100000e+01   1.4586512e+05  -8.8255617e+04
   9.8200000e+01   1.3416619e+05  -9.0439609e+04
   9.8300000e+01   1.0857669e+05  -8.8284328e+04
   9.8400000e+01   7.9429078e+04  -8.2846367e+04
   9.8500000e+01   5.8096926e+04  -7.9416602e+04
   9.8600000e+01   4.8958938e+04  -8.2323938e+04
   9.8700000e+01   4.5897676e+04  -8.9624000e+04
   9.8800000e+01   3.5753414e+04  -9.4511289e+04
   9.8900000e+01   7.4212944e+03  -9.2955078e+04
   9.9000000e+01  -3.8615078e+04  -8.8969266e+04
   9.9100000e+01  -8.7707531e+04  -9.0718188e+04
   9.9200000e+01  -1.1950223e+05  -1.0125639e+05
   9.9300000e+01  -1.2259231e+05  -1.1442502e+05
   9.9400000e+01  -1.0339784e+05  -1.2065769e+05
   9.9500000e+01  -8.0627133e+04  -1.1590170e+05
   9.9600000e+01  -6.9417258e+04  -1.0352702e+05
   9.9700000e+01  -6.9335328e+04  -8.7930469e+04
   9.9800000e+01  -6.6996500e+04  -6.8579273e+04
   9.9900000e+01  -5.0152039e+04  -4.2085680e+04
   1.0000000e+02  -1.9701229e+04  -9.0714023e+03
