   1.1851270e+02   3.6301420e+01   1.8450000e+02
   1.1933412e+02   3.6651448e+01   1.9700000e+01
   0.0000000e+00   6.1785544e+05   6.1785544e+05
   1.0000000e-01   5.8677738e+05   5.5901075e+05
   2.0000000e-01   4.9386069e+05   4.4345156e+05
   3.0000000e-01   3.9920872e+05   3.3661356e+05
   4.0000000e-01   3.4014691e+05   2.7727431e+05
   5.0000000e-01   3.0633909e+05   2.4899212e+05
   6.0000000e-01   2.6304759e+05   2.0799189e+05
   7.0000000e-01   1.9018553e+05   1.3324009e+05
   8.0000000e-01   9.6113211e+04   4.5206039e+04
   9.0000000e-01   3.2903613e+02  -2.0933244e+04
   1.0000000e+00  -8.7363742e+04  -5.2642699e+04
   1.1000000e+00  -1.6760466e+05  -6.7557117e+04
   1.2000000e+00  -2.3797764e+05  -8.8586141e+04
   1.3000000e+00  -2.8773769e+05  -1.1820745e+05
   1.4000000e+00  -3.0940538e+05  -1.3899634e+05
   1.5000000e+00  -3.1175019e+05  -1.3567672e+05
   1.6000000e+00  -3.1492928e+05  -1.1255898e+05
   1.7000000e+00  -3.2990134e+05  -8.9044180e+04
   1.8000000e+00  -3.4493128e+05  -8.0662664e+04
   1.9000000e+00  -3.3634762e+05  -8.6480062e+04
   2.0000000e+00  -2.9372412e+05  -9.4368875e+04
   2.1000000e+00  -2.3229720e+05  -9.6318484e+04
   2.2000000e+00  -1.7875273e+05  -9.7081734e+04
   2.3000000e+00  -1.4597541e+05  -1.0832839e+05
   2.4000000e+00  -1.2398733e+05  -1.3589331e+05
   2.5000000e+00  -9.5027266e+04  -1.7350512e+05
   2.6000000e+00  -5.3901516e+04  -2.0823395e+05
   2.7000000e+00  -1.1448906e+04  -2.3099994e+05
   2.8000000e+00   1.9278777e+04  -2.4196897e+05
   2.9000000e+00   3.5529223e+04  -2.4715030e+05
   3.0000000e+00   4.2780617e+04  -2.5089205e+05
   3.1000000e+00   4.4654277e+04  -2.5148853e+05
   3.2000000e+00   3.9813770e+04  -2.4309200e+05
   3.3000000e+00   2.8974654e+04  -2.2127878e+05
   3.4000000e+00   2.0132625e+04  -1.8706541e+05
   3.5000000e+00   2.1879086e+04  -1.4655094e+05
   3.6000000e+00   3.1104520e+04  -1.0764745e+05
   3.7000000e+00   3.1531549e+04  -7.6694047e+04
   3.8000000e+00   9.2547148e+03  -5.5408742e+04
   3.9000000e+00  -2.8984111e+04  -3.7669977e+04
   4.0000000e+00  -5.5868898e+04  -9.2389395e+03
   4.1000000e+00  -4.5976133e+04   4.4160023e+04
   4.2000000e+00  -4.2290625e+02   1.2209418e+05
   4.3000000e+00   5.1336195e+04   2.0156216e+05
   4.4000000e+00   7.6051000e+04   2.4931183e+05
   4.5000000e+00   6.4976285e+04   2.4850497e+05
   4.6000000e+00   3.9961547e+04   2.1469269e+05
   4.7000000e+00   3.3346645e+04   1.8241078e+05
   4.8000000e+00   6.1420781e+04   1.7363628e+05
   4.9000000e+00   1.1387517e+05   1.7998558e+05
   5.0000000e+00   1.6443134e+05   1.7631167e+05
   5.1000000e+00   1.9011067e+05   1.4924109e+05
   5.2000000e+00   1.8339242e+05   1.0941391e+05
   5.3000000e+00   1.5118275e+05   7.6900266e+04
   5.4000000e+00   1.0586595e+05   5.9626074e+04
   5.5000000e+00   5.7852668e+04   4.9435688e+04
   5.6000000e+00   1.4443383e+04   3.7059328e+04
   5.7000000e+00  -1.8310021e+04   2.5592953e+04
   5.8000000e+00  -3.7176941e+04   2.6331000e+04
   5.9000000e+00  -4.7044438e+04   4.2766211e+04
   6.0000000e+00  -6.1860395e+04   6.1766051e+04
   6.1000000e+00  -9.4973414e+04   6.2371930e+04
   6.2000000e+00  -1.4562428e+05   3.3984977e+04
   6.3000000e+00  -1.9669041e+05  -1.3511660e+04
   6.4000000e+00  -2.2880306e+05  -5.7384484e+04
   6.5000000e+00  -2.3703181e+05  -8.0789992e+04
   6.6000000e+00  -2.3213648e+05  -8.5703750e+04
   6.7000000e+00  -2.2585100e+05  -8.8131508e+04
   6.8000000e+00  -2.1782908e+05  -1.0044966e+05
   6.9000000e+00  -1.9841959e+05  -1.1885392e+05
   7.0000000e+00  -1.6179053e+05  -1.2905119e+05
   7.1000000e+00  -1.1317891e+05  -1.2374266e+05
   7.2000000e+00  -6.3622180e+04  -1.1209524e+05
   7.3000000e+00  -2.0518598e+04  -1.1038659e+05
   7.4000000e+00   1.5759789e+04  -1.2467792e+05
   7.5000000e+00   4.8790262e+04  -1.4499161e+05
   7.6000000e+00   8.2575297e+04  -1.5595645e+05
   7.7000000e+00   1.2025669e+05  -1.4999080e+05
   7.8000000e+00   1.6273761e+05  -1.2913020e+05
   7.9000000e+00   2.0606081e+05  -9.8111109e+04
   8.0000000e+00   2.4065534e+05  -6.0787406e+04
   8.1000000e+00   2.5552353e+05  -2.2880426e+04
   8.2000000e+00   2.4554473e+05   8.0163896e+03
   8.3000000e+00   2.1631266e+05   3.0332734e+04
   8.4000000e+00   1.8222680e+05   5.4962113e+04
   8.5000000e+00   1.5815159e+05   9.7953734e+04
   8.6000000e+00   1.4931109e+05   1.6280488e+05
   8.7000000e+00   1.4630820e+05   2.3091428e+05
   8.8000000e+00   1.3066577e+05   2.7328875e+05
   8.9000000e+00   8.9498062e+04   2.7507288e+05
   9.0000000e+00   2.8707285e+04   2.5031786e+05
   9.1000000e+00  -2.8338266e+04   2.3225811e+05
   9.2000000e+00  -5.8608352e+04   2.4605064e+05
   9.3000000e+00  -5.8690094e+04   2.8658494e+05
   9.4000000e+00  -4.6281434e+04   3.2057231e+05
   9.5000000e+00  -4.1500641e+04   3.1226791e+05
   9.6000000e+00  -4.7310438e+04   2.5163981e+05
   9.7000000e+00  -4.9556102e+04   1.6085019e+05
   9.8000000e+00  -3.4882992e+04   7.4214094e+04
   9.9000000e+00  -5.0891416e+03   1.1165282e+04
   1.0000000e+01   2.7116516e+04  -3.3499027e+04
   1.0100000e+01   5.2576055e+04  -7.7406328e+04
   1.0200000e+01   7.1601133e+04  -1.3310642e+05
   1.0300000e+01   8.6609602e+04  -2.0173959e+05
   1.0400000e+01   9.4370875e+04  -2.7695709e+05
   1.0500000e+01   8.8833891e+04  -3.4819856e+05
   1.0600000e+01   6.9251414e+04  -4.0070184e+05
   1.0700000e+01   4.1281355e+04  -4.2000056e+05
   1.0800000e+01   9.4165508e+03  -4.0329544e+05
   1.0900000e+01  -2.8586553e+04  -3.6614281e+05
   1.1000000e+01  -7.7100516e+04  -3.3251903e+05
   1.1100000e+01  -1.3272116e+05  -3.1412397e+05
   1.1200000e+01  -1.8103477e+05  -2.9949538e+05
   1.1300000e+01  -2.0563084e+05  -2.6536228e+05
   1.1400000e+01  -2.0254697e+05  -1.9954864e+05
   1.1500000e+01  -1.8675806e+05  -1.1279959e+05
   1.1600000e+01  -1.8239678e+05  -2.8909014e+04
   1.1700000e+01  -2.0221497e+05   3.5646695e+04
   1.1800000e+01  -2.3357166e+05   8.2707320e+04
   1.1900000e+01  -2.4551916e+05   1.2539317e+05
   1.2000000e+01  -2.1322400e+05   1.7194591e+05
   1.2100000e+01  -1.3850920e+05   2.1633319e+05
   1.2200000e+01  -4.8062293e+04   2.4344894e+05
   1.2300000e+01   2.7463047e+04   2.4287886e+05
   1.2400000e+01   7.2861766e+04   2.1812594e+05
   1.2500000e+01   9.1083953e+04   1.8337433e+05
   1.2600000e+01   9.3486305e+04   1.5190259e+05
   1.2700000e+01   9.1628781e+04   1.2768152e+05
   1.2800000e+01   9.5889203e+04   1.0735315e+05
   1.2900000e+01   1.1418415e+05   8.8373750e+04
   1.3000000e+01   1.4561369e+05   7.3124984e+04
   1.3100000e+01   1.7532169e+05   6.4921406e+04
   1.3200000e+01   1.8094553e+05   6.2547133e+04
   1.3300000e+01   1.5024100e+05   6.1838266e+04
   1.3400000e+01   9.5468797e+04   6.3161418e+04
   1.3500000e+01   4.9285055e+04   7.4570031e+04
   1.3600000e+01   4.1864262e+04   1.0419275e+05
   1.3700000e+01   7.6500844e+04   1.4843862e+05
   1.3800000e+01   1.2467911e+05   1.8919294e+05
   1.3900000e+01   1.4670681e+05   2.0482044e+05
   1.4000000e+01   1.2198508e+05   1.8568477e+05
   1.4100000e+01   6.3467043e+04   1.4054720e+05
   1.4200000e+01   4.2744824e+03   8.9314594e+04
   1.4300000e+01  -3.0288250e+04   4.9438387e+04
   1.4400000e+01  -3.9474609e+04   2.6584656e+04
   1.4500000e+01  -3.9780953e+04   1.4558383e+04
   1.4600000e+01  -4.5372996e+04   2.1417056e+03
   1.4700000e+01  -5.7692730e+04  -1.9009738e+04
   1.4800000e+01  -7.1539141e+04  -5.0353930e+04
   1.4900000e+01  -8.5565531e+04  -8.7483562e+04
   1.5000000e+01  -1.0321024e+05  -1.2326191e+05
   1.5100000e+01  -1.2505350e+05  -1.4953259e+05
   1.5200000e+01  -1.4470038e+05  -1.5779433e+05
   1.5300000e+01  -1.5425995e+05  -1.4253694e+05
   1.5400000e+01  -1.5221084e+05  -1.0748494e+05
   1.5500000e+01  -1.4378966e+05  -6.7871773e+04
   1.5600000e+01  -1.3421969e+05  -4.2180523e+04
   1.5700000e+01  -1.2377565e+05  -3.8043500e+04
   1.5800000e+01  -1.1015427e+05  -4.6462281e+04
   1.5900000e+01  -9.3836516e+04  -5.1893117e+04
   1.6000000e+01  -7.8991281e+04  -4.8209102e+04
   1.6100000e+01  -6.8974273e+04  -4.3295965e+04
   1.6200000e+01  -6.2473051e+04  -4.8211512e+04
   1.6300000e+01  -5.5299621e+04  -6.4785492e+04
   1.6400000e+01  -4.5728219e+04  -8.6125711e+04
   1.6500000e+01  -3.6926344e+04  -1.0766916e+05
   1.6600000e+01  -3.3368434e+04  -1.3378078e+05
   1.6700000e+01  -3.5151941e+04  -1.7151216e+05
   1.6800000e+01  -3.6771699e+04  -2.1935238e+05
   1.6900000e+01  -3.1953461e+04  -2.6439547e+05
   1.7000000e+01  -1.9073641e+04  -2.9092131e+05
   1.7100000e+01  -8.4340820e+02  -2.9082388e+05
   1.7200000e+01   2.1181125e+04  -2.6603062e+05
   1.7300000e+01   4.9956195e+04  -2.2346159e+05
   1.7400000e+01   8.8837516e+04  -1.7067434e+05
   1.7500000e+01   1.3400327e+05  -1.1653302e+05
   1.7600000e+01   1.7337505e+05  -7.1884844e+04
   1.7700000e+01   1.9644528e+05  -4.3289008e+04
   1.7800000e+01   2.0687962e+05  -2.2656402e+04
   1.7900000e+01   2.2364036e+05   1.3971699e+04
   1.8000000e+01   2.6510184e+05   8.9669969e+04
   1.8100000e+01   3.2786572e+05   2.0218414e+05
   1.8200000e+01   3.8096650e+05   3.1602219e+05
   1.8300000e+01   3.8543916e+05   3.8457219e+05
   1.8400000e+01   3.2577169e+05   3.8645075e+05
   1.8500000e+01   2.2556628e+05   3.4259769e+05
   1.8600000e+01   1.3119348e+05   2.9654347e+05
   1.8700000e+01   7.6336695e+04   2.7608050e+05
   1.8800000e+01   5.9099312e+04   2.7289700e+05
   1.8900000e+01   5.1674992e+04   2.5769897e+05
   1.9000000e+01   3.0982703e+04   2.1248602e+05
   1.9100000e+01  -7.6603418e+02   1.4702648e+05
   1.9200000e+01  -2.4006691e+04   8.6499484e+04
   1.9300000e+01  -2.6218410e+04   4.7452676e+04
   1.9400000e+01  -1.5193418e+04   2.7343961e+04
   1.9500000e+01  -8.5945430e+03   1.4100994e+04
   1.9600000e+01  -1.4465508e+04   5.6840820e+02
   1.9700000e+01  -2.5858504e+04  -1.2404566e+04
   1.9800000e+01  -3.3965539e+04  -2.3848836e+04
   1.9900000e+01  -4.1427973e+04  -3.8376496e+04
   2.0000000e+01  -5.8455078e+04  -6.1450191e+04
   2.0100000e+01  -8.7527828e+04  -9.0328281e+04
   2.0200000e+01  -1.1824880e+05  -1.1267145e+05
   2.0300000e+01  -1.4111958e+05  -1.1605914e+05
   2.0400000e+01  -1.6303842e+05  -9.9343641e+04
   2.0500000e+01  -2.0239283e+05  -7.4611672e+04
   2.0600000e+01  -2.6654438e+05  -5.7835453e+04
   2.0700000e+01  -3.3853044e+05  -5.6684598e+04
   2.0800000e+01  -3.9085344e+05  -6.5802141e+04
   2.0900000e+01  -4.1168112e+05  -7.2724344e+04
   2.1000000e+01  -4.1333419e+05  -6.8470031e+04
   2.1100000e+01  -4.1428059e+05  -5.3339969e+04
   2.1200000e+01  -4.1699975e+05  -3.3685332e+04
   2.1300000e+01  -4.0662828e+05  -1.4701031e+04
   2.1400000e+01  -3.6859209e+05   2.1198242e+03
   2.1500000e+01  -3.0266706e+05   1.5254379e+04
   2.1600000e+01  -2.1980162e+05   2.0868367e+04
   2.1700000e+01  -1.3078707e+05   1.7942584e+04
   2.1800000e+01  -4.2349477e+04   1.4374890e+04
   2.1900000e+01   3.8240602e+04   2.2324250e+04
   2.2000000e+01   1.0185650e+05   4.4238266e+04
   2.2100000e+01   1.4560559e+05   6.7264742e+04
   2.2200000e+01   1.8116797e+05   7.7673117e+04
   2.2300000e+01   2.3005639e+05   8.0556062e+04
   2.2400000e+01   3.0542122e+05   9.7436375e+04
   2.2500000e+01   3.9594600e+05   1.3801244e+05
   2.2600000e+01   4.6877447e+05   1.7737391e+05
   2.2700000e+01   4.9239425e+05   1.7060853e+05
   2.2800000e+01   4.6132762e+05   9.5909695e+04
   2.2900000e+01   4.0091456e+05  -1.8365250e+04
   2.3000000e+01   3.4741484e+05  -1.1348317e+05
   2.3100000e+01   3.2097088e+05  -1.4862672e+05
   2.3200000e+01   3.1471697e+05  -1.3069477e+05
   2.3300000e+01   3.0676241e+05  -1.0062520e+05
   2.3400000e+01   2.8046612e+05  -9.5345828e+04
   2.3500000e+01   2.3413558e+05  -1.2219441e+05
   2.3600000e+01   1.7586902e+05  -1.6210827e+05
   2.3700000e+01   1.1424704e+05  -1.8909853e+05
   2.3800000e+01   5.5238867e+04  -1.8618331e+05
   2.3900000e+01   4.3330576e+03  -1.5041023e+05
   2.4000000e+01  -3.3557445e+04  -9.1254234e+04
   2.4100000e+01  -5.8617773e+04  -2.6863496e+04
   2.4200000e+01  -7.9054922e+04   2.2064258e+04
   2.4300000e+01  -1.0643513e+05   4.1287168e+04
   2.4400000e+01  -1.4582084e+05   3.1034488e+04
   2.4500000e+01  -1.8997844e+05   6.3608789e+03
   2.4600000e+01  -2.2440364e+05  -1.3109609e+04
   2.4700000e+01  -2.3995777e+05  -1.7969387e+04
   2.4800000e+01  -2.4189722e+05  -1.5797078e+04
   2.4900000e+01  -2.4610953e+05  -2.2256039e+04
   2.5000000e+01  -2.6486038e+05  -4.3832648e+04
   2.5100000e+01  -2.9523638e+05  -6.9669414e+04
   2.5200000e+01  -3.2220441e+05  -8.1702406e+04
   2.5300000e+01  -3.3392791e+05  -7.2484367e+04
   2.5400000e+01  -3.3338784e+05  -5.1458895e+04
   2.5500000e+01  -3.3318669e+05  -3.4009164e+04
   2.5600000e+01  -3.3873028e+05  -2.6890916e+04
   2.5700000e+01  -3.3900003e+05  -2.5229281e+04
   2.5800000e+01  -3.1660812e+05  -2.0336002e+04
   2.5900000e+01  -2.6676144e+05  -6.5290996e+03
   2.6000000e+01  -2.0352109e+05   1.8246479e+04
   2.6100000e+01  -1.4555831e+05   5.2140105e+04
   2.6200000e+01  -9.7212320e+04   8.5804797e+04
   2.6300000e+01  -4.6322520e+04   1.0246743e+05
   2.6400000e+01   1.9147771e+04   8.8369414e+04
   2.6500000e+01   9.5586875e+04   4.6173254e+04
   2.6600000e+01   1.6768598e+05  -4.0544766e+03
   2.6700000e+01   2.2694547e+05  -3.9621422e+04
   2.6800000e+01   2.8214009e+05  -5.1166855e+04
   2.6900000e+01   3.4809294e+05  -4.4892984e+04
   2.7000000e+01   4.2469628e+05  -3.3009852e+04
   2.7100000e+01   4.9077388e+05  -2.5062312e+04
   2.7200000e+01   5.2184878e+05  -2.5212625e+04
   2.7300000e+01   5.1396662e+05  -3.0041211e+04
   2.7400000e+01   4.8772884e+05  -2.5580508e+04
   2.7500000e+01   4.6732750e+05   7.4484023e+03
   2.7600000e+01   4.5635650e+05   7.6402820e+04
   2.7700000e+01   4.3566184e+05   1.6264845e+05
   2.7800000e+01   3.8455972e+05   2.3080225e+05
   2.7900000e+01   3.0204225e+05   2.5820802e+05
   2.8000000e+01   2.0631925e+05   2.5532252e+05
   2.8100000e+01   1.1607092e+05   2.5377384e+05
   2.8200000e+01   3.5793250e+04   2.7408609e+05
   2.8300000e+01  -4.0279465e+04   3.0762400e+05
   2.8400000e+01  -1.1446602e+05   3.2939144e+05
   2.8500000e+01  -1.8085094e+05   3.2269144e+05
   2.8600000e+01  -2.3411756e+05   2.8736744e+05
   2.8700000e+01  -2.7811606e+05   2.2883950e+05
   2.8800000e+01  -3.2091941e+05   1.4923042e+05
   2.8900000e+01  -3.6149450e+05   5.3513094e+04
   2.9000000e+01  -3.8535703e+05  -4.2337930e+04
   2.9100000e+01  -3.7694025e+05  -1.1943586e+05
   2.9200000e+01  -3.3639669e+05  -1.7488623e+05
   2.9300000e+01  -2.8224609e+05  -2.2670575e+05
   2.9400000e+01  -2.3616959e+05  -2.9371478e+05
   2.9500000e+01  -2.0528075e+05  -3.7075162e+05
   2.9600000e+01  -1.7931909e+05  -4.2826216e+05
   2.9700000e+01  -1.4404648e+05  -4.3879106e+05
   2.9800000e+01  -9.6052719e+04  -4.0259356e+05
   2.9900000e+01  -4.4877035e+04  -3.4617134e+05
   3.0000000e+01  -3.0776484e+03  -2.9758453e+05
   3.0100000e+01   2.3617652e+04  -2.6514794e+05
   3.0200000e+01   3.7158223e+04  -2.3801984e+05
   3.0300000e+01   4.1858969e+04  -2.0200172e+05
   3.0400000e+01   4.1340184e+04  -1.5156291e+05
   3.0500000e+01   4.0146023e+04  -8.9410750e+04
   3.0600000e+01   4.4375000e+04  -2.0551043e+04
   3.0700000e+01   5.6771555e+04   5.0050254e+04
   3.0800000e+01   7.0723414e+04   1.1649293e+05
   3.0900000e+01   7.2302422e+04   1.7334916e+05
   3.1000000e+01   5.2262434e+04   2.1980480e+05
   3.1100000e+01   1.7757264e+04   2.6024202e+05
   3.1200000e+01  -9.4033184e+03   2.9780272e+05
   3.1300000e+01  -9.6942656e+03   3.2678925e+05
   3.1400000e+01   1.5793682e+04   3.3328622e+05
   3.1500000e+01   4.3289184e+04   3.0579334e+05
   3.1600000e+01   4.4931953e+04   2.4703691e+05
   3.1700000e+01   1.3112152e+04   1.7569702e+05
   3.1800000e+01  -3.1452094e+04   1.1482028e+05
   3.1900000e+01  -5.6532090e+04   7.4925453e+04
   3.2000000e+01  -4.5923125e+04   4.5276188e+04
   3.2100000e+01  -1.2885148e+04   1.8914453e+03
   3.2200000e+01   1.2513938e+04  -7.2183852e+04
   3.2300000e+01   9.7051484e+03  -1.7048634e+05
   3.2400000e+01  -1.6849430e+04  -2.6543947e+05
   3.2500000e+01  -4.5337387e+04  -3.2814506e+05
   3.2600000e+01  -5.7325520e+04  -3.4793044e+05
   3.2700000e+01  -5.1308910e+04  -3.3452950e+05
   3.2800000e+01  -3.9250172e+04  -3.0374297e+05
   3.2900000e+01  -3.3445672e+04  -2.6325912e+05
   3.3000000e+01  -3.7294602e+04  -2.1196102e+05
   3.3100000e+01  -4.5933211e+04  -1.4917795e+05
   3.3200000e+01  -5.2389000e+04  -8.0327312e+04
   3.3300000e+01  -5.2170762e+04  -1.2381637e+04
   3.3400000e+01  -4.3758445e+04   5.3884609e+04
   3.3500000e+01  -2.7323461e+04   1.2405140e+05
   3.3600000e+01  -4.3765664e+03   2.0084738e+05
   3.3700000e+01   2.1922762e+04   2.7495678e+05
   3.3800000e+01   4.7870430e+04   3.2668278e+05
   3.3900000e+01   7.1865531e+04   3.3941759e+05
   3.4000000e+01   9.5402258e+04   3.1361572e+05
   3.4100000e+01   1.1959253e+05   2.6739947e+05
   3.4200000e+01   1.3980702e+05   2.2139152e+05
   3.4300000e+01   1.4544636e+05   1.8128145e+05
   3.4400000e+01   1.2816570e+05   1.3543202e+05
   3.4500000e+01   9.2024898e+04   7.0422359e+04
   3.4600000e+01   5.4323660e+04  -1.1314242e+04
   3.4700000e+01   3.3780934e+04  -9.0126789e+04
   3.4800000e+01   3.5985328e+04  -1.4524862e+05
   3.4900000e+01   4.9729531e+04  -1.7154512e+05
   3.5000000e+01   5.7213016e+04  -1.8082734e+05
   3.5100000e+01   4.7826332e+04  -1.8875628e+05
   3.5200000e+01   2.3531824e+04  -2.0161511e+05
   3.5300000e+01  -5.9686680e+03  -2.1357050e+05
   3.5400000e+01  -3.0601303e+04  -2.1246873e+05
   3.5500000e+01  -4.3022496e+04  -1.8671822e+05
   3.5600000e+01  -3.8409664e+04  -1.3053390e+05
   3.5700000e+01  -1.5961754e+04  -4.8857371e+04
   3.5800000e+01   1.7179537e+04   4.0480672e+04
   3.5900000e+01   4.5564242e+04   1.1384846e+05
   3.6000000e+01   5.4117453e+04   1.5830344e+05
   3.6100000e+01   4.1721062e+04   1.8459938e+05
   3.6200000e+01   2.6383264e+04   2.2086800e+05
   3.6300000e+01   3.2567906e+04   2.8707459e+05
   3.6400000e+01   6.8405266e+04   3.7152138e+05
   3.6500000e+01   1.1415937e+05   4.3328872e+05
   3.6600000e+01   1.3595402e+05   4.3195419e+05
   3.6700000e+01   1.1430484e+05   3.5920862e+05
   3.6800000e+01   6.0797809e+04   2.4393706e+05
   3.6900000e+01   7.3075547e+03   1.2728719e+05
   3.7000000e+01  -2.0591281e+04   3.2199654e+04
   3.7100000e+01  -2.0551770e+04  -4.5415957e+04
   3.7200000e+01  -8.4261211e+03  -1.2049537e+05
   3.7300000e+01  -1.7237461e+03  -1.9838058e+05
   3.7400000e+01  -8.8772617e+03  -2.7073588e+05
   3.7500000e+01  -2.9425287e+04  -3.2730650e+05
   3.7600000e+01  -5.7632047e+04  -3.6624781e+05
   3.7700000e+01  -8.3454898e+04  -3.9106341e+05
   3.7800000e+01  -9.3935469e+04  -4.0061188e+05
   3.7900000e+01  -8.0123938e+04  -3.8712116e+05
   3.8000000e+01  -4.6369555e+04  -3.4621303e+05
   3.8100000e+01  -1.1584035e+04  -2.8692056e+05
   3.8200000e+01   3.1805781e+03  -2.2844859e+05
   3.8300000e+01  -7.4218555e+03  -1.8552028e+05
   3.8400000e+01  -2.6839500e+04  -1.5758445e+05
   3.8500000e+01  -3.1279555e+04  -1.3317209e+05
   3.8600000e+01  -1.4190066e+04  -1.0405555e+05
   3.8700000e+01   3.4452148e+03  -7.3695250e+04
   3.8800000e+01  -9.7333281e+03  -5.1770008e+04
   3.8900000e+01  -6.5008188e+04  -4.2330781e+04
   3.9000000e+01  -1.3995316e+05  -3.9444105e+04
   3.9100000e+01  -1.9651972e+05  -3.4763617e+04
   3.9200000e+01  -2.1340855e+05  -2.7670908e+04
   3.9300000e+01  -2.0094225e+05  -2.5949340e+04
   3.9400000e+01  -1.8619378e+05  -3.5917461e+04
   3.9500000e+01  -1.8693848e+05  -5.3091000e+04
   3.9600000e+01  -2.0077348e+05  -6.4245926e+04
   3.9700000e+01  -2.1491112e+05  -5.9203492e+04
   3.9800000e+01  -2.1991966e+05  -3.9417914e+04
   3.9900000e+01  -2.1198720e+05  -1.3502467e+04
   4.0000000e+01  -1.8699778e+05   1.5114255e+04
   4.0100000e+01  -1.4001327e+05   5.2958590e+04
   4.0200000e+01  -7.3643523e+04   1.0634375e+05
   4.0300000e+01  -3.2366934e+03   1.6813606e+05
   4.0400000e+01   5.2663969e+04   2.2052647e+05
   4.0500000e+01   9.0553078e+04   2.5551720e+05
   4.0600000e+01   1.2897419e+05   2.9037438e+05
   4.0700000e+01   1.9252986e+05   3.5497625e+05
   4.0800000e+01   2.8504128e+05   4.5805819e+05
   4.0900000e+01   3.7834647e+05   5.6746331e+05
   4.1000000e+01   4.3066750e+05   6.2987575e+05
   4.1100000e+01   4.1978997e+05   6.1440788e+05
   4.1200000e+01   3.6059691e+05   5.3730300e+05
   4.1300000e+01   2.9083303e+05   4.4383672e+05
   4.1400000e+01   2.3940222e+05   3.6767706e+05
   4.1500000e+01   2.0711220e+05   3.0841356e+05
   4.1600000e+01   1.7528981e+05   2.4460705e+05
   4.1700000e+01   1.2940659e+05   1.6218244e+05
   4.1800000e+01   7.2477203e+04   6.7508297e+04
   4.1900000e+01   1.7538504e+04  -2.2866809e+04
   4.2000000e+01  -2.8170863e+04  -9.8336844e+04
   4.2100000e+01  -6.8330867e+04  -1.5786450e+05
   4.2200000e+01  -1.0819534e+05  -2.0205439e+05
   4.2300000e+01  -1.4432052e+05  -2.2824166e+05
   4.2400000e+01  -1.6651306e+05  -2.3609333e+05
   4.2500000e+01  -1.6933169e+05  -2.3473338e+05
   4.2600000e+01  -1.5890994e+05  -2.3838395e+05
   4.2700000e+01  -1.4670092e+05  -2.5184128e+05
   4.2800000e+01  -1.3730545e+05  -2.6239378e+05
   4.2900000e+01  -1.2460069e+05  -2.5078036e+05
   4.3000000e+01  -1.0113114e+05  -2.1255691e+05
   4.3100000e+01  -7.0595625e+04  -1.6704795e+05
   4.3200000e+01  -4.8843562e+04  -1.4239161e+05
   4.3300000e+01  -5.0302391e+04  -1.5101450e+05
   4.3400000e+01  -7.2701789e+04  -1.8070702e+05
   4.3500000e+01  -9.6551461e+04  -2.0929328e+05
   4.3600000e+01  -1.0201806e+05  -2.2552809e+05
   4.3700000e+01  -8.7662250e+04  -2.3444942e+05
   4.3800000e+01  -7.2080531e+04  -2.4539534e+05
   4.3900000e+01  -7.5909688e+04  -2.5994823e+05
   4.4000000e+01  -1.0166360e+05  -2.7328228e+05
   4.4100000e+01  -1.3112550e+05  -2.8338269e+05
   4.4200000e+01  -1.4178523e+05  -2.9353506e+05
   4.4300000e+01  -1.2496239e+05  -3.0445956e+05
   4.4400000e+01  -8.8971836e+04  -3.0757003e+05
   4.4500000e+01  -4.8306586e+04  -2.9032378e+05
   4.4600000e+01  -1.2917586e+04  -2.4948736e+05
   4.4700000e+01   1.3477441e+04  -1.9716077e+05
   4.4800000e+01   3.0782949e+04  -1.5071230e+05
   4.4900000e+01   4.3545125e+04  -1.1487005e+05
   4.5000000e+01   6.3427848e+04  -7.4249883e+04
   4.5100000e+01   1.0394855e+05  -6.6607812e+03
   4.5200000e+01   1.6683967e+05   9.2482547e+04
   4.5300000e+01   2.3368200e+05   1.9806484e+05
   4.5400000e+01   2.7598888e+05   2.7096650e+05
   4.5500000e+01   2.7832656e+05   2.9096269e+05
   4.5600000e+01   2.5294486e+05   2.7623225e+05
   4.5700000e+01   2.3072231e+05   2.6817238e+05
   4.5800000e+01   2.3616247e+05   2.9372159e+05
   4.5900000e+01   2.6882056e+05   3.4141719e+05
   4.6000000e+01   3.0557819e+05   3.7451697e+05
   4.6100000e+01   3.1871238e+05   3.6666047e+05
   4.6200000e+01   2.9394834e+05   3.2348938e+05
   4.6300000e+01   2.3703983e+05   2.7102081e+05
   4.6400000e+01   1.6772277e+05   2.2768686e+05
   4.6500000e+01   1.0672153e+05   1.9134284e+05
   4.6600000e+01   6.3649594e+04   1.5166503e+05
   4.6700000e+01   3.2752277e+04   1.0885815e+05
   4.6800000e+01  -1.0622031e+03   7.5176977e+04
   4.6900000e+01  -5.0519531e+04   5.8818934e+04
   4.7000000e+01  -1.1730926e+05   5.1511141e+04
   4.7100000e+01  -1.9201419e+05   3.6445797e+04
   4.7200000e+01  -2.6099430e+05   8.5136914e+03
   4.7300000e+01  -3.1425769e+05  -1.6818949e+04
   4.7400000e+01  -3.4944825e+05  -1.7833715e+04
   4.7500000e+01  -3.7051822e+05   1.0263918e+04
   4.7600000e+01  -3.8253838e+05   4.8483516e+04
   4.7700000e+01  -3.8635541e+05   7.1339789e+04
   4.7800000e+01  -3.7774172e+05   6.9808031e+04
   4.7900000e+01  -3.5271841e+05   5.5797520e+04
   4.8000000e+01  -3.1432525e+05   4.5033801e+04
   4.8100000e+01  -2.7281138e+05   3.8550465e+04
   4.8200000e+01  -2.3689903e+05   2.2572633e+04
   4.8300000e+01  -2.0427506e+05  -1.5212512e+04
   4.8400000e+01  -1.6269659e+05  -7.2084383e+04
   4.8500000e+01  -1.0305635e+05  -1.3292066e+05
   4.8600000e+01  -3.1909396e+04  -1.8364052e+05
   4.8700000e+01   3.0681451e+04  -2.2022725e+05
   4.8800000e+01   6.7688328e+04  -2.4599475e+05
   4.8900000e+01   7.9941578e+04  -2.6355097e+05
   4.9000000e+01   8.3915625e+04  -2.7177125e+05
   4.9100000e+01   9.4938203e+04  -2.6976653e+05
   4.9200000e+01   1.1389945e+05  -2.6054128e+05
   4.9300000e+01   1.3124908e+05  -2.4784244e+05
   4.9400000e+01   1.4227366e+05  -2.2943069e+05
   4.9500000e+01   1.5479202e+05  -1.9657614e+05
   4.9600000e+01   1.7947869e+05  -1.4354650e+05
   4.9700000e+01   2.1385881e+05  -7.7737875e+04
   4.9800000e+01   2.3955666e+05  -1.7141195e+04
   4.9900000e+01   2.3829125e+05   2.5332250e+04
   5.0000000e+01   2.1079681e+05   5.4740969e+04
   5.0100000e+01   1.7813059e+05   8.8803641e+04
   5.0200000e+01   1.6242422e+05   1.3834998e+05
   5.0300000e+01   1.6558525e+05   1.9407197e+05
   5.0400000e+01   1.6725950e+05   2.3394091e+05
   5.0500000e+01   1.4448539e+05   2.4334358e+05
   5.0600000e+01   9.3943906e+04   2.2708683e+05
   5.0700000e+01   3.5096938e+04   2.0258212e+05
   5.0800000e+01  -8.4949316e+03   1.8353239e+05
   5.0900000e+01  -3.0685307e+04   1.7094655e+05
   5.1000000e+01  -4.5625145e+04   1.5773367e+05
   5.1100000e+01  -7.0056773e+04   1.3876059e+05
   5.1200000e+01  -1.0444291e+05   1.1518774e+05
   5.1300000e+01  -1.3296238e+05   9.0495289e+04
   5.1400000e+01  -1.4147659e+05   6.4809016e+04
   5.1500000e+01  -1.3297638e+05   3.4819164e+04
   5.1600000e+01  -1.2344517e+05  -6.1023828e+02
   5.1700000e+01  -1.2348228e+05  -3.6087238e+04
   5.1800000e+01  -1.2690630e+05  -6.2901609e+04
   5.1900000e+01  -1.1901944e+05  -7.7857453e+04
   5.2000000e+01  -9.4505234e+04  -8.8385547e+04
   5.2100000e+01  -6.4304070e+04  -1.0693183e+05
   5.2200000e+01  -4.4031945e+04  -1.3864384e+05
   5.2300000e+01  -3.7712699e+04  -1.7449108e+05
   5.2400000e+01  -3.5322469e+04  -1.9742038e+05
   5.2500000e+01  -2.6108689e+04  -1.9601367e+05
   5.2600000e+01  -1.1544662e+04  -1.7254609e+05
   5.2700000e+01  -2.9544102e+03  -1.3855059e+05
   5.2800000e+01  -7.2557695e+03  -1.0383356e+05
   5.2900000e+01  -1.8003164e+04  -7.0362414e+04
   5.3000000e+01  -2.2095242e+04  -3.5603629e+04
   5.3100000e+01  -1.3832110e+04   5.4708984e+02
   5.3200000e+01   1.3995508e+02   3.3650031e+04
   5.3300000e+01   9.9197656e+03   5.8932184e+04
   5.3400000e+01   1.3838354e+04   7.5842664e+04
   5.3500000e+01   1.9076395e+04   8.7386539e+04
   5.3600000e+01   3.2311242e+04   9.5744000e+04
   5.3700000e+01   5.2877863e+04   1.0036291e+05
   5.3800000e+01   7.6086500e+04   1.0100990e+05
   5.3900000e+01   1.0059992e+05   1.0076862e+05
   5.4000000e+01   1.2917503e+05   1.0285483e+05
   5.4100000e+01   1.6179934e+05   1.0339648e+05
   5.4200000e+01   1.9098447e+05   9.0310477e+04
   5.4300000e+01   2.0681894e+05   5.4251523e+04
   5.4400000e+01   2.0722119e+05   3.0943711e+03
   5.4500000e+01   2.0173581e+05  -3.7011062e+04
   5.4600000e+01   2.0355152e+05  -4.0454336e+04
   5.4700000e+01   2.1672688e+05  -5.9197266e+03
   5.4800000e+01   2.3063584e+05   3.8823273e+04
   5.4900000e+01   2.2708883e+05   5.8809562e+04
   5.5000000e+01   1.9462205e+05   4.1309375e+04
   5.5100000e+01   1.3859545e+05   4.5877070e+03
   5.5200000e+01   7.8801875e+04  -2.2240957e+04
   5.5300000e+01   3.5590613e+04  -2.7469158e+04
   5.5400000e+01   1.4735158e+04  -2.5025752e+04
   5.5500000e+01   3.3383457e+03  -3.6496273e+04
   5.5600000e+01  -1.9234861e+04  -6.7782375e+04
   5.5700000e+01  -6.4449738e+04  -1.0440952e+05
   5.5800000e+01  -1.2638874e+05  -1.2738030e+05
   5.5900000e+01  -1.8848053e+05  -1.3033415e+05
   5.6000000e+01  -2.3710883e+05  -1.2111245e+05
   5.6100000e+01  -2.6911509e+05  -1.1045809e+05
   5.6200000e+01  -2.8910119e+05  -1.0296156e+05
   5.6300000e+01  -3.0322644e+05  -9.8221047e+04
   5.6400000e+01  -3.1623709e+05  -9.5987398e+04
   5.6500000e+01  -3.3068000e+05  -9.6349641e+04
   5.6600000e+01  -3.4456641e+05  -9.5861500e+04
   5.6700000e+01  -3.4963181e+05  -8.7727906e+04
   5.6800000e+01  -3.3585934e+05  -6.8728523e+04
   5.6900000e+01  -3.0097597e+05  -4.5109734e+04
   5.7000000e+01  -2.5475675e+05  -2.8615840e+04
   5.7100000e+01  -2.1133384e+05  -2.4675520e+04
   5.7200000e+01  -1.7662992e+05  -2.5077426e+04
   5.7300000e+01  -1.4494097e+05  -1.4645207e+04
   5.7400000e+01  -1.0837031e+05   1.2848520e+04
   5.7500000e+01  -6.7474062e+04   4.5416633e+04
   5.7600000e+01  -3.0483895e+04   6.1535418e+04
   5.7700000e+01  -2.9296523e+03   5.0459727e+04
   5.7800000e+01   1.9082414e+04   2.4291953e+04
   5.7900000e+01   4.4081336e+04   7.9431094e+03
   5.8000000e+01   7.5453672e+04   1.5491188e+04
   5.8100000e+01   1.0852186e+05   3.7527395e+04
   5.8200000e+01   1.3723262e+05   5.4048375e+04
   5.8300000e+01   1.6173225e+05   5.9022648e+04
   5.8400000e+01   1.8747955e+05   6.7665000e+04
   5.8500000e+01   2.1660291e+05   9.6309453e+04
   5.8600000e+01   2.4169728e+05   1.3849883e+05
   5.8700000e+01   2.5114408e+05   1.6846447e+05
   5.8800000e+01   2.4333350e+05   1.7150108e+05
   5.8900000e+01   2.3531686e+05   1.6582983e+05
   5.9000000e+01   2.5270497e+05   1.8672911e+05
   5.9100000e+01   3.0500978e+05   2.4720219e+05
   5.9200000e+01   3.6900262e+05   3.1894619e+05
   5.9300000e+01   4.0038794e+05   3.5608800e+05
   5.9400000e+01   3.6805881e+05   3.3644181e+05
   5.9500000e+01   2.8041016e+05   2.7718841e+05
   5.9600000e+01   1.7813456e+05   2.1288755e+05
   5.9700000e+01   1.0028605e+05   1.6413100e+05
   5.9800000e+01   5.6248930e+04   1.2859144e+05
   5.9900000e+01   2.7983322e+04   9.5174922e+04
   6.0000000e+01  -5.0482305e+03   5.8207625e+04
   6.0100000e+01  -4.6188340e+04   1.7207494e+04
   6.0200000e+01  -8.4375086e+04  -2.9696809e+04
   6.0300000e+01  -1.1079653e+05  -8.5183172e+04
   6.0400000e+01  -1.2876673e+05  -1.4565070e+05
   6.0500000e+01  -1.4760545e+05  -1.9912675e+05
   6.0600000e+01  -1.7005812e+05  -2.3322686e+05
   6.0700000e+01  -1.8835344e+05  -2.4544798e+05
   6.0800000e+01  -1.9275867e+05  -2.4555897e+05
   6.0900000e+01  -1.8235308e+05  -2.4835017e+05
   6.1000000e+01  -1.6591134e+05  -2.6318231e+05
   6.1100000e+01  -1.5243695e+05  -2.8791962e+05
   6.1200000e+01  -1.4260792e+05  -3.1107888e+05
   6.1300000e+01  -1.3083830e+05  -3.2070866e+05
   6.1400000e+01  -1.1470856e+05  -3.1333216e+05
   6.1500000e+01  -9.9723758e+04  -2.9509619e+05
   6.1600000e+01  -9.3427766e+04  -2.7376288e+05
   6.1700000e+01  -9.6196000e+04  -2.4981422e+05
   6.1800000e+01  -1.0001002e+05  -2.1664184e+05
   6.1900000e+01  -9.6719172e+04  -1.6984255e+05
   6.2000000e+01  -8.6368258e+04  -1.1488647e+05
   6.2100000e+01  -7.6928414e+04  -6.3945188e+04
   6.2200000e+01  -7.6640594e+04  -2.5035557e+04
   6.2300000e+01  -8.6787500e+04   4.6759180e+03
   6.2400000e+01  -1.0029270e+05   3.4367906e+04
   6.2500000e+01  -1.0564849e+05   6.9041828e+04
   6.2600000e+01  -9.3032305e+04   1.0403512e+05
   6.2700000e+01  -5.9986469e+04   1.2947110e+05
   6.2800000e+01  -1.4338297e+04   1.3893558e+05
   6.2900000e+01   2.8090238e+04   1.3325280e+05
   6.3000000e+01   5.1647809e+04   1.1716409e+05
   6.3100000e+01   5.1500773e+04   9.5355062e+04
   6.3200000e+01   3.9819234e+04   7.3756164e+04
   6.3300000e+01   4.1000676e+04   6.2672137e+04
   6.3400000e+01   7.5641992e+04   7.2867391e+04
   6.3500000e+01   1.4270808e+05   1.0393855e+05
   6.3600000e+01   2.1490281e+05   1.3772727e+05
   6.3700000e+01   2.5524044e+05   1.4928816e+05
   6.3800000e+01   2.4488512e+05   1.2958997e+05
   6.3900000e+01   1.9902727e+05   9.7582188e+04
   6.4000000e+01   1.5484956e+05   8.6412188e+04
   6.4100000e+01   1.4039059e+05   1.1467242e+05
   6.4200000e+01   1.5206059e+05   1.7006795e+05
   6.4300000e+01   1.6136734e+05   2.2077675e+05
   6.4400000e+01   1.4362059e+05   2.4214120e+05
   6.4500000e+01   1.0047988e+05   2.3288464e+05
   6.4600000e+01   5.5354445e+04   2.0836197e+05
   6.4700000e+01   2.8398742e+04   1.8193136e+05
   6.4800000e+01   1.7666447e+04   1.5449062e+05
   6.4900000e+01   4.9758765e+03   1.1992953e+05
   6.5000000e+01  -2.1573762e+04   7.6419195e+04
   6.5100000e+01  -5.3382398e+04   2.9277340e+04
   6.5200000e+01  -7.0268164e+04  -1.6677941e+04
   6.5300000e+01  -6.2110312e+04  -6.3998188e+04
   6.5400000e+01  -3.9848953e+04  -1.1856959e+05
   6.5500000e+01  -2.4890348e+04  -1.7878452e+05
   6.5600000e+01  -2.9040793e+04  -2.3188647e+05
   6.5700000e+01  -4.5743836e+04  -2.6390694e+05
   6.5800000e+01  -5.9767180e+04  -2.7285200e+05
   6.5900000e+01  -6.2968133e+04  -2.6957800e+05
   6.6000000e+01  -5.9430832e+04  -2.6471494e+05
   6.6100000e+01  -5.7013984e+04  -2.5673020e+05
   6.6200000e+01  -5.7423973e+04  -2.3512050e+05
   6.6300000e+01  -5.6655203e+04  -1.9480683e+05
   6.6400000e+01  -5.3722875e+04  -1.4471972e+05
   6.6500000e+01  -5.5265348e+04  -1.0062355e+05
   6.6600000e+01  -6.9143297e+04  -7.0312195e+04
   6.6700000e+01  -9.4464883e+04  -4.7287977e+04
   6.6800000e+01  -1.2056292e+05  -1.9105537e+04
   6.6900000e+01  -1.3677956e+05   1.8869053e+04
   6.7000000e+01  -1.4181730e+05   5.8140672e+04
   6.7100000e+01  -1.4237592e+05   8.4789734e+04
   6.7200000e+01  -1.4414438e+05   9.2121914e+04
   6.7300000e+01  -1.4651255e+05   8.6092047e+04
   6.7400000e+01  -1.4567428e+05   7.8871523e+04
   6.7500000e+01  -1.3943033e+05   7.7722445e+04
   6.7600000e+01  -1.2653448e+05   8.0901312e+04
   6.7700000e+01  -1.0326452e+05   8.4327805e+04
   6.7800000e+01  -6.5080543e+04   8.9930406e+04
   6.7900000e+01  -1.3951277e+04   1.0371834e+05
   6.8000000e+01   3.7752305e+04   1.2409384e+05
   6.8100000e+01   7.4227781e+04   1.3541445e+05
   6.8200000e+01   8.9517867e+04   1.1930536e+05
   6.8300000e+01   9.4313156e+04   7.5844234e+04
   6.8400000e+01   1.0857530e+05   3.1053730e+04
   6.8500000e+01   1.4531033e+05   1.7611355e+04
   6.8600000e+01   1.9898422e+05   4.4730848e+04
   6.8700000e+01   2.4835364e+05   8.8475016e+04
   6.8800000e+01   2.7167866e+05   1.1470680e+05
   6.8900000e+01   2.6222722e+05   1.1172064e+05
   6.9000000e+01   2.3171453e+05   9.7892156e+04
   6.9100000e+01   1.9937469e+05   9.6714281e+04
   6.9200000e+01   1.7660803e+05   1.0799617e+05
   6.9300000e+01   1.6057703e+05   1.0801816e+05
   6.9400000e+01   1.4111397e+05   7.7957461e+04
   6.9500000e+01   1.1240007e+05   2.7598934e+04
   6.9600000e+01   7.7175914e+04  -1.2579922e+04
   6.9700000e+01   4.0467664e+04  -2.1552168e+04
   6.9800000e+01   1.7452871e+03  -6.9734961e+03
   6.9900000e+01  -4.4309547e+04   4.9678750e+03
   7.0000000e+01  -9.9007570e+04  -5.4330195e+03
   7.0100000e+01  -1.5365020e+05  -3.8549055e+04
   7.0200000e+01  -1.9457956e+05  -8.3183984e+04
   7.0300000e+01  -2.1473061e+05  -1.2997730e+05
   7.0400000e+01  -2.1904292e+05  -1.7453636e+05
   7.0500000e+01  -2.1768064e+05  -2.1198669e+05
   7.0600000e+01  -2.1498509e+05  -2.3544462e+05
   7.0700000e+01  -2.0692956e+05  -2.4247650e+05
   7.0800000e+01  -1.8953392e+05  -2.3998302e+05
   7.0900000e+01  -1.6741653e+05  -2.3849378e+05
   7.1000000e+01  -1.5144688e+05  -2.4073244e+05
   7.1100000e+01  -1.4764475e+05  -2.3791309e+05
   7.1200000e+01  -1.5015884e+05  -2.1897031e+05
   7.1300000e+01  -1.4652470e+05  -1.8272759e+05
   7.1400000e+01  -1.2927629e+05  -1.3942580e+05
   7.1500000e+01  -1.0132673e+05  -1.0027777e+05
   7.1600000e+01  -7.0628430e+04  -6.7055844e+04
   7.1700000e+01  -4.1843988e+04  -3.2749547e+04
   7.1800000e+01  -1.4483163e+04   8.8863057e+03
   7.1900000e+01   1.2555402e+04   5.6586516e+04
   7.2000000e+01   3.7959094e+04   1.0474198e+05
   7.2100000e+01   6.0886000e+04   1.5140284e+05
   7.2200000e+01   8.4670875e+04   2.0059902e+05
   7.2300000e+01   1.1403394e+05   2.5534550e+05
   7.2400000e+01   1.4732794e+05   3.0880828e+05
   7.2500000e+01   1.7417308e+05   3.4453281e+05
   7.2600000e+01   1.8488738e+05   3.4849206e+05
   7.2700000e+01   1.8379428e+05   3.2322512e+05
   7.2800000e+01   1.9051591e+05   2.8960841e+05
   7.2900000e+01   2.2359212e+05   2.7129225e+05
   7.3000000e+01   2.8025631e+05   2.7368016e+05
   7.3100000e+01   3.3321147e+05   2.7713541e+05
   7.3200000e+01   3.5005900e+05   2.5267856e+05
   7.3300000e+01   3.1858156e+05   1.8710419e+05
   7.3400000e+01   2.5509969e+05   9.4822188e+04
   7.3500000e+01   1.8962527e+05   6.3941641e+03
   7.3600000e+01   1.4276997e+05  -5.4426520e+04
   7.3700000e+01   1.1439329e+05  -8.4710672e+04
   7.3800000e+01   9.0482633e+04  -9.8354086e+04
   7.3900000e+01   5.8349223e+04  -1.1206214e+05
   7.4000000e+01   1.5882167e+04  -1.3493920e+05
   7.4100000e+01  -3.0719359e+04  -1.6747183e+05
   7.4200000e+01  -7.4991383e+04  -2.0571439e+05
   7.4300000e+01  -1.1464753e+05  -2.4424209e+05
   7.4400000e+01  -1.4908683e+05  -2.7636388e+05
   7.4500000e+01  -1.7528636e+05  -2.9475688e+05
   7.4600000e+01  -1.8901477e+05  -2.9474588e+05
   7.4700000e+01  -1.9070997e+05  -2.7768950e+05
   7.4800000e+01  -1.8769386e+05  -2.4994828e+05
   7.4900000e+01  -1.8746919e+05  -2.1733975e+05
   7.5000000e+01  -1.8861317e+05  -1.8107034e+05
   7.5100000e+01  -1.8128659e+05  -1.4031292e+05
   7.5200000e+01  -1.5929064e+05  -9.8266023e+04
   7.5300000e+01  -1.3062826e+05  -6.3084691e+04
   7.5400000e+01  -1.1299597e+05  -4.1110586e+04
   7.5500000e+01  -1.1731678e+05  -3.0724643e+04
   7.5600000e+01  -1.3695555e+05  -2.5739463e+04
   7.5700000e+01  -1.5458194e+05  -2.4827172e+04
   7.5800000e+01  -1.5902930e+05  -3.4014344e+04
   7.5900000e+01  -1.5396156e+05  -5.7040273e+04
   7.6000000e+01  -1.5036188e+05  -8.5009938e+04
   7.6100000e+01  -1.5294223e+05  -1.0017934e+05
   7.6200000e+01  -1.5575389e+05  -9.2321289e+04
   7.6300000e+01  -1.5004856e+05  -6.9400750e+04
   7.6400000e+01  -1.3314905e+05  -4.8888773e+04
   7.6500000e+01  -1.0731833e+05  -3.7991930e+04
   7.6600000e+01  -7.1558320e+04  -2.4798785e+04
   7.6700000e+01  -1.9748770e+04   8.6809492e+03
   7.6800000e+01   4.8617102e+04   6.4665547e+04
   7.6900000e+01   1.1708332e+05   1.2281622e+05
   7.7000000e+01   1.5880311e+05   1.5792630e+05
   7.7100000e+01   1.6162298e+05   1.6608483e+05
   7.7200000e+01   1.4684719e+05   1.7265258e+05
   7.7300000e+01   1.5598366e+05   2.1121258e+05
   7.7400000e+01   2.1151095e+05   2.9100681e+05
   7.7500000e+01   2.8974906e+05   3.8370994e+05
   7.7600000e+01   3.3708462e+05   4.4388800e+05
   7.7700000e+01   3.1733019e+05   4.4545831e+05
   7.7800000e+01   2.4411095e+05   4.0050712e+05
   7.7900000e+01   1.6640194e+05   3.4402631e+05
   7.8000000e+01   1.2307278e+05   3.0150809e+05
   7.8100000e+01   1.1198175e+05   2.7146159e+05
   7.8200000e+01   1.0075426e+05   2.3676194e+05
   7.8300000e+01   6.2957602e+04   1.8818388e+05
   7.8400000e+01   1.7574922e+03   1.3357011e+05
   7.8500000e+01  -5.8134855e+04   8.5492969e+04
   7.8600000e+01  -9.5560180e+04   4.5139301e+04
   7.8700000e+01  -1.0781230e+05   2.4978789e+03
   7.8800000e+01  -1.0512139e+05  -4.8117484e+04
   7.8900000e+01  -9.7443219e+04  -9.7115602e+04
   7.9000000e+01  -8.9760531e+04  -1.2795097e+05
   7.9100000e+01  -8.6607719e+04  -1.3630136e+05
   7.9200000e+01  -9.3981211e+04  -1.3758416e+05
   7.9300000e+01  -1.1248969e+05  -1.5221403e+05
   7.9400000e+01  -1.3045273e+05  -1.8332025e+05
   7.9500000e+01  -1.2904741e+05  -2.1168714e+05
   7.9600000e+01  -9.7981031e+04  -2.1500234e+05
   7.9700000e+01  -4.6262219e+04  -1.9181405e+05
   7.9800000e+01   3.6968125e+03  -1.6461528e+05
   7.9900000e+01   3.2841082e+04  -1.5844938e+05
   8.0000000e+01   3.6495531e+04  -1.7753022e+05
   8.0100000e+01   2.1075895e+04  -2.0399319e+05
   8.0200000e+01  -5.9811836e+03  -2.1859195e+05
   8.0300000e+01  -4.0490621e+04  -2.2002109e+05
   8.0400000e+01  -7.7522367e+04  -2.2268050e+05
   8.0500000e+01  -1.0774927e+05  -2.3748797e+05
   8.0600000e+01  -1.2136230e+05  -2.5838667e+05
   8.0700000e+01  -1.1604886e+05  -2.6883434e+05
   8.0800000e+01  -9.9439688e+04  -2.5882108e+05
   8.0900000e+01  -8.2221508e+04  -2.3208814e+05
   8.1000000e+01  -6.8728086e+04  -1.9721012e+05
   8.1100000e+01  -5.5041738e+04  -1.5672084e+05
   8.1200000e+01  -3.6550359e+04  -1.0941299e+05
   8.1300000e+01  -1.5895457e+04  -6.1277660e+04
   8.1400000e+01  -6.5427344e+02  -2.6553871e+04
   8.1500000e+01   8.6115273e+03  -1.2291857e+04
   8.1600000e+01   2.6065773e+04  -4.0724414e+03
   8.1700000e+01   7.0986602e+04   2.5384258e+04
   8.1800000e+01   1.4558109e+05   8.8336312e+04
   8.1900000e+01   2.2250517e+05   1.6421394e+05
   8.2000000e+01   2.6004928e+05   2.1417466e+05
   8.2100000e+01   2.3649833e+05   2.1572006e+05
   8.2200000e+01   1.7245345e+05   1.8251866e+05
   8.2300000e+01   1.1710320e+05   1.5026695e+05
   8.2400000e+01   1.0789308e+05   1.4475905e+05
   8.2500000e+01   1.3998269e+05   1.6366911e+05
   8.2600000e+01   1.7384681e+05   1.8530294e+05
   8.2700000e+01   1.7296511e+05   1.9017908e+05
   8.2800000e+01   1.3494427e+05   1.7401739e+05
   8.2900000e+01   8.7578125e+04   1.4513581e+05
   8.3000000e+01   5.7650527e+04   1.1473518e+05
   8.3100000e+01   4.6730344e+04   9.0331891e+04
   8.3200000e+01   3.7322312e+04   7.4816977e+04
   8.3300000e+01   1.7725488e+04   6.7761367e+04
   8.3400000e+01  -5.3038066e+03   6.6032383e+04
   8.3500000e+01  -1.9266393e+04   6.4049398e+04
   8.3600000e+01  -2.5195449e+04   5.5698152e+04
   8.3700000e+01  -3.7857891e+04   3.8458781e+04
   8.3800000e+01  -6.7049562e+04   1.6941125e+04
   8.3900000e+01  -1.0472317e+05   1.4019844e+03
   8.4000000e+01  -1.3455481e+05   3.3007812e+02
   8.4100000e+01  -1.5126467e+05   1.2812430e+04
   8.4200000e+01  -1.6511342e+05   2.8498453e+04
   8.4300000e+01  -1.8691322e+05   3.6103699e+04
   8.4400000e+01  -2.1331866e+05   3.2063426e+04
   8.4500000e+01  -2.3003978e+05   2.0533832e+04
   8.4600000e+01  -2.2735239e+05   5.9846914e+03
   8.4700000e+01  -2.0899133e+05  -1.1829457e+04
   8.4800000e+01  -1.8646036e+05  -3.4543070e+04
   8.4900000e+01  -1.6822162e+05  -5.8871102e+04
   8.5000000e+01  -1.5542877e+05  -7.6714148e+04
   8.5100000e+01  -1.4469447e+05  -8.2401523e+04
   8.5200000e+01  -1.3119569e+05  -7.8012312e+04
   8.5300000e+01  -1.0935895e+05  -7.0068234e+04
   8.5400000e+01  -7.4340719e+04  -6.2306457e+04
   8.5500000e+01  -2.6434779e+04  -5.4168805e+04
   8.5600000e+01   2.5112695e+04  -4.6183953e+04
   8.5700000e+01   6.4631758e+04  -4.3132391e+04
   8.5800000e+01   8.0207344e+04  -4.8430461e+04
   8.5900000e+01   7.5059789e+04  -5.6000434e+04
   8.6000000e+01   6.9317086e+04  -5.1770281e+04
   8.6100000e+01   8.6532797e+04  -2.6684609e+04
   8.6200000e+01   1.3318750e+05   1.1544840e+04
   8.6300000e+01   1.8987394e+05   4.1527305e+04
   8.6400000e+01   2.2566780e+05   4.4937141e+04
   8.6500000e+01   2.2487706e+05   2.1988418e+04
   8.6600000e+01   2.0064500e+05  -7.7106641e+03
   8.6700000e+01   1.8146480e+05  -1.8951160e+04
   8.6800000e+01   1.8423720e+05   1.6024805e+03
   8.6900000e+01   2.0080864e+05   4.6179266e+04
   8.7000000e+01   2.0931095e+05   9.0641500e+04
   8.7100000e+01   1.9565691e+05   1.1066027e+05
   8.7200000e+01   1.6303642e+05   9.9109281e+04
   8.7300000e+01   1.2360277e+05   7.1501906e+04
   8.7400000e+01   8.5582867e+04   5.3534715e+04
   8.7500000e+01   5.0315680e+04   5.9878094e+04
   8.7600000e+01   1.9253807e+04   8.2586883e+04
   8.7700000e+01  -9.5094141e+02   9.9414305e+04
   8.7800000e+01  -3.7671768e+03   9.3436211e+04
   8.7900000e+01   6.7229707e+03   6.5354422e+04
   8.8000000e+01   1.3572518e+04   2.8913600e+04
   8.8100000e+01  -1.0329844e+03  -2.9916289e+03
   8.8200000e+01  -3.9662633e+04  -2.7280400e+04
   8.8300000e+01  -8.6380250e+04  -4.8959867e+04
   8.8400000e+01  -1.2118720e+05  -7.4380242e+04
   8.8500000e+01  -1.3789327e+05  -1.0706125e+05
   8.8600000e+01  -1.4696341e+05  -1.4720273e+05
   8.8700000e+01  -1.6144178e+05  -1.9144759e+05
   8.8800000e+01  -1.8244069e+05  -2.3210277e+05
   8.8900000e+01  -1.9965816e+05  -2.5928783e+05
   8.9000000e+01  -2.0428017e+05  -2.6755597e+05
   8.9100000e+01  -1.9859156e+05  -2.6155677e+05
   8.9200000e+01  -1.9257878e+05  -2.5295578e+05
   8.9300000e+01  -1.9320844e+05  -2.4881827e+05
   8.9400000e+01  -1.9848369e+05  -2.4245031e+05
   8.9500000e+01  -2.0101828e+05  -2.1765044e+05
   8.9600000e+01  -1.9563189e+05  -1.6397003e+05
   8.9700000e+01  -1.8315188e+05  -8.8085609e+04
   8.9800000e+01  -1.6802461e+05  -9.7323799e+03
   8.9900000e+01  -1.5328386e+05   5.3243332e+04
   9.0000000e+01  -1.3774244e+05   9.5642406e+04
   9.0100000e+01  -1.1720777e+05   1.2290030e+05
   9.0200000e+01  -8.7681945e+04   1.4217662e+05
   9.0300000e+01  -4.7500230e+04   1.5758167e+05
   9.0400000e+01   2.3301182e+03   1.7228742e+05
   9.0500000e+01   5.7966930e+04   1.9070275e+05
   9.0600000e+01   1.1197491e+05   2.1489319e+05
   9.0700000e+01   1.5406142e+05   2.3864352e+05
   9.0800000e+01   1.7570300e+05   2.4802780e+05
   9.0900000e+01   1.7700116e+05   2.3191088e+05
   9.1000000e+01   1.6974420e+05   1.9442364e+05
   9.1100000e+01   1.7163062e+05   1.5609678e+05
   9.1200000e+01   1.9366175e+05   1.3862828e+05
   9.1300000e+01   2.3012402e+05   1.4480241e+05
   9.1400000e+01   2.6089672e+05   1.5348191e+05
   9.1500000e+01   2.6661100e+05   1.3782953e+05
   9.1600000e+01   2.4495375e+05   9.1346656e+04
   9.1700000e+01   2.1307288e+05   3.5706621e+04
   9.1800000e+01   1.9250730e+05   1.3061973e+03
   9.1900000e+01   1.9010944e+05   1.3507812e+01
   9.2000000e+01   1.9322095e+05   1.7922246e+04
   9.2100000e+01   1.8314928e+05   3.3533617e+04
   9.2200000e+01   1.5229586e+05   3.9058047e+04
   9.2300000e+01   1.0785004e+05   4.1563531e+04
   9.2400000e+01   6.1134008e+04   4.6505695e+04
   9.2500000e+01   1.7047684e+04   4.6767992e+04
   9.2600000e+01  -2.4967363e+04   3.1285135e+04
   9.2700000e+01  -6.2949406e+04   1.3466328e+03
   9.2800000e+01  -9.0130367e+04  -2.7293602e+04
   9.2900000e+01  -1.0210854e+05  -4.0524062e+04
   9.3000000e+01  -1.0377878e+05  -4.1494805e+04
   9.3100000e+01  -1.0586723e+05  -4.7438910e+04
   9.3200000e+01  -1.1388280e+05  -7.1511555e+04
   9.3300000e+01  -1.2231577e+05  -1.0996323e+05
   9.3400000e+01  -1.2151277e+05  -1.4722572e+05
   9.3500000e+01  -1.0998617e+05  -1.7097273e+05
   9.3600000e+01  -9.8008953e+04  -1.8066195e+05
   9.3700000e+01  -9.7416125e+04  -1.8369259e+05
   9.3800000e+01  -1.0789978e+05  -1.8712978e+05
   9.3900000e+01  -1.1489128e+05  -1.9387423e+05
   9.4000000e+01  -1.0260368e+05  -2.0327778e+05
   9.4100000e+01  -6.9767484e+04  -2.1164553e+05
   9.4200000e+01  -3.2179445e+04  -2.1231012e+05
   9.4300000e+01  -9.4361055e+03  -1.9879305e+05
   9.4400000e+01  -9.1487246e+03  -1.7064761e+05
   9.4500000e+01  -2.3501742e+04  -1.3556411e+05
   9.4600000e+01  -3.9165766e+04  -1.0320155e+05
   9.4700000e+01  -4.8338539e+04  -7.5368148e+04
   9.4800000e+01  -5.0380711e+04  -4.2618281e+04
   9.4900000e+01  -4.6298902e+04   7.9823291e+03
   9.5000000e+01  -3.5899605e+04   7.9858812e+04
   9.5100000e+01  -2.1354398e+04   1.6003656e+05
   9.5200000e+01  -1.0219820e+04   2.2540362e+05
   9.5300000e+01  -1.0079844e+04   2.5916234e+05
   9.5400000e+01  -1.7762656e+04   2.6568919e+05
   9.5500000e+01  -1.5602773e+04   2.7043744e+05
   9.5600000e+01   1.6970020e+04   3.0072706e+05
   9.5700000e+01   8.3648195e+04   3.5988316e+05
   9.5800000e+01   1.6154884e+05   4.1769938e+05
   9.5900000e+01   2.1393044e+05   4.3043275e+05
   9.6000000e+01   2.1791778e+05   3.7684188e+05
   9.6100000e+01   1.8411628e+05   2.7807288e+05
   9.6200000e+01   1.4954628e+05   1.8119656e+05
   9.6300000e+01   1.4827166e+05   1.2078409e+05
   9.6400000e+01   1.8482038e+05   9.4728359e+04
   9.6500000e+01   2.3337491e+05   7.5252719e+04
   9.6600000e+01   2.6169659e+05   3.9897461e+04
   9.6700000e+01   2.5631275e+05  -1.0200531e+04
   9.6800000e+01   2.2703753e+05  -5.8975793e+04
   9.6900000e+01   1.9156216e+05  -9.5049453e+04
   9.7000000e+01   1.5953602e+05  -1.1899658e+05
   9.7100000e+01   1.3117109e+05  -1.3474500e+05
   9.7200000e+01   1.0600320e+05  -1.4083752e+05
   9.7300000e+01   8.7148438e+04  -1.3359488e+05
   9.7400000e+01   7.5799625e+04  -1.1620230e+05
   9.7500000e+01   6.5464398e+04  -9.9933352e+04
   9.7600000e+01   4.6125340e+04  -9.4524766e+04
   9.7700000e+01   1.5139008e+04  -9.8801891e+04
   9.7800000e+01  -1.7929820e+04  -1.0277978e+05
   9.7900000e+01  -3.9195539e+04  -9.9600500e+04
   9.8000000e+01  -4.3628305e+04  -9.4931969e+04
   9.8100000e+01  -4.0411188e+04  -1.0382325e+05
   9.8200000e+01  -4.5440250e+04  -1.3730759e+05
   9.8300000e+01  -6.8158781e+04  -1.9118422e+05
   9.8400000e+01  -1.0441400e+05  -2.4787577e+05
   9.8500000e+01  -1.4106547e+05  -2.9004206e+05
   9.8600000e+01  -1.6786038e+05  -3.1303425e+05
   9.8700000e+01  -1.8596412e+05  -3.2432966e+05
   9.8800000e+01  -2.0541906e+05  -3.3177662e+05
   9.8900000e+01  -2.3391277e+05  -3.3434878e+05
   9.9000000e+01  -2.6778931e+05  -3.2523156e+05
   9.9100000e+01  -2.9415022e+05  -3.0162266e+05
   9.9200000e+01  -3.0139625e+05  -2.6778169e+05
   9.9300000e+01  -2.8725091e+05  -2.2803995e+05
   9.9400000e+01  -2.5775475e+05  -1.8132353e+05
   9.9500000e+01  -2.2142814e+05  -1.2709539e+05
   9.9600000e+01  -1.8543578e+05  -7.4876641e+04
   9.9700000e+01  -1.5371467e+05  -4.0589852e+04
   9.9800000e+01  -1.2445043e+05  -2.9917955e+04
   9.9900000e+01  -9.1330648e+04  -3.1748385e+04
   1.0000000e+02  -5.2293066e+04  -3.3962703e+04
