   1.1851270e+02   3.6301420e+01   1.8450000e+02
   1.1962830e+02   3.6601585e+01   9.8000000e+00
   0.0000000e+00   5.1852053e+05   5.1852053e+05
   1.0000000e-01   5.6610444e+05   4.4961416e+05
   2.0000000e-01   5.8638525e+05   3.7068356e+05
   3.0000000e-01   5.8406362e+05   2.9014372e+05
   4.0000000e-01   5.7126912e+05   2.0999725e+05
   5.0000000e-01   5.5778650e+05   1.2883055e+05
   6.0000000e-01   5.4292938e+05   4.6891367e+04
   7.0000000e-01   5.1587094e+05  -3.1604359e+04
   8.0000000e-01   4.6447797e+05  -9.9522750e+04
   9.0000000e-01   3.8649378e+05  -1.4900809e+05
   1.0000000e+00   2.9489672e+05  -1.7391767e+05
   1.1000000e+00   2.1194875e+05  -1.7316122e+05
   1.2000000e+00   1.5361631e+05  -1.5361753e+05
   1.3000000e+00   1.1510924e+05  -1.2850383e+05
   1.4000000e+00   7.1398727e+04  -1.0953721e+05
   1.5000000e+00  -3.5063938e+03  -9.8592477e+04
   1.6000000e+00  -1.1278418e+05  -8.7956641e+04
   1.7000000e+00  -2.3070952e+05  -7.1040148e+04
   1.8000000e+00  -3.2214081e+05  -5.3630305e+04
   1.9000000e+00  -3.7055844e+05  -5.3237078e+04
   2.0000000e+00  -3.8840556e+05  -8.5551430e+04
   2.1000000e+00  -4.0124162e+05  -1.5078564e+05
   2.2000000e+00  -4.2336516e+05  -2.3315695e+05
   2.3000000e+00  -4.4895591e+05  -3.1306538e+05
   2.4000000e+00  -4.6406919e+05  -3.7891866e+05
   2.5000000e+00  -4.6334356e+05  -4.2794316e+05
   2.6000000e+00  -4.5397994e+05  -4.5890988e+05
   2.7000000e+00  -4.4624097e+05  -4.6792362e+05
   2.8000000e+00  -4.4337809e+05  -4.5213753e+05
   2.9000000e+00  -4.4104344e+05  -4.1472500e+05
   3.0000000e+00  -4.3406288e+05  -3.6309672e+05
   3.1000000e+00  -4.2190972e+05  -3.0237078e+05
   3.2000000e+00  -4.0781284e+05  -2.3302283e+05
   3.3000000e+00  -3.9327447e+05  -1.5543661e+05
   3.4000000e+00  -3.7323516e+05  -7.3800031e+04
   3.5000000e+00  -3.3666775e+05   7.0551313e+03
   3.6000000e+00  -2.7401891e+05   8.6728469e+04
   3.7000000e+00  -1.8694827e+05   1.6664953e+05
   3.8000000e+00  -9.1134234e+04   2.4130739e+05
   3.9000000e+00  -6.6819805e+03   2.9638641e+05
   4.0000000e+00   5.7120227e+04   3.2035844e+05
   4.1000000e+00   1.0785765e+05   3.1758144e+05
   4.2000000e+00   1.5987261e+05   3.0571125e+05
   4.3000000e+00   2.1832869e+05   2.9796444e+05
   4.4000000e+00   2.7440541e+05   2.8999216e+05
   4.5000000e+00   3.1566894e+05   2.6657478e+05
   4.6000000e+00   3.3873472e+05   2.2002286e+05
   4.7000000e+00   3.5082738e+05   1.5923353e+05
   4.8000000e+00   3.6168634e+05   1.0090779e+05
   4.9000000e+00   3.7723603e+05   5.5109215e+04
   5.0000000e+00   4.0001094e+05   2.0841504e+04
   5.1000000e+00   4.3020453e+05  -7.2657925e+03
   5.2000000e+00   4.6221006e+05  -3.1844992e+04
   5.3000000e+00   4.8228903e+05  -5.1947543e+04
   5.4000000e+00   4.7599825e+05  -6.5099297e+04
   5.5000000e+00   4.4215325e+05  -6.7649031e+04
   5.6000000e+00   3.9808847e+05  -5.5329852e+04
   5.7000000e+00   3.6638828e+05  -2.7608367e+04
   5.8000000e+00   3.5287147e+05   7.4719707e+03
   5.9000000e+00   3.3760512e+05   3.5731449e+04
   6.0000000e+00   2.9012231e+05   4.7548113e+04
   6.1000000e+00   1.9644959e+05   4.6850742e+04
   6.2000000e+00   7.3044234e+04   4.7934262e+04
   6.3000000e+00  -4.5715656e+04   6.1823730e+04
   6.4000000e+00  -1.3535831e+05   8.5191547e+04
   6.5000000e+00  -1.9926758e+05   1.0236987e+05
   6.6000000e+00  -2.6079508e+05   9.8007750e+04
   6.7000000e+00  -3.3719066e+05   6.8664383e+04
   6.8000000e+00  -4.1941594e+05   2.4350742e+04
   6.9000000e+00  -4.7653944e+05  -1.9496363e+04
   7.0000000e+00  -4.8129144e+05  -5.2669570e+04
   7.1000000e+00  -4.3429809e+05  -7.6420078e+04
   7.2000000e+00  -3.6554819e+05  -1.0151170e+05
   7.3000000e+00  -3.1171094e+05  -1.3880255e+05
   7.4000000e+00  -2.8881628e+05  -1.8824433e+05
   7.5000000e+00  -2.8293234e+05  -2.3517081e+05
   7.6000000e+00  -2.6507816e+05  -2.5863842e+05
   7.7000000e+00  -2.1637252e+05  -2.4630408e+05
   7.8000000e+00  -1.4285112e+05  -2.0342520e+05
   7.9000000e+00  -6.9925203e+04  -1.4831709e+05
   8.0000000e+00  -2.2885830e+04  -9.8869445e+04
   8.1000000e+00  -8.7797734e+03  -6.1710688e+04
   8.2000000e+00  -1.1965359e+04  -3.1084270e+04
   8.3000000e+00  -5.3992676e+03   4.5675137e+03
   8.4000000e+00   3.0465676e+04   5.4234023e+04
   8.5000000e+00   9.3991453e+04   1.1824383e+05
   8.6000000e+00   1.6337445e+05   1.8660916e+05
   8.7000000e+00   2.1181342e+05   2.4342856e+05
   8.8000000e+00   2.2579059e+05   2.7602966e+05
   8.9000000e+00   2.1290358e+05   2.8252066e+05
   9.0000000e+00   1.9391969e+05   2.7108806e+05
   9.1000000e+00   1.8598011e+05   2.5165862e+05
   9.2000000e+00   1.8980477e+05   2.2790855e+05
   9.3000000e+00   1.8958350e+05   1.9619836e+05
   9.4000000e+00   1.6502661e+05   1.5014294e+05
   9.5000000e+00   1.0751098e+05   8.5496422e+04
   9.6000000e+00   2.9353395e+04   3.3614058e+03
   9.7000000e+00  -4.1899918e+04  -8.7027406e+04
   9.8000000e+00  -8.2608195e+04  -1.6742439e+05
   9.9000000e+00  -9.1683758e+04  -2.1636200e+05
   1.0000000e+01  -9.1470305e+04  -2.2182150e+05
   1.0100000e+01  -1.0726249e+05  -1.9151333e+05
   1.0200000e+01  -1.4290348e+05  -1.4956578e+05
   1.0300000e+01  -1.7611242e+05  -1.1956971e+05
   1.0400000e+01  -1.7898308e+05  -1.0757431e+05
   1.0500000e+01  -1.4392625e+05  -9.9713219e+04
   1.0600000e+01  -9.0081922e+04  -7.5929477e+04
   1.0700000e+01  -4.5430984e+04  -2.7292035e+04
   1.0800000e+01  -2.3387531e+04   3.7102492e+04
   1.0900000e+01  -1.5582770e+04   9.7228539e+04
   1.1000000e+01  -4.6352959e+03   1.3576772e+05
   1.1100000e+01   1.7783785e+04   1.4794709e+05
   1.1200000e+01   4.4336652e+04   1.4196127e+05
   1.1300000e+01   6.0734863e+04   1.3105926e+05
   1.1400000e+01   5.9945816e+04   1.2307496e+05
   1.1500000e+01   4.8982750e+04   1.1441834e+05
   1.1600000e+01   4.3427324e+04   9.2652125e+04
   1.1700000e+01   5.5578086e+04   4.5812062e+04
   1.1800000e+01   8.6278367e+04  -2.8211170e+04
   1.1900000e+01   1.2570169e+05  -1.1843033e+05
   1.2000000e+01   1.6057841e+05  -2.0493759e+05
   1.2100000e+01   1.8188203e+05  -2.6746834e+05
   1.2200000e+01   1.8887100e+05  -2.9437053e+05
   1.2300000e+01   1.8816770e+05  -2.8828353e+05
   1.2400000e+01   1.8802409e+05  -2.6471975e+05
   1.2500000e+01   1.9041595e+05  -2.4197495e+05
   1.2600000e+01   1.8727831e+05  -2.2743520e+05
   1.2700000e+01   1.6630717e+05  -2.1117038e+05
   1.2800000e+01   1.2299954e+05  -1.7431222e+05
   1.2900000e+01   6.7032414e+04  -1.0714762e+05
   1.3000000e+01   1.4740188e+04  -2.1587480e+04
   1.3100000e+01  -2.5807291e+04   5.4021680e+04
   1.3200000e+01  -6.1337402e+04   9.4740188e+04
   1.3300000e+01  -1.0418914e+05   9.7431156e+04
   1.3400000e+01  -1.5742089e+05   8.2361727e+04
   1.3500000e+01  -2.1016738e+05   7.6539859e+04
   1.3600000e+01  -2.4713228e+05   9.2449453e+04
   1.3700000e+01  -2.6090755e+05   1.1962788e+05
   1.3800000e+01  -2.5481439e+05   1.3569664e+05
   1.3900000e+01  -2.3625781e+05   1.2693018e+05
   1.4000000e+01  -2.1030031e+05   1.0053383e+05
   1.4100000e+01  -1.7994531e+05   7.8687945e+04
   1.4200000e+01  -1.4973042e+05   8.0698734e+04
   1.4300000e+01  -1.2554853e+05   1.0898036e+05
   1.4400000e+01  -1.0960859e+05   1.4927445e+05
   1.4500000e+01  -9.6603109e+04   1.8244192e+05
   1.4600000e+01  -7.6634758e+04   1.9715750e+05
   1.4700000e+01  -4.3297914e+04   1.9492891e+05
   1.4800000e+01   7.0262207e+01   1.8599902e+05
   1.4900000e+01   4.1184414e+04   1.8036166e+05
   1.5000000e+01   6.5808531e+04   1.8030423e+05
   1.5100000e+01   6.5988711e+04   1.7963309e+05
   1.5200000e+01   4.4709230e+04   1.6976705e+05
   1.5300000e+01   1.4563264e+04   1.4669298e+05
   1.5400000e+01  -9.1560928e+03   1.1178699e+05
   1.5500000e+01  -1.7447111e+04   6.6559672e+04
   1.5600000e+01  -1.3004119e+04   9.1420195e+03
   1.5700000e+01  -7.8508857e+03  -6.1609383e+04
   1.5800000e+01  -1.4363226e+04  -1.3908200e+05
   1.5900000e+01  -3.5731465e+04  -2.0930930e+05
   1.6000000e+01  -6.2107473e+04  -2.6106058e+05
   1.6100000e+01  -7.4831492e+04  -2.9505722e+05
   1.6200000e+01  -5.6822012e+04  -3.2090397e+05
   1.6300000e+01  -3.9874993e+03  -3.4396138e+05
   1.6400000e+01   6.9529125e+04  -3.5656109e+05
   1.6500000e+01   1.3789981e+05  -3.4385153e+05
   1.6600000e+01   1.7984238e+05  -2.9871347e+05
   1.6700000e+01   1.9288317e+05  -2.3052852e+05
   1.6800000e+01   1.9313456e+05  -1.5905394e+05
   1.6900000e+01   1.9996014e+05  -9.9297875e+04
   1.7000000e+01   2.1910541e+05  -5.1134383e+04
   1.7100000e+01   2.3935169e+05  -2.2518833e+03
   1.7200000e+01   2.4453505e+05   5.8972734e+04
   1.7300000e+01   2.2862117e+05   1.3225094e+05
   1.7400000e+01   2.0017491e+05   2.0532353e+05
   1.7500000e+01   1.7352250e+05   2.6427059e+05
   1.7600000e+01   1.5555972e+05   3.0399075e+05
   1.7700000e+01   1.3986648e+05   3.2929631e+05
   1.7800000e+01   1.1300923e+05   3.4733078e+05
   1.7900000e+01   6.7697766e+04   3.6063844e+05
   1.8000000e+01   1.1366443e+04   3.6732572e+05
   1.8100000e+01  -3.8155227e+04   3.6466116e+05
   1.8200000e+01  -6.7222047e+04   3.4900122e+05
   1.8300000e+01  -7.8481875e+04   3.1287584e+05
   1.8400000e+01  -8.8734797e+04   2.4745748e+05
   1.8500000e+01  -1.1348110e+05   1.5289509e+05
   1.8600000e+01  -1.5216503e+05   4.5986410e+04
   1.8700000e+01  -1.8830334e+05  -4.7074680e+04
   1.8800000e+01  -2.0488695e+05  -1.0981204e+05
   1.8900000e+01  -2.0079789e+05  -1.4828078e+05
   1.9000000e+01  -1.9287958e+05  -1.8401831e+05
   1.9100000e+01  -2.0169088e+05  -2.3382169e+05
   1.9200000e+01  -2.3363308e+05  -2.9575662e+05
   1.9300000e+01  -2.7452706e+05  -3.5250053e+05
   1.9400000e+01  -2.9913184e+05  -3.8542166e+05
   1.9500000e+01  -2.8838612e+05  -3.8571194e+05
   1.9600000e+01  -2.4156169e+05  -3.5638728e+05
   1.9700000e+01  -1.7547970e+05  -3.0838578e+05
   1.9800000e+01  -1.1227248e+05  -2.5541181e+05
   1.9900000e+01  -6.4808527e+04  -2.0888781e+05
   2.0000000e+01  -3.0364699e+04  -1.7357709e+05
   2.0100000e+01   3.2034751e+03  -1.4611155e+05
   2.0200000e+01   4.4712172e+04  -1.1820278e+05
   2.0300000e+01   9.1538484e+04  -8.3003922e+04
   2.0400000e+01   1.3245856e+05  -4.0466555e+04
   2.0500000e+01   1.5753594e+05   2.1010469e+03
   2.0600000e+01   1.6588630e+05   3.5228445e+04
   2.0700000e+01   1.6568419e+05   5.5039570e+04
   2.0800000e+01   1.6760384e+05   6.7123906e+04
   2.0900000e+01   1.7662325e+05   8.1709047e+04
   2.1000000e+01   1.8734197e+05   1.0302294e+05
   2.1100000e+01   1.8654605e+05   1.2292995e+05
   2.1200000e+01   1.6295958e+05   1.2653708e+05
   2.1300000e+01   1.1791192e+05   1.0584005e+05
   2.1400000e+01   6.7446039e+04   6.8545000e+04
   2.1500000e+01   3.2069992e+04   3.3250609e+04
   2.1600000e+01   2.1628684e+04   1.5285597e+04
   2.1700000e+01   2.8281346e+04   1.5880565e+04
   2.1800000e+01   3.3766410e+04   2.3165727e+04
   2.1900000e+01   2.4441918e+04   2.2537504e+04
   2.2000000e+01   1.3061343e+03   7.4552979e+03
   2.2100000e+01  -2.2561742e+04  -1.6241108e+04
   2.2200000e+01  -3.3827473e+04  -3.3803898e+04
   2.2300000e+01  -2.9761047e+04  -3.0416082e+04
   2.2400000e+01  -1.9688889e+04  -1.0682969e+03
   2.2500000e+01  -1.6603904e+04   4.4603773e+04
   2.2600000e+01  -2.6112434e+04   8.7693062e+04
   2.2700000e+01  -4.1524422e+04   1.1369141e+05
   2.2800000e+01  -4.8823477e+04   1.2344796e+05
   2.2900000e+01  -3.7681223e+04   1.3037221e+05
   2.3000000e+01  -1.0155601e+04   1.4566986e+05
   2.3100000e+01   1.9830930e+04   1.6656894e+05
   2.3200000e+01   3.6667020e+04   1.7980800e+05
   2.3300000e+01   3.5779602e+04   1.7575358e+05
   2.3400000e+01   2.8523492e+04   1.5720836e+05
   2.3500000e+01   3.3679340e+04   1.3471591e+05
   2.3600000e+01   6.1080230e+04   1.1640081e+05
   2.3700000e+01   1.0129977e+05   1.0455941e+05
   2.3800000e+01   1.3185152e+05   9.9822562e+04
   2.3900000e+01   1.3586627e+05   1.0359827e+05
   2.4000000e+01   1.1676330e+05   1.1395341e+05
   2.4100000e+01   9.5124195e+04   1.2154241e+05
   2.4200000e+01   9.0396414e+04   1.1411792e+05
   2.4300000e+01   1.0425427e+05   8.7667086e+04
   2.4400000e+01   1.2026927e+05   5.2673895e+04
   2.4500000e+01   1.1860872e+05   2.7217688e+04
   2.4600000e+01   9.1193500e+04   2.1422625e+04
   2.4700000e+01   4.4633629e+04   2.7145416e+04
   2.4800000e+01  -8.5726797e+03   2.3447668e+04
   2.4900000e+01  -6.0150488e+04  -5.4701777e+03
   2.5000000e+01  -1.0908327e+05  -5.5745195e+04
   2.5100000e+01  -1.5817759e+05  -1.0723594e+05
   2.5200000e+01  -2.0996391e+05  -1.4276839e+05
   2.5300000e+01  -2.6526619e+05  -1.6445252e+05
   2.5400000e+01  -3.2307638e+05  -1.8983356e+05
   2.5500000e+01  -3.7974716e+05  -2.3121680e+05
   2.5600000e+01  -4.2855741e+05  -2.7977756e+05
   2.5700000e+01  -4.6211444e+05  -3.1144850e+05
   2.5800000e+01  -4.7708434e+05  -3.0867484e+05
   2.5900000e+01  -4.7674891e+05  -2.7607341e+05
   2.6000000e+01  -4.6751534e+05  -2.3543319e+05
   2.6100000e+01  -4.5153200e+05  -2.0661906e+05
   2.6200000e+01  -4.2284025e+05  -1.9303056e+05
   2.6300000e+01  -3.7196484e+05  -1.8306431e+05
   2.6400000e+01  -2.9481634e+05  -1.6289888e+05
   2.6500000e+01  -1.9636941e+05  -1.2756151e+05
   2.6600000e+01  -8.5393055e+04  -8.2315031e+04
   2.6700000e+01   3.2545594e+04  -3.6739531e+04
   2.6800000e+01   1.5455436e+05   1.4470269e+03
   2.6900000e+01   2.7374978e+05   2.9063381e+04
   2.7000000e+01   3.7754897e+05   4.7661684e+04
   2.7100000e+01   4.5664606e+05   6.2855137e+04
   2.7200000e+01   5.1533462e+05   8.2313250e+04
   2.7300000e+01   5.6898344e+05   1.1197634e+05
   2.7400000e+01   6.2810844e+05   1.5236134e+05
   2.7500000e+01   6.8486119e+05   1.9746938e+05
   2.7600000e+01   7.1660100e+05   2.3659719e+05
   2.7700000e+01   7.0365331e+05   2.5774050e+05
   2.7800000e+01   6.4477619e+05   2.5196183e+05
   2.7900000e+01   5.5786081e+05   2.1807464e+05
   2.8000000e+01   4.6750419e+05   1.6472069e+05
   2.8100000e+01   3.9007228e+05   1.0658268e+05
   2.8200000e+01   3.2596325e+05   5.6338469e+04
   2.8300000e+01   2.6315766e+05   1.8973270e+04
   2.8400000e+01   1.8954873e+05  -7.2440000e+03
   2.8500000e+01   1.0499582e+05  -2.6405293e+04
   2.8600000e+01   2.2357275e+04  -4.3232430e+04
   2.8700000e+01  -4.4540973e+04  -6.4129902e+04
   2.8800000e+01  -9.4455945e+04  -9.5604797e+04
   2.8900000e+01  -1.3911150e+05  -1.3810489e+05
   2.9000000e+01  -1.8937347e+05  -1.8139219e+05
   2.9100000e+01  -2.4234716e+05  -2.0836762e+05
   2.9200000e+01  -2.8392391e+05  -2.0536219e+05
   2.9300000e+01  -3.0406575e+05  -1.6926217e+05
   2.9400000e+01  -3.0832488e+05  -1.0536623e+05
   2.9500000e+01  -3.1394738e+05  -2.0453158e+04
   2.9600000e+01  -3.3522994e+05   7.9687258e+04
   2.9700000e+01  -3.7200097e+05   1.8561464e+05
   2.9800000e+01  -4.0978319e+05   2.7972144e+05
   2.9900000e+01  -4.2939600e+05   3.4032312e+05
   3.0000000e+01  -4.1858200e+05   3.5355409e+05
   3.0100000e+01  -3.7958075e+05   3.2264069e+05
   3.0200000e+01  -3.2905078e+05   2.6515622e+05
   3.0300000e+01  -2.8898891e+05   2.0006023e+05
   3.0400000e+01  -2.7222266e+05   1.3596280e+05
   3.0500000e+01  -2.7245894e+05   6.9986875e+04
   3.0600000e+01  -2.6886881e+05  -4.3703613e+03
   3.0700000e+01  -2.4410055e+05  -8.9594781e+04
   3.0800000e+01  -2.0078212e+05  -1.8275248e+05
   3.0900000e+01  -1.6034677e+05  -2.7785297e+05
   3.1000000e+01  -1.4370844e+05  -3.6649812e+05
   3.1100000e+01  -1.5135427e+05  -4.3641559e+05
   3.1200000e+01  -1.6179848e+05  -4.7267862e+05
   3.1300000e+01  -1.4992614e+05  -4.6411000e+05
   3.1400000e+01  -1.0806873e+05  -4.1022478e+05
   3.1500000e+01  -5.0876738e+04  -3.2151888e+05
   3.1600000e+01  -6.3336450e+02  -2.1208055e+05
   3.1700000e+01   3.3070090e+04  -9.1577258e+04
   3.1800000e+01   6.1484738e+04   3.5872551e+04
   3.1900000e+01   1.0614517e+05   1.6622783e+05
   3.2000000e+01   1.7894756e+05   2.9063559e+05
   3.2100000e+01   2.6970372e+05   3.9661175e+05
   3.2200000e+01   3.5156588e+05   4.7345775e+05
   3.2300000e+01   4.0006153e+05   5.1620794e+05
   3.2400000e+01   4.1081962e+05   5.2531844e+05
   3.2500000e+01   4.0264219e+05   5.0366922e+05
   3.2600000e+01   4.0392259e+05   4.5325666e+05
   3.2700000e+01   4.3210425e+05   3.7307059e+05
   3.2800000e+01   4.8031725e+05   2.6020242e+05
   3.2900000e+01   5.2083550e+05   1.1567945e+05
   3.3000000e+01   5.2405053e+05  -4.8441430e+04
   3.3100000e+01   4.8000000e+05  -2.0876666e+05
   3.3200000e+01   4.0577559e+05  -3.4071125e+05
   3.3300000e+01   3.3210628e+05  -4.3132281e+05
   3.3400000e+01   2.7996172e+05  -4.8226441e+05
   3.3500000e+01   2.4702800e+05  -5.0030653e+05
   3.3600000e+01   2.1441792e+05  -4.8648747e+05
   3.3700000e+01   1.6503744e+05  -4.3589709e+05
   3.3800000e+01   9.5956688e+04  -3.4682888e+05
   3.3900000e+01   1.5906006e+04  -2.2738600e+05
   3.4000000e+01  -6.5695805e+04  -9.1943117e+04
   3.4100000e+01  -1.4600516e+05   4.7573695e+04
   3.4200000e+01  -2.2691442e+05   1.8547852e+05
   3.4300000e+01  -3.0827444e+05   3.1793994e+05
   3.4400000e+01  -3.8369597e+05   4.3639331e+05
   3.4500000e+01  -4.4313269e+05   5.2628525e+05
   3.4600000e+01  -4.8053750e+05   5.7284038e+05
   3.4700000e+01  -5.0003281e+05   5.6916369e+05
   3.4800000e+01  -5.1372706e+05   5.2004334e+05
   3.4900000e+01  -5.3094188e+05   4.3786934e+05
   3.5000000e+01  -5.4805275e+05   3.3327522e+05
   3.5100000e+01  -5.4997450e+05   2.0847492e+05
   3.5200000e+01  -5.2361684e+05   6.0389047e+04
   3.5300000e+01  -4.7048338e+05  -1.0799283e+05
   3.5400000e+01  -4.0556194e+05  -2.7900341e+05
   3.5500000e+01  -3.4405125e+05  -4.2502719e+05
   3.5600000e+01  -2.8983209e+05  -5.2493181e+05
   3.5700000e+01  -2.3588380e+05  -5.7795756e+05
   3.5800000e+01  -1.7306095e+05  -6.0163369e+05
   3.5900000e+01  -9.7024102e+04  -6.1494019e+05
   3.6000000e+01  -9.3561436e+03  -6.2186175e+05
   3.6100000e+01   8.3427812e+04  -6.0969419e+05
   3.6200000e+01   1.7060873e+05  -5.6239231e+05
   3.6300000e+01   2.4075747e+05  -4.7621644e+05
   3.6400000e+01   2.8929703e+05  -3.6449100e+05
   3.6500000e+01   3.2351638e+05  -2.4874234e+05
   3.6600000e+01   3.5704884e+05  -1.4433120e+05
   3.6700000e+01   3.9660812e+05  -5.1753930e+04
   3.6800000e+01   4.3465369e+05   4.0437129e+04
   3.6900000e+01   4.5731225e+05   1.4381734e+05
   3.7000000e+01   4.5993591e+05   2.5839511e+05
   3.7100000e+01   4.5278675e+05   3.6982500e+05
   3.7200000e+01   4.4949462e+05   4.5742747e+05
   3.7300000e+01   4.5049250e+05   5.0644938e+05
   3.7400000e+01   4.4013369e+05   5.1512597e+05
   3.7500000e+01   4.0182938e+05   4.9232550e+05
   3.7600000e+01   3.3613066e+05   4.4958809e+05
   3.7700000e+01   2.6318456e+05   3.9450862e+05
   3.7800000e+01   2.0651598e+05   3.2898269e+05
   3.7900000e+01   1.7311786e+05   2.5121306e+05
   3.8000000e+01   1.4788197e+05   1.5938233e+05
   3.8100000e+01   1.0680277e+05   5.5944434e+04
   3.8200000e+01   3.6761500e+04  -4.9332711e+04
   3.8300000e+01  -5.5076523e+04  -1.4096916e+05
   3.8400000e+01  -1.4890428e+05  -2.0494386e+05
   3.8500000e+01  -2.2841381e+05  -2.3637958e+05
   3.8600000e+01  -2.9072859e+05  -2.4063628e+05
   3.8700000e+01  -3.4309994e+05  -2.2679236e+05
   3.8800000e+01  -3.9222644e+05  -2.0023225e+05
   3.8900000e+01  -4.3718694e+05  -1.6103589e+05
   3.9000000e+01  -4.7075425e+05  -1.0763643e+05
   3.9100000e+01  -4.8501988e+05  -4.0362578e+04
   3.9200000e+01  -4.7555444e+05   3.7933617e+04
   3.9300000e+01  -4.4304509e+05   1.2244167e+05
   3.9400000e+01  -3.9408441e+05   2.0649716e+05
   3.9500000e+01  -3.4010909e+05   2.8235059e+05
   3.9600000e+01  -2.9158853e+05   3.4354688e+05
   3.9700000e+01  -2.4928361e+05   3.8694962e+05
   3.9800000e+01  -2.0102067e+05   4.1202572e+05
   3.9900000e+01  -1.3060266e+05   4.1827656e+05
   4.0000000e+01  -3.3822172e+04   4.0391309e+05
   4.0100000e+01   7.3054750e+04   3.6698369e+05
   4.0200000e+01   1.6241605e+05   3.0717478e+05
   4.0300000e+01   2.1602581e+05   2.2645527e+05
   4.0400000e+01   2.3936273e+05   1.2887352e+05
   4.0500000e+01   2.5617055e+05   2.0616480e+04
   4.0600000e+01   2.8731062e+05  -8.9980750e+04
   4.0700000e+01   3.3236459e+05  -1.9389016e+05
   4.0800000e+01   3.7026356e+05  -2.8449562e+05
   4.0900000e+01   3.7808694e+05  -3.6011891e+05
   4.1000000e+01   3.5057325e+05  -4.2306803e+05
   4.1100000e+01   3.0260675e+05  -4.7489472e+05
   4.1200000e+01   2.5372581e+05  -5.1153119e+05
   4.1300000e+01   2.1110323e+05  -5.2328231e+05
   4.1400000e+01   1.6762884e+05  -5.0092628e+05
   4.1500000e+01   1.1477701e+05  -4.4323491e+05
   4.1600000e+01   5.4646250e+04  -3.5914469e+05
   4.1700000e+01  -1.5546318e+03  -2.6243412e+05
   4.1800000e+01  -4.5023781e+04  -1.6375083e+05
   4.1900000e+01  -7.7298398e+04  -6.6970508e+04
   4.2000000e+01  -1.0740366e+05   2.7859469e+04
   4.2100000e+01  -1.4345045e+05   1.1898141e+05
   4.2200000e+01  -1.8704153e+05   2.0022047e+05
   4.2300000e+01  -2.3238925e+05   2.6277734e+05
   4.2400000e+01  -2.6791041e+05   2.9906575e+05
   4.2500000e+01  -2.8081409e+05   3.0546578e+05
   4.2600000e+01  -2.6597203e+05   2.8283081e+05
   4.2700000e+01  -2.3333319e+05   2.3534314e+05
   4.2800000e+01  -2.0331838e+05   1.6875953e+05
   4.2900000e+01  -1.8924355e+05   8.8960055e+04
   4.3000000e+01  -1.8262772e+05   1.4522998e+03
   4.3100000e+01  -1.5915034e+05  -8.8186539e+04
   4.3200000e+01  -1.0271444e+05  -1.7369898e+05
   4.3300000e+01  -2.4012258e+04  -2.4817220e+05
   4.3400000e+01   4.6108977e+04  -3.0489453e+05
   4.3500000e+01   8.2220234e+04  -3.3881922e+05
   4.3600000e+01   8.3617695e+04  -3.4824156e+05
   4.3700000e+01   7.0409586e+04  -3.3575144e+05
   4.3800000e+01   6.3480109e+04  -3.0709012e+05
   4.3900000e+01   6.8655203e+04  -2.6765338e+05
   4.4000000e+01   7.7118523e+04  -2.1881214e+05
   4.4100000e+01   7.7328297e+04  -1.5729172e+05
   4.4200000e+01   6.5829438e+04  -7.8702336e+04
   4.4300000e+01   4.9157922e+04   1.7296508e+04
   4.4400000e+01   3.7955770e+04   1.2423689e+05
   4.4500000e+01   3.9163848e+04   2.3060192e+05
   4.4600000e+01   5.1420102e+04   3.2466228e+05
   4.4700000e+01   6.5697234e+04   3.9865531e+05
   4.4800000e+01   7.0563297e+04   4.4936747e+05
   4.4900000e+01   5.9694562e+04   4.7559575e+05
   4.5000000e+01   3.7647949e+04   4.7596238e+05
   4.5100000e+01   1.9030922e+04   4.4979306e+05
   4.5200000e+01   1.8910617e+04   3.9974034e+05
   4.5300000e+01   3.9661602e+04   3.3232025e+05
   4.5400000e+01   6.5853984e+04   2.5483445e+05
   4.5500000e+01   7.5090812e+04   1.7144891e+05
   4.5600000e+01   5.8145441e+04   8.2204352e+04
   4.5700000e+01   2.9803293e+04  -1.4205992e+04
   4.5800000e+01   1.7679346e+04  -1.1610552e+05
   4.5900000e+01   3.7397047e+04  -2.1595205e+05
   4.6000000e+01   7.7482406e+04  -3.0129662e+05
   4.6100000e+01   1.0895552e+05  -3.6016675e+05
   4.6200000e+01   1.1064662e+05  -3.8764919e+05
   4.6300000e+01   8.6600242e+04  -3.8745100e+05
   4.6400000e+01   6.0783395e+04  -3.6550525e+05
   4.6500000e+01   5.5853855e+04  -3.2142231e+05
   4.6600000e+01   7.5276992e+04  -2.4783002e+05
   4.6700000e+01   1.0225919e+05  -1.4021898e+05
   4.6800000e+01   1.1368937e+05  -7.9035854e+03
   4.6900000e+01   9.6738305e+04   1.2567543e+05
   4.7000000e+01   5.6233934e+04   2.3463291e+05
   4.7100000e+01   9.2864395e+03   3.0432200e+05
   4.7200000e+01  -2.7107678e+04   3.3662762e+05
   4.7300000e+01  -4.5742473e+04   3.4497462e+05
   4.7400000e+01  -5.0029066e+04   3.4415562e+05
   4.7500000e+01  -4.7711059e+04   3.4087022e+05
   4.7600000e+01  -4.4300781e+04   3.2915769e+05
   4.7700000e+01  -4.1214320e+04   2.9382494e+05
   4.7800000e+01  -3.7897852e+04   2.2196938e+05
   4.7900000e+01  -3.4252172e+04   1.1600706e+05
   4.8000000e+01  -3.1464418e+04  -2.9562041e+03
   4.8100000e+01  -3.1942031e+04  -1.0697491e+05
   4.8200000e+01  -3.8804324e+04  -1.7998195e+05
   4.8300000e+01  -5.4107938e+04  -2.2651041e+05
   4.8400000e+01  -7.6200742e+04  -2.6167748e+05
   4.8500000e+01  -9.9133195e+04  -2.9215653e+05
   4.8600000e+01  -1.1615809e+05  -3.0733225e+05
   4.8700000e+01  -1.2457546e+05  -2.8941409e+05
   4.8800000e+01  -1.2670527e+05  -2.3188608e+05
   4.8900000e+01  -1.2597395e+05  -1.4802850e+05
   4.9000000e+01  -1.2315464e+05  -6.2262402e+04
   4.9100000e+01  -1.1736202e+05   6.5528242e+03
   4.9200000e+01  -1.0969193e+05   5.5437344e+04
   4.9300000e+01  -1.0368480e+05   9.4586891e+04
   4.9400000e+01  -1.0142579e+05   1.3571573e+05
   4.9500000e+01  -1.0053758e+05   1.8066003e+05
   4.9600000e+01  -9.6354867e+04   2.1818619e+05
   4.9700000e+01  -8.6619867e+04   2.3138762e+05
   4.9800000e+01  -7.2933688e+04   2.1038694e+05
   4.9900000e+01  -5.7879309e+04   1.6005120e+05
   5.0000000e+01  -4.2090906e+04   9.5918922e+04
   5.0100000e+01  -2.4513213e+04   3.2251484e+04
   5.0200000e+01  -4.4777363e+03  -2.6465609e+04
   5.0300000e+01   1.6959361e+04  -8.3595328e+04
   5.0400000e+01   3.6581973e+04  -1.4217850e+05
   5.0500000e+01   4.9146062e+04  -1.9980456e+05
   5.0600000e+01   4.9805691e+04  -2.5021680e+05
   5.0700000e+01   3.9516422e+04  -2.8765225e+05
   5.0800000e+01   2.8551117e+04  -3.0933659e+05
   5.0900000e+01   3.1282164e+04  -3.1605744e+05
   5.1000000e+01   5.3461352e+04  -3.1223453e+05
   5.1100000e+01   8.3984195e+04  -3.0426091e+05
   5.1200000e+01   1.0199080e+05  -2.9569478e+05
   5.1300000e+01   9.4964375e+04  -2.8260447e+05
   5.1400000e+01   7.0367578e+04  -2.5509536e+05
   5.1500000e+01   4.8510172e+04  -2.0566488e+05
   5.1600000e+01   4.3499086e+04  -1.3672911e+05
   5.1700000e+01   5.1329375e+04  -5.9311434e+04
   5.1800000e+01   5.6184840e+04   1.5852519e+04
   5.1900000e+01   4.7315617e+04   8.5343875e+04
   5.2000000e+01   2.9539592e+04   1.5132730e+05
   5.2100000e+01   1.8330014e+04   2.1407341e+05
   5.2200000e+01   2.5203801e+04   2.6731531e+05
   5.2300000e+01   4.6496730e+04   3.0082425e+05
   5.2400000e+01   6.4642879e+04   3.0694231e+05
   5.2500000e+01   6.1224570e+04   2.8535488e+05
   5.2600000e+01   3.2204607e+04   2.4361088e+05
   5.2700000e+01  -6.9268691e+03   1.9405195e+05
   5.2800000e+01  -3.1702582e+04   1.4829103e+05
   5.2900000e+01  -2.7483963e+04   1.1120000e+05
   5.3000000e+01  -6.7779883e+02   7.8756828e+04
   5.3100000e+01   2.7432203e+04   4.3349844e+04
   5.3200000e+01   3.8022758e+04   3.2646362e+03
   5.3300000e+01   2.7472086e+04  -3.3123715e+04
   5.3400000e+01   6.2568486e+03  -5.3804504e+04
   5.3500000e+01  -1.1404586e+04  -5.3610898e+04
   5.3600000e+01  -1.6762234e+04  -3.6923262e+04
   5.3700000e+01  -9.4417676e+03  -1.0203482e+04
   5.3800000e+01   4.6548960e+03   2.5376434e+04
   5.3900000e+01   1.8213498e+04   7.1560109e+04
   5.4000000e+01   2.8456516e+04   1.2432830e+05
   5.4100000e+01   4.0239836e+04   1.7067531e+05
   5.4200000e+01   6.1763078e+04   1.9582591e+05
   5.4300000e+01   9.4790531e+04   1.9364319e+05
   5.4400000e+01   1.2913898e+05   1.7035555e+05
   5.4500000e+01   1.4908978e+05   1.3957558e+05
   5.4600000e+01   1.4694217e+05   1.1377278e+05
   5.4700000e+01   1.3012024e+05   9.7593320e+04
   5.4800000e+01   1.1430471e+05   8.5721094e+04
   5.4900000e+01   1.0951352e+05   6.6525586e+04
   5.5000000e+01   1.1257359e+05   3.0533031e+04
   5.5100000e+01   1.1172972e+05  -2.1665066e+04
   5.5200000e+01   9.7219828e+04  -7.9013344e+04
   5.5300000e+01   6.8030477e+04  -1.2815377e+05
   5.5400000e+01   3.0888461e+04  -1.6279233e+05
   5.5500000e+01  -5.4676611e+03  -1.8585647e+05
   5.5600000e+01  -3.5729539e+04  -2.0384000e+05
   5.5700000e+01  -6.0178383e+04  -2.2011328e+05
   5.5800000e+01  -8.3074969e+04  -2.3296938e+05
   5.5900000e+01  -1.0876336e+05  -2.3786198e+05
   5.6000000e+01  -1.3840111e+05  -2.3015758e+05
   5.6100000e+01  -1.6978708e+05  -2.0693231e+05
   5.6200000e+01  -1.9982930e+05  -1.6853486e+05
   5.6300000e+01  -2.2656591e+05  -1.1937423e+05
   5.6400000e+01  -2.4874530e+05  -6.6138922e+04
   5.6500000e+01  -2.6459334e+05  -1.4083372e+04
   5.6600000e+01  -2.7247244e+05   3.4884367e+04
   5.6700000e+01  -2.7285428e+05   8.0181703e+04
   5.6800000e+01  -2.6814222e+05   1.1951321e+05
   5.6900000e+01  -2.5930650e+05   1.4924280e+05
   5.7000000e+01  -2.4338864e+05   1.6802319e+05
   5.7100000e+01  -2.1620130e+05   1.7894606e+05
   5.7200000e+01  -1.7824170e+05   1.8711891e+05
   5.7300000e+01  -1.3664984e+05   1.9503497e+05
   5.7400000e+01  -9.9597438e+04   2.0014217e+05
   5.7500000e+01  -6.8631672e+04   1.9591522e+05
   5.7600000e+01  -3.8017117e+04   1.7469281e+05
   5.7700000e+01  -2.6870630e+03   1.3106645e+05
   5.7800000e+01   3.3994656e+04   6.5736305e+04
   5.7900000e+01   6.2312758e+04  -1.1920744e+04
   5.8000000e+01   7.6988039e+04  -8.6168445e+04
   5.8100000e+01   8.4909445e+04  -1.4283344e+05
   5.8200000e+01   1.0024301e+05  -1.7737777e+05
   5.8300000e+01   1.3086828e+05  -1.9575894e+05
   5.8400000e+01   1.7002586e+05  -2.0691597e+05
   5.8500000e+01   2.0191372e+05  -2.1401078e+05
   5.8600000e+01   2.1539022e+05  -2.1260845e+05
   5.8700000e+01   2.1233445e+05  -1.9648216e+05
   5.8800000e+01   2.0431070e+05  -1.6413958e+05
   5.8900000e+01   2.0327983e+05  -1.1969944e+05
   5.9000000e+01   2.1513495e+05  -6.8942445e+04
   5.9100000e+01   2.3803167e+05  -1.6356039e+04
   5.9200000e+01   2.6239216e+05   3.3673543e+04
   5.9300000e+01   2.7257138e+05   7.4601875e+04
   5.9400000e+01   2.5401600e+05   9.9190219e+04
   5.9500000e+01   2.0494184e+05   1.0462082e+05
   5.9600000e+01   1.4241658e+05   9.5934344e+04
   5.9700000e+01   9.3136281e+04   8.3293641e+04
   5.9800000e+01   7.3153219e+04   7.4593711e+04
   5.9900000e+01   7.4265742e+04   6.9556141e+04
   6.0000000e+01   7.1044008e+04   6.0268719e+04
   6.0100000e+01   4.3088191e+04   3.7920453e+04
   6.0200000e+01  -8.0591060e+03   8.2450806e+02
   6.0300000e+01  -6.2526637e+04  -4.2279754e+04
   6.0400000e+01  -1.0100905e+05  -7.6678062e+04
   6.0500000e+01  -1.1970349e+05  -9.1285250e+04
   6.0600000e+01  -1.2833533e+05  -8.6216477e+04
   6.0700000e+01  -1.3666092e+05  -7.2005453e+04
   6.0800000e+01  -1.4514086e+05  -6.0885461e+04
   6.0900000e+01  -1.4821211e+05  -5.7448902e+04
   6.1000000e+01  -1.4382750e+05  -5.6358695e+04
   6.1100000e+01  -1.3730534e+05  -4.8262840e+04
   6.1200000e+01  -1.3559023e+05  -2.8110400e+04
   6.1300000e+01  -1.3918153e+05   1.1252209e+03
   6.1400000e+01  -1.4097003e+05   3.1563324e+04
   6.1500000e+01  -1.3309500e+05   5.6735254e+04
   6.1600000e+01  -1.1431587e+05   7.5354531e+04
   6.1700000e+01  -9.0313391e+04   8.9835961e+04
   6.1800000e+01  -6.7281008e+04   1.0209251e+05
   6.1900000e+01  -4.6304215e+04   1.1142205e+05
   6.2000000e+01  -2.4577506e+04   1.1623723e+05
   6.2100000e+01  -1.2176089e+03   1.1662469e+05
   6.2200000e+01   1.9890289e+04   1.1418009e+05
   6.2300000e+01   3.3614570e+04   1.0978470e+05
   6.2400000e+01   3.8573281e+04   1.0294049e+05
   6.2500000e+01   3.7233445e+04   9.3706359e+04
   6.2600000e+01   3.1969088e+04   8.3953953e+04
   6.2700000e+01   2.3485762e+04   7.5194211e+04
   6.2800000e+01   1.3658768e+04   6.5299871e+04
   6.2900000e+01   6.9675991e+03   4.8965836e+04
   6.3000000e+01   5.8788623e+03   2.2726316e+04
   6.3100000e+01   5.4297163e+03  -1.0424680e+04
   6.3200000e+01  -3.6409373e+03  -4.2041281e+04
   6.3300000e+01  -2.3831699e+04  -6.4376688e+04
   6.3400000e+01  -4.4676500e+04  -7.5980328e+04
   6.3500000e+01  -5.1121469e+04  -8.1817812e+04
   6.3600000e+01  -3.9303852e+04  -8.8408898e+04
   6.3700000e+01  -2.2256379e+04  -9.8706930e+04
   6.3800000e+01  -1.8004455e+04  -1.1070469e+05
   6.3900000e+01  -3.1783146e+04  -1.1974148e+05
   6.4000000e+01  -5.0560566e+04  -1.2173037e+05
   6.4100000e+01  -5.4973297e+04  -1.1514337e+05
   6.4200000e+01  -3.6359410e+04  -1.0152698e+05
   6.4300000e+01  -2.9537905e+03  -8.4853484e+04
   6.4400000e+01   2.8844660e+04  -6.9485820e+04
   6.4500000e+01   4.8492109e+04  -5.7136535e+04
   6.4600000e+01   5.8012367e+04  -4.4935785e+04
   6.4700000e+01   6.7107977e+04  -2.6934139e+04
   6.4800000e+01   8.2794898e+04   1.3293438e+03
   6.4900000e+01   1.0330953e+05   3.8721055e+04
   6.5000000e+01   1.2094938e+05   7.8464766e+04
   6.5100000e+01   1.2997262e+05   1.1231459e+05
   6.5200000e+01   1.3133492e+05   1.3536994e+05
   6.5300000e+01   1.2974928e+05   1.4746059e+05
   6.5400000e+01   1.2679858e+05   1.5045209e+05
   6.5500000e+01   1.1825726e+05   1.4507366e+05
   6.5600000e+01   9.9143711e+04   1.3132241e+05
   6.5700000e+01   7.0740523e+04   1.1181050e+05
   6.5800000e+01   4.0625113e+04   9.2627289e+04
   6.5900000e+01   1.4641886e+04   7.8302672e+04
   6.6000000e+01  -9.7757656e+03   6.5564773e+04
   6.6100000e+01  -3.9920281e+04   4.4639125e+04
   6.6200000e+01  -7.7198461e+04   9.4032627e+03
   6.6300000e+01  -1.1264901e+05  -3.3943973e+04
   6.6400000e+01  -1.3519536e+05  -7.0692898e+04
   6.6500000e+01  -1.4339589e+05  -9.1416930e+04
   6.6600000e+01  -1.4620017e+05  -1.0108245e+05
   6.6700000e+01  -1.5129525e+05  -1.1334301e+05
   6.6800000e+01  -1.5520622e+05  -1.3621408e+05
   6.6900000e+01  -1.4754658e+05  -1.6408691e+05
   6.7000000e+01  -1.2450621e+05  -1.8296417e+05
   6.7100000e+01  -9.5299195e+04  -1.8196755e+05
   6.7200000e+01  -7.3738719e+04  -1.6013180e+05
   6.7300000e+01  -6.4571871e+04  -1.2469695e+05
   6.7400000e+01  -5.9673352e+04  -8.5048891e+04
   6.7500000e+01  -4.7331934e+04  -4.7855477e+04
   6.7600000e+01  -2.3737109e+04  -1.5795176e+04
   6.7700000e+01   4.9513066e+03   1.0854921e+04
   6.7800000e+01   3.0253945e+04   3.2088250e+04
   6.7900000e+01   4.9591047e+04   4.7687391e+04
   6.8000000e+01   6.7328602e+04   5.8462820e+04
   6.8100000e+01   8.9153055e+04   6.6927875e+04
   6.8200000e+01   1.1594413e+05   7.5781000e+04
   6.8300000e+01   1.4238127e+05   8.5837961e+04
   6.8400000e+01   1.6088877e+05   9.6156828e+04
   6.8500000e+01   1.6750945e+05   1.0592840e+05
   6.8600000e+01   1.6500022e+05   1.1499600e+05
   6.8700000e+01   1.6037303e+05   1.2222121e+05
   6.8800000e+01   1.5856202e+05   1.2489194e+05
   6.8900000e+01   1.5776547e+05   1.2120763e+05
   6.9000000e+01   1.5110753e+05   1.1263273e+05
   6.9100000e+01   1.3332623e+05   1.0194715e+05
   6.9200000e+01   1.0599332e+05   8.8831547e+04
   6.9300000e+01   7.6280484e+04   6.9350930e+04
   6.9400000e+01   5.1044172e+04   4.1146309e+04
   6.9500000e+01   3.2272564e+04   7.9928804e+03
   6.9600000e+01   1.7257367e+04  -2.2693133e+04
   6.9700000e+01   1.5088228e+03  -4.6901273e+04
   6.9800000e+01  -1.8774734e+04  -6.7061430e+04
   6.9900000e+01  -4.4938742e+04  -8.7432281e+04
   7.0000000e+01  -7.3866055e+04  -1.0746804e+05
   7.0100000e+01  -9.7521305e+04  -1.2060678e+05
   7.0200000e+01  -1.0727895e+05  -1.1923534e+05
   7.0300000e+01  -1.0186294e+05  -1.0068309e+05
   7.0400000e+01  -9.1654938e+04  -6.9875180e+04
   7.0500000e+01  -9.2984641e+04  -3.8017258e+04
   7.0600000e+01  -1.1518707e+05  -1.8225883e+04
   7.0700000e+01  -1.5159352e+05  -1.9288543e+04
   7.0800000e+01  -1.8356898e+05  -4.0522359e+04
   7.0900000e+01  -1.9518988e+05  -7.1901062e+04
   7.1000000e+01  -1.8610047e+05  -1.0035659e+05
   7.1100000e+01  -1.7124312e+05  -1.1747519e+05
   7.1200000e+01  -1.6762297e+05  -1.2247796e+05
   7.1300000e+01  -1.7960950e+05  -1.1947158e+05
   7.1400000e+01  -1.9537119e+05  -1.1337350e+05
   7.1500000e+01  -1.9710941e+05  -1.0839921e+05
   7.1600000e+01  -1.7583577e+05  -1.0825934e+05
   7.1700000e+01  -1.3800109e+05  -1.1492771e+05
   7.1800000e+01  -9.8942039e+04  -1.2561653e+05
   7.1900000e+01  -6.9622242e+04  -1.3135581e+05
   7.2000000e+01  -4.8353867e+04  -1.2041827e+05
   7.2100000e+01  -2.4061816e+04  -8.5622078e+04
   7.2200000e+01   1.2678373e+04  -3.0334254e+04
   7.2300000e+01   6.0879746e+04   3.2146320e+04
   7.2400000e+01   1.0978679e+05   8.6415711e+04
   7.2500000e+01   1.4722503e+05   1.2444523e+05
   7.2600000e+01   1.6770977e+05   1.4923002e+05
   7.2700000e+01   1.7409541e+05   1.6997258e+05
   7.2800000e+01   1.7337808e+05   1.9356209e+05
   7.2900000e+01   1.7165936e+05   2.1966359e+05
   7.3000000e+01   1.7168850e+05   2.4222653e+05
   7.3100000e+01   1.7259222e+05   2.5433270e+05
   7.3200000e+01   1.7060689e+05   2.5229625e+05
   7.3300000e+01   1.6136847e+05   2.3785919e+05
   7.3400000e+01   1.4395944e+05   2.1862334e+05
   7.3500000e+01   1.2360329e+05   2.0532525e+05
   7.3600000e+01   1.0890326e+05   2.0504505e+05
   7.3700000e+01   1.0452964e+05   2.1420595e+05
   7.3800000e+01   1.0638653e+05   2.1846497e+05
   7.3900000e+01   1.0510039e+05   2.0185428e+05
   7.4000000e+01   9.4872992e+04   1.5821544e+05
   7.4100000e+01   7.8374016e+04   9.4898758e+04
   7.4200000e+01   6.2706117e+04   2.6315113e+04
   7.4300000e+01   5.1756680e+04  -3.5292719e+04
   7.4400000e+01   4.3853652e+04  -8.3639859e+04
   7.4500000e+01   3.6267773e+04  -1.1642872e+05
   7.4600000e+01   2.9490658e+04  -1.3339505e+05
   7.4700000e+01   2.5385604e+04  -1.3752780e+05
   7.4800000e+01   2.2143604e+04  -1.3617503e+05
   7.4900000e+01   1.3514319e+04  -1.3767000e+05
   7.5000000e+01  -5.6738599e+03  -1.4484425e+05
   7.5100000e+01  -3.3612148e+04  -1.5192514e+05
   7.5200000e+01  -6.1571441e+04  -1.4922491e+05
   7.5300000e+01  -7.9636250e+04  -1.3243998e+05
   7.5400000e+01  -8.2771625e+04  -1.0800214e+05
   7.5500000e+01  -7.3158078e+04  -8.8547273e+04
   7.5600000e+01  -5.8652137e+04  -8.1616734e+04
   7.5700000e+01  -4.8921438e+04  -8.2143781e+04
   7.5800000e+01  -5.0618504e+04  -7.7148086e+04
   7.5900000e+01  -6.3469359e+04  -5.9615352e+04
   7.6000000e+01  -7.9850445e+04  -3.8221547e+04
   7.6100000e+01  -8.8922477e+04  -3.1932799e+04
   7.6200000e+01  -8.3126016e+04  -5.3041660e+04
   7.6300000e+01  -6.2956195e+04  -9.4531867e+04
   7.6400000e+01  -3.7081062e+04  -1.3428541e+05
   7.6500000e+01  -1.7765338e+04  -1.5250955e+05
   7.6600000e+01  -1.4322742e+04  -1.4659441e+05
   7.6700000e+01  -2.8681504e+04  -1.3121634e+05
   7.6800000e+01  -5.5813414e+04  -1.2546148e+05
   7.6900000e+01  -8.7775922e+04  -1.3846741e+05
   7.7000000e+01  -1.1705935e+05  -1.6348908e+05
   7.7100000e+01  -1.3695252e+05  -1.8251605e+05
   7.7200000e+01  -1.4172658e+05  -1.7743477e+05
   7.7300000e+01  -1.3014658e+05  -1.4129652e+05
   7.7400000e+01  -1.0977407e+05  -8.3129797e+04
   7.7500000e+01  -9.4952664e+04  -2.2517453e+04
   7.7600000e+01  -9.6667781e+04   2.3257895e+04
   7.7700000e+01  -1.1278445e+05   5.0233836e+04
   7.7800000e+01  -1.2890891e+05   6.8273469e+04
   7.7900000e+01  -1.2956873e+05   9.1205953e+04
   7.8000000e+01  -1.0893643e+05   1.2568329e+05
   7.8100000e+01  -7.2260531e+04   1.6775064e+05
   7.8200000e+01  -2.9746051e+04   2.0771073e+05
   7.8300000e+01   9.5418945e+03   2.3672884e+05
   7.8400000e+01   3.9851250e+04   2.4969238e+05
   7.8500000e+01   5.8644910e+04   2.4480547e+05
   7.8600000e+01   6.6444602e+04   2.2325803e+05
   7.8700000e+01   6.6615250e+04   1.8971845e+05
   7.8800000e+01   6.4647191e+04   1.5139347e+05
   7.8900000e+01   6.7145609e+04   1.1459709e+05
   7.9000000e+01   8.0104672e+04   8.1358555e+04
   7.9100000e+01   1.0576002e+05   4.9575445e+04
   7.9200000e+01   1.3963370e+05   1.7060561e+04
   7.9300000e+01   1.7144308e+05  -1.4108647e+04
   7.9400000e+01   1.9090723e+05  -3.7322785e+04
   7.9500000e+01   1.9414638e+05  -4.6356344e+04
   7.9600000e+01   1.8520378e+05  -4.1555004e+04
   7.9700000e+01   1.7211566e+05  -3.0939555e+04
   7.9800000e+01   1.6181053e+05  -2.3501793e+04
   7.9900000e+01   1.5748034e+05  -1.9990355e+04
   8.0000000e+01   1.5819402e+05  -1.0946104e+04
   8.0100000e+01   1.5907559e+05   1.4135996e+04
   8.0200000e+01   1.5226595e+05   5.4602125e+04
   8.0300000e+01   1.3009330e+05   9.6176555e+04
   8.0400000e+01   8.9975945e+04   1.2153020e+05
   8.0500000e+01   3.7899754e+04   1.2328381e+05
   8.0600000e+01  -1.2793832e+04   1.0663441e+05
   8.0700000e+01  -4.7773512e+04   8.0764359e+04
   8.0800000e+01  -6.0108383e+04   4.9949340e+04
   8.0900000e+01  -5.5310074e+04   1.3504772e+04
   8.1000000e+01  -4.8486797e+04  -2.7940525e+04
   8.1100000e+01  -5.4004234e+04  -6.9125484e+04
   8.1200000e+01  -7.4848719e+04  -1.0381073e+05
   8.1300000e+01  -1.0104816e+05  -1.3002894e+05
   8.1400000e+01  -1.1930872e+05  -1.4989105e+05
   8.1500000e+01  -1.2465098e+05  -1.6440011e+05
   8.1600000e+01  -1.2197848e+05  -1.7046864e+05
   8.1700000e+01  -1.1661848e+05  -1.6459520e+05
   8.1800000e+01  -1.0631898e+05  -1.4871677e+05
   8.1900000e+01  -8.5867391e+04  -1.3014716e+05
   8.2000000e+01  -5.9116258e+04  -1.1455254e+05
   8.2100000e+01  -4.1769531e+04  -1.0010931e+05
   8.2200000e+01  -4.7950121e+04  -8.0259680e+04
   8.2300000e+01  -7.4112758e+04  -5.2157191e+04
   8.2400000e+01  -9.9456758e+04  -2.0998945e+04
   8.2500000e+01  -1.0414432e+05   4.3798613e+03
   8.2600000e+01  -8.6373273e+04   1.9116016e+04
   8.2700000e+01  -6.1158812e+04   2.5157703e+04
   8.2800000e+01  -4.4568559e+04   2.8046754e+04
   8.2900000e+01  -4.1291828e+04   3.2386000e+04
   8.3000000e+01  -4.5585355e+04   3.9819219e+04
   8.3100000e+01  -4.9028086e+04   4.9478074e+04
   8.3200000e+01  -4.4770957e+04   5.9569969e+04
   8.3300000e+01  -2.8155027e+04   6.9279156e+04
   8.3400000e+01   3.5651660e+02   7.9620391e+04
   8.3500000e+01   3.1312898e+04   9.1789539e+04
   8.3600000e+01   5.0370879e+04   1.0418429e+05
   8.3700000e+01   5.1668562e+04   1.1176345e+05
   8.3800000e+01   4.6806512e+04   1.0940782e+05
   8.3900000e+01   5.5807367e+04   9.6270930e+04
   8.4000000e+01   8.6299867e+04   7.6906898e+04
   8.4100000e+01   1.2340597e+05   5.8544805e+04
   8.4200000e+01   1.4296872e+05   4.7135418e+04
   8.4300000e+01   1.3460697e+05   4.4384984e+04
   8.4400000e+01   1.1006110e+05   4.6562590e+04
   8.4500000e+01   8.9545445e+04   4.6037082e+04
   8.4600000e+01   8.2700094e+04   3.5999840e+04
   8.4700000e+01   8.3341977e+04   1.5585434e+04
   8.4800000e+01   7.9006492e+04  -9.5274434e+03
   8.4900000e+01   6.1763762e+04  -3.2249422e+04
   8.5000000e+01   3.0997312e+04  -4.9736973e+04
   8.5100000e+01  -8.9696338e+03  -6.3507016e+04
   8.5200000e+01  -5.0513641e+04  -7.4468000e+04
   8.5300000e+01  -8.4097477e+04  -7.9290484e+04
   8.5400000e+01  -1.0276090e+05  -7.2805055e+04
   8.5500000e+01  -1.0764188e+05  -5.4347270e+04
   8.5600000e+01  -1.0798533e+05  -3.1935523e+04
   8.5700000e+01  -1.1367141e+05  -1.9876143e+04
   8.5800000e+01  -1.2670838e+05  -3.0082107e+04
   8.5900000e+01  -1.3967044e+05  -6.2174461e+04
   8.6000000e+01  -1.4203962e+05  -1.0035099e+05
   8.6100000e+01  -1.2822266e+05  -1.2247059e+05
   8.6200000e+01  -1.0073541e+05  -1.1705273e+05
   8.6300000e+01  -6.7233203e+04  -9.4055258e+04
   8.6400000e+01  -3.4821828e+04  -7.7634578e+04
   8.6500000e+01  -6.1113828e+03  -8.5357664e+04
   8.6600000e+01   2.0565867e+04  -1.1282651e+05
   8.6700000e+01   4.7483863e+04  -1.3829298e+05
   8.6800000e+01   7.3601430e+04  -1.4187727e+05
   8.6900000e+01   9.3917680e+04  -1.2026902e+05
   8.7000000e+01   1.0317677e+05  -8.4885094e+04
   8.7100000e+01   1.0122925e+05  -4.9463625e+04
   8.7200000e+01   9.5254555e+04  -2.0969184e+04
   8.7300000e+01   9.5823688e+04   6.1710498e+02
   8.7400000e+01   1.0877601e+05   1.8774469e+04
   8.7500000e+01   1.2931201e+05   3.8398254e+04
   8.7600000e+01   1.4411522e+05   6.3944684e+04
   8.7700000e+01   1.4092327e+05   9.5615938e+04
   8.7800000e+01   1.1791107e+05   1.2716765e+05
   8.7900000e+01   8.4644719e+04   1.5021947e+05
   8.8000000e+01   5.3692254e+04   1.6209289e+05
   8.8100000e+01   3.0523961e+04   1.6775569e+05
   8.8200000e+01   1.0743545e+04   1.7238494e+05
   8.8300000e+01  -1.3395438e+04   1.7330122e+05
   8.8400000e+01  -4.3867980e+04   1.6211845e+05
   8.8500000e+01  -7.3813312e+04   1.3573814e+05
   8.8600000e+01  -9.2936406e+04   1.0321905e+05
   8.8700000e+01  -9.5669898e+04   7.9420078e+04
   8.8800000e+01  -8.4501898e+04   7.1292258e+04
   8.8900000e+01  -6.6728203e+04   7.1130211e+04
   8.9000000e+01  -4.9529195e+04   6.3757391e+04
   8.9100000e+01  -3.8065973e+04   4.0402000e+04
   8.9200000e+01  -3.5499836e+04   6.0860347e+03
   8.9300000e+01  -4.1283906e+04  -2.5425797e+04
   8.9400000e+01  -4.8788832e+04  -4.3201562e+04
   8.9500000e+01  -4.7794020e+04  -4.6458180e+04
   8.9600000e+01  -3.2906000e+04  -4.2461043e+04
   8.9700000e+01  -9.8096875e+03  -3.9097324e+04
   8.9800000e+01   9.2103086e+03  -3.9569469e+04
   8.9900000e+01   1.7368051e+04  -4.2045926e+04
   9.0000000e+01   1.9955266e+04  -4.1531445e+04
   9.0100000e+01   2.7692951e+04  -3.1507496e+04
   9.0200000e+01   4.4530016e+04  -6.7754727e+03
   9.0300000e+01   6.3955457e+04   3.1196996e+04
   9.0400000e+01   7.7274211e+04   7.0450086e+04
   9.0500000e+01   8.2982102e+04   9.2704156e+04
   9.0600000e+01   8.5868133e+04   8.5553734e+04
   9.0700000e+01   8.7689000e+04   5.3130207e+04
   9.0800000e+01   8.1634133e+04   1.4581523e+04
   9.0900000e+01   5.8147258e+04  -9.9369082e+03
   9.1000000e+01   1.6056297e+04  -1.4208369e+04
   9.1100000e+01  -3.3577922e+04  -8.9588066e+03
   9.1200000e+01  -7.5721109e+04  -1.0800521e+04
   9.1300000e+01  -1.0350562e+05  -2.7662838e+04
   9.1400000e+01  -1.2210118e+05  -5.3835164e+04
   9.1500000e+01  -1.4125345e+05  -7.7750719e+04
   9.1600000e+01  -1.6508091e+05  -9.3006031e+04
   9.1700000e+01  -1.8929914e+05  -1.0105306e+05
   9.1800000e+01  -2.0686855e+05  -1.0474794e+05
   9.1900000e+01  -2.1440366e+05  -1.0283284e+05
   9.2000000e+01  -2.1290741e+05  -9.2996859e+04
   9.2100000e+01  -2.0420073e+05  -7.8570258e+04
   9.2200000e+01  -1.8845742e+05  -6.8156977e+04
   9.2300000e+01  -1.6488225e+05  -6.7047219e+04
   9.2400000e+01  -1.3321398e+05  -7.1328414e+04
   9.2500000e+01  -9.4307555e+04  -7.2880453e+04
   9.2600000e+01  -5.0793305e+04  -6.8728109e+04
   9.2700000e+01  -8.1122676e+03  -6.2070453e+04
   9.2800000e+01   2.6595492e+04  -5.4271676e+04
   9.2900000e+01   4.9151539e+04  -4.0727574e+04
   9.3000000e+01   6.2694688e+04  -1.8487205e+04
   9.3100000e+01   7.6020117e+04   4.4964229e+03
   9.3200000e+01   9.6024078e+04   1.3778279e+04
   9.3300000e+01   1.2152039e+05   4.3927007e+03
   9.3400000e+01   1.4490164e+05  -1.1250570e+04
   9.3500000e+01   1.5983316e+05  -1.5581890e+04
   9.3600000e+01   1.6713938e+05  -5.1995898e+03
   9.3700000e+01   1.7376589e+05   5.7802012e+03
   9.3800000e+01   1.8692970e+05   2.5680510e+03
   9.3900000e+01   2.0890844e+05  -1.3246144e+04
   9.4000000e+01   2.3538473e+05  -2.5731004e+04
   9.4100000e+01   2.5692550e+05  -2.1805082e+04
   9.4200000e+01   2.6287347e+05  -3.6590176e+03
   9.4300000e+01   2.4736445e+05   1.4918497e+04
   9.4400000e+01   2.1481517e+05   2.1088539e+04
   9.4500000e+01   1.7932912e+05   1.1480807e+04
   9.4600000e+01   1.5529894e+05  -7.4960928e+03
   9.4700000e+01   1.4554178e+05  -2.3978486e+04
   9.4800000e+01   1.3886914e+05  -2.6533680e+04
   9.4900000e+01   1.2157827e+05  -1.0212032e+04
   9.5000000e+01   9.2111500e+04   2.0585906e+04
   9.5100000e+01   6.2700816e+04   5.5579062e+04
   9.5200000e+01   4.5285012e+04   8.5587000e+04
   9.5300000e+01   3.7463402e+04   1.0616529e+05
   9.5400000e+01   2.5182688e+04   1.1594817e+05
   9.5500000e+01  -4.8044263e+02   1.1481648e+05
   9.5600000e+01  -3.1977646e+04   1.0532423e+05
   9.5700000e+01  -5.2684504e+04   9.3361805e+04
   9.5800000e+01  -5.4494051e+04   8.3724445e+04
   9.5900000e+01  -4.5922453e+04   7.4801594e+04
   9.6000000e+01  -4.2752090e+04   6.0396684e+04
   9.6100000e+01  -5.2377438e+04   3.7978586e+04
   9.6200000e+01  -6.7799531e+04   1.3117767e+04
   9.6300000e+01  -7.5283398e+04  -6.0271260e+03
   9.6400000e+01  -6.6718547e+04  -1.7341398e+04
   9.6500000e+01  -4.6037711e+04  -2.5672527e+04
   9.6600000e+01  -2.6171836e+04  -3.5447023e+04
   9.6700000e+01  -2.0025514e+04  -4.4656020e+04
   9.6800000e+01  -3.1732744e+04  -4.7067637e+04
   9.6900000e+01  -5.3811984e+04  -3.8915168e+04
   9.7000000e+01  -7.2436734e+04  -2.2121051e+04
   9.7100000e+01  -7.7507023e+04  -1.8852969e+03
   9.7200000e+01  -7.0043820e+04   1.7111369e+04
   9.7300000e+01  -6.0904094e+04   3.2101361e+04
   9.7400000e+01  -6.1611121e+04   4.1759746e+04
   9.7500000e+01  -7.4656570e+04   4.5967938e+04
   9.7600000e+01  -9.1381586e+04   4.5941695e+04
   9.7700000e+01  -9.9610102e+04   4.3560414e+04
   9.7800000e+01  -9.4889938e+04   4.0070562e+04
   9.7900000e+01  -8.5238188e+04   3.5772590e+04
   9.8000000e+01  -8.4162836e+04   3.1267820e+04
   9.8100000e+01  -9.7602734e+04   2.8535990e+04
   9.8200000e+01  -1.1720799e+05   2.9791160e+04
   9.8300000e+01  -1.2699856e+05   3.4654742e+04
   9.8400000e+01  -1.1718690e+05   3.8829957e+04
   9.8500000e+01  -9.1802352e+04   3.6677094e+04
   9.8600000e+01  -6.3661578e+04   2.6009178e+04
   9.8700000e+01  -4.3173973e+04   1.0323927e+04
   9.8800000e+01  -3.2035838e+04  -4.3912905e+03
   9.8900000e+01  -2.5525582e+04  -1.5437658e+04
   9.9000000e+01  -1.8159129e+04  -2.5576938e+04
   9.9100000e+01  -6.7978096e+03  -3.8854395e+04
   9.9200000e+01   9.1584404e+03  -5.4467887e+04
   9.9300000e+01   2.7841428e+04  -6.5856859e+04
   9.9400000e+01   4.4887168e+04  -6.6780359e+04
   9.9500000e+01   5.5182793e+04  -5.8095645e+04
   9.9600000e+01   5.6255562e+04  -4.7424164e+04
   9.9700000e+01   5.0068469e+04  -4.1283082e+04
   9.9800000e+01   4.1018914e+04  -3.8091566e+04
   9.9900000e+01   3.2288244e+04  -3.0850199e+04
   1.0000000e+02   2.4278779e+04  -1.7263691e+04
