   1.1851270e+02   3.6301420e+01   1.8450000e+02
   1.1946929e+02   3.6552614e+01   5.7800000e+01
   0.0000000e+00   2.9242878e+05   2.9242878e+05
   1.0000000e-01   3.0128753e+05   2.3159612e+05
   2.0000000e-01   2.6499619e+05   1.5159608e+05
   3.0000000e-01   2.2239430e+05   9.6561297e+04
   4.0000000e-01   2.0863805e+05   8.6193086e+04
   5.0000000e-01   2.2692103e+05   1.0603645e+05
   6.0000000e-01   2.5250077e+05   1.2762466e+05
   7.0000000e-01   2.5953025e+05   1.3342594e+05
   8.0000000e-01   2.4176206e+05   1.2360050e+05
   9.0000000e-01   2.1077830e+05   1.0594706e+05
   1.0000000e+00   1.8036162e+05   8.5811172e+04
   1.1000000e+00   1.5522347e+05   6.5439609e+04
   1.2000000e+00   1.3193391e+05   4.7628004e+04
   1.3000000e+00   1.0618367e+05   3.5573852e+04
   1.4000000e+00   7.7314852e+04   2.9128271e+04
   1.5000000e+00   4.6870770e+04   2.3438553e+04
   1.6000000e+00   1.4186555e+04   1.2621629e+04
   1.7000000e+00  -2.5724359e+04  -5.2413335e+03
   1.8000000e+00  -7.8650336e+04  -2.6879066e+04
   1.9000000e+00  -1.4389730e+05  -4.7458367e+04
   2.0000000e+00  -2.1029108e+05  -6.5733828e+04
   2.1000000e+00  -2.6144662e+05  -8.6321062e+04
   2.2000000e+00  -2.8728888e+05  -1.1713027e+05
   2.3000000e+00  -2.9083822e+05  -1.6371789e+05
   2.4000000e+00  -2.8319647e+05  -2.2458877e+05
   2.5000000e+00  -2.7276381e+05  -2.9076712e+05
   2.6000000e+00  -2.6117834e+05  -3.5002959e+05
   2.7000000e+00  -2.4928289e+05  -3.9318128e+05
   2.8000000e+00  -2.4286239e+05  -4.1831284e+05
   2.9000000e+00  -2.4804166e+05  -4.2990266e+05
   3.0000000e+00  -2.6065802e+05  -4.3316125e+05
   3.1000000e+00  -2.6382978e+05  -4.2829138e+05
   3.2000000e+00  -2.3966105e+05  -4.1013553e+05
   3.3000000e+00  -1.8435373e+05  -3.7364825e+05
   3.4000000e+00  -1.1160674e+05  -3.1932256e+05
   3.5000000e+00  -4.1973832e+04  -2.5278959e+05
   3.6000000e+00   1.0330981e+04  -1.7987773e+05
   3.7000000e+00   4.2380020e+04  -1.0351103e+05
   3.8000000e+00   5.9742641e+04  -2.5124684e+04
   3.9000000e+00   7.2749234e+04   5.3608859e+04
   4.0000000e+00   9.3880719e+04   1.3232100e+05
   4.1000000e+00   1.3252602e+05   2.1285117e+05
   4.2000000e+00   1.8656070e+05   2.9381884e+05
   4.3000000e+00   2.3832452e+05   3.6274956e+05
   4.4000000e+00   2.6298684e+05   3.9805038e+05
   4.5000000e+00   2.4629130e+05   3.8527275e+05
   4.6000000e+00   1.9738081e+05   3.3372238e+05
   4.7000000e+00   1.4411659e+05   2.7383844e+05
   4.8000000e+00   1.1311959e+05   2.3385750e+05
   4.9000000e+00   1.1088811e+05   2.1742131e+05
   5.0000000e+00   1.2193650e+05   2.0442334e+05
   5.1000000e+00   1.2474881e+05   1.7338228e+05
   5.2000000e+00   1.1032914e+05   1.2199353e+05
   5.3000000e+00   8.6534852e+04   6.6908578e+04
   5.4000000e+00   6.6075789e+04   2.6970475e+04
   5.5000000e+00   5.2471609e+04   8.9757725e+03
   5.6000000e+00   3.9175695e+04   7.7036880e+03
   5.7000000e+00   2.1245488e+04   1.5107613e+04
   5.8000000e+00   4.0737466e+03   2.6932311e+04
   5.9000000e+00  -2.6674199e+03   4.2092391e+04
   6.0000000e+00   6.9868848e+02   5.8948883e+04
   6.1000000e+00  -8.4705518e+02   7.3660195e+04
   6.2000000e+00  -2.4548383e+04   8.1437805e+04
   6.3000000e+00  -7.2735125e+04   7.8614070e+04
   6.4000000e+00  -1.2959285e+05   6.3831918e+04
   6.5000000e+00  -1.7513659e+05   3.8005648e+04
   6.6000000e+00  -2.0112448e+05   3.5142539e+03
   6.7000000e+00  -2.1305467e+05  -3.6612324e+04
   6.8000000e+00  -2.1903802e+05  -7.9317125e+04
   6.9000000e+00  -2.1994820e+05  -1.2279249e+05
   7.0000000e+00  -2.1117434e+05  -1.6850489e+05
   7.1000000e+00  -1.9156258e+05  -2.2111545e+05
   7.2000000e+00  -1.6769694e+05  -2.8294066e+05
   7.3000000e+00  -1.4859328e+05  -3.4553247e+05
   7.4000000e+00  -1.3720214e+05  -3.8791722e+05
   7.5000000e+00  -1.2783730e+05  -3.8795275e+05
   7.6000000e+00  -1.1148585e+05  -3.3935447e+05
   7.7000000e+00  -8.3283406e+04  -2.5763761e+05
   7.8000000e+00  -4.5865234e+04  -1.6756708e+05
   7.9000000e+00  -7.3273281e+03  -8.4595148e+04
   8.0000000e+00   2.3214344e+04  -9.4909463e+03
   8.1000000e+00   3.9335590e+04   6.0658094e+04
   8.2000000e+00   3.9368820e+04   1.2161113e+05
   8.3000000e+00   2.7288547e+04   1.6634283e+05
   8.4000000e+00   1.2345438e+04   1.9843591e+05
   8.5000000e+00   6.2847642e+03   2.3457050e+05
   8.6000000e+00   1.7545697e+04   2.8838294e+05
   8.7000000e+00   4.4906906e+04   3.5183509e+05
   8.8000000e+00   7.6177164e+04   3.9624866e+05
   8.9000000e+00   9.5914188e+04   3.9507672e+05
   9.0000000e+00   9.8207656e+04   3.4702400e+05
   9.1000000e+00   9.3040195e+04   2.7737500e+05
   9.2000000e+00   9.7895297e+04   2.1708436e+05
   9.3000000e+00   1.2063753e+05   1.7951653e+05
   9.4000000e+00   1.5084412e+05   1.5419384e+05
   9.5000000e+00   1.6989459e+05   1.1947180e+05
   9.6000000e+00   1.6997000e+05   6.0591250e+04
   9.7000000e+00   1.6132381e+05  -2.1136109e+04
   9.8000000e+00   1.5993575e+05  -1.1160169e+05
   9.9000000e+00   1.7010783e+05  -1.9337761e+05
   1.0000000e+01   1.8180988e+05  -2.5374088e+05
   1.0100000e+01   1.8416139e+05  -2.8835209e+05
   1.0200000e+01   1.7724812e+05  -3.0153131e+05
   1.0300000e+01   1.6813650e+05  -3.0365294e+05
   1.0400000e+01   1.5789912e+05  -3.0488878e+05
   1.0500000e+01   1.3768727e+05  -3.0693669e+05
   1.0600000e+01   9.9720445e+04  -2.9894494e+05
   1.0700000e+01   4.9774371e+04  -2.6365638e+05
   1.0800000e+01   5.5723101e+03  -1.9160920e+05
   1.0900000e+01  -1.7854285e+04  -9.1986117e+04
   1.1000000e+01  -2.0304000e+04   1.0706406e+04
   1.1100000e+01  -1.4504984e+04   9.2772734e+04
   1.1200000e+01  -1.4108725e+04   1.4660344e+05
   1.1300000e+01  -2.3966588e+04   1.8193878e+05
   1.1400000e+01  -3.9556992e+04   2.1327877e+05
   1.1500000e+01  -5.2487008e+04   2.4617659e+05
   1.1600000e+01  -5.5759434e+04   2.7452566e+05
   1.1700000e+01  -4.6208379e+04   2.8889019e+05
   1.1800000e+01  -2.5144455e+04   2.8568403e+05
   1.1900000e+01   1.9291445e+03   2.6850084e+05
   1.2000000e+01   2.7190088e+04   2.4268764e+05
   1.2100000e+01   4.4137258e+04   2.1073745e+05
   1.2200000e+01   5.0918426e+04   1.7301575e+05
   1.2300000e+01   5.0204477e+04   1.3096341e+05
   1.2400000e+01   4.4882512e+04   8.7600656e+04
   1.2500000e+01   3.3446312e+04   4.4961117e+04
   1.2600000e+01   1.0832188e+04   2.9827681e+03
   1.2700000e+01  -2.4377115e+04  -3.7484719e+04
   1.2800000e+01  -6.3635109e+04  -7.1360930e+04
   1.2900000e+01  -9.2110750e+04  -9.1807812e+04
   1.3000000e+01  -1.0207564e+05  -9.8351883e+04
   1.3100000e+01  -1.0361477e+05  -1.0209199e+05
   1.3200000e+01  -1.1993677e+05  -1.1961327e+05
   1.3300000e+01  -1.6870603e+05  -1.5836727e+05
   1.3400000e+01  -2.4528441e+05  -2.0744600e+05
   1.3500000e+01  -3.2311209e+05  -2.4520019e+05
   1.3600000e+01  -3.7139144e+05  -2.5879314e+05
   1.3700000e+01  -3.7583016e+05  -2.5697844e+05
   1.3800000e+01  -3.4687169e+05  -2.6249256e+05
   1.3900000e+01  -3.1047303e+05  -2.9091262e+05
   1.4000000e+01  -2.8914769e+05  -3.3677878e+05
   1.4100000e+01  -2.8704725e+05  -3.7950525e+05
   1.4200000e+01  -2.8930509e+05  -4.0069847e+05
   1.4300000e+01  -2.7519012e+05  -3.9486878e+05
   1.4400000e+01  -2.3404538e+05  -3.6649894e+05
   1.4500000e+01  -1.7125552e+05  -3.2230769e+05
   1.4600000e+01  -1.0093508e+05  -2.6885681e+05
   1.4700000e+01  -3.4016172e+04  -2.1399044e+05
   1.4800000e+01   2.7060264e+04  -1.6426338e+05
   1.4900000e+01   8.4602984e+04  -1.1827610e+05
   1.5000000e+01   1.3972578e+05  -6.5367988e+04
   1.5100000e+01   1.9066625e+05   4.8004287e+03
   1.5200000e+01   2.3447123e+05   8.9942219e+04
   1.5300000e+01   2.6767319e+05   1.7383216e+05
   1.5400000e+01   2.8576047e+05   2.3890936e+05
   1.5500000e+01   2.8517684e+05   2.8079375e+05
   1.5600000e+01   2.6807534e+05   3.1075603e+05
   1.5700000e+01   2.4393805e+05   3.4468109e+05
   1.5800000e+01   2.2366291e+05   3.8977231e+05
   1.5900000e+01   2.1084769e+05   4.4063869e+05
   1.6000000e+01   1.9992666e+05   4.8617194e+05
   1.6100000e+01   1.8383166e+05   5.1906334e+05
   1.6200000e+01   1.6283652e+05   5.3917275e+05
   1.6300000e+01   1.4487845e+05   5.4904988e+05
   1.6400000e+01   1.3752544e+05   5.4740900e+05
   1.6500000e+01   1.4063092e+05   5.2773906e+05
   1.6600000e+01   1.4672800e+05   4.8369412e+05
   1.6700000e+01   1.4744219e+05   4.1582775e+05
   1.6800000e+01   1.3936670e+05   3.3257231e+05
   1.6900000e+01   1.2543875e+05   2.4408316e+05
   1.7000000e+01   1.1245616e+05   1.5510209e+05
   1.7100000e+01   1.0709444e+05   6.4404812e+04
   1.7200000e+01   1.1233488e+05  -2.8456512e+04
   1.7300000e+01   1.2564421e+05  -1.1683016e+05
   1.7400000e+01   1.3932162e+05  -1.8942052e+05
   1.7500000e+01   1.4228780e+05  -2.4056736e+05
   1.7600000e+01   1.2315177e+05  -2.7710616e+05
   1.7700000e+01   7.5949938e+04  -3.1167138e+05
   1.7800000e+01   7.8383984e+03  -3.4654084e+05
   1.7900000e+01  -5.8337297e+04  -3.6537503e+05
   1.8000000e+01  -9.5173703e+04  -3.4567450e+05
   1.8100000e+01  -9.2705797e+04  -2.8349075e+05
   1.8200000e+01  -7.2735172e+04  -2.0579516e+05
   1.8300000e+01  -7.7377047e+04  -1.5483748e+05
   1.8400000e+01  -1.3631405e+05  -1.5612297e+05
   1.8500000e+01  -2.4044192e+05  -1.9887328e+05
   1.8600000e+01  -3.4649244e+05  -2.4630220e+05
   1.8700000e+01  -4.0886691e+05  -2.6497988e+05
   1.8800000e+01  -4.1075122e+05  -2.4694572e+05
   1.8900000e+01  -3.7024484e+05  -2.0861422e+05
   1.9000000e+01  -3.2115900e+05  -1.7293858e+05
   1.9100000e+01  -2.8695312e+05  -1.5281992e+05
   1.9200000e+01  -2.6659072e+05  -1.4689591e+05
   1.9300000e+01  -2.3948311e+05  -1.4522562e+05
   1.9400000e+01  -1.8427209e+05  -1.3642972e+05
   1.9500000e+01  -9.7838141e+04  -1.1196514e+05
   1.9600000e+01   1.9737549e+02  -6.8958516e+04
   1.9700000e+01   8.2145328e+04  -1.2973816e+04
   1.9800000e+01   1.3397961e+05   4.1913727e+04
   1.9900000e+01   1.6426286e+05   7.9038555e+04
   2.0000000e+01   1.9234272e+05   8.8938211e+04
   2.0100000e+01   2.2860144e+05   7.5379367e+04
   2.0200000e+01   2.6638200e+05   5.1849820e+04
   2.0300000e+01   2.9102484e+05   3.1249164e+04
   2.0400000e+01   2.9359203e+05   1.7737871e+04
   2.0500000e+01   2.7535894e+05   7.0795400e+03
   2.0600000e+01   2.4264759e+05  -6.4019688e+03
   2.0700000e+01   2.0158178e+05  -2.3323973e+04
   2.0800000e+01   1.5806488e+05  -3.8506000e+04
   2.0900000e+01   1.1865933e+05  -4.5864656e+04
   2.1000000e+01   8.7315094e+04  -4.4552426e+04
   2.1100000e+01   6.1022941e+04  -4.0852812e+04
   2.1200000e+01   3.1537037e+04  -4.2904414e+04
   2.1300000e+01  -6.5587070e+03  -5.1270969e+04
   2.1400000e+01  -4.9921438e+04  -5.3835539e+04
   2.1500000e+01  -8.9381203e+04  -3.1896703e+04
   2.1600000e+01  -1.1798809e+05   2.5477496e+04
   2.1700000e+01  -1.3510509e+05   1.1073840e+05
   2.1800000e+01  -1.4392112e+05   2.0038469e+05
   2.1900000e+01  -1.4809416e+05   2.6862247e+05
   2.2000000e+01  -1.5161309e+05   3.0160709e+05
   2.2100000e+01  -1.5817359e+05   3.0396512e+05
   2.2200000e+01  -1.6605962e+05   2.9614294e+05
   2.2300000e+01  -1.6381431e+05   3.0409559e+05
   2.2400000e+01  -1.3634289e+05   3.4373712e+05
   2.2500000e+01  -8.0378219e+04   4.0738244e+05
   2.2600000e+01  -1.3971074e+04   4.6389844e+05
   2.2700000e+01   3.3170367e+04   4.7735719e+05
   2.2800000e+01   4.2233074e+04   4.3190172e+05
   2.2900000e+01   1.9667244e+04   3.4158109e+05
   2.3000000e+01  -1.0115439e+04   2.3642388e+05
   2.3100000e+01  -2.5653281e+04   1.3846903e+05
   2.3200000e+01  -2.3165492e+04   4.9549410e+04
   2.3300000e+01  -1.4186338e+04  -4.1294898e+04
   2.3400000e+01  -1.2356216e+04  -1.4173970e+05
   2.3500000e+01  -2.2868596e+04  -2.4684945e+05
   2.3600000e+01  -4.1410453e+04  -3.4184162e+05
   2.3700000e+01  -5.9400977e+04  -4.1157250e+05
   2.3800000e+01  -6.9191031e+04  -4.4892494e+05
   2.3900000e+01  -6.6518375e+04  -4.5761703e+05
   2.4000000e+01  -5.1268410e+04  -4.4888206e+05
   2.4100000e+01  -2.7567260e+04  -4.3453188e+05
   2.4200000e+01  -2.4922771e+03  -4.2074878e+05
   2.4300000e+01   1.7156121e+04  -4.0597741e+05
   2.4400000e+01   2.8354465e+04  -3.8292656e+05
   2.4500000e+01   3.2792871e+04  -3.4257034e+05
   2.4600000e+01   3.4375883e+04  -2.7888491e+05
   2.4700000e+01   3.5695961e+04  -1.9369550e+05
   2.4800000e+01   3.6799184e+04  -9.8817398e+04
   2.4900000e+01   3.6956977e+04  -1.1359057e+04
   2.5000000e+01   3.6919230e+04   5.7144496e+04
   2.5100000e+01   3.8836980e+04   1.0909376e+05
   2.5200000e+01   4.3886234e+04   1.5713711e+05
   2.5300000e+01   5.0283363e+04   2.0968708e+05
   2.5400000e+01   5.3972820e+04   2.5937972e+05
   2.5500000e+01   5.1483109e+04   2.8740222e+05
   2.5600000e+01   4.2438359e+04   2.8086072e+05
   2.5700000e+01   2.9858592e+04   2.4586678e+05
   2.5800000e+01   1.8516234e+04   2.0263958e+05
   2.5900000e+01   1.2894766e+04   1.6782898e+05
   2.6000000e+01   1.5865820e+04   1.4246898e+05
   2.6100000e+01   2.8036342e+04   1.1638069e+05
   2.6200000e+01   4.7150406e+04   8.0922484e+04
   2.6300000e+01   6.7564141e+04   3.4825203e+04
   2.6400000e+01   8.1157562e+04  -1.9885844e+04
   2.6500000e+01   8.1344234e+04  -8.1003633e+04
   2.6600000e+01   6.9221117e+04  -1.4140267e+05
   2.6700000e+01   5.6522633e+04  -1.8530888e+05
   2.6800000e+01   5.9366918e+04  -1.9764192e+05
   2.6900000e+01   8.4132133e+04  -1.8116922e+05
   2.7000000e+01   1.1722335e+05  -1.6067408e+05
   2.7100000e+01   1.3145439e+05  -1.6354138e+05
   2.7200000e+01   1.0765684e+05  -1.9342673e+05
   2.7300000e+01   5.3090629e+04  -2.2478339e+05
   2.7400000e+01  -2.0699917e+03  -2.2542105e+05
   2.7500000e+01  -2.8765420e+04  -1.8484488e+05
   2.7600000e+01  -2.1550508e+04  -1.2114634e+05
   2.7700000e+01   9.9362793e+02  -6.2482355e+04
   2.7800000e+01   1.6064506e+04  -2.3333338e+04
   2.7900000e+01   1.5691152e+04   3.3442148e+03
   2.8000000e+01   7.9416221e+03   3.5255391e+04
   2.8100000e+01   3.4688667e+03   8.4540109e+04
   2.8200000e+01   4.0618135e+03   1.5035812e+05
   2.8300000e+01   3.9522280e+03   2.2387712e+05
   2.8400000e+01  -8.1048291e+02   2.9829881e+05
   2.8500000e+01  -6.8051982e+03   3.7312200e+05
   2.8600000e+01  -6.9992969e+03   4.4803594e+05
   2.8700000e+01   1.1158550e+03   5.1315744e+05
   2.8800000e+01   1.1567935e+04   5.4818350e+05
   2.8900000e+01   1.3938987e+04   5.3525494e+05
   2.9000000e+01   1.8148021e+03   4.7480769e+05
   2.9100000e+01  -2.2004943e+04   3.8783888e+05
   2.9200000e+01  -4.8859191e+04   3.0079675e+05
   2.9300000e+01  -7.3574055e+04   2.2752355e+05
   2.9400000e+01  -1.0013363e+05   1.6496062e+05
   2.9500000e+01  -1.3623595e+05   1.0311136e+05
   2.9600000e+01  -1.8132475e+05   3.5310398e+04
   2.9700000e+01  -2.2194161e+05  -4.0964496e+04
   2.9800000e+01  -2.4176317e+05  -1.2788105e+05
   2.9900000e+01  -2.3647942e+05  -2.2635105e+05
   3.0000000e+01  -2.1643856e+05  -3.3106600e+05
   3.0100000e+01  -1.9364391e+05  -4.2988541e+05
   3.0200000e+01  -1.6869547e+05  -5.0996744e+05
   3.0300000e+01  -1.3334608e+05  -5.6316569e+05
   3.0400000e+01  -8.4560305e+04  -5.8496162e+05
   3.0500000e+01  -3.1544936e+04  -5.7159175e+05
   3.0600000e+01   1.3031582e+04  -5.2260975e+05
   3.0700000e+01   4.5559914e+04  -4.4650891e+05
   3.0800000e+01   7.1466750e+04  -3.5993253e+05
   3.0900000e+01   9.3973367e+04  -2.7782888e+05
   3.1000000e+01   1.0815209e+05  -2.0373577e+05
   3.1100000e+01   1.0894390e+05  -1.3019941e+05
   3.1200000e+01   1.0177223e+05  -4.8714688e+04
   3.1300000e+01   9.9608688e+04   3.9851188e+04
   3.1400000e+01   1.0786234e+05   1.2208983e+05
   3.1500000e+01   1.1560188e+05   1.7829502e+05
   3.1600000e+01   1.0575945e+05   1.9579231e+05
   3.1700000e+01   7.4555266e+04   1.8181238e+05
   3.1800000e+01   3.8467688e+04   1.6384977e+05
   3.1900000e+01   1.9944004e+04   1.7130773e+05
   3.2000000e+01   2.5988080e+04   2.1044705e+05
   3.2100000e+01   4.1375434e+04   2.5687119e+05
   3.2200000e+01   4.3103055e+04   2.7637069e+05
   3.2300000e+01   2.1592529e+04   2.5542150e+05
   3.2400000e+01  -1.1426868e+04   2.1080491e+05
   3.2500000e+01  -3.4380832e+04   1.7005567e+05
   3.2600000e+01  -3.4344867e+04   1.4563928e+05
   3.2700000e+01  -1.5473107e+04   1.2942625e+05
   3.2800000e+01   8.0717109e+03   1.0824760e+05
   3.2900000e+01   2.5272117e+04   7.9315781e+04
   3.3000000e+01   3.4624133e+04   5.0226426e+04
   3.3100000e+01   4.0100074e+04   2.9056328e+04
   3.3200000e+01   4.3628836e+04   1.8179973e+04
   3.3300000e+01   4.2350348e+04   1.5676928e+04
   3.3400000e+01   3.1983746e+04   1.8445982e+04
   3.3500000e+01   1.1461035e+04   2.3013547e+04
   3.3600000e+01  -1.5712998e+04   2.5785656e+04
   3.3700000e+01  -4.3605066e+04   2.4210414e+04
   3.3800000e+01  -6.6999992e+04   1.7178686e+04
   3.3900000e+01  -8.3609141e+04   4.1778477e+03
   3.4000000e+01  -9.4843742e+04  -1.4458443e+04
   3.4100000e+01  -1.0495376e+05  -3.6011586e+04
   3.4200000e+01  -1.1822121e+05  -5.6410168e+04
   3.4300000e+01  -1.3493936e+05  -7.5110758e+04
   3.4400000e+01  -1.4879731e+05  -9.7904406e+04
   3.4500000e+01  -1.4872645e+05  -1.3183670e+05
   3.4600000e+01  -1.2551720e+05  -1.7655509e+05
   3.4700000e+01  -7.9048766e+04  -2.2296511e+05
   3.4800000e+01  -2.0106602e+04  -2.6212659e+05
   3.4900000e+01   3.5583660e+04  -2.9413559e+05
   3.5000000e+01   7.6825344e+04  -3.2607741e+05
   3.5100000e+01   1.0245488e+05  -3.6131953e+05
   3.5200000e+01   1.1926825e+05  -3.9247084e+05
   3.5300000e+01   1.3582252e+05  -4.0528759e+05
   3.5400000e+01   1.5832655e+05  -3.8857984e+05
   3.5500000e+01   1.9057633e+05  -3.4067194e+05
   3.5600000e+01   2.3406781e+05  -2.6885284e+05
   3.5700000e+01   2.8456194e+05  -1.8487691e+05
   3.5800000e+01   3.2801128e+05  -1.0012321e+05
   3.5900000e+01   3.4375669e+05  -2.1290023e+04
   3.6000000e+01   3.1807403e+05   5.3162383e+04
   3.6100000e+01   2.5889450e+05   1.3377169e+05
   3.6200000e+01   1.9606488e+05   2.3507073e+05
   3.6300000e+01   1.6146214e+05   3.6461344e+05
   3.6400000e+01   1.6312903e+05   5.1183478e+05
   3.6500000e+01   1.7690744e+05   6.4695800e+05
   3.6600000e+01   1.6514839e+05   7.3581912e+05
   3.6700000e+01   1.0691433e+05   7.6254356e+05
   3.6800000e+01   1.3375079e+04   7.4073506e+05
   3.6900000e+01  -8.3220977e+04   7.0063244e+05
   3.7000000e+01  -1.5467970e+05   6.6237938e+05
   3.7100000e+01  -1.9445417e+05   6.2070988e+05
   3.7200000e+01  -2.1670958e+05   5.5500206e+05
   3.7300000e+01  -2.4182995e+05   4.5202906e+05
   3.7400000e+01  -2.8044706e+05   3.1724144e+05
   3.7500000e+01  -3.2580356e+05   1.6638020e+05
   3.7600000e+01  -3.5852753e+05   1.1529483e+04
   3.7700000e+01  -3.6092253e+05  -1.4229970e+05
   3.7800000e+01  -3.3078975e+05  -2.9085984e+05
   3.7900000e+01  -2.8343909e+05  -4.2675822e+05
   3.8000000e+01  -2.3958038e+05  -5.4286062e+05
   3.8100000e+01  -2.0975475e+05  -6.3578925e+05
   3.8200000e+01  -1.8929119e+05  -7.0321431e+05
   3.8300000e+01  -1.6713616e+05  -7.3951275e+05
   3.8400000e+01  -1.3851262e+05  -7.3783525e+05
   3.8500000e+01  -1.0903845e+05  -6.9729194e+05
   3.8600000e+01  -8.7577336e+04  -6.2561862e+05
   3.8700000e+01  -7.5806266e+04  -5.3284312e+05
   3.8800000e+01  -6.4617988e+04  -4.2334453e+05
   3.8900000e+01  -4.0857398e+04  -2.9623894e+05
   3.9000000e+01   1.1146211e+03  -1.5377188e+05
   3.9100000e+01   5.3028965e+04  -7.7230962e+03
   3.9200000e+01   9.7708281e+04   1.2364784e+05
   3.9300000e+01   1.2172565e+05   2.2507945e+05
   3.9400000e+01   1.2434974e+05   2.9145550e+05
   3.9500000e+01   1.1457583e+05   3.2762269e+05
   3.9600000e+01   1.0032997e+05   3.4264812e+05
   3.9700000e+01   8.2434883e+04   3.4336300e+05
   3.9800000e+01   6.0043398e+04   3.3135497e+05
   3.9900000e+01   3.9649516e+04   3.0514312e+05
   4.0000000e+01   3.3899832e+04   2.6518725e+05
   4.0100000e+01   4.8030961e+04   2.1578383e+05
   4.0200000e+01   6.8629797e+04   1.6055497e+05
   4.0300000e+01   7.0810195e+04   9.7285953e+04
   4.0400000e+01   4.1202641e+04   2.1950307e+04
   4.0500000e+01  -5.3692744e+03  -5.8717680e+04
   4.0600000e+01  -3.5005297e+04  -1.2168752e+05
   4.0700000e+01  -2.4244348e+04  -1.4217759e+05
   4.0800000e+01   1.7329322e+04  -1.1819950e+05
   4.0900000e+01   5.3810387e+04  -7.8137492e+04
   4.1000000e+01   5.3650402e+04  -5.8760344e+04
   4.1100000e+01   1.6184830e+04  -7.3649438e+04
   4.1200000e+01  -2.9394344e+04  -1.0386802e+05
   4.1300000e+01  -4.9779293e+04  -1.1842955e+05
   4.1400000e+01  -3.3602602e+04  -1.0099094e+05
   4.1500000e+01   4.1858867e+03  -5.7387121e+04
   4.1600000e+01   4.0114453e+04  -3.7548413e+03
   4.1700000e+01   6.3342691e+04   4.6583520e+04
   4.1800000e+01   8.1054039e+04   8.6221422e+04
   4.1900000e+01   1.0595669e+05   1.1151969e+05
   4.2000000e+01   1.4093161e+05   1.2264409e+05
   4.2100000e+01   1.7674033e+05   1.2443955e+05
   4.2200000e+01   2.0321461e+05   1.2349475e+05
   4.2300000e+01   2.1953070e+05   1.2295942e+05
   4.2400000e+01   2.3156308e+05   1.2065143e+05
   4.2500000e+01   2.4081238e+05   1.1162131e+05
   4.2600000e+01   2.3986805e+05   9.1570984e+04
   4.2700000e+01   2.2081466e+05   5.9060875e+04
   4.2800000e+01   1.8631606e+05   1.7185012e+04
   4.2900000e+01   1.4949244e+05  -2.6428904e+04
   4.3000000e+01   1.2234027e+05  -6.4007844e+04
   4.3100000e+01   1.0567188e+05  -9.4170156e+04
   4.3200000e+01   9.0585586e+04  -1.2282462e+05
   4.3300000e+01   6.7993773e+04  -1.5519078e+05
   4.3400000e+01   3.5864785e+04  -1.8717028e+05
   4.3500000e+01  -8.6108313e+02  -2.0701678e+05
   4.3600000e+01  -3.5071551e+04  -2.0657909e+05
   4.3700000e+01  -6.2815328e+04  -1.8969486e+05
   4.3800000e+01  -8.6608562e+04  -1.6883688e+05
   4.3900000e+01  -1.1420270e+05  -1.5477372e+05
   4.4000000e+01  -1.5164889e+05  -1.5006389e+05
   4.4100000e+01  -1.9543994e+05  -1.4992075e+05
   4.4200000e+01  -2.3262177e+05  -1.4560092e+05
   4.4300000e+01  -2.5127808e+05  -1.2677774e+05
   4.4400000e+01  -2.5153320e+05  -8.5104711e+04
   4.4500000e+01  -2.4499806e+05  -2.0397305e+04
   4.4600000e+01  -2.4336072e+05   5.5633016e+04
   4.4700000e+01  -2.4915314e+05   1.2450660e+05
   4.4800000e+01  -2.5751327e+05   1.7342303e+05
   4.4900000e+01  -2.6311966e+05   2.0509186e+05
   4.5000000e+01  -2.6181477e+05   2.3602100e+05
   4.5100000e+01  -2.4749203e+05   2.8359616e+05
   4.5200000e+01  -2.1412052e+05   3.5090856e+05
   4.5300000e+01  -1.6504964e+05   4.2021000e+05
   4.5400000e+01  -1.1730030e+05   4.6095688e+05
   4.5500000e+01  -8.9951992e+04   4.4907359e+05
   4.5600000e+01  -8.5035359e+04   3.8465775e+05
   4.5700000e+01  -8.2359297e+04   2.9355753e+05
   4.5800000e+01  -5.7207086e+04   2.0931133e+05
   4.5900000e+01  -4.3074731e+03   1.4918209e+05
   4.6000000e+01   5.6874848e+04   1.0478488e+05
   4.6100000e+01   1.0098030e+05   5.4925730e+04
   4.6200000e+01   1.1979849e+05  -1.2772968e+04
   4.6300000e+01   1.2645378e+05  -9.2182609e+04
   4.6400000e+01   1.3878423e+05  -1.6751070e+05
   4.6500000e+01   1.6104672e+05  -2.2782331e+05
   4.6600000e+01   1.8235350e+05  -2.7114003e+05
   4.6700000e+01   1.9098228e+05  -2.9696744e+05
   4.6800000e+01   1.8762038e+05  -3.0032775e+05
   4.6900000e+01   1.8356614e+05  -2.7700412e+05
   4.7000000e+01   1.8695548e+05  -2.3399939e+05
   4.7100000e+01   1.9266117e+05  -1.9094656e+05
   4.7200000e+01   1.8694909e+05  -1.6759602e+05
   4.7300000e+01   1.6175711e+05  -1.6841192e+05
   4.7400000e+01   1.2313477e+05  -1.7933989e+05
   4.7500000e+01   8.5039188e+04  -1.7994627e+05
   4.7600000e+01   5.5840703e+04  -1.5990698e+05
   4.7700000e+01   3.2382223e+04  -1.2640209e+05
   4.7800000e+01   7.0154292e+03  -9.8210500e+04
   4.7900000e+01  -2.1935832e+04  -9.2401477e+04
   4.8000000e+01  -4.8773500e+04  -1.1279406e+05
   4.8100000e+01  -6.8733797e+04  -1.4682438e+05
   4.8200000e+01  -8.4933984e+04  -1.7278100e+05
   4.8300000e+01  -1.0514253e+05  -1.7364711e+05
   4.8400000e+01  -1.3212494e+05  -1.4848891e+05
   4.8500000e+01  -1.5873461e+05  -1.1235520e+05
   4.8600000e+01  -1.7316644e+05  -8.3923000e+04
   4.8700000e+01  -1.6866538e+05  -7.0801898e+04
   4.8800000e+01  -1.4816509e+05  -6.4805402e+04
   4.8900000e+01  -1.2063248e+05  -5.0374344e+04
   4.9000000e+01  -9.4019930e+04  -1.7694951e+04
   4.9100000e+01  -7.1229492e+04   3.0828781e+04
   4.9200000e+01  -5.0589035e+04   8.4803703e+04
   4.9300000e+01  -2.7806205e+04   1.3559873e+05
   4.9400000e+01   2.9450244e+03   1.8301998e+05
   4.9500000e+01   4.7375430e+04   2.3373450e+05
   4.9600000e+01   1.0663233e+05   2.9296959e+05
   4.9700000e+01   1.7221819e+05   3.5657731e+05
   4.9800000e+01   2.2677641e+05   4.1095047e+05
   4.9900000e+01   2.5421248e+05   4.4197762e+05
   5.0000000e+01   2.5272238e+05   4.4558978e+05
   5.0100000e+01   2.3797498e+05   4.2993575e+05
   5.0200000e+01   2.3055977e+05   4.0657356e+05
   5.0300000e+01   2.3752666e+05   3.7867803e+05
   5.0400000e+01   2.4585847e+05   3.3741650e+05
   5.0500000e+01   2.3524489e+05   2.7019716e+05
   5.0600000e+01   1.9797594e+05   1.7383573e+05
   5.0700000e+01   1.4625425e+05   6.1459379e+04
   5.0800000e+01   1.0051384e+05  -4.2902348e+04
   5.0900000e+01   7.1743156e+04  -1.1829515e+05
   5.1000000e+01   5.5014234e+04  -1.5879791e+05
   5.1100000e+01   3.7425574e+04  -1.7439295e+05
   5.1200000e+01   9.2283105e+03  -1.8086675e+05
   5.1300000e+01  -3.2255434e+04  -1.8805092e+05
   5.1400000e+01  -8.4888016e+04  -1.9609633e+05
   5.1500000e+01  -1.4338617e+05  -2.0057652e+05
   5.1600000e+01  -1.9908317e+05  -1.9879422e+05
   5.1700000e+01  -2.4225333e+05  -1.9084045e+05
   5.1800000e+01  -2.6796009e+05  -1.7703652e+05
   5.1900000e+01  -2.7930181e+05  -1.5747803e+05
   5.2000000e+01  -2.8318381e+05  -1.3485148e+05
   5.2100000e+01  -2.8306206e+05  -1.1580697e+05
   5.2200000e+01  -2.7757641e+05  -1.0746648e+05
   5.2300000e+01  -2.6652066e+05  -1.1215401e+05
   5.2400000e+01  -2.5567936e+05  -1.2609023e+05
   5.2500000e+01  -2.5310578e+05  -1.4322641e+05
   5.2600000e+01  -2.6035681e+05  -1.5979370e+05
   5.2700000e+01  -2.6888494e+05  -1.7522458e+05
   5.2800000e+01  -2.6596603e+05  -1.8978647e+05
   5.2900000e+01  -2.4404759e+05  -2.0243869e+05
   5.3000000e+01  -2.0481341e+05  -2.1114575e+05
   5.3100000e+01  -1.5601180e+05  -2.1475317e+05
   5.3200000e+01  -1.0589359e+05  -2.1418448e+05
   5.3300000e+01  -6.0134629e+04  -2.1180162e+05
   5.3400000e+01  -2.1856275e+04  -2.0946523e+05
   5.3500000e+01   7.5775430e+03  -2.0651794e+05
   5.3600000e+01   2.9153543e+04  -1.9858141e+05
   5.3700000e+01   4.8269871e+04  -1.7779050e+05
   5.3800000e+01   7.5379484e+04  -1.3543434e+05
   5.3900000e+01   1.2105621e+05  -6.7591070e+04
   5.4000000e+01   1.8573473e+05   1.8470049e+04
   5.4100000e+01   2.5294667e+05   1.0306934e+05
   5.4200000e+01   2.9704591e+05   1.6328916e+05
   5.4300000e+01   3.0412512e+05   1.8945625e+05
   5.4400000e+01   2.8772466e+05   1.9596458e+05
   5.4500000e+01   2.8046750e+05   2.1372706e+05
   5.4600000e+01   3.0536562e+05   2.6612200e+05
   5.4700000e+01   3.5377028e+05   3.4736394e+05
   5.4800000e+01   3.9271534e+05   4.2349178e+05
   5.4900000e+01   3.9454662e+05   4.5716403e+05
   5.5000000e+01   3.5908991e+05   4.3535038e+05
   5.5100000e+01   3.0837069e+05   3.7626859e+05
   5.5200000e+01   2.6343738e+05   3.1178616e+05
   5.5300000e+01   2.2820773e+05   2.6353128e+05
   5.5400000e+01   1.9262884e+05   2.3309378e+05
   5.5500000e+01   1.4608770e+05   2.0935583e+05
   5.5600000e+01   8.6219438e+04   1.8013300e+05
   5.5700000e+01   1.8516559e+04   1.3705708e+05
   5.5800000e+01  -4.8464668e+04   7.5469453e+04
   5.5900000e+01  -1.0771718e+05  -3.3303877e+03
   5.6000000e+01  -1.5682403e+05  -8.7666656e+04
   5.6100000e+01  -1.9795070e+05  -1.5694933e+05
   5.6200000e+01  -2.3369756e+05  -1.9266344e+05
   5.6300000e+01  -2.6224447e+05  -1.9082097e+05
   5.6400000e+01  -2.7796397e+05  -1.6424472e+05
   5.6500000e+01  -2.7809566e+05  -1.3267738e+05
   5.6600000e+01  -2.6784672e+05  -1.1004675e+05
   5.6700000e+01  -2.5713655e+05  -9.8804258e+04
   5.6800000e+01  -2.5219239e+05  -9.2785078e+04
   5.6900000e+01  -2.5126967e+05  -8.3573047e+04
   5.7000000e+01  -2.4813394e+05  -6.6016484e+04
   5.7100000e+01  -2.3796627e+05  -4.1424781e+04
   5.7200000e+01  -2.1974709e+05  -1.7311758e+04
   5.7300000e+01  -1.9542325e+05  -2.7674338e+03
   5.7400000e+01  -1.6890670e+05  -2.0107593e+03
   5.7500000e+01  -1.4473225e+05  -1.1859140e+04
   5.7600000e+01  -1.2483408e+05  -2.5767982e+04
   5.7700000e+01  -1.0600920e+05  -3.9864691e+04
   5.7800000e+01  -8.2773914e+04  -5.4294891e+04
   5.7900000e+01  -5.4407129e+04  -6.9530086e+04
   5.8000000e+01  -2.7856160e+04  -8.3509867e+04
   5.8100000e+01  -1.1021322e+04  -9.3037406e+04
   5.8200000e+01  -2.3546665e+03  -9.6036703e+04
   5.8300000e+01   1.1085924e+04  -9.1029812e+04
   5.8400000e+01   4.2650859e+04  -7.6657109e+04
   5.8500000e+01   9.1743359e+04  -5.5422496e+04
   5.8600000e+01   1.4112903e+05  -3.7373059e+04
   5.8700000e+01   1.7134877e+05  -3.4075664e+04
   5.8800000e+01   1.8085105e+05  -4.3739629e+04
   5.8900000e+01   1.9187558e+05  -4.4392719e+04
   5.9000000e+01   2.3220845e+05  -9.6034844e+03
   5.9100000e+01   3.0598247e+05   6.3443664e+04
   5.9200000e+01   3.8139506e+05   1.4283631e+05
   5.9300000e+01   4.1119241e+05   1.8396870e+05
   5.9400000e+01   3.7053253e+05   1.6645281e+05
   5.9500000e+01   2.7777769e+05   1.1046988e+05
   5.9600000e+01   1.7914147e+05   5.7346711e+04
   5.9700000e+01   1.1287604e+05   3.4377605e+04
   5.9800000e+01   8.5815148e+04   3.6634195e+04
   5.9900000e+01   7.8426109e+04   3.8528949e+04
   6.0000000e+01   6.6242898e+04   1.9434514e+04
   6.0100000e+01   3.6289438e+04  -2.1163055e+04
   6.0200000e+01  -9.9301123e+03  -6.8805656e+04
   6.0300000e+01  -6.1422777e+04  -1.0946233e+05
   6.0400000e+01  -1.0448184e+05  -1.3886653e+05
   6.0500000e+01  -1.2988902e+05  -1.5947995e+05
   6.0600000e+01  -1.3840484e+05  -1.7257423e+05
   6.0700000e+01  -1.3939783e+05  -1.7621244e+05
   6.0800000e+01  -1.4185958e+05  -1.7050948e+05
   6.0900000e+01  -1.4621153e+05  -1.6144719e+05
   6.1000000e+01  -1.4612881e+05  -1.5635055e+05
   6.1100000e+01  -1.3838530e+05  -1.5554967e+05
   6.1200000e+01  -1.2866677e+05  -1.5072419e+05
   6.1300000e+01  -1.2568865e+05  -1.3269294e+05
   6.1400000e+01  -1.3016316e+05  -9.9969266e+04
   6.1500000e+01  -1.3199494e+05  -5.9115203e+04
   6.1600000e+01  -1.2012779e+05  -1.8372994e+04
   6.1700000e+01  -9.5060586e+04   1.7124945e+04
   6.1800000e+01  -7.0575117e+04   4.4831328e+04
   6.1900000e+01  -6.2339016e+04   6.2827941e+04
   6.2000000e+01  -7.4450797e+04   7.0409086e+04
   6.2100000e+01  -9.6650500e+04   6.9799078e+04
   6.2200000e+01  -1.1384089e+05   6.5836719e+04
   6.2300000e+01  -1.1782473e+05   6.3791566e+04
   6.2400000e+01  -1.1048848e+05   6.7459398e+04
   6.2500000e+01  -9.7525727e+04   7.7903508e+04
   6.2600000e+01  -8.1119508e+04   9.2333672e+04
   6.2700000e+01  -5.9502801e+04   1.0466990e+05
   6.2800000e+01  -3.2698580e+04   1.0946046e+05
   6.2900000e+01  -6.7301206e+03   1.0652623e+05
   6.3000000e+01   9.7168818e+03   1.0110376e+05
   6.3100000e+01   1.3910549e+04   9.8949148e+04
   6.3200000e+01   1.4290532e+04   1.0238336e+05
   6.3300000e+01   2.5675260e+04   1.1178666e+05
   6.3400000e+01   5.7062184e+04   1.2873659e+05
   6.3500000e+01   1.0248920e+05   1.5396725e+05
   6.3600000e+01   1.4376686e+05   1.8126914e+05
   6.3700000e+01   1.6337344e+05   1.9687542e+05
   6.3800000e+01   1.5654330e+05   1.8969391e+05
   6.3900000e+01   1.3295800e+05   1.6393302e+05
   6.4000000e+01   1.0851645e+05   1.3922097e+05
   6.4100000e+01   9.5363250e+04   1.3421098e+05
   6.4200000e+01   9.6745164e+04   1.4760647e+05
   6.4300000e+01   1.0702061e+05   1.5576405e+05
   6.4400000e+01   1.1465745e+05   1.3135461e+05
   6.4500000e+01   1.0781098e+05   6.6967656e+04
   6.4600000e+01   8.1838930e+04  -1.7919924e+04
   6.4700000e+01   4.4200910e+04  -9.2373234e+04
   6.4800000e+01   1.1087705e+04  -1.3633347e+05
   6.4900000e+01  -3.5273833e+03  -1.4945100e+05
   6.5000000e+01   2.2470959e+03  -1.4187511e+05
   6.5100000e+01   1.7917602e+04  -1.2106964e+05
   6.5200000e+01   2.9388359e+04  -8.9700586e+04
   6.5300000e+01   2.8472988e+04  -5.3510078e+04
   6.5400000e+01   1.5930509e+04  -2.5146199e+04
   6.5500000e+01  -1.9475524e+03  -1.5691891e+04
   6.5600000e+01  -1.8394645e+04  -2.2405846e+04
   6.5700000e+01  -2.9122324e+04  -2.7973650e+04
   6.5800000e+01  -3.2696840e+04  -1.4696970e+04
   6.5900000e+01  -2.9545590e+04   1.9733668e+04
   6.6000000e+01  -2.0951646e+04   6.0482535e+04
   6.6100000e+01  -9.1455391e+03   8.8630812e+04
   6.6200000e+01   1.5526602e+03   9.4811281e+04
   6.6300000e+01   4.5142495e+03   8.0362047e+04
   6.6400000e+01  -6.4404297e+03   4.8097117e+04
   6.6500000e+01  -3.2495646e+04  -3.9385935e+03
   6.6600000e+01  -6.7789398e+04  -7.7624203e+04
   6.6700000e+01  -1.0235060e+05  -1.6549111e+05
   6.6800000e+01  -1.2717660e+05  -2.4985709e+05
   6.6900000e+01  -1.3666691e+05  -3.1339672e+05
   6.7000000e+01  -1.2807237e+05  -3.5056678e+05
   6.7100000e+01  -1.0218871e+05  -3.6839116e+05
   6.7200000e+01  -6.6868312e+04  -3.7733219e+05
   6.7300000e+01  -3.7851027e+04  -3.8281484e+05
   6.7400000e+01  -3.0626949e+04  -3.8419925e+05
   6.7500000e+01  -4.6580961e+04  -3.7755309e+05
   6.7600000e+01  -6.6480555e+04  -3.5608509e+05
   6.7700000e+01  -6.1245676e+04  -3.0975681e+05
   6.7800000e+01  -1.4294652e+04  -2.3057475e+05
   6.7900000e+01   6.3043574e+04  -1.2303047e+05
   6.8000000e+01   1.3760384e+05  -8.5334102e+03
   6.8100000e+01   1.7843223e+05   8.5560031e+04
   6.8200000e+01   1.7956986e+05   1.4594544e+05
   6.8300000e+01   1.6299381e+05   1.8362775e+05
   6.8400000e+01   1.5940092e+05   2.2278450e+05
   6.8500000e+01   1.8260980e+05   2.7756234e+05
   6.8600000e+01   2.1839684e+05   3.3868459e+05
   6.8700000e+01   2.3644950e+05   3.8215409e+05
   6.8800000e+01   2.1482931e+05   3.9082653e+05
   6.8900000e+01   1.5632856e+05   3.6833556e+05
   6.9000000e+01   8.4186000e+04   3.3381253e+05
   6.9100000e+01   2.3216848e+04   3.0431266e+05
   6.9200000e+01  -1.6044479e+04   2.8176928e+05
   6.9300000e+01  -3.8317652e+04   2.5517830e+05
   6.9400000e+01  -5.3412836e+04   2.1411722e+05
   6.9500000e+01  -6.7569906e+04   1.6009297e+05
   6.9600000e+01  -8.3406805e+04   1.0535749e+05
   6.9700000e+01  -1.0409331e+05   6.1314867e+04
   6.9800000e+01  -1.3348822e+05   2.8700418e+04
   6.9900000e+01  -1.7082492e+05  -6.2770825e+02
   7.0000000e+01  -2.0672569e+05  -3.3054148e+04
   7.0100000e+01  -2.2704900e+05  -6.5801109e+04
   7.0200000e+01  -2.2290883e+05  -9.0245000e+04
   7.0300000e+01  -1.9822148e+05  -1.0059648e+05
   7.0400000e+01  -1.6756669e+05  -9.7360891e+04
   7.0500000e+01  -1.4561300e+05  -8.3510562e+04
   7.0600000e+01  -1.3695650e+05  -6.1403191e+04
   7.0700000e+01  -1.3491055e+05  -3.5911684e+04
   7.0800000e+01  -1.2958012e+05  -1.7721111e+04
   7.0900000e+01  -1.1699042e+05  -1.7694049e+04
   7.1000000e+01  -1.0062423e+05  -3.5109191e+04
   7.1100000e+01  -8.5160047e+04  -5.4058902e+04
   7.1200000e+01  -7.0509234e+04  -5.5909273e+04
   7.1300000e+01  -5.3093332e+04  -3.6930113e+04
   7.1400000e+01  -3.2113604e+04  -1.2324817e+04
   7.1500000e+01  -1.2495227e+04  -2.0378883e+03
   7.1600000e+01  -6.2157373e+02  -1.3510887e+04
   7.1700000e+01   1.8896587e+03  -3.8538266e+04
   7.1800000e+01  -1.0065977e+03  -6.4302766e+04
   7.1900000e+01  -4.4221343e+03  -8.3902203e+04
   7.2000000e+01  -5.8084253e+03  -9.5743039e+04
   7.2100000e+01  -2.8617983e+03  -9.6669914e+04
   7.2200000e+01   9.3987832e+03  -8.0843875e+04
   7.2300000e+01   3.5548004e+04  -4.7608602e+04
   7.2400000e+01   7.1958281e+04  -8.6754102e+03
   7.2500000e+01   1.0429250e+05   1.6492781e+04
   7.2600000e+01   1.1732241e+05   1.6163891e+04
   7.2700000e+01   1.1039420e+05  -1.2337898e+03
   7.2800000e+01   1.0231509e+05  -1.1506639e+04
   7.2900000e+01   1.1691692e+05   5.2629292e+03
   7.3000000e+01   1.6006828e+05   4.6403629e+04
   7.3100000e+01   2.1040261e+05   8.7845438e+04
   7.3200000e+01   2.3523441e+05   1.0446519e+05
   7.3300000e+01   2.1872356e+05   9.0057797e+04
   7.3400000e+01   1.7607953e+05   5.8079672e+04
   7.3500000e+01   1.4016531e+05   2.4934873e+04
   7.3600000e+01   1.3315050e+05  -4.7736743e+03
   7.3700000e+01   1.4930269e+05  -3.6629488e+04
   7.3800000e+01   1.6297353e+05  -7.4281438e+04
   7.3900000e+01   1.5200217e+05  -1.1315221e+05
   7.4000000e+01   1.1485069e+05  -1.4598156e+05
   7.4100000e+01   6.8781172e+04  -1.7056130e+05
   7.4200000e+01   3.4340957e+04  -1.8911248e+05
   7.4300000e+01   2.0944789e+04  -2.0141261e+05
   7.4400000e+01   2.3664727e+04  -2.0186470e+05
   7.4500000e+01   3.0211031e+04  -1.8458841e+05
   7.4600000e+01   3.0204277e+04  -1.5010662e+05
   7.4700000e+01   2.0111936e+04  -1.0586362e+05
   7.4800000e+01   2.7662727e+03  -6.0508930e+04
   7.4900000e+01  -1.5902157e+04  -1.8099791e+04
   7.5000000e+01  -3.0634918e+04   2.2819383e+04
   7.5100000e+01  -4.0388117e+04   6.5300270e+04
   7.5200000e+01  -5.0292012e+04   1.0874945e+05
   7.5300000e+01  -6.9189180e+04   1.4663559e+05
   7.5400000e+01  -1.0207137e+05   1.6985748e+05
   7.5500000e+01  -1.4277456e+05   1.7422311e+05
   7.5600000e+01  -1.7517930e+05   1.6559727e+05
   7.5700000e+01  -1.8471545e+05   1.5638486e+05
   7.5800000e+01  -1.7092931e+05   1.5468734e+05
   7.5900000e+01  -1.4879073e+05   1.5604808e+05
   7.6000000e+01  -1.3655711e+05   1.4694636e+05
   7.6100000e+01  -1.4128800e+05   1.1787917e+05
   7.6200000e+01  -1.5502828e+05   7.3391867e+04
   7.6300000e+01  -1.6342167e+05   2.8841053e+04
   7.6400000e+01  -1.5685384e+05  -2.6812222e+03
   7.6500000e+01  -1.3420648e+05  -1.9587156e+04
   7.6600000e+01  -9.9075992e+04  -2.8239256e+04
   7.6700000e+01  -5.5826750e+04  -3.2249715e+04
   7.6800000e+01  -1.0248779e+04  -2.8037480e+04
   7.6900000e+01   2.8672502e+04  -1.1647334e+04
   7.7000000e+01   5.2374656e+04   1.2866854e+04
   7.7100000e+01   6.1251383e+04   3.5840109e+04
   7.7200000e+01   6.8456227e+04   5.3696852e+04
   7.7300000e+01   9.0596094e+04   7.4868758e+04
   7.7400000e+01   1.3062995e+05   1.0981205e+05
   7.7500000e+01   1.7008486e+05   1.5459006e+05
   7.7600000e+01   1.8165316e+05   1.8797700e+05
   7.7700000e+01   1.5261444e+05   1.8867367e+05
   7.7800000e+01   9.6659906e+04   1.5603741e+05
   7.7900000e+01   4.2438098e+04   1.1195260e+05
   7.8000000e+01   1.0471660e+04   8.0816508e+04
   7.8100000e+01   2.6086621e+02   6.7591102e+04
   7.8200000e+01  -3.3124028e+03   5.5276398e+04
   7.8300000e+01  -1.4404379e+04   2.2727883e+04
   7.8400000e+01  -3.6773035e+04  -3.5564164e+04
   7.8500000e+01  -6.5562680e+04  -1.0530622e+05
   7.8600000e+01  -9.4239945e+04  -1.6457631e+05
   7.8700000e+01  -1.1900734e+05  -1.9917027e+05
   7.8800000e+01  -1.3838606e+05  -2.0903683e+05
   7.8900000e+01  -1.5067534e+05  -2.0463961e+05
   7.9000000e+01  -1.5326477e+05  -1.9965333e+05
   7.9100000e+01  -1.4543125e+05  -2.0485727e+05
   7.9200000e+01  -1.3183519e+05  -2.2344334e+05
   7.9300000e+01  -1.2140877e+05  -2.4802681e+05
   7.9400000e+01  -1.2002844e+05  -2.6300106e+05
   7.9500000e+01  -1.2311561e+05  -2.5429483e+05
   7.9600000e+01  -1.1700315e+05  -2.2042502e+05
   7.9700000e+01  -9.0141273e+04  -1.7406748e+05
   7.9800000e+01  -4.4262684e+04  -1.3116703e+05
   7.9900000e+01   5.7943242e+03  -9.8037734e+04
   8.0000000e+01   4.4111062e+04  -6.9539391e+04
   8.0100000e+01   6.6266977e+04  -3.8865246e+04
   8.0200000e+01   8.0734023e+04  -6.8940811e+03
   8.0300000e+01   9.8343906e+04   1.8459582e+04
   8.0400000e+01   1.2031619e+05   2.9731145e+04
   8.0500000e+01   1.3633438e+05   2.5119391e+04
   8.0600000e+01   1.3463352e+05   8.5312891e+03
   8.0700000e+01   1.1499314e+05  -1.1687412e+04
   8.0800000e+01   9.2700469e+04  -2.3638551e+04
   8.0900000e+01   8.9154914e+04  -1.5600941e+04
   8.1000000e+01   1.1600389e+05   1.6569891e+04
   8.1100000e+01   1.6512350e+05   6.4500590e+04
   8.1200000e+01   2.1256188e+05   1.1128931e+05
   8.1300000e+01   2.3452491e+05   1.4256716e+05
   8.1400000e+01   2.2459295e+05   1.5586575e+05
   8.1500000e+01   1.9917994e+05   1.6149808e+05
   8.1600000e+01   1.8524125e+05   1.7501394e+05
   8.1700000e+01   1.9776898e+05   2.0594480e+05
   8.1800000e+01   2.2509177e+05   2.4919002e+05
   8.1900000e+01   2.3612112e+05   2.8551362e+05
   8.2000000e+01   2.0525655e+05   2.9361991e+05
   8.2100000e+01   1.3373053e+05   2.6679291e+05
   8.2200000e+01   4.8593957e+04   2.2001033e+05
   8.2300000e+01  -1.8807262e+04   1.7927809e+05
   8.2400000e+01  -5.5009836e+04   1.6113184e+05
   8.2500000e+01  -6.9571172e+04   1.6029027e+05
   8.2600000e+01  -8.2936859e+04   1.5575011e+05
   8.2700000e+01  -1.1025980e+05   1.2829991e+05
   8.2800000e+01  -1.5307925e+05   7.3750172e+04
   8.2900000e+01  -2.0114694e+05   3.2024014e+03
   8.3000000e+01  -2.3999527e+05  -6.5807227e+04
   8.3100000e+01  -2.5902803e+05  -1.1853363e+05
   8.3200000e+01  -2.5639666e+05  -1.4799331e+05
   8.3300000e+01  -2.3875136e+05  -1.5616911e+05
   8.3400000e+01  -2.1663217e+05  -1.5250284e+05
   8.3500000e+01  -1.9866772e+05  -1.4927941e+05
   8.3600000e+01  -1.8771642e+05  -1.5471648e+05
   8.3700000e+01  -1.8028300e+05  -1.6787703e+05
   8.3800000e+01  -1.6934912e+05  -1.7988256e+05
   8.3900000e+01  -1.4988638e+05  -1.8106414e+05
   8.4000000e+01  -1.2386723e+05  -1.6801644e+05
   8.4100000e+01  -9.9664625e+04  -1.4443539e+05
   8.4200000e+01  -8.4316320e+04  -1.1587243e+05
   8.4300000e+01  -7.5182211e+04  -8.4639648e+04
   8.4400000e+01  -6.0611211e+04  -5.0407684e+04
   8.4500000e+01  -3.1030496e+04  -1.5244923e+04
   8.4600000e+01   1.0102460e+04   1.3484003e+04
   8.4700000e+01   4.7484883e+04   2.6746867e+04
   8.4800000e+01   6.7092297e+04   2.0925307e+04
   8.4900000e+01   6.8366102e+04   9.5809778e+02
   8.5000000e+01   6.3599910e+04  -2.3832533e+04
   8.5100000e+01   6.5941500e+04  -4.6562609e+04
   8.5200000e+01   7.8403258e+04  -6.4859523e+04
   8.5300000e+01   9.3976484e+04  -7.6930109e+04
   8.5400000e+01   1.0493398e+05  -7.8206023e+04
   8.5500000e+01   1.1047688e+05  -6.4734336e+04
   8.5600000e+01   1.1477073e+05  -4.0413945e+04
   8.5700000e+01   1.1875427e+05  -1.8271355e+04
   8.5800000e+01   1.1671226e+05  -1.0807578e+04
   8.5900000e+01   1.0336879e+05  -1.7075229e+04
   8.6000000e+01   8.3816641e+04  -2.0306908e+04
   8.6100000e+01   7.2622336e+04  -1.2097795e+03
   8.6200000e+01   7.9452102e+04   4.3656812e+04
   8.6300000e+01   9.5903789e+04   9.5482281e+04
   8.6400000e+01   1.0043224e+05   1.2594653e+05
   8.6500000e+01   7.9323133e+04   1.1917875e+05
   8.6600000e+01   4.2059750e+04   8.4519008e+04
   8.6700000e+01   1.3499973e+04   4.9140629e+04
   8.6800000e+01   1.0343342e+04   3.6370914e+04
   8.6900000e+01   2.6652375e+04   4.7591113e+04
   8.7000000e+01   4.2389285e+04   6.2789477e+04
   8.7100000e+01   4.3386516e+04   5.8958977e+04
   8.7200000e+01   3.1046166e+04   2.9871318e+04
   8.7300000e+01   1.5038477e+04  -1.0157881e+04
   8.7400000e+01   1.5695586e+03  -4.0446219e+04
   8.7500000e+01  -9.3847891e+03  -5.1176398e+04
   8.7600000e+01  -1.8993402e+04  -4.7759027e+04
   8.7700000e+01  -2.6526875e+04  -4.1340121e+04
   8.7800000e+01  -3.1861529e+04  -3.7958285e+04
   8.7900000e+01  -3.7681074e+04  -3.6605121e+04
   8.8000000e+01  -4.6860953e+04  -3.3985938e+04
   8.8100000e+01  -5.8656500e+04  -2.7718410e+04
   8.8200000e+01  -6.9144688e+04  -1.5594160e+04
   8.8300000e+01  -7.4918758e+04   4.5515474e+03
   8.8400000e+01  -7.4936109e+04   3.2026205e+04
   8.8500000e+01  -6.9379477e+04   6.1771332e+04
   8.8600000e+01  -5.9003430e+04   8.8159883e+04
   8.8700000e+01  -4.6228812e+04   1.1055833e+05
   8.8800000e+01  -3.4886410e+04   1.3318586e+05
   8.8900000e+01  -2.7364725e+04   1.5790505e+05
   8.9000000e+01  -2.3240105e+04   1.7756264e+05
   8.9100000e+01  -2.2372607e+04   1.7824561e+05
   8.9200000e+01  -2.8001688e+04   1.5016508e+05
   8.9300000e+01  -4.3444273e+04   9.8005766e+04
   8.9400000e+01  -6.4835668e+04   4.1050402e+04
   8.9500000e+01  -8.0229031e+04   1.4170823e+03
   8.9600000e+01  -7.9408742e+04  -1.1310153e+04
   8.9700000e+01  -6.4858016e+04  -6.7652363e+03
   8.9800000e+01  -5.0804137e+04  -5.5293247e+03
   8.9900000e+01  -4.9991195e+04  -2.2241652e+04
   9.0000000e+01  -6.1601527e+04  -5.4819590e+04
   9.0100000e+01  -7.2166977e+04  -8.9202430e+04
   9.0200000e+01  -6.7268234e+04  -1.1352809e+05
   9.0300000e+01  -4.2129918e+04  -1.2614798e+05
   9.0400000e+01  -3.0536638e+03  -1.3005270e+05
   9.0500000e+01   3.8293355e+04  -1.2347516e+05
   9.0600000e+01   7.1156477e+04  -1.0146018e+05
   9.0700000e+01   8.9160117e+04  -6.8254234e+04
   9.0800000e+01   9.1840719e+04  -4.3341871e+04
   9.0900000e+01   8.5205312e+04  -4.7982066e+04
   9.1000000e+01   7.9967383e+04  -8.2397344e+04
   9.1100000e+01   8.6122086e+04  -1.1883708e+05
   9.1200000e+01   1.0594120e+05  -1.2216511e+05
   9.1300000e+01   1.3060320e+05  -8.0525141e+04
   9.1400000e+01   1.4436819e+05  -1.6567678e+04
   9.1500000e+01   1.3455195e+05   3.1498736e+04
   9.1600000e+01   1.0028244e+05   4.0670605e+04
   9.1700000e+01   5.3263316e+04   1.8148510e+04
   9.1800000e+01   9.9562910e+03  -9.6641934e+03
   9.1900000e+01  -1.8544020e+04  -2.0757062e+04
   9.2000000e+01  -3.1354514e+04  -1.2557847e+04
   9.2100000e+01  -3.5047648e+04   1.4751738e+03
   9.2200000e+01  -3.7382309e+04   6.8990645e+03
   9.2300000e+01  -4.2921367e+04   2.5850525e+02
   9.2400000e+01  -5.1975777e+04  -1.1398343e+04
   9.2500000e+01  -6.0854664e+04  -2.0360719e+04
   9.2600000e+01  -6.2571977e+04  -2.6004039e+04
   9.2700000e+01  -4.9896566e+04  -3.2596928e+04
   9.2800000e+01  -2.1184182e+04  -4.1234570e+04
   9.2900000e+01   1.5566043e+04  -4.6966008e+04
   9.3000000e+01   4.6060820e+04  -4.5513719e+04
   9.3100000e+01   5.9379992e+04  -4.1133301e+04
   9.3200000e+01   5.5232809e+04  -4.4394887e+04
   9.3300000e+01   4.1531473e+04  -6.0615738e+04
   9.3400000e+01   2.5224248e+04  -8.1992992e+04
   9.3500000e+01   6.6522002e+03  -9.3269336e+04
   9.3600000e+01  -1.6770588e+04  -8.5279453e+04
   9.3700000e+01  -4.2856016e+04  -6.1801910e+04
   9.3800000e+01  -6.2903980e+04  -3.3321715e+04
   9.3900000e+01  -6.8843805e+04  -5.9500020e+03
   9.4000000e+01  -6.1676633e+04   2.2521613e+04
   9.4100000e+01  -5.1619797e+04   5.7108945e+04
   9.4200000e+01  -4.9000336e+04   9.8219641e+04
   9.4300000e+01  -5.4879770e+04   1.3958367e+05
   9.4400000e+01  -6.0978016e+04   1.7190067e+05
   9.4500000e+01  -5.8818062e+04   1.8837964e+05
   9.4600000e+01  -4.8071449e+04   1.8903167e+05
   9.4700000e+01  -3.4763680e+04   1.8187988e+05
   9.4800000e+01  -2.1537125e+04   1.7951020e+05
   9.4900000e+01  -2.3919302e+03   1.9133034e+05
   9.5000000e+01   2.9484797e+04   2.1599255e+05
   9.5100000e+01   6.8124148e+04   2.4026855e+05
   9.5200000e+01   9.3121695e+04   2.4686673e+05
   9.5300000e+01   8.7447602e+04   2.2682914e+05
   9.5400000e+01   5.9157188e+04   1.8782348e+05
   9.5500000e+01   4.1660484e+04   1.5115003e+05
   9.5600000e+01   6.6201203e+04   1.3735339e+05
   9.5700000e+01   1.3078383e+05   1.4955772e+05
   9.5800000e+01   1.9761731e+05   1.6823303e+05
   9.5900000e+01   2.2429033e+05   1.6438523e+05
   9.6000000e+01   1.9958350e+05   1.2246473e+05
   9.6100000e+01   1.5015134e+05   5.3568887e+04
   9.6200000e+01   1.1395245e+05  -1.3418853e+04
   9.6300000e+01   1.0793916e+05  -5.5011281e+04
   9.6400000e+01   1.1925681e+05  -6.9846141e+04
   9.6500000e+01   1.2334362e+05  -7.5627594e+04
   9.6600000e+01   1.0795012e+05  -9.2078188e+04
   9.6700000e+01   8.1236922e+04  -1.2637964e+05
   9.6800000e+01   6.0339188e+04  -1.7139023e+05
   9.6900000e+01   5.4205062e+04  -2.1391414e+05
   9.7000000e+01   5.6969309e+04  -2.4403927e+05
   9.7100000e+01   5.6474770e+04  -2.5940917e+05
   9.7200000e+01   4.8128199e+04  -2.6363641e+05
   9.7300000e+01   3.9566020e+04  -2.6123238e+05
   9.7400000e+01   4.1098078e+04  -2.5286819e+05
   9.7500000e+01   5.2026473e+04  -2.3483400e+05
   9.7600000e+01   5.8122797e+04  -2.0363600e+05
   9.7700000e+01   4.4141570e+04  -1.6176556e+05
   9.7800000e+01   8.8276416e+03  -1.1882110e+05
   9.7900000e+01  -3.3197301e+04  -8.6311734e+04
   9.8000000e+01  -6.4282895e+04  -7.0568656e+04
   9.8100000e+01  -7.7816156e+04  -6.9574320e+04
   9.8200000e+01  -8.0398336e+04  -7.5324992e+04
   9.8300000e+01  -8.2822906e+04  -7.8950125e+04
   9.8400000e+01  -9.0958680e+04  -7.5317648e+04
   9.8500000e+01  -1.0438962e+05  -6.5542539e+04
   9.8600000e+01  -1.2056259e+05  -5.6434352e+04
   9.8700000e+01  -1.3784523e+05  -5.6137012e+04
   9.8800000e+01  -1.5504603e+05  -6.7613734e+04
   9.8900000e+01  -1.7003905e+05  -8.4840336e+04
   9.9000000e+01  -1.8004955e+05  -9.5737414e+04
   9.9100000e+01  -1.8289416e+05  -9.0098523e+04
   9.9200000e+01  -1.7729420e+05  -6.6063219e+04
   9.9300000e+01  -1.6246178e+05  -3.0666762e+04
   9.9400000e+01  -1.3890748e+05   4.0697681e+03
   9.9500000e+01  -1.1064023e+05   2.5885352e+04
   9.9600000e+01  -8.5323883e+04   2.7376918e+04
   9.9700000e+01  -6.9155117e+04   1.2086566e+04
   9.9800000e+01  -6.0079109e+04  -3.4486150e+03
   9.9900000e+01  -4.9282699e+04  -4.5627911e+02
   1.0000000e+02  -3.2761650e+04   2.2630713e+04
