   1.1851270e+02   3.6301420e+01   1.8450000e+02
   1.1895516e+02   3.6700705e+01   7.4700000e+01
   0.0000000e+00   7.3878414e+04   7.3878414e+04
   1.0000000e-01   1.0360241e+05   3.7392910e+04
   2.0000000e-01   1.2648716e+05   7.9840741e+02
   3.0000000e-01   1.4530448e+05  -2.4850332e+04
   4.0000000e-01   1.5915119e+05  -2.9248061e+04
   5.0000000e-01   1.6126781e+05  -6.9075659e+03
   6.0000000e-01   1.4407180e+05   4.1242266e+04
   7.0000000e-01   1.0600627e+05   1.0835342e+05
   8.0000000e-01   5.2906859e+04   1.8394761e+05
   9.0000000e-01  -6.7330879e+03   2.5739148e+05
   1.0000000e+00  -6.6978078e+04   3.2090788e+05
   1.1000000e+00  -1.2590771e+05   3.7046356e+05
   1.2000000e+00  -1.8420017e+05   4.0430131e+05
   1.3000000e+00  -2.4327164e+05   4.2040194e+05
   1.4000000e+00  -3.0366719e+05   4.1497281e+05
   1.5000000e+00  -3.6417778e+05   3.8398550e+05
   1.6000000e+00  -4.2294850e+05   3.2783541e+05
   1.7000000e+00  -4.7961341e+05   2.5535078e+05
   1.8000000e+00  -5.3444594e+05   1.8156081e+05
   1.9000000e+00  -5.8341481e+05   1.1841322e+05
   2.0000000e+00  -6.1524494e+05   6.6198453e+04
   2.1000000e+00  -6.1691700e+05   1.5551528e+04
   2.2000000e+00  -5.8386712e+05  -3.9876152e+04
   2.3000000e+00  -5.2347616e+05  -9.2441453e+04
   2.4000000e+00  -4.4764462e+05  -1.2360341e+05
   2.5000000e+00  -3.6392106e+05  -1.1908680e+05
   2.6000000e+00  -2.7563212e+05  -8.1111820e+04
   2.7000000e+00  -1.8797080e+05  -2.6122830e+04
   2.8000000e+00  -1.0857545e+05   2.7918871e+04
   2.9000000e+00  -4.0174965e+04   7.0985648e+04
   3.0000000e+00   2.4025291e+04   9.9669023e+04
   3.1000000e+00   9.4066836e+04   1.1033469e+05
   3.2000000e+00   1.7279519e+05   9.6337812e+04
   3.3000000e+00   2.5387058e+05   5.2171910e+04
   3.4000000e+00   3.2972919e+05  -2.0572434e+04
   3.5000000e+00   3.9896378e+05  -1.1160505e+05
   3.6000000e+00   4.6544897e+05  -2.0632792e+05
   3.7000000e+00   5.3291431e+05  -2.9328706e+05
   3.8000000e+00   6.0214756e+05  -3.6962225e+05
   3.9000000e+00   6.7154362e+05  -4.3990966e+05
   4.0000000e+00   7.3738675e+05  -5.0771062e+05
   4.1000000e+00   7.9346606e+05  -5.6584938e+05
   4.2000000e+00   8.3245756e+05  -5.9532112e+05
   4.3000000e+00   8.4820231e+05  -5.7734906e+05
   4.4000000e+00   8.3515962e+05  -5.1047191e+05
   4.5000000e+00   7.8564031e+05  -4.1666469e+05
   4.6000000e+00   6.9092688e+05  -3.2791447e+05
   4.7000000e+00   5.4879506e+05  -2.6292866e+05
   4.8000000e+00   3.7014778e+05  -2.1478761e+05
   4.9000000e+00   1.7545939e+05  -1.6108191e+05
   5.0000000e+00  -1.7535734e+04  -8.6162461e+04
   5.1000000e+00  -2.0260255e+05   6.5010449e+03
   5.2000000e+00  -3.8107894e+05   1.0221458e+05
   5.3000000e+00  -5.5027950e+05   1.9162275e+05
   5.4000000e+00  -6.9770181e+05   2.7693816e+05
   5.5000000e+00  -8.0759462e+05   3.6324825e+05
   5.6000000e+00  -8.7253606e+05   4.4787178e+05
   5.7000000e+00  -8.9748962e+05   5.2062675e+05
   5.8000000e+00  -8.9249594e+05   5.7281738e+05
   5.9000000e+00  -8.6241750e+05   6.0326869e+05
   6.0000000e+00  -8.0456912e+05   6.1614344e+05
   6.1000000e+00  -7.1572069e+05   6.1597162e+05
   6.2000000e+00  -5.9984844e+05   6.0573056e+05
   6.3000000e+00  -4.6828162e+05   5.8654544e+05
   6.4000000e+00  -3.3320409e+05   5.5573175e+05
   6.5000000e+00  -2.0242089e+05   5.0568859e+05
   6.6000000e+00  -8.0303031e+04   4.2834312e+05
   6.7000000e+00   2.8267732e+04   3.2271128e+05
   6.8000000e+00   1.1705904e+05   1.9685833e+05
   6.9000000e+00   1.8197706e+05   6.1196637e+04
   7.0000000e+00   2.2446355e+05  -7.8480539e+04
   7.1000000e+00   2.5071425e+05  -2.1875711e+05
   7.2000000e+00   2.6740253e+05  -3.4996631e+05
   7.3000000e+00   2.7766391e+05  -4.5374791e+05
   7.4000000e+00   2.7999844e+05  -5.1299891e+05
   7.5000000e+00   2.7014897e+05  -5.2545625e+05
   7.6000000e+00   2.4461142e+05  -5.0723653e+05
   7.7000000e+00   2.0416119e+05  -4.8323378e+05
   7.8000000e+00   1.5581112e+05  -4.7371997e+05
   7.9000000e+00   1.1211751e+05  -4.8705453e+05
   8.0000000e+00   8.7735273e+04  -5.1963131e+05
   8.1000000e+00   9.3975859e+04  -5.5857788e+05
   8.2000000e+00   1.3292492e+05  -5.8518706e+05
   8.3000000e+00   1.9411558e+05  -5.8082056e+05
   8.4000000e+00   2.5753348e+05  -5.3511619e+05
   8.5000000e+00   3.0371053e+05  -4.5141709e+05
   8.6000000e+00   3.2506409e+05  -3.4407953e+05
   8.7000000e+00   3.2890269e+05  -2.2875027e+05
   8.8000000e+00   3.2793750e+05  -1.1346382e+05
   8.9000000e+00   3.2559972e+05   1.7380654e+03
   9.0000000e+00   3.0965522e+05   1.1650694e+05
   9.1000000e+00   2.6112531e+05   2.2130653e+05
   9.2000000e+00   1.7169056e+05   2.9743831e+05
   9.3000000e+00   5.4433895e+04   3.2807803e+05
   9.4000000e+00  -6.2221680e+04   3.1202784e+05
   9.5000000e+00  -1.5323231e+05   2.6777791e+05
   9.6000000e+00  -2.1260228e+05   2.2260020e+05
   9.7000000e+00  -2.5207594e+05   1.9471089e+05
   9.8000000e+00  -2.8413938e+05   1.8369806e+05
   9.9000000e+00  -3.0624528e+05   1.7728483e+05
   1.0000000e+01  -3.0278428e+05   1.6692834e+05
   1.0100000e+01  -2.6288856e+05   1.5646319e+05
   1.0200000e+01  -1.9434027e+05   1.5608066e+05
   1.0300000e+01  -1.1768913e+05   1.6974253e+05
   1.0400000e+01  -4.7327062e+04   1.9026075e+05
   1.0500000e+01   1.8661881e+04   2.0661312e+05
   1.0600000e+01   8.9102414e+04   2.1465225e+05
   1.0700000e+01   1.6364567e+05   2.2027286e+05
   1.0800000e+01   2.2981031e+05   2.3354769e+05
   1.0900000e+01   2.7548678e+05   2.6077170e+05
   1.1000000e+01   3.0050712e+05   3.0068012e+05
   1.1100000e+01   3.1385353e+05   3.4583397e+05
   1.1200000e+01   3.2154775e+05   3.8748069e+05
   1.1300000e+01   3.1975266e+05   4.2165128e+05
   1.1400000e+01   2.9854000e+05   4.5230703e+05
   1.1500000e+01   2.4912995e+05   4.8675603e+05
   1.1600000e+01   1.6724258e+05   5.2467075e+05
   1.1700000e+01   5.3732492e+04   5.5092669e+05
   1.1800000e+01  -8.3558242e+04   5.4200806e+05
   1.1900000e+01  -2.2864575e+05   4.8252800e+05
   1.2000000e+01  -3.6213909e+05   3.7649881e+05
   1.2100000e+01  -4.7093412e+05   2.4272544e+05
   1.2200000e+01  -5.5453169e+05   1.0055772e+05
   1.2300000e+01  -6.2182200e+05  -3.8953168e+04
   1.2400000e+01  -6.8166144e+05  -1.7068372e+05
   1.2500000e+01  -7.3560412e+05  -2.9004294e+05
   1.2600000e+01  -7.7700781e+05  -3.9342516e+05
   1.2700000e+01  -7.9468538e+05  -4.8202559e+05
   1.2800000e+01  -7.7822931e+05  -5.6060475e+05
   1.2900000e+01  -7.2358488e+05  -6.3057556e+05
   1.3000000e+01  -6.3630119e+05  -6.8633719e+05
   1.3100000e+01  -5.2855575e+05  -7.2070881e+05
   1.3200000e+01  -4.1026153e+05  -7.3348806e+05
   1.3300000e+01  -2.8170441e+05  -7.3272162e+05
   1.3400000e+01  -1.3556288e+05  -7.2713988e+05
   1.3500000e+01   3.2834352e+04  -7.1854938e+05
   1.3600000e+01   2.1669789e+05  -7.0200944e+05
   1.3700000e+01   3.9828191e+05  -6.7200550e+05
   1.3800000e+01   5.5731731e+05  -6.2718644e+05
   1.3900000e+01   6.8003588e+05  -5.6999600e+05
   1.4000000e+01   7.6315750e+05  -5.0381656e+05
   1.4100000e+01   8.1178525e+05  -4.3107381e+05
   1.4200000e+01   8.3309400e+05  -3.5229650e+05
   1.4300000e+01   8.2977506e+05  -2.6492788e+05
   1.4400000e+01   7.9861881e+05  -1.6345702e+05
   1.4500000e+01   7.3673544e+05  -4.3865047e+04
   1.4600000e+01   6.5031356e+05   8.8748836e+04
   1.4700000e+01   5.5613325e+05   2.1641966e+05
   1.4800000e+01   4.7178666e+05   3.1511541e+05
   1.4900000e+01   4.0247475e+05   3.6982853e+05
   1.5000000e+01   3.3717219e+05   3.8628094e+05
   1.5100000e+01   2.5861761e+05   3.8823922e+05
   1.5200000e+01   1.5858062e+05   4.0130550e+05
   1.5300000e+01   4.5646391e+04   4.3619388e+05
   1.5400000e+01  -5.9577984e+04   4.8486150e+05
   1.5500000e+01  -1.3645641e+05   5.3104806e+05
   1.5600000e+01  -1.7455045e+05   5.6440806e+05
   1.5700000e+01  -1.7689970e+05   5.8593650e+05
   1.5800000e+01  -1.5624766e+05   6.0189075e+05
   1.5900000e+01  -1.2677625e+05   6.1394512e+05
   1.6000000e+01  -9.5563969e+04   6.1553312e+05
   1.6100000e+01  -5.9513320e+04   5.9752362e+05
   1.6200000e+01  -1.1591657e+04   5.5750294e+05
   1.6300000e+01   4.7223906e+04   5.0365572e+05
   1.6400000e+01   1.0116821e+05   4.4913512e+05
   1.6500000e+01   1.2658504e+05   4.0165153e+05
   1.6600000e+01   1.0849550e+05   3.5794050e+05
   1.6700000e+01   5.2336465e+04   3.0858650e+05
   1.6800000e+01  -2.0169766e+04   2.4852850e+05
   1.6900000e+01  -8.7556484e+04   1.8248719e+05
   1.7000000e+01  -1.4339066e+05   1.1975865e+05
   1.7100000e+01  -1.9788573e+05   6.4453727e+04
   1.7200000e+01  -2.6646856e+05   1.2171002e+04
   1.7300000e+01  -3.5470791e+05  -4.3916762e+04
   1.7400000e+01  -4.5059766e+05  -1.0590111e+05
   1.7500000e+01  -5.3011956e+05  -1.7152428e+05
   1.7600000e+01  -5.7293894e+05  -2.3972991e+05
   1.7700000e+01  -5.7644056e+05  -3.1183650e+05
   1.7800000e+01  -5.5579031e+05  -3.8574688e+05
   1.7900000e+01  -5.2921819e+05  -4.5206566e+05
   1.8000000e+01  -5.0226609e+05  -5.0011247e+05
   1.8100000e+01  -4.6632544e+05  -5.2864369e+05
   1.8200000e+01  -4.1185066e+05  -5.4863519e+05
   1.8300000e+01  -3.4118822e+05  -5.7456875e+05
   1.8400000e+01  -2.6765422e+05  -6.1416175e+05
   1.8500000e+01  -2.0357166e+05  -6.6634906e+05
   1.8600000e+01  -1.5108370e+05  -7.2526362e+05
   1.8700000e+01  -1.0411265e+05  -7.8219506e+05
   1.8800000e+01  -5.6917262e+04  -8.2509281e+05
   1.8900000e+01  -9.9031221e+03  -8.4205138e+05
   1.9000000e+01   3.0954059e+04  -8.2879794e+05
   1.9100000e+01   5.8528949e+04  -7.9042656e+05
   1.9200000e+01   6.9837508e+04  -7.3224300e+05
   1.9300000e+01   7.0345156e+04  -6.5025056e+05
   1.9400000e+01   7.3842469e+04  -5.3560875e+05
   1.9500000e+01   9.4443273e+04  -3.9021988e+05
   1.9600000e+01   1.3422139e+05  -2.3370003e+05
   1.9700000e+01   1.7826352e+05  -8.9624750e+04
   1.9800000e+01   2.0584359e+05   3.6069266e+04
   1.9900000e+01   2.1040286e+05   1.6051250e+05
   2.0000000e+01   2.0856722e+05   3.0631625e+05
   2.0100000e+01   2.2665744e+05   4.7890084e+05
   2.0200000e+01   2.7656638e+05   6.6053312e+05
   2.0300000e+01   3.4578853e+05   8.2428100e+05
   2.0400000e+01   4.1220091e+05   9.5299256e+05
   2.0500000e+01   4.6723119e+05   1.0478077e+06
   2.0600000e+01   5.2180469e+05   1.1225265e+06
   2.0700000e+01   5.8892144e+05   1.1904704e+06
   2.0800000e+01   6.6280881e+05   1.2534401e+06
   2.0900000e+01   7.1796350e+05   1.2999626e+06
   2.1000000e+01   7.2923162e+05   1.3138198e+06
   2.1100000e+01   6.9188519e+05   1.2859791e+06
   2.1200000e+01   6.2198569e+05   1.2198605e+06
   2.1300000e+01   5.3854975e+05   1.1261078e+06
   2.1400000e+01   4.4650134e+05   1.0132675e+06
   2.1500000e+01   3.3641656e+05   8.8368050e+05
   2.1600000e+01   1.9920819e+05   7.3656569e+05
   2.1700000e+01   3.9934645e+04   5.7243338e+05
   2.1800000e+01  -1.2262379e+05   3.9376209e+05
   2.1900000e+01  -2.6907841e+05   2.0333045e+05
   2.2000000e+01  -3.9149844e+05   4.0268477e+03
   2.2100000e+01  -4.9297553e+05  -1.9996358e+05
   2.2200000e+01  -5.7701319e+05  -4.0366831e+05
   2.2300000e+01  -6.3935175e+05  -6.0345712e+05
   2.2400000e+01  -6.7056844e+05  -7.9647538e+05
   2.2500000e+01  -6.6469269e+05  -9.7563319e+05
   2.2600000e+01  -6.2320706e+05  -1.1260435e+06
   2.2700000e+01  -5.5163162e+05  -1.2306844e+06
   2.2800000e+01  -4.5602016e+05  -1.2836524e+06
   2.2900000e+01  -3.4513247e+05  -1.2981570e+06
   2.3000000e+01  -2.3365289e+05  -1.2981321e+06
   2.3100000e+01  -1.3829333e+05  -1.2982658e+06
   2.3200000e+01  -6.8151328e+04  -1.2909581e+06
   2.3300000e+01  -2.0391248e+04  -1.2538918e+06
   2.3400000e+01   1.2306613e+04  -1.1720421e+06
   2.3500000e+01   3.0392867e+04  -1.0534615e+06
   2.3600000e+01   2.5705930e+04  -9.2410306e+05
   2.3700000e+01  -7.9115977e+03  -8.0679488e+05
   2.3800000e+01  -6.3113402e+04  -7.0351388e+05
   2.3900000e+01  -1.1924220e+05  -5.9592056e+05
   2.4000000e+01  -1.5470088e+05  -4.6229556e+05
   2.4100000e+01  -1.6074558e+05  -2.9547738e+05
   2.4200000e+01  -1.4568333e+05  -1.0716030e+05
   2.4300000e+01  -1.2669619e+05   8.3161383e+04
   2.4400000e+01  -1.1557124e+05   2.6320331e+05
   2.4500000e+01  -1.0940024e+05   4.3329491e+05
   2.4600000e+01  -9.4794125e+04   5.9845688e+05
   2.4700000e+01  -6.3369293e+04   7.5584331e+05
   2.4800000e+01  -2.4065965e+04   8.9013000e+05
   2.4900000e+01   2.0729497e+03   9.8185100e+05
   2.5000000e+01   2.0126616e+03   1.0216326e+06
   2.5100000e+01  -1.4788414e+04   1.0173766e+06
   2.5200000e+01  -2.4572418e+04   9.8725869e+05
   2.5300000e+01  -1.2945641e+04   9.4453081e+05
   2.5400000e+01   1.1231341e+04   8.8841381e+05
   2.5500000e+01   2.6802559e+04   8.0952225e+05
   2.5600000e+01   2.3969691e+04   7.0307375e+05
   2.5700000e+01   1.5502481e+04   5.7525544e+05
   2.5800000e+01   2.5130662e+04   4.3743438e+05
   2.5900000e+01   6.6533258e+04   2.9821016e+05
   2.6000000e+01   1.3318344e+05   1.6452553e+05
   2.6100000e+01   2.0559059e+05   4.8283297e+04
   2.6200000e+01   2.6612372e+05  -3.5008852e+04
   2.6300000e+01   3.0830238e+05  -7.8606312e+04
   2.6400000e+01   3.3593459e+05  -9.3355625e+04
   2.6500000e+01   3.5644444e+05  -9.9125164e+04
   2.6600000e+01   3.7476738e+05  -1.0572478e+05
   2.6700000e+01   3.9075119e+05  -1.0456380e+05
   2.6800000e+01   3.9958772e+05  -8.0723133e+04
   2.6900000e+01   3.9440078e+05  -3.1536988e+04
   2.7000000e+01   3.7078688e+05   2.8652885e+04
   2.7100000e+01   3.3154891e+05   8.0585422e+04
   2.7200000e+01   2.8715391e+05   1.1345308e+05
   2.7300000e+01   2.4899027e+05   1.2571854e+05
   2.7400000e+01   2.1974881e+05   1.1655914e+05
   2.7500000e+01   1.9046814e+05   8.1536984e+04
   2.7600000e+01   1.4856861e+05   1.8730756e+04
   2.7700000e+01   8.9467250e+04  -6.2939465e+04
   2.7800000e+01   2.0041387e+04  -1.4549444e+05
   2.7900000e+01  -4.8656340e+04  -2.1502009e+05
   2.8000000e+01  -1.1039650e+05  -2.7358628e+05
   2.8100000e+01  -1.6537411e+05  -3.3647041e+05
   2.8200000e+01  -2.1540250e+05  -4.1523266e+05
   2.8300000e+01  -2.6007184e+05  -5.0207856e+05
   2.8400000e+01  -2.9715306e+05  -5.7080794e+05
   2.8500000e+01  -3.2416594e+05  -5.9404631e+05
   2.8600000e+01  -3.3860694e+05  -5.6129769e+05
   2.8700000e+01  -3.3866250e+05  -4.8272809e+05
   2.8800000e+01  -3.2566188e+05  -3.7785241e+05
   2.8900000e+01  -3.0480100e+05  -2.6135044e+05
   2.9000000e+01  -2.8083500e+05  -1.3832016e+05
   2.9100000e+01  -2.5251042e+05  -1.0604916e+04
   2.9200000e+01  -2.1355331e+05   1.1435773e+05
   2.9300000e+01  -1.6133566e+05   2.2185119e+05
   2.9400000e+01  -1.0414559e+05   2.9734622e+05
   2.9500000e+01  -5.7869352e+04   3.3588575e+05
   2.9600000e+01  -3.4240328e+04   3.4386666e+05
   2.9700000e+01  -3.2194924e+04   3.3103053e+05
   2.9800000e+01  -4.0333469e+04   3.0070259e+05
   2.9900000e+01  -4.6975094e+04   2.4853397e+05
   3.0000000e+01  -4.8134473e+04   1.7088477e+05
   3.0100000e+01  -4.7937469e+04   7.3172875e+04
   3.0200000e+01  -5.3497254e+04  -3.1393715e+04
   3.0300000e+01  -6.9203562e+04  -1.3098238e+05
   3.0400000e+01  -9.3688430e+04  -2.2132677e+05
   3.0500000e+01  -1.2049837e+05  -3.0215862e+05
   3.0600000e+01  -1.4193039e+05  -3.6935056e+05
   3.0700000e+01  -1.5351417e+05  -4.1340712e+05
   3.0800000e+01  -1.5547909e+05  -4.2658253e+05
   3.0900000e+01  -1.4984420e+05  -4.0957619e+05
   3.1000000e+01  -1.3627980e+05  -3.6888025e+05
   3.1100000e+01  -1.1144722e+05  -3.0765697e+05
   3.1200000e+01  -7.2692367e+04  -2.2190420e+05
   3.1300000e+01  -2.1913877e+04  -1.0807414e+05
   3.1400000e+01   3.4972070e+04   2.5772266e+04
   3.1500000e+01   9.2822891e+04   1.5890067e+05
   3.1600000e+01   1.5144841e+05   2.7037056e+05
   3.1700000e+01   2.1446400e+05   3.5341322e+05
   3.1800000e+01   2.8315284e+05   4.1716872e+05
   3.1900000e+01   3.5105428e+05   4.7390528e+05
   3.2000000e+01   4.0535781e+05   5.2449750e+05
   3.2100000e+01   4.3509194e+05   5.5631944e+05
   3.2200000e+01   4.3869344e+05   5.5508338e+05
   3.2300000e+01   4.2295125e+05   5.1876653e+05
   3.2400000e+01   3.9380109e+05   4.6037494e+05
   3.2500000e+01   3.4871291e+05   3.9725369e+05
   3.2600000e+01   2.7954812e+05   3.3711275e+05
   3.2700000e+01   1.8353973e+05   2.7372347e+05
   3.2800000e+01   7.0775773e+04   1.9622120e+05
   3.2900000e+01  -3.9967570e+04   1.0322639e+05
   3.3000000e+01  -1.3286658e+05   8.1050127e+03
   3.3100000e+01  -2.0277873e+05  -7.0288633e+04
   3.3200000e+01  -2.5296867e+05  -1.2292586e+05
   3.3300000e+01  -2.8742462e+05  -1.5704652e+05
   3.3400000e+01  -3.0646362e+05  -1.8738966e+05
   3.3500000e+01  -3.0884844e+05  -2.2149491e+05
   3.3600000e+01  -2.9611522e+05  -2.5438650e+05
   3.3700000e+01  -2.7329694e+05  -2.7720856e+05
   3.3800000e+01  -2.4506850e+05  -2.8860297e+05
   3.3900000e+01  -2.1158158e+05  -2.9515612e+05
   3.4000000e+01  -1.6865827e+05  -3.0115575e+05
   3.4100000e+01  -1.1268026e+05  -3.0130712e+05
   3.4200000e+01  -4.5909535e+04  -2.8634959e+05
   3.4300000e+01   2.2592633e+04  -2.5528269e+05
   3.4400000e+01   8.1474664e+04  -2.1950017e+05
   3.4500000e+01   1.2344833e+05  -1.9378983e+05
   3.4600000e+01   1.4852539e+05  -1.8427417e+05
   3.4700000e+01   1.6199941e+05  -1.8541884e+05
   3.4800000e+01   1.6944966e+05  -1.8660912e+05
   3.4900000e+01   1.7320153e+05  -1.7952898e+05
   3.5000000e+01   1.7275667e+05  -1.6064105e+05
   3.5100000e+01   1.6759392e+05  -1.3073955e+05
   3.5200000e+01   1.5858092e+05  -9.4489844e+04
   3.5300000e+01   1.4637778e+05  -5.8683984e+04
   3.5400000e+01   1.2922223e+05  -2.7952701e+04
   3.5500000e+01   1.0344024e+05  -1.4469253e+03
   3.5600000e+01   6.6632547e+04   2.5318926e+04
   3.5700000e+01   2.0163531e+04   5.5447957e+04
   3.5800000e+01  -3.1317750e+04   8.8435336e+04
   3.5900000e+01  -8.1880023e+04   1.2199426e+05
   3.6000000e+01  -1.2539862e+05   1.5317673e+05
   3.6100000e+01  -1.5598341e+05   1.7672884e+05
   3.6200000e+01  -1.6970553e+05   1.8569628e+05
   3.6300000e+01  -1.6730491e+05   1.7777862e+05
   3.6400000e+01  -1.5468972e+05   1.6079503e+05
   3.6500000e+01  -1.3929066e+05   1.4776142e+05
   3.6600000e+01  -1.2470361e+05   1.4440844e+05
   3.6700000e+01  -1.0822577e+05   1.4403752e+05
   3.6800000e+01  -8.3371984e+04   1.3754905e+05
   3.6900000e+01  -4.5188953e+04   1.2702441e+05
   3.7000000e+01   5.8137046e+03   1.2550449e+05
   3.7100000e+01   6.3903562e+04   1.4281473e+05
   3.7200000e+01   1.2198440e+05   1.7511328e+05
   3.7300000e+01   1.7560294e+05   2.1046531e+05
   3.7400000e+01   2.2358561e+05   2.4192353e+05
   3.7500000e+01   2.6526750e+05   2.7146753e+05
   3.7600000e+01   2.9802759e+05   3.0194212e+05
   3.7700000e+01   3.1820806e+05   3.2916156e+05
   3.7800000e+01   3.2369341e+05   3.4322697e+05
   3.7900000e+01   3.1380950e+05   3.3484925e+05
   3.8000000e+01   2.8620744e+05   2.9900572e+05
   3.8100000e+01   2.3618005e+05   2.3611372e+05
   3.8200000e+01   1.6243117e+05   1.5429192e+05
   3.8300000e+01   7.4384391e+04   6.9719766e+04
   3.8400000e+01  -9.2139277e+03  -9.0427979e+02
   3.8500000e+01  -7.3223266e+04  -5.2276535e+04
   3.8600000e+01  -1.1949370e+05  -9.4044938e+04
   3.8700000e+01  -1.6580438e+05  -1.4053552e+05
   3.8800000e+01  -2.2876150e+05  -1.9775841e+05
   3.8900000e+01  -3.0649066e+05  -2.6207947e+05
   3.9000000e+01  -3.7876128e+05  -3.2950447e+05
   3.9100000e+01  -4.2491994e+05  -4.0124409e+05
   3.9200000e+01  -4.4175906e+05  -4.7802100e+05
   3.9300000e+01  -4.4388125e+05  -5.5218300e+05
   3.9400000e+01  -4.4733428e+05  -6.0989062e+05
   3.9500000e+01  -4.5336684e+05  -6.4194625e+05
   3.9600000e+01  -4.4722666e+05  -6.5072119e+05
   3.9700000e+01  -4.1153919e+05  -6.4611344e+05
   3.9800000e+01  -3.4177284e+05  -6.3625756e+05
   3.9900000e+01  -2.5194695e+05  -6.2220575e+05
   4.0000000e+01  -1.6741575e+05  -5.9877975e+05
   4.0100000e+01  -1.0983342e+05  -5.5804750e+05
   4.0200000e+01  -8.3938461e+04  -4.9294191e+05
   4.0300000e+01  -7.5674039e+04  -4.0067006e+05
   4.0400000e+01  -6.4256297e+04  -2.8439831e+05
   4.0500000e+01  -3.9114551e+04  -1.5134516e+05
   4.0600000e+01  -6.6510537e+03  -8.9761338e+03
   4.0700000e+01   1.9468377e+04   1.3657391e+05
   4.0800000e+01   3.4156766e+04   2.7923678e+05
   4.0900000e+01   4.6470730e+04   4.1276366e+05
   4.1000000e+01   7.0516125e+04   5.3313944e+05
   4.1100000e+01   1.1308350e+05   6.3948725e+05
   4.1200000e+01   1.7041934e+05   7.3014325e+05
   4.1300000e+01   2.3387777e+05   7.9864225e+05
   4.1400000e+01   2.9550338e+05   8.3721725e+05
   4.1500000e+01   3.4922362e+05   8.4605981e+05
   4.1600000e+01   3.9126038e+05   8.3661675e+05
   4.1700000e+01   4.2229178e+05   8.2212338e+05
   4.1800000e+01   4.4748141e+05   8.0449175e+05
   4.1900000e+01   4.7098659e+05   7.7288656e+05
   4.2000000e+01   4.8956141e+05   7.1613406e+05
   4.2100000e+01   4.9311178e+05   6.3444194e+05
   4.2200000e+01   4.7244019e+05   5.3701144e+05
   4.2300000e+01   4.2600969e+05   4.2961131e+05
   4.2400000e+01   3.5971028e+05   3.0805231e+05
   4.2500000e+01   2.8248028e+05   1.6564005e+05
   4.2600000e+01   2.0349289e+05   5.7602505e+03
   4.2700000e+01   1.3113023e+05  -1.5494027e+05
   4.2800000e+01   7.0495312e+04  -2.9652947e+05
   4.2900000e+01   2.0535930e+04  -4.0900097e+05
   4.3000000e+01  -2.4209855e+04  -4.9660931e+05
   4.3100000e+01  -6.7232734e+04  -5.7068312e+05
   4.3200000e+01  -1.0663233e+05  -6.3847612e+05
   4.3300000e+01  -1.3966192e+05  -6.9752931e+05
   4.3400000e+01  -1.6885872e+05  -7.3883244e+05
   4.3500000e+01  -1.9955117e+05  -7.5447575e+05
   4.3600000e+01  -2.3011269e+05  -7.4285350e+05
   4.3700000e+01  -2.4854255e+05  -7.0800919e+05
   4.3800000e+01  -2.4317653e+05  -6.5536538e+05
   4.3900000e+01  -2.1657536e+05  -5.8853031e+05
   4.4000000e+01  -1.8478170e+05  -5.0954356e+05
   4.4100000e+01  -1.6067344e+05  -4.2098003e+05
   4.4200000e+01  -1.4053416e+05  -3.2699512e+05
   4.4300000e+01  -1.1058621e+05  -2.3222144e+05
   4.4400000e+01  -6.6558289e+04  -1.3969497e+05
   4.4500000e+01  -2.3253160e+04  -4.9443016e+04
   4.4600000e+01  -2.3999753e+03   4.1281086e+04
   4.4700000e+01  -1.1909406e+04   1.3557134e+05
   4.4800000e+01  -3.8603066e+04   2.3259131e+05
   4.4900000e+01  -6.0763117e+04   3.2409106e+05
   4.5000000e+01  -6.6426141e+04   3.9600475e+05
   4.5100000e+01  -6.0380453e+04   4.3656353e+05
   4.5200000e+01  -5.6681055e+04   4.4561575e+05
   4.5300000e+01  -6.6411055e+04   4.3620525e+05
   4.5400000e+01  -9.0845188e+04   4.2492353e+05
   4.5500000e+01  -1.2266420e+05   4.1835238e+05
   4.5600000e+01  -1.5209280e+05   4.0781131e+05
   4.5700000e+01  -1.7348183e+05   3.7743184e+05
   4.5800000e+01  -1.8832630e+05   3.1818009e+05
   4.5900000e+01  -2.0244111e+05   2.3551317e+05
   4.6000000e+01  -2.1918136e+05   1.4528577e+05
   4.6100000e+01  -2.3466948e+05   6.3210133e+04
   4.6200000e+01  -2.3984583e+05  -2.9619258e+03
   4.6300000e+01  -2.2763036e+05  -5.4098805e+04
   4.6400000e+01  -1.9841316e+05  -9.5342133e+04
   4.6500000e+01  -1.5920745e+05  -1.3124198e+05
   4.6600000e+01  -1.1832032e+05  -1.6313169e+05
   4.6700000e+01  -8.0703867e+04  -1.8923484e+05
   4.6800000e+01  -4.6605918e+04  -2.0689805e+05
   4.6900000e+01  -1.2453249e+04  -2.1560678e+05
   4.7000000e+01   2.7286873e+04  -2.1861830e+05
   4.7100000e+01   7.6816320e+04  -2.2123650e+05
   4.7200000e+01   1.3465728e+05  -2.2589948e+05
   4.7300000e+01   1.9181375e+05  -2.2736331e+05
   4.7400000e+01   2.3632980e+05  -2.1270698e+05
   4.7500000e+01   2.6258628e+05  -1.6839369e+05
   4.7600000e+01   2.7715922e+05  -9.0760539e+04
   4.7700000e+01   2.9393072e+05   8.3951055e+03
   4.7800000e+01   3.2092209e+05   1.0745966e+05
   4.7900000e+01   3.5087531e+05   1.8907472e+05
   4.8000000e+01   3.6582144e+05   2.5123531e+05
   4.8100000e+01   3.5260394e+05   3.0528975e+05
   4.8200000e+01   3.1458516e+05   3.6221203e+05
   4.8300000e+01   2.6774481e+05   4.1944412e+05
   4.8400000e+01   2.2514612e+05   4.5998684e+05
   4.8500000e+01   1.8586658e+05   4.6411247e+05
   4.8600000e+01   1.3951089e+05   4.2345469e+05
   4.8700000e+01   8.0538906e+04   3.4650106e+05
   4.8800000e+01   1.6458527e+04   2.5231725e+05
   4.8900000e+01  -3.8467777e+04   1.5784322e+05
   4.9000000e+01  -7.6193750e+04   6.7705305e+04
   4.9100000e+01  -1.0041817e+05  -2.6626547e+04
   4.9200000e+01  -1.2015539e+05  -1.3776536e+05
   4.9300000e+01  -1.3992522e+05  -2.7010941e+05
   4.9400000e+01  -1.5687803e+05  -4.1402769e+05
   4.9500000e+01  -1.6569473e+05  -5.5116212e+05
   4.9600000e+01  -1.6411967e+05  -6.6570962e+05
   4.9700000e+01  -1.5381517e+05  -7.5147106e+05
   4.9800000e+01  -1.3804575e+05  -8.0947775e+05
   4.9900000e+01  -1.2032635e+05  -8.4053212e+05
   5.0000000e+01  -1.0503779e+05  -8.4073575e+05
   5.0100000e+01  -9.7750492e+04  -8.0323969e+05
   5.0200000e+01  -1.0347970e+05  -7.2313862e+05
   5.0300000e+01  -1.2361534e+05  -6.0140694e+05
   5.0400000e+01  -1.5373362e+05  -4.4648131e+05
   5.0500000e+01  -1.8418981e+05  -2.7320028e+05
   5.0600000e+01  -2.0385080e+05  -9.8069344e+04
   5.0700000e+01  -2.0508442e+05   6.8434570e+04
   5.0800000e+01  -1.8681258e+05   2.2734062e+05
   5.0900000e+01  -1.5399280e+05   3.8836459e+05
   5.1000000e+01  -1.1497500e+05   5.5924181e+05
   5.1100000e+01  -7.8716641e+04   7.3565106e+05
   5.1200000e+01  -5.1522391e+04   9.0022781e+05
   5.1300000e+01  -3.2872023e+04   1.0308466e+06
   5.1400000e+01  -1.3933583e+04   1.1109959e+06
   5.1500000e+01   1.6394395e+04   1.1356349e+06
   5.1600000e+01   6.0538281e+04   1.1110878e+06
   5.1700000e+01   1.0757347e+05   1.0503326e+06
   5.1800000e+01   1.4181391e+05   9.6516962e+05
   5.1900000e+01   1.5630697e+05   8.5853775e+05
   5.2000000e+01   1.5587966e+05   7.2311538e+05
   5.2100000e+01   1.4720638e+05   5.4988344e+05
   5.2200000e+01   1.3018470e+05   3.4119816e+05
   5.2300000e+01   1.0226948e+05   1.1627919e+05
   5.2400000e+01   6.8218938e+04  -9.7720906e+04
   5.2500000e+01   3.9279699e+04  -2.8227072e+05
   5.2600000e+01   2.1066531e+04  -4.3697484e+05
   5.2700000e+01   6.7781045e+03  -5.7375688e+05
   5.2800000e+01  -1.3759312e+04  -7.0143750e+05
   5.2900000e+01  -4.0536129e+04  -8.1441344e+05
   5.3000000e+01  -6.3131848e+04  -8.9466788e+05
   5.3100000e+01  -7.3382070e+04  -9.2480719e+05
   5.3200000e+01  -7.3185211e+04  -9.0134781e+05
   5.3300000e+01  -6.7459352e+04  -8.3788950e+05
   5.3400000e+01  -5.3572672e+04  -7.5584875e+05
   5.3500000e+01  -2.3399348e+04  -6.6985475e+05
   5.3600000e+01   2.3733084e+04  -5.7903719e+05
   5.3700000e+01   7.4552391e+04  -4.7117288e+05
   5.3800000e+01   1.1165554e+05  -3.3679603e+05
   5.3900000e+01   1.2929716e+05  -1.8208239e+05
   5.4000000e+01   1.3763072e+05  -2.9421496e+04
   5.4100000e+01   1.5123758e+05   9.5796789e+04
   5.4200000e+01   1.7459697e+05   1.8149783e+05
   5.4300000e+01   1.9901405e+05   2.3398134e+05
   5.4400000e+01   2.1268331e+05   2.6731988e+05
   5.4500000e+01   2.1266327e+05   2.8806762e+05
   5.4600000e+01   2.0670988e+05   2.9112888e+05
   5.4700000e+01   2.0372823e+05   2.7042531e+05
   5.4800000e+01   2.0336000e+05   2.3123248e+05
   5.4900000e+01   1.9631839e+05   1.8894267e+05
   5.5000000e+01   1.7557323e+05   1.5476081e+05
   5.5100000e+01   1.4588448e+05   1.2446548e+05
   5.5200000e+01   1.2011495e+05   8.3489461e+04
   5.5300000e+01   1.0573984e+05   2.3495729e+04
   5.5400000e+01   9.7024281e+04  -4.6789309e+04
   5.5500000e+01   8.2085906e+04  -1.0698845e+05
   5.5600000e+01   5.6145031e+04  -1.4010797e+05
   5.5700000e+01   2.4817510e+04  -1.4217900e+05
   5.5800000e+01  -5.8735156e+03  -1.1927346e+05
   5.5900000e+01  -3.9054875e+04  -7.8121539e+04
   5.6000000e+01  -8.3025852e+04  -2.1146141e+04
   5.6100000e+01  -1.3835609e+05   5.0429988e+04
   5.6200000e+01  -1.9298227e+05   1.3113611e+05
   5.6300000e+01  -2.3324791e+05   2.1080159e+05
   5.6400000e+01  -2.5922177e+05   2.7997006e+05
   5.6500000e+01  -2.8615862e+05   3.3549300e+05
   5.6600000e+01  -3.2868762e+05   3.8068594e+05
   5.6700000e+01  -3.8359819e+05   4.2004231e+05
   5.6800000e+01  -4.2944556e+05   4.5334319e+05
   5.6900000e+01  -4.4416516e+05   4.7390769e+05
   5.7000000e+01  -4.2367344e+05   4.7197888e+05
   5.7100000e+01  -3.8372244e+05   4.4056316e+05
   5.7200000e+01  -3.4419762e+05   3.7965291e+05
   5.7300000e+01  -3.1201503e+05   2.9590350e+05
   5.7400000e+01  -2.7893447e+05   1.9804041e+05
   5.7500000e+01  -2.3463278e+05   9.1749469e+04
   5.7600000e+01  -1.8020162e+05  -2.1471039e+04
   5.7700000e+01  -1.2818042e+05  -1.4065209e+05
   5.7800000e+01  -9.0250117e+04  -2.6091172e+05
   5.7900000e+01  -6.6229750e+04  -3.7309750e+05
   5.8000000e+01  -4.5296301e+04  -4.6794544e+05
   5.8100000e+01  -1.6823539e+04  -5.4032450e+05
   5.8200000e+01   2.0745354e+04  -5.8924769e+05
   5.8300000e+01   6.0558445e+04  -6.1414150e+05
   5.8400000e+01   9.4646719e+04  -6.1197488e+05
   5.8500000e+01   1.1995632e+05  -5.7891894e+05
   5.8600000e+01   1.3904266e+05  -5.1521359e+05
   5.8700000e+01   1.5718016e+05  -4.2793281e+05
   5.8800000e+01   1.7899953e+05  -3.2779594e+05
   5.8900000e+01   2.0576059e+05  -2.2239606e+05
   5.9000000e+01   2.3359788e+05  -1.1298973e+05
   5.9100000e+01   2.5412467e+05   8.8019153e+02
   5.9200000e+01   2.5839922e+05   1.1343694e+05
   5.9300000e+01   2.4246095e+05   2.1075441e+05
   5.9400000e+01   2.1068138e+05   2.7829028e+05
   5.9500000e+01   1.7457300e+05   3.1058819e+05
   5.9600000e+01   1.4772495e+05   3.1332409e+05
   5.9700000e+01   1.3932592e+05   2.9673138e+05
   5.9800000e+01   1.4917214e+05   2.6850328e+05
   5.9900000e+01   1.6721038e+05   2.3266483e+05
   6.0000000e+01   1.7935391e+05   1.9238930e+05
   6.0100000e+01   1.7703988e+05   1.5123395e+05
   6.0200000e+01   1.6361972e+05   1.1181848e+05
   6.0300000e+01   1.5183966e+05   7.5039242e+04
   6.0400000e+01   1.5405595e+05   4.0818086e+04
   6.0500000e+01   1.7334611e+05   8.3221641e+03
   6.0600000e+01   2.0235730e+05  -2.4516734e+04
   6.0700000e+01   2.2930994e+05  -5.9298551e+04
   6.0800000e+01   2.4514206e+05  -9.2934070e+04
   6.0900000e+01   2.4683834e+05  -1.1595218e+05
   6.1000000e+01   2.3631642e+05  -1.1744119e+05
   6.1100000e+01   2.1680920e+05  -9.2894000e+04
   6.1200000e+01   1.8897491e+05  -4.7051441e+04
   6.1300000e+01   1.4913866e+05   1.0337646e+04
   6.1400000e+01   9.1833219e+04   7.0015062e+04
   6.1500000e+01   1.5945811e+04   1.2489102e+05
   6.1600000e+01  -7.0560031e+04   1.6982112e+05
   6.1700000e+01  -1.5294261e+05   2.0328134e+05
   6.1800000e+01  -2.1867603e+05   2.2905153e+05
   6.1900000e+01  -2.6556956e+05   2.5305881e+05
   6.2000000e+01  -3.0131666e+05   2.7667284e+05
   6.2100000e+01  -3.3508300e+05   2.9430628e+05
   6.2200000e+01  -3.6964428e+05   2.9908894e+05
   6.2300000e+01  -4.0099456e+05   2.8995972e+05
   6.2400000e+01  -4.2336984e+05   2.7136775e+05
   6.2500000e+01  -4.3249425e+05   2.4645348e+05
   6.2600000e+01  -4.2459306e+05   2.1285380e+05
   6.2700000e+01  -3.9602678e+05   1.6605450e+05
   6.2800000e+01  -3.4746494e+05   1.0523165e+05
   6.2900000e+01  -2.8818388e+05   3.4664664e+04
   6.3000000e+01  -2.3255481e+05  -3.9030297e+04
   6.3100000e+01  -1.8892553e+05  -1.0916350e+05
   6.3200000e+01  -1.5172308e+05  -1.6983594e+05
   6.3300000e+01  -1.0642716e+05  -2.1831547e+05
   6.3400000e+01  -4.3609461e+04  -2.5834975e+05
   6.3500000e+01   3.2121898e+04  -2.9912266e+05
   6.3600000e+01   1.0712595e+05  -3.4810259e+05
   6.3700000e+01   1.7142092e+05  -4.0441925e+05
   6.3800000e+01   2.2519939e+05  -4.6015819e+05
   6.3900000e+01   2.7327056e+05  -5.0760234e+05
   6.4000000e+01   3.1511644e+05  -5.4344188e+05
   6.4100000e+01   3.4217062e+05  -5.6598212e+05
   6.4200000e+01   3.4514872e+05  -5.7117931e+05
   6.4300000e+01   3.2357984e+05  -5.5415875e+05
   6.4400000e+01   2.8805178e+05  -5.1418022e+05
   6.4500000e+01   2.5317467e+05  -4.5569672e+05
   6.4600000e+01   2.2751120e+05  -3.8369759e+05
   6.4700000e+01   2.0869128e+05  -2.9968728e+05
   6.4800000e+01   1.8714016e+05  -2.0374880e+05
   6.4900000e+01   1.5488627e+05  -9.9567148e+04
   6.5000000e+01   1.1224705e+05   4.9613818e+03
   6.5100000e+01   6.7660367e+04   1.0307707e+05
   6.5200000e+01   3.2143461e+04   1.9403472e+05
   6.5300000e+01   1.3643316e+04   2.8146394e+05
   6.5400000e+01   1.4345479e+04   3.6711525e+05
   6.5500000e+01   2.9691564e+04   4.4712481e+05
   6.5600000e+01   4.7829023e+04   5.1431828e+05
   6.5700000e+01   5.1999707e+04   5.6295244e+05
   6.5800000e+01   2.8552150e+04   5.9064125e+05
   6.5900000e+01  -2.3221662e+04   5.9701062e+05
   6.6000000e+01  -8.8605727e+04   5.8265788e+05
   6.6100000e+01  -1.4685323e+05   5.5015556e+05
   6.6200000e+01  -1.8553094e+05   5.0472688e+05
   6.6300000e+01  -2.0755906e+05   4.5216869e+05
   6.6400000e+01  -2.2575139e+05   3.9566419e+05
   6.6500000e+01  -2.5103839e+05   3.3522575e+05
   6.6600000e+01  -2.8452909e+05   2.7044850e+05
   6.6700000e+01  -3.1827975e+05   2.0312144e+05
   6.6800000e+01  -3.4226278e+05   1.3664147e+05
   6.6900000e+01  -3.5149816e+05   7.3473844e+04
   6.7000000e+01  -3.4812662e+05   1.4289175e+04
   6.7100000e+01  -3.3709462e+05  -4.0171727e+04
   6.7200000e+01  -3.1955347e+05  -8.7428156e+04
   6.7300000e+01  -2.9078291e+05  -1.2472730e+05
   6.7400000e+01  -2.4516805e+05  -1.5245461e+05
   6.7500000e+01  -1.8269633e+05  -1.7517616e+05
   6.7600000e+01  -1.0940012e+05  -1.9809433e+05
   6.7700000e+01  -3.1874469e+04  -2.2195277e+05
   6.7800000e+01   4.6124922e+04  -2.4170870e+05
   6.7900000e+01   1.2014121e+05  -2.5061575e+05
   6.8000000e+01   1.8039039e+05  -2.4573111e+05
   6.8100000e+01   2.1519361e+05  -2.2974575e+05
   6.8200000e+01   2.2144508e+05  -2.0850248e+05
   6.8300000e+01   2.1015167e+05  -1.8786791e+05
   6.8400000e+01   1.9863683e+05  -1.7261481e+05
   6.8500000e+01   1.9604408e+05  -1.6595342e+05
   6.8600000e+01   1.9698042e+05  -1.6767744e+05
   6.8700000e+01   1.8928038e+05  -1.7268245e+05
   6.8800000e+01   1.6672081e+05  -1.7366795e+05
   6.8900000e+01   1.3379744e+05  -1.6751259e+05
   6.9000000e+01   1.0016479e+05  -1.5886411e+05
   6.9100000e+01   7.3083594e+04  -1.5568805e+05
   6.9200000e+01   5.5304004e+04  -1.6029252e+05
   6.9300000e+01   4.7235113e+04  -1.6547727e+05
   6.9400000e+01   4.8222121e+04  -1.6062428e+05
   6.9500000e+01   5.5968887e+04  -1.4158923e+05
   6.9600000e+01   6.7549391e+04  -1.1396894e+05
   6.9700000e+01   8.3030383e+04  -8.6770961e+04
   6.9800000e+01   1.0745350e+05  -6.3838242e+04
   6.9900000e+01   1.4730431e+05  -4.1850336e+04
   7.0000000e+01   2.0391964e+05  -1.5674614e+04
   7.0100000e+01   2.7011812e+05   1.5637361e+04
   7.0200000e+01   3.3269022e+05   4.8004430e+04
   7.0300000e+01   3.7762972e+05   7.6032758e+04
   7.0400000e+01   3.9454088e+05   9.6857391e+04
   7.0500000e+01   3.8011491e+05   1.1117246e+05
   7.0600000e+01   3.4079581e+05   1.2164908e+05
   7.0700000e+01   2.9118212e+05   1.3033691e+05
   7.0800000e+01   2.4523311e+05   1.3689283e+05
   7.0900000e+01   2.0539236e+05   1.3944644e+05
   7.1000000e+01   1.6082717e+05   1.3812414e+05
   7.1100000e+01   9.9102367e+04   1.3763723e+05
   7.1200000e+01   2.0620355e+04   1.4435369e+05
   7.1300000e+01  -5.9841809e+04   1.5859250e+05
   7.1400000e+01  -1.2684938e+05   1.6997816e+05
   7.1500000e+01  -1.7844548e+05   1.6308262e+05
   7.1600000e+01  -2.2552470e+05   1.3035527e+05
   7.1700000e+01  -2.7829906e+05   8.0206086e+04
   7.1800000e+01  -3.3548144e+05   3.1568586e+04
   7.1900000e+01  -3.8673156e+05  -2.8845703e+02
   7.2000000e+01  -4.2320491e+05  -1.3317207e+04
   7.2100000e+01  -4.4410612e+05  -1.5804123e+04
   7.2200000e+01  -4.5448472e+05  -1.5931590e+04
   7.2300000e+01  -4.5908338e+05  -1.4463104e+04
   7.2400000e+01  -4.5821628e+05  -5.8838086e+03
   7.2500000e+01  -4.4740269e+05   1.4937168e+04
   7.2600000e+01  -4.2030762e+05   4.6493574e+04
   7.2700000e+01  -3.7421794e+05   7.8982406e+04
   7.2800000e+01  -3.1479609e+05   9.8932656e+04
   7.2900000e+01  -2.5471216e+05   9.8583016e+04
   7.3000000e+01  -2.0508625e+05   8.3519859e+04
   7.3100000e+01  -1.6705414e+05   7.0206453e+04
   7.3200000e+01  -1.3238638e+05   7.2347406e+04
   7.3300000e+01  -9.2865375e+04   8.7274141e+04
   7.3400000e+01  -4.8364508e+04   9.6597664e+04
   7.3500000e+01  -5.3216060e+03   8.2470484e+04
   7.3600000e+01   3.1601332e+04   4.4261703e+04
   7.3700000e+01   6.4763031e+04  -7.5187549e+02
   7.3800000e+01   1.0018957e+05  -3.2631447e+04
   7.3900000e+01   1.3984311e+05  -4.4070887e+04
   7.4000000e+01   1.7798305e+05  -4.1818012e+04
   7.4100000e+01   2.0555605e+05  -3.6180805e+04
   7.4200000e+01   2.1861959e+05  -3.1583018e+04
   7.4300000e+01   2.2277134e+05  -2.6688654e+04
   7.4400000e+01   2.2880692e+05  -2.0859295e+04
   7.4500000e+01   2.4292641e+05  -1.8585713e+04
   7.4600000e+01   2.6065677e+05  -2.7923410e+04
   7.4700000e+01   2.7090909e+05  -5.4943355e+04
   7.4800000e+01   2.6668400e+05  -9.8033805e+04
   7.4900000e+01   2.5169823e+05  -1.4555686e+05
   7.5000000e+01   2.3601781e+05  -1.8013295e+05
   7.5100000e+01   2.2535677e+05  -1.8970731e+05
   7.5200000e+01   2.1556422e+05  -1.7818516e+05
   7.5300000e+01   1.9813966e+05  -1.6451002e+05
   7.5400000e+01   1.7045369e+05  -1.6739034e+05
   7.5500000e+01   1.3915558e+05  -1.8823773e+05
   7.5600000e+01   1.1290562e+05  -2.0952438e+05
   7.5700000e+01   9.2703852e+04  -2.1117650e+05
   7.5800000e+01   7.1010594e+04  -1.8852255e+05
   7.5900000e+01   4.0929441e+04  -1.5397428e+05
   7.6000000e+01   5.0624614e+03  -1.2282528e+05
   7.6100000e+01  -2.6163049e+04  -9.9731078e+04
   7.6200000e+01  -4.4882766e+04  -7.8633898e+04
   7.6300000e+01  -5.3375934e+04  -5.2368980e+04
   7.6400000e+01  -6.1158469e+04  -1.9670012e+04
   7.6500000e+01  -7.5886070e+04   1.5917459e+04
   7.6600000e+01  -9.7743703e+04   5.0663934e+04
   7.6700000e+01  -1.2080634e+05   8.3076320e+04
   7.6800000e+01  -1.3707986e+05   1.1349598e+05
   7.6900000e+01  -1.3940480e+05   1.4275466e+05
   7.7000000e+01  -1.2447369e+05   1.7038923e+05
   7.7100000e+01  -9.6976773e+04   1.9284852e+05
   7.7200000e+01  -7.0423797e+04   2.0402947e+05
   7.7300000e+01  -5.9753602e+04   1.9947391e+05
   7.7400000e+01  -6.9544258e+04   1.8094367e+05
   7.7500000e+01  -8.9132898e+04   1.5627984e+05
   7.7600000e+01  -1.0090097e+05   1.3418333e+05
   7.7700000e+01  -9.4600906e+04   1.1915237e+05
   7.7800000e+01  -7.4457648e+04   1.1088867e+05
   7.7900000e+01  -5.3810121e+04   1.0671777e+05
   7.8000000e+01  -4.4127312e+04   1.0310523e+05
   7.8100000e+01  -4.8022891e+04   9.5782531e+04
   7.8200000e+01  -5.9241664e+04   8.1150914e+04
   7.8300000e+01  -6.6779164e+04   5.9427355e+04
   7.8400000e+01  -6.0640367e+04   3.6059555e+04
   7.8500000e+01  -3.8240289e+04   1.8730762e+04
   7.8600000e+01  -8.2238379e+03   1.2220103e+04
   7.8700000e+01   1.3378887e+04   1.5792238e+04
   7.8800000e+01   1.4742229e+04   2.4652555e+04
   7.8900000e+01  -1.2930396e+03   3.2908781e+04
   7.9000000e+01  -1.8558578e+04   3.5516422e+04
   7.9100000e+01  -2.1108943e+04   2.9490195e+04
   7.9200000e+01  -6.7070225e+03   1.5372738e+04
   7.9300000e+01   1.2846797e+04  -2.1940137e+03
   7.9400000e+01   2.4589936e+04  -1.6775711e+04
   7.9500000e+01   2.7186131e+04  -2.4484973e+04
   7.9600000e+01   3.0937584e+04  -2.6525141e+04
   7.9700000e+01   4.5918352e+04  -2.7490799e+04
   7.9800000e+01   7.0923375e+04  -3.1507635e+04
   7.9900000e+01   9.3929625e+04  -4.0239023e+04
   8.0000000e+01   1.0238848e+05  -5.3769891e+04
   8.0100000e+01   9.2642453e+04  -7.1767297e+04
   8.0200000e+01   7.0497281e+04  -9.2953406e+04
   8.0300000e+01   4.4681488e+04  -1.1424186e+05
   8.0400000e+01   2.0781738e+04  -1.3156439e+05
   8.0500000e+01   5.3390625e+02  -1.4162767e+05
   8.0600000e+01  -1.5238604e+04  -1.4237272e+05
   8.0700000e+01  -2.4860689e+04  -1.3235161e+05
   8.0800000e+01  -2.7265994e+04  -1.1150957e+05
   8.0900000e+01  -2.4007363e+04  -8.3541203e+04
   8.1000000e+01  -1.8169416e+04  -5.6071648e+04
   8.1100000e+01  -1.0723488e+04  -3.6139312e+04
   8.1200000e+01   7.8700195e+02  -2.4698230e+04
   8.1300000e+01   1.8126195e+04  -1.6634098e+04
   8.1400000e+01   3.6873508e+04  -6.9505146e+03
   8.1500000e+01   4.7306676e+04   3.9778149e+03
   8.1600000e+01   4.3140672e+04   1.2330721e+04
   8.1700000e+01   2.9487754e+04   1.7022062e+04
   8.1800000e+01   2.0364074e+04   2.1564898e+04
   8.1900000e+01   2.6985836e+04   2.8798346e+04
   8.2000000e+01   4.8493371e+04   3.5538570e+04
   8.2100000e+01   7.4055086e+04   3.4956160e+04
   8.2200000e+01   9.2994555e+04   2.4600090e+04
   8.2300000e+01   1.0227652e+05   1.0295319e+04
   8.2400000e+01   1.0545689e+05   8.8660352e+02
   8.2500000e+01   1.0643814e+05  -1.0075000e+02
   8.2600000e+01   1.0470948e+05   3.4115449e+03
   8.2700000e+01   9.5330922e+04   5.3859453e+03
   8.2800000e+01   7.2656344e+04   3.4929404e+03
   8.2900000e+01   3.4978230e+04  -1.9800977e+02
   8.3000000e+01  -1.2984979e+04  -2.3412324e+03
   8.3100000e+01  -6.1828539e+04  -1.2100000e+03
   8.3200000e+01  -1.0247623e+05   1.9415117e+03
   8.3300000e+01  -1.3051254e+05   2.8102539e+03
   8.3400000e+01  -1.4663909e+05  -3.4327915e+03
   8.3500000e+01  -1.5414214e+05  -1.6755602e+04
   8.3600000e+01  -1.5650730e+05  -2.8904385e+04
   8.3700000e+01  -1.5625864e+05  -2.8214350e+04
   8.3800000e+01  -1.5377420e+05  -1.0562397e+04
   8.3900000e+01  -1.4626731e+05   1.4567923e+04
   8.4000000e+01  -1.2950330e+05   3.0739742e+04
   8.4100000e+01  -1.0272441e+05   2.8141557e+04
   8.4200000e+01  -7.2084172e+04   1.0613635e+04
   8.4300000e+01  -4.7351766e+04  -9.6642891e+03
   8.4400000e+01  -3.3611559e+04  -2.2583070e+04
   8.4500000e+01  -2.6451010e+04  -2.5371482e+04
   8.4600000e+01  -1.6570648e+04  -2.0387787e+04
   8.4700000e+01   3.1868359e+02  -1.0277566e+04
   8.4800000e+01   1.8566447e+04   4.9042500e+03
   8.4900000e+01   2.7720773e+04   2.7354297e+04
   8.5000000e+01   2.2154838e+04   5.8378441e+04
   8.5100000e+01   5.4175352e+03   9.4370812e+04
   8.5200000e+01  -1.3932569e+04   1.2615055e+05
   8.5300000e+01  -2.9184320e+04   1.4447856e+05
   8.5400000e+01  -3.7936121e+04   1.4766302e+05
   8.5500000e+01  -3.9777473e+04   1.4272711e+05
   8.5600000e+01  -3.4143223e+04   1.3762553e+05
   8.5700000e+01  -2.1063352e+04   1.3279623e+05
   8.5800000e+01  -2.3623027e+03   1.2181621e+05
   8.5900000e+01   1.9298045e+04   1.0005703e+05
   8.6000000e+01   4.1867375e+04   7.0549836e+04
   8.6100000e+01   6.3147227e+04   4.0188516e+04
   8.6200000e+01   7.9413953e+04   1.1656625e+04
   8.6300000e+01   8.7219688e+04  -1.8539551e+04
   8.6400000e+01   8.7373797e+04  -5.3450258e+04
   8.6500000e+01   8.5169984e+04  -8.8546961e+04
   8.6600000e+01   8.4756156e+04  -1.1300379e+05
   8.6700000e+01   8.4131883e+04  -1.1906644e+05
   8.6800000e+01   7.7799180e+04  -1.1010905e+05
   8.6900000e+01   6.4204512e+04  -9.8549625e+04
   8.7000000e+01   4.8167582e+04  -9.4698492e+04
   8.7100000e+01   3.4986195e+04  -9.7250148e+04
   8.7200000e+01   2.4366141e+04  -9.5304977e+04
   8.7300000e+01   1.2542215e+04  -8.0231188e+04
   8.7400000e+01  -6.7063867e+02  -5.5050531e+04
   8.7500000e+01  -1.0257325e+04  -3.1455320e+04
   8.7600000e+01  -1.2604218e+04  -1.8055898e+04
   8.7700000e+01  -1.1429314e+04  -1.2870441e+04
   8.7800000e+01  -1.4602248e+04  -7.6962344e+03
   8.7900000e+01  -2.5274258e+04   1.4917817e+03
   8.8000000e+01  -3.7941789e+04   9.9427988e+03
   8.8100000e+01  -4.3697461e+04   9.8250938e+03
   8.8200000e+01  -3.8258625e+04  -3.9906299e+02
   8.8300000e+01  -2.4716279e+04  -1.2496646e+04
   8.8400000e+01  -1.0194909e+04  -1.4052749e+04
   8.8500000e+01  -1.1450332e+03   1.7303027e+03
   8.8600000e+01  -5.4013086e+02   2.9853305e+04
   8.8700000e+01  -6.8278418e+03   5.5899824e+04
   8.8800000e+01  -1.4313625e+04   6.5810133e+04
   8.8900000e+01  -1.5767347e+04   5.6176672e+04
   8.9000000e+01  -6.6373989e+03   3.6926645e+04
   8.9100000e+01   1.2136689e+04   2.3613217e+04
   8.9200000e+01   3.5038023e+04   2.5170189e+04
   8.9300000e+01   5.5554508e+04   3.7255293e+04
   8.9400000e+01   6.9520453e+04   4.6676551e+04
   8.9500000e+01   7.6595758e+04   4.2783180e+04
   8.9600000e+01   7.9962594e+04   2.5942080e+04
   8.9700000e+01   8.4299180e+04   6.2846572e+03
   8.9800000e+01   9.1969430e+04  -5.4655415e+03
   8.9900000e+01   9.9262664e+04  -6.8724839e+03
   9.0000000e+01   9.6707977e+04  -5.1167339e+03
   9.0100000e+01   7.5835320e+04  -1.0367552e+04
   9.0200000e+01   3.8504730e+04  -2.7352469e+04
   9.0300000e+01  -2.5169397e+02  -5.2125199e+04
   9.0400000e+01  -2.1618404e+04  -7.6014172e+04
   9.0500000e+01  -1.8662320e+04  -9.2725859e+04
   9.0600000e+01  -3.3728704e+03  -1.0268783e+05
   9.0700000e+01   3.9559844e+03  -1.1166562e+05
   9.0800000e+01  -5.8358564e+03  -1.2516464e+05
   9.0900000e+01  -2.2281018e+04  -1.4286275e+05
   9.1000000e+01  -2.7084207e+04  -1.5735545e+05
   9.1100000e+01  -1.3705506e+04  -1.5900914e+05
   9.1200000e+01   6.0395435e+03  -1.4422181e+05
   9.1300000e+01   1.4075580e+04  -1.2041312e+05
   9.1400000e+01   2.5000200e+03  -1.0203608e+05
   9.1500000e+01  -2.2035023e+04  -9.9272211e+04
   9.1600000e+01  -4.7034031e+04  -1.0890878e+05
   9.1700000e+01  -6.4671867e+04  -1.1640659e+05
   9.1800000e+01  -7.5449555e+04  -1.0805722e+05
   9.1900000e+01  -8.5439078e+04  -8.2123258e+04
   9.2000000e+01  -1.0106739e+05  -4.8773855e+04
   9.2100000e+01  -1.2396004e+05  -1.9811111e+04
   9.2200000e+01  -1.4851711e+05   1.2201421e+03
   9.2300000e+01  -1.6535588e+05   1.9742855e+04
   9.2400000e+01  -1.6921459e+05   4.3069730e+04
   9.2500000e+01  -1.6380792e+05   7.3960641e+04
   9.2600000e+01  -1.5789848e+05   1.1039284e+05
   9.2700000e+01  -1.5641577e+05   1.4924269e+05
   9.2800000e+01  -1.5593748e+05   1.8820472e+05
   9.2900000e+01  -1.4824819e+05   2.2430730e+05
   9.3000000e+01  -1.2698719e+05   2.5267789e+05
   9.3100000e+01  -9.1395328e+04   2.6890828e+05
   9.3200000e+01  -4.6387406e+04   2.7323628e+05
   9.3300000e+01  -7.0525708e+02   2.7158603e+05
   9.3400000e+01   3.6723406e+04   2.7139312e+05
   9.3500000e+01   6.1642648e+04   2.7565241e+05
   9.3600000e+01   7.6581836e+04   2.8040678e+05
   9.3700000e+01   8.7031320e+04   2.7736778e+05
   9.3800000e+01   9.5372383e+04   2.5896831e+05
   9.3900000e+01   1.0004267e+05   2.2233178e+05
   9.4000000e+01   1.0102080e+05   1.7084328e+05
   9.4100000e+01   1.0377901e+05   1.1358812e+05
   9.4200000e+01   1.1529355e+05   6.2571812e+04
   9.4300000e+01   1.3650481e+05   2.7646285e+04
   9.4400000e+01   1.6098219e+05   1.1151061e+04
   9.4500000e+01   1.8163992e+05   6.2721621e+03
   9.4600000e+01   1.9687005e+05   1.5252291e+03
   9.4700000e+01   2.0877378e+05  -1.1129330e+04
   9.4800000e+01   2.1715866e+05  -3.0593266e+04
   9.4900000e+01   2.1822041e+05  -4.7803117e+04
   9.5000000e+01   2.0945467e+05  -5.2804680e+04
   9.5100000e+01   1.9323555e+05  -4.2475562e+04
   9.5200000e+01   1.7354481e+05  -2.3626982e+04
   9.5300000e+01   1.5037478e+05  -9.6023975e+03
   9.5400000e+01   1.2003396e+05  -1.2616899e+04
   9.5500000e+01   8.1654953e+04  -3.6848582e+04
   9.5600000e+01   4.1490988e+04  -7.7031555e+04
   9.5700000e+01   8.9560576e+03  -1.2320313e+05
   9.5800000e+01  -1.1292802e+04  -1.6691050e+05
   9.5900000e+01  -2.2151188e+04  -2.0316389e+05
   9.6000000e+01  -2.9317188e+04  -2.2792838e+05
   9.6100000e+01  -3.5675828e+04  -2.3685942e+05
   9.6200000e+01  -4.1453391e+04  -2.2904591e+05
   9.6300000e+01  -4.8331195e+04  -2.1118858e+05
   9.6400000e+01  -6.0399434e+04  -1.9449933e+05
   9.6500000e+01  -7.9667203e+04  -1.8499498e+05
   9.6600000e+01  -1.0220638e+05  -1.7790530e+05
   9.6700000e+01  -1.2127066e+05  -1.6393170e+05
   9.6800000e+01  -1.3473773e+05  -1.4068909e+05
   9.6900000e+01  -1.4754362e+05  -1.1530455e+05
   9.7000000e+01  -1.6503000e+05  -9.4917352e+04
   9.7100000e+01  -1.8468675e+05  -7.7724945e+04
   9.7200000e+01  -1.9681370e+05  -5.6985305e+04
   9.7300000e+01  -1.9416652e+05  -3.3307312e+04
   9.7400000e+01  -1.7920655e+05  -1.8686107e+04
   9.7500000e+01  -1.6004100e+05  -2.5199500e+04
   9.7600000e+01  -1.4017783e+05  -5.0655414e+04
   9.7700000e+01  -1.1520042e+05  -7.8290672e+04
   9.7800000e+01  -8.0770469e+04  -9.1702859e+04
   9.7900000e+01  -4.1665367e+04  -8.9030938e+04
   9.8000000e+01  -9.6831055e+03  -8.2074570e+04
   9.8100000e+01   7.9602139e+03  -8.3109344e+04
   9.8200000e+01   1.5871875e+04  -9.3977773e+04
   9.8300000e+01   2.4366328e+04  -1.0677179e+05
   9.8400000e+01   3.7128973e+04  -1.1208562e+05
   9.8500000e+01   4.7262953e+04  -1.0521252e+05
   9.8600000e+01   4.6111012e+04  -8.6227891e+04
   9.8700000e+01   3.4178566e+04  -5.7106027e+04
   9.8800000e+01   2.1698006e+04  -1.9837949e+04
   9.8900000e+01   1.8986439e+04   2.3937324e+04
   9.9000000e+01   2.7781184e+04   7.2935102e+04
   9.9100000e+01   4.1858102e+04   1.2582867e+05
   9.9200000e+01   5.3933762e+04   1.7984039e+05
   9.9300000e+01   6.0366258e+04   2.2909938e+05
   9.9400000e+01   6.0300852e+04   2.6465194e+05
   9.9500000e+01   5.3246258e+04   2.7715153e+05
   9.9600000e+01   3.9619465e+04   2.6136908e+05
   9.9700000e+01   2.3425633e+04   2.1999912e+05
   9.9800000e+01   1.2338983e+04   1.6336706e+05
   9.9900000e+01   1.2584147e+04   1.0335112e+05
   1.0000000e+02   2.2445949e+04   4.5504945e+04
