   1.1851270e+02   3.6301420e+01   1.8450000e+02
   1.1897269e+02   3.7000576e+01   9.5000000e+00
   0.0000000e+00   7.0691838e+05   7.0691838e+05
   1.0000000e-01   6.2799525e+05   6.9803588e+05
   2.0000000e-01   4.8553131e+05   6.2599269e+05
   3.0000000e-01   3.3347166e+05   5.3996406e+05
   4.0000000e-01   2.1159794e+05   4.7134850e+05
   5.0000000e-01   1.2012120e+05   4.1490703e+05
   6.0000000e-01   3.3589711e+04   3.4618122e+05
   7.0000000e-01  -6.6292453e+04   2.5042423e+05
   8.0000000e-01  -1.7413119e+05   1.3292503e+05
   9.0000000e-01  -2.7229941e+05   7.2987451e+03
   1.0000000e+00  -3.5113891e+05  -1.1824246e+05
   1.1000000e+00  -4.1411150e+05  -2.4102573e+05
   1.2000000e+00  -4.6595478e+05  -3.5527212e+05
   1.3000000e+00  -5.0177372e+05  -4.4890116e+05
   1.4000000e+00  -5.1128053e+05  -5.1032456e+05
   1.5000000e+00  -4.9248991e+05  -5.3657188e+05
   1.6000000e+00  -4.5752931e+05  -5.3340075e+05
   1.7000000e+00  -4.2262228e+05  -5.0830562e+05
   1.8000000e+00  -3.9286150e+05  -4.6501597e+05
   1.9000000e+00  -3.5848584e+05  -4.0508028e+05
   2.0000000e+00  -3.0644747e+05  -3.3321962e+05
   2.1000000e+00  -2.3434078e+05  -2.5889561e+05
   2.2000000e+00  -1.5209619e+05  -1.9139470e+05
   2.3000000e+00  -7.1221203e+04  -1.3382677e+05
   2.4000000e+00   5.2637119e+03  -8.3216445e+04
   2.5000000e+00   8.1386867e+04  -3.6971297e+04
   2.6000000e+00   1.5855873e+05   1.6883398e+03
   2.7000000e+00   2.3009250e+05   2.5987111e+04
   2.8000000e+00   2.8665975e+05   3.3412016e+04
   2.9000000e+00   3.2624153e+05   3.0290047e+04
   3.0000000e+00   3.5666916e+05   2.7634891e+04
   3.1000000e+00   3.8718497e+05   3.2371820e+04
   3.2000000e+00   4.1810156e+05   4.3121465e+04
   3.3000000e+00   4.4006328e+05   5.4724133e+04
   3.4000000e+00   4.4346878e+05   6.6184609e+04
   3.5000000e+00   4.2683444e+05   8.3017258e+04
   3.6000000e+00   3.9458272e+05   1.1121123e+05
   3.7000000e+00   3.4844484e+05   1.4979938e+05
   3.8000000e+00   2.8532634e+05   1.9145812e+05
   3.9000000e+00   2.0603531e+05   2.3173559e+05
   4.0000000e+00   1.2338409e+05   2.7617388e+05
   4.1000000e+00   5.5947406e+04   3.3453634e+05
   4.2000000e+00   1.0601857e+04   4.0538288e+05
   4.3000000e+00  -2.6773203e+04   4.6783309e+05
   4.4000000e+00  -7.8961539e+04   4.9320662e+05
   4.5000000e+00  -1.5358997e+05   4.6868494e+05
   4.6000000e+00  -2.3232598e+05   4.1002159e+05
   4.7000000e+00  -2.8522156e+05   3.4903019e+05
   4.8000000e+00  -2.9641272e+05   3.0658622e+05
   4.9000000e+00  -2.7624838e+05   2.7665944e+05
   5.0000000e+00  -2.4962414e+05   2.3554966e+05
   5.1000000e+00  -2.3381481e+05   1.6550161e+05
   5.2000000e+00  -2.2713841e+05   6.9496516e+04
   5.3000000e+00  -2.1657634e+05  -3.4431812e+04
   5.4000000e+00  -1.9370103e+05  -1.2977344e+05
   5.5000000e+00  -1.6242267e+05  -2.1100956e+05
   5.6000000e+00  -1.3257752e+05  -2.7907403e+05
   5.7000000e+00  -1.0802428e+05  -3.3226878e+05
   5.8000000e+00  -8.2348758e+04  -3.6544338e+05
   5.9000000e+00  -4.6284062e+04  -3.7818522e+05
   6.0000000e+00   1.5556953e+03  -3.8041644e+05
   6.1000000e+00   5.2193105e+04  -3.8615234e+05
   6.2000000e+00   9.4478438e+04  -4.0065584e+05
   6.3000000e+00   1.2495857e+05  -4.1543872e+05
   6.4000000e+00   1.4912850e+05  -4.1774094e+05
   6.5000000e+00   1.7366281e+05  -4.0462084e+05
   6.6000000e+00   1.9881850e+05  -3.8590703e+05
   6.7000000e+00   2.1881812e+05  -3.7240566e+05
   6.8000000e+00   2.2820531e+05  -3.6240262e+05
   6.9000000e+00   2.2600669e+05  -3.4165462e+05
   7.0000000e+00   2.1365072e+05  -2.9726722e+05
   7.1000000e+00   1.9071295e+05  -2.3073456e+05
   7.2000000e+00   1.5443623e+05  -1.5653675e+05
   7.3000000e+00   1.0337840e+05  -8.8274023e+04
   7.4000000e+00   4.0448719e+04  -2.7033395e+04
   7.5000000e+00  -2.8107885e+04   3.6706305e+04
   7.6000000e+00  -9.6468148e+04   1.1100275e+05
   7.7000000e+00  -1.6226603e+05   1.9317519e+05
   7.8000000e+00  -2.2697102e+05   2.7152334e+05
   7.9000000e+00  -2.9364819e+05   3.3416634e+05
   8.0000000e+00  -3.6302691e+05   3.7555138e+05
   8.1000000e+00  -4.2984706e+05   3.9651744e+05
   8.2000000e+00  -4.8243981e+05   4.0151259e+05
   8.3000000e+00  -5.0705712e+05   3.9712056e+05
   8.4000000e+00  -4.9456272e+05   3.9075344e+05
   8.5000000e+00  -4.4488041e+05   3.8629831e+05
   8.6000000e+00  -3.6676038e+05   3.7856216e+05
   8.7000000e+00  -2.7404100e+05   3.5347816e+05
   8.8000000e+00  -1.8037081e+05   2.9767950e+05
   8.9000000e+00  -9.3299250e+04   2.1112630e+05
   9.0000000e+00  -9.8720781e+03   1.1119028e+05
   9.1000000e+00   8.1621516e+04   2.2966338e+04
   9.2000000e+00   1.9159845e+05  -3.7189980e+04
   9.3000000e+00   3.1726853e+05  -7.1778484e+04
   9.4000000e+00   4.4043866e+05  -9.8104422e+04
   9.5000000e+00   5.3912194e+05  -1.3351589e+05
   9.6000000e+00   6.0260588e+05  -1.8133484e+05
   9.7000000e+00   6.3500994e+05  -2.2820941e+05
   9.8000000e+00   6.4463694e+05  -2.5499300e+05
   9.9000000e+00   6.3213306e+05  -2.5228055e+05
   1.0000000e+01   5.9091088e+05  -2.2702720e+05
   1.0100000e+01   5.1797916e+05  -1.9411859e+05
   1.0200000e+01   4.2100262e+05  -1.6147161e+05
   1.0300000e+01   3.1282638e+05  -1.2439872e+05
   1.0400000e+01   2.0041756e+05  -7.5068430e+04
   1.0500000e+01   8.1685492e+04  -1.5538969e+04
   1.0600000e+01  -4.6361750e+04   4.1602688e+04
   1.0700000e+01  -1.7822991e+05   8.6057594e+04
   1.0800000e+01  -3.0034484e+05   1.2048159e+05
   1.0900000e+01  -4.0042553e+05   1.5579931e+05
   1.1000000e+01  -4.7505922e+05   1.9673722e+05
   1.1100000e+01  -5.2783312e+05   2.3482542e+05
   1.1200000e+01  -5.6176006e+05   2.5644131e+05
   1.1300000e+01  -5.7554575e+05   2.5541403e+05
   1.1400000e+01  -5.6722019e+05   2.3589870e+05
   1.1500000e+01  -5.3889319e+05   2.0474695e+05
   1.1600000e+01  -4.9522841e+05   1.6469895e+05
   1.1700000e+01  -4.3713169e+05   1.1580880e+05
   1.1800000e+01  -3.5968016e+05   6.0282234e+04
   1.1900000e+01  -2.5907062e+05   2.5652598e+03
   1.2000000e+01  -1.4171205e+05  -5.4957273e+04
   1.2100000e+01  -2.4153941e+04  -1.1337504e+05
   1.2200000e+01   7.7903117e+04  -1.7292605e+05
   1.2300000e+01   1.6047275e+05  -2.2882375e+05
   1.2400000e+01   2.3056670e+05  -2.7344941e+05
   1.2500000e+01   2.9533750e+05  -3.0260697e+05
   1.2600000e+01   3.5348253e+05  -3.1796544e+05
   1.2700000e+01   3.9768884e+05  -3.2256728e+05
   1.2800000e+01   4.2375388e+05  -3.1497153e+05
   1.2900000e+01   4.3497625e+05  -2.8936541e+05
   1.3000000e+01   4.3682884e+05  -2.4219762e+05
   1.3100000e+01   4.2854725e+05  -1.7864777e+05
   1.3200000e+01   4.0208409e+05  -1.1188259e+05
   1.3300000e+01   3.5120909e+05  -5.4353973e+04
   1.3400000e+01   2.8233300e+05  -7.8280000e+03
   1.3500000e+01   2.1514820e+05   3.8502148e+04
   1.3600000e+01   1.6965361e+05   9.7833203e+04
   1.3700000e+01   1.4974770e+05   1.7047923e+05
   1.3800000e+01   1.3903808e+05   2.3764634e+05
   1.3900000e+01   1.1452175e+05   2.7242319e+05
   1.4000000e+01   6.6470891e+04   2.5997433e+05
   1.4100000e+01   6.0167236e+03   2.0865456e+05
   1.4200000e+01  -4.6075293e+04   1.4188053e+05
   1.4300000e+01  -7.7347688e+04   7.9538430e+04
   1.4400000e+01  -9.1128836e+04   2.6886871e+04
   1.4500000e+01  -9.9348078e+04  -2.1149660e+04
   1.4600000e+01  -1.1146356e+05  -6.8860758e+04
   1.4700000e+01  -1.3068757e+05  -1.1452050e+05
   1.4800000e+01  -1.5713630e+05  -1.5355655e+05
   1.4900000e+01  -1.9013766e+05  -1.8272288e+05
   1.5000000e+01  -2.2661648e+05  -1.9959023e+05
   1.5100000e+01  -2.6029320e+05  -2.0010241e+05
   1.5200000e+01  -2.8571844e+05  -1.7995659e+05
   1.5300000e+01  -3.0350406e+05  -1.3988139e+05
   1.5400000e+01  -3.1992266e+05  -8.8650047e+04
   1.5500000e+01  -3.4022978e+05  -3.9009809e+04
   1.5600000e+01  -3.6268584e+05   8.1733789e+02
   1.5700000e+01  -3.7954125e+05   3.2212299e+04
   1.5800000e+01  -3.8327478e+05   6.2774059e+04
   1.5900000e+01  -3.7102406e+05   9.7527711e+04
   1.6000000e+01  -3.4338397e+05   1.3306300e+05
   1.6100000e+01  -3.0081588e+05   1.6006791e+05
   1.6200000e+01  -2.4305705e+05   1.7150420e+05
   1.6300000e+01  -1.7217058e+05   1.6835283e+05
   1.6400000e+01  -9.4670898e+04   1.5769170e+05
   1.6500000e+01  -1.8959215e+04   1.4568952e+05
   1.6600000e+01   5.0067469e+04   1.3280939e+05
   1.6700000e+01   1.1380647e+05   1.1561523e+05
   1.6800000e+01   1.7728636e+05   9.2532953e+04
   1.6900000e+01   2.4369627e+05   6.7111391e+04
   1.7000000e+01   3.1106744e+05   4.5439445e+04
   1.7100000e+01   3.7333756e+05   3.0887744e+04
   1.7200000e+01   4.2380066e+05   2.2145795e+04
   1.7300000e+01   4.5738522e+05   1.6342645e+04
   1.7400000e+01   4.7010844e+05   1.2591867e+04
   1.7500000e+01   4.5741400e+05   1.0850660e+04
   1.7600000e+01   4.1517009e+05   8.0993145e+03
   1.7700000e+01   3.4533828e+05  -5.7972510e+02
   1.7800000e+01   2.6248844e+05  -1.3851520e+04
   1.7900000e+01   1.9236195e+05  -1.8516734e+04
   1.8000000e+01   1.5750547e+05   2.1600381e+03
   1.8100000e+01   1.5822292e+05   4.9950422e+04
   1.8200000e+01   1.6707639e+05   1.0278489e+05
   1.8300000e+01   1.4717634e+05   1.2972283e+05
   1.8400000e+01   8.1728156e+04   1.1840129e+05
   1.8500000e+01  -1.1957912e+04   8.6796625e+04
   1.8600000e+01  -9.8001055e+04   6.5496496e+04
   1.8700000e+01  -1.5203238e+05   6.8198352e+04
   1.8800000e+01  -1.7680864e+05   8.0861891e+04
   1.8900000e+01  -1.9106394e+05   7.9062500e+04
   1.9000000e+01  -2.0764358e+05   5.2979984e+04
   1.9100000e+01  -2.2511539e+05   1.3845115e+04
   1.9200000e+01  -2.3793236e+05  -2.1713072e+04
   1.9300000e+01  -2.4836784e+05  -4.9714211e+04
   1.9400000e+01  -2.6425847e+05  -8.0238273e+04
   1.9500000e+01  -2.8663488e+05  -1.2326230e+05
   1.9600000e+01  -3.0469053e+05  -1.7568456e+05
   1.9700000e+01  -3.0620072e+05  -2.2263084e+05
   1.9800000e+01  -2.9164803e+05  -2.5015352e+05
   1.9900000e+01  -2.7455553e+05  -2.5578059e+05
   2.0000000e+01  -2.6618231e+05  -2.4741945e+05
   2.0100000e+01  -2.6143797e+05  -2.3375909e+05
   2.0200000e+01  -2.4238720e+05  -2.1706952e+05
   2.0300000e+01  -1.9615352e+05  -1.9495058e+05
   2.0400000e+01  -1.2785296e+05  -1.6689316e+05
   2.0500000e+01  -5.4981289e+04  -1.3673483e+05
   2.0600000e+01   9.5852207e+03  -1.0835861e+05
   2.0700000e+01   6.7122688e+04  -8.1195758e+04
   2.0800000e+01   1.2619184e+05  -5.2391344e+04
   2.0900000e+01   1.8922411e+05  -2.3219404e+04
   2.1000000e+01   2.4838488e+05  -5.4757764e+02
   2.1100000e+01   2.9442822e+05   1.0455514e+04
   2.1200000e+01   3.2733188e+05   1.4433894e+04
   2.1300000e+01   3.5626891e+05   2.3855633e+04
   2.1400000e+01   3.8888012e+05   4.7041734e+04
   2.1500000e+01   4.2158300e+05   7.8927078e+04
   2.1600000e+01   4.4149831e+05   1.0553691e+05
   2.1700000e+01   4.3805053e+05   1.1781748e+05
   2.1800000e+01   4.1166366e+05   1.1929671e+05
   2.1900000e+01   3.7014884e+05   1.1905039e+05
   2.2000000e+01   3.1791269e+05   1.1908977e+05
   2.2100000e+01   2.5256120e+05   1.1241557e+05
   2.2200000e+01   1.7478228e+05   9.5100555e+04
   2.2300000e+01   9.8848297e+04   7.7580727e+04
   2.2400000e+01   4.6298105e+04   7.9142211e+04
   2.2500000e+01   2.4289453e+04   1.0833214e+05
   2.2600000e+01   1.2148670e+04   1.4963058e+05
   2.2700000e+01  -2.4391740e+04   1.7237069e+05
   2.2800000e+01  -1.0158367e+05   1.5549586e+05
   2.2900000e+01  -2.0075856e+05   1.0543725e+05
   2.3000000e+01  -2.8458525e+05   5.1056488e+04
   2.3100000e+01  -3.3000447e+05   2.1136547e+04
   2.3200000e+01  -3.4468275e+05   2.4302309e+04
   2.3300000e+01  -3.5315444e+05   4.6501793e+04
   2.3400000e+01  -3.7051834e+05   6.4834340e+04
   2.3500000e+01  -3.9083022e+05   6.4386727e+04
   2.3600000e+01  -3.9796166e+05   4.5430805e+04
   2.3700000e+01  -3.8328266e+05   1.8442123e+04
   2.3800000e+01  -3.5126853e+05  -5.8523193e+03
   2.3900000e+01  -3.1021975e+05  -2.2536223e+04
   2.4000000e+01  -2.6105892e+05  -3.2147281e+04
   2.4100000e+01  -1.9710139e+05  -3.8010539e+04
   2.4200000e+01  -1.1426816e+05  -4.5056898e+04
   2.4300000e+01  -1.9639166e+04  -5.8615246e+04
   2.4400000e+01   7.1512617e+04  -8.0303500e+04
   2.4500000e+01   1.4702761e+05  -1.0386960e+05
   2.4600000e+01   2.0520769e+05  -1.1792499e+05
   2.4700000e+01   2.5095206e+05  -1.1614627e+05
   2.4800000e+01   2.8641272e+05  -1.0465174e+05
   2.4900000e+01   3.0729012e+05  -9.6402844e+04
   2.5000000e+01   3.0786500e+05  -9.6991438e+04
   2.5100000e+01   2.8729062e+05  -9.8140812e+04
   2.5200000e+01   2.4959648e+05  -8.7806734e+04
   2.5300000e+01   1.9892064e+05  -6.5824844e+04
   2.5400000e+01   1.3712553e+05  -4.6050234e+04
   2.5500000e+01   6.6630359e+04  -4.1131938e+04
   2.5600000e+01  -6.1276187e+03  -4.6947996e+04
   2.5700000e+01  -7.2010297e+04  -4.4941895e+04
   2.5800000e+01  -1.2467649e+05  -2.0361107e+04
   2.5900000e+01  -1.6454583e+05   2.3320541e+04
   2.6000000e+01  -1.9686150e+05   6.8377922e+04
   2.6100000e+01  -2.2544334e+05   9.9035484e+04
   2.6200000e+01  -2.4823891e+05   1.1196145e+05
   2.6300000e+01  -2.5927711e+05   1.1240966e+05
   2.6400000e+01  -2.5494042e+05   1.0453606e+05
   2.6500000e+01  -2.3724178e+05   8.8915352e+04
   2.6600000e+01  -2.0980856e+05   6.8626414e+04
   2.6700000e+01  -1.7166850e+05   5.3199309e+04
   2.6800000e+01  -1.1841316e+05   5.1985453e+04
   2.6900000e+01  -5.2146156e+04   6.2051395e+04
   2.7000000e+01   1.1159403e+04   6.4488473e+04
   2.7100000e+01   4.8941246e+04   3.6633750e+04
   2.7200000e+01   5.0622227e+04  -2.8030059e+04
   2.7300000e+01   2.9443809e+04  -1.0996559e+05
   2.7400000e+01   1.3918936e+04  -1.7442059e+05
   2.7500000e+01   2.5496270e+04  -1.9567486e+05
   2.7600000e+01   6.2972867e+04  -1.7449669e+05
   2.7700000e+01   1.0692708e+05  -1.3396414e+05
   2.7800000e+01   1.3785103e+05  -9.8427211e+04
   2.7900000e+01   1.5056267e+05  -7.5402883e+04
   2.8000000e+01   1.5412136e+05  -5.5469219e+04
   2.8100000e+01   1.6121350e+05  -2.6309691e+04
   2.8200000e+01   1.7862192e+05   1.5277872e+04
   2.8300000e+01   2.0583962e+05   6.3202141e+04
   2.8400000e+01   2.3932761e+05   1.0864206e+05
   2.8500000e+01   2.7549153e+05   1.4353511e+05
   2.8600000e+01   3.0943119e+05   1.5984061e+05
   2.8700000e+01   3.3320584e+05   1.5102705e+05
   2.8800000e+01   3.3853931e+05   1.1782862e+05
   2.8900000e+01   3.2288781e+05   7.1336133e+04
   2.9000000e+01   2.9193891e+05   2.7082814e+04
   2.9100000e+01   2.5407033e+05  -5.6752109e+03
   2.9200000e+01   2.1156520e+05  -2.8676209e+04
   2.9300000e+01   1.5854880e+05  -4.8799559e+04
   2.9400000e+01   8.9137312e+04  -6.8465672e+04
   2.9500000e+01   7.3288516e+03  -8.2225703e+04
   2.9600000e+01  -7.3178922e+04  -8.1991602e+04
   2.9700000e+01  -1.4047372e+05  -6.4853004e+04
   2.9800000e+01  -1.9507881e+05  -3.6171469e+04
   2.9900000e+01  -2.4729661e+05  -5.6779941e+03
   3.0000000e+01  -3.0319628e+05   2.0027660e+04
   3.0100000e+01  -3.5457212e+05   4.2408398e+04
   3.0200000e+01  -3.8466628e+05   6.8557688e+04
   3.0300000e+01  -3.8407244e+05   1.0235478e+05
   3.0400000e+01  -3.5968281e+05   1.3700494e+05
   3.0500000e+01  -3.2739312e+05   1.5743239e+05
   3.0600000e+01  -2.9745912e+05   1.5202398e+05
   3.0700000e+01  -2.6853541e+05   1.2260708e+05
   3.0800000e+01  -2.3467080e+05   8.2199141e+04
   3.0900000e+01  -1.9416323e+05   4.3221367e+04
   3.1000000e+01  -1.4917175e+05   9.5471719e+03
   3.1100000e+01  -9.9042375e+04  -1.9715781e+04
   3.1200000e+01  -3.9207117e+04  -4.2176715e+04
   3.1300000e+01   3.0497432e+04  -5.2665277e+04
   3.1400000e+01   9.8353320e+04  -5.2639895e+04
   3.1500000e+01   1.4577097e+05  -5.4510535e+04
   3.1600000e+01   1.6256577e+05  -7.0727273e+04
   3.1700000e+01   1.5760247e+05  -9.6897156e+04
   3.1800000e+01   1.5319481e+05  -1.0929715e+05
   3.1900000e+01   1.6721902e+05  -8.4137016e+04
   3.2000000e+01   1.9850769e+05  -2.1722137e+04
   3.2100000e+01   2.2798505e+05   4.9218168e+04
   3.2200000e+01   2.3411605e+05   9.3193438e+04
   3.2300000e+01   2.0928550e+05   9.5832820e+04
   3.2400000e+01   1.6365159e+05   7.2087586e+04
   3.2500000e+01   1.1453645e+05   4.8490008e+04
   3.2600000e+01   7.2219836e+04   3.7993242e+04
   3.2700000e+01   3.5186156e+04   3.1187230e+04
   3.2800000e+01  -2.6536631e+03   9.7254502e+03
   3.2900000e+01  -4.2503996e+04  -3.3899641e+04
   3.3000000e+01  -7.9619344e+04  -8.9906836e+04
   3.3100000e+01  -1.1033749e+05  -1.4182506e+05
   3.3200000e+01  -1.3720589e+05  -1.8049208e+05
   3.3300000e+01  -1.6500672e+05  -2.0706216e+05
   3.3400000e+01  -1.9211628e+05  -2.2504606e+05
   3.3500000e+01  -2.0803427e+05  -2.3309477e+05
   3.3600000e+01  -2.0135038e+05  -2.2648488e+05
   3.3700000e+01  -1.7028300e+05  -2.0296397e+05
   3.3800000e+01  -1.2420616e+05  -1.6423556e+05
   3.3900000e+01  -7.4051750e+04  -1.1240219e+05
   3.4000000e+01  -2.1976711e+04  -4.8619297e+04
   3.4100000e+01   3.8039062e+04   2.2632875e+04
   3.4200000e+01   1.0917005e+05   9.0184047e+04
   3.4300000e+01   1.8293344e+05   1.4114486e+05
   3.4400000e+01   2.4292430e+05   1.7071727e+05
   3.4500000e+01   2.7696678e+05   1.8520122e+05
   3.4600000e+01   2.8415541e+05   1.9343489e+05
   3.4700000e+01   2.7018559e+05   1.9600819e+05
   3.4800000e+01   2.3845878e+05   1.8465627e+05
   3.4900000e+01   1.8795298e+05   1.5203838e+05
   3.5000000e+01   1.1858359e+05   1.0024059e+05
   3.5100000e+01   3.5428852e+04   3.9266805e+04
   3.5200000e+01  -5.3437629e+04  -2.0726156e+04
   3.5300000e+01  -1.4117050e+05  -7.3978039e+04
   3.5400000e+01  -2.2232969e+05  -1.1733484e+05
   3.5500000e+01  -2.9034891e+05  -1.4696536e+05
   3.5600000e+01  -3.3839188e+05  -1.5840306e+05
   3.5700000e+01  -3.6465809e+05  -1.4956550e+05
   3.5800000e+01  -3.7564031e+05  -1.2361941e+05
   3.5900000e+01  -3.8134472e+05  -8.9078047e+04
   3.6000000e+01  -3.8488125e+05  -5.5511199e+04
   3.6100000e+01  -3.7570672e+05  -2.5890861e+04
   3.6200000e+01  -3.3420872e+05   7.9840303e+03
   3.6300000e+01  -2.4653636e+05   5.9086844e+04
   3.6400000e+01  -1.1919004e+05   1.2968541e+05
   3.6500000e+01   1.9543072e+04   2.0194939e+05
   3.6600000e+01   1.3541569e+05   2.4803055e+05
   3.6700000e+01   2.1028353e+05   2.5279636e+05
   3.6800000e+01   2.5190214e+05   2.2618605e+05
   3.6900000e+01   2.8300103e+05   1.9192645e+05
   3.7000000e+01   3.2048916e+05   1.6556883e+05
   3.7100000e+01   3.6396572e+05   1.4583230e+05
   3.7200000e+01   4.0121562e+05   1.2575159e+05
   3.7300000e+01   4.2097456e+05   1.0657924e+05
   3.7400000e+01   4.1940719e+05   9.6569062e+04
   3.7500000e+01   3.9779212e+05   9.7557641e+04
   3.7600000e+01   3.5890544e+05   9.7602375e+04
   3.7700000e+01   3.0741538e+05   8.0137438e+04
   3.7800000e+01   2.5138106e+05   4.0399492e+04
   3.7900000e+01   1.9986023e+05  -8.4472646e+03
   3.8000000e+01   1.5744897e+05  -4.5956418e+04
   3.8100000e+01   1.2167435e+05  -6.1036957e+04
   3.8200000e+01   8.6896938e+04  -5.8470207e+04
   3.8300000e+01   5.1436090e+04  -5.0442184e+04
   3.8400000e+01   2.0617467e+04  -4.3849926e+04
   3.8500000e+01   1.8452583e+03  -3.7507887e+04
   3.8600000e+01  -4.0548501e+03  -3.0746889e+04
   3.8700000e+01  -6.0667578e+03  -3.0694762e+04
   3.8800000e+01  -1.6204795e+04  -4.7096613e+04
   3.8900000e+01  -3.8914562e+04  -7.9868734e+04
   3.9000000e+01  -6.8100391e+04  -1.1559416e+05
   3.9100000e+01  -9.5534391e+04  -1.3987341e+05
   3.9200000e+01  -1.2137829e+05  -1.5303052e+05
   3.9300000e+01  -1.5462436e+05  -1.7104036e+05
   3.9400000e+01  -2.0273444e+05  -2.0939488e+05
   3.9500000e+01  -2.6235409e+05  -2.6654538e+05
   3.9600000e+01  -3.2170734e+05  -3.2374672e+05
   3.9700000e+01  -3.7178991e+05  -3.6031625e+05
   3.9800000e+01  -4.1370941e+05  -3.6820456e+05
   3.9900000e+01  -4.5435725e+05  -3.5291706e+05
   4.0000000e+01  -4.9591400e+05  -3.2353375e+05
   4.0100000e+01  -5.3137025e+05  -2.8478081e+05
   4.0200000e+01  -5.5105906e+05  -2.3873028e+05
   4.0300000e+01  -5.5207706e+05  -1.9022917e+05
   4.0400000e+01  -5.3814700e+05  -1.4493609e+05
   4.0500000e+01  -5.0822962e+05  -9.9126641e+04
   4.0600000e+01  -4.4745178e+05  -3.4800551e+04
   4.0700000e+01  -3.3533078e+05   6.7259031e+04
   4.0800000e+01  -1.6828881e+05   2.0377514e+05
   4.0900000e+01   2.6140920e+04   3.3969544e+05
   4.1000000e+01   2.0282573e+05   4.2937919e+05
   4.1100000e+01   3.3231594e+05   4.5268631e+05
   4.1200000e+01   4.2263944e+05   4.3070562e+05
   4.1300000e+01   5.0691153e+05   4.0394584e+05
   4.1400000e+01   6.0809269e+05   3.9474350e+05
   4.1500000e+01   7.1558300e+05   3.9184231e+05
   4.1600000e+01   7.9547006e+05   3.6983809e+05
   4.1700000e+01   8.2147638e+05   3.1879788e+05
   4.1800000e+01   7.9452719e+05   2.5213403e+05
   4.1900000e+01   7.3411588e+05   1.8882822e+05
   4.2000000e+01   6.5520219e+05   1.3404583e+05
   4.2100000e+01   5.5684744e+05   7.9220484e+04
   4.2200000e+01   4.3233175e+05   1.7289742e+04
   4.2300000e+01   2.8583419e+05  -4.6800562e+04
   4.2400000e+01   1.3523075e+05  -1.0070889e+05
   4.2500000e+01  -1.7915723e+03  -1.3612477e+05
   4.2600000e+01  -1.2161910e+05  -1.5351119e+05
   4.2700000e+01  -2.3245495e+05  -1.5742036e+05
   4.2800000e+01  -3.3882516e+05  -1.5054422e+05
   4.2900000e+01  -4.3115722e+05  -1.3361894e+05
   4.3000000e+01  -4.9302056e+05  -1.0938863e+05
   4.3100000e+01  -5.1834762e+05  -8.3903164e+04
   4.3200000e+01  -5.1918884e+05  -6.2493172e+04
   4.3300000e+01  -5.1472475e+05  -4.5000754e+04
   4.3400000e+01  -5.1307388e+05  -2.6496820e+04
   4.3500000e+01  -5.0546147e+05  -3.6916875e+03
   4.3600000e+01  -4.7853128e+05   1.9773143e+04
   4.3700000e+01  -4.3056844e+05   3.5569605e+04
   4.3800000e+01  -3.7367022e+05   3.8626340e+04
   4.3900000e+01  -3.2030862e+05   3.1980230e+04
   4.4000000e+01  -2.7028300e+05   2.2836355e+04
   4.4100000e+01  -2.1288500e+05   1.4385777e+04
   4.4200000e+01  -1.4111692e+05   3.0755195e+03
   4.4300000e+01  -6.1065918e+04  -1.5651475e+04
   4.4400000e+01   1.4323274e+04  -4.0632273e+04
   4.4500000e+01   7.9461039e+04  -6.5889305e+04
   4.4600000e+01   1.4168272e+05  -8.7954852e+04
   4.4700000e+01   2.1217373e+05  -1.0997749e+05
   4.4800000e+01   2.9356912e+05  -1.3667925e+05
   4.4900000e+01   3.7882434e+05  -1.6572945e+05
   4.5000000e+01   4.6131212e+05  -1.8641997e+05
   4.5100000e+01   5.4154506e+05  -1.8901595e+05
   4.5200000e+01   6.1994219e+05  -1.7607278e+05
   4.5300000e+01   6.8377956e+05  -1.6368900e+05
   4.5400000e+01   7.0692000e+05  -1.6979600e+05
   4.5500000e+01   6.6840950e+05  -1.9894677e+05
   4.5600000e+01   5.7318756e+05  -2.3672677e+05
   4.5700000e+01   4.5194362e+05  -2.5884583e+05
   4.5800000e+01   3.3704400e+05  -2.4781631e+05
   4.5900000e+01   2.3683366e+05  -2.0425548e+05
   4.6000000e+01   1.3330844e+05  -1.4452583e+05
   4.6100000e+01   4.5356860e+03  -8.7395852e+04
   4.6200000e+01  -1.5128361e+05  -4.0860547e+04
   4.6300000e+01  -3.1279775e+05   5.7400903e+02
   4.6400000e+01  -4.5306641e+05   4.7378008e+04
   4.6500000e+01  -5.5755988e+05   1.0433739e+05
   4.6600000e+01  -6.2615181e+05   1.6760042e+05
   4.6700000e+01  -6.6234288e+05   2.3031306e+05
   4.6800000e+01  -6.6509894e+05   2.8884369e+05
   4.6900000e+01  -6.3165025e+05   3.4265838e+05
   4.7000000e+01  -5.6492656e+05   3.8987891e+05
   4.7100000e+01  -4.7504709e+05   4.2576575e+05
   4.7200000e+01  -3.7333312e+05   4.4647050e+05
   4.7300000e+01  -2.6649134e+05   4.5257166e+05
   4.7400000e+01  -1.5711561e+05   4.4701147e+05
   4.7500000e+01  -4.8264938e+04   4.2983053e+05
   4.7600000e+01   5.4242824e+04   3.9686075e+05
   4.7700000e+01   1.4411502e+05   3.4480969e+05
   4.7800000e+01   2.1778400e+05   2.7704778e+05
   4.7900000e+01   2.7418225e+05   2.0306530e+05
   4.8000000e+01   3.1132872e+05   1.3148791e+05
   4.8100000e+01   3.2419553e+05   6.3611629e+04
   4.8200000e+01   3.0759997e+05  -5.9803008e+03
   4.8300000e+01   2.6256456e+05  -8.2277992e+04
   4.8400000e+01   1.9972148e+05  -1.6325558e+05
   4.8500000e+01   1.3462750e+05  -2.4031136e+05
   4.8600000e+01   7.7632148e+04  -3.0494291e+05
   4.8700000e+01   2.7743393e+04  -3.5430888e+05
   4.8800000e+01  -2.2868359e+04  -3.8990047e+05
   4.8900000e+01  -7.8072133e+04  -4.1195041e+05
   4.9000000e+01  -1.3200353e+05  -4.1739756e+05
   4.9100000e+01  -1.7371612e+05  -4.0418181e+05
   4.9200000e+01  -1.9562528e+05  -3.7550612e+05
   4.9300000e+01  -1.9591308e+05  -3.3711762e+05
   4.9400000e+01  -1.7441528e+05  -2.9041044e+05
   4.9500000e+01  -1.3055256e+05  -2.3126131e+05
   4.9600000e+01  -6.8202312e+04  -1.5814584e+05
   4.9700000e+01  -9.2482568e+02  -8.0344109e+04
   4.9800000e+01   5.2440129e+04  -1.4757342e+04
   4.9900000e+01   8.1273547e+04   2.7682355e+04
   5.0000000e+01   9.3020602e+04   5.2314461e+04
   5.0100000e+01   1.0787002e+05   7.6317031e+04
   5.0200000e+01   1.4122984e+05   1.1287914e+05
   5.0300000e+01   1.8941514e+05   1.5859888e+05
   5.0400000e+01   2.3140627e+05   1.9549722e+05
   5.0500000e+01   2.4475214e+05   2.0558106e+05
   5.0600000e+01   2.2140378e+05   1.8510792e+05
   5.0700000e+01   1.7080461e+05   1.4660047e+05
   5.0800000e+01   1.1020319e+05   1.0780969e+05
   5.0900000e+01   5.2833793e+04   7.8323625e+04
   5.1000000e+01   3.6239932e+03   5.5912383e+04
   5.1100000e+01  -3.7424992e+04   3.4423508e+04
   5.1200000e+01  -7.0772695e+04   1.3287636e+04
   5.1300000e+01  -9.6123555e+04  -2.0595342e+03
   5.1400000e+01  -1.1281498e+05  -8.4478799e+03
   5.1500000e+01  -1.1903455e+05  -1.1307081e+04
   5.1600000e+01  -1.1116544e+05  -2.0863881e+04
   5.1700000e+01  -8.6336078e+04  -4.2007820e+04
   5.1800000e+01  -4.6917602e+04  -6.9000672e+04
   5.1900000e+01  -1.2708164e+03  -9.0627570e+04
   5.2000000e+01   4.2024523e+04  -9.9878039e+04
   5.2100000e+01   8.1203461e+04  -9.8096594e+04
   5.2200000e+01   1.2140262e+05  -9.0681906e+04
   5.2300000e+01   1.6655112e+05  -8.0729031e+04
   5.2400000e+01   2.1126445e+05  -6.7860844e+04
   5.2500000e+01   2.4185133e+05  -5.1968535e+04
   5.2600000e+01   2.4645755e+05  -3.5523121e+04
   5.2700000e+01   2.2494478e+05  -2.0815473e+04
   5.2800000e+01   1.8908728e+05  -5.9967114e+03
   5.2900000e+01   1.5277200e+05   1.3830028e+04
   5.3000000e+01   1.2098143e+05   4.0359180e+04
   5.3100000e+01   8.7128898e+04   6.7688789e+04
   5.3200000e+01   4.0704062e+04   8.5755383e+04
   5.3300000e+01  -2.1716479e+04   8.9011852e+04
   5.3400000e+01  -9.1628609e+04   8.1537406e+04
   5.3500000e+01  -1.5387131e+05   7.3232211e+04
   5.3600000e+01  -1.9716620e+05   7.1170898e+04
   5.3700000e+01  -2.2076511e+05   7.5094719e+04
   5.3800000e+01  -2.3204197e+05   8.0968383e+04
   5.3900000e+01  -2.3856183e+05   8.7200062e+04
   5.4000000e+01  -2.4311025e+05   9.5276031e+04
   5.4100000e+01  -2.4603317e+05   1.0400245e+05
   5.4200000e+01  -2.5011498e+05   1.0587812e+05
   5.4300000e+01  -2.5966017e+05   9.3284031e+04
   5.4400000e+01  -2.7279731e+05   7.0089875e+04
   5.4500000e+01  -2.7657991e+05   5.4574406e+04
   5.4600000e+01  -2.5449578e+05   6.5932797e+04
   5.4700000e+01  -2.0269781e+05   1.0481620e+05
   5.4800000e+01  -1.3887264e+05   1.4795547e+05
   5.4900000e+01  -9.2139500e+04   1.6476727e+05
   5.5000000e+01  -8.1136344e+04   1.4147403e+05
   5.5100000e+01  -1.0024645e+05   9.0303414e+04
   5.5200000e+01  -1.2611668e+05   3.6696875e+04
   5.5300000e+01  -1.3672280e+05  -1.1861045e+03
   5.5400000e+01  -1.2477734e+05  -2.1823215e+04
   5.5500000e+01  -9.5819844e+04  -3.4070285e+04
   5.5600000e+01  -5.7333758e+04  -4.5913125e+04
   5.5700000e+01  -1.1510161e+04  -5.9567867e+04
   5.5800000e+01   4.3034793e+04  -7.4153438e+04
   5.5900000e+01   1.0566596e+05  -8.9694391e+04
   5.6000000e+01   1.7183248e+05  -1.0761764e+05
   5.6100000e+01   2.3641753e+05  -1.2837059e+05
   5.6200000e+01   2.9726159e+05  -1.4967819e+05
   5.6300000e+01   3.5388369e+05  -1.6771870e+05
   5.6400000e+01   4.0283791e+05  -1.8027519e+05
   5.6500000e+01   4.3624406e+05  -1.8852794e+05
   5.6600000e+01   4.4698853e+05  -1.9508656e+05
   5.6700000e+01   4.3551056e+05  -2.0014116e+05
   5.6800000e+01   4.0955394e+05  -2.0065942e+05
   5.6900000e+01   3.7568459e+05  -1.9444831e+05
   5.7000000e+01   3.3177525e+05  -1.8423744e+05
   5.7100000e+01   2.6958128e+05  -1.7571216e+05
   5.7200000e+01   1.8479044e+05  -1.7084648e+05
   5.7300000e+01   8.2864945e+04  -1.6482416e+05
   5.7400000e+01  -2.5579295e+04  -1.5114748e+05
   5.7500000e+01  -1.3304184e+05  -1.2900708e+05
   5.7600000e+01  -2.3645644e+05  -1.0361077e+05
   5.7700000e+01  -3.3101078e+05  -7.8980430e+04
   5.7800000e+01  -4.0612797e+05  -5.2327617e+04
   5.7900000e+01  -4.5030869e+05  -1.6946229e+04
   5.8000000e+01  -4.5976169e+05   3.0211045e+04
   5.8100000e+01  -4.4058547e+05   8.5397859e+04
   5.8200000e+01  -4.0189250e+05   1.4217245e+05
   5.8300000e+01  -3.4789106e+05   1.9642252e+05
   5.8400000e+01  -2.7789959e+05   2.4562459e+05
   5.8500000e+01  -1.9380417e+05   2.8400947e+05
   5.8600000e+01  -1.0535561e+05   3.0191519e+05
   5.8700000e+01  -2.5159605e+04   2.9385062e+05
   5.8800000e+01   4.3325828e+04   2.6863225e+05
   5.8900000e+01   1.1139894e+05   2.4872412e+05
   5.9000000e+01   1.9433002e+05   2.5401820e+05
   5.9100000e+01   2.9075962e+05   2.8228247e+05
   5.9200000e+01   3.7273262e+05   3.0625981e+05
   5.9300000e+01   4.0077647e+05   2.9399753e+05
   5.9400000e+01   3.5452788e+05   2.3543255e+05
   5.9500000e+01   2.5128603e+05   1.5011152e+05
   5.9600000e+01   1.3371536e+05   6.9105148e+04
   5.9700000e+01   3.7134172e+04   9.8556289e+03
   5.9800000e+01  -3.3383059e+04  -3.2110367e+04
   5.9900000e+01  -9.6270266e+04  -7.0339891e+04
   6.0000000e+01  -1.6678547e+05  -1.1031807e+05
   6.0100000e+01  -2.3807536e+05  -1.4520211e+05
   6.0200000e+01  -2.8712750e+05  -1.6483708e+05
   6.0300000e+01  -2.9658156e+05  -1.6565358e+05
   6.0400000e+01  -2.6893100e+05  -1.5202759e+05
   6.0500000e+01  -2.2000631e+05  -1.3081452e+05
   6.0600000e+01  -1.6096622e+05  -1.0649747e+05
   6.0700000e+01  -8.8706367e+04  -8.0984828e+04
   6.0800000e+01   6.1960352e+03  -5.6000230e+04
   6.0900000e+01   1.2412302e+05  -3.4005211e+04
   6.1000000e+01   2.5059358e+05  -1.6436695e+04
   6.1100000e+01   3.6528494e+05  -1.8222095e+03
   6.1200000e+01   4.5529716e+05   1.3054208e+04
   6.1300000e+01   5.1927519e+05   2.9076211e+04
   6.1400000e+01   5.6049038e+05   4.1768266e+04
   6.1500000e+01   5.7827800e+05   4.3128211e+04
   6.1600000e+01   5.6652275e+05   2.7492877e+04
   6.1700000e+01   5.1862119e+05  -3.8365671e+03
   6.1800000e+01   4.3246903e+05  -4.3769438e+04
   6.1900000e+01   3.1167856e+05  -8.5431477e+04
   6.2000000e+01   1.6455958e+05  -1.2716641e+05
   6.2100000e+01   3.1870134e+03  -1.7148553e+05
   6.2200000e+01  -1.5829747e+05  -2.1893312e+05
   6.2300000e+01  -3.0795897e+05  -2.6339194e+05
   6.2400000e+01  -4.4099409e+05  -2.9452228e+05
   6.2500000e+01  -5.5994931e+05  -3.0571944e+05
   6.2600000e+01  -6.6786656e+05  -2.9949331e+05
   6.2700000e+01  -7.5997106e+05  -2.8438928e+05
   6.2800000e+01  -8.2328769e+05  -2.6695809e+05
   6.2900000e+01  -8.4655000e+05  -2.4780539e+05
   6.3000000e+01  -8.3072575e+05  -2.2490680e+05
   6.3100000e+01  -7.8754619e+05  -1.9746509e+05
   6.3200000e+01  -7.2567781e+05  -1.6357153e+05
   6.3300000e+01  -6.3953044e+05  -1.1586230e+05
   6.3400000e+01  -5.1542806e+05  -4.5497043e+04
   6.3500000e+01  -3.5135956e+05   4.5311488e+04
   6.3600000e+01  -1.6935556e+05   1.3680845e+05
   6.3700000e+01  -4.5342168e+03   2.0363094e+05
   6.3800000e+01   1.2127944e+05   2.3675133e+05
   6.3900000e+01   2.1614689e+05   2.5238738e+05
   6.4000000e+01   3.0820538e+05   2.7680038e+05
   6.4100000e+01   4.1860169e+05   3.2223356e+05
   6.4200000e+01   5.4245781e+05   3.7852353e+05
   6.4300000e+01   6.5405875e+05   4.2625172e+05
   6.4400000e+01   7.2892506e+05   4.5404312e+05
   6.4500000e+01   7.6126650e+05   4.6206997e+05
   6.4600000e+01   7.6261100e+05   4.5336538e+05
   6.4700000e+01   7.4660275e+05   4.2783175e+05
   6.4800000e+01   7.1663731e+05   3.8607694e+05
   6.4900000e+01   6.6720525e+05   3.3489078e+05
   6.5000000e+01   5.9450906e+05   2.8421931e+05
   6.5100000e+01   5.0338447e+05   2.3783850e+05
   6.5200000e+01   4.0371166e+05   1.8914702e+05
   6.5300000e+01   3.0205834e+05   1.2801733e+05
   6.5400000e+01   1.9873545e+05   5.2007645e+04
   6.5500000e+01   9.2693312e+04  -2.9571686e+04
   6.5600000e+01  -1.2867699e+04  -1.0280359e+05
   6.5700000e+01  -1.1107640e+05  -1.6060775e+05
   6.5800000e+01  -1.9648980e+05  -2.0771941e+05
   6.5900000e+01  -2.6766794e+05  -2.5451222e+05
   6.6000000e+01  -3.2439662e+05  -3.0521169e+05
   6.6100000e+01  -3.6421541e+05  -3.5155812e+05
   6.6200000e+01  -3.8377072e+05  -3.7852641e+05
   6.6300000e+01  -3.8400534e+05  -3.7751025e+05
   6.6400000e+01  -3.7273172e+05  -3.5467619e+05
   6.6500000e+01  -3.6039622e+05  -3.2614994e+05
   6.6600000e+01  -3.5222712e+05  -3.0433847e+05
   6.6700000e+01  -3.4441678e+05  -2.8845128e+05
   6.6800000e+01  -3.2874884e+05  -2.6795369e+05
   6.6900000e+01  -3.0204572e+05  -2.3461259e+05
   6.7000000e+01  -2.7161734e+05  -1.9070791e+05
   6.7100000e+01  -2.5099639e+05  -1.4606580e+05
   6.7200000e+01  -2.4939456e+05  -1.0868941e+05
   6.7300000e+01  -2.6461444e+05  -7.9535859e+04
   6.7400000e+01  -2.8563706e+05  -5.5729242e+04
   6.7500000e+01  -3.0110459e+05  -3.6297734e+04
   6.7600000e+01  -3.0446822e+05  -2.2488557e+04
   6.7700000e+01  -2.9194344e+05  -1.2756352e+04
   6.7800000e+01  -2.5895062e+05  -2.6652258e+02
   6.7900000e+01  -2.0233203e+05   2.1776010e+04
   6.8000000e+01  -1.2687021e+05   5.1776781e+04
   6.8100000e+01  -4.6585594e+04   7.8531797e+04
   6.8200000e+01   2.4719902e+04   9.0662805e+04
   6.8300000e+01   8.6303406e+04   8.8409438e+04
   6.8400000e+01   1.5268234e+05   8.5652109e+04
   6.8500000e+01   2.4022341e+05   9.8964672e+04
   6.8600000e+01   3.4954350e+05   1.3326734e+05
   6.8700000e+01   4.6099588e+05   1.7729380e+05
   6.8800000e+01   5.4833512e+05   2.1290225e+05
   6.8900000e+01   5.9755156e+05   2.2939288e+05
   6.9000000e+01   6.1303581e+05   2.3005095e+05
   6.9100000e+01   6.0695025e+05   2.2647511e+05
   6.9200000e+01   5.8494962e+05   2.2775166e+05
   6.9300000e+01   5.4339325e+05   2.3457175e+05
   6.9400000e+01   4.7850609e+05   2.4138153e+05
   6.9500000e+01   3.9432006e+05   2.4183080e+05
   6.9600000e+01   2.9951947e+05   2.3224925e+05
   6.9700000e+01   1.9854947e+05   2.1243033e+05
   6.9800000e+01   8.9839109e+04   1.8521870e+05
   6.9900000e+01  -2.5818061e+04   1.5479275e+05
   7.0000000e+01  -1.3801547e+05   1.2320723e+05
   7.0100000e+01  -2.3178486e+05   8.7726344e+04
   7.0200000e+01  -3.0090409e+05   4.2630562e+04
   7.0300000e+01  -3.5400612e+05  -1.5153214e+04
   7.0400000e+01  -4.0509900e+05  -8.2164070e+04
   7.0500000e+01  -4.5774500e+05  -1.5035378e+05
   7.0600000e+01  -4.9977159e+05  -2.1261423e+05
   7.0700000e+01  -5.1429228e+05  -2.6642194e+05
   7.0800000e+01  -4.9560331e+05  -3.1314944e+05
   7.0900000e+01  -4.5379575e+05  -3.5476066e+05
   7.1000000e+01  -4.0409434e+05  -3.9048675e+05
   7.1100000e+01  -3.5273384e+05  -4.1536822e+05
   7.1200000e+01  -2.9430509e+05  -4.2248606e+05
   7.1300000e+01  -2.2294281e+05  -4.0892728e+05
   7.1400000e+01  -1.4456258e+05  -3.8070725e+05
   7.1500000e+01  -7.5773258e+04  -3.4985103e+05
   7.1600000e+01  -2.9439543e+04  -3.2361972e+05
   7.1700000e+01  -2.0203965e+03  -2.9600000e+05
   7.1800000e+01   2.3395736e+04  -2.5180092e+05
   7.1900000e+01   6.1358062e+04  -1.8076259e+05
   7.2000000e+01   1.1223291e+05  -8.7208211e+04
   7.2100000e+01   1.6551412e+05   1.4893402e+04
   7.2200000e+01   2.1179125e+05   1.1493852e+05
   7.2300000e+01   2.4831264e+05   2.1113611e+05
   7.2400000e+01   2.7347994e+05   3.0265231e+05
   7.2500000e+01   2.8114406e+05   3.7998300e+05
   7.2600000e+01   2.6602038e+05   4.2841638e+05
   7.2700000e+01   2.3583312e+05   4.4365981e+05
   7.2800000e+01   2.1378377e+05   4.4182466e+05
   7.2900000e+01   2.2305673e+05   4.4883981e+05
   7.3000000e+01   2.6561872e+05   4.7604722e+05
   7.3100000e+01   3.1687966e+05   5.0595253e+05
   7.3200000e+01   3.4377772e+05   5.0450734e+05
   7.3300000e+01   3.3057991e+05   4.5000134e+05
   7.3400000e+01   2.8894028e+05   3.5117900e+05
   7.3500000e+01   2.4449100e+05   2.3785791e+05
   7.3600000e+01   2.1442339e+05   1.3513373e+05
   7.3700000e+01   1.9665872e+05   4.7363082e+04
   7.3800000e+01   1.7725081e+05  -3.4958547e+04
   7.3900000e+01   1.4509050e+05  -1.1756347e+05
   7.4000000e+01   9.9141344e+04  -1.9507180e+05
   7.4100000e+01   4.4201461e+04  -2.5949720e+05
   7.4200000e+01  -1.6837047e+04  -3.1064209e+05
   7.4300000e+01  -8.4866719e+04  -3.5410297e+05
   7.4400000e+01  -1.5958784e+05  -3.8998750e+05
   7.4500000e+01  -2.3463052e+05  -4.0793038e+05
   7.4600000e+01  -2.9914512e+05  -3.9638038e+05
   7.4700000e+01  -3.4469097e+05  -3.5630244e+05
   7.4800000e+01  -3.7040625e+05  -3.0317084e+05
   7.4900000e+01  -3.8153597e+05  -2.5384194e+05
   7.5000000e+01  -3.8360047e+05  -2.1183584e+05
   7.5100000e+01  -3.7834372e+05  -1.6660797e+05
   7.5200000e+01  -3.6420516e+05  -1.0744442e+05
   7.5300000e+01  -3.3867022e+05  -3.7110324e+04
   7.5400000e+01  -2.9959366e+05   2.9010662e+04
   7.5500000e+01  -2.4648861e+05   7.6703688e+04
   7.5600000e+01  -1.8355156e+05   1.0430138e+05
   7.5700000e+01  -1.2173485e+05   1.1971720e+05
   7.5800000e+01  -7.4850883e+04   1.2785502e+05
   7.5900000e+01  -5.0481621e+04   1.2402595e+05
   7.6000000e+01  -4.4295270e+04   1.0143284e+05
   7.6100000e+01  -4.4815078e+04   6.3501312e+04
   7.6200000e+01  -4.4486156e+04   2.5414988e+04
   7.6300000e+01  -4.5337074e+04   1.6624990e+03
   7.6400000e+01  -5.3557992e+04  -6.8264526e+03
   7.6500000e+01  -6.9987641e+04  -1.1374549e+04
   7.6600000e+01  -8.7662906e+04  -2.1759441e+04
   7.6700000e+01  -9.8823812e+04  -3.5970520e+04
   7.6800000e+01  -1.0284054e+05  -4.4876828e+04
   7.6900000e+01  -1.0551262e+05  -4.4865457e+04
   7.7000000e+01  -1.0938702e+05  -4.1622883e+04
   7.7100000e+01  -1.0448998e+05  -3.9295609e+04
   7.7200000e+01  -7.0094133e+04  -2.8642938e+04
   7.7300000e+01   1.0643686e+04   8.4273203e+03
   7.7400000e+01   1.3357581e+05   7.8900977e+04
   7.7500000e+01   2.6945834e+05   1.6427177e+05
   7.7600000e+01   3.7958306e+05   2.2991409e+05
   7.7700000e+01   4.4080412e+05   2.5189092e+05
   7.7800000e+01   4.5975512e+05   2.3566962e+05
   7.7900000e+01   4.6430772e+05   2.0900984e+05
   7.8000000e+01   4.7997253e+05   1.9719720e+05
   7.8100000e+01   5.1125194e+05   2.0449388e+05
   7.8200000e+01   5.4167662e+05   2.1627186e+05
   7.8300000e+01   5.4887312e+05   2.1498662e+05
   7.8400000e+01   5.1963128e+05   1.9291691e+05
   7.8500000e+01   4.5367688e+05   1.5261447e+05
   7.8600000e+01   3.5756719e+05   9.9874359e+04
   7.8700000e+01   2.3854217e+05   3.9026430e+04
   7.8800000e+01   1.0488970e+05  -2.5801799e+04
   7.8900000e+01  -3.0632262e+04  -8.7990172e+04
   7.9000000e+01  -1.5260927e+05  -1.4000858e+05
   7.9100000e+01  -2.5166656e+05  -1.7873722e+05
   7.9200000e+01  -3.3105784e+05  -2.0805573e+05
   7.9300000e+01  -4.0150706e+05  -2.3419427e+05
   7.9400000e+01  -4.6719662e+05  -2.5787862e+05
   7.9500000e+01  -5.1752438e+05  -2.7245575e+05
   7.9600000e+01  -5.3476000e+05  -2.7145116e+05
   7.9700000e+01  -5.1047472e+05  -2.5764752e+05
   7.9800000e+01  -4.5358622e+05  -2.4244512e+05
   7.9900000e+01  -3.8224953e+05  -2.3454658e+05
   8.0000000e+01  -3.0937012e+05  -2.2993384e+05
   8.0100000e+01  -2.3659905e+05  -2.1506434e+05
   8.0200000e+01  -1.6001316e+05  -1.8105766e+05
   8.0300000e+01  -7.8124516e+04  -1.3404967e+05
   8.0400000e+01   6.1851318e+03  -9.0361664e+04
   8.0500000e+01   8.8233320e+04  -6.1115656e+04
   8.0600000e+01   1.6263056e+05  -4.1988066e+04
   8.0700000e+01   2.2237853e+05  -1.8265514e+04
   8.0800000e+01   2.6064930e+05   2.0357312e+04
   8.0900000e+01   2.7616734e+05   7.0084594e+04
   8.1000000e+01   2.7573694e+05   1.1714427e+05
   8.1100000e+01   2.6820578e+05   1.5016969e+05
   8.1200000e+01   2.5438928e+05   1.6804255e+05
   8.1300000e+01   2.2482784e+05   1.7716105e+05
   8.1400000e+01   1.7070633e+05   1.8430261e+05
   8.1500000e+01   9.8104977e+04   1.9442888e+05
   8.1600000e+01   2.9216617e+04   2.1358159e+05
   8.1700000e+01  -1.4212230e+04   2.4810119e+05
   8.1800000e+01  -3.0870123e+04   2.9595284e+05
   8.1900000e+01  -4.3054227e+04   3.3935641e+05
   8.2000000e+01  -7.7890695e+04   3.5157447e+05
   8.2100000e+01  -1.4288867e+05   3.1639750e+05
   8.2200000e+01  -2.1792717e+05   2.4235152e+05
   8.2300000e+01  -2.7030600e+05   1.5644844e+05
   8.2400000e+01  -2.7874216e+05   8.3192734e+04
   8.2500000e+01  -2.4602233e+05   2.9310254e+04
   8.2600000e+01  -1.9218283e+05  -1.3653753e+04
   8.2700000e+01  -1.3710783e+05  -5.6590852e+04
   8.2800000e+01  -8.8109523e+04  -1.0499595e+05
   8.2900000e+01  -4.0935281e+04  -1.6006898e+05
   8.3000000e+01   9.9579512e+03  -2.2072203e+05
   8.3100000e+01   6.3043797e+04  -2.8085603e+05
   8.3200000e+01   1.1076148e+05  -3.2719334e+05
   8.3300000e+01   1.4719725e+05  -3.4543569e+05
   8.3400000e+01   1.7306642e+05  -3.3210594e+05
   8.3500000e+01   1.9246538e+05  -2.9963116e+05
   8.3600000e+01   2.0576739e+05  -2.6673969e+05
   8.3700000e+01   2.0746459e+05  -2.4165956e+05
   8.3800000e+01   1.9145634e+05  -2.1486708e+05
   8.3900000e+01   1.5726709e+05  -1.6990300e+05
   8.4000000e+01   1.1029191e+05  -1.0241748e+05
   8.4100000e+01   5.7252184e+04  -2.8173859e+04
   8.4200000e+01   3.3904287e+03   2.9043881e+04
   8.4300000e+01  -4.6216477e+04   5.8467043e+04
   8.4400000e+01  -8.5723742e+04   7.1712773e+04
   8.4500000e+01  -1.1177996e+05   9.1276594e+04
   8.4600000e+01  -1.2750986e+05   1.2955509e+05
   8.4700000e+01  -1.4067827e+05   1.7846962e+05
   8.4800000e+01  -1.5598647e+05   2.1821081e+05
   8.4900000e+01  -1.6950645e+05   2.3476442e+05
   8.5000000e+01  -1.7200505e+05   2.2915745e+05
   8.5100000e+01  -1.5810983e+05   2.1206122e+05
   8.5200000e+01  -1.3156786e+05   1.9239988e+05
   8.5300000e+01  -1.0131781e+05   1.7203484e+05
   8.5400000e+01  -7.3411336e+04   1.4895977e+05
   8.5500000e+01  -4.7957926e+04   1.2167541e+05
   8.5600000e+01  -2.3671434e+04   8.8788641e+04
   8.5700000e+01  -3.2071587e+03   4.6944031e+04
   8.5800000e+01   8.5664854e+03  -6.0926533e+03
   8.5900000e+01   1.2308857e+04  -6.3838598e+04
   8.6000000e+01   1.8134793e+04  -1.0885290e+05
   8.6100000e+01   3.8183359e+04  -1.2334027e+05
   8.6200000e+01   7.2766070e+04  -1.0606085e+05
   8.6300000e+01   1.0457826e+05  -7.8628234e+04
   8.6400000e+01   1.1012884e+05  -7.1264617e+04
   8.6500000e+01   8.0605430e+04  -9.7783797e+04
   8.6600000e+01   3.2863027e+04  -1.4220123e+05
   8.6700000e+01  -1.5284766e+03  -1.7058189e+05
   8.6800000e+01  -8.3235156e+02  -1.5857992e+05
   8.6900000e+01   3.0499082e+04  -1.1001370e+05
   8.7000000e+01   6.8011867e+04  -5.0223531e+04
   8.7100000e+01   8.9234188e+04  -2.1569277e+03
   8.7200000e+01   9.0867930e+04   3.0929203e+04
   8.7300000e+01   8.6978422e+04   6.0735629e+04
   8.7400000e+01   9.2905258e+04   9.5530828e+04
   8.7500000e+01   1.1178591e+05   1.2995079e+05
   8.7600000e+01   1.3509611e+05   1.5347570e+05
   8.7700000e+01   1.5305284e+05   1.6530341e+05
   8.7800000e+01   1.6199498e+05   1.7594478e+05
   8.7900000e+01   1.6211295e+05   1.9272697e+05
   8.8000000e+01   1.5154233e+05   2.0714653e+05
   8.8100000e+01   1.2660736e+05   2.0099848e+05
   8.8200000e+01   8.8668438e+04   1.6591817e+05
   8.8300000e+01   4.7674613e+04   1.1421495e+05
   8.8400000e+01   1.5138275e+04   6.8125625e+04
   8.8500000e+01  -7.2840996e+03   3.8935184e+04
   8.8600000e+01  -3.0014113e+04   1.8191484e+04
   8.8700000e+01  -6.4353277e+04  -1.1022877e+04
   8.8800000e+01  -1.0951209e+05  -5.6253309e+04
   8.8900000e+01  -1.5236288e+05  -1.0951205e+05
   8.9000000e+01  -1.8009381e+05  -1.5658950e+05
   8.9100000e+01  -1.9147878e+05  -1.9004909e+05
   8.9200000e+01  -1.9493555e+05  -2.1293427e+05
   8.9300000e+01  -1.9711716e+05  -2.3143703e+05
   8.9400000e+01  -1.9558419e+05  -2.4551364e+05
   8.9500000e+01  -1.8284847e+05  -2.4734475e+05
   8.9600000e+01  -1.5588938e+05  -2.2932081e+05
   8.9700000e+01  -1.2037694e+05  -1.9361147e+05
   8.9800000e+01  -8.5855438e+04  -1.5316536e+05
   8.9900000e+01  -5.7712434e+04  -1.2203275e+05
   9.0000000e+01  -3.4100207e+04  -1.0400077e+05
   9.0100000e+01  -1.0190269e+04  -9.0822469e+04
   9.0200000e+01   1.5336194e+04  -7.1380375e+04
   9.0300000e+01   3.8743594e+04  -4.1722816e+04
   9.0400000e+01   5.6338352e+04  -6.2315796e+03
   9.0500000e+01   6.9901461e+04   2.8628480e+04
   9.0600000e+01   8.4656141e+04   5.8711043e+04
   9.0700000e+01   1.0054141e+05   8.0399516e+04
   9.0800000e+01   1.0761166e+05   8.8303102e+04
   9.0900000e+01   9.4459820e+04   7.9049727e+04
   9.1000000e+01   6.3448660e+04   5.8159137e+04
   9.1100000e+01   3.4871082e+04   4.0092488e+04
   9.1200000e+01   3.0725506e+04   3.7802215e+04
   9.1300000e+01   5.1724594e+04   5.0823461e+04
   9.1400000e+01   7.2504492e+04   6.4504891e+04
   9.1500000e+01   6.3467617e+04   6.2239406e+04
   9.1600000e+01   1.8952469e+04   3.9314344e+04
   9.1700000e+01  -3.7148723e+04   5.8356191e+03
   9.1800000e+01  -7.4251094e+04  -2.2365088e+04
   9.1900000e+01  -8.2519586e+04  -3.4926496e+04
   9.2000000e+01  -7.7311969e+04  -3.0800557e+04
   9.2100000e+01  -7.8771734e+04  -1.4543723e+04
   9.2200000e+01  -9.0340828e+04   8.4096367e+03
   9.2300000e+01  -9.8041461e+04   3.2986469e+04
   9.2400000e+01  -8.7946484e+04   5.3882836e+04
   9.2500000e+01  -6.1040184e+04   6.6877383e+04
   9.2600000e+01  -3.0882086e+04   7.2016352e+04
   9.2700000e+01  -9.6185146e+03   7.4696383e+04
   9.2800000e+01   1.4634460e+03   8.1962609e+04
   9.2900000e+01   8.6781895e+03   9.6507078e+04
   9.3000000e+01   1.6489752e+04   1.1384761e+05
   9.3100000e+01   2.3162551e+04   1.2548049e+05
   9.3200000e+01   2.4835574e+04   1.2522285e+05
   9.3300000e+01   2.1558766e+04   1.1316995e+05
   9.3400000e+01   1.7918729e+04   9.4218664e+04
   9.3500000e+01   1.8172729e+04   7.3193031e+04
   9.3600000e+01   2.2008496e+04   5.1367535e+04
   9.3700000e+01   2.5528908e+04   2.7282455e+04
   9.3800000e+01   2.5661285e+04   3.2037982e+02
   9.3900000e+01   2.2789943e+04  -2.7052797e+04
   9.4000000e+01   1.9370010e+04  -5.0723094e+04
   9.4100000e+01   1.7137008e+04  -6.8237422e+04
   9.4200000e+01   1.6281223e+04  -8.0150102e+04
   9.4300000e+01   1.6588607e+04  -8.7921234e+04
   9.4400000e+01   1.8188676e+04  -9.0945891e+04
   9.4500000e+01   2.1068936e+04  -8.6296320e+04
   9.4600000e+01   2.4990969e+04  -7.1438469e+04
   9.4700000e+01   3.0869404e+04  -4.6535047e+04
   9.4800000e+01   4.1775441e+04  -1.3578271e+04
   9.4900000e+01   6.0833699e+04   2.6032711e+04
   9.5000000e+01   8.6436836e+04   7.1273844e+04
   9.5100000e+01   1.0936683e+05   1.1770709e+05
   9.5200000e+01   1.1669252e+05   1.5516209e+05
   9.5300000e+01   1.0200276e+05   1.7267608e+05
   9.5400000e+01   7.4314734e+04   1.6874127e+05
   9.5500000e+01   5.5909652e+04   1.5620983e+05
   9.5600000e+01   6.6952164e+04   1.5323566e+05
   9.5700000e+01   1.0772044e+05   1.6562897e+05
   9.5800000e+01   1.5504770e+05   1.7787730e+05
   9.5900000e+01   1.7912275e+05   1.6452942e+05
   9.6000000e+01   1.6736111e+05   1.1348736e+05
   9.6100000e+01   1.3348434e+05   3.8967305e+04
   9.6200000e+01   1.0346002e+05  -2.9203375e+04
   9.6300000e+01   9.2829492e+04  -6.9912359e+04
   9.6400000e+01   9.7550086e+04  -8.5539617e+04
   9.6500000e+01   1.0459373e+05  -9.4672789e+04
   9.6600000e+01   1.0763227e+05  -1.1241384e+05
   9.6700000e+01   1.1053480e+05  -1.3820688e+05
   9.6800000e+01   1.1792714e+05  -1.6071869e+05
   9.6900000e+01   1.2673053e+05  -1.7139920e+05
   9.7000000e+01   1.2905256e+05  -1.7168783e+05
   9.7100000e+01   1.2172659e+05  -1.6811475e+05
   9.7200000e+01   1.1015110e+05  -1.6295186e+05
   9.7300000e+01   1.0169199e+05  -1.5147762e+05
   9.7400000e+01   9.6322781e+04  -1.2823595e+05
   9.7500000e+01   8.5149047e+04  -9.4458250e+04
   9.7600000e+01   5.8763211e+04  -5.8134949e+04
   9.7700000e+01   1.7019512e+04  -2.7028473e+04
   9.7800000e+01  -2.9711807e+04  -2.7750398e+03
   9.7900000e+01  -6.9287945e+04   1.7576350e+04
   9.8000000e+01  -9.7933797e+04   3.5087426e+04
   9.8100000e+01  -1.2159059e+05   4.5449238e+04
   9.8200000e+01  -1.4735759e+05   4.2490742e+04
   9.8300000e+01  -1.7460412e+05   2.4428004e+04
   9.8400000e+01  -1.9571353e+05  -4.3030034e+03
   9.8500000e+01  -2.0525853e+05  -3.7386520e+04
   9.8600000e+01  -2.0627242e+05  -7.1820180e+04
   9.8700000e+01  -2.0565097e+05  -1.0808559e+05
   9.8800000e+01  -2.0416408e+05  -1.4575736e+05
   9.8900000e+01  -1.9373630e+05  -1.8052762e+05
   9.9000000e+01  -1.6623919e+05  -2.0656780e+05
   9.9100000e+01  -1.2392878e+05  -2.2104583e+05
   9.9200000e+01  -7.9207883e+04  -2.2470562e+05
   9.9300000e+01  -4.3859547e+04  -2.1806731e+05
   9.9400000e+01  -2.0201494e+04  -1.9967745e+05
   9.9500000e+01  -3.7419131e+03  -1.7041628e+05
   9.9600000e+01   7.5720605e+03  -1.3767448e+05
   9.9700000e+01   1.0343910e+04  -1.1008516e+05
   9.9800000e+01   2.4220476e+03  -8.6288258e+04
   9.9900000e+01  -1.2070111e+04  -5.5085965e+04
   1.0000000e+02  -2.8069486e+04  -1.2220130e+04
