   1.1851270e+02   3.6301420e+01   1.8450000e+02
   1.1908571e+02   3.6901413e+01   1.7000000e+00
   0.0000000e+00  -1.7546638e+05  -1.7546638e+05
   1.0000000e-01  -1.6018834e+05  -1.6548067e+05
   2.0000000e-01  -1.2679942e+05  -1.3785803e+05
   3.0000000e-01  -8.9758609e+04  -1.0932184e+05
   4.0000000e-01  -5.8648188e+04  -9.1974695e+04
   5.0000000e-01  -3.3150438e+04  -8.5070227e+04
   6.0000000e-01  -7.6469482e+03  -7.9679883e+04
   7.0000000e-01   2.1992293e+04  -7.0398070e+04
   8.0000000e-01   5.6357379e+04  -6.2173926e+04
   9.0000000e-01   9.4520172e+04  -6.6453234e+04
   1.0000000e+00   1.3545856e+05  -9.1222398e+04
   1.1000000e+00   1.7720284e+05  -1.3410656e+05
   1.2000000e+00   2.1600064e+05  -1.8376630e+05
   1.3000000e+00   2.4756061e+05  -2.2742923e+05
   1.4000000e+00   2.6967431e+05  -2.5797306e+05
   1.5000000e+00   2.8412812e+05  -2.7552022e+05
   1.6000000e+00   2.9634153e+05  -2.8391050e+05
   1.7000000e+00   3.1233069e+05  -2.8645172e+05
   1.8000000e+00   3.3439038e+05  -2.8442859e+05
   1.9000000e+00   3.5888444e+05  -2.7778119e+05
   2.0000000e+00   3.7893747e+05  -2.6541866e+05
   2.1000000e+00   3.9027575e+05  -2.4486336e+05
   2.2000000e+00   3.9433866e+05  -2.1335383e+05
   2.3000000e+00   3.9491909e+05  -1.7082541e+05
   2.4000000e+00   3.9184972e+05  -1.2152914e+05
   2.5000000e+00   3.7921559e+05  -7.1515945e+04
   2.6000000e+00   3.5087456e+05  -2.4419797e+04
   2.7000000e+00   3.0766869e+05   1.9222908e+04
   2.8000000e+00   2.5832419e+05   5.8486984e+04
   2.9000000e+00   2.1243958e+05   9.0146109e+04
   3.0000000e+00   1.7209134e+05   1.1254984e+05
   3.1000000e+00   1.2997351e+05   1.3070730e+05
   3.2000000e+00   7.5724703e+04   1.5400088e+05
   3.3000000e+00   4.7482236e+03   1.8623358e+05
   3.4000000e+00  -7.7824797e+04   2.1901348e+05
   3.5000000e+00  -1.6058470e+05   2.3818634e+05
   3.6000000e+00  -2.3301731e+05   2.3823659e+05
   3.7000000e+00  -2.9056503e+05   2.2861481e+05
   3.8000000e+00  -3.3471759e+05   2.2349658e+05
   3.9000000e+00  -3.6965600e+05   2.2528373e+05
   4.0000000e+00  -3.9866212e+05   2.2039653e+05
   4.1000000e+00  -4.2214331e+05   1.9321839e+05
   4.2000000e+00  -4.3745409e+05   1.4417161e+05
   4.3000000e+00  -4.4046050e+05   9.2917281e+04
   4.4000000e+00  -4.2875147e+05   6.2867023e+04
   4.5000000e+00  -4.0498809e+05   6.1902734e+04
   4.6000000e+00  -3.7736716e+05   7.7042625e+04
   4.7000000e+00  -3.5537906e+05   8.6348641e+04
   4.8000000e+00  -3.4319834e+05   7.5750773e+04
   4.9000000e+00  -3.3618484e+05   4.6631973e+04
   5.0000000e+00  -3.2409872e+05   1.0916391e+04
   5.1000000e+00  -2.9872328e+05  -1.8979705e+04
   5.2000000e+00  -2.5937562e+05  -3.6995227e+04
   5.3000000e+00  -2.1185136e+05  -4.4651828e+04
   5.4000000e+00  -1.6269202e+05  -4.8696711e+04
   5.5000000e+00  -1.1466115e+05  -5.7088988e+04
   5.6000000e+00  -6.7052359e+04  -7.4313766e+04
   5.7000000e+00  -1.9070834e+04  -9.8206719e+04
   5.8000000e+00   2.7878494e+04  -1.2131468e+05
   5.9000000e+00   7.0822797e+04  -1.3680183e+05
   6.0000000e+00   1.0728888e+05  -1.4397653e+05
   6.1000000e+00   1.3667927e+05  -1.4776297e+05
   6.2000000e+00   1.6017853e+05  -1.5218634e+05
   6.3000000e+00   1.7934120e+05  -1.5463180e+05
   6.4000000e+00   1.9397630e+05  -1.4743786e+05
   6.5000000e+00   2.0109008e+05  -1.2559252e+05
   6.6000000e+00   1.9712647e+05  -9.2191344e+04
   6.7000000e+00   1.8301609e+05  -5.5354301e+04
   6.8000000e+00   1.6721888e+05  -1.9877021e+04
   6.9000000e+00   1.6180744e+05   1.6878637e+04
   7.0000000e+00   1.7302542e+05   6.0207133e+04
   7.1000000e+00   1.9463361e+05   1.1026655e+05
   7.2000000e+00   2.1131533e+05   1.6052919e+05
   7.3000000e+00   2.1021159e+05   2.0369250e+05
   7.4000000e+00   1.9056784e+05   2.3700764e+05
   7.5000000e+00   1.6317453e+05   2.6044583e+05
   7.6000000e+00   1.4105416e+05   2.7124972e+05
   7.7000000e+00   1.3056321e+05   2.6363353e+05
   7.8000000e+00   1.3020505e+05   2.3556202e+05
   7.9000000e+00   1.3581142e+05   1.9455745e+05
   8.0000000e+00   1.4492592e+05   1.5448009e+05
   8.1000000e+00   1.5596958e+05   1.2536936e+05
   8.2000000e+00   1.6497912e+05   1.0621526e+05
   8.3000000e+00   1.6555452e+05   8.7122242e+04
   8.4000000e+00   1.5306241e+05   5.7805129e+04
   8.5000000e+00   1.2829963e+05   1.4672654e+04
   8.6000000e+00   9.6236438e+04  -3.7834656e+04
   8.7000000e+00   6.1432699e+04  -9.0521617e+04
   8.8000000e+00   2.5472715e+04  -1.3436814e+05
   8.9000000e+00  -1.1307164e+04  -1.6507345e+05
   9.0000000e+00  -4.7014406e+04  -1.8545191e+05
   9.1000000e+00  -7.8349281e+04  -2.0362350e+05
   9.2000000e+00  -1.0340182e+05  -2.2679627e+05
   9.3000000e+00  -1.2335602e+05  -2.5446233e+05
   9.4000000e+00  -1.4090672e+05  -2.7694200e+05
   9.5000000e+00  -1.5711422e+05  -2.8179141e+05
   9.6000000e+00  -1.6990331e+05  -2.6363125e+05
   9.7000000e+00  -1.7556734e+05  -2.2904600e+05
   9.8000000e+00  -1.7213420e+05  -1.9199042e+05
   9.9000000e+00  -1.6220091e+05  -1.6373541e+05
   1.0000000e+01  -1.5281564e+05  -1.4631164e+05
   1.0100000e+01  -1.5134748e+05  -1.3446523e+05
   1.0200000e+01  -1.5945784e+05  -1.2259032e+05
   1.0300000e+01  -1.7029011e+05  -1.0930800e+05
   1.0400000e+01  -1.7275716e+05  -9.6705195e+04
   1.0500000e+01  -1.6049638e+05  -8.7333586e+04
   1.0600000e+01  -1.3743836e+05  -8.2474039e+04
   1.0700000e+01  -1.1402171e+05  -8.1275227e+04
   1.0800000e+01  -9.7186305e+04  -7.9333102e+04
   1.0900000e+01  -8.4035141e+04  -6.8649133e+04
   1.1000000e+01  -6.5560828e+04  -4.2017055e+04
   1.1100000e+01  -3.6315664e+04   3.7843848e+02
   1.1200000e+01   1.7552734e+02   4.9529383e+04
   1.1300000e+01   3.5412156e+04   9.4840836e+04
   1.1400000e+01   6.4160211e+04   1.3327159e+05
   1.1500000e+01   8.7791977e+04   1.6997453e+05
   1.1600000e+01   1.0987989e+05   2.0929755e+05
   1.1700000e+01   1.3003197e+05   2.4670528e+05
   1.1800000e+01   1.4334473e+05   2.7144762e+05
   1.1900000e+01   1.4592788e+05   2.7691172e+05
   1.2000000e+01   1.4008756e+05   2.6642650e+05
   1.2100000e+01   1.3340495e+05   2.4818638e+05
   1.2200000e+01   1.3265903e+05   2.2623923e+05
   1.2300000e+01   1.3860705e+05   1.9853047e+05
   1.2400000e+01   1.4611308e+05   1.6348002e+05
   1.2500000e+01   1.4858166e+05   1.2611824e+05
   1.2600000e+01   1.4226980e+05   9.6112547e+04
   1.2700000e+01   1.2750186e+05   8.0203133e+04
   1.2800000e+01   1.0728088e+05   7.7495883e+04
   1.2900000e+01   8.5283688e+04   8.1637273e+04
   1.3000000e+01   6.4250574e+04   8.6170594e+04
   1.3100000e+01   4.4837453e+04   8.7608664e+04
   1.3200000e+01   2.5373873e+04   8.4967398e+04
   1.3300000e+01   3.1635469e+03   7.7983133e+04
   1.3400000e+01  -2.3306256e+04   6.5771234e+04
   1.3500000e+01  -5.3111898e+04   4.6270430e+04
   1.3600000e+01  -8.3529406e+04   1.7086422e+04
   1.3700000e+01  -1.1132864e+05  -2.1647238e+04
   1.3800000e+01  -1.3314962e+05  -6.4160820e+04
   1.3900000e+01  -1.4537756e+05  -9.9618922e+04
   1.4000000e+01  -1.4515258e+05  -1.1799623e+05
   1.4100000e+01  -1.3249202e+05  -1.1724416e+05
   1.4200000e+01  -1.1131845e+05  -1.0515252e+05
   1.4300000e+01  -8.7900609e+04  -9.3627477e+04
   1.4400000e+01  -6.8027227e+04  -9.0257719e+04
   1.4500000e+01  -5.5189969e+04  -9.4464094e+04
   1.4600000e+01  -5.0050707e+04  -1.0079077e+05
   1.4700000e+01  -4.9976281e+04  -1.0514941e+05
   1.4800000e+01  -4.9030820e+04  -1.0786698e+05
   1.4900000e+01  -4.0747133e+04  -1.1156077e+05
   1.5000000e+01  -2.3833633e+04  -1.1725998e+05
   1.5100000e+01  -5.9275156e+03  -1.2321736e+05
   1.5200000e+01   4.6000977e+02  -1.2705318e+05
   1.5300000e+01  -1.1284252e+04  -1.2800310e+05
   1.5400000e+01  -3.4121828e+04  -1.2649142e+05
   1.5500000e+01  -5.1889652e+04  -1.2205159e+05
   1.5600000e+01  -5.3646168e+04  -1.1277770e+05
   1.5700000e+01  -4.3973426e+04  -9.7314695e+04
   1.5800000e+01  -3.7943980e+04  -7.6893562e+04
   1.5900000e+01  -4.5147312e+04  -5.4779281e+04
   1.6000000e+01  -5.9347340e+04  -3.3819066e+04
   1.6100000e+01  -6.4811926e+04  -1.5024793e+04
   1.6200000e+01  -5.2538676e+04   1.5529805e+03
   1.6300000e+01  -2.9229279e+04   1.5383213e+04
   1.6400000e+01  -1.0232199e+04   2.5412914e+04
   1.6500000e+01  -4.7515693e+03   3.1113635e+04
   1.6600000e+01  -8.4763984e+03   3.3111066e+04
   1.6700000e+01  -9.4652656e+03   3.3098660e+04
   1.6800000e+01   3.6480859e+02   3.3789883e+04
   1.6900000e+01   1.9291389e+04   3.8717043e+04
   1.7000000e+01   3.9051875e+04   5.0727031e+04
   1.7100000e+01   5.2431344e+04   6.9441070e+04
   1.7200000e+01   5.8346492e+04   9.0206031e+04
   1.7300000e+01   6.1372184e+04   1.0661123e+05
   1.7400000e+01   6.7228328e+04   1.1521017e+05
   1.7500000e+01   7.8163797e+04   1.1838887e+05
   1.7600000e+01   9.1833602e+04   1.2238011e+05
   1.7700000e+01   1.0433383e+05   1.3132256e+05
   1.7800000e+01   1.1427990e+05   1.4181444e+05
   1.7900000e+01   1.2372845e+05   1.4297048e+05
   1.8000000e+01   1.3509998e+05   1.2347900e+05
   1.8100000e+01   1.4774269e+05   8.1066391e+04
   1.8200000e+01   1.5813297e+05   2.6120695e+04
   1.8300000e+01   1.6339394e+05  -2.4890652e+04
   1.8400000e+01   1.6409641e+05  -6.1010789e+04
   1.8500000e+01   1.6350534e+05  -8.2686141e+04
   1.8600000e+01   1.6452062e+05  -9.6930922e+04
   1.8700000e+01   1.6739211e+05  -1.0804965e+05
   1.8800000e+01   1.6958297e+05  -1.1419109e+05
   1.8900000e+01   1.6713311e+05  -1.1219259e+05
   1.9000000e+01   1.5670008e+05  -1.0346359e+05
   1.9100000e+01   1.3760859e+05  -9.3659992e+04
   1.9200000e+01   1.1241513e+05  -8.7378094e+04
   1.9300000e+01   8.4639516e+04  -8.4731703e+04
   1.9400000e+01   5.5071711e+04  -8.3196414e+04
   1.9500000e+01   2.0589570e+04  -8.1251188e+04
   1.9600000e+01  -2.2523016e+04  -7.8935430e+04
   1.9700000e+01  -7.3948461e+04  -7.5231594e+04
   1.9800000e+01  -1.2859380e+05  -6.6444312e+04
   1.9900000e+01  -1.8064630e+05  -4.8476414e+04
   2.0000000e+01  -2.2780797e+05  -2.1103268e+04
   2.0100000e+01  -2.7117978e+05   1.0395951e+04
   2.0200000e+01  -3.1160625e+05   3.8638109e+04
   2.0300000e+01  -3.4704966e+05   5.9905258e+04
   2.0400000e+01  -3.7360091e+05   7.6791023e+04
   2.0500000e+01  -3.8833512e+05   9.4781859e+04
   2.0600000e+01  -3.9085594e+05   1.1574145e+05
   2.0700000e+01  -3.8267203e+05   1.3467948e+05
   2.0800000e+01  -3.6580862e+05   1.4324414e+05
   2.0900000e+01  -3.4187500e+05   1.3681058e+05
   2.1000000e+01  -3.1157262e+05   1.1861983e+05
   2.1100000e+01  -2.7445881e+05   9.7508242e+04
   2.1200000e+01  -2.2946542e+05   8.1724398e+04
   2.1300000e+01  -1.7655964e+05   7.4097711e+04
   2.1400000e+01  -1.1863084e+05   7.1613516e+04
   2.1500000e+01  -6.1655359e+04   6.8550703e+04
   2.1600000e+01  -1.2021268e+04   6.0380461e+04
   2.1700000e+01   2.7615809e+04   4.6109836e+04
   2.1800000e+01   6.0589398e+04   2.8219348e+04
   2.1900000e+01   9.4020086e+04   1.0749747e+04
   2.2000000e+01   1.3315589e+05  -2.9801521e+03
   2.2100000e+01   1.7668922e+05  -1.1635680e+04
   2.2200000e+01   2.1727697e+05  -1.5870941e+04
   2.2300000e+01   2.4725088e+05  -1.7804779e+04
   2.2400000e+01   2.6495006e+05  -2.0327449e+04
   2.2500000e+01   2.7649194e+05  -2.5776238e+04
   2.2600000e+01   2.9161741e+05  -3.4138215e+04
   2.2700000e+01   3.1685188e+05  -4.2594621e+04
   2.2800000e+01   3.5085144e+05  -4.7992523e+04
   2.2900000e+01   3.8480922e+05  -5.0636969e+04
   2.3000000e+01   4.0738853e+05  -5.5232375e+04
   2.3100000e+01   4.1105316e+05  -6.7007070e+04
   2.3200000e+01   3.9598731e+05  -8.6434453e+04
   2.3300000e+01   3.6928272e+05  -1.0807923e+05
   2.3400000e+01   3.4018041e+05  -1.2482796e+05
   2.3500000e+01   3.1488916e+05  -1.3294569e+05
   2.3600000e+01   2.9445653e+05  -1.3300719e+05
   2.3700000e+01   2.7617800e+05  -1.2694045e+05
   2.3800000e+01   2.5612653e+05  -1.1554855e+05
   2.3900000e+01   2.3051912e+05  -9.9201766e+04
   2.4000000e+01   1.9603744e+05  -7.9797094e+04
   2.4100000e+01   1.5045980e+05  -6.0595195e+04
   2.4200000e+01   9.3636664e+04  -4.3560980e+04
   2.4300000e+01   2.7498936e+04  -2.7182271e+04
   2.4400000e+01  -4.5089773e+04  -7.5056143e+03
   2.4500000e+01  -1.2084972e+05   1.8090324e+04
   2.4600000e+01  -1.9489311e+05   4.7644207e+04
   2.4700000e+01  -2.5990047e+05   7.5015422e+04
   2.4800000e+01  -3.0870359e+05   9.4115516e+04
   2.4900000e+01  -3.3946994e+05   1.0358952e+05
   2.5000000e+01  -3.5820247e+05   1.0761169e+05
   2.5100000e+01  -3.7456809e+05   1.1173309e+05
   2.5200000e+01  -3.9398369e+05   1.1770411e+05
   2.5300000e+01  -4.1357556e+05   1.2254062e+05
   2.5400000e+01  -4.2601494e+05   1.2260001e+05
   2.5500000e+01  -4.2708219e+05   1.1783644e+05
   2.5600000e+01  -4.1945184e+05   1.1143678e+05
   2.5700000e+01  -4.0998706e+05   1.0577049e+05
   2.5800000e+01  -4.0435231e+05   9.9758141e+04
   2.5900000e+01  -4.0370606e+05   9.0303117e+04
   2.6000000e+01  -4.0448284e+05   7.5218352e+04
   2.6100000e+01  -3.9998188e+05   5.4298531e+04
   2.6200000e+01  -3.8343353e+05   2.8991090e+04
   2.6300000e+01  -3.5230784e+05   2.8284026e+03
   2.6400000e+01  -3.1100603e+05  -1.8405355e+04
   2.6500000e+01  -2.6830331e+05  -2.9963838e+04
   2.6600000e+01  -2.3056027e+05  -3.3777219e+04
   2.6700000e+01  -1.9699156e+05  -3.9559391e+04
   2.6800000e+01  -1.6160997e+05  -5.7040961e+04
   2.6900000e+01  -1.1903681e+05  -8.5489961e+04
   2.7000000e+01  -6.7630156e+04  -1.1235120e+05
   2.7100000e+01  -7.9776914e+03  -1.2445752e+05
   2.7200000e+01   5.9094500e+04  -1.2098216e+05
   2.7300000e+01   1.3157819e+05  -1.1416445e+05
   2.7400000e+01   2.0456719e+05  -1.1661242e+05
   2.7500000e+01   2.7167581e+05  -1.2840898e+05
   2.7600000e+01   3.2905022e+05  -1.3703220e+05
   2.7700000e+01   3.7755909e+05  -1.2915720e+05
   2.7800000e+01   4.2080938e+05  -1.0187311e+05
   2.7900000e+01   4.6129725e+05  -6.3485125e+04
   2.8000000e+01   4.9819928e+05  -2.5844191e+04
   2.8100000e+01   5.2776819e+05   2.7775405e+03
   2.8200000e+01   5.4527725e+05   1.8954740e+04
   2.8300000e+01   5.4757350e+05   2.1999010e+04
   2.8400000e+01   5.3542375e+05   1.3297414e+04
   2.8500000e+01   5.1411594e+05  -2.3847344e+03
   2.8600000e+01   4.9119650e+05  -1.7289229e+04
   2.8700000e+01   4.7251978e+05  -2.4867420e+04
   2.8800000e+01   4.5943325e+05  -2.4791199e+04
   2.8900000e+01   4.4872291e+05  -2.3478062e+04
   2.9000000e+01   4.3456200e+05  -2.8490672e+04
   2.9100000e+01   4.1093019e+05  -4.1180941e+04
   2.9200000e+01   3.7380934e+05  -5.4162477e+04
   2.9300000e+01   3.2281559e+05  -5.6263523e+04
   2.9400000e+01   2.6145662e+05  -4.1065496e+04
   2.9500000e+01   1.9550398e+05  -1.1842006e+04
   2.9600000e+01   1.3039859e+05   2.1368543e+04
   2.9700000e+01   6.9344883e+04   5.0069852e+04
   2.9800000e+01   1.2780087e+04   7.3732812e+04
   2.9900000e+01  -4.1207055e+04   9.8684375e+04
   3.0000000e+01  -9.5708391e+04   1.3068999e+05
   3.0100000e+01  -1.5286319e+05   1.6839398e+05
   3.0200000e+01  -2.1166606e+05   2.0390058e+05
   3.0300000e+01  -2.6801331e+05   2.2965125e+05
   3.0400000e+01  -3.1793362e+05   2.4449248e+05
   3.0500000e+01  -3.6121150e+05   2.5296062e+05
   3.0600000e+01  -4.0116572e+05   2.5913578e+05
   3.0700000e+01  -4.4015619e+05   2.6200042e+05
   3.0800000e+01  -4.7568966e+05   2.5708269e+05
   3.0900000e+01  -5.0204322e+05   2.4190694e+05
   3.1000000e+01  -5.1623759e+05   2.1866902e+05
   3.1100000e+01  -5.2175312e+05   1.9107167e+05
   3.1200000e+01  -5.2528694e+05   1.5917311e+05
   3.1300000e+01  -5.2931494e+05   1.1849912e+05
   3.1400000e+01  -5.2814638e+05   6.4931258e+04
   3.1500000e+01  -5.1223116e+05   3.6380078e+02
   3.1600000e+01  -4.7759941e+05  -6.6986938e+04
   3.1700000e+01  -4.3194531e+05  -1.2823241e+05
   3.1800000e+01  -3.9091722e+05  -1.7980691e+05
   3.1900000e+01  -3.6632647e+05  -2.2385559e+05
   3.2000000e+01  -3.5583194e+05  -2.6301038e+05
   3.2100000e+01  -3.4393647e+05  -2.9550988e+05
   3.2200000e+01  -3.1491303e+05  -3.1617066e+05
   3.2300000e+01  -2.6668409e+05  -3.2224319e+05
   3.2400000e+01  -2.1232156e+05  -3.1772756e+05
   3.2500000e+01  -1.6697175e+05  -3.1138884e+05
   3.2600000e+01  -1.3268428e+05  -3.1057734e+05
   3.2700000e+01  -9.6447891e+04  -3.1708103e+05
   3.2800000e+01  -4.3678473e+04  -3.2803694e+05
   3.2900000e+01   2.6433617e+04  -3.3888919e+05
   3.3000000e+01   9.9253930e+04  -3.4427016e+05
   3.3100000e+01   1.5823464e+05  -3.3737028e+05
   3.3200000e+01   1.9995142e+05  -3.1162897e+05
   3.3300000e+01   2.3603720e+05  -2.6528366e+05
   3.3400000e+01   2.8095428e+05  -2.0396262e+05
   3.3500000e+01   3.3817369e+05  -1.3722138e+05
   3.3600000e+01   3.9768941e+05  -7.1792578e+04
   3.3700000e+01   4.4576747e+05  -8.5435371e+03
   3.3800000e+01   4.7637662e+05   5.4162648e+04
   3.3900000e+01   4.9382138e+05   1.1557834e+05
   3.4000000e+01   5.0601284e+05   1.7233873e+05
   3.4100000e+01   5.1649216e+05   2.2268016e+05
   3.4200000e+01   5.2269294e+05   2.6908688e+05
   3.4300000e+01   5.2050338e+05   3.1525578e+05
   3.4400000e+01   5.0939794e+05   3.6036788e+05
   3.4500000e+01   4.9314150e+05   3.9738753e+05
   3.4600000e+01   4.7601747e+05   4.1812147e+05
   3.4700000e+01   4.5853550e+05   4.2040059e+05
   3.4800000e+01   4.3669016e+05   4.1001984e+05
   3.4900000e+01   4.0554047e+05   3.9524678e+05
   3.5000000e+01   3.6396134e+05   3.7960784e+05
   3.5100000e+01   3.1617872e+05   3.6059684e+05
   3.5200000e+01   2.6851788e+05   3.3515741e+05
   3.5300000e+01   2.2421945e+05   3.0471381e+05
   3.5400000e+01   1.8086705e+05   2.7309084e+05
   3.5500000e+01   1.3242477e+05   2.3997628e+05
   3.5600000e+01   7.4103641e+04   1.9922434e+05
   3.5700000e+01   6.6262114e+03   1.4597266e+05
   3.5800000e+01  -6.2916258e+04   8.4868625e+04
   3.5900000e+01  -1.2483462e+05   2.8535010e+04
   3.6000000e+01  -1.7374411e+05  -1.3950721e+04
   3.6100000e+01  -2.1361831e+05  -4.6510504e+04
   3.6200000e+01  -2.5555041e+05  -8.2630273e+04
   3.6300000e+01  -3.0848616e+05  -1.3202766e+05
   3.6400000e+01  -3.7076034e+05  -1.9083655e+05
   3.6500000e+01  -4.3060328e+05  -2.4432653e+05
   3.6600000e+01  -4.7492753e+05  -2.7816184e+05
   3.6700000e+01  -4.9748312e+05  -2.8739041e+05
   3.6800000e+01  -4.9963438e+05  -2.7726131e+05
   3.6900000e+01  -4.8607938e+05  -2.5847192e+05
   3.7000000e+01  -4.6182844e+05  -2.4194969e+05
   3.7100000e+01  -4.3191441e+05  -2.3495517e+05
   3.7200000e+01  -4.0046209e+05  -2.3807455e+05
   3.7300000e+01  -3.6822188e+05  -2.4441728e+05
   3.7400000e+01  -3.3240081e+05  -2.4352848e+05
   3.7500000e+01  -2.9077541e+05  -2.2902116e+05
   3.7600000e+01  -2.4566100e+05  -2.0393177e+05
   3.7700000e+01  -2.0243650e+05  -1.7825048e+05
   3.7800000e+01  -1.6428786e+05  -1.6013934e+05
   3.7900000e+01  -1.2987937e+05  -1.4884186e+05
   3.8000000e+01  -9.6477094e+04  -1.3586453e+05
   3.8100000e+01  -6.3774578e+04  -1.1297431e+05
   3.8200000e+01  -3.3644621e+04  -7.9413406e+04
   3.8300000e+01  -7.4159316e+03  -4.2397027e+04
   3.8400000e+01   1.4939108e+04  -1.1673889e+04
   3.8500000e+01   3.3606223e+04   6.5519980e+03
   3.8600000e+01   4.9264039e+04   1.2095648e+04
   3.8700000e+01   6.5362066e+04   9.3009922e+03
   3.8800000e+01   8.8042352e+04   3.7927285e+03
   3.8900000e+01   1.2132032e+05  -1.7760938e+02
   3.9000000e+01   1.6185019e+05  -4.7610938e+02
   3.9100000e+01   1.9962577e+05   4.0647090e+03
   3.9200000e+01   2.2501186e+05   1.5293773e+04
   3.9300000e+01   2.3586706e+05   3.5909297e+04
   3.9400000e+01   2.3866541e+05   6.7389281e+04
   3.9500000e+01   2.4303319e+05   1.0724362e+05
   3.9600000e+01   2.5382430e+05   1.4828548e+05
   3.9700000e+01   2.6604100e+05   1.8123628e+05
   3.9800000e+01   2.6652025e+05   1.9924353e+05
   3.9900000e+01   2.4260688e+05   2.0122558e+05
   4.0000000e+01   1.9250634e+05   1.9170947e+05
   4.0100000e+01   1.2890685e+05   1.7737356e+05
   4.0200000e+01   7.1669930e+04   1.6286719e+05
   4.0300000e+01   3.4707375e+04   1.4877697e+05
   4.0400000e+01   1.7516299e+04   1.3266366e+05
   4.0500000e+01   7.6165527e+03   1.1176379e+05
   4.0600000e+01  -9.0524814e+03   8.5305633e+04
   4.0700000e+01  -3.8013770e+04   5.5452121e+04
   4.0800000e+01  -7.2892906e+04   2.6925895e+04
   4.0900000e+01  -1.0004125e+05   5.4601094e+03
   4.1000000e+01  -1.0772508e+05  -4.7073281e+03
   4.1100000e+01  -9.4033359e+04  -3.2431406e+03
   4.1200000e+01  -6.8363266e+04   5.6519258e+03
   4.1300000e+01  -4.5543164e+04   1.5183496e+04
   4.1400000e+01  -3.6781180e+04   1.9392051e+04
   4.1500000e+01  -4.3370262e+04   1.5898961e+04
   4.1600000e+01  -5.6430398e+04   6.3098750e+03
   4.1700000e+01  -6.2272871e+04  -5.8587539e+03
   4.1800000e+01  -5.0833035e+04  -1.8174457e+04
   4.1900000e+01  -2.3024717e+04  -3.0800023e+04
   4.2000000e+01   8.4190205e+03  -4.5259160e+04
   4.2100000e+01   2.7486574e+04  -6.1974469e+04
   4.2200000e+01   2.7761018e+04  -7.9609055e+04
   4.2300000e+01   1.8253176e+04  -9.7046344e+04
   4.2400000e+01   1.5371152e+04  -1.1508277e+05
   4.2500000e+01   2.7764531e+04  -1.3466066e+05
   4.2600000e+01   4.8983758e+04  -1.5291523e+05
   4.2700000e+01   6.5241680e+04  -1.6212698e+05
   4.2800000e+01   6.9610484e+04  -1.5447383e+05
   4.2900000e+01   6.7607375e+04  -1.2912241e+05
   4.3000000e+01   6.9303148e+04  -9.4833703e+04
   4.3100000e+01   7.7763961e+04  -6.4793336e+04
   4.3200000e+01   8.6462430e+04  -4.7298770e+04
   4.3300000e+01   8.7444828e+04  -3.9760785e+04
   4.3400000e+01   8.0609469e+04  -3.1042109e+04
   4.3500000e+01   7.4315930e+04  -1.0530558e+04
   4.3600000e+01   7.7199508e+04   2.3360008e+04
   4.3700000e+01   8.9639195e+04   6.2562168e+04
   4.3800000e+01   1.0294030e+05   9.7284188e+04
   4.3900000e+01   1.0659300e+05   1.2506953e+05
   4.4000000e+01   9.6694219e+04   1.5191150e+05
   4.4100000e+01   7.8109398e+04   1.8391892e+05
   4.4200000e+01   5.9172914e+04   2.1794212e+05
   4.4300000e+01   4.4575133e+04   2.4137652e+05
   4.4400000e+01   3.2964227e+04   2.4237938e+05
   4.4500000e+01   2.0228973e+04   2.2083309e+05
   4.4600000e+01   3.8095413e+03   1.8903864e+05
   4.4700000e+01  -1.6288396e+04   1.6109330e+05
   4.4800000e+01  -3.9314340e+04   1.4114803e+05
   4.4900000e+01  -6.5232758e+04   1.2175478e+05
   4.5000000e+01  -9.4521438e+04   9.3306414e+04
   4.5100000e+01  -1.2741940e+05   5.4669414e+04
   4.5200000e+01  -1.6310272e+05   1.4581352e+04
   4.5300000e+01  -1.9814764e+05  -1.6723277e+04
   4.5400000e+01  -2.2554791e+05  -3.6627219e+04
   4.5500000e+01  -2.3760162e+05  -5.1383344e+04
   4.5600000e+01  -2.3264614e+05  -6.9666633e+04
   4.5700000e+01  -2.1910977e+05  -9.5515945e+04
   4.5800000e+01  -2.1026442e+05  -1.2634448e+05
   4.5900000e+01  -2.1265673e+05  -1.5561172e+05
   4.6000000e+01  -2.1989762e+05  -1.7657694e+05
   4.6100000e+01  -2.1917738e+05  -1.8512217e+05
   4.6200000e+01  -2.0391845e+05  -1.8154059e+05
   4.6300000e+01  -1.7885819e+05  -1.7062491e+05
   4.6400000e+01  -1.5258312e+05  -1.5892238e+05
   4.6500000e+01  -1.2687578e+05  -1.5037861e+05
   4.6600000e+01  -9.5305930e+04  -1.4421966e+05
   4.6700000e+01  -5.2347652e+04  -1.3733633e+05
   4.6800000e+01  -2.4042930e+03  -1.2851324e+05
   4.6900000e+01   4.1457047e+04  -1.1963865e+05
   4.7000000e+01   6.8127148e+04  -1.1272120e+05
   4.7100000e+01   7.8090703e+04  -1.0665723e+05
   4.7200000e+01   8.3058688e+04  -9.7797570e+04
   4.7300000e+01   9.6204508e+04  -8.3513328e+04
   4.7400000e+01   1.2195066e+05  -6.4461945e+04
   4.7500000e+01   1.5403780e+05  -4.3305141e+04
   4.7600000e+01   1.8262812e+05  -2.2156334e+04
   4.7700000e+01   2.0300564e+05  -2.1184707e+03
   4.7800000e+01   2.1765475e+05   1.5145810e+04
   4.7900000e+01   2.3074259e+05   2.6957732e+04
   4.8000000e+01   2.4185938e+05   3.1943518e+04
   4.8100000e+01   2.4604458e+05   3.2615246e+04
   4.8200000e+01   2.3953528e+05   3.4426359e+04
   4.8300000e+01   2.2393739e+05   4.1311797e+04
   4.8400000e+01   2.0353344e+05   5.2205211e+04
   4.8500000e+01   1.7901598e+05   6.2439336e+04
   4.8600000e+01   1.4585912e+05   6.8469492e+04
   4.8700000e+01   1.0046308e+05   7.0516094e+04
   4.8800000e+01   4.7586516e+04   7.0471695e+04
   4.8900000e+01  -1.4128027e+02   6.8532211e+04
   4.9000000e+01  -3.1730096e+04   6.3575508e+04
   4.9100000e+01  -4.7261316e+04   5.6948930e+04
   4.9200000e+01  -5.7507492e+04   5.3921605e+04
   4.9300000e+01  -7.3949203e+04   5.9230461e+04
   4.9400000e+01  -9.9027602e+04   7.0880281e+04
   4.9500000e+01  -1.2551355e+05   7.9825055e+04
   4.9600000e+01  -1.4416425e+05   7.7265438e+04
   4.9700000e+01  -1.5133494e+05   6.2643855e+04
   4.9800000e+01  -1.5007788e+05   4.4280598e+04
   4.9900000e+01  -1.4576969e+05   3.2230535e+04
   5.0000000e+01  -1.4177734e+05   3.0515049e+04
   5.0100000e+01  -1.3858525e+05   3.5463000e+04
   5.0200000e+01  -1.3524405e+05   4.0181016e+04
   5.0300000e+01  -1.3037889e+05   3.9995941e+04
   5.0400000e+01  -1.2200482e+05   3.4512105e+04
   5.0500000e+01  -1.0757102e+05   2.6118602e+04
   5.0600000e+01  -8.5249984e+04   1.7465023e+04
   5.0700000e+01  -5.5435305e+04   9.9175293e+03
   5.0800000e+01  -2.0666744e+04   3.1866152e+03
   5.0900000e+01   1.6068250e+04  -4.5219136e+03
   5.1000000e+01   5.2672633e+04  -1.5926109e+04
   5.1100000e+01   8.7463320e+04  -3.3126082e+04
   5.1200000e+01   1.1814342e+05  -5.5280934e+04
   5.1300000e+01   1.4266883e+05  -7.7375602e+04
   5.1400000e+01   1.6184956e+05  -9.2287734e+04
   5.1500000e+01   1.8010088e+05  -9.5682031e+04
   5.1600000e+01   2.0157042e+05  -8.9648180e+04
   5.1700000e+01   2.2414706e+05  -8.0981438e+04
   5.1800000e+01   2.3763089e+05  -7.4884422e+04
   5.1900000e+01   2.2942530e+05  -6.9895609e+04
   5.2000000e+01   1.9389477e+05  -5.9161242e+04
   5.2100000e+01   1.3756950e+05  -3.6994500e+04
   5.2200000e+01   7.5730656e+04  -4.4951016e+03
   5.2300000e+01   2.3044527e+04   3.0896891e+04
   5.2400000e+01  -1.4684226e+04   6.1248039e+04
   5.2500000e+01  -4.1908426e+04   8.4120234e+04
   5.2600000e+01  -6.7403992e+04   1.0379819e+05
   5.2700000e+01  -9.5875766e+04   1.2703918e+05
   5.2800000e+01  -1.2392895e+05   1.5692472e+05
   5.2900000e+01  -1.4387900e+05   1.8973012e+05
   5.3000000e+01  -1.5191086e+05   2.1730338e+05
   5.3100000e+01  -1.5245791e+05   2.3304645e+05
   5.3200000e+01  -1.5382641e+05   2.3667814e+05
   5.3300000e+01  -1.5914742e+05   2.3397016e+05
   5.3400000e+01  -1.6242442e+05   2.3169109e+05
   5.3500000e+01  -1.5468195e+05   2.3164597e+05
   5.3600000e+01  -1.3426136e+05   2.2828011e+05
   5.3700000e+01  -1.1020392e+05   2.1175288e+05
   5.3800000e+01  -9.4674391e+04   1.7447398e+05
   5.3900000e+01  -9.2061609e+04   1.1643816e+05
   5.4000000e+01  -9.5705461e+04   4.5509641e+04
   5.4100000e+01  -9.4808781e+04  -2.7168637e+04
   5.4200000e+01  -8.3969000e+04  -9.2816219e+04
   5.4300000e+01  -6.6749555e+04  -1.4808511e+05
   5.4400000e+01  -5.1905000e+04  -1.9495388e+05
   5.4500000e+01  -4.6768582e+04  -2.3853647e+05
   5.4600000e+01  -5.2039781e+04  -2.8319253e+05
   5.4700000e+01  -5.9949320e+04  -3.2766606e+05
   5.4800000e+01  -5.7506668e+04  -3.6286528e+05
   5.4900000e+01  -3.5123469e+04  -3.7666559e+05
   5.5000000e+01   4.6957539e+03  -3.6434122e+05
   5.5100000e+01   4.7627473e+04  -3.3552756e+05
   5.5200000e+01   7.9140719e+04  -3.0916391e+05
   5.5300000e+01   9.7040875e+04  -2.9887816e+05
   5.5400000e+01   1.1152073e+05  -3.0174084e+05
   5.5500000e+01   1.3254334e+05  -3.0107197e+05
   5.5600000e+01   1.5898662e+05  -2.8064412e+05
   5.5700000e+01   1.8129111e+05  -2.3719277e+05
   5.5800000e+01   1.9253011e+05  -1.8095922e+05
   5.5900000e+01   1.9362909e+05  -1.2589383e+05
   5.6000000e+01   1.8801750e+05  -7.9570195e+04
   5.6100000e+01   1.7514670e+05  -4.0773633e+04
   5.6200000e+01   1.5211938e+05  -4.3220820e+03
   5.6300000e+01   1.2019848e+05   3.3107328e+04
   5.6400000e+01   8.6460422e+04   7.1186398e+04
   5.6500000e+01   5.8279055e+04   1.0799047e+05
   5.6600000e+01   3.7896422e+04   1.4221712e+05
   5.6700000e+01   2.3116994e+04   1.7297469e+05
   5.6800000e+01   1.1574709e+04   1.9816272e+05
   5.6900000e+01   2.5230527e+03   2.1436352e+05
   5.7000000e+01  -4.9760420e+03   2.1933567e+05
   5.7100000e+01  -1.3509720e+04   2.1478544e+05
   5.7200000e+01  -2.5772457e+04   2.0607489e+05
   5.7300000e+01  -4.1910469e+04   1.9841031e+05
   5.7400000e+01  -5.9013336e+04   1.9297462e+05
   5.7500000e+01  -7.3290008e+04   1.8699805e+05
   5.7600000e+01  -8.2560086e+04   1.7779941e+05
   5.7700000e+01  -8.6660125e+04   1.6638928e+05
   5.7800000e+01  -8.5871609e+04   1.5650242e+05
   5.7900000e+01  -7.9951203e+04   1.5014320e+05
   5.8000000e+01  -6.9937266e+04   1.4501164e+05
   5.8100000e+01  -6.1131750e+04   1.3705916e+05
   5.8200000e+01  -6.2437055e+04   1.2503738e+05
   5.8300000e+01  -7.9745484e+04   1.1122327e+05
   5.8400000e+01  -1.0842533e+05   9.7383336e+04
   5.8500000e+01  -1.3364291e+05   8.1488109e+04
   5.8600000e+01  -1.4088902e+05   6.0057840e+04
   5.8700000e+01  -1.2808611e+05   3.3611531e+04
   5.8800000e+01  -1.0758068e+05   8.0546562e+03
   5.8900000e+01  -9.5625031e+04  -1.0564869e+04
   5.9000000e+01  -9.8927141e+04  -2.2174545e+04
   5.9100000e+01  -1.1001895e+05  -3.2397012e+04
   5.9200000e+01  -1.1436611e+05  -4.5893656e+04
   5.9300000e+01  -1.0212374e+05  -6.0605219e+04
   5.9400000e+01  -7.5027109e+04  -6.9064664e+04
   5.9500000e+01  -4.4048738e+04  -6.5387875e+04
   5.9600000e+01  -2.0526797e+04  -5.1027004e+04
   5.9700000e+01  -7.6747881e+03  -3.3970344e+04
   5.9800000e+01   1.2567051e+03  -2.2320047e+04
   5.9900000e+01   1.7011781e+04  -1.8112533e+04
   6.0000000e+01   4.5685930e+04  -1.6838943e+04
   6.0100000e+01   8.4632758e+04  -1.2810035e+04
   6.0200000e+01   1.2561375e+05  -4.9389473e+03
   6.0300000e+01   1.6111364e+05   2.7731348e+03
   6.0400000e+01   1.8785944e+05   5.9717500e+03
   6.0500000e+01   2.0600053e+05   4.1190254e+03
   6.0600000e+01   2.1713922e+05  -5.1341406e+02
   6.0700000e+01   2.2392744e+05  -6.9044238e+03
   6.0800000e+01   2.3011400e+05  -1.6548779e+04
   6.0900000e+01   2.3868562e+05  -3.0166625e+04
   6.1000000e+01   2.4873597e+05  -4.4417781e+04
   6.1100000e+01   2.5447756e+05  -5.3315230e+04
   6.1200000e+01   2.4840720e+05  -5.3105648e+04
   6.1300000e+01   2.2659325e+05  -4.5404078e+04
   6.1400000e+01   1.9187811e+05  -3.5945508e+04
   6.1500000e+01   1.5237312e+05  -3.1100312e+04
   6.1600000e+01   1.1614802e+05  -3.5197008e+04
   6.1700000e+01   8.5798273e+04  -4.9209531e+04
   6.1800000e+01   5.6980754e+04  -7.0232781e+04
   6.1900000e+01   2.2495688e+04  -9.2425734e+04
   6.2000000e+01  -2.0896744e+04  -1.1017959e+05
   6.2100000e+01  -6.8673953e+04  -1.2168306e+05
   6.2200000e+01  -1.1159896e+05  -1.2945503e+05
   6.2300000e+01  -1.4340075e+05  -1.3707636e+05
   6.2400000e+01  -1.6616092e+05  -1.4560700e+05
   6.2500000e+01  -1.8821745e+05  -1.5346641e+05
   6.2600000e+01  -2.1642038e+05  -1.5920406e+05
   6.2700000e+01  -2.4998245e+05  -1.6313131e+05
   6.2800000e+01  -2.8138362e+05  -1.6571567e+05
   6.2900000e+01  -3.0272281e+05  -1.6528172e+05
   6.3000000e+01  -3.1108303e+05  -1.5861623e+05
   6.3100000e+01  -3.0863409e+05  -1.4409222e+05
   6.3200000e+01  -2.9908962e+05  -1.2331388e+05
   6.3300000e+01  -2.8476581e+05  -9.8997664e+04
   6.3400000e+01  -2.6587866e+05  -7.1654445e+04
   6.3500000e+01  -2.4070991e+05  -3.9184504e+04
   6.3600000e+01  -2.0611794e+05   2.5424219e+02
   6.3700000e+01  -1.5996252e+05   4.5764844e+04
   6.3800000e+01  -1.0532036e+05   9.4374141e+04
   6.3900000e+01  -5.2182012e+04   1.4333292e+05
   6.4000000e+01  -1.2512852e+04   1.9079269e+05
   6.4100000e+01   8.7196465e+03   2.3441250e+05
   6.4200000e+01   1.8192668e+04   2.7058944e+05
   6.4300000e+01   2.9375500e+04   2.9615219e+05
   6.4400000e+01   5.2400734e+04   3.1090847e+05
   6.4500000e+01   8.7772227e+04   3.1810347e+05
   6.4600000e+01   1.2821726e+05   3.2205000e+05
   6.4700000e+01   1.6485150e+05   3.2488662e+05
   6.4800000e+01   1.9148614e+05   3.2482544e+05
   6.4900000e+01   2.0525689e+05   3.1699931e+05
   6.5000000e+01   2.0611391e+05   2.9671203e+05
   6.5100000e+01   1.9723377e+05   2.6350466e+05
   6.5200000e+01   1.8519703e+05   2.2290812e+05
   6.5300000e+01   1.7773244e+05   1.8317458e+05
   6.5400000e+01   1.7938778e+05   1.4837298e+05
   6.5500000e+01   1.8845509e+05   1.1400431e+05
   6.5600000e+01   1.9813414e+05   7.0627531e+04
   6.5700000e+01   2.0118481e+05   1.3485531e+04
   6.5800000e+01   1.9397850e+05  -5.1055773e+04
   6.5900000e+01   1.7668878e+05  -1.0953978e+05
   6.6000000e+01   1.5071891e+05  -1.5276584e+05
   6.6100000e+01   1.1733712e+05  -1.8319525e+05
   6.6200000e+01   7.9237617e+04  -2.1087653e+05
   6.6300000e+01   4.2072383e+04  -2.4241305e+05
   6.6400000e+01   1.2242054e+04  -2.7463866e+05
   6.6500000e+01  -7.9702637e+03  -2.9891684e+05
   6.6600000e+01  -2.2456867e+04  -3.1013444e+05
   6.6700000e+01  -3.7391148e+04  -3.1018325e+05
   6.6800000e+01  -5.5187938e+04  -3.0342572e+05
   6.6900000e+01  -7.3140297e+04  -2.9135047e+05
   6.7000000e+01  -8.8337719e+04  -2.7350091e+05
   6.7100000e+01  -1.0288567e+05  -2.5256847e+05
   6.7200000e+01  -1.2263108e+05  -2.3549662e+05
   6.7300000e+01  -1.4988284e+05  -2.2749473e+05
   6.7400000e+01  -1.7789812e+05  -2.2563894e+05
   6.7500000e+01  -1.9401284e+05  -2.2048070e+05
   6.7600000e+01  -1.8990648e+05  -2.0497669e+05
   6.7700000e+01  -1.6998059e+05  -1.8103845e+05
   6.7800000e+01  -1.4958916e+05  -1.5628056e+05
   6.7900000e+01  -1.4347666e+05  -1.3461530e+05
   6.8000000e+01  -1.5364833e+05  -1.1112744e+05
   6.8100000e+01  -1.6703708e+05  -7.6571617e+04
   6.8200000e+01  -1.6529900e+05  -2.6415115e+04
   6.8300000e+01  -1.3870375e+05   3.4548312e+04
   6.8400000e+01  -9.2702008e+04   9.5349109e+04
   6.8500000e+01  -4.2478336e+04   1.4566816e+05
   6.8600000e+01  -1.2178340e+03   1.8074869e+05
   6.8700000e+01   2.7740652e+04   2.0241342e+05
   6.8800000e+01   4.9548527e+04   2.1720666e+05
   6.8900000e+01   7.0455102e+04   2.3282964e+05
   6.9000000e+01   9.1688242e+04   2.5393003e+05
   6.9100000e+01   1.0924759e+05   2.7950934e+05
   6.9200000e+01   1.1860237e+05   3.0429809e+05
   6.9300000e+01   1.1964930e+05   3.2340938e+05
   6.9400000e+01   1.1767191e+05   3.3614953e+05
   6.9500000e+01   1.1945336e+05   3.4544397e+05
   6.9600000e+01   1.2765389e+05   3.5380003e+05
   6.9700000e+01   1.3821106e+05   3.6009156e+05
   6.9800000e+01   1.4320053e+05   3.6014319e+05
   6.9900000e+01   1.3686347e+05   3.5007819e+05
   7.0000000e+01   1.1964583e+05   3.2919681e+05
   7.0100000e+01   9.7090234e+04   3.0030166e+05
   7.0200000e+01   7.5368727e+04   2.6777303e+05
   7.0300000e+01   5.7970875e+04   2.3488938e+05
   7.0400000e+01   4.5880145e+04   2.0179808e+05
   7.0500000e+01   3.9381730e+04   1.6513572e+05
   7.0600000e+01   3.8432727e+04   1.1979353e+05
   7.0700000e+01   4.1332156e+04   6.2280062e+04
   7.0800000e+01   4.4270641e+04  -6.2416963e+03
   7.0900000e+01   4.3397645e+04  -7.9600195e+04
   7.1000000e+01   3.7595070e+04  -1.4976514e+05
   7.1100000e+01   2.8809148e+04  -2.1152933e+05
   7.1200000e+01   1.9440027e+04  -2.6513119e+05
   7.1300000e+01   9.6352891e+03  -3.1469775e+05
   7.1400000e+01  -2.7104316e+03  -3.6394962e+05
   7.1500000e+01  -1.9598736e+04  -4.1284328e+05
   7.1600000e+01  -4.0894121e+04  -4.5757119e+05
   7.1700000e+01  -6.4422090e+04  -4.9320725e+05
   7.1800000e+01  -8.7566281e+04  -5.1661722e+05
   7.1900000e+01  -1.0857402e+05  -5.2797894e+05
   7.2000000e+01  -1.2654524e+05  -5.3048719e+05
   7.2100000e+01  -1.4044944e+05  -5.2826981e+05
   7.2200000e+01  -1.4837702e+05  -5.2313459e+05
   7.2300000e+01  -1.4817023e+05  -5.1221856e+05
   7.2400000e+01  -1.3935339e+05  -4.8903853e+05
   7.2500000e+01  -1.2453191e+05  -4.4804453e+05
   7.2600000e+01  -1.0824627e+05  -3.8926312e+05
   7.2700000e+01  -9.3766727e+04  -3.1901509e+05
   7.2800000e+01  -8.1007492e+04  -2.4602786e+05
   7.2900000e+01  -6.7832672e+04  -1.7613541e+05
   7.3000000e+01  -5.3002805e+04  -1.0948238e+05
   7.3100000e+01  -3.7026211e+04  -4.1800922e+04
   7.3200000e+01  -2.0221840e+04   3.1531082e+04
   7.3300000e+01  -1.3816328e+03   1.1151605e+05
   7.3400000e+01   2.0362035e+04   1.9441394e+05
   7.3500000e+01   4.2742836e+04   2.7432266e+05
   7.3600000e+01   6.0979832e+04   3.4725788e+05
   7.3700000e+01   7.1990562e+04   4.1290428e+05
   7.3800000e+01   7.7362367e+04   4.7238628e+05
   7.3900000e+01   8.1350016e+04   5.2473919e+05
   7.4000000e+01   8.6196719e+04   5.6634531e+05
   7.4100000e+01   9.0133125e+04   5.9406419e+05
   7.4200000e+01   8.9674969e+04   6.0808275e+05
   7.4300000e+01   8.2674305e+04   6.1065169e+05
   7.4400000e+01   6.8803922e+04   6.0214862e+05
   7.4500000e+01   4.8619789e+04   5.7980688e+05
   7.4600000e+01   2.4030447e+04   5.4153944e+05
   7.4700000e+01  -5.0480273e+02   4.9056838e+05
   7.4800000e+01  -1.9536223e+04   4.3452453e+05
   7.4900000e+01  -3.1156252e+04   3.7889812e+05
   7.5000000e+01  -3.9316410e+04   3.2223888e+05
   7.5100000e+01  -4.9781934e+04   2.5950433e+05
   7.5200000e+01  -6.3435102e+04   1.9030856e+05
   7.5300000e+01  -7.5104305e+04   1.2193684e+05
   7.5400000e+01  -7.9857219e+04   6.2396852e+04
   7.5500000e+01  -7.8837391e+04   1.1163808e+04
   7.5600000e+01  -7.6691836e+04  -4.0633430e+04
   7.5700000e+01  -7.3664336e+04  -9.9393633e+04
   7.5800000e+01  -6.3256871e+04  -1.5967459e+05
   7.5900000e+01  -3.9779051e+04  -2.0788403e+05
   7.6000000e+01  -6.9473203e+03  -2.3606531e+05
   7.6100000e+01   2.3665582e+04  -2.5107744e+05
   7.6200000e+01   4.3396996e+04  -2.6923916e+05
   7.6300000e+01   5.4222051e+04  -3.0193288e+05
   7.6400000e+01   6.4888254e+04  -3.4627788e+05
   7.6500000e+01   8.0546484e+04  -3.8865572e+05
   7.6600000e+01   9.7686094e+04  -4.1626222e+05
   7.6700000e+01   1.0895095e+05  -4.2605103e+05
   7.6800000e+01   1.1116831e+05  -4.2469878e+05
   7.6900000e+01   1.0750588e+05  -4.2124278e+05
   7.7000000e+01   1.0215595e+05  -4.1906006e+05
   7.7100000e+01   9.4044016e+04  -4.1364256e+05
   7.7200000e+01   7.6782586e+04  -3.9788150e+05
   7.7300000e+01   4.5588961e+04  -3.7005334e+05
   7.7400000e+01   4.4898750e+03  -3.3659084e+05
   7.7500000e+01  -3.4165094e+04  -3.0618038e+05
   7.7600000e+01  -5.8887648e+04  -2.8077638e+05
   7.7700000e+01  -6.8565969e+04  -2.5334838e+05
   7.7800000e+01  -7.2319062e+04  -2.1572844e+05
   7.7900000e+01  -7.9304578e+04  -1.6876552e+05
   7.8000000e+01  -8.9314922e+04  -1.2349548e+05
   7.8100000e+01  -9.4454469e+04  -9.1003461e+04
   7.8200000e+01  -8.9398414e+04  -7.0907211e+04
   7.8300000e+01  -7.7520836e+04  -5.0439328e+04
   7.8400000e+01  -6.5266949e+04  -1.5335441e+04
   7.8500000e+01  -5.1858727e+04   3.8321730e+04
   7.8600000e+01  -2.7916154e+04   1.0248358e+05
   7.8700000e+01   1.3499990e+04   1.6564977e+05
   7.8800000e+01   6.5144145e+04   2.2148875e+05
   7.8900000e+01   1.0737809e+05   2.6955731e+05
   7.9000000e+01   1.2390805e+05   3.1029312e+05
   7.9100000e+01   1.1640173e+05   3.4209519e+05
   7.9200000e+01   1.0274272e+05   3.6364528e+05
   7.9300000e+01   9.9769703e+04   3.7701166e+05
   7.9400000e+01   1.0740278e+05   3.8645553e+05
   7.9500000e+01   1.1014323e+05   3.9405928e+05
   7.9600000e+01   9.4310438e+04   3.9757234e+05
   7.9700000e+01   6.3092891e+04   3.9302869e+05
   7.9800000e+01   3.3863602e+04   3.7900594e+05
   7.9900000e+01   2.0961236e+04   3.5791722e+05
   8.0000000e+01   2.2159646e+04   3.3334931e+05
   8.0100000e+01   2.2314459e+04   3.0638672e+05
   8.0200000e+01   9.0570967e+03   2.7434312e+05
   8.0300000e+01  -1.6330512e+04   2.3298992e+05
   8.0400000e+01  -4.2682602e+04   1.8067791e+05
   8.0500000e+01  -6.0906738e+04   1.2122578e+05
   8.0600000e+01  -7.0696320e+04   6.2884289e+04
   8.0700000e+01  -7.6871688e+04   1.3411112e+04
   8.0800000e+01  -8.2235672e+04  -2.5202098e+04
   8.0900000e+01  -8.5728094e+04  -5.7773594e+04
   8.1000000e+01  -8.6243438e+04  -9.1387461e+04
   8.1100000e+01  -8.5426820e+04  -1.2891075e+05
   8.1200000e+01  -8.5411445e+04  -1.6623252e+05
   8.1300000e+01  -8.5262023e+04  -1.9574380e+05
   8.1400000e+01  -8.2080805e+04  -2.1309094e+05
   8.1500000e+01  -7.6249727e+04  -2.2135797e+05
   8.1600000e+01  -7.3673578e+04  -2.2901595e+05
   8.1700000e+01  -8.0490422e+04  -2.4321055e+05
   8.1800000e+01  -9.5237859e+04  -2.6381822e+05
   8.1900000e+01  -1.0794128e+05  -2.8306812e+05
   8.2000000e+01  -1.0834930e+05  -2.9102906e+05
   8.2100000e+01  -9.4683344e+04  -2.8262378e+05
   8.2200000e+01  -7.3396891e+04  -2.6079655e+05
   8.2300000e+01  -5.1124836e+04  -2.3371678e+05
   8.2400000e+01  -2.8934240e+04  -2.0867744e+05
   8.2500000e+01  -4.9185234e+03  -1.8772200e+05
   8.2600000e+01   2.0088477e+04  -1.6812809e+05
   8.2700000e+01   4.2180008e+04  -1.4645242e+05
   8.2800000e+01   5.9310000e+04  -1.2196534e+05
   8.2900000e+01   7.3531992e+04  -9.6648891e+04
   8.3000000e+01   8.6789727e+04  -7.2870719e+04
   8.3100000e+01   9.6521633e+04  -5.1877926e+04
   8.3200000e+01   9.8286570e+04  -3.4240156e+04
   8.3300000e+01   9.2544844e+04  -2.0385232e+04
   8.3400000e+01   8.5913359e+04  -9.6943418e+03
   8.3500000e+01   8.3979930e+04   3.8530273e+02
   8.3600000e+01   8.4414523e+04   1.2909578e+04
   8.3700000e+01   7.9616078e+04   2.8505340e+04
   8.3800000e+01   6.6256391e+04   4.4451469e+04
   8.3900000e+01   5.0213512e+04   5.7257992e+04
   8.4000000e+01   4.0866641e+04   6.5920406e+04
   8.4100000e+01   4.1291562e+04   7.2380500e+04
   8.4200000e+01   4.5095715e+04   7.9481438e+04
   8.4300000e+01   4.2576641e+04   8.9395727e+04
   8.4400000e+01   2.9307758e+04   1.0367984e+05
   8.4500000e+01   9.4429297e+03   1.2323148e+05
   8.4600000e+01  -7.6225703e+03   1.4708692e+05
   8.4700000e+01  -1.3481186e+04   1.7177753e+05
   8.4800000e+01  -5.8879297e+03   1.9302234e+05
   8.4900000e+01   9.3609961e+03   2.0845508e+05
   8.5000000e+01   2.1163656e+04   2.1844078e+05
   8.5100000e+01   2.0109344e+04   2.2423698e+05
   8.5200000e+01   5.7398047e+03   2.2568152e+05
   8.5300000e+01  -1.2149076e+04   2.2069322e+05
   8.5400000e+01  -2.0746154e+04   2.0686791e+05
   8.5500000e+01  -1.4732042e+04   1.8393473e+05
   8.5600000e+01  -6.7052295e+02   1.5531048e+05
   8.5700000e+01   8.9731045e+03   1.2698936e+05
   8.5800000e+01   6.4860967e+03   1.0350973e+05
   8.5900000e+01  -5.8418291e+03   8.3939188e+04
   8.6000000e+01  -1.9979021e+04   6.2309980e+04
   8.6100000e+01  -3.0311393e+04   3.3364938e+04
   8.6200000e+01  -3.7149223e+04  -1.3751836e+03
   8.6300000e+01  -4.3331605e+04  -3.3413922e+04
   8.6400000e+01  -4.9311402e+04  -5.3632023e+04
   8.6500000e+01  -5.2608996e+04  -5.9588410e+04
   8.6600000e+01  -5.1457090e+04  -5.7571414e+04
   8.6700000e+01  -4.7598016e+04  -5.7969523e+04
   8.6800000e+01  -4.4763957e+04  -6.7624164e+04
   8.6900000e+01  -4.4686613e+04  -8.4766539e+04
   8.7000000e+01  -4.5218746e+04  -1.0045212e+05
   8.7100000e+01  -4.2653051e+04  -1.0576165e+05
   8.7200000e+01  -3.5683938e+04  -9.8947938e+04
   8.7300000e+01  -2.6655484e+04  -8.6072477e+04
   8.7400000e+01  -1.8694482e+04  -7.4722719e+04
   8.7500000e+01  -1.2099238e+04  -6.7546227e+04
   8.7600000e+01  -4.6434844e+03  -6.2141660e+04
   8.7700000e+01   3.9744395e+03  -5.6175695e+04
   8.7800000e+01   9.0508633e+03  -5.0910715e+04
   8.7900000e+01   4.3763340e+03  -4.9461547e+04
   8.8000000e+01  -1.0051645e+04  -5.3142383e+04
   8.8100000e+01  -2.4949250e+04  -6.0737879e+04
   8.8200000e+01  -2.8560285e+04  -7.0531555e+04
   8.8300000e+01  -1.7538170e+04  -8.1370961e+04
   8.8400000e+01  -3.8772656e+02  -9.1642602e+04
   8.8500000e+01   1.0575512e+04  -9.8989727e+04
   8.8600000e+01   1.0286921e+04  -1.0257808e+05
   8.8700000e+01   3.7588320e+03  -1.0523160e+05
   8.8800000e+01  -7.0819141e+02  -1.1169638e+05
   8.8900000e+01   8.1878320e+02  -1.2379991e+05
   8.9000000e+01   6.8453135e+03  -1.3768623e+05
   8.9100000e+01   1.4240173e+04  -1.4671233e+05
   8.9200000e+01   2.0572023e+04  -1.4745733e+05
   8.9300000e+01   2.3292852e+04  -1.4269647e+05
   8.9400000e+01   1.9611207e+04  -1.3833442e+05
   8.9500000e+01   9.2556406e+03  -1.3767791e+05
   8.9600000e+01  -3.2524531e+03  -1.3884175e+05
   8.9700000e+01  -1.0835440e+04  -1.3705509e+05
   8.9800000e+01  -9.0381758e+03  -1.2836487e+05
   8.9900000e+01   1.3539463e+03  -1.1105305e+05
   9.0000000e+01   1.6554062e+04  -8.5347461e+04
   9.0100000e+01   3.3296320e+04  -5.4088496e+04
   9.0200000e+01   4.9353766e+04  -2.3800285e+04
   9.0300000e+01   6.1643918e+04  -2.4083574e+03
   9.0400000e+01   6.6078484e+04   7.1052393e+03
   9.0500000e+01   6.0916219e+04   1.1376844e+04
   9.0600000e+01   5.0280070e+04   2.3365977e+04
   9.0700000e+01   4.3111391e+04   5.2681930e+04
   9.0800000e+01   4.6976680e+04   9.8371750e+04
   9.0900000e+01   6.1584812e+04   1.5038012e+05
   9.1000000e+01   7.8123938e+04   1.9667348e+05
   9.1100000e+01   8.5931672e+04   2.2872673e+05
   9.1200000e+01   8.1206703e+04   2.4283236e+05
   9.1300000e+01   6.9809867e+04   2.4036683e+05
   9.1400000e+01   6.1214492e+04   2.2874984e+05
   9.1500000e+01   5.9391203e+04   2.1991450e+05
   9.1600000e+01   5.9811527e+04   2.2377047e+05
   9.1700000e+01   5.5331117e+04   2.4085003e+05
   9.1800000e+01   4.4027148e+04   2.6164209e+05
   9.1900000e+01   3.0255791e+04   2.7416612e+05
   9.2000000e+01   1.8467441e+04   2.7268153e+05
   9.2100000e+01   7.6654199e+03   2.5965017e+05
   9.2200000e+01  -7.0413770e+03   2.4083797e+05
   9.2300000e+01  -2.8082527e+04   2.2005367e+05
   9.2400000e+01  -5.1706699e+04   1.9822575e+05
   9.2500000e+01  -7.0622430e+04   1.7515972e+05
   9.2600000e+01  -7.9812062e+04   1.5002400e+05
   9.2700000e+01  -8.0065938e+04   1.2031633e+05
   9.2800000e+01  -7.6912719e+04   8.2437938e+04
   9.2900000e+01  -7.6448875e+04   3.4971102e+04
   9.3000000e+01  -8.1082242e+04  -1.8656113e+04
   9.3100000e+01  -8.7890250e+04  -7.1644461e+04
   9.3200000e+01  -9.0871180e+04  -1.1821966e+05
   9.3300000e+01  -8.5773109e+04  -1.5623959e+05
   9.3400000e+01  -7.3851016e+04  -1.8574034e+05
   9.3500000e+01  -6.1428164e+04  -2.0627456e+05
   9.3600000e+01  -5.5652199e+04  -2.1698297e+05
   9.3700000e+01  -5.9961848e+04  -2.1922534e+05
   9.3800000e+01  -7.2536562e+04  -2.1792967e+05
   9.3900000e+01  -8.8155000e+04  -2.1924816e+05
   9.4000000e+01  -1.0142634e+05  -2.2640538e+05
   9.4100000e+01  -1.0905022e+05  -2.3742953e+05
   9.4200000e+01  -1.1015153e+05  -2.4633036e+05
   9.4300000e+01  -1.0537129e+05  -2.4641248e+05
   9.4400000e+01  -9.5961914e+04  -2.3357555e+05
   9.4500000e+01  -8.3333578e+04  -2.0817138e+05
   9.4600000e+01  -6.8544742e+04  -1.7477509e+05
   9.4700000e+01  -5.1664812e+04  -1.3994331e+05
   9.4800000e+01  -3.2117066e+04  -1.0902596e+05
   9.4900000e+01  -1.0543519e+04  -8.3754320e+04
   9.5000000e+01   9.8261504e+03  -6.1933078e+04
   9.5100000e+01   2.5091455e+04  -3.9429574e+04
   9.5200000e+01   3.4937270e+04  -1.3483646e+04
   9.5300000e+01   4.3991324e+04   1.4543066e+04
   9.5400000e+01   5.7027516e+04   3.9022641e+04
   9.5500000e+01   7.2477000e+04   5.3190836e+04
   9.5600000e+01   8.2530062e+04   5.3743176e+04
   9.5700000e+01   8.1421766e+04   4.3661445e+04
   9.5800000e+01   7.3201117e+04   3.1166250e+04
   9.5900000e+01   6.9559344e+04   2.5296305e+04
   9.6000000e+01   7.9230812e+04   3.0628484e+04
   9.6100000e+01   1.0013572e+05   4.4352086e+04
   9.6200000e+01   1.2203586e+05   5.8185840e+04
   9.6300000e+01   1.3565647e+05   6.4715938e+04
   9.6400000e+01   1.3855741e+05   6.3507906e+04
   9.6500000e+01   1.3396317e+05   6.1189281e+04
   9.6600000e+01   1.2683801e+05   6.4892848e+04
   9.6700000e+01   1.2163434e+05   7.5634359e+04
   9.6800000e+01   1.2090570e+05   8.8482336e+04
   9.6900000e+01   1.2277718e+05   9.8278352e+04
   9.7000000e+01   1.1966774e+05   1.0318009e+05
   9.7100000e+01   1.0248077e+05   1.0229692e+05
   9.7200000e+01   6.8829406e+04   9.2759055e+04
   9.7300000e+01   2.7337559e+04   7.2496367e+04
   9.7400000e+01  -7.8379434e+03   4.5795211e+04
   9.7500000e+01  -2.8246633e+04   2.2661633e+04
   9.7600000e+01  -3.7500332e+04   1.0161732e+04
   9.7700000e+01  -4.6626469e+04   5.4543135e+03
   9.7800000e+01  -6.3337129e+04  -2.7727930e+02
   9.7900000e+01  -8.5863812e+04  -1.1093225e+04
   9.8000000e+01  -1.0655505e+05  -2.1703773e+04
   9.8100000e+01  -1.1997933e+05  -2.4307752e+04
   9.8200000e+01  -1.2620687e+05  -1.7935756e+04
   9.8300000e+01  -1.2650731e+05  -9.0243320e+03
   9.8400000e+01  -1.1818950e+05  -3.6559590e+03
   9.8500000e+01  -9.6419320e+04  -1.6389746e+03
   9.8600000e+01  -6.1906371e+04   1.4273691e+03
   9.8700000e+01  -2.5035754e+04   8.4965527e+03
   9.8800000e+01   3.5869141e+01   1.8961781e+04
   9.8900000e+01   6.4367832e+03   3.0562314e+04
   9.9000000e+01  -4.4542578e+02   4.0737344e+04
   9.9100000e+01  -9.0211289e+03   4.5888758e+04
   9.9200000e+01  -1.2011906e+04   4.1865586e+04
   9.9300000e+01  -1.1028980e+04   2.7573598e+04
   9.9400000e+01  -1.1932902e+04   8.1408418e+03
   9.9500000e+01  -1.7018166e+04  -7.0835273e+03
   9.9600000e+01  -2.2229910e+04  -1.1156359e+04
   9.9700000e+01  -2.1746617e+04  -5.0580234e+03
   9.9800000e+01  -1.4508937e+04   3.0590186e+03
   9.9900000e+01  -4.8318984e+03   4.8880957e+03
   1.0000000e+02   3.7681140e+03  -4.1480493e+02
