   1.1851270e+02   3.6301420e+01   1.8450000e+02
   1.1872499e+02   3.6350808e+01   2.3220000e+02
   0.0000000e+00   8.5041038e+05   8.5041038e+05
   1.0000000e-01   3.9810084e+05   1.3082606e+06
   2.0000000e-01  -1.6554570e+04   1.6982548e+06
   3.0000000e-01  -4.1006812e+05   1.9489864e+06
   4.0000000e-01  -8.1024569e+05   2.0314434e+06
   5.0000000e-01  -1.2096624e+06   1.9675325e+06
   6.0000000e-01  -1.5557729e+06   1.8081409e+06
   7.0000000e-01  -1.7870542e+06   1.6017145e+06
   8.0000000e-01  -1.8802345e+06   1.3742605e+06
   9.0000000e-01  -1.8661155e+06   1.1305119e+06
   1.0000000e+00  -1.8030294e+06   8.7077706e+05
   1.1000000e+00  -1.7331905e+06   6.0569681e+05
   1.2000000e+00  -1.6577444e+06   3.5425266e+05
   1.3000000e+00  -1.5482600e+06   1.3029608e+05
   1.4000000e+00  -1.3825849e+06  -6.3040016e+04
   1.5000000e+00  -1.1729330e+06  -2.2403375e+05
   1.6000000e+00  -9.6005875e+05  -3.4409869e+05
   1.7000000e+00  -7.7805288e+05  -4.1503209e+05
   1.8000000e+00  -6.2418575e+05  -4.4013697e+05
   1.9000000e+00  -4.6580950e+05  -4.2732778e+05
   2.0000000e+00  -2.7945600e+05  -3.6909362e+05
   2.1000000e+00  -8.2432453e+04  -2.4088616e+05
   2.2000000e+00   7.7033453e+04  -3.1147549e+04
   2.3000000e+00   1.6293964e+05   2.2894359e+05
   2.4000000e+00   1.8567003e+05   4.7645684e+05
   2.5000000e+00   1.9445039e+05   6.6186731e+05
   2.6000000e+00   2.3713472e+05   7.7790331e+05
   2.7000000e+00   3.2654044e+05   8.4015806e+05
   2.8000000e+00   4.4261262e+05   8.4663894e+05
   2.9000000e+00   5.6306781e+05   7.6737362e+05
   3.0000000e+00   6.8934625e+05   5.7489338e+05
   3.1000000e+00   8.4286125e+05   2.7582825e+05
   3.2000000e+00   1.0377893e+06  -9.3435297e+04
   3.3000000e+00   1.2595041e+06  -4.9657575e+05
   3.4000000e+00   1.4707925e+06  -9.1352800e+05
   3.5000000e+00   1.6393639e+06  -1.3272774e+06
   3.6000000e+00   1.7588604e+06  -1.7050696e+06
   3.7000000e+00   1.8427445e+06  -2.0022605e+06
   3.8000000e+00   1.8983441e+06  -2.1857380e+06
   3.9000000e+00   1.9085489e+06  -2.2504745e+06
   4.0000000e+00   1.8410781e+06  -2.2137535e+06
   4.1000000e+00   1.6777448e+06  -2.0969806e+06
   4.2000000e+00   1.4359420e+06  -1.9129992e+06
   4.3000000e+00   1.1609502e+06  -1.6653275e+06
   4.4000000e+00   8.9461744e+05  -1.3550678e+06
   4.5000000e+00   6.4804556e+05  -9.9055831e+05
   4.6000000e+00   4.0211528e+05  -5.9542125e+05
   4.7000000e+00   1.3313822e+05  -2.0814644e+05
   4.8000000e+00  -1.6250067e+05   1.3079619e+05
   4.9000000e+00  -4.6722572e+05   3.9692184e+05
   5.0000000e+00  -7.6055362e+05   5.9010656e+05
   5.1000000e+00  -1.0327249e+06   7.2675750e+05
   5.2000000e+00  -1.2788771e+06   8.2435338e+05
   5.3000000e+00  -1.4853829e+06   8.9206288e+05
   5.4000000e+00  -1.6305722e+06   9.3238281e+05
   5.5000000e+00  -1.7033432e+06   9.4790981e+05
   5.6000000e+00  -1.7184352e+06   9.4505088e+05
   5.7000000e+00  -1.7078742e+06   9.3188938e+05
   5.8000000e+00  -1.6945275e+06   9.1381294e+05
   5.9000000e+00  -1.6746325e+06   8.9253894e+05
   6.0000000e+00  -1.6269624e+06   8.7027888e+05
   6.1000000e+00  -1.5377994e+06   8.5455162e+05
   6.2000000e+00  -1.4153108e+06   8.5799175e+05
   6.3000000e+00  -1.2803319e+06   8.9359000e+05
   6.4000000e+00  -1.1463974e+06   9.7076675e+05
   6.5000000e+00  -1.0115726e+06   1.0935886e+06
   6.6000000e+00  -8.6929138e+05   1.2561448e+06
   6.7000000e+00  -7.2372712e+05   1.4344366e+06
   6.8000000e+00  -5.9130931e+05   1.5854468e+06
   6.9000000e+00  -4.8677866e+05   1.6630742e+06
   7.0000000e+00  -4.0954800e+05   1.6421784e+06
   7.1000000e+00  -3.4472562e+05   1.5284161e+06
   7.2000000e+00  -2.7613494e+05   1.3438092e+06
   7.3000000e+00  -1.9650238e+05   1.1037281e+06
   7.4000000e+00  -1.0563531e+05   8.0904169e+05
   7.5000000e+00  -2.1280215e+03   4.5898416e+05
   7.6000000e+00   1.1991141e+05   6.9093906e+04
   7.7000000e+00   2.6557281e+05  -3.2359841e+05
   7.8000000e+00   4.3215850e+05  -6.7286019e+05
   7.9000000e+00   6.0826444e+05  -9.4497356e+05
   8.0000000e+00   7.7926450e+05  -1.1357140e+06
   8.1000000e+00   9.3365625e+05  -1.2692572e+06
   8.2000000e+00   1.0657909e+06  -1.3770595e+06
   8.3000000e+00   1.1750566e+06  -1.4732740e+06
   8.4000000e+00   1.2641695e+06  -1.5495518e+06
   8.5000000e+00   1.3384705e+06  -1.5924486e+06
   8.6000000e+00   1.4057901e+06  -1.6003725e+06
   8.7000000e+00   1.4745355e+06  -1.5785015e+06
   8.8000000e+00   1.5482602e+06  -1.5208790e+06
   8.9000000e+00   1.6190860e+06  -1.4086295e+06
   9.0000000e+00   1.6666870e+06  -1.2330529e+06
   9.1000000e+00   1.6673241e+06  -1.0172601e+06
   9.2000000e+00   1.6079095e+06  -8.0743600e+05
   9.3000000e+00   1.4930270e+06  -6.3982269e+05
   9.4000000e+00   1.3386561e+06  -5.1749675e+05
   9.5000000e+00   1.1602025e+06  -4.1784441e+05
   9.6000000e+00   9.6762275e+05  -3.1697762e+05
   9.7000000e+00   7.6961675e+05  -2.0467950e+05
   9.8000000e+00   5.7608288e+05  -8.2551844e+04
   9.9000000e+00   3.9126019e+05   4.1600031e+04
   1.0000000e+01   2.0572830e+05   1.5363133e+05
   1.0100000e+01   1.5956721e+03   2.3379534e+05
   1.0200000e+01  -2.2924158e+05   2.6738506e+05
   1.0300000e+01  -4.7199366e+05   2.5937983e+05
   1.0400000e+01  -6.9691031e+05   2.3657338e+05
   1.0500000e+01  -8.8201444e+05   2.3041098e+05
   1.0600000e+01  -1.0282147e+06   2.5379664e+05
   1.0700000e+01  -1.1528390e+06   2.9286734e+05
   1.0800000e+01  -1.2699890e+06   3.2171038e+05
   1.0900000e+01  -1.3771151e+06   3.2752878e+05
   1.1000000e+01  -1.4577462e+06   3.2494584e+05
   1.1100000e+01  -1.4945066e+06   3.4748569e+05
   1.1200000e+01  -1.4808672e+06   4.2259875e+05
   1.1300000e+01  -1.4251039e+06   5.4932638e+05
   1.1400000e+01  -1.3458862e+06   6.9593925e+05
   1.1500000e+01  -1.2617288e+06   8.2007356e+05
   1.1600000e+01  -1.1795226e+06   8.9642588e+05
   1.1700000e+01  -1.0905956e+06   9.3032962e+05
   1.1800000e+01  -9.7955612e+05   9.4627312e+05
   1.1900000e+01  -8.3996275e+05   9.6127150e+05
   1.2000000e+01  -6.8238194e+05   9.6626369e+05
   1.2100000e+01  -5.2648338e+05   9.3187262e+05
   1.2200000e+01  -3.8502278e+05   8.3353038e+05
   1.2300000e+01  -2.5592897e+05   6.7437344e+05
   1.2400000e+01  -1.2938953e+05   4.8681838e+05
   1.2500000e+01  -1.0438750e+03   3.1185128e+05
   1.2600000e+01   1.2192659e+05   1.7253252e+05
   1.2700000e+01   2.2541830e+05   6.1669055e+04
   1.2800000e+01   2.9757928e+05  -4.7836492e+04
   1.2900000e+01   3.3623131e+05  -1.7828139e+05
   1.3000000e+01   3.5232266e+05  -3.2692444e+05
   1.3100000e+01   3.6730200e+05  -4.6608888e+05
   1.3200000e+01   4.0178453e+05  -5.6444150e+05
   1.3300000e+01   4.5970916e+05  -6.1326731e+05
   1.3400000e+01   5.2181162e+05  -6.3588206e+05
   1.3500000e+01   5.5934731e+05  -6.7052206e+05
   1.3600000e+01   5.6007112e+05  -7.3922062e+05
   1.3700000e+01   5.4254512e+05  -8.2878400e+05
   1.3800000e+01   5.4272169e+05  -9.0107638e+05
   1.3900000e+01   5.8345162e+05  -9.2397344e+05
   1.4000000e+01   6.5495281e+05  -8.9491694e+05
   1.4100000e+01   7.2340819e+05  -8.3600388e+05
   1.4200000e+01   7.5770231e+05  -7.6758475e+05
   1.4300000e+01   7.4920312e+05  -6.8829119e+05
   1.4400000e+01   7.0949156e+05  -5.8127562e+05
   1.4500000e+01   6.5285331e+05  -4.3807281e+05
   1.4600000e+01   5.8222831e+05  -2.7365328e+05
   1.4700000e+01   4.9069331e+05  -1.1729034e+05
   1.4800000e+01   3.7458262e+05   1.0172080e+04
   1.4900000e+01   2.4408883e+05   1.0975341e+05
   1.5000000e+01   1.2055541e+05   1.9758152e+05
   1.5100000e+01   2.2655066e+04   2.8728362e+05
   1.5200000e+01  -4.5774852e+04   3.7827481e+05
   1.5300000e+01  -9.5211062e+04   4.5791131e+05
   1.5400000e+01  -1.3857331e+05   5.1294222e+05
   1.5500000e+01  -1.7978683e+05   5.4040675e+05
   1.5600000e+01  -2.1254630e+05   5.5048231e+05
   1.5700000e+01  -2.2786341e+05   5.5949675e+05
   1.5800000e+01  -2.2169617e+05   5.7776025e+05
   1.5900000e+01  -1.9732316e+05   6.0155250e+05
   1.6000000e+01  -1.6414006e+05   6.1677175e+05
   1.6100000e+01  -1.3541808e+05   6.1201025e+05
   1.6200000e+01  -1.2361372e+05   5.8903656e+05
   1.6300000e+01  -1.3242355e+05   5.6007444e+05
   1.6400000e+01  -1.5155883e+05   5.3428194e+05
   1.6500000e+01  -1.6256619e+05   5.0712972e+05
   1.6600000e+01  -1.5430031e+05   4.6337650e+05
   1.6700000e+01  -1.3407359e+05   3.9049453e+05
   1.6800000e+01  -1.2174759e+05   2.8990794e+05
   1.6900000e+01  -1.3091983e+05   1.7699959e+05
   1.7000000e+01  -1.5578425e+05   7.1356438e+04
   1.7100000e+01  -1.7711697e+05  -1.4870342e+04
   1.7200000e+01  -1.8100577e+05  -8.3217312e+04
   1.7300000e+01  -1.7090792e+05  -1.4608733e+05
   1.7400000e+01  -1.6109594e+05  -2.1571530e+05
   1.7500000e+01  -1.5909488e+05  -2.9190319e+05
   1.7600000e+01  -1.5598023e+05  -3.5948950e+05
   1.7700000e+01  -1.3529172e+05  -4.0100231e+05
   1.7800000e+01  -9.2046008e+04  -4.1553709e+05
   1.7900000e+01  -4.2077465e+04  -4.2536762e+05
   1.8000000e+01  -1.0675668e+04  -4.6050281e+05
   1.8100000e+01  -1.0655074e+04  -5.3292288e+05
   1.8200000e+01  -3.1986008e+04  -6.2442375e+05
   1.8300000e+01  -5.3889039e+04  -7.0003538e+05
   1.8400000e+01  -6.6500328e+04  -7.3409375e+05
   1.8500000e+01  -7.9040422e+04  -7.2468312e+05
   1.8600000e+01  -1.0696782e+05  -6.8613612e+05
   1.8700000e+01  -1.5404975e+05  -6.3209188e+05
   1.8800000e+01  -2.0918481e+05  -5.6779700e+05
   1.8900000e+01  -2.5869053e+05  -4.9527606e+05
   1.9000000e+01  -2.9709847e+05  -4.1921459e+05
   1.9100000e+01  -3.2439675e+05  -3.4412988e+05
   1.9200000e+01  -3.3660862e+05  -2.6859853e+05
   1.9300000e+01  -3.2432903e+05  -1.8787438e+05
   1.9400000e+01  -2.8170950e+05  -1.0395943e+05
   1.9500000e+01  -2.1390439e+05  -2.9185738e+04
   1.9600000e+01  -1.3307764e+05   2.4932402e+04
   1.9700000e+01  -4.7802852e+04   6.2772754e+04
   1.9800000e+01   4.1426699e+04   1.0513077e+05
   1.9900000e+01   1.3603147e+05   1.7216231e+05
   2.0000000e+01   2.3099858e+05   2.6633478e+05
   2.0100000e+01   3.1489812e+05   3.7319506e+05
   2.0200000e+01   3.7849794e+05   4.7713919e+05
   2.0300000e+01   4.2224919e+05   5.7334500e+05
   2.0400000e+01   4.5434428e+05   6.6433650e+05
   2.0500000e+01   4.8151184e+05   7.4914238e+05
   2.0600000e+01   5.0235003e+05   8.1967119e+05
   2.0700000e+01   5.0976456e+05   8.6669512e+05
   2.0800000e+01   4.9901400e+05   8.8538981e+05
   2.0900000e+01   4.7229166e+05   8.7374569e+05
   2.1000000e+01   4.3552606e+05   8.2885756e+05
   2.1100000e+01   3.9206334e+05   7.4833844e+05
   2.1200000e+01   3.4063644e+05   6.3507912e+05
   2.1300000e+01   2.7925988e+05   4.9819853e+05
   2.1400000e+01   2.1027892e+05   3.4915584e+05
   2.1500000e+01   1.4175478e+05   1.9899809e+05
   2.1600000e+01   8.4524133e+04   5.9407020e+04
   2.1700000e+01   4.6746055e+04  -5.7427895e+04
   2.1800000e+01   2.8088006e+04  -1.4375392e+05
   2.1900000e+01   1.7156148e+04  -2.0078423e+05
   2.2000000e+01  -3.4028208e+03  -2.3570842e+05
   2.2100000e+01  -4.4892961e+04  -2.5377591e+05
   2.2200000e+01  -1.0327845e+05  -2.5546269e+05
   2.2300000e+01  -1.6310056e+05  -2.4211333e+05
   2.2400000e+01  -2.1261041e+05  -2.2150153e+05
   2.2500000e+01  -2.5479444e+05  -2.0450814e+05
   2.2600000e+01  -3.0199216e+05  -1.9621384e+05
   2.2700000e+01  -3.5983972e+05  -1.9255750e+05
   2.2800000e+01  -4.1852206e+05  -1.8701753e+05
   2.2900000e+01  -4.6095138e+05  -1.7991750e+05
   2.3000000e+01  -4.7852106e+05  -1.8073384e+05
   2.3100000e+01  -4.7769719e+05  -2.0201434e+05
   2.3200000e+01  -4.7195366e+05  -2.5089698e+05
   2.3300000e+01  -4.6881250e+05  -3.2385412e+05
   2.3400000e+01  -4.6438128e+05  -4.0631244e+05
   2.3500000e+01  -4.4813447e+05  -4.7709091e+05
   2.3600000e+01  -4.1156319e+05  -5.1735803e+05
   2.3700000e+01  -3.5380216e+05  -5.2121372e+05
   2.3800000e+01  -2.8193472e+05  -5.0099384e+05
   2.3900000e+01  -2.0690469e+05  -4.8077438e+05
   2.4000000e+01  -1.3705673e+05  -4.7946594e+05
   2.4100000e+01  -7.2756352e+04  -4.9526191e+05
   2.4200000e+01  -6.5067598e+03  -5.0551550e+05
   2.4300000e+01   6.9947242e+04  -4.8470153e+05
   2.4400000e+01   1.5635166e+05  -4.2590281e+05
   2.4500000e+01   2.4084895e+05  -3.4555475e+05
   2.4600000e+01   3.0703947e+05  -2.6609544e+05
   2.4700000e+01   3.4592869e+05  -1.9384331e+05
   2.4800000e+01   3.6230491e+05  -1.1536838e+05
   2.4900000e+01   3.6963578e+05  -1.6328492e+04
   2.5000000e+01   3.7803194e+05   9.7708133e+04
   2.5100000e+01   3.8630053e+05   2.0129356e+05
   2.5200000e+01   3.8515338e+05   2.7047512e+05
   2.5300000e+01   3.6775719e+05   3.0397241e+05
   2.5400000e+01   3.3661609e+05   3.2390784e+05
   2.5500000e+01   2.9979559e+05   3.5650384e+05
   2.5600000e+01   2.6099208e+05   4.1055128e+05
   2.5700000e+01   2.1497506e+05   4.7083556e+05
   2.5800000e+01   1.5458847e+05   5.0985716e+05
   2.5900000e+01   8.2872070e+04   5.0761256e+05
   2.6000000e+01   1.7236652e+04   4.6474738e+05
   2.6100000e+01  -2.0481672e+04   4.0035962e+05
   2.6200000e+01  -2.0382512e+04   3.3781884e+05
   2.6300000e+01   7.2824512e+03   2.9107041e+05
   2.6400000e+01   3.9426801e+04   2.6155977e+05
   2.6500000e+01   5.6290711e+04   2.4420150e+05
   2.6600000e+01   5.2569031e+04   2.3291064e+05
   2.6700000e+01   3.5747418e+04   2.2109130e+05
   2.6800000e+01   1.6226299e+04   2.0224112e+05
   2.6900000e+01  -3.2014453e+02   1.7566838e+05
   2.7000000e+01  -1.3197324e+04   1.5185302e+05
   2.7100000e+01  -2.3246883e+04   1.4727708e+05
   2.7200000e+01  -3.1497160e+04   1.6939795e+05
   2.7300000e+01  -4.0224973e+04   2.0647412e+05
   2.7400000e+01  -5.2286902e+04   2.3476733e+05
   2.7500000e+01  -6.7431594e+04   2.3750630e+05
   2.7600000e+01  -8.0198516e+04   2.1702670e+05
   2.7700000e+01  -8.3998133e+04   1.8900172e+05
   2.7800000e+01  -7.8628766e+04   1.6627241e+05
   2.7900000e+01  -7.2631320e+04   1.4843703e+05
   2.8000000e+01  -7.5937523e+04   1.2491616e+05
   2.8100000e+01  -8.9176844e+04   8.5686461e+04
   2.8200000e+01  -1.0144815e+05   2.9156326e+04
   2.8300000e+01  -1.0068989e+05  -3.8040293e+04
   2.8400000e+01  -8.6973297e+04  -1.0709039e+05
   2.8500000e+01  -7.4339969e+04  -1.7315270e+05
   2.8600000e+01  -7.7750352e+04  -2.3711709e+05
   2.8700000e+01  -9.7566969e+04  -3.0256981e+05
   2.8800000e+01  -1.1752735e+05  -3.7141884e+05
   2.8900000e+01  -1.1893130e+05  -4.4184872e+05
   2.9000000e+01  -9.7618992e+04  -5.0871222e+05
   2.9100000e+01  -6.8072195e+04  -5.6388744e+05
   2.9200000e+01  -5.1979555e+04  -5.9627831e+05
   2.9300000e+01  -6.2527285e+04  -5.9446875e+05
   2.9400000e+01  -9.7261297e+04  -5.5302262e+05
   2.9500000e+01  -1.4265705e+05  -4.7726594e+05
   2.9600000e+01  -1.8385105e+05  -3.8031238e+05
   2.9700000e+01  -2.1153389e+05  -2.7404822e+05
   2.9800000e+01  -2.2320441e+05  -1.6358503e+05
   2.9900000e+01  -2.2112172e+05  -5.1268906e+04
   3.0000000e+01  -2.1010395e+05   5.5275863e+04
   3.0100000e+01  -1.9581809e+05   1.4183072e+05
   3.0200000e+01  -1.8234527e+05   1.9565162e+05
   3.0300000e+01  -1.6916462e+05   2.1424742e+05
   3.0400000e+01  -1.5040708e+05   2.0559638e+05
   3.0500000e+01  -1.1876448e+05   1.8059120e+05
   3.0600000e+01  -7.1636484e+04   1.4633528e+05
   3.0700000e+01  -1.3379391e+04   1.0598787e+05
   3.0800000e+01   4.9120367e+04   6.2543617e+04
   3.0900000e+01   1.1241042e+05   2.0595855e+04
   3.1000000e+01   1.7633869e+05  -1.5930736e+04
   3.1100000e+01   2.3781141e+05  -4.6960777e+04
   3.1200000e+01   2.8748172e+05  -7.6239070e+04
   3.1300000e+01   3.1639625e+05  -1.0692123e+05
   3.1400000e+01   3.2707694e+05  -1.3582306e+05
   3.1500000e+01   3.3540272e+05  -1.5216284e+05
   3.1600000e+01   3.5760500e+05  -1.4479700e+05
   3.1700000e+01   3.9352069e+05  -1.1410595e+05
   3.1800000e+01   4.2384450e+05  -7.6770641e+04
   3.1900000e+01   4.2641916e+05  -5.4618086e+04
   3.2000000e+01   3.9694297e+05  -5.4356707e+04
   3.2100000e+01   3.5376688e+05  -5.8036453e+04
   3.2200000e+01   3.2142709e+05  -3.6589383e+04
   3.2300000e+01   3.0824134e+05   2.4917826e+04
   3.2400000e+01   2.9884212e+05   1.1533008e+05
   3.2500000e+01   2.6786028e+05   2.0975369e+05
   3.2600000e+01   2.0144106e+05   2.9093728e+05
   3.2700000e+01   1.0775447e+05   3.5697991e+05
   3.2800000e+01   9.4746514e+03   4.1169103e+05
   3.2900000e+01  -7.3045297e+04   4.5403038e+05
   3.3000000e+01  -1.3381217e+05   4.7955803e+05
   3.3100000e+01  -1.8115691e+05   4.8760716e+05
   3.3200000e+01  -2.2851406e+05   4.8064447e+05
   3.3300000e+01  -2.8413356e+05   4.5587753e+05
   3.3400000e+01  -3.4646575e+05   4.0275019e+05
   3.3500000e+01  -4.0685306e+05   3.1337591e+05
   3.3600000e+01  -4.5594988e+05   1.9490034e+05
   3.3700000e+01  -4.8826166e+05   6.8160594e+04
   3.3800000e+01  -5.0189997e+05  -4.7258449e+04
   3.3900000e+01  -4.9566762e+05  -1.4540622e+05
   3.4000000e+01  -4.6786659e+05  -2.3116361e+05
   3.4100000e+01  -4.1850859e+05  -3.0747441e+05
   3.4200000e+01  -3.5224050e+05  -3.6791412e+05
   3.4300000e+01  -2.7815009e+05  -4.0165147e+05
   3.4400000e+01  -2.0552795e+05  -4.0325347e+05
   3.4500000e+01  -1.3841797e+05  -3.7615700e+05
   3.4600000e+01  -7.3254008e+04  -3.2786566e+05
   3.4700000e+01  -2.2412773e+03  -2.6415709e+05
   3.4800000e+01   7.8861055e+04  -1.8861153e+05
   3.4900000e+01   1.6409394e+05  -1.0604066e+05
   3.5000000e+01   2.3797166e+05  -2.4167176e+04
   3.5100000e+01   2.8450591e+05   4.8829613e+04
   3.5200000e+01   2.9806600e+05   1.0782484e+05
   3.5300000e+01   2.8700678e+05   1.5123447e+05
   3.5400000e+01   2.6681597e+05   1.7825012e+05
   3.5500000e+01   2.4860605e+05   1.8643239e+05
   3.5600000e+01   2.3256005e+05   1.7298797e+05
   3.5700000e+01   2.1127238e+05   1.3906542e+05
   3.5800000e+01   1.7926180e+05   9.2615281e+04
   3.5900000e+01   1.3961706e+05   4.5570453e+04
   3.6000000e+01   1.0124070e+05   5.8992734e+03
   3.6100000e+01   6.9010938e+04  -2.9342379e+04
   3.6200000e+01   3.6954332e+04  -7.3022570e+04
   3.6300000e+01  -7.0873516e+03  -1.3794977e+05
   3.6400000e+01  -6.8105391e+04  -2.2472139e+05
   3.6500000e+01  -1.3481656e+05  -3.1682822e+05
   3.6600000e+01  -1.8496625e+05  -3.8723619e+05
   3.6700000e+01  -2.0118322e+05  -4.1237431e+05
   3.6800000e+01  -1.8301564e+05  -3.8466481e+05
   3.6900000e+01  -1.4499250e+05  -3.1592625e+05
   3.7000000e+01  -1.0423798e+05  -2.2936611e+05
   3.7100000e+01  -6.9493422e+04  -1.4476419e+05
   3.7200000e+01  -3.9426816e+04  -6.6683961e+04
   3.7300000e+01  -8.5264150e+03   1.5167372e+04
   3.7400000e+01   2.6182629e+04   1.1303008e+05
   3.7500000e+01   6.2353691e+04   2.2623747e+05
   3.7600000e+01   9.3715852e+04   3.3755216e+05
   3.7700000e+01   1.1334723e+05   4.2379062e+05
   3.7800000e+01   1.1665696e+05   4.7059950e+05
   3.7900000e+01   1.0325878e+05   4.7842281e+05
   3.8000000e+01   7.7733812e+04   4.5652953e+05
   3.8100000e+01   4.8835258e+04   4.1318259e+05
   3.8200000e+01   2.6216289e+04   3.5152266e+05
   3.8300000e+01   1.5454906e+04   2.7324550e+05
   3.8400000e+01   1.5248938e+04   1.8467077e+05
   3.8500000e+01   2.0600242e+04   9.8445172e+04
   3.8600000e+01   3.0062852e+04   2.8263055e+04
   3.8700000e+01   4.9110684e+04  -1.9911674e+04
   3.8800000e+01   8.4058328e+04  -5.2516492e+04
   3.8900000e+01   1.3161322e+05  -8.3270797e+04
   3.9000000e+01   1.7617773e+05  -1.2117655e+05
   3.9100000e+01   2.0036061e+05  -1.6259750e+05
   3.9200000e+01   1.9955881e+05  -1.9588972e+05
   3.9300000e+01   1.8557203e+05  -2.1423362e+05
   3.9400000e+01   1.7472244e+05  -2.2290262e+05
   3.9500000e+01   1.7172709e+05  -2.3316059e+05
   3.9600000e+01   1.6458564e+05  -2.5019038e+05
   3.9700000e+01   1.3460277e+05  -2.6870938e+05
   3.9800000e+01   7.1971109e+04  -2.7982109e+05
   3.9900000e+01  -1.5896526e+04  -2.7935075e+05
   4.0000000e+01  -1.0847478e+05  -2.6801531e+05
   4.0100000e+01  -1.8440661e+05  -2.4576978e+05
   4.0200000e+01  -2.3354272e+05  -2.0986928e+05
   4.0300000e+01  -2.6178100e+05  -1.5964461e+05
   4.0400000e+01  -2.8604225e+05  -1.0087636e+05
   4.0500000e+01  -3.2192872e+05  -4.3230016e+04
   4.0600000e+01  -3.7118541e+05   6.0053359e+03
   4.0700000e+01  -4.1742178e+05   4.3970227e+04
   4.0800000e+01  -4.3455544e+05   6.9015297e+04
   4.0900000e+01  -4.0409144e+05   7.9074125e+04
   4.1000000e+01  -3.2961006e+05   7.5543148e+04
   4.1100000e+01  -2.3631431e+05   6.6810812e+04
   4.1200000e+01  -1.5352397e+05   6.3669223e+04
   4.1300000e+01  -9.2986031e+04   6.9096234e+04
   4.1400000e+01  -4.2312535e+04   7.4118508e+04
   4.1500000e+01   1.8867145e+04   6.6340750e+04
   4.1600000e+01   9.4552172e+04   4.3274656e+04
   4.1700000e+01   1.6468916e+05   1.6523420e+04
   4.1800000e+01   2.0378684e+05   2.8916074e+03
   4.1900000e+01   2.0780159e+05   1.2393829e+04
   4.2000000e+01   2.0072695e+05   4.4551703e+04
   4.2100000e+01   2.1219009e+05   9.3172852e+04
   4.2200000e+01   2.4781800e+05   1.5100866e+05
   4.2300000e+01   2.8269409e+05   2.0932144e+05
   4.2400000e+01   2.8538125e+05   2.5650248e+05
   4.2500000e+01   2.4938234e+05   2.8143384e+05
   4.2600000e+01   2.0149405e+05   2.7983947e+05
   4.2700000e+01   1.7876755e+05   2.5645109e+05
   4.2800000e+01   1.9531027e+05   2.2014006e+05
   4.2900000e+01   2.2920472e+05   1.7741686e+05
   4.3000000e+01   2.4109834e+05   1.3097369e+05
   4.3100000e+01   2.0740297e+05   8.2954320e+04
   4.3200000e+01   1.3852216e+05   3.6918109e+04
   4.3300000e+01   6.7115984e+04  -4.7137500e+03
   4.3400000e+01   1.9180303e+04  -4.3790148e+04
   4.3500000e+01  -4.7903262e+03  -8.4468031e+04
   4.3600000e+01  -2.3534562e+04  -1.2675698e+05
   4.3700000e+01  -5.3985562e+04  -1.6273438e+05
   4.3800000e+01  -9.7783766e+04  -1.8097450e+05
   4.3900000e+01  -1.4563814e+05  -1.7598794e+05
   4.4000000e+01  -1.8981622e+05  -1.5330700e+05
   4.4100000e+01  -2.2967775e+05  -1.2468662e+05
   4.4200000e+01  -2.6727516e+05  -9.8099406e+04
   4.4300000e+01  -3.0193000e+05  -7.2631852e+04
   4.4400000e+01  -3.3043900e+05  -4.2824816e+04
   4.4500000e+01  -3.4961169e+05  -6.7486592e+03
   4.4600000e+01  -3.5553850e+05   3.1030725e+04
   4.4700000e+01  -3.4161262e+05   6.3374109e+04
   4.4800000e+01  -3.0204703e+05   8.5360367e+04
   4.4900000e+01  -2.4066609e+05   9.5070133e+04
   4.5000000e+01  -1.7477308e+05   9.2639297e+04
   4.5100000e+01  -1.2564557e+05   8.1859852e+04
   4.5200000e+01  -1.0123062e+05   7.2315641e+04
   4.5300000e+01  -8.7219656e+04   7.5579781e+04
   4.5400000e+01  -5.6780055e+04   9.5207211e+04
   4.5500000e+01   7.9768320e+03   1.2039500e+05
   4.5600000e+01   1.0082895e+05   1.3251547e+05
   4.5700000e+01   1.9513388e+05   1.2020728e+05
   4.5800000e+01   2.6280453e+05   8.8044703e+04
   4.5900000e+01   2.9289559e+05   5.0029555e+04
   4.6000000e+01   2.9556756e+05   1.5715525e+04
   4.6100000e+01   2.8993656e+05  -1.6015539e+04
   4.6200000e+01   2.8748478e+05  -5.0756500e+04
   4.6300000e+01   2.8534697e+05  -8.9576422e+04
   4.6400000e+01   2.7365078e+05  -1.2806160e+05
   4.6500000e+01   2.4768339e+05  -1.6253353e+05
   4.6600000e+01   2.1227830e+05  -1.9397569e+05
   4.6700000e+01   1.7564302e+05  -2.2506128e+05
   4.6800000e+01   1.4148991e+05  -2.5594003e+05
   4.6900000e+01   1.0855105e+05  -2.8551116e+05
   4.7000000e+01   7.6229906e+04  -3.1565434e+05
   4.7100000e+01   4.7869562e+04  -3.5006547e+05
   4.7200000e+01   2.7645441e+04  -3.8646481e+05
   4.7300000e+01   1.6243766e+04  -4.1215109e+05
   4.7400000e+01   1.1543504e+04  -4.1177719e+05
   4.7500000e+01   1.2640746e+04  -3.8157253e+05
   4.7600000e+01   2.0507869e+04  -3.3394306e+05
   4.7700000e+01   3.3851840e+04  -2.8525206e+05
   4.7800000e+01   4.6724484e+04  -2.3881895e+05
   4.7900000e+01   5.2904094e+04  -1.8167072e+05
   4.8000000e+01   5.1993359e+04  -9.8874242e+04
   4.8100000e+01   4.7849133e+04   9.5841895e+03
   4.8200000e+01   3.9485828e+04   1.2611872e+05
   4.8300000e+01   1.6695781e+04   2.2836552e+05
   4.8400000e+01  -3.0346457e+04   3.0481053e+05
   4.8500000e+01  -9.5806422e+04   3.6092403e+05
   4.8600000e+01  -1.5624883e+05   4.1314175e+05
   4.8700000e+01  -1.8859675e+05   4.7572694e+05
   4.8800000e+01  -1.9113678e+05   5.4842181e+05
   4.8900000e+01  -1.8470028e+05   6.1321612e+05
   4.9000000e+01  -1.9183984e+05   6.4474819e+05
   4.9100000e+01  -2.1599341e+05   6.2854419e+05
   4.9200000e+01  -2.4196712e+05   5.7190531e+05
   4.9300000e+01  -2.5481039e+05   4.9642703e+05
   4.9400000e+01  -2.5494103e+05   4.1867203e+05
   4.9500000e+01  -2.5407858e+05   3.3843819e+05
   4.9600000e+01  -2.5884692e+05   2.4640828e+05
   4.9700000e+01  -2.6084452e+05   1.4172670e+05
   4.9800000e+01  -2.4303088e+05   3.8912086e+04
   4.9900000e+01  -1.9545614e+05  -4.4550438e+04
   5.0000000e+01  -1.2596512e+05  -1.0661831e+05
   5.0100000e+01  -5.7180684e+04  -1.6411259e+05
   5.0200000e+01  -1.1835973e+04  -2.3554680e+05
   5.0300000e+01   3.5038594e+03  -3.2006625e+05
   5.0400000e+01   4.5105469e+03  -3.9456438e+05
   5.0500000e+01   1.8939605e+04  -4.3304303e+05
   5.0600000e+01   6.5978352e+04  -4.2923603e+05
   5.0700000e+01   1.4061388e+05  -3.9993562e+05
   5.0800000e+01   2.1646889e+05  -3.6669872e+05
   5.0900000e+01   2.6576428e+05  -3.3601797e+05
   5.1000000e+01   2.7990019e+05  -2.9819722e+05
   5.1100000e+01   2.7328572e+05  -2.4358938e+05
   5.1200000e+01   2.6807438e+05  -1.7641480e+05
   5.1300000e+01   2.7440650e+05  -1.1141078e+05
   5.1400000e+01   2.8376297e+05  -5.9330270e+04
   5.1500000e+01   2.7984134e+05  -1.8814762e+04
   5.1600000e+01   2.5505322e+05   1.7570498e+04
   5.1700000e+01   2.1670958e+05   5.2507797e+04
   5.1800000e+01   1.7829069e+05   8.1565984e+04
   5.1900000e+01   1.4607738e+05   1.0057964e+05
   5.2000000e+01   1.1503169e+05   1.1237345e+05
   5.2100000e+01   7.7136641e+04   1.2462388e+05
   5.2200000e+01   3.2200523e+04   1.4216303e+05
   5.2300000e+01  -1.0610896e+04   1.6308945e+05
   5.2400000e+01  -4.1422234e+04   1.8224259e+05
   5.2500000e+01  -5.8644254e+04   1.9624819e+05
   5.2600000e+01  -6.9471258e+04   2.0316323e+05
   5.2700000e+01  -8.3182133e+04   1.9779186e+05
   5.2800000e+01  -1.0518723e+05   1.7078486e+05
   5.2900000e+01  -1.3619777e+05   1.1635218e+05
   5.3000000e+01  -1.7376164e+05   4.2425230e+04
   5.3100000e+01  -2.1251277e+05  -2.9018285e+04
   5.3200000e+01  -2.4439414e+05  -7.6090750e+04
   5.3300000e+01  -2.6199639e+05  -9.4757336e+04
   5.3400000e+01  -2.6347956e+05  -1.0272310e+05
   5.3500000e+01  -2.5349070e+05  -1.2352778e+05
   5.3600000e+01  -2.3811066e+05  -1.6465308e+05
   5.3700000e+01  -2.1915952e+05  -2.1046739e+05
   5.3800000e+01  -1.9417102e+05  -2.3649158e+05
   5.3900000e+01  -1.6120503e+05  -2.3035886e+05
   5.4000000e+01  -1.2173617e+05  -1.9943869e+05
   5.4100000e+01  -7.8034539e+04  -1.6047655e+05
   5.4200000e+01  -2.9397906e+04  -1.2497278e+05
   5.4300000e+01   2.6425059e+04  -9.5525188e+04
   5.4400000e+01   8.7147453e+04  -7.3345492e+04
   5.4500000e+01   1.4274334e+05  -6.4180578e+04
   5.4600000e+01   1.8073242e+05  -7.3360969e+04
   5.4700000e+01   1.9628730e+05  -9.5320812e+04
   5.4800000e+01   1.9732816e+05  -1.1114075e+05
   5.4900000e+01   1.9878608e+05  -1.0005496e+05
   5.5000000e+01   2.1053503e+05  -5.5800844e+04
   5.5100000e+01   2.2962917e+05   7.6101406e+03
   5.5200000e+01   2.4333625e+05   6.6929406e+04
   5.5300000e+01   2.3940502e+05   1.0812867e+05
   5.5400000e+01   2.1417481e+05   1.3607697e+05
   5.5500000e+01   1.7275062e+05   1.6751572e+05
   5.5600000e+01   1.2357870e+05   2.1455189e+05
   5.5700000e+01   7.3475047e+04   2.7367891e+05
   5.5800000e+01   2.5976973e+04   3.2911425e+05
   5.5900000e+01  -1.8399871e+04   3.6568997e+05
   5.6000000e+01  -6.1409195e+04   3.7872619e+05
   5.6100000e+01  -1.0501069e+05   3.7309369e+05
   5.6200000e+01  -1.4797836e+05   3.5521591e+05
   5.6300000e+01  -1.8446892e+05   3.2783356e+05
   5.6400000e+01  -2.0756581e+05   2.9211856e+05
   5.6500000e+01  -2.1510973e+05   2.5198984e+05
   5.6600000e+01  -2.1101097e+05   2.1306916e+05
   5.6700000e+01  -1.9965042e+05   1.7644139e+05
   5.6800000e+01  -1.7978239e+05   1.3535742e+05
   5.6900000e+01  -1.4607500e+05   8.0558625e+04
   5.7000000e+01  -9.7508422e+04   9.3826094e+03
   5.7100000e+01  -4.2777508e+04  -7.1508016e+04
   5.7200000e+01   4.5780645e+03  -1.5271592e+05
   5.7300000e+01   3.6854781e+04  -2.2978566e+05
   5.7400000e+01   5.7440914e+04  -3.0267012e+05
   5.7500000e+01   7.5594070e+04  -3.6825203e+05
   5.7600000e+01   9.6991719e+04  -4.1621553e+05
   5.7700000e+01   1.1959731e+05  -4.3485288e+05
   5.7800000e+01   1.3726544e+05  -4.2151897e+05
   5.7900000e+01   1.4555734e+05  -3.8661234e+05
   5.8000000e+01   1.4392034e+05  -3.4665094e+05
   5.8100000e+01   1.3392894e+05  -3.1311159e+05
   5.8200000e+01   1.1728634e+05  -2.8703888e+05
   5.8300000e+01   9.6218352e+04  -2.6251866e+05
   5.8400000e+01   7.5231711e+04  -2.3354873e+05
   5.8500000e+01   6.0951047e+04  -1.9763973e+05
   5.8600000e+01   5.7956812e+04  -1.5535209e+05
   5.8700000e+01   6.2775348e+04  -1.0975675e+05
   5.8800000e+01   6.2078938e+04  -6.7651953e+04
   5.8900000e+01   3.9738129e+04  -3.8978258e+04
   5.9000000e+01  -1.0511648e+04  -3.0838242e+04
   5.9100000e+01  -7.7407508e+04  -3.9662574e+04
   5.9200000e+01  -1.3775181e+05  -5.0467023e+04
   5.9300000e+01  -1.7174052e+05  -4.6871094e+04
   5.9400000e+01  -1.7521761e+05  -2.3723914e+04
   5.9500000e+01  -1.5937675e+05   1.0082238e+04
   5.9600000e+01  -1.4042236e+05   4.1330098e+04
   5.9700000e+01  -1.2930834e+05   6.4482953e+04
   5.9800000e+01  -1.2843777e+05   8.4505102e+04
   5.9900000e+01  -1.3417425e+05   1.1003448e+05
   6.0000000e+01  -1.4027200e+05   1.4580984e+05
   6.0100000e+01  -1.3961686e+05   1.9111100e+05
   6.0200000e+01  -1.2527479e+05   2.4263617e+05
   6.0300000e+01  -9.2756102e+04   2.9672562e+05
   6.0400000e+01  -4.3545148e+04   3.4927541e+05
   6.0500000e+01   1.2645830e+04   3.9539659e+05
   6.0600000e+01   6.0347184e+04   4.3038300e+05
   6.0700000e+01   8.6371242e+04   4.5123206e+05
   6.0800000e+01   8.9022922e+04   4.5729200e+05
   6.0900000e+01   8.0929297e+04   4.4951072e+05
   6.1000000e+01   8.1458281e+04   4.2880444e+05
   6.1100000e+01   1.0324908e+05   3.9490256e+05
   6.1200000e+01   1.4312572e+05   3.4708078e+05
   6.1300000e+01   1.8454191e+05   2.8642747e+05
   6.1400000e+01   2.0921094e+05   2.1702038e+05
   6.1500000e+01   2.0845364e+05   1.4414523e+05
   6.1600000e+01   1.8616686e+05   7.1506445e+04
   6.1700000e+01   1.5303400e+05   9.8514453e+02
   6.1800000e+01   1.1828623e+05  -6.5173828e+04
   6.1900000e+01   8.5629656e+04  -1.2379811e+05
   6.2000000e+01   5.4934727e+04  -1.7360647e+05
   6.2100000e+01   2.6241854e+04  -2.1733817e+05
   6.2200000e+01   1.7160723e+03  -2.5878412e+05
   6.2300000e+01  -1.5937297e+04  -2.9717012e+05
   6.2400000e+01  -2.6721953e+04  -3.2597191e+05
   6.2500000e+01  -3.5128508e+04  -3.3844722e+05
   6.2600000e+01  -4.8348102e+04  -3.3396969e+05
   6.2700000e+01  -7.1227789e+04  -3.1860238e+05
   6.2800000e+01  -1.0106708e+05  -3.0055012e+05
   6.2900000e+01  -1.2697902e+05  -2.8603466e+05
   6.3000000e+01  -1.3661378e+05  -2.7831578e+05
   6.3100000e+01  -1.2705881e+05  -2.7803403e+05
   6.3200000e+01  -1.1093624e+05  -2.8350822e+05
   6.3300000e+01  -1.0988538e+05  -2.9224316e+05
   6.3400000e+01  -1.3760080e+05  -3.0348800e+05
   6.3500000e+01  -1.8567291e+05  -3.1807194e+05
   6.3600000e+01  -2.2603183e+05  -3.3348962e+05
   6.3700000e+01  -2.3063238e+05  -3.3939644e+05
   6.3800000e+01  -1.9301573e+05  -3.2134412e+05
   6.3900000e+01  -1.3322353e+05  -2.7243422e+05
   6.4000000e+01  -8.1523156e+04  -2.0181344e+05
   6.4100000e+01  -5.4962504e+04  -1.2947505e+05
   6.4200000e+01  -4.6446930e+04  -7.0196008e+04
   6.4300000e+01  -3.4050051e+04  -2.1425738e+04
   6.4400000e+01  -5.9665234e+02   3.3044289e+04
   6.4500000e+01   5.3673031e+04   1.0698559e+05
   6.4600000e+01   1.1432983e+05   1.9820303e+05
   6.4700000e+01   1.6627539e+05   2.8932259e+05
   6.4800000e+01   2.0429219e+05   3.6083056e+05
   6.4900000e+01   2.3223236e+05   4.0387622e+05
   6.5000000e+01   2.5410798e+05   4.2238075e+05
   6.5100000e+01   2.6751544e+05   4.2488947e+05
   6.5200000e+01   2.6601844e+05   4.1541384e+05
   6.5300000e+01   2.4681883e+05   3.9180512e+05
   6.5400000e+01   2.1450430e+05   3.5194441e+05
   6.5500000e+01   1.7685098e+05   3.0043938e+05
   6.5600000e+01   1.3823003e+05   2.4842841e+05
   6.5700000e+01   9.8553875e+04   2.0613583e+05
   6.5800000e+01   5.8195906e+04   1.7513858e+05
   6.5900000e+01   2.1633885e+04   1.4783050e+05
   6.6000000e+01  -5.4320625e+03   1.1478798e+05
   6.6100000e+01  -2.1817432e+04   7.3400578e+04
   6.6200000e+01  -3.1801951e+04   3.0381404e+04
   6.6300000e+01  -3.9969355e+04  -3.2199707e+03
   6.6400000e+01  -4.6864781e+04  -1.9660645e+04
   6.6500000e+01  -5.1330738e+04  -1.9115191e+04
   6.6600000e+01  -5.6023359e+04  -9.1140244e+03
   6.6700000e+01  -6.7439266e+04  -1.0968750e+01
   6.6800000e+01  -8.8499406e+04   1.0553984e+03
   6.6900000e+01  -1.1242350e+05  -5.4661758e+03
   6.7000000e+01  -1.2699442e+05  -1.2318282e+04
   6.7100000e+01  -1.2626200e+05  -1.2178776e+04
   6.7200000e+01  -1.1657223e+05  -5.5047520e+03
   6.7300000e+01  -1.0921008e+05  -1.7535127e+03
   6.7400000e+01  -1.0783839e+05  -1.1588016e+04
   6.7500000e+01  -1.0597593e+05  -3.7238434e+04
   6.7600000e+01  -9.8031820e+04  -7.1091461e+04
   6.7700000e+01  -9.0168008e+04  -1.0415514e+05
   6.7800000e+01  -9.6068891e+04  -1.3517214e+05
   6.7900000e+01  -1.2049425e+05  -1.7048597e+05
   6.8000000e+01  -1.4941027e+05  -2.1517609e+05
   6.8100000e+01  -1.5960792e+05  -2.6530328e+05
   6.8200000e+01  -1.3894275e+05  -3.0910762e+05
   6.8300000e+01  -9.6095273e+04  -3.3519384e+05
   6.8400000e+01  -5.0403008e+04  -3.3961550e+05
   6.8500000e+01  -1.3915691e+04  -3.2659953e+05
   6.8600000e+01   1.5520922e+04  -3.0411131e+05
   6.8700000e+01   4.5693758e+04  -2.7846203e+05
   6.8800000e+01   7.8462781e+04  -2.5097481e+05
   6.8900000e+01   1.0813786e+05  -2.1783156e+05
   6.9000000e+01   1.2890816e+05  -1.7310472e+05
   6.9100000e+01   1.4050838e+05  -1.1350933e+05
   6.9200000e+01   1.4581870e+05  -4.1772848e+04
   6.9300000e+01   1.4509628e+05   3.4141809e+04
   6.9400000e+01   1.3497434e+05   1.0562585e+05
   6.9500000e+01   1.1346815e+05   1.6808661e+05
   6.9600000e+01   8.4628492e+04   2.2158992e+05
   6.9700000e+01   5.6953426e+04   2.6694150e+05
   6.9800000e+01   3.6611102e+04   3.0136247e+05
   6.9900000e+01   2.1930266e+04   3.1908272e+05
   7.0000000e+01   4.5401934e+03   3.1733219e+05
   7.0100000e+01  -2.3165375e+04   3.0126378e+05
   7.0200000e+01  -5.9881598e+04   2.8061534e+05
   7.0300000e+01  -9.3402594e+04   2.5965333e+05
   7.0400000e+01  -1.0773893e+05   2.3143217e+05
   7.0500000e+01  -9.5222125e+04   1.8501062e+05
   7.0600000e+01  -6.4072551e+04   1.2003933e+05
   7.0700000e+01  -3.3764207e+04   5.2917809e+04
   7.0800000e+01  -2.0352406e+04   6.0252344e+03
   7.0900000e+01  -2.3913219e+04  -1.0430855e+04
   7.1000000e+01  -2.9637643e+04  -6.0368789e+03
   7.1100000e+01  -2.1498336e+04  -2.0196680e+02
   7.1200000e+01   4.9011152e+03  -5.1231621e+03
   7.1300000e+01   4.1946324e+04  -1.7699895e+04
   7.1400000e+01   7.9725094e+04  -2.5914570e+04
   7.1500000e+01   1.1362333e+05  -2.1508027e+04
   7.1600000e+01   1.4303281e+05  -7.0156729e+03
   7.1700000e+01   1.6659902e+05   7.6717515e+03
   7.1800000e+01   1.8199206e+05   1.4481834e+04
   7.1900000e+01   1.8915661e+05   1.3200936e+04
   7.2000000e+01   1.8986188e+05   9.1004043e+03
   7.2100000e+01   1.8257980e+05   4.9676392e+03
   7.2200000e+01   1.6079573e+05  -3.7673115e+03
   7.2300000e+01   1.2020623e+05  -2.4558152e+04
   7.2400000e+01   6.7863312e+04  -5.7558594e+04
   7.2500000e+01   2.0940572e+04  -9.1038625e+04
   7.2600000e+01  -6.8365195e+03  -1.0947673e+05
   7.2700000e+01  -1.8447590e+04  -1.0783057e+05
   7.2800000e+01  -3.2386166e+04  -9.7272531e+04
   7.2900000e+01  -6.6656703e+04  -9.5444867e+04
   7.3000000e+01  -1.2208264e+05  -1.1055585e+05
   7.3100000e+01  -1.7993238e+05  -1.3505714e+05
   7.3200000e+01  -2.1608262e+05  -1.5383284e+05
   7.3300000e+01  -2.1967762e+05  -1.5679498e+05
   7.3400000e+01  -2.0081844e+05  -1.4376695e+05
   7.3500000e+01  -1.8157952e+05  -1.2075591e+05
   7.3600000e+01  -1.7869872e+05  -9.5527312e+04
   7.3700000e+01  -1.9234373e+05  -7.6691414e+04
   7.3800000e+01  -2.0873197e+05  -7.2210977e+04
   7.3900000e+01  -2.1222880e+05  -8.3622883e+04
   7.4000000e+01  -1.9611233e+05  -1.0088899e+05
   7.4100000e+01  -1.6462230e+05  -1.0640805e+05
   7.4200000e+01  -1.2698579e+05  -8.8129500e+04
   7.4300000e+01  -8.9621031e+04  -5.0253781e+04
   7.4400000e+01  -5.2798766e+04  -1.0119805e+04
   7.4500000e+01  -1.3805770e+04   1.6964410e+04
   7.4600000e+01   2.7088309e+04   3.0755961e+04
   7.4700000e+01   6.4432684e+04   4.4592684e+04
   7.4800000e+01   9.2078156e+04   7.1436234e+04
   7.4900000e+01   1.0963982e+05   1.1153023e+05
   7.5000000e+01   1.2333660e+05   1.5309638e+05
   7.5100000e+01   1.3993862e+05   1.8356934e+05
   7.5200000e+01   1.6079945e+05   1.9896339e+05
   7.5300000e+01   1.8227623e+05   2.0310409e+05
   7.5400000e+01   2.0010100e+05   2.0048188e+05
   7.5500000e+01   2.1077344e+05   1.9212347e+05
   7.5600000e+01   2.0923691e+05   1.7799147e+05
   7.5700000e+01   1.8954869e+05   1.6094392e+05
   7.5800000e+01   1.5187256e+05   1.4651291e+05
   7.5900000e+01   1.0835416e+05   1.3873941e+05
   7.6000000e+01   7.7864469e+04   1.3652056e+05
   7.6100000e+01   7.1145727e+04   1.3353927e+05
   7.6200000e+01   8.0341922e+04   1.2151173e+05
   7.6300000e+01   8.4288688e+04   9.4764320e+04
   7.6400000e+01   6.5291516e+04   5.3432359e+04
   7.6500000e+01   2.2050527e+04   2.6431035e+03
   7.6600000e+01  -3.1470918e+04  -5.1928949e+04
   7.6700000e+01  -7.7379562e+04  -1.0706890e+05
   7.6800000e+01  -1.0427672e+05  -1.5909269e+05
   7.6900000e+01  -1.1059121e+05  -1.9875078e+05
   7.7000000e+01  -1.0287117e+05  -2.1373864e+05
   7.7100000e+01  -9.2798867e+04  -2.0101050e+05
   7.7200000e+01  -9.2961359e+04  -1.7599706e+05
   7.7300000e+01  -1.1030073e+05  -1.6377695e+05
   7.7400000e+01  -1.4025042e+05  -1.7618533e+05
   7.7500000e+01  -1.6742473e+05  -1.9827978e+05
   7.7600000e+01  -1.7456750e+05  -2.0126969e+05
   7.7700000e+01  -1.5387245e+05  -1.7041831e+05
   7.7800000e+01  -1.1222514e+05  -1.1868959e+05
   7.7900000e+01  -6.6866930e+04  -7.2505953e+04
   7.8000000e+01  -3.4867695e+04  -4.6932375e+04
   7.8100000e+01  -2.3056078e+04  -3.7137262e+04
   7.8200000e+01  -2.4400457e+04  -3.1384895e+04
   7.8300000e+01  -2.3642574e+04  -2.6304322e+04
   7.8400000e+01  -9.2157021e+03  -2.6600684e+04
   7.8500000e+01   1.7489135e+04  -3.3146719e+04
   7.8600000e+01   4.3907570e+04  -3.6652625e+04
   7.8700000e+01   5.7764148e+04  -2.4930008e+04
   7.8800000e+01   5.6809852e+04   5.0241387e+03
   7.8900000e+01   4.7447371e+04   4.3053891e+04
   7.9000000e+01   3.5720738e+04   7.3137102e+04
   7.9100000e+01   2.2366582e+04   8.4860375e+04
   7.9200000e+01   7.0243320e+03   8.0268492e+04
   7.9300000e+01  -5.6771094e+03   7.2006531e+04
   7.9400000e+01  -7.3824160e+03   7.4674719e+04
   7.9500000e+01   6.3548242e+03   9.5659031e+04
   7.9600000e+01   3.1276914e+04   1.3193186e+05
   7.9700000e+01   5.7816488e+04   1.7421778e+05
   7.9800000e+01   7.8435844e+04   2.1356717e+05
   7.9900000e+01   9.1638984e+04   2.4459731e+05
   8.0000000e+01   1.0070556e+05   2.6497128e+05
   8.0100000e+01   1.1036141e+05   2.7470344e+05
   8.0200000e+01   1.2409161e+05   2.7656659e+05
   8.0300000e+01   1.4210073e+05   2.7483078e+05
   8.0400000e+01   1.6001086e+05   2.7093072e+05
   8.0500000e+01   1.7011989e+05   2.6003894e+05
   8.0600000e+01   1.6601905e+05   2.3367595e+05
   8.0700000e+01   1.4748053e+05   1.8734147e+05
   8.0800000e+01   1.2072824e+05   1.2576941e+05
   8.0900000e+01   9.2950984e+04   5.9909047e+04
   8.1000000e+01   6.6024211e+04  -1.8355098e+03
   8.1100000e+01   3.5968508e+04  -5.9277023e+04
   8.1200000e+01  -1.0713096e+03  -1.1715174e+05
   8.1300000e+01  -4.3088801e+04  -1.7670112e+05
   8.1400000e+01  -8.3987359e+04  -2.3222772e+05
   8.1500000e+01  -1.2160053e+05  -2.7763922e+05
   8.1600000e+01  -1.6212972e+05  -3.1568944e+05
   8.1700000e+01  -2.1352997e+05  -3.5720966e+05
   8.1800000e+01  -2.7286475e+05  -4.0779588e+05
   8.1900000e+01  -3.2147078e+05  -4.5555562e+05
   8.2000000e+01  -3.3554941e+05  -4.7596931e+05
   8.2100000e+01  -3.0406816e+05  -4.5270609e+05
   8.2200000e+01  -2.3776256e+05  -3.9441516e+05
   8.2300000e+01  -1.6145592e+05  -3.2940784e+05
   8.2400000e+01  -9.7371609e+04  -2.8214838e+05
   8.2500000e+01  -5.3454043e+04  -2.5368655e+05
   8.2600000e+01  -2.3579061e+04  -2.2342884e+05
   8.2700000e+01   4.1417773e+03  -1.6862755e+05
   8.2800000e+01   3.8471648e+04  -8.3218094e+04
   8.2900000e+01   7.9961055e+04   1.8523016e+04
   8.3000000e+01   1.2072542e+05   1.1334470e+05
   8.3100000e+01   1.4916456e+05   1.8461256e+05
   8.3200000e+01   1.5787288e+05   2.3103038e+05
   8.3300000e+01   1.4933502e+05   2.6395909e+05
   8.3400000e+01   1.3361289e+05   2.9654122e+05
   8.3500000e+01   1.1894222e+05   3.3293341e+05
   8.3600000e+01   1.0438451e+05   3.6563681e+05
   8.3700000e+01   8.2930945e+04   3.8256750e+05
   8.3800000e+01   5.2269266e+04   3.7739984e+05
   8.3900000e+01   2.0920230e+04   3.5398862e+05
   8.4000000e+01   1.8419746e+03   3.2129438e+05
   8.4100000e+01  -7.2406250e+01   2.8414384e+05
   8.4200000e+01   7.1906602e+03   2.3894134e+05
   8.4300000e+01   1.0774539e+04   1.7866059e+05
   8.4400000e+01   4.7727812e+03   1.0269197e+05
   8.4500000e+01  -6.0499502e+03   2.2395084e+04
   8.4600000e+01  -1.2351402e+04  -4.3390074e+04
   8.4700000e+01  -8.2755918e+03  -8.0168367e+04
   8.4800000e+01   5.2071406e+03  -8.8018539e+04
   8.4900000e+01   2.1667070e+04  -8.2339867e+04
   8.5000000e+01   3.2727910e+04  -8.4310609e+04
   8.5100000e+01   3.2764523e+04  -1.0753758e+05
   8.5200000e+01   2.3193707e+04  -1.4971377e+05
   8.5300000e+01   1.2238896e+04  -1.9449645e+05
   8.5400000e+01   8.4457891e+03  -2.2200069e+05
   8.5500000e+01   1.3548514e+04  -2.2060692e+05
   8.5600000e+01   2.2461893e+04  -1.9217014e+05
   8.5700000e+01   2.9947078e+04  -1.4816662e+05
   8.5800000e+01   3.4924551e+04  -1.0164158e+05
   8.5900000e+01   3.7072727e+04  -6.2119883e+04
   8.6000000e+01   3.2115709e+04  -3.5536750e+04
   8.6100000e+01   1.5148969e+04  -2.4854043e+04
   8.6200000e+01  -1.0195496e+04  -2.7520309e+04
   8.6300000e+01  -2.9598316e+04  -3.2855738e+04
   8.6400000e+01  -2.9455324e+04  -2.6154969e+04
   8.6500000e+01  -1.1394086e+04  -4.7156250e+01
   8.6600000e+01   6.5149844e+03   3.6492289e+04
   8.6700000e+01   4.6765605e+03   6.2292031e+04
   8.6800000e+01  -2.1479125e+04   6.0541695e+04
   8.6900000e+01  -5.8887461e+04   3.3871453e+04
   8.7000000e+01  -8.8740023e+04   3.8032031e+03
   8.7100000e+01  -1.0014558e+05  -5.6407148e+03
   8.7200000e+01  -9.4200000e+04   1.4090254e+04
   8.7300000e+01  -7.8389281e+04   5.1603867e+04
   8.7400000e+01  -5.9386945e+04   8.6739812e+04
   8.7500000e+01  -4.0947832e+04   1.0605730e+05
   8.7600000e+01  -2.6575877e+04   1.0965971e+05
   8.7700000e+01  -2.1485900e+04   1.0626859e+05
   8.7800000e+01  -2.9721988e+04   1.0388863e+05
   8.7900000e+01  -4.8826062e+04   1.0485181e+05
   8.8000000e+01  -6.9231797e+04   1.0727711e+05
   8.8100000e+01  -8.1818633e+04   1.0848068e+05
   8.8200000e+01  -8.7083812e+04   1.0593550e+05
   8.8300000e+01  -9.4994070e+04   9.6192156e+04
   8.8400000e+01  -1.1352736e+05   7.5187039e+04
   8.8500000e+01  -1.3751547e+05   4.1245020e+04
   8.8600000e+01  -1.5073541e+05  -2.0175156e+03
   8.8700000e+01  -1.3995034e+05  -4.6491527e+04
   8.8800000e+01  -1.0617548e+05  -8.4160070e+04
   8.8900000e+01  -6.1898836e+04  -1.1172482e+05
   8.9000000e+01  -1.8624463e+04  -1.3146288e+05
   8.9100000e+01   2.1744578e+04  -1.4789455e+05
   8.9200000e+01   6.4352102e+04  -1.6316294e+05
   8.9300000e+01   1.1229912e+05  -1.7469216e+05
   8.9400000e+01   1.6046166e+05  -1.7686462e+05
   8.9500000e+01   1.9755256e+05  -1.6551359e+05
   8.9600000e+01   2.1488961e+05  -1.4150956e+05
   8.9700000e+01   2.1498714e+05  -1.0977941e+05
   8.9800000e+01   2.1154561e+05  -7.4144242e+04
   8.9900000e+01   2.1800128e+05  -3.3590277e+04
   9.0000000e+01   2.3338042e+05   1.4462229e+04
   9.0100000e+01   2.4038183e+05   6.6074188e+04
   9.0200000e+01   2.2055681e+05   1.0780769e+05
   9.0300000e+01   1.7264919e+05   1.2548769e+05
   9.0400000e+01   1.1470870e+05   1.1777649e+05
   9.0500000e+01   6.7621922e+04   9.9295109e+04
   9.0600000e+01   3.8214625e+04   8.7461133e+04
   9.0700000e+01   1.9104176e+04   8.5793969e+04
   9.0800000e+01   1.7363516e+03   8.1877156e+04
   9.0900000e+01  -1.4899312e+04   6.2156586e+04
   9.1000000e+01  -2.8168012e+04   2.6512900e+04
   9.1100000e+01  -3.8828703e+04  -1.3528596e+04
   9.1200000e+01  -4.9560582e+04  -4.9013699e+04
   9.1300000e+01  -5.7691867e+04  -8.1720609e+04
   9.1400000e+01  -5.4311727e+04  -1.1627345e+05
   9.1500000e+01  -3.3421230e+04  -1.4670389e+05
   9.1600000e+01  -5.5381641e+02  -1.5545100e+05
   9.1700000e+01   3.0250447e+04  -1.2870783e+05
   9.1800000e+01   4.8538672e+04  -7.2868383e+04
   9.1900000e+01   5.5540785e+04  -1.3866521e+04
   9.2000000e+01   6.0071742e+04   2.2478629e+04
   9.2100000e+01   6.7416516e+04   3.1843582e+04
   9.2200000e+01   7.2905195e+04   3.4146434e+04
   9.2300000e+01   6.5890078e+04   5.4030887e+04
   9.2400000e+01   3.9309316e+04   9.6917195e+04
   9.2500000e+01  -4.2810566e+03   1.4346750e+05
   9.2600000e+01  -5.4770414e+04   1.6741148e+05
   9.2700000e+01  -1.0171843e+05   1.5828789e+05
   9.2800000e+01  -1.4043123e+05   1.2681316e+05
   9.2900000e+01  -1.7300777e+05   9.0512125e+04
   9.3000000e+01  -2.0497120e+05   5.7833305e+04
   9.3100000e+01  -2.4046341e+05   2.6922125e+04
   9.3200000e+01  -2.7864519e+05  -4.4509619e+03
   9.3300000e+01  -3.1294644e+05  -3.2940547e+04
   9.3400000e+01  -3.3390938e+05  -5.3817898e+04
   9.3500000e+01  -3.3448625e+05  -6.6918031e+04
   9.3600000e+01  -3.1413091e+05  -7.5505047e+04
   9.3700000e+01  -2.7798909e+05  -8.0755734e+04
   9.3800000e+01  -2.3170072e+05  -8.0315016e+04
   9.3900000e+01  -1.7710502e+05  -7.2403414e+04
   9.4000000e+01  -1.1358133e+05  -5.8926352e+04
   9.4100000e+01  -4.3484297e+04  -4.3264164e+04
   9.4200000e+01   2.4995326e+04  -2.6289754e+04
   9.4300000e+01   8.1871344e+04  -6.0969678e+03
   9.4400000e+01   1.2295440e+05   1.8628787e+04
   9.4500000e+01   1.5310553e+05   4.6046973e+04
   9.4600000e+01   1.8101233e+05   7.1797117e+04
   9.4700000e+01   2.0967622e+05   9.0979383e+04
   9.4800000e+01   2.3145764e+05   9.9146953e+04
   9.4900000e+01   2.3310930e+05   9.2812828e+04
   9.5000000e+01   2.0759320e+05   7.1361977e+04
   9.5100000e+01   1.6278400e+05   3.9996977e+04
   9.5200000e+01   1.1834047e+05   1.0152805e+04
   9.5300000e+01   9.1392961e+04  -5.9487656e+03
   9.5400000e+01   8.2411789e+04  -4.8085156e+03
   9.5500000e+01   7.4657477e+04   2.5994805e+03
   9.5600000e+01   4.9735273e+04  -3.5877422e+03
   9.5700000e+01   6.2743672e+03  -3.6868402e+04
   9.5800000e+01  -3.5997789e+04  -9.1751078e+04
   9.5900000e+01  -5.1759039e+04  -1.4588070e+05
   9.6000000e+01  -3.1278094e+04  -1.7579781e+05
   9.6100000e+01   1.2254242e+04  -1.7207247e+05
   9.6200000e+01   5.5049320e+04  -1.4120877e+05
   9.6300000e+01   8.1900539e+04  -9.6181258e+04
   9.6400000e+01   9.4971672e+04  -4.7699590e+04
   9.6500000e+01   1.0720945e+05  -3.2741680e+03
   9.6600000e+01   1.2958282e+05   3.0571012e+04
   9.6700000e+01   1.6372206e+05   5.0111445e+04
   9.6800000e+01   2.0333744e+05   5.8740453e+04
   9.6900000e+01   2.3985912e+05   6.5982719e+04
   9.7000000e+01   2.6658322e+05   7.9187289e+04
   9.7100000e+01   2.7915369e+05   9.6168578e+04
   9.7200000e+01   2.7393503e+05   1.0754030e+05
   9.7300000e+01   2.4753938e+05   1.0661648e+05
   9.7400000e+01   1.9954472e+05   9.5889125e+04
   9.7500000e+01   1.3647417e+05   8.3221086e+04
   9.7600000e+01   7.1820516e+04   7.2932391e+04
   9.7700000e+01   1.9247418e+04   6.2465242e+04
   9.7800000e+01  -1.6589111e+04   4.8047555e+04
   9.7900000e+01  -4.2916711e+04   3.1707486e+04
   9.8000000e+01  -7.1863523e+04   2.0320629e+04
   9.8100000e+01  -1.0981512e+05   1.7097477e+04
   9.8200000e+01  -1.5269972e+05   1.5631633e+04
   9.8300000e+01  -1.9022802e+05   4.6548789e+03
   9.8400000e+01  -2.1362133e+05  -2.0347662e+04
   9.8500000e+01  -2.1994152e+05  -5.0985141e+04
   9.8600000e+01  -2.1123416e+05  -7.2518578e+04
   9.8700000e+01  -1.9120220e+05  -7.6975141e+04
   9.8800000e+01  -1.6242722e+05  -6.9645586e+04
   9.8900000e+01  -1.2567750e+05  -6.2754695e+04
   9.9000000e+01  -8.1892070e+04  -6.3245422e+04
   9.9100000e+01  -3.5808582e+04  -6.7033016e+04
   9.9200000e+01   2.5230488e+03  -6.4873562e+04
   9.9300000e+01   2.2241455e+04  -5.3246656e+04
   9.9400000e+01   2.0615518e+04  -3.8962223e+04
   9.9500000e+01   7.9864785e+03  -3.2637125e+04
   9.9600000e+01   9.0292505e+02  -3.7588809e+04
   9.9700000e+01   6.6190107e+03  -4.6020031e+04
   9.9800000e+01   1.4124139e+04  -4.6946441e+04
   9.9900000e+01   5.0607944e+03  -3.6479348e+04
   1.0000000e+02  -2.3494637e+04  -1.8901311e+04
