   1.1851270e+02   3.6301420e+01   1.8450000e+02
   1.1899872e+02   3.6551114e+01   8.8300000e+01
   0.0000000e+00   9.0237062e+04   9.0237062e+04
   1.0000000e-01   9.6696383e+04   5.3121469e+04
   2.0000000e-01   8.7824852e+04   3.6035425e+03
   3.0000000e-01   9.4411617e+04  -2.1226479e+04
   4.0000000e-01   1.3002105e+05   2.5482305e+03
   5.0000000e-01   1.7690725e+05   6.7416367e+04
   6.0000000e-01   2.0300203e+05   1.4381900e+05
   7.0000000e-01   1.9031591e+05   2.0378294e+05
   8.0000000e-01   1.4683758e+05   2.3681325e+05
   9.0000000e-01   9.4918477e+04   2.4914319e+05
   1.0000000e+00   5.2259605e+04   2.5310722e+05
   1.1000000e+00   2.3066727e+04   2.5705106e+05
   1.2000000e+00   1.4960195e+03   2.6080956e+05
   1.3000000e+00  -2.1639170e+04   2.5683827e+05
   1.4000000e+00  -5.5117828e+04   2.3531783e+05
   1.5000000e+00  -1.0503521e+05   1.9043558e+05
   1.6000000e+00  -1.7127962e+05   1.2430361e+05
   1.7000000e+00  -2.4476291e+05   4.6431348e+04
   1.8000000e+00  -3.0984775e+05  -3.0453107e+04
   1.9000000e+00  -3.5256972e+05  -9.5915516e+04
   2.0000000e+00  -3.6921306e+05  -1.4639686e+05
   2.1000000e+00  -3.6798375e+05  -1.8644117e+05
   2.2000000e+00  -3.6128759e+05  -2.2455653e+05
   2.3000000e+00  -3.5410425e+05  -2.6530134e+05
   2.4000000e+00  -3.3850166e+05  -3.0413612e+05
   2.5000000e+00  -3.0038791e+05  -3.3100419e+05
   2.6000000e+00  -2.3392694e+05  -3.4017759e+05
   2.7000000e+00  -1.5074944e+05  -3.3615238e+05
   2.8000000e+00  -7.4167719e+04  -3.2873772e+05
   2.9000000e+00  -2.1959057e+04  -3.2269734e+05
   3.0000000e+00   7.2450029e+03  -3.1389294e+05
   3.1000000e+00   3.1180996e+04  -2.9594384e+05
   3.2000000e+00   6.6795852e+04  -2.6821516e+05
   3.3000000e+00   1.1407696e+05  -2.3432088e+05
   3.4000000e+00   1.5527186e+05  -1.9309711e+05
   3.5000000e+00   1.6976164e+05  -1.3518027e+05
   3.6000000e+00   1.5125992e+05  -5.2762203e+04
   3.7000000e+00   1.1317717e+05   4.6762867e+04
   3.8000000e+00   7.9127648e+04   1.4006752e+05
   3.9000000e+00   6.7378641e+04   2.0431869e+05
   4.0000000e+00   8.0909062e+04   2.3552981e+05
   4.1000000e+00   1.0871482e+05   2.4973658e+05
   4.2000000e+00   1.3575408e+05   2.6518075e+05
   4.3000000e+00   1.5409850e+05   2.8368759e+05
   4.4000000e+00   1.6786892e+05   2.9029522e+05
   4.5000000e+00   1.8859889e+05   2.7095794e+05
   4.6000000e+00   2.2421477e+05   2.2941944e+05
   4.7000000e+00   2.7026406e+05   1.8569834e+05
   4.8000000e+00   3.1136997e+05   1.5795766e+05
   4.9000000e+00   3.3270091e+05   1.4637008e+05
   5.0000000e+00   3.3171116e+05   1.3492230e+05
   5.1000000e+00   3.1914006e+05   1.0855204e+05
   5.2000000e+00   3.0804238e+05   6.8013250e+04
   5.3000000e+00   3.0146166e+05   2.8232219e+04
   5.4000000e+00   2.9079472e+05   3.1121055e+03
   5.5000000e+00   2.6577916e+05  -7.3847646e+03
   5.6000000e+00   2.2505247e+05  -1.5893621e+04
   5.7000000e+00   1.7633603e+05  -3.5110641e+04
   5.8000000e+00   1.2698498e+05  -6.7189539e+04
   5.9000000e+00   7.5571055e+04  -1.0404766e+05
   6.0000000e+00   1.2907457e+04  -1.3552439e+05
   6.1000000e+00  -6.9490375e+04  -1.5574886e+05
   6.2000000e+00  -1.7188183e+05  -1.6258961e+05
   6.3000000e+00  -2.8506422e+05  -1.5389531e+05
   6.4000000e+00  -3.9425822e+05  -1.2706802e+05
   6.5000000e+00  -4.8443331e+05  -8.2906984e+04
   6.6000000e+00  -5.4494650e+05  -2.8018436e+04
   6.7000000e+00  -5.7257731e+05   2.9073273e+04
   6.8000000e+00  -5.7167862e+05   8.4976703e+04
   6.9000000e+00  -5.5089200e+05   1.4280527e+05
   7.0000000e+00  -5.1843853e+05   2.0389212e+05
   7.1000000e+00  -4.7922222e+05   2.5766862e+05
   7.2000000e+00  -4.3479844e+05   2.8277578e+05
   7.3000000e+00  -3.8440669e+05   2.6259416e+05
   7.4000000e+00  -3.2552331e+05   2.0175430e+05
   7.5000000e+00  -2.5498259e+05   1.2557999e+05
   7.6000000e+00  -1.7220250e+05   5.9940008e+04
   7.7000000e+00  -8.2898984e+04   1.0009814e+04
   7.8000000e+00   9.3559326e+02  -4.0566340e+04
   7.9000000e+00   6.6625383e+04  -1.0914270e+05
   8.0000000e+00   1.0818274e+05  -1.9381125e+05
   8.1000000e+00   1.2935983e+05  -2.7424950e+05
   8.2000000e+00   1.4033080e+05  -3.3075047e+05
   8.3000000e+00   1.5162447e+05  -3.5909016e+05
   8.4000000e+00   1.6968761e+05  -3.6613831e+05
   8.5000000e+00   1.9472464e+05  -3.5527831e+05
   8.6000000e+00   2.1967739e+05  -3.2182159e+05
   8.7000000e+00   2.3193978e+05  -2.6374512e+05
   8.8000000e+00   2.2073628e+05  -1.9226638e+05
   8.9000000e+00   1.8753936e+05  -1.2674801e+05
   9.0000000e+00   1.4981902e+05  -7.8527203e+04
   9.1000000e+00   1.3097687e+05  -4.2235066e+04
   9.2000000e+00   1.4250288e+05  -3.8926572e+03
   9.3000000e+00   1.7429586e+05   4.4368281e+04
   9.4000000e+00   2.0287108e+05   9.8374617e+04
   9.5000000e+00   2.1011725e+05   1.4740877e+05
   9.6000000e+00   1.9570717e+05   1.8170373e+05
   9.7000000e+00   1.7388108e+05   1.9524502e+05
   9.8000000e+00   1.6036333e+05   1.8672430e+05
   9.9000000e+00   1.6165859e+05   1.6233262e+05
   1.0000000e+01   1.7327178e+05   1.3638853e+05
   1.0100000e+01   1.8493416e+05   1.2385002e+05
   1.0200000e+01   1.8788838e+05   1.2833922e+05
   1.0300000e+01   1.8045561e+05   1.3796856e+05
   1.0400000e+01   1.6920705e+05   1.3531152e+05
   1.0500000e+01   1.6440256e+05   1.1258852e+05
   1.0600000e+01   1.7208517e+05   7.7100055e+04
   1.0700000e+01   1.8889742e+05   4.2873754e+04
   1.0800000e+01   2.0418853e+05   1.9130574e+04
   1.0900000e+01   2.0748708e+05   7.3265068e+03
   1.1000000e+01   1.9470225e+05   6.4459531e+03
   1.1100000e+01   1.6850842e+05   1.6899574e+04
   1.1200000e+01   1.3426009e+05   3.7472156e+04
   1.1300000e+01   9.5851555e+04   6.0262707e+04
   1.1400000e+01   5.4153617e+04   7.1595102e+04
   1.1500000e+01   7.5809473e+03   5.9566195e+04
   1.1600000e+01  -4.6619340e+04   2.1236264e+04
   1.1700000e+01  -1.1101247e+05  -3.6594188e+04
   1.1800000e+01  -1.8663200e+05  -1.0201065e+05
   1.1900000e+01  -2.7176144e+05  -1.6272014e+05
   1.2000000e+01  -3.6109734e+05  -2.0792408e+05
   1.2100000e+01  -4.4584516e+05  -2.2885038e+05
   1.2200000e+01  -5.1556822e+05  -2.2042508e+05
   1.2300000e+01  -5.6169188e+05  -1.8371423e+05
   1.2400000e+01  -5.8045862e+05  -1.2628558e+05
   1.2500000e+01  -5.7254325e+05  -5.8630207e+04
   1.2600000e+01  -5.3967075e+05   1.1699636e+04
   1.2700000e+01  -4.8256028e+05   8.3958438e+04
   1.2800000e+01  -4.0365059e+05   1.6263348e+05
   1.2900000e+01  -3.1180362e+05   2.5091292e+05
   1.3000000e+01  -2.2185267e+05   3.4379244e+05
   1.3100000e+01  -1.4630889e+05   4.2639997e+05
   1.3200000e+01  -8.6184430e+04   4.7984606e+05
   1.3300000e+01  -3.1208693e+04   4.9134941e+05
   1.3400000e+01   2.8872871e+04   4.6143528e+05
   1.3500000e+01   9.2246977e+04   4.0211847e+05
   1.3600000e+01   1.4442494e+05   3.2668188e+05
   1.3700000e+01   1.7022570e+05   2.3945028e+05
   1.3800000e+01   1.6708127e+05   1.3539762e+05
   1.3900000e+01   1.4746531e+05   1.0864920e+04
   1.4000000e+01   1.2908095e+05  -1.2520923e+05
   1.4100000e+01   1.2253620e+05  -2.5247180e+05
   1.4200000e+01   1.2711716e+05  -3.5358431e+05
   1.4300000e+01   1.3646966e+05  -4.2780522e+05
   1.4400000e+01   1.4686309e+05  -4.8903038e+05
   1.4500000e+01   1.5963244e+05  -5.4949894e+05
   1.4600000e+01   1.7648158e+05  -6.0562269e+05
   1.4700000e+01   1.9408000e+05  -6.3994275e+05
   1.4800000e+01   2.0496070e+05  -6.3635812e+05
   1.4900000e+01   2.0452842e+05  -5.9352500e+05
   1.5000000e+01   1.9666784e+05  -5.2541919e+05
   1.5100000e+01   1.9122639e+05  -4.5099703e+05
   1.5200000e+01   1.9516583e+05  -3.8235947e+05
   1.5300000e+01   2.0620128e+05  -3.1878506e+05
   1.5400000e+01   2.1538727e+05  -2.4885739e+05
   1.5500000e+01   2.1585252e+05  -1.5938523e+05
   1.5600000e+01   2.0871402e+05  -4.6590070e+04
   1.5700000e+01   2.0037998e+05   7.7992180e+04
   1.5800000e+01   1.9428475e+05   1.9256506e+05
   1.5900000e+01   1.8567861e+05   2.7820650e+05
   1.6000000e+01   1.6523764e+05   3.2954247e+05
   1.6100000e+01   1.2864987e+05   3.5475812e+05
   1.6200000e+01   8.2884922e+04   3.6717894e+05
   1.6300000e+01   4.2127957e+04   3.7736441e+05
   1.6400000e+01   1.6248279e+04   3.9081175e+05
   1.6500000e+01   2.8355337e+03   4.0865275e+05
   1.6600000e+01  -8.9772646e+03   4.2750556e+05
   1.6700000e+01  -2.6754771e+04   4.3984738e+05
   1.6800000e+01  -4.7416016e+04   4.3850588e+05
   1.6900000e+01  -6.1633559e+04   4.2361275e+05
   1.7000000e+01  -6.4267289e+04   4.0474916e+05
   1.7100000e+01  -5.9304719e+04   3.9393719e+05
   1.7200000e+01  -5.5489348e+04   3.9448969e+05
   1.7300000e+01  -5.9682188e+04   3.9569528e+05
   1.7400000e+01  -7.5570531e+04   3.7813294e+05
   1.7500000e+01  -1.0629027e+05   3.2514734e+05
   1.7600000e+01  -1.5385812e+05   2.3217814e+05
   1.7700000e+01  -2.1365538e+05   1.0901681e+05
   1.7800000e+01  -2.7108238e+05  -2.4834215e+04
   1.7900000e+01  -3.0755675e+05  -1.4885100e+05
   1.8000000e+01  -3.1303241e+05  -2.5023281e+05
   1.8100000e+01  -2.9365988e+05  -3.2794606e+05
   1.8200000e+01  -2.6641922e+05  -3.8900825e+05
   1.8300000e+01  -2.4484897e+05  -4.3945681e+05
   1.8400000e+01  -2.2870655e+05  -4.7752825e+05
   1.8500000e+01  -2.0663359e+05  -4.9508697e+05
   1.8600000e+01  -1.6857380e+05  -4.8558178e+05
   1.8700000e+01  -1.1602510e+05  -4.5064125e+05
   1.8800000e+01  -6.1221070e+04  -3.9939134e+05
   1.8900000e+01  -1.7233086e+04  -3.4212709e+05
   1.9000000e+01   1.1203186e+04  -2.8474372e+05
   1.9100000e+01   2.8425461e+04  -2.2809841e+05
   1.9200000e+01   4.1089688e+04  -1.7104562e+05
   1.9300000e+01   5.1326133e+04  -1.1335209e+05
   1.9400000e+01   5.6148762e+04  -5.6489137e+04
   1.9500000e+01   5.2847125e+04  -3.1145381e+03
   1.9600000e+01   4.4213387e+04   4.3285590e+04
   1.9700000e+01   3.7560023e+04   7.8570922e+04
   1.9800000e+01   3.7822539e+04   9.9145742e+04
   1.9900000e+01   4.1998906e+04   1.0447443e+05
   2.0000000e+01   4.2148758e+04   9.8728992e+04
   2.0100000e+01   3.5441926e+04   8.8477625e+04
   2.0200000e+01   3.0656938e+04   7.6650047e+04
   2.0300000e+01   4.2246934e+04   5.8386211e+04
   2.0400000e+01   7.6071453e+04   2.5108096e+04
   2.0500000e+01   1.2149223e+05  -2.4328189e+04
   2.0600000e+01   1.5936000e+05  -7.5886922e+04
   2.0700000e+01   1.7843877e+05  -1.0619544e+05
   2.0800000e+01   1.8303934e+05  -9.9436398e+04
   2.0900000e+01   1.8422375e+05  -5.9850473e+04
   2.1000000e+01   1.8548648e+05  -6.6395664e+03
   2.1100000e+01   1.7961122e+05   4.4616117e+04
   2.1200000e+01   1.5954758e+05   9.5296617e+04
   2.1300000e+01   1.2937608e+05   1.5790719e+05
   2.1400000e+01   1.0183091e+05   2.3738397e+05
   2.1500000e+01   8.5287086e+04   3.1992569e+05
   2.1600000e+01   7.5235367e+04   3.8193331e+05
   2.1700000e+01   5.9232113e+04   4.1005184e+05
   2.1800000e+01   2.8991340e+04   4.1133847e+05
   2.1900000e+01  -1.2761332e+04   4.0321609e+05
   2.2000000e+01  -5.5067641e+04   3.9439366e+05
   2.2100000e+01  -8.5852148e+04   3.7698012e+05
   2.2200000e+01  -9.7547922e+04   3.3729741e+05
   2.2300000e+01  -9.0324867e+04   2.7288809e+05
   2.2400000e+01  -7.3101812e+04   1.9747814e+05
   2.2500000e+01  -5.9974852e+04   1.2930186e+05
   2.2600000e+01  -6.1327293e+04   7.5466859e+04
   2.2700000e+01  -7.5661219e+04   2.7837795e+04
   2.2800000e+01  -9.0624148e+04  -2.6869809e+04
   2.2900000e+01  -9.3688547e+04  -9.3652383e+04
   2.3000000e+01  -8.2527633e+04  -1.6452498e+05
   2.3100000e+01  -6.5193445e+04  -2.2498231e+05
   2.3200000e+01  -5.1160707e+04  -2.6465056e+05
   2.3300000e+01  -4.3143398e+04  -2.8368362e+05
   2.3400000e+01  -3.6722848e+04  -2.9124088e+05
   2.3500000e+01  -2.5587607e+04  -2.9801284e+05
   2.3600000e+01  -6.1794648e+03  -3.0818097e+05
   2.3700000e+01   2.0735869e+04  -3.1664119e+05
   2.3800000e+01   5.0136781e+04  -3.1410047e+05
   2.3900000e+01   7.3937328e+04  -2.9652119e+05
   2.4000000e+01   8.4583742e+04  -2.7076478e+05
   2.4100000e+01   8.0025039e+04  -2.5042345e+05
   2.4200000e+01   6.5461012e+04  -2.4435469e+05
   2.4300000e+01   4.9022582e+04  -2.4789831e+05
   2.4400000e+01   3.5179539e+04  -2.4550308e+05
   2.4500000e+01   2.2914438e+04  -2.2381750e+05
   2.4600000e+01   1.0401822e+04  -1.8463120e+05
   2.4700000e+01  -1.1194629e+02  -1.4618811e+05
   2.4800000e+01  -4.2038652e+03  -1.3048852e+05
   2.4900000e+01  -2.6114277e+03  -1.4586197e+05
   2.5000000e+01  -4.9332363e+03  -1.7852436e+05
   2.5100000e+01  -2.3042117e+04  -2.0014084e+05
   2.5200000e+01  -5.8535516e+04  -1.8603039e+05
   2.5300000e+01  -9.6616109e+04  -1.3078153e+05
   2.5400000e+01  -1.1470595e+05  -5.0666215e+04
   2.5500000e+01  -1.0052870e+05   2.7764295e+04
   2.5600000e+01  -6.4019688e+04   8.4456789e+04
   2.5700000e+01  -3.1067744e+04   1.1717562e+05
   2.5800000e+01  -2.2858453e+04   1.4067745e+05
   2.5900000e+01  -3.8366105e+04   1.7448784e+05
   2.6000000e+01  -5.5726062e+04   2.2732591e+05
   2.6100000e+01  -5.1450043e+04   2.8947159e+05
   2.6200000e+01  -2.0270453e+04   3.3971544e+05
   2.6300000e+01   2.1633180e+04   3.6212712e+05
   2.6400000e+01   5.1450852e+04   3.5870288e+05
   2.6500000e+01   5.8107176e+04   3.4677706e+05
   2.6600000e+01   4.8431297e+04   3.4373841e+05
   2.6700000e+01   3.8124414e+04   3.5295125e+05
   2.6800000e+01   3.7678973e+04   3.6250988e+05
   2.6900000e+01   4.5451977e+04   3.5582344e+05
   2.7000000e+01   5.1696477e+04   3.2358197e+05
   2.7100000e+01   4.7954305e+04   2.6838759e+05
   2.7200000e+01   3.3604090e+04   2.0130181e+05
   2.7300000e+01   1.5567809e+04   1.3472391e+05
   2.7400000e+01   2.8618347e+03   7.6077133e+04
   2.7500000e+01   3.3510132e+02   2.5255381e+04
   2.7600000e+01   5.2581187e+03  -2.2677312e+04
   2.7700000e+01   8.5512588e+03  -7.0991664e+04
   2.7800000e+01   5.0351562e+02  -1.1612462e+05
   2.7900000e+01  -2.1671055e+04  -1.4892845e+05
   2.8000000e+01  -4.9636160e+04  -1.6191422e+05
   2.8100000e+01  -6.7868422e+04  -1.5603823e+05
   2.8200000e+01  -6.4935008e+04  -1.4055355e+05
   2.8300000e+01  -4.3969824e+04  -1.2578434e+05
   2.8400000e+01  -2.2606525e+04  -1.1526428e+05
   2.8500000e+01  -2.0469426e+04  -1.0443324e+05
   2.8600000e+01  -4.3646453e+04  -8.7183141e+04
   2.8700000e+01  -7.9412047e+04  -6.3906195e+04
   2.8800000e+01  -1.0612989e+05  -4.2582938e+04
   2.8900000e+01  -1.0994785e+05  -3.1158547e+04
   2.9000000e+01  -9.4064266e+04  -2.9219391e+04
   2.9100000e+01  -7.3423414e+04  -2.8707449e+04
   2.9200000e+01  -6.0726457e+04  -2.3439283e+04
   2.9300000e+01  -5.6341840e+04  -1.6407488e+04
   2.9400000e+01  -4.9637766e+04  -1.6120047e+04
   2.9500000e+01  -2.8599039e+04  -2.6822615e+04
   2.9600000e+01   1.1231076e+04  -4.5112801e+04
   2.9700000e+01   6.4490102e+04  -6.6664875e+04
   2.9800000e+01   1.1976666e+05  -9.2926469e+04
   2.9900000e+01   1.6523338e+05  -1.2756063e+05
   3.0000000e+01   1.9293838e+05  -1.6663234e+05
   3.0100000e+01   2.0064386e+05  -1.9604303e+05
   3.0200000e+01   1.9104839e+05  -2.0156070e+05
   3.0300000e+01   1.6898558e+05  -1.8141189e+05
   3.0400000e+01   1.3855258e+05  -1.4816241e+05
   3.0500000e+01   1.0239066e+05  -1.1856588e+05
   3.0600000e+01   6.3116152e+04  -1.0188922e+05
   3.0700000e+01   2.4354355e+04  -9.6381422e+04
   3.0800000e+01  -1.0503980e+04  -9.4117141e+04
   3.0900000e+01  -4.0184684e+04  -8.8042195e+04
   3.1000000e+01  -6.4759531e+04  -7.5821117e+04
   3.1100000e+01  -8.2175203e+04  -5.8979535e+04
   3.1200000e+01  -8.6637688e+04  -3.9227859e+04
   3.1300000e+01  -7.2870922e+04  -1.5977243e+04
   3.1400000e+01  -4.3579668e+04   1.1742088e+04
   3.1500000e+01  -1.1770543e+04   4.0722410e+04
   3.1600000e+01   7.2972051e+03   6.2810715e+04
   3.1700000e+01   9.2511963e+03   7.1517422e+04
   3.1800000e+01   6.3586201e+03   7.0297984e+04
   3.1900000e+01   1.8430861e+04   7.2378812e+04
   3.2000000e+01   5.5203164e+04   8.9949633e+04
   3.2100000e+01   1.0562580e+05   1.2279015e+05
   3.2200000e+01   1.4425203e+05   1.5801658e+05
   3.2300000e+01   1.4977361e+05   1.8104017e+05
   3.2400000e+01   1.2004770e+05   1.8648488e+05
   3.2500000e+01   7.1467031e+04   1.7926491e+05
   3.2600000e+01   2.4410906e+04   1.6711281e+05
   3.2700000e+01  -1.2022712e+04   1.5340247e+05
   3.2800000e+01  -4.3347117e+04   1.3639553e+05
   3.2900000e+01  -7.9566195e+04   1.1351664e+05
   3.3000000e+01  -1.2181310e+05   8.5466836e+04
   3.3100000e+01  -1.5837612e+05   5.6881562e+04
   3.3200000e+01  -1.7403364e+05   3.3837023e+04
   3.3300000e+01  -1.6437134e+05   2.0293785e+04
   3.3400000e+01  -1.4175494e+05   1.5491008e+04
   3.3500000e+01  -1.2658331e+05   1.3759097e+04
   3.3600000e+01  -1.3049029e+05   7.4347202e+03
   3.3700000e+01  -1.4576412e+05  -8.1683418e+03
   3.3800000e+01  -1.5046394e+05  -3.0980322e+04
   3.3900000e+01  -1.2546348e+05  -5.3133543e+04
   3.4000000e+01  -6.9345727e+04  -6.6823828e+04
   3.4100000e+01   1.1445825e+03  -7.0388016e+04
   3.4200000e+01   6.4691695e+04  -6.8869117e+04
   3.4300000e+01   1.1022589e+05  -6.8375125e+04
   3.4400000e+01   1.3977097e+05  -6.9824688e+04
   3.4500000e+01   1.5864206e+05  -6.8174234e+04
   3.4600000e+01   1.6530467e+05  -5.7451199e+04
   3.4700000e+01   1.5272722e+05  -3.6584816e+04
   3.4800000e+01   1.1922120e+05  -1.1343734e+04
   3.4900000e+01   7.5089242e+04   8.4631113e+03
   3.5000000e+01   3.5754074e+04   1.4668907e+04
   3.5100000e+01   7.8214497e+03   6.4203418e+03
   3.5200000e+01  -1.6643996e+04  -8.0740996e+03
   3.5300000e+01  -5.0865488e+04  -1.6786246e+04
   3.5400000e+01  -9.8375266e+04  -1.3686857e+04
   3.5500000e+01  -1.4725194e+05  -4.5476250e+03
   3.5600000e+01  -1.7877731e+05  -1.9619971e+03
   3.5700000e+01  -1.8208109e+05  -1.3535346e+04
   3.5800000e+01  -1.6207845e+05  -3.5109961e+04
   3.5900000e+01  -1.3484198e+05  -5.5493711e+04
   3.6000000e+01  -1.1468825e+05  -6.6268023e+04
   3.6100000e+01  -1.0307828e+05  -6.5854727e+04
   3.6200000e+01  -8.7953570e+04  -5.6051297e+04
   3.6300000e+01  -5.4265254e+04  -3.8686680e+04
   3.6400000e+01   2.8869570e+03  -1.7187047e+04
   3.6500000e+01   7.3904938e+04   1.7730552e+03
   3.6600000e+01   1.4263464e+05   1.2363815e+04
   3.6700000e+01   1.9819623e+05   1.5623936e+04
   3.6800000e+01   2.3904928e+05   1.8295496e+04
   3.6900000e+01   2.6702722e+05   2.4107203e+04
   3.7000000e+01   2.8029381e+05   2.8576145e+04
   3.7100000e+01   2.7407950e+05   2.5202230e+04
   3.7200000e+01   2.4743073e+05   1.5665762e+04
   3.7300000e+01   2.0665506e+05   1.0103262e+04
   3.7400000e+01   1.6075016e+05   1.5986686e+04
   3.7500000e+01   1.1441289e+05   2.9598311e+04
   3.7600000e+01   6.7056578e+04   4.1350047e+04
   3.7700000e+01   1.8432570e+04   4.8212223e+04
   3.7800000e+01  -2.6886072e+04   5.7093383e+04
   3.7900000e+01  -6.2329867e+04   7.4694891e+04
   3.8000000e+01  -8.6160023e+04   9.6743117e+04
   3.8100000e+01  -1.0335680e+05   1.1016659e+05
   3.8200000e+01  -1.1913645e+05   1.0566437e+05
   3.8300000e+01  -1.3123209e+05   8.6124789e+04
   3.8400000e+01  -1.3092890e+05   6.2381695e+04
   3.8500000e+01  -1.1350001e+05   4.2498066e+04
   3.8600000e+01  -8.7121156e+04   2.6160234e+04
   3.8700000e+01  -6.9283742e+04   7.9214033e+03
   3.8800000e+01  -7.2501383e+04  -1.6414908e+04
   3.8900000e+01  -9.3044055e+04  -4.6828312e+04
   3.9000000e+01  -1.1399627e+05  -8.0408375e+04
   3.9100000e+01  -1.1951984e+05  -1.1373177e+05
   3.9200000e+01  -1.0656126e+05  -1.4383480e+05
   3.9300000e+01  -8.4336242e+04  -1.6806906e+05
   3.9400000e+01  -6.4906547e+04  -1.8426902e+05
   3.9500000e+01  -5.5353836e+04  -1.9167720e+05
   3.9600000e+01  -5.7139516e+04  -1.9154647e+05
   3.9700000e+01  -6.9014188e+04  -1.8597547e+05
   3.9800000e+01  -8.7428922e+04  -1.7511236e+05
   3.9900000e+01  -1.0435514e+05  -1.5530608e+05
   4.0000000e+01  -1.0823128e+05  -1.2130648e+05
   4.0100000e+01  -9.1421539e+04  -7.2282914e+04
   4.0200000e+01  -5.8857559e+04  -1.6447621e+04
   4.0300000e+01  -2.7594607e+04   3.2011621e+04
   4.0400000e+01  -1.3719426e+04   6.3905562e+04
   4.0500000e+01  -1.6875312e+04   8.5096445e+04
   4.0600000e+01  -1.8654246e+04   1.1434743e+05
   4.0700000e+01   5.4121069e+02   1.6713759e+05
   4.0800000e+01   4.1379367e+04   2.3809767e+05
   4.0900000e+01   8.3453312e+04   2.9942222e+05
   4.1000000e+01   1.0496227e+05   3.1995488e+05
   4.1100000e+01   1.0451707e+05   2.8980738e+05
   4.1200000e+01   1.0224655e+05   2.2831734e+05
   4.1300000e+01   1.1925930e+05   1.6768838e+05
   4.1400000e+01   1.5713373e+05   1.2731778e+05
   4.1500000e+01   1.9757070e+05   1.0181934e+05
   4.1600000e+01   2.2004759e+05   7.1310398e+04
   4.1700000e+01   2.1819272e+05   2.1379807e+04
   4.1800000e+01   2.0065731e+05  -4.6141832e+04
   4.1900000e+01   1.8007670e+05  -1.1790580e+05
   4.2000000e+01   1.6337222e+05  -1.8013038e+05
   4.2100000e+01   1.5068375e+05  -2.2464469e+05
   4.2200000e+01   1.3934078e+05  -2.4794145e+05
   4.2300000e+01   1.2619915e+05  -2.4883539e+05
   4.2400000e+01   1.0706448e+05  -2.2848983e+05
   4.2500000e+01   7.7042766e+04  -1.9116716e+05
   4.2600000e+01   3.4271590e+04  -1.4333012e+05
   4.2700000e+01  -1.5925588e+04  -9.1965633e+04
   4.2800000e+01  -6.1852395e+04  -4.3885207e+04
   4.2900000e+01  -9.2623430e+04  -5.0199922e+03
   4.3000000e+01  -1.0644420e+05   2.2243064e+04
   4.3100000e+01  -1.1238037e+05   4.2070953e+04
   4.3200000e+01  -1.2313774e+05   6.3826301e+04
   4.3300000e+01  -1.4459295e+05   9.4772945e+04
   4.3400000e+01  -1.7122400e+05   1.3229000e+05
   4.3500000e+01  -1.9152912e+05   1.6348075e+05
   4.3600000e+01  -1.9835469e+05   1.7397344e+05
   4.3700000e+01  -1.9431603e+05   1.5886817e+05
   4.3800000e+01  -1.8704312e+05   1.2634355e+05
   4.3900000e+01  -1.7916845e+05   9.0942711e+04
   4.4000000e+01  -1.6407222e+05   6.2581855e+04
   4.4100000e+01  -1.3323991e+05   4.0458316e+04
   4.4200000e+01  -8.8385844e+04   1.6103492e+04
   4.4300000e+01  -4.4540051e+04  -1.7853812e+04
   4.4400000e+01  -1.8541051e+04  -6.0377996e+04
   4.4500000e+01  -1.3739311e+04  -1.0128828e+05
   4.4600000e+01  -1.7574938e+04  -1.2738877e+05
   4.4700000e+01  -1.5303275e+04  -1.3149456e+05
   4.4800000e+01  -4.6175854e+03  -1.1814965e+05
   4.4900000e+01   5.4207026e+03  -1.0101592e+05
   4.5000000e+01   9.0269463e+03  -9.2662695e+04
   4.5100000e+01   1.3220406e+04  -9.4768828e+04
   4.5200000e+01   2.9824799e+04  -9.8008094e+04
   4.5300000e+01   5.9471957e+04  -9.2233562e+04
   4.5400000e+01   8.7658180e+04  -7.6610680e+04
   4.5500000e+01   9.8744656e+04  -5.8962734e+04
   4.5600000e+01   9.2256664e+04  -4.5767832e+04
   4.5700000e+01   8.3118883e+04  -3.5086410e+04
   4.5800000e+01   8.6245328e+04  -2.0662670e+04
   4.5900000e+01   1.0300359e+05  -1.2478992e+03
   4.6000000e+01   1.2289095e+05   1.7224424e+04
   4.6100000e+01   1.3547027e+05   2.9428971e+04
   4.6200000e+01   1.3806541e+05   3.8098164e+04
   4.6300000e+01   1.3326178e+05   5.1083965e+04
   4.6400000e+01   1.2322435e+05   7.1261555e+04
   4.6500000e+01   1.0872793e+05   9.1888070e+04
   4.6600000e+01   9.1422133e+04   1.0372412e+05
   4.6700000e+01   7.3176633e+04   1.0596162e+05
   4.6800000e+01   5.2449664e+04   1.0800562e+05
   4.6900000e+01   2.4110146e+04   1.1936075e+05
   4.7000000e+01  -1.4634793e+04   1.3848562e+05
   4.7100000e+01  -5.8698949e+04   1.5311653e+05
   4.7200000e+01  -9.7609281e+04   1.5242355e+05
   4.7300000e+01  -1.2431825e+05   1.3857795e+05
   4.7400000e+01  -1.4078522e+05   1.2546981e+05
   4.7500000e+01  -1.5445170e+05   1.2531032e+05
   4.7600000e+01  -1.6988609e+05   1.3633566e+05
   4.7700000e+01  -1.8416200e+05   1.4405873e+05
   4.7800000e+01  -1.8939003e+05   1.3516852e+05
   4.7900000e+01  -1.7882494e+05   1.1044436e+05
   4.8000000e+01  -1.5134830e+05   8.3645016e+04
   4.8100000e+01  -1.1199850e+05   6.7005008e+04
   4.8200000e+01  -6.9098195e+04   5.7502445e+04
   4.8300000e+01  -2.9906707e+04   3.7845078e+04
   4.8400000e+01   2.5999299e+03  -8.1778711e+03
   4.8500000e+01   2.9718879e+04  -8.0680125e+04
   4.8600000e+01   5.4135316e+04  -1.6339530e+05
   4.8700000e+01   7.6984453e+04  -2.3768284e+05
   4.8800000e+01   9.7163133e+04  -2.9640581e+05
   4.8900000e+01   1.1229627e+05  -3.4452984e+05
   4.9000000e+01   1.1949998e+05  -3.8769047e+05
   4.9100000e+01   1.1601255e+05  -4.2171825e+05
   4.9200000e+01   1.0129560e+05  -4.3353834e+05
   4.9300000e+01   7.9953477e+04  -4.1147019e+05
   4.9400000e+01   6.1492961e+04  -3.5461575e+05
   4.9500000e+01   5.4405477e+04  -2.7388912e+05
   4.9600000e+01   5.8562684e+04  -1.8574766e+05
   4.9700000e+01   6.3947395e+04  -1.0440497e+05
   4.9800000e+01   5.8889836e+04  -3.6770508e+04
   4.9900000e+01   4.1072703e+04   1.8823215e+04
   5.0000000e+01   2.0517957e+04   7.0105758e+04
   5.0100000e+01   1.0965444e+04   1.2493944e+05
   5.0200000e+01   1.7482613e+04   1.8462352e+05
   5.0300000e+01   3.1827020e+04   2.4145967e+05
   5.0400000e+01   3.9284195e+04   2.8358169e+05
   5.0500000e+01   2.9854998e+04   3.0356622e+05
   5.0600000e+01   3.8518906e+03   3.0298281e+05
   5.0700000e+01  -3.1014545e+04   2.8873869e+05
   5.0800000e+01  -6.5724781e+04   2.6572078e+05
   5.0900000e+01  -9.3102664e+04   2.3404359e+05
   5.1000000e+01  -1.0776572e+05   1.9335239e+05
   5.1100000e+01  -1.0672947e+05   1.4786436e+05
   5.1200000e+01  -9.1890594e+04   1.0488061e+05
   5.1300000e+01  -7.0699359e+04   6.7875469e+04
   5.1400000e+01  -5.1772691e+04   3.2878977e+04
   5.1500000e+01  -3.8254617e+04  -6.0493691e+03
   5.1600000e+01  -2.5526102e+04  -4.7308781e+04
   5.1700000e+01  -5.9247666e+03  -7.9464844e+04
   5.1800000e+01   2.4057504e+04  -9.0818430e+04
   5.1900000e+01   6.0462082e+04  -8.2246156e+04
   5.2000000e+01   9.3894805e+04  -6.9496078e+04
   5.2100000e+01   1.1373124e+05  -7.0813828e+04
   5.2200000e+01   1.1207442e+05  -9.1019898e+04
   5.2300000e+01   8.7659375e+04  -1.1755566e+05
   5.2400000e+01   4.8792531e+04  -1.3221762e+05
   5.2500000e+01   1.1441673e+04  -1.2662927e+05
   5.2600000e+01  -9.4282363e+03  -1.0663759e+05
   5.2700000e+01  -9.8482090e+03  -8.3161172e+04
   5.2800000e+01   9.8629785e+02  -6.0459277e+04
   5.2900000e+01   9.0034512e+03  -3.3350133e+04
   5.3000000e+01   6.0367329e+03   5.9429033e+03
   5.3100000e+01  -6.9875195e+03   5.9701469e+04
   5.3200000e+01  -2.5455555e+04   1.2243482e+05
   5.3300000e+01  -4.6856262e+04   1.8408489e+05
   5.3400000e+01  -7.0263391e+04   2.3427783e+05
   5.3500000e+01  -9.2010742e+04   2.6514003e+05
   5.3600000e+01  -1.0472326e+05   2.7336259e+05
   5.3700000e+01  -1.0177898e+05   2.6204677e+05
   5.3800000e+01  -8.2122906e+04   2.4047466e+05
   5.3900000e+01  -5.0477285e+04   2.1945714e+05
   5.4000000e+01  -1.4164975e+04   2.0317025e+05
   5.4100000e+01   1.8979283e+04   1.8301317e+05
   5.4200000e+01   4.0704254e+04   1.4025498e+05
   5.4300000e+01   4.3947859e+04   5.8962324e+04
   5.4400000e+01   2.7732027e+04  -5.8687875e+04
   5.4500000e+01   1.1556660e+03  -1.8791097e+05
   5.4600000e+01  -1.9609881e+04  -2.9457622e+05
   5.4700000e+01  -2.1485004e+04  -3.5794316e+05
   5.4800000e+01  -4.0870552e+03  -3.8401306e+05
   5.4900000e+01   1.9956055e+04  -3.9691328e+05
   5.5000000e+01   3.5017387e+04  -4.1525278e+05
   5.5100000e+01   3.4515625e+04  -4.3475441e+05
   5.5200000e+01   2.4667154e+04  -4.3279734e+05
   5.5300000e+01   1.7086881e+04  -3.8981244e+05
   5.5400000e+01   1.7569387e+04  -3.0727544e+05
   5.5500000e+01   2.1595762e+04  -2.0694620e+05
   5.5600000e+01   2.0132957e+04  -1.1459042e+05
   5.5700000e+01   9.1329961e+03  -4.4209887e+04
   5.5800000e+01  -6.7838081e+03   5.4036260e+03
   5.5900000e+01  -1.9072404e+04   4.3530000e+04
   5.6000000e+01  -2.2470551e+04   7.9087938e+04
   5.6100000e+01  -1.7770838e+04   1.1651954e+05
   5.6200000e+01  -9.5281465e+03   1.5493720e+05
   5.6300000e+01  -2.9574395e+03   1.8860788e+05
   5.6400000e+01  -2.6179150e+03   2.0997553e+05
   5.6500000e+01  -1.1457349e+04   2.1583188e+05
   5.6600000e+01  -2.8741850e+04   2.1206730e+05
   5.6700000e+01  -4.8727660e+04   2.1071009e+05
   5.6800000e+01  -6.2923320e+04   2.1979344e+05
   5.6900000e+01  -6.5360586e+04   2.3521444e+05
   5.7000000e+01  -5.6655695e+04   2.4318873e+05
   5.7100000e+01  -4.3151992e+04   2.3153808e+05
   5.7200000e+01  -3.1423947e+04   1.9933320e+05
   5.7300000e+01  -2.2238322e+04   1.5682392e+05
   5.7400000e+01  -9.0982363e+03   1.1741271e+05
   5.7500000e+01   1.6239916e+04   8.9468156e+04
   5.7600000e+01   5.4751930e+04   7.3254508e+04
   5.7700000e+01   9.5901625e+04   6.2645664e+04
   5.7800000e+01   1.2395587e+05   4.9117219e+04
   5.7900000e+01   1.3060754e+05   2.6416332e+04
   5.8000000e+01   1.2184991e+05  -5.6412832e+03
   5.8100000e+01   1.1169757e+05  -4.0781109e+04
   5.8200000e+01   1.0899442e+05  -7.0480992e+04
   5.8300000e+01   1.1069023e+05  -8.9968117e+04
   5.8400000e+01   1.0694699e+05  -1.0097910e+05
   5.8500000e+01   9.0334383e+04  -1.0907030e+05
   5.8600000e+01   5.9301586e+04  -1.1821027e+05
   5.8700000e+01   1.5974137e+04  -1.2719613e+05
   5.8800000e+01  -3.4675949e+04  -1.3017417e+05
   5.8900000e+01  -8.2476844e+04  -1.2066420e+05
   5.9000000e+01  -1.1312152e+05  -9.7115906e+04
   5.9100000e+01  -1.1688411e+05  -6.6891391e+04
   5.9200000e+01  -9.7925617e+04  -4.4535836e+04
   5.9300000e+01  -7.2765766e+04  -4.2619875e+04
   5.9400000e+01  -5.6938246e+04  -6.0512887e+04
   5.9500000e+01  -5.2339984e+04  -8.1669281e+04
   5.9600000e+01  -4.7837605e+04  -8.4938234e+04
   5.9700000e+01  -3.1998928e+04  -6.1944707e+04
   5.9800000e+01  -4.9571821e+03  -2.4526301e+04
   5.9900000e+01   2.1486486e+04   5.7009365e+03
   6.0000000e+01   3.4355438e+04   1.6017891e+04
   6.0100000e+01   3.0309197e+04   1.1501618e+04
   6.0200000e+01   1.7641170e+04   6.5136704e+03
   6.0300000e+01   8.6494717e+03   9.1655137e+03
   6.0400000e+01   9.4141035e+03   1.5216567e+04
   6.0500000e+01   1.5735355e+04   1.6081635e+04
   6.0600000e+01   1.8554023e+04   1.0024164e+04
   6.0700000e+01   1.3626140e+04   3.5371357e+03
   6.0800000e+01   5.9234365e+03   2.4295771e+03
   6.0900000e+01   4.0504138e+03   4.0090957e+03
   6.1000000e+01   1.0171671e+04  -2.1922461e+02
   6.1100000e+01   1.6148440e+04  -1.4399910e+04
   6.1200000e+01   1.0535040e+04  -3.2182330e+04
   6.1300000e+01  -1.0353011e+04  -4.1546793e+04
   6.1400000e+01  -3.8512777e+04  -3.5867863e+04
   6.1500000e+01  -6.1136879e+04  -2.0052633e+04
   6.1600000e+01  -7.0954398e+04  -5.4393276e+03
   6.1700000e+01  -7.0368766e+04   1.8976721e+03
   6.1800000e+01  -6.7659672e+04   8.1021475e+03
   6.1900000e+01  -7.1246797e+04   2.6374197e+04
   6.2000000e+01  -8.6741969e+04   6.3828875e+04
   6.2100000e+01  -1.1516508e+05   1.1286301e+05
   6.2200000e+01  -1.4967806e+05   1.5566289e+05
   6.2300000e+01  -1.7415722e+05   1.7726239e+05
   6.2400000e+01  -1.6976469e+05   1.7397045e+05
   6.2500000e+01  -1.2810758e+05   1.5020989e+05
   6.2600000e+01  -5.9479738e+04   1.1075821e+05
   6.2700000e+01   1.3489179e+04   5.9702234e+04
   6.2800000e+01   7.1849898e+04   6.4276401e+03
   6.2900000e+01   1.1041623e+05  -3.2754367e+04
   6.3000000e+01   1.3343861e+05  -4.4639105e+04
   6.3100000e+01   1.4427180e+05  -3.2233855e+04
   6.3200000e+01   1.4303559e+05  -1.5297878e+04
   6.3300000e+01   1.3362900e+05  -1.4907207e+04
   6.3400000e+01   1.2748448e+05  -3.6314121e+04
   6.3500000e+01   1.3512380e+05  -6.6591727e+04
   6.3600000e+01   1.5364417e+05  -8.8064938e+04
   6.3700000e+01   1.6618895e+05  -9.3290094e+04
   6.3800000e+01   1.5676853e+05  -8.8091984e+04
   6.3900000e+01   1.2547491e+05  -8.2496797e+04
   6.4000000e+01   8.7745469e+04  -8.0028375e+04
   6.4100000e+01   5.8783121e+04  -7.4885703e+04
   6.4200000e+01   3.9950070e+04  -5.8143457e+04
   6.4300000e+01   2.0544438e+04  -2.7065578e+04
   6.4400000e+01  -8.6618564e+03   9.8778359e+03
   6.4500000e+01  -4.4939070e+04   3.6442281e+04
   6.4600000e+01  -7.5994156e+04   3.8910797e+04
   6.4700000e+01  -9.1550703e+04   1.6370775e+04
   6.4800000e+01  -9.2439109e+04  -1.7028916e+04
   6.4900000e+01  -8.9020125e+04  -4.0598816e+04
   6.5000000e+01  -9.0883688e+04  -4.0735961e+04
   6.5100000e+01  -9.7453695e+04  -1.9462188e+04
   6.5200000e+01  -9.8221344e+04   8.4601768e+03
   6.5300000e+01  -8.2492438e+04   2.6996289e+04
   6.5400000e+01  -4.9494949e+04   2.9503596e+04
   6.5500000e+01  -9.3981035e+03   2.0632311e+04
   6.5600000e+01   2.4947197e+04   9.1645986e+03
   6.5700000e+01   4.6715113e+04  -1.1708496e+03
   6.5800000e+01   5.6525695e+04  -1.4574404e+04
   6.5900000e+01   5.7917195e+04  -3.7054133e+04
   6.6000000e+01   5.3672234e+04  -6.6992461e+04
   6.6100000e+01   4.5845398e+04  -9.2229312e+04
   6.6200000e+01   3.6158309e+04  -9.8519930e+04
   6.6300000e+01   2.4233895e+04  -8.2892969e+04
   6.6400000e+01   6.7754053e+03  -5.8387340e+04
   6.6500000e+01  -1.8575303e+04  -4.3060266e+04
   6.6600000e+01  -4.7573965e+04  -4.2071570e+04
   6.6700000e+01  -6.9279102e+04  -4.0843035e+04
   6.6800000e+01  -7.3757070e+04  -1.8010885e+04
   6.6900000e+01  -6.0584789e+04   3.3112098e+04
   6.7000000e+01  -3.9404258e+04   9.5520188e+04
   6.7100000e+01  -2.1881930e+04   1.4109283e+05
   6.7200000e+01  -1.2970989e+04   1.5275669e+05
   6.7300000e+01  -9.3481426e+03   1.3588042e+05
   6.7400000e+01  -5.4178706e+03   1.1061889e+05
   6.7500000e+01  -3.3728339e+02   9.5156344e+04
   6.7600000e+01   9.2945642e+02   9.5408383e+04
   6.7700000e+01  -6.3870449e+03   1.0677656e+05
   6.7800000e+01  -1.9948928e+04   1.2136815e+05
   6.7900000e+01  -3.0486496e+04   1.3226752e+05
   6.8000000e+01  -3.0368482e+04   1.3365497e+05
   6.8100000e+01  -2.2069619e+04   1.2118546e+05
   6.8200000e+01  -1.6263065e+04   9.4923492e+04
   6.8300000e+01  -1.9896477e+04   6.1642254e+04
   6.8400000e+01  -2.7011527e+04   3.2252061e+04
   6.8500000e+01  -2.3757031e+04   1.4967037e+04
   6.8600000e+01  -3.4038867e+03   9.7501660e+03
   6.8700000e+01   2.5076748e+04   9.0320078e+03
   6.8800000e+01   4.4733227e+04   4.2895225e+03
   6.8900000e+01   4.6115469e+04  -7.0277822e+03
   6.9000000e+01   3.3713883e+04  -2.0170988e+04
   6.9100000e+01   1.8079637e+04  -2.8689734e+04
   6.9200000e+01   4.9263906e+03  -3.2016844e+04
   6.9300000e+01  -6.1301299e+03  -3.7516832e+04
   6.9400000e+01  -1.4644653e+04  -5.3984215e+04
   6.9500000e+01  -1.6115516e+04  -8.2234344e+04
   6.9600000e+01  -7.8851816e+03  -1.1258519e+05
   6.9700000e+01   4.3269102e+03  -1.3295112e+05
   6.9800000e+01   1.0017368e+04  -1.4020841e+05
   6.9900000e+01   5.4319702e+03  -1.4346798e+05
   7.0000000e+01  -6.4116797e+02  -1.5584295e+05
   7.0100000e+01   4.7952822e+03  -1.8261714e+05
   7.0200000e+01   2.4504656e+04  -2.1634138e+05
   7.0300000e+01   4.6297203e+04  -2.4183481e+05
   7.0400000e+01   5.3660258e+04  -2.4567248e+05
   7.0500000e+01   4.0950844e+04  -2.2324656e+05
   7.0600000e+01   1.8020164e+04  -1.8030875e+05
   7.0700000e+01   5.2369629e+02  -1.2934702e+05
   7.0800000e+01  -3.9875068e+03  -8.2672453e+04
   7.0900000e+01  -1.4985088e+03  -4.5609527e+04
   7.1000000e+01  -4.7582139e+03  -1.4310929e+04
   7.1100000e+01  -2.1080262e+04   1.9620230e+04
   7.1200000e+01  -4.5017789e+04   6.1175391e+04
   7.1300000e+01  -6.1749348e+04   1.0758118e+05
   7.1400000e+01  -5.8641145e+04   1.5108736e+05
   7.1500000e+01  -3.5778699e+04   1.8524545e+05
   7.1600000e+01  -6.4460400e+03   2.0798205e+05
   7.1700000e+01   1.3281283e+04   2.1934116e+05
   7.1800000e+01   1.6758094e+04   2.1832891e+05
   7.1900000e+01   9.9928359e+03   2.0385011e+05
   7.2000000e+01   4.1387930e+03   1.7874325e+05
   7.2100000e+01   5.9509648e+03   1.5099448e+05
   7.2200000e+01   1.5190152e+04   1.2871170e+05
   7.2300000e+01   2.8740279e+04   1.1276766e+05
   7.2400000e+01   4.4422359e+04   9.4758172e+04
   7.2500000e+01   6.0687035e+04   6.3642008e+04
   7.2600000e+01   7.5341945e+04   1.6323960e+04
   7.2700000e+01   8.6953789e+04  -3.6760961e+04
   7.2800000e+01   9.6875891e+04  -7.6621680e+04
   7.2900000e+01   1.0755729e+05  -8.8564906e+04
   7.3000000e+01   1.1797976e+05  -7.3414312e+04
   7.3100000e+01   1.2212468e+05  -4.7695027e+04
   7.3200000e+01   1.1337207e+05  -3.1469428e+04
   7.3300000e+01   9.0338344e+04  -3.3002738e+04
   7.3400000e+01   5.7901508e+04  -4.3097027e+04
   7.3500000e+01   2.3115809e+04  -4.4184930e+04
   7.3600000e+01  -8.9487744e+03  -2.6259070e+04
   7.3700000e+01  -3.6152754e+04   4.4253652e+03
   7.3800000e+01  -5.8607469e+04   3.1202432e+04
   7.3900000e+01  -7.8590688e+04   4.1572531e+04
   7.4000000e+01  -9.9880867e+04   3.7343289e+04
   7.4100000e+01  -1.2446056e+05   3.1773016e+04
   7.4200000e+01  -1.4849211e+05   3.6829422e+04
   7.4300000e+01  -1.6259694e+05   5.2045738e+04
   7.4400000e+01  -1.5830317e+05   6.4681762e+04
   7.4500000e+01  -1.3573141e+05   6.0811051e+04
   7.4600000e+01  -1.0500812e+05   3.7376941e+04
   7.4700000e+01  -7.9105117e+04   4.6680469e+03
   7.4800000e+01  -6.3924793e+04  -2.2478658e+04
   7.4900000e+01  -5.4367586e+04  -3.6502133e+04
   7.5000000e+01  -3.9765234e+04  -4.1814574e+04
   7.5100000e+01  -1.3552295e+04  -4.9230648e+04
   7.5200000e+01   2.1344916e+04  -6.5649461e+04
   7.5300000e+01   5.5095574e+04  -8.7559953e+04
   7.5400000e+01   7.7642109e+04  -1.0332172e+05
   7.5500000e+01   8.3256062e+04  -1.0256091e+05
   7.5600000e+01   7.1073719e+04  -8.5592703e+04
   7.5700000e+01   4.4312359e+04  -6.4838523e+04
   7.5800000e+01   1.0224918e+04  -5.5628094e+04
   7.5900000e+01  -2.0811906e+04  -6.2985750e+04
   7.6000000e+01  -3.9265461e+04  -7.6050555e+04
   7.6100000e+01  -4.1975961e+04  -7.6181102e+04
   7.6200000e+01  -3.4755266e+04  -5.2305918e+04
   7.6300000e+01  -2.9214324e+04  -9.9501660e+03
   7.6400000e+01  -3.5463457e+04   3.3674227e+04
   7.6500000e+01  -5.5405383e+04   6.3122957e+04
   7.6600000e+01  -8.1158320e+04   7.4485812e+04
   7.6700000e+01  -1.0018984e+05   7.4316477e+04
   7.6800000e+01  -1.0409338e+05   7.0943977e+04
   7.6900000e+01  -9.4289719e+04   6.6916477e+04
   7.7000000e+01  -7.9417078e+04   5.8672918e+04
   7.7100000e+01  -6.6369906e+04   4.2681328e+04
   7.7200000e+01  -5.3393016e+04   2.1849686e+04
   7.7300000e+01  -3.1860840e+04   5.6335732e+03
   7.7400000e+01   5.3280391e+03   2.6611106e+03
   7.7500000e+01   5.6827223e+04   1.2278267e+04
   7.7600000e+01   1.1270826e+05   2.3910691e+04
   7.7700000e+01   1.5953403e+05   2.6263441e+04
   7.7800000e+01   1.8615802e+05   1.7806941e+04
   7.7900000e+01   1.8784145e+05   7.5751191e+03
   7.8000000e+01   1.6813391e+05   5.3109956e+03
   7.8100000e+01   1.3749206e+05   1.1968132e+04
   7.8200000e+01   1.0812697e+05   2.1194859e+04
   7.8300000e+01   8.7664500e+04   2.9234375e+04
   7.8400000e+01   7.6063078e+04   4.0151430e+04
   7.8500000e+01   6.7631625e+04   5.8833711e+04
   7.8600000e+01   5.5825859e+04   7.9972211e+04
   7.8700000e+01   3.7451180e+04   8.7853984e+04
   7.8800000e+01   1.4653041e+04   6.9865688e+04
   7.8900000e+01  -5.8556924e+03   2.9519582e+04
   7.9000000e+01  -1.6626969e+04  -1.6196598e+04
   7.9100000e+01  -1.4591719e+04  -5.2670168e+04
   7.9200000e+01  -3.0516875e+03  -7.8765805e+04
   7.9300000e+01   1.2004309e+04  -1.0131232e+05
   7.9400000e+01   2.7495180e+04  -1.2167909e+05
   7.9500000e+01   4.4080469e+04  -1.3248198e+05
   7.9600000e+01   6.1330922e+04  -1.2862455e+05
   7.9700000e+01   7.4188922e+04  -1.1756504e+05
   7.9800000e+01   7.6653812e+04  -1.1389441e+05
   7.9900000e+01   6.9014930e+04  -1.2307727e+05
   8.0000000e+01   5.9247672e+04  -1.3354789e+05
   8.0100000e+01   5.5538602e+04  -1.2721809e+05
   8.0200000e+01   5.7685730e+04  -9.7227172e+04
   8.0300000e+01   5.6780195e+04  -5.3999469e+04
   8.0400000e+01   4.3257801e+04  -1.4449627e+04
   8.0500000e+01   1.4687916e+04   1.2846276e+04
   8.0600000e+01  -2.3699080e+04   3.1554338e+04
   8.0700000e+01  -6.4171867e+04   4.9231285e+04
   8.0800000e+01  -1.0085555e+05   6.7903086e+04
   8.0900000e+01  -1.2995317e+05   8.3412992e+04
   8.1000000e+01  -1.4827692e+05   9.2069359e+04
   8.1100000e+01  -1.5381344e+05   9.5344609e+04
   8.1200000e+01  -1.4826112e+05   9.6927594e+04
   8.1300000e+01  -1.3793136e+05   9.6318133e+04
   8.1400000e+01  -1.3050855e+05   8.7892352e+04
   8.1500000e+01  -1.2969734e+05   6.8236312e+04
   8.1600000e+01  -1.3260233e+05   4.3948391e+04
   8.1700000e+01  -1.3244878e+05   2.9477109e+04
   8.1800000e+01  -1.2415542e+05   3.4551414e+04
   8.1900000e+01  -1.0769995e+05   5.3395637e+04
   8.2000000e+01  -8.6791234e+04   6.8298391e+04
   8.2100000e+01  -6.5083906e+04   6.5765977e+04
   8.2200000e+01  -4.4053441e+04   4.9279594e+04
   8.2300000e+01  -2.4175035e+04   3.5086734e+04
   8.2400000e+01  -7.3156816e+03   3.5144426e+04
   8.2500000e+01   2.8994463e+03   4.5152156e+04
   8.2600000e+01   3.7376016e+03   4.9948973e+04
   8.2700000e+01  -3.2527266e+03   3.9630645e+04
   8.2800000e+01  -1.1596882e+04   1.8839668e+04
   8.2900000e+01  -1.3342787e+04   4.9674658e+02
   8.3000000e+01  -4.2327207e+03  -7.3110967e+03
   8.3100000e+01   1.3525525e+04  -6.5893149e+03
   8.3200000e+01   3.2913910e+04  -3.0452856e+03
   8.3300000e+01   4.6422352e+04   2.2260508e+03
   8.3400000e+01   4.9714844e+04   1.2653444e+04
   8.3500000e+01   4.2972055e+04   2.8566641e+04
   8.3600000e+01   3.0242957e+04   4.1789625e+04
   8.3700000e+01   1.7379863e+04   3.9450512e+04
   8.3800000e+01   9.0641367e+03   1.4234854e+04
   8.3900000e+01   6.6384058e+03  -2.7855273e+04
   8.4000000e+01   8.8823896e+03  -6.8981383e+04
   8.4100000e+01   1.5002534e+04  -8.9748383e+04
   8.4200000e+01   2.5728373e+04  -8.1454375e+04
   8.4300000e+01   4.0216938e+04  -5.1779152e+04
   8.4400000e+01   5.2865062e+04  -1.9584342e+04
   8.4500000e+01   5.6388836e+04  -2.3884531e+03
   8.4600000e+01   5.0234090e+04  -5.8540410e+03
   8.4700000e+01   4.4412215e+04  -2.2921848e+04
   8.4800000e+01   5.1355621e+04  -4.2000219e+04
   8.4900000e+01   7.2318047e+04  -5.6348715e+04
   8.5000000e+01   9.3679977e+04  -6.7072281e+04
   8.5100000e+01   9.9225000e+04  -7.8891570e+04
   8.5200000e+01   8.6198188e+04  -9.4066617e+04
   8.5300000e+01   6.7756461e+04  -1.1017027e+05
   8.5400000e+01   5.9372684e+04  -1.2273673e+05
   8.5500000e+01   6.4233141e+04  -1.2913744e+05
   8.5600000e+01   7.2364070e+04  -1.2941477e+05
   8.5700000e+01   7.2185680e+04  -1.2341232e+05
   8.5800000e+01   6.1295055e+04  -1.0791295e+05
   8.5900000e+01   4.7139555e+04  -7.8157117e+04
   8.6000000e+01   3.9481508e+04  -3.3630375e+04
   8.6100000e+01   4.1974895e+04   1.7568773e+04
   8.6200000e+01   4.8306582e+04   6.1608457e+04
   8.6300000e+01   4.5345809e+04   8.7971758e+04
   8.6400000e+01   2.2773500e+04   9.6488086e+04
   8.6500000e+01  -1.6762795e+04   9.5433031e+04
   8.6600000e+01  -5.6713195e+04   9.2967383e+04
   8.6700000e+01  -7.8673102e+04   9.0965234e+04
   8.6800000e+01  -7.7854836e+04   8.6701477e+04
   8.6900000e+01  -6.6754398e+04   7.8569820e+04
   8.7000000e+01  -6.2712867e+04   6.8410172e+04
   8.7100000e+01  -7.1564227e+04   5.8679617e+04
   8.7200000e+01  -8.3006844e+04   4.9323070e+04
   8.7300000e+01  -8.0675062e+04   3.8443387e+04
   8.7400000e+01  -5.6218137e+04   2.5136646e+04
   8.7500000e+01  -1.5467201e+04   1.0587574e+04
   8.7600000e+01   2.6341254e+04  -3.0753188e+03
   8.7700000e+01   5.4998773e+04  -1.3614619e+04
   8.7800000e+01   6.5752438e+04  -1.8329211e+04
   8.7900000e+01   6.4292930e+04  -1.4515552e+04
   8.8000000e+01   5.9901047e+04  -1.7467832e+03
   8.8100000e+01   5.6501230e+04   1.6477885e+04
   8.8200000e+01   4.9833684e+04   3.4490129e+04
   8.8300000e+01   3.3511828e+04   4.8533781e+04
   8.8400000e+01   7.5124209e+03   5.9090188e+04
   8.8500000e+01  -2.0075531e+04   6.9152609e+04
   8.8600000e+01  -3.9788617e+04   8.0398055e+04
   8.8700000e+01  -4.8795781e+04   9.1024891e+04
   8.8800000e+01  -5.2600953e+04   9.7081859e+04
   8.8900000e+01  -6.0113043e+04   9.5977328e+04
   8.9000000e+01  -7.7202430e+04   8.9134125e+04
   8.9100000e+01  -1.0283606e+05   8.1269070e+04
   8.9200000e+01  -1.2874703e+05   7.6305695e+04
   8.9300000e+01  -1.4285758e+05   7.3124141e+04
   8.9400000e+01  -1.3624319e+05   6.5367535e+04
   8.9500000e+01  -1.1009424e+05   4.6407797e+04
   8.9600000e+01  -7.6233914e+04   1.5542088e+04
   8.9700000e+01  -4.8492742e+04  -2.0270137e+04
   8.9800000e+01  -3.1310045e+04  -5.1014574e+04
   8.9900000e+01  -1.6475055e+04  -7.0843031e+04
   9.0000000e+01   7.7993916e+03  -8.2256234e+04
   9.0100000e+01   4.3476773e+04  -9.4409648e+04
   9.0200000e+01   7.7949445e+04  -1.1680698e+05
   9.0300000e+01   9.3099711e+04  -1.5211181e+05
   9.0400000e+01   8.0290320e+04  -1.9242297e+05
   9.0500000e+01   4.7788383e+04  -2.2224692e+05
   9.0600000e+01   1.4047494e+04  -2.2778580e+05
   9.0700000e+01  -6.9856343e+03  -2.0698178e+05
   9.0800000e+01  -1.5546134e+04  -1.7235616e+05
   9.0900000e+01  -2.2736271e+04  -1.4292677e+05
   9.1000000e+01  -3.8133781e+04  -1.3033512e+05
   9.1100000e+01  -5.9957324e+04  -1.3014355e+05
   9.1200000e+01  -7.6270016e+04  -1.2598655e+05
   9.1300000e+01  -7.5332570e+04  -1.0365064e+05
   9.1400000e+01  -5.5581902e+04  -6.3100832e+04
   9.1500000e+01  -2.7116039e+04  -1.7569443e+04
   9.1600000e+01  -4.3662026e+03   1.9669080e+04
   9.1700000e+01   3.6738433e+03   4.8198922e+04
   9.1800000e+01  -1.5221028e+03   7.9966453e+04
   9.1900000e+01  -1.0629679e+04   1.2523278e+05
   9.2000000e+01  -1.4066662e+04   1.7871266e+05
   9.2100000e+01  -8.6616963e+03   2.1992859e+05
   9.2200000e+01   1.3764336e+03   2.2800214e+05
   9.2300000e+01   9.2474561e+03   1.9777955e+05
   9.2400000e+01   1.1630909e+04   1.4434517e+05
   9.2500000e+01   1.1195935e+04   9.4017172e+04
   9.2600000e+01   1.4436447e+04   6.9314570e+04
   9.2700000e+01   2.7359533e+04   7.6635961e+04
   9.2800000e+01   5.1920078e+04   1.0239578e+05
   9.2900000e+01   8.4476164e+04   1.2031646e+05
   9.3000000e+01   1.1669222e+05   1.0768153e+05
   9.3100000e+01   1.3908586e+05   6.0954969e+04
   9.3200000e+01   1.4596998e+05  -1.5834531e+03
   9.3300000e+01   1.3859505e+05  -5.3668891e+04
   9.3400000e+01   1.2380442e+05  -8.0149727e+04
   9.3500000e+01   1.0895213e+05  -8.4988508e+04
   9.3600000e+01   9.6822695e+04  -8.2736766e+04
   9.3700000e+01   8.4002852e+04  -8.3634648e+04
   9.3800000e+01   6.3629789e+04  -8.6401648e+04
   9.3900000e+01   3.1047816e+04  -8.2796820e+04
   9.4000000e+01  -1.0856244e+04  -6.6771398e+04
   9.4100000e+01  -5.0828434e+04  -3.9547906e+04
   9.4200000e+01  -7.5231266e+04  -8.2439258e+03
   9.4300000e+01  -7.7552609e+04   1.9078275e+04
   9.4400000e+01  -6.3468070e+04   3.8364137e+04
   9.4500000e+01  -4.6095316e+04   5.1841168e+04
   9.4600000e+01  -3.5190641e+04   6.5610891e+04
   9.4700000e+01  -3.0290084e+04   8.3143562e+04
   9.4800000e+01  -2.3821678e+04   9.9802352e+04
   9.4900000e+01  -1.0084939e+04   1.0461812e+05
   9.5000000e+01   9.2357090e+03   8.9318500e+04
   9.5100000e+01   2.7598582e+04   5.6433637e+04
   9.5200000e+01   4.0162910e+04   1.8097518e+04
   9.5300000e+01   4.7314203e+04  -1.3433868e+04
   9.5400000e+01   5.2595758e+04  -3.3862254e+04
   9.5500000e+01   5.8425922e+04  -4.6108297e+04
   9.5600000e+01   6.4106367e+04  -5.3721953e+04
   9.5700000e+01   6.7038422e+04  -5.7325422e+04
   9.5800000e+01   6.4746164e+04  -5.7668441e+04
   9.5900000e+01   5.5799266e+04  -5.9556086e+04
   9.6000000e+01   4.0372484e+04  -6.9475539e+04
   9.6100000e+01   2.1755975e+04  -8.8052094e+04
   9.6200000e+01   7.5432842e+03  -1.0617535e+05
   9.6300000e+01   7.2215977e+03  -1.1091105e+05
   9.6400000e+01   2.5431674e+04  -9.6771859e+04
   9.6500000e+01   5.5713016e+04  -7.1549961e+04
   9.6600000e+01   8.1665656e+04  -5.0942516e+04
   9.6700000e+01   8.7089031e+04  -4.6925324e+04
   9.6800000e+01   6.7897594e+04  -5.9821438e+04
   9.6900000e+01   3.5442914e+04  -7.9292070e+04
   9.7000000e+01   7.5837974e+03  -9.1608891e+04
   9.7100000e+01  -5.2463584e+03  -8.7323430e+04
   9.7200000e+01  -7.1210039e+03  -6.5393504e+04
   9.7300000e+01  -1.1284518e+04  -3.2665166e+04
   9.7400000e+01  -2.7869145e+04   6.7609369e+02
   9.7500000e+01  -5.5419297e+04   2.7220920e+04
   9.7600000e+01  -8.2411125e+04   4.5833539e+04
   9.7700000e+01  -9.6134562e+04   5.9678418e+04
   9.7800000e+01  -9.1432211e+04   7.0824695e+04
   9.7900000e+01  -7.3455039e+04   7.7229352e+04
   9.8000000e+01  -5.3520852e+04   7.5632039e+04
   9.8100000e+01  -4.1516523e+04   6.7275016e+04
   9.8200000e+01  -4.0264039e+04   5.9608078e+04
   9.8300000e+01  -4.5793684e+04   6.0926066e+04
   9.8400000e+01  -5.2588645e+04   7.2663969e+04
   9.8500000e+01  -5.8241617e+04   8.7423383e+04
   9.8600000e+01  -6.2931012e+04   9.5480820e+04
   9.8700000e+01  -6.5594453e+04   9.3634805e+04
   9.8800000e+01  -6.3026035e+04   8.7446281e+04
   9.8900000e+01  -5.4138848e+04   8.4833805e+04
   9.9000000e+01  -4.3802660e+04   8.8257320e+04
   9.9100000e+01  -3.9655145e+04   9.3777062e+04
   9.9200000e+01  -4.3726609e+04   9.6866430e+04
   9.9300000e+01  -4.8484250e+04   9.7072180e+04
   9.9400000e+01  -4.3404195e+04   9.5806719e+04
   9.9500000e+01  -2.6241883e+04   9.0924258e+04
   9.9600000e+01  -6.5057959e+03   7.6674898e+04
   9.9700000e+01   3.9389707e+03   5.1481363e+04
   9.9800000e+01   3.3536519e+03   2.4693693e+04
   9.9900000e+01   3.2684253e+02   1.0396844e+04
   1.0000000e+02   7.9020349e+02   1.0881624e+04
