   1.1851270e+02   3.6301420e+01   1.8450000e+02
   1.1970965e+02   3.7001329e+01   9.0000000e+00
   0.0000000e+00   7.9089758e+02   7.9089758e+02
   1.0000000e-01   3.1043193e+04  -2.1822688e+04
   2.0000000e-01   5.7844332e+04  -2.8352199e+04
   3.0000000e-01   7.0324758e+04  -1.5994953e+04
   4.0000000e-01   6.2992980e+04   8.6527051e+03
   5.0000000e-01   4.0821531e+04   3.0006984e+04
   6.0000000e-01   1.7845848e+04   3.2639344e+04
   7.0000000e-01   7.1234824e+03   1.4439190e+04
   8.0000000e-01   9.5770469e+03  -8.9837129e+03
   9.0000000e-01   1.2907092e+04  -1.6082034e+04
   1.0000000e+00   3.0396704e+03   1.6131699e+03
   1.1000000e+00  -2.2523744e+04   3.1934182e+04
   1.2000000e+00  -5.2796473e+04   5.4580020e+04
   1.3000000e+00  -7.4378578e+04   6.1331961e+04
   1.4000000e+00  -8.3449914e+04   6.2980254e+04
   1.5000000e+00  -8.6547078e+04   7.6206055e+04
   1.6000000e+00  -9.1059945e+04   1.0521270e+05
   1.7000000e+00  -9.7090273e+04   1.3753891e+05
   1.8000000e+00  -9.8971266e+04   1.5680078e+05
   1.9000000e+00  -9.2913594e+04   1.5711491e+05
   2.0000000e+00  -8.1400953e+04   1.4458766e+05
   2.1000000e+00  -7.0430695e+04   1.2735900e+05
   2.2000000e+00  -6.3996332e+04   1.0714834e+05
   2.3000000e+00  -6.1609227e+04   8.0486555e+04
   2.4000000e+00  -5.9705637e+04   4.5661660e+04
   2.5000000e+00  -5.4013141e+04   6.8254282e+03
   2.6000000e+00  -4.1048738e+04  -2.7899715e+04
   2.7000000e+00  -1.9492184e+04  -5.1428562e+04
   2.8000000e+00   7.9786885e+03  -6.2263867e+04
   2.9000000e+00   3.4075812e+04  -6.6397250e+04
   3.0000000e+00   4.9793059e+04  -7.4400125e+04
   3.1000000e+00   5.0243141e+04  -9.3348898e+04
   3.2000000e+00   3.9113008e+04  -1.1904488e+05
   3.3000000e+00   2.7095584e+04  -1.3719228e+05
   3.4000000e+00   2.4449514e+04  -1.3510609e+05
   3.5000000e+00   3.3854480e+04  -1.1344439e+05
   3.6000000e+00   5.0212770e+04  -8.5600719e+04
   3.7000000e+00   6.7052258e+04  -6.5434965e+04
   3.8000000e+00   8.1918656e+04  -5.6918559e+04
   3.9000000e+00   9.4814789e+04  -5.5618074e+04
   4.0000000e+00   1.0317919e+05  -5.6675508e+04
   4.1000000e+00   1.0195588e+05  -5.7482039e+04
   4.2000000e+00   9.0310234e+04  -5.3508617e+04
   4.3000000e+00   7.6117719e+04  -3.7167973e+04
   4.4000000e+00   7.0233758e+04  -5.2812920e+03
   4.5000000e+00   7.5078234e+04   3.3242172e+04
   4.6000000e+00   8.0260312e+04   6.1111285e+04
   4.7000000e+00   7.0710242e+04   6.6114469e+04
   4.8000000e+00   3.9038121e+04   5.0303051e+04
   4.9000000e+00  -9.5918643e+03   2.5621457e+04
   5.0000000e+00  -6.2458312e+04   2.1921028e+03
   5.1000000e+00  -1.0748374e+05  -1.7817424e+04
   5.2000000e+00  -1.3847664e+05  -3.6497168e+04
   5.3000000e+00  -1.5640981e+05  -5.3831922e+04
   5.4000000e+00  -1.6748634e+05  -6.6542977e+04
   5.5000000e+00  -1.7817067e+05  -7.1882547e+04
   5.6000000e+00  -1.8952255e+05  -7.0572703e+04
   5.7000000e+00  -1.9593488e+05  -6.5500438e+04
   5.8000000e+00  -1.9043147e+05  -5.8325324e+04
   5.9000000e+00  -1.7153095e+05  -4.8170465e+04
   6.0000000e+00  -1.4450556e+05  -3.3887500e+04
   6.1000000e+00  -1.1617974e+05  -1.7408664e+04
   6.2000000e+00  -8.9372359e+04  -4.1615073e+03
   6.3000000e+00  -6.2388922e+04   9.8429999e+02
   6.4000000e+00  -3.2744463e+04  -1.0634663e+03
   6.5000000e+00  -5.5798181e+02  -2.9624302e+03
   6.6000000e+00   3.1283727e+04   3.1206201e+03
   6.7000000e+00   5.9672598e+04   1.8069363e+04
   6.8000000e+00   8.4098797e+04   3.4649887e+04
   6.9000000e+00   1.0707373e+05   4.4399273e+04
   7.0000000e+00   1.3107828e+05   4.5672824e+04
   7.1000000e+00   1.5454388e+05   4.4619992e+04
   7.2000000e+00   1.7173423e+05   4.8691715e+04
   7.3000000e+00   1.7812253e+05   6.0121809e+04
   7.4000000e+00   1.7596731e+05   7.5681859e+04
   7.5000000e+00   1.7300044e+05   9.1070945e+04
   7.6000000e+00   1.7460166e+05   1.0369300e+05
   7.7000000e+00   1.7830502e+05   1.1132912e+05
   7.8000000e+00   1.7754584e+05   1.1044265e+05
   7.9000000e+00   1.7035369e+05   9.8149969e+04
   8.0000000e+00   1.6202331e+05   7.6227117e+04
   8.1000000e+00   1.5774884e+05   5.1710809e+04
   8.2000000e+00   1.5381766e+05   3.1928658e+04
   8.3000000e+00   1.3866812e+05   1.8381580e+04
   8.4000000e+00   1.0419171e+05   5.9498408e+03
   8.5000000e+00   5.5779023e+04  -1.1174221e+04
   8.6000000e+00   1.0349414e+04  -3.2297297e+04
   8.7000000e+00  -1.6278740e+04  -4.8837562e+04
   8.8000000e+00  -2.1171215e+04  -5.0573492e+04
   8.9000000e+00  -1.5299726e+04  -3.4439117e+04
   9.0000000e+00  -1.4094387e+04  -8.4651680e+03
   9.1000000e+00  -2.6237721e+04   1.2567784e+04
   9.2000000e+00  -4.9434328e+04   1.6749449e+04
   9.3000000e+00  -7.5078367e+04   3.1338120e+03
   9.4000000e+00  -9.6412750e+04  -1.7363297e+04
   9.5000000e+00  -1.1268450e+05  -2.9172688e+04
   9.6000000e+00  -1.2642584e+05  -2.2865182e+04
   9.7000000e+00  -1.3813828e+05  -2.0692378e+03
   9.8000000e+00  -1.4519497e+05   1.8959227e+04
   9.9000000e+00  -1.4652062e+05   2.5895865e+04
   1.0000000e+01  -1.4699709e+05   1.4985206e+04
   1.0100000e+01  -1.5481936e+05  -4.8931333e+03
   1.0200000e+01  -1.7311544e+05  -2.0122854e+04
   1.0300000e+01  -1.9491397e+05  -2.2903641e+04
   1.0400000e+01  -2.0802909e+05  -1.5564968e+04
   1.0500000e+01  -2.0561531e+05  -6.5449556e+03
   1.0600000e+01  -1.9154022e+05  -3.4979482e+03
   1.0700000e+01  -1.7532573e+05  -9.6714414e+03
   1.0800000e+01  -1.6269950e+05  -2.4397834e+04
   1.0900000e+01  -1.5167967e+05  -4.4534617e+04
   1.1000000e+01  -1.3685848e+05  -6.5020844e+04
   1.1100000e+01  -1.1559691e+05  -7.9946453e+04
   1.1200000e+01  -8.9410508e+04  -8.5422281e+04
   1.1300000e+01  -6.0766957e+04  -8.2350094e+04
   1.1400000e+01  -3.0399779e+04  -7.5849492e+04
   1.1500000e+01   2.0360505e+03  -7.1060688e+04
   1.1600000e+01   3.6069660e+04  -6.8907453e+04
   1.1700000e+01   7.0283930e+04  -6.5500371e+04
   1.1800000e+01   1.0368572e+05  -5.5222785e+04
   1.1900000e+01   1.3607947e+05  -3.4454527e+04
   1.2000000e+01   1.6658338e+05  -3.2769795e+03
   1.2100000e+01   1.9227517e+05   3.5106098e+04
   1.2200000e+01   2.0916042e+05   7.6052344e+04
   1.2300000e+01   2.1500903e+05   1.1515534e+05
   1.2400000e+01   2.1122812e+05   1.4906223e+05
   1.2500000e+01   2.0151891e+05   1.7485630e+05
   1.2600000e+01   1.8823150e+05   1.8864833e+05
   1.2700000e+01   1.7001822e+05   1.8557219e+05
   1.2800000e+01   1.4358192e+05   1.6278898e+05
   1.2900000e+01   1.0825173e+05   1.2370834e+05
   1.3000000e+01   6.8834914e+04   7.8834953e+04
   1.3100000e+01   3.3571160e+04   4.0550914e+04
   1.3200000e+01   8.9278984e+03   1.4951772e+04
   1.3300000e+01  -4.0004702e+03  -2.3094583e+03
   1.3400000e+01  -8.8410869e+03  -2.2052547e+04
   1.3500000e+01  -1.0660925e+04  -5.2638621e+04
   1.3600000e+01  -1.3059320e+04  -9.3701680e+04
   1.3700000e+01  -1.6673721e+04  -1.3728725e+05
   1.3800000e+01  -1.8684887e+04  -1.7411088e+05
   1.3900000e+01  -1.3813091e+04  -1.9880350e+05
   1.4000000e+01   2.2321306e+03  -2.1069827e+05
   1.4100000e+01   2.8271883e+04  -2.1189611e+05
   1.4200000e+01   5.6204684e+04  -2.0588242e+05
   1.4300000e+01   7.5157836e+04  -1.9704192e+05
   1.4400000e+01   7.8682734e+04  -1.8901995e+05
   1.4500000e+01   6.9116672e+04  -1.8166220e+05
   1.4600000e+01   5.5511723e+04  -1.6959214e+05
   1.4700000e+01   4.6999902e+04  -1.4512592e+05
   1.4800000e+01   4.6737270e+04  -1.0391777e+05
   1.4900000e+01   5.0305473e+04  -4.8634430e+04
   1.5000000e+01   4.8852414e+04   1.2188925e+04
   1.5100000e+01   3.4597676e+04   6.8641273e+04
   1.5200000e+01   5.6735215e+03   1.1381289e+05
   1.5300000e+01  -3.2244143e+04   1.4584939e+05
   1.5400000e+01  -6.8849883e+04   1.6725573e+05
   1.5500000e+01  -9.5498844e+04   1.8198577e+05
   1.5600000e+01  -1.1063952e+05   1.9208697e+05
   1.5700000e+01  -1.1970096e+05   1.9680494e+05
   1.5800000e+01  -1.2913356e+05   1.9537956e+05
   1.5900000e+01  -1.4025914e+05   1.9030441e+05
   1.6000000e+01  -1.4917083e+05   1.8606141e+05
   1.6100000e+01  -1.5219127e+05   1.8343416e+05
   1.6200000e+01  -1.4985073e+05   1.7640611e+05
   1.6300000e+01  -1.4451386e+05   1.5756527e+05
   1.6400000e+01  -1.3538997e+05   1.2790934e+05
   1.6500000e+01  -1.1840314e+05   9.9675016e+04
   1.6600000e+01  -9.1963336e+04   8.6733789e+04
   1.6700000e+01  -6.1535125e+04   9.0844562e+04
   1.6800000e+01  -3.6919086e+04   9.7768805e+04
   1.6900000e+01  -2.4797883e+04   8.7921469e+04
   1.7000000e+01  -2.4080504e+04   5.2119285e+04
   1.7100000e+01  -2.7715307e+04  -1.1743184e+03
   1.7200000e+01  -2.8363598e+04  -5.2266652e+04
   1.7300000e+01  -2.3597787e+04  -8.4157523e+04
   1.7400000e+01  -1.7758916e+04  -9.3191188e+04
   1.7500000e+01  -1.8639709e+04  -8.9258008e+04
   1.7600000e+01  -2.9540879e+04  -8.6252594e+04
   1.7700000e+01  -4.2829156e+04  -9.0691234e+04
   1.7800000e+01  -4.3528492e+04  -9.7894219e+04
   1.7900000e+01  -2.3122207e+04  -9.8560805e+04
   1.8000000e+01   9.3232734e+03  -8.8771359e+04
   1.8100000e+01   3.2579844e+04  -7.3373625e+04
   1.8200000e+01   3.2682381e+04  -6.0280547e+04
   1.8300000e+01   1.7303576e+04  -5.3047004e+04
   1.8400000e+01   9.7235605e+03  -4.9787121e+04
   1.8500000e+01   2.7973141e+04  -4.7945184e+04
   1.8600000e+01   6.9371109e+04  -4.7857008e+04
   1.8700000e+01   1.1370042e+05  -5.1111504e+04
   1.8800000e+01   1.3960684e+05  -5.7146520e+04
   1.8900000e+01   1.3892991e+05  -6.3265934e+04
   1.9000000e+01   1.1936773e+05  -6.8027250e+04
   1.9100000e+01   9.6997930e+04  -7.3458961e+04
   1.9200000e+01   8.5769297e+04  -8.3255945e+04
   1.9300000e+01   9.0214359e+04  -9.8783914e+04
   1.9400000e+01   1.0461367e+05  -1.1658821e+05
   1.9500000e+01   1.1837703e+05  -1.2937945e+05
   1.9600000e+01   1.2354597e+05  -1.3020571e+05
   1.9700000e+01   1.1866605e+05  -1.1786712e+05
   1.9800000e+01   1.0671257e+05  -9.9758422e+04
   1.9900000e+01   9.0747172e+04  -8.7936281e+04
   2.0000000e+01   7.2793375e+04  -8.8815016e+04
   2.0100000e+01   5.6478238e+04  -9.4697125e+04
   2.0200000e+01   4.8237523e+04  -8.7276352e+04
   2.0300000e+01   5.3008051e+04  -5.3331961e+04
   2.0400000e+01   6.7760016e+04   1.0156678e+03
   2.0500000e+01   8.0850711e+04   5.2847617e+04
   2.0600000e+01   8.0248203e+04   8.1755250e+04
   2.0700000e+01   6.3759906e+04   8.8219844e+04
   2.0800000e+01   4.0929141e+04   9.2900102e+04
   2.0900000e+01   2.4086152e+04   1.1696593e+05
   2.1000000e+01   1.7137727e+04   1.6199031e+05
   2.1100000e+01   1.2952632e+04   2.0803667e+05
   2.1200000e+01   1.2025946e+03   2.3137614e+05
   2.1300000e+01  -2.1899006e+04   2.2571314e+05
   2.1400000e+01  -5.1416477e+04   2.0803856e+05
   2.1500000e+01  -7.9812805e+04   2.0349723e+05
   2.1600000e+01  -1.0384740e+05   2.2179758e+05
   2.1700000e+01  -1.2543276e+05   2.4610362e+05
   2.1800000e+01  -1.4731762e+05   2.4588208e+05
   2.1900000e+01  -1.6978680e+05   2.0382070e+05
   2.2000000e+01  -1.9187725e+05   1.3233167e+05
   2.2100000e+01  -2.1411203e+05   6.3102738e+04
   2.2200000e+01  -2.3797500e+05   1.8660145e+04
   2.2300000e+01  -2.6237703e+05  -6.7018276e+03
   2.2400000e+01  -2.8216919e+05  -3.7873758e+04
   2.2500000e+01  -2.9145278e+05  -9.1082844e+04
   2.2600000e+01  -2.8782588e+05  -1.5537694e+05
   2.2700000e+01  -2.7204638e+05  -2.0163217e+05
   2.2800000e+01  -2.4388842e+05  -2.0928767e+05
   2.2900000e+01  -2.0088358e+05  -1.8414516e+05
   2.3000000e+01  -1.4321838e+05  -1.5123905e+05
   2.3100000e+01  -7.8762477e+04  -1.3223022e+05
   2.3200000e+01  -1.9795477e+04  -1.3014157e+05
   2.3300000e+01   2.7487445e+04  -1.3346841e+05
   2.3400000e+01   6.9280219e+04  -1.3087675e+05
   2.3500000e+01   1.1771988e+05  -1.1971501e+05
   2.3600000e+01   1.7726683e+05  -1.0254729e+05
   2.3700000e+01   2.3814712e+05  -8.0444680e+04
   2.3800000e+01   2.8354822e+05  -5.2878758e+04
   2.3900000e+01   3.0257775e+05  -2.3005762e+04
   2.4000000e+01   2.9640009e+05   5.0439099e+02
   2.4100000e+01   2.7431466e+05   9.0945156e+03
   2.4200000e+01   2.4694758e+05   1.7382771e+03
   2.4300000e+01   2.2329130e+05  -1.3622119e+04
   2.4400000e+01   2.1039917e+05  -2.5738652e+04
   2.4500000e+01   2.1104238e+05  -2.7497238e+04
   2.4600000e+01   2.1956670e+05  -1.9668869e+04
   2.4700000e+01   2.2178709e+05  -9.2431572e+03
   2.4800000e+01   2.0274692e+05  -3.8819875e+03
   2.4900000e+01   1.5806664e+05  -6.1132539e+03
   2.5000000e+01   9.9229930e+04  -1.1673421e+04
   2.5100000e+01   4.6765191e+04  -1.3726789e+04
   2.5200000e+01   1.5439353e+04  -8.9973066e+03
   2.5300000e+01   3.3800305e+03   6.4978906e+02
   2.5400000e+01  -5.2997285e+03   1.2427329e+04
   2.5500000e+01  -2.6371293e+04   2.6580414e+04
   2.5600000e+01  -6.2326535e+04   4.4561973e+04
   2.5700000e+01  -1.0150816e+05   6.4301680e+04
   2.5800000e+01  -1.2901512e+05   8.0081961e+04
   2.5900000e+01  -1.3860089e+05   8.8319414e+04
   2.6000000e+01  -1.3602344e+05   9.1850367e+04
   2.6100000e+01  -1.3355884e+05   9.6697102e+04
   2.6200000e+01  -1.4165153e+05   1.0529953e+05
   2.6300000e+01  -1.6269400e+05   1.1487763e+05
   2.6400000e+01  -1.8902736e+05   1.2226761e+05
   2.6500000e+01  -2.0660394e+05   1.2757940e+05
   2.6600000e+01  -2.0412727e+05   1.3116383e+05
   2.6700000e+01  -1.8221433e+05   1.2875649e+05
   2.6800000e+01  -1.5400788e+05   1.1351962e+05
   2.6900000e+01  -1.3478131e+05   8.4846445e+04
   2.7000000e+01  -1.2923717e+05   5.3462344e+04
   2.7100000e+01  -1.2852112e+05   3.4590121e+04
   2.7200000e+01  -1.1944737e+05   3.4182379e+04
   2.7300000e+01  -9.6441500e+04   4.2022656e+04
   2.7400000e+01  -6.5290094e+04   3.9384023e+04
   2.7500000e+01  -3.6992367e+04   1.4516660e+04
   2.7600000e+01  -1.8707984e+04  -2.8076641e+04
   2.7700000e+01  -9.1482520e+03  -7.1994367e+04
   2.7800000e+01  -3.9788232e+02  -1.0172284e+05
   2.7900000e+01   1.6415328e+04  -1.1265945e+05
   2.8000000e+01   4.5484289e+04  -1.1179098e+05
   2.8100000e+01   8.3827594e+04  -1.1103866e+05
   2.8200000e+01   1.2313345e+05  -1.1954876e+05
   2.8300000e+01   1.5460603e+05  -1.3942045e+05
   2.8400000e+01   1.7383209e+05  -1.6566803e+05
   2.8500000e+01   1.8307747e+05  -1.8929622e+05
   2.8600000e+01   1.8990534e+05  -2.0201447e+05
   2.8700000e+01   2.0231828e+05  -2.0058072e+05
   2.8800000e+01   2.2228831e+05  -1.8824692e+05
   2.8900000e+01   2.4186375e+05  -1.7198639e+05
   2.9000000e+01   2.4635945e+05  -1.5719848e+05
   2.9100000e+01   2.2451995e+05  -1.4384873e+05
   2.9200000e+01   1.7853772e+05  -1.2704009e+05
   2.9300000e+01   1.2480110e+05  -1.0135795e+05
   2.9400000e+01   8.3090680e+04  -6.5131191e+04
   2.9500000e+01   6.2168602e+04  -2.0867408e+04
   2.9600000e+01   5.3529555e+04   2.8269014e+04
   2.9700000e+01   3.8569262e+04   8.1866734e+04
   2.9800000e+01   3.3332310e+03   1.4090209e+05
   2.9900000e+01  -5.0986984e+04   2.0179016e+05
   3.0000000e+01  -1.0964164e+05   2.5254442e+05
   3.0100000e+01  -1.5559161e+05   2.7818797e+05
   3.0200000e+01  -1.8057697e+05   2.7361028e+05
   3.0300000e+01  -1.8769027e+05   2.5152983e+05
   3.0400000e+01  -1.8560314e+05   2.3437688e+05
   3.0500000e+01  -1.8136812e+05   2.3445364e+05
   3.0600000e+01  -1.7775166e+05   2.4129392e+05
   3.0700000e+01  -1.7493384e+05   2.3056909e+05
   3.0800000e+01  -1.7252106e+05   1.8724752e+05
   3.0900000e+01  -1.6953300e+05   1.2018712e+05
   3.1000000e+01  -1.6375394e+05   5.3917117e+04
   3.1100000e+01  -1.5267009e+05   6.8345737e+03
   3.1200000e+01  -1.3579284e+05  -2.2414926e+04
   3.1300000e+01  -1.1595420e+05  -4.9135297e+04
   3.1400000e+01  -9.7736008e+04  -8.5907523e+04
   3.1500000e+01  -8.3905117e+04  -1.3153794e+05
   3.1600000e+01  -7.3009164e+04  -1.7346141e+05
   3.1700000e+01  -6.0817809e+04  -1.9853511e+05
   3.1800000e+01  -4.4837352e+04  -2.0222577e+05
   3.1900000e+01  -2.7545781e+04  -1.9014306e+05
   3.2000000e+01  -1.4428680e+04  -1.7261203e+05
   3.2100000e+01  -7.9953447e+03  -1.5742283e+05
   3.2200000e+01  -3.7414551e+03  -1.4614189e+05
   3.2300000e+01   7.1876426e+03  -1.3572255e+05
   3.2400000e+01   3.0438688e+04  -1.2257584e+05
   3.2500000e+01   6.2872281e+04  -1.0500484e+05
   3.2600000e+01   9.4128508e+04  -8.2974461e+04
   3.2700000e+01   1.1407297e+05  -5.7454078e+04
   3.2800000e+01   1.2012218e+05  -3.0868297e+04
   3.2900000e+01   1.1906244e+05  -7.1091958e+03
   3.3000000e+01   1.2238332e+05   1.0756530e+04
   3.3100000e+01   1.3860236e+05   2.3456039e+04
   3.3200000e+01   1.6785142e+05   3.5202031e+04
   3.3300000e+01   2.0220230e+05   4.9114602e+04
   3.3400000e+01   2.3093991e+05   6.2660258e+04
   3.3500000e+01   2.4646503e+05   6.8382289e+04
   3.3600000e+01   2.4680611e+05   6.0148809e+04
   3.3700000e+01   2.3432934e+05   3.9454949e+04
   3.3800000e+01   2.1317095e+05   1.5979625e+04
   3.3900000e+01   1.8752605e+05   1.6232666e+03
   3.4000000e+01   1.6091302e+05   2.6056924e+03
   3.4100000e+01   1.3584347e+05   1.5589093e+04
   3.4200000e+01   1.1381610e+05   3.0827859e+04
   3.4300000e+01   9.5276750e+04   4.0274953e+04
   3.4400000e+01   7.8633633e+04   4.4441004e+04
   3.4500000e+01   5.8882785e+04   5.1817340e+04
   3.4600000e+01   2.8795623e+04   7.0315172e+04
   3.4700000e+01  -1.5606152e+04   9.7991039e+04
   3.4800000e+01  -6.9176250e+04   1.2262437e+05
   3.4900000e+01  -1.1854900e+05   1.3208809e+05
   3.5000000e+01  -1.5172003e+05   1.2597161e+05
   3.5100000e+01  -1.6847386e+05   1.1605773e+05
   3.5200000e+01  -1.8106488e+05   1.1406373e+05
   3.5300000e+01  -2.0339770e+05   1.1911085e+05
   3.5400000e+01  -2.3846319e+05   1.1866206e+05
   3.5500000e+01  -2.7554241e+05   1.0229933e+05
   3.5600000e+01  -2.9910384e+05   7.3284188e+04
   3.5700000e+01  -3.0069484e+05   4.5205137e+04
   3.5800000e+01  -2.8363419e+05   2.7789064e+04
   3.5900000e+01  -2.5805170e+05   1.7603617e+04
   3.6000000e+01  -2.3243686e+05   2.6950730e+03
   3.6100000e+01  -2.0955291e+05  -2.5725990e+04
   3.6200000e+01  -1.8877320e+05  -6.7323672e+04
   3.6300000e+01  -1.7012892e+05  -1.1583937e+05
   3.6400000e+01  -1.5460178e+05  -1.6423086e+05
   3.6500000e+01  -1.4085395e+05  -2.0571986e+05
   3.6600000e+01  -1.2366804e+05  -2.3332472e+05
   3.6700000e+01  -9.7443484e+04  -2.4261475e+05
   3.6800000e+01  -6.1405574e+04  -2.3547672e+05
   3.6900000e+01  -2.0349072e+04  -2.1847761e+05
   3.7000000e+01   2.0255404e+04  -1.9594652e+05
   3.7100000e+01   5.9229125e+04  -1.6644680e+05
   3.7200000e+01   9.9141086e+04  -1.2827466e+05
   3.7300000e+01   1.4132755e+05  -8.7145109e+04
   3.7400000e+01   1.8268498e+05  -5.4280730e+04
   3.7500000e+01   2.1808127e+05  -3.4496160e+04
   3.7600000e+01   2.4549630e+05  -1.8244764e+04
   3.7700000e+01   2.6774219e+05   1.0530796e+04
   3.7800000e+01   2.8832978e+05   5.7014320e+04
   3.7900000e+01   3.0561188e+05   1.0730966e+05
   3.8000000e+01   3.1176319e+05   1.3907167e+05
   3.8100000e+01   2.9865391e+05   1.4038648e+05
   3.8200000e+01   2.6554875e+05   1.1839308e+05
   3.8300000e+01   2.2115728e+05   9.1314891e+04
   3.8400000e+01   1.7781128e+05   7.4048594e+04
   3.8500000e+01   1.4319925e+05   7.0273711e+04
   3.8600000e+01   1.1705658e+05   7.4034320e+04
   3.8700000e+01   9.4619062e+04   7.5402609e+04
   3.8800000e+01   7.2098078e+04   6.5820086e+04
   3.8900000e+01   4.8906801e+04   4.2714777e+04
   3.9000000e+01   2.6147633e+04   1.2434744e+04
   3.9100000e+01   4.5288359e+03  -1.1891173e+04
   3.9200000e+01  -1.6127760e+04  -1.8231666e+04
   3.9300000e+01  -3.6473609e+04  -3.3820095e+03
   3.9400000e+01  -5.7596570e+04   2.6646797e+04
   3.9500000e+01  -8.1031945e+04   6.3344812e+04
   3.9600000e+01  -1.0771893e+05   1.0162648e+05
   3.9700000e+01  -1.3624786e+05   1.3889138e+05
   3.9800000e+01  -1.6245427e+05   1.7017402e+05
   3.9900000e+01  -1.8174569e+05   1.8701377e+05
   4.0000000e+01  -1.9256245e+05   1.8244800e+05
   4.0100000e+01  -1.9731267e+05   1.5666094e+05
   4.0200000e+01  -1.9917755e+05   1.1710328e+05
   4.0300000e+01  -1.9811509e+05   7.3210992e+04
   4.0400000e+01  -1.9133900e+05   3.0912543e+04
   4.0500000e+01  -1.7862927e+05  -8.9809414e+03
   4.0600000e+01  -1.6578797e+05  -4.8512758e+04
   4.0700000e+01  -1.5997805e+05  -8.8800609e+04
   4.0800000e+01  -1.6036705e+05  -1.2725629e+05
   4.0900000e+01  -1.5533922e+05  -1.5786162e+05
   4.1000000e+01  -1.3209188e+05  -1.7499755e+05
   4.1100000e+01  -9.0074234e+04  -1.7816762e+05
   4.1200000e+01  -4.3570121e+04  -1.7310830e+05
   4.1300000e+01  -9.5428682e+03  -1.6753539e+05
   4.1400000e+01   7.1607061e+03  -1.6512316e+05
   4.1500000e+01   1.6463844e+04  -1.6320728e+05
   4.1600000e+01   3.1994521e+04  -1.5584970e+05
   4.1700000e+01   5.8338617e+04  -1.3886881e+05
   4.1800000e+01   8.8494414e+04  -1.1257895e+05
   4.1900000e+01   1.1192236e+05  -8.1059953e+04
   4.2000000e+01   1.2401078e+05  -4.9651984e+04
   4.2100000e+01   1.2843744e+05  -2.2767113e+04
   4.2200000e+01   1.3180012e+05  -3.0050737e+03
   4.2300000e+01   1.3676088e+05   8.6818203e+03
   4.2400000e+01   1.4031488e+05   1.2877176e+04
   4.2500000e+01   1.3815248e+05   1.2395564e+04
   4.2600000e+01   1.2993316e+05   1.2699744e+04
   4.2700000e+01   1.1980839e+05   1.9822688e+04
   4.2800000e+01   1.1228151e+05   3.5844773e+04
   4.2900000e+01   1.0874879e+05   5.5940047e+04
   4.3000000e+01   1.0830541e+05   7.1044227e+04
   4.3100000e+01   1.1014020e+05   7.4542719e+04
   4.3200000e+01   1.1288649e+05   6.6428336e+04
   4.3300000e+01   1.1159508e+05   5.1097215e+04
   4.3400000e+01   9.7991438e+04   3.2528803e+04
   4.3500000e+01   6.6682078e+04   1.3090434e+04
   4.3600000e+01   2.2162254e+04  -3.7839272e+03
   4.3700000e+01  -2.1135709e+04  -1.2765163e+04
   4.3800000e+01  -4.7378031e+04  -1.0599855e+04
   4.3900000e+01  -5.0062941e+04  -5.3204163e+01
   4.4000000e+01  -3.6671711e+04   1.2384001e+04
   4.4100000e+01  -2.3773133e+04   2.3421115e+04
   4.4200000e+01  -2.5839463e+04   3.6306848e+04
   4.4300000e+01  -4.5409195e+04   5.6372969e+04
   4.4400000e+01  -7.1879102e+04   8.4368766e+04
   4.4500000e+01  -9.0170680e+04   1.1581416e+05
   4.4600000e+01  -9.2121375e+04   1.4649880e+05
   4.4700000e+01  -8.0677172e+04   1.7608323e+05
   4.4800000e+01  -6.4233789e+04   2.0433761e+05
   4.4900000e+01  -4.8691699e+04   2.2472780e+05
   4.5000000e+01  -3.5860895e+04   2.2484964e+05
   4.5100000e+01  -2.7489936e+04   1.9612327e+05
   4.5200000e+01  -2.6928625e+04   1.4402372e+05
   4.5300000e+01  -3.5045449e+04   8.7730625e+04
   4.5400000e+01  -4.6613031e+04   4.7573848e+04
   4.5500000e+01  -5.3798301e+04   3.0406855e+04
   4.5600000e+01  -5.3601789e+04   2.5285555e+04
   4.5700000e+01  -5.0033070e+04   1.2717399e+04
   4.5800000e+01  -4.8467500e+04  -2.0608324e+04
   4.5900000e+01  -4.9894629e+04  -7.3045953e+04
   4.6000000e+01  -5.2275059e+04  -1.3034323e+05
   4.6100000e+01  -5.5835406e+04  -1.7543919e+05
   4.6200000e+01  -6.3608324e+04  -1.9811267e+05
   4.6300000e+01  -7.5583281e+04  -1.9916750e+05
   4.6400000e+01  -8.4523969e+04  -1.8837080e+05
   4.6500000e+01  -8.0371430e+04  -1.7841339e+05
   4.6600000e+01  -5.9569086e+04  -1.7810566e+05
   4.6700000e+01  -2.9322387e+04  -1.8782552e+05
   4.6800000e+01  -2.3048538e+03  -1.9938750e+05
   4.6900000e+01   1.2735008e+04  -2.0086409e+05
   4.7000000e+01   1.6039236e+04  -1.8441473e+05
   4.7100000e+01   1.4678589e+04  -1.5254739e+05
   4.7200000e+01   1.6617389e+04  -1.1758052e+05
   4.7300000e+01   2.5788115e+04  -9.2943078e+04
   4.7400000e+01   4.0560598e+04  -8.2274844e+04
   4.7500000e+01   5.5528008e+04  -7.6255906e+04
   4.7600000e+01   6.5006918e+04  -6.1285266e+04
   4.7700000e+01   6.5792594e+04  -3.2228713e+04
   4.7800000e+01   5.7546020e+04   3.5884233e+03
   4.7900000e+01   4.1901477e+04   3.4886930e+04
   4.8000000e+01   2.2790881e+04   5.7507934e+04
   4.8100000e+01   7.7385703e+03   7.6106508e+04
   4.8200000e+01   6.1339780e+03   9.6368867e+04
   4.8300000e+01   2.2320123e+04   1.1827142e+05
   4.8400000e+01   4.8822738e+04   1.3764411e+05
   4.8500000e+01   6.8778352e+04   1.5205870e+05
   4.8600000e+01   6.8997250e+04   1.6286408e+05
   4.8700000e+01   5.2472453e+04   1.7179133e+05
   4.8800000e+01   3.6789684e+04   1.7747358e+05
   4.8900000e+01   3.8214902e+04   1.7593406e+05
   4.9000000e+01   5.6790199e+04   1.6357941e+05
   4.9100000e+01   7.7565766e+04   1.3957750e+05
   4.9200000e+01   8.6249969e+04   1.0686321e+05
   4.9300000e+01   8.2429820e+04   7.1865250e+04
   4.9400000e+01   7.6886570e+04   4.1674875e+04
   4.9500000e+01   7.7317859e+04   1.8613961e+04
   4.9600000e+01   7.8928922e+04  -3.2057864e+03
   4.9700000e+01   6.9848422e+04  -3.3605961e+04
   4.9800000e+01   4.4449113e+04  -7.5711203e+04
   4.9900000e+01   9.6587646e+03  -1.1914434e+05
   5.0000000e+01  -2.1701279e+04  -1.4613500e+05
   5.0100000e+01  -4.2059207e+04  -1.4699262e+05
   5.0200000e+01  -5.2890562e+04  -1.3002743e+05
   5.0300000e+01  -5.9457902e+04  -1.1463472e+05
   5.0400000e+01  -6.4811832e+04  -1.1293065e+05
   5.0500000e+01  -6.9525367e+04  -1.1779899e+05
   5.0600000e+01  -7.4315945e+04  -1.0946846e+05
   5.0700000e+01  -7.9525453e+04  -7.4239227e+04
   5.0800000e+01  -8.2207953e+04  -1.7251998e+04
   5.0900000e+01  -7.7317617e+04   4.1821230e+04
   5.1000000e+01  -6.4437539e+04   8.4245211e+04
   5.1100000e+01  -5.1997703e+04   1.0418543e+05
   5.1200000e+01  -5.1330473e+04   1.0900166e+05
   5.1300000e+01  -6.4913621e+04   1.1129948e+05
   5.1400000e+01  -8.1824078e+04   1.2044041e+05
   5.1500000e+01  -8.6656250e+04   1.3771069e+05
   5.1600000e+01  -7.3292742e+04   1.5585431e+05
   5.1700000e+01  -4.9688887e+04   1.6325705e+05
   5.1800000e+01  -2.9873715e+04   1.5169873e+05
   5.1900000e+01  -2.2145010e+04   1.2268062e+05
   5.2000000e+01  -2.4100072e+04   8.6326258e+04
   5.2100000e+01  -2.6507291e+04   5.2897852e+04
   5.2200000e+01  -2.0396896e+04   2.4737158e+04
   5.2300000e+01  -1.7713992e+03  -3.4426055e+03
   5.2400000e+01   2.7434457e+04  -3.6589840e+04
   5.2500000e+01   6.0890855e+04  -7.2324773e+04
   5.2600000e+01   9.0603633e+04  -1.0224334e+05
   5.2700000e+01   1.0983130e+05  -1.1998647e+05
   5.2800000e+01   1.1507562e+05  -1.2762142e+05
   5.2900000e+01   1.0655713e+05  -1.3352980e+05
   5.3000000e+01   8.7748969e+04  -1.4328844e+05
   5.3100000e+01   6.4866953e+04  -1.5225350e+05
   5.3200000e+01   4.6068852e+04  -1.4792139e+05
   5.3300000e+01   3.9038258e+04  -1.2135191e+05
   5.3400000e+01   4.6654754e+04  -7.7406000e+04
   5.3500000e+01   6.3369434e+04  -3.3049195e+04
   5.3600000e+01   7.6509070e+04  -3.7959756e+03
   5.3700000e+01   7.3824352e+04   9.3425918e+03
   5.3800000e+01   5.2461141e+04   1.9584484e+04
   5.3900000e+01   2.1440430e+04   4.0931055e+04
   5.4000000e+01  -5.4391904e+03   7.4732594e+04
   5.4100000e+01  -2.0211141e+04   1.0868636e+05
   5.4200000e+01  -2.5158135e+04   1.2764679e+05
   5.4300000e+01  -2.7900885e+04   1.2483128e+05
   5.4400000e+01  -3.3594883e+04   1.0387773e+05
   5.4500000e+01  -4.2305672e+04   7.2575453e+04
   5.4600000e+01  -5.2250949e+04   3.6260461e+04
   5.4700000e+01  -6.3007016e+04  -3.0871201e+03
   5.4800000e+01  -7.4641969e+04  -4.3153008e+04
   5.4900000e+01  -8.5193820e+04  -7.8784078e+04
   5.5000000e+01  -9.0967555e+04  -1.0452855e+05
   5.5100000e+01  -8.9886117e+04  -1.1985751e+05
   5.5200000e+01  -8.4025656e+04  -1.3075594e+05
   5.5300000e+01  -7.8553297e+04  -1.4458969e+05
   5.5400000e+01  -7.8249312e+04  -1.6277070e+05
   5.5500000e+01  -8.4605758e+04  -1.7891598e+05
   5.5600000e+01  -9.5145711e+04  -1.8436881e+05
   5.5700000e+01  -1.0474562e+05  -1.7481553e+05
   5.5800000e+01  -1.0800496e+05  -1.5146092e+05
   5.5900000e+01  -1.0148951e+05  -1.1777214e+05
   5.6000000e+01  -8.4663406e+04  -7.7613461e+04
   5.6100000e+01  -5.9210500e+04  -3.6389801e+04
   5.6200000e+01  -2.7861238e+04  -6.5034149e+02
   5.6300000e+01   5.9887163e+03   2.6658957e+04
   5.6400000e+01   3.8110469e+04   5.0587434e+04
   5.6500000e+01   6.4070488e+04   8.1532938e+04
   5.6600000e+01   8.0946906e+04   1.2633402e+05
   5.6700000e+01   8.8706305e+04   1.8137006e+05
   5.6800000e+01   9.0070500e+04   2.3391333e+05
   5.6900000e+01   8.9497969e+04   2.6962178e+05
   5.7000000e+01   9.2223914e+04   2.7978353e+05
   5.7100000e+01   1.0259718e+05   2.6482238e+05
   5.7200000e+01   1.2071745e+05   2.3413714e+05
   5.7300000e+01   1.3960133e+05   2.0211252e+05
   5.7400000e+01   1.4759234e+05   1.8013138e+05
   5.7500000e+01   1.3693509e+05   1.6873742e+05
   5.7600000e+01   1.1166625e+05   1.5761072e+05
   5.7700000e+01   8.5949992e+04   1.3569256e+05
   5.7800000e+01   7.2523102e+04   1.0256075e+05
   5.7900000e+01   7.1689219e+04   6.8706500e+04
   5.8000000e+01   7.1611680e+04   4.3567340e+04
   5.8100000e+01   5.9419410e+04   2.4501686e+04
   5.8200000e+01   3.2281027e+04  -2.0281470e+02
   5.8300000e+01  -1.0202953e+03  -3.6949875e+04
   5.8400000e+01  -2.7511566e+04  -7.7105297e+04
   5.8500000e+01  -3.8998496e+04  -1.0321658e+05
   5.8600000e+01  -3.6627980e+04  -1.0525249e+05
   5.8700000e+01  -3.0092053e+04  -9.0688523e+04
   5.8800000e+01  -3.2769242e+04  -7.9161477e+04
   5.8900000e+01  -5.4088086e+04  -8.7312344e+04
   5.9000000e+01  -9.2006398e+04  -1.1689320e+05
   5.9100000e+01  -1.3118833e+05  -1.5442783e+05
   5.9200000e+01  -1.5101234e+05  -1.8094141e+05
   5.9300000e+01  -1.3993161e+05  -1.8406792e+05
   5.9400000e+01  -1.0521314e+05  -1.6480388e+05
   5.9500000e+01  -6.8662672e+04  -1.3547291e+05
   5.9600000e+01  -5.0408535e+04  -1.1120980e+05
   5.9700000e+01  -5.3896965e+04  -1.0117259e+05
   5.9800000e+01  -6.4632094e+04  -1.0503262e+05
   5.9900000e+01  -6.2977891e+04  -1.1573352e+05
   6.0000000e+01  -3.9439547e+04  -1.2516602e+05
   6.0100000e+01  -2.8367285e+02  -1.2855029e+05
   6.0200000e+01   3.8966613e+04  -1.2535659e+05
   6.0300000e+01   6.5101566e+04  -1.1720710e+05
   6.0400000e+01   7.5048234e+04  -1.0517863e+05
   6.0500000e+01   7.5786664e+04  -8.9407883e+04
   6.0600000e+01   7.7755664e+04  -7.1475031e+04
   6.0700000e+01   8.6603430e+04  -5.5846855e+04
   6.0800000e+01   9.9017188e+04  -4.6096758e+04
   6.0900000e+01   1.0586024e+05  -3.8033570e+04
   6.1000000e+01   1.0015407e+05  -1.8829092e+04
   6.1100000e+01   8.2794461e+04   2.2323436e+04
   6.1200000e+01   6.0705082e+04   8.0318250e+04
   6.1300000e+01   3.9749012e+04   1.3323228e+05
   6.1400000e+01   2.0173553e+04   1.5934759e+05
   6.1500000e+01  -7.9090674e+02   1.5656553e+05
   6.1600000e+01  -2.2902865e+04   1.4374580e+05
   6.1700000e+01  -4.0985371e+04   1.4232711e+05
   6.1800000e+01  -4.9615816e+04   1.5779727e+05
   6.1900000e+01  -4.9256883e+04   1.7899828e+05
   6.2000000e+01  -4.7088777e+04   1.9207436e+05
   6.2100000e+01  -5.1450641e+04   1.9181927e+05
   6.2200000e+01  -6.4953660e+04   1.8109595e+05
   6.2300000e+01  -8.2086172e+04   1.6457373e+05
   6.2400000e+01  -9.3013664e+04   1.4561262e+05
   6.2500000e+01  -9.0528016e+04   1.2608148e+05
   6.2600000e+01  -7.4934461e+04   1.0512591e+05
   6.2700000e+01  -5.3191316e+04   7.8908773e+04
   6.2800000e+01  -3.3186828e+04   4.5690586e+04
   6.2900000e+01  -1.8403393e+04   1.2151683e+04
   6.3000000e+01  -7.8201768e+03  -9.3446104e+03
   6.3100000e+01  -1.8738342e+02  -1.3540181e+04
   6.3200000e+01   3.1987715e+03  -1.1213499e+04
   6.3300000e+01   1.0269734e+03  -2.1483045e+04
   6.3400000e+01  -3.5269778e+03  -5.3472297e+04
   6.3500000e+01  -3.0065090e+03  -9.6561266e+04
   6.3600000e+01   7.8143848e+03  -1.2920100e+05
   6.3700000e+01   2.5280170e+04  -1.3647045e+05
   6.3800000e+01   3.7625238e+04  -1.1988043e+05
   6.3900000e+01   3.4042926e+04  -9.3855469e+04
   6.4000000e+01   1.4814863e+04  -7.5403914e+04
   6.4100000e+01  -6.8031094e+03  -7.4674383e+04
   6.4200000e+01  -1.4174411e+04  -8.9762625e+04
   6.4300000e+01  -1.4910110e+03  -1.0780767e+05
   6.4400000e+01   2.0121217e+04  -1.1352298e+05
   6.4500000e+01   3.1765480e+04  -1.0047781e+05
   6.4600000e+01   2.3869174e+04  -7.5218055e+04
   6.4700000e+01   4.5225439e+03  -4.9635137e+04
   6.4800000e+01  -9.6325410e+03  -2.9580793e+04
   6.4900000e+01  -9.9523027e+03  -1.2035352e+04
   6.5000000e+01  -1.7511421e+03   7.3579043e+03
   6.5100000e+01   5.2652881e+03   2.6854854e+04
   6.5200000e+01   8.6003926e+03   4.0231832e+04
   6.5300000e+01   1.2450136e+04   4.4122047e+04
   6.5400000e+01   1.8121574e+04   4.1262812e+04
   6.5500000e+01   2.0180393e+04   3.6544406e+04
   6.5600000e+01   1.4112770e+04   3.2064115e+04
   6.5700000e+01   4.6295132e+03   2.7112318e+04
   6.5800000e+01   2.2960103e+03   2.1446373e+04
   6.5900000e+01   1.1466340e+04   1.6569326e+04
   6.6000000e+01   2.3926217e+04   1.3755426e+04
   6.6100000e+01   2.5955025e+04   1.2187771e+04
   6.6200000e+01   1.1258694e+04   9.7187920e+03
   6.6300000e+01  -1.3210644e+04   5.1032104e+03
   6.6400000e+01  -3.3128211e+04  -5.3799365e+02
   6.6500000e+01  -3.8127602e+04  -3.7873511e+03
   6.6600000e+01  -2.9194531e+04  -5.4004224e+02
   6.6700000e+01  -1.6902889e+04   1.0840432e+04
   6.6800000e+01  -1.1951435e+04   2.6465271e+04
   6.6900000e+01  -1.5335187e+04   3.7650809e+04
   6.7000000e+01  -1.7012357e+04   3.7001469e+04
   6.7100000e+01  -5.5707261e+03   2.5256213e+04
   6.7200000e+01   1.9520324e+04   1.1548059e+04
   6.7300000e+01   4.5650246e+04   5.6369336e+03
   6.7400000e+01   5.7977520e+04   9.4777109e+03
   6.7500000e+01   5.2630238e+04   1.6363662e+04
   6.7600000e+01   3.8801422e+04   1.7444404e+04
   6.7700000e+01   2.8695465e+04   8.1827939e+03
   6.7800000e+01   2.6932082e+04  -1.0277750e+04
   6.7900000e+01   2.9573629e+04  -3.2723203e+04
   6.8000000e+01   3.0882629e+04  -5.1005238e+04
   6.8100000e+01   2.8656551e+04  -5.6228594e+04
   6.8200000e+01   2.3602398e+04  -4.4859262e+04
   6.8300000e+01   1.6336754e+04  -2.4923910e+04
   6.8400000e+01   6.8029399e+03  -1.3370384e+04
   6.8500000e+01  -4.0121104e+03  -2.2684781e+04
   6.8600000e+01  -1.3168675e+04  -4.8303504e+04
   6.8700000e+01  -1.6847131e+04  -7.0981305e+04
   6.8800000e+01  -1.2096358e+04  -7.3876148e+04
   6.8900000e+01   1.6788433e+03  -5.7842578e+04
   6.9000000e+01   2.1354174e+04  -3.9478020e+04
   6.9100000e+01   3.9593758e+04  -3.4399707e+04
   6.9200000e+01   4.7097949e+04  -4.3101371e+04
   6.9300000e+01   3.7777922e+04  -5.2645254e+04
   6.9400000e+01   1.3595588e+04  -5.0275070e+04
   6.9500000e+01  -1.5204025e+04  -3.4101934e+04
   6.9600000e+01  -3.5579789e+04  -1.1662255e+04
   6.9700000e+01  -3.9566379e+04   9.1591602e+03
   6.9800000e+01  -2.9321902e+04   2.6164412e+04
   6.9900000e+01  -1.5914449e+04   4.1343004e+04
   7.0000000e+01  -1.2289911e+04   5.6530051e+04
   7.0100000e+01  -2.4598613e+04   7.2246023e+04
   7.0200000e+01  -4.7588082e+04   8.9523133e+04
   7.0300000e+01  -6.7690695e+04   1.1016125e+05
   7.0400000e+01  -7.2313516e+04   1.3392008e+05
   7.0500000e+01  -5.8914953e+04   1.5655788e+05
   7.0600000e+01  -3.6823609e+04   1.7229389e+05
   7.0700000e+01  -1.9857955e+04   1.7843878e+05
   7.0800000e+01  -1.5347665e+04   1.7670466e+05
   7.0900000e+01  -1.8834371e+04   1.6970616e+05
   7.1000000e+01  -1.9378439e+04   1.5718170e+05
   7.1100000e+01  -1.0761112e+04   1.3664377e+05
   7.1200000e+01   2.2784324e+03   1.0747166e+05
   7.1300000e+01   9.3278438e+03   7.3286758e+04
   7.1400000e+01   5.9551982e+03   3.9706129e+04
   7.1500000e+01  -6.5814258e+02   1.0002140e+04
   7.1600000e+01   1.3864753e+03  -1.6700578e+04
   7.1700000e+01   1.6391100e+04  -4.3151992e+04
   7.1800000e+01   3.6726406e+04  -7.0399555e+04
   7.1900000e+01   5.1045168e+04  -9.6650188e+04
   7.2000000e+01   5.5356059e+04  -1.1942399e+05
   7.2100000e+01   5.4326719e+04  -1.3835252e+05
   7.2200000e+01   5.2263449e+04  -1.5537228e+05
   7.2300000e+01   4.5815137e+04  -1.7189675e+05
   7.2400000e+01   2.8123783e+04  -1.8594895e+05
   7.2500000e+01  -3.8253348e+02  -1.9262195e+05
   7.2600000e+01  -2.8260418e+04  -1.8799819e+05
   7.2700000e+01  -4.2285270e+04  -1.7306600e+05
   7.2800000e+01  -4.0269980e+04  -1.5398228e+05
   7.2900000e+01  -3.3453691e+04  -1.3833769e+05
   7.3000000e+01  -3.5643156e+04  -1.3035335e+05
   7.3100000e+01  -5.0211523e+04  -1.2830449e+05
   7.3200000e+01  -6.7588664e+04  -1.2546615e+05
   7.3300000e+01  -7.4699094e+04  -1.1391231e+05
   7.3400000e+01  -6.6639758e+04  -8.9482547e+04
   7.3500000e+01  -5.0221734e+04  -5.5449773e+04
   7.3600000e+01  -3.7454312e+04  -2.1974641e+04
   7.3700000e+01  -3.5634836e+04  -7.0509216e+01
   7.3800000e+01  -4.2457297e+04   6.9266357e+03
   7.3900000e+01  -4.9288645e+04   7.7143662e+03
   7.4000000e+01  -4.8604398e+04   1.8093893e+04
   7.4100000e+01  -3.8681539e+04   4.8909770e+04
   7.4200000e+01  -2.2376705e+04   9.6141383e+04
   7.4300000e+01  -3.1209248e+03   1.4211766e+05
   7.4400000e+01   1.6809629e+04   1.6797772e+05
   7.4500000e+01   3.4987652e+04   1.6748520e+05
   7.4600000e+01   4.8194168e+04   1.5060278e+05
   7.4700000e+01   5.4582387e+04   1.3410467e+05
   7.4800000e+01   5.5711836e+04   1.2804501e+05
   7.4900000e+01   5.4884426e+04   1.3019080e+05
   7.5000000e+01   5.3580426e+04   1.3233045e+05
   7.5100000e+01   5.1225008e+04   1.3072542e+05
   7.5200000e+01   4.9000363e+04   1.2945340e+05
   7.5300000e+01   5.1716945e+04   1.3345656e+05
   7.5400000e+01   6.3186375e+04   1.3940266e+05
   7.5500000e+01   7.9681211e+04   1.3530914e+05
   7.5600000e+01   9.0672406e+04   1.1111065e+05
   7.5700000e+01   8.8379461e+04   7.0522703e+04
   7.5800000e+01   7.6295734e+04   3.1606551e+04
   7.5900000e+01   6.6487008e+04   1.3170500e+04
   7.6000000e+01   6.7689898e+04   1.8098320e+04
   7.6100000e+01   7.6692758e+04   2.9347701e+04
   7.6200000e+01   8.1734742e+04   2.3821688e+04
   7.6300000e+01   7.3510133e+04  -7.6618784e+03
   7.6400000e+01   5.2273504e+04  -5.2857121e+04
   7.6500000e+01   2.5475752e+04  -9.0116859e+04
   7.6600000e+01   7.4697656e+02  -1.0790380e+05
   7.6700000e+01  -1.8112607e+04  -1.1271777e+05
   7.6800000e+01  -3.0296764e+04  -1.1911134e+05
   7.6900000e+01  -3.6198637e+04  -1.3401269e+05
   7.7000000e+01  -3.7744035e+04  -1.5175770e+05
   7.7100000e+01  -3.9382500e+04  -1.6275980e+05
   7.7200000e+01  -4.6590430e+04  -1.6416019e+05
   7.7300000e+01  -6.1880082e+04  -1.6101077e+05
   7.7400000e+01  -8.2063211e+04  -1.5877628e+05
   7.7500000e+01  -1.0014480e+05  -1.5669820e+05
   7.7600000e+01  -1.1071883e+05  -1.4844514e+05
   7.7700000e+01  -1.1376886e+05  -1.2799135e+05
   7.7800000e+01  -1.1294339e+05  -9.4896969e+04
   7.7900000e+01  -1.1009893e+05  -5.5514090e+04
   7.8000000e+01  -1.0222942e+05  -1.9978541e+04
   7.8100000e+01  -8.4594023e+04   3.3950137e+03
   7.8200000e+01  -5.6977438e+04   1.3173870e+04
   7.8300000e+01  -2.6260549e+04   1.5355306e+04
   7.8400000e+01  -2.2179392e+03   1.8218109e+04
   7.8500000e+01   9.6201885e+03   2.5826576e+04
   7.8600000e+01   1.1668578e+04   3.6516012e+04
   7.8700000e+01   1.1880538e+04   4.7447273e+04
   7.8800000e+01   1.7684693e+04   5.9333191e+04
   7.8900000e+01   3.0707740e+04   7.5400109e+04
   7.9000000e+01   4.5635309e+04   9.5961688e+04
   7.9100000e+01   5.4154676e+04   1.1564667e+05
   7.9200000e+01   5.1667047e+04   1.2729340e+05
   7.9300000e+01   4.1540051e+04   1.2861777e+05
   7.9400000e+01   3.2554371e+04   1.2450709e+05
   7.9500000e+01   3.1121646e+04   1.2256788e+05
   7.9600000e+01   3.5588980e+04   1.2635080e+05
   7.9700000e+01   3.8489855e+04   1.3232794e+05
   7.9800000e+01   3.4488359e+04   1.3279894e+05
   7.9900000e+01   2.5814795e+04   1.2215095e+05
   8.0000000e+01   1.9928732e+04   1.0176996e+05
   8.0100000e+01   2.2350912e+04   7.9716109e+04
   8.0200000e+01   3.1819346e+04   6.4613539e+04
   8.0300000e+01   4.1511770e+04   5.8056395e+04
   8.0400000e+01   4.4155750e+04   5.2492457e+04
   8.0500000e+01   3.6650648e+04   3.7752039e+04
   8.0600000e+01   2.1646254e+04   1.0927312e+04
   8.0700000e+01   5.7990498e+03  -2.0073840e+04
   8.0800000e+01  -4.3652358e+03  -4.3170285e+04
   8.0900000e+01  -6.7723755e+03  -5.2364367e+04
   8.1000000e+01  -5.0037124e+03  -5.1687555e+04
   8.1100000e+01  -4.6855054e+03  -5.0176059e+04
   8.1200000e+01  -7.8837158e+03  -5.4074195e+04
   8.1300000e+01  -1.1185058e+04  -6.3380723e+04
   8.1400000e+01  -9.9901943e+03  -7.4133406e+04
   8.1500000e+01  -4.8016187e+03  -8.3264086e+04
   8.1600000e+01  -2.5325132e+03  -9.2372062e+04
   8.1700000e+01  -1.0766697e+04  -1.0752312e+05
   8.1800000e+01  -3.0321158e+04  -1.3362833e+05
   8.1900000e+01  -5.3325930e+04  -1.6656408e+05
   8.2000000e+01  -6.8630547e+04  -1.9124003e+05
   8.2100000e+01  -6.9702234e+04  -1.9101170e+05
   8.2200000e+01  -5.8727340e+04  -1.6209638e+05
   8.2300000e+01  -4.4608102e+04  -1.1862001e+05
   8.2400000e+01  -3.7218477e+04  -8.1581609e+04
   8.2500000e+01  -4.1831395e+04  -6.1815457e+04
   8.2600000e+01  -5.6294125e+04  -5.3560789e+04
   8.2700000e+01  -7.1724016e+04  -4.3561336e+04
   8.2800000e+01  -7.6546773e+04  -2.4577865e+04
   8.2900000e+01  -6.2867797e+04   1.8720728e+02
   8.3000000e+01  -3.2405861e+04   2.3480320e+04
   8.3100000e+01   2.4379954e+03   4.2033895e+04
   8.3200000e+01   2.5365623e+04   5.7941316e+04
   8.3300000e+01   2.7984238e+04   7.3755344e+04
   8.3400000e+01   1.7538145e+04   8.7771695e+04
   8.3500000e+01   1.2099705e+04   9.4623117e+04
   8.3600000e+01   2.4869057e+04   9.0534102e+04
   8.3700000e+01   5.0936914e+04   7.7988477e+04
   8.3800000e+01   7.0287820e+04   6.4966879e+04
   8.3900000e+01   6.6378328e+04   5.9115594e+04
   8.4000000e+01   4.3151070e+04   6.2433289e+04
   8.4100000e+01   2.2849846e+04   7.1599422e+04
   8.4200000e+01   2.5413469e+04   8.2823062e+04
   8.4300000e+01   4.9422668e+04   9.4995609e+04
   8.4400000e+01   7.3636766e+04   1.0730332e+05
   8.4500000e+01   7.7167953e+04   1.1485591e+05
   8.4600000e+01   5.7624129e+04   1.0932214e+05
   8.4700000e+01   3.0088555e+04   8.6221828e+04
   8.4800000e+01   1.0695783e+04   5.1963141e+04
   8.4900000e+01   3.2107004e+03   2.1957426e+04
   8.5000000e+01   6.0505615e+02   9.3237695e+03
   8.5100000e+01  -3.9860208e+03   1.3894800e+04
   8.5200000e+01  -1.0559094e+04   2.2324682e+04
   8.5300000e+01  -1.5068960e+04   1.9805295e+04
   8.5400000e+01  -1.5242915e+04   2.3670791e+03
   8.5500000e+01  -1.1787757e+04  -2.1665459e+04
   8.5600000e+01  -5.5797964e+03  -4.1141297e+04
   8.5700000e+01   3.5713276e+03  -5.1937375e+04
   8.5800000e+01   1.4856890e+04  -5.8159379e+04
   8.5900000e+01   2.4961801e+04  -6.6117227e+04
   8.6000000e+01   3.0079768e+04  -7.8875969e+04
   8.6100000e+01   2.9138850e+04  -9.5327641e+04
   8.6200000e+01   2.4310404e+04  -1.1126999e+05
   8.6300000e+01   1.8772834e+04  -1.2019120e+05
   8.6400000e+01   1.4899621e+04  -1.1588015e+05
   8.6500000e+01   1.4208780e+04  -9.8118969e+04
   8.6600000e+01   1.7204139e+04  -7.5982797e+04
   8.6700000e+01   2.1996855e+04  -6.1788762e+04
   8.6800000e+01   2.3932004e+04  -5.8766047e+04
   8.6900000e+01   1.8524658e+04  -5.5987062e+04
   8.7000000e+01   5.7189834e+03  -3.8971070e+04
   8.7100000e+01  -9.3460518e+03  -6.1308027e+03
   8.7200000e+01  -2.0659521e+04   2.8043406e+04
   8.7300000e+01  -2.6506529e+04   4.8169098e+04
   8.7400000e+01  -2.9986809e+04   5.4320480e+04
   8.7500000e+01  -3.4441730e+04   5.9842848e+04
   8.7600000e+01  -3.8925121e+04   7.3204188e+04
   8.7700000e+01  -3.8809168e+04   8.6435461e+04
   8.7800000e+01  -3.1167805e+04   8.4847742e+04
   8.7900000e+01  -1.9442693e+04   6.6304953e+04
   8.8000000e+01  -1.2164650e+04   4.6325027e+04
   8.8100000e+01  -1.6012391e+04   4.2391766e+04
   8.8200000e+01  -2.9203377e+04   5.5479266e+04
   8.8300000e+01  -4.1629234e+04   6.9334070e+04
   8.8400000e+01  -4.2384938e+04   6.7301883e+04
   8.8500000e+01  -2.8519805e+04   4.8093129e+04
   8.8600000e+01  -7.5503740e+03   2.5305457e+04
   8.8700000e+01   8.1847432e+03   1.3501084e+04
   8.8800000e+01   1.0356033e+04   1.5579548e+04
   8.8900000e+01  -2.7003369e+02   2.2340100e+04
   8.9000000e+01  -1.5679385e+04   2.2638551e+04
   8.9100000e+01  -2.7256664e+04   1.3755539e+04
   8.9200000e+01  -3.2021969e+04   2.7621951e+03
   8.9300000e+01  -3.3751379e+04  -1.4684207e+03
   8.9400000e+01  -3.8144328e+04   2.7142671e+03
   8.9500000e+01  -4.6457832e+04   8.5640039e+03
   8.9600000e+01  -5.4049477e+04   8.1864443e+03
   8.9700000e+01  -5.5567195e+04   1.0717326e+02
   8.9800000e+01  -5.0895152e+04  -1.0597062e+04
   8.9900000e+01  -4.4570141e+04  -1.8723043e+04
   9.0000000e+01  -3.9223430e+04  -2.4270184e+04
   9.0100000e+01  -3.1483293e+04  -3.1336617e+04
   9.0200000e+01  -1.6091598e+04  -4.2839293e+04
   9.0300000e+01   6.5295171e+03  -5.7238254e+04
   9.0400000e+01   2.8843096e+04  -7.0348375e+04
   9.0500000e+01   4.3163902e+04  -7.9660305e+04
   9.0600000e+01   4.9186660e+04  -8.6269445e+04
   9.0700000e+01   5.3809570e+04  -9.2276891e+04
   9.0800000e+01   6.3839508e+04  -9.6541797e+04
   9.0900000e+01   7.9183492e+04  -9.4037750e+04
   9.1000000e+01   9.2517688e+04  -8.0682938e+04
   9.1100000e+01   9.5044852e+04  -5.8981883e+04
   9.1200000e+01   8.3514336e+04  -3.7535156e+04
   9.1300000e+01   6.3207906e+04  -2.3585422e+04
   9.1400000e+01   4.4183863e+04  -1.6253360e+04
   9.1500000e+01   3.3068945e+04  -8.3354570e+03
   9.1600000e+01   2.7406604e+04   5.0645957e+03
   9.1700000e+01   1.8493225e+04   2.0987549e+04
   9.1800000e+01   4.5587158e+02   3.2413986e+04
   9.1900000e+01  -2.3811865e+04   3.6441184e+04
   9.2000000e+01  -4.6048223e+04   3.7051148e+04
   9.2100000e+01  -6.0818312e+04   3.9871742e+04
   9.2200000e+01  -6.8861820e+04   4.5917965e+04
   9.2300000e+01  -7.2944852e+04   5.1491508e+04
   9.2400000e+01  -7.3170883e+04   5.3188617e+04
   9.2500000e+01  -6.8113398e+04   5.1393594e+04
   9.2600000e+01  -5.8873734e+04   4.8812035e+04
   9.2700000e+01  -4.8792742e+04   4.6938410e+04
   9.2800000e+01  -3.8356633e+04   4.4644625e+04
   9.2900000e+01  -2.2858590e+04   3.9286262e+04
   9.3000000e+01   2.4171187e+03   2.8221297e+04
   9.3100000e+01   3.5095531e+04   1.0185730e+04
   9.3200000e+01   6.5892664e+04  -1.2527021e+04
   9.3300000e+01   8.6605742e+04  -3.2253672e+04
   9.3400000e+01   9.6714328e+04  -3.8186590e+04
   9.3500000e+01   1.0130767e+05  -2.3700398e+04
   9.3600000e+01   1.0375621e+05   6.5529072e+03
   9.3700000e+01   1.0204542e+05   3.7280668e+04
   9.3800000e+01   9.1865078e+04   5.2083820e+04
   9.3900000e+01   7.1377875e+04   4.4419309e+04
   9.4000000e+01   4.2574258e+04   2.1227172e+04
   9.4100000e+01   1.0130865e+04  -2.4428054e+03
   9.4200000e+01  -1.9196250e+04  -1.2430756e+04
   9.4300000e+01  -3.7661656e+04  -2.4286377e+03
   9.4400000e+01  -4.1035961e+04   2.3044570e+04
   9.4500000e+01  -3.4108711e+04   5.0056398e+04
   9.4600000e+01  -2.9629074e+04   6.1954914e+04
   9.4700000e+01  -3.8111602e+04   4.9771098e+04
   9.4800000e+01  -5.7409254e+04   1.9494689e+04
   9.4900000e+01  -7.3957609e+04  -1.1149243e+04
   9.5000000e+01  -7.5779539e+04  -2.5490471e+04
   9.5100000e+01  -6.3695746e+04  -1.9811080e+04
   9.5200000e+01  -4.8840109e+04  -4.4066108e+03
   9.5300000e+01  -4.0319516e+04   5.6520278e+03
   9.5400000e+01  -3.7588047e+04   1.0149170e+03
   9.5500000e+01  -3.4988074e+04  -1.7429605e+04
   9.5600000e+01  -3.0709453e+04  -4.0245535e+04
   9.5700000e+01  -2.8439602e+04  -5.4646344e+04
   9.5800000e+01  -3.1004951e+04  -5.1659477e+04
   9.5900000e+01  -3.5762312e+04  -3.2519688e+04
   9.6000000e+01  -3.7934160e+04  -8.4829121e+03
   9.6100000e+01  -3.6562227e+04   8.5212393e+03
   9.6200000e+01  -3.4474316e+04   1.6695066e+04
   9.6300000e+01  -3.2640949e+04   2.4392811e+04
   9.6400000e+01  -2.7602172e+04   3.7943605e+04
   9.6500000e+01  -1.6567254e+04   5.1274094e+04
   9.6600000e+01  -3.7360234e+03   5.0932551e+04
   9.6700000e+01   1.6089448e+03   3.1924068e+04
   9.6800000e+01  -5.0018105e+03   5.7952275e+03
   9.6900000e+01  -1.6125264e+04  -9.1353760e+03
   9.7000000e+01  -1.7061623e+04  -4.7136982e+03
   9.7100000e+01   1.2496979e+03   1.1174602e+04
   9.7200000e+01   3.3570645e+04   2.4259793e+04
   9.7300000e+01   6.4221457e+04   2.6786262e+04
   9.7400000e+01   7.9560727e+04   2.0915381e+04
   9.7500000e+01   7.7813953e+04   1.2731652e+04
   9.7600000e+01   6.8555867e+04   5.7530146e+03
   9.7700000e+01   6.3634887e+04  -3.0339423e+02
   9.7800000e+01   6.7776414e+04  -7.0177925e+03
   9.7900000e+01   7.6208547e+04  -1.4855053e+04
   9.8000000e+01   8.0306953e+04  -2.2573266e+04
   9.8100000e+01   7.5547773e+04  -2.8413711e+04
   9.8200000e+01   6.4250344e+04  -3.2230027e+04
   9.8300000e+01   5.0885078e+04  -3.6506215e+04
   9.8400000e+01   3.5878312e+04  -4.4349203e+04
   9.8500000e+01   1.6002242e+04  -5.5887219e+04
   9.8600000e+01  -8.4051016e+03  -6.7445047e+04
   9.8700000e+01  -2.8841188e+04  -7.5209922e+04
   9.8800000e+01  -3.4783676e+04  -7.9105945e+04
   9.8900000e+01  -2.5584701e+04  -8.1676227e+04
   9.9000000e+01  -1.3734379e+04  -8.3342984e+04
   9.9100000e+01  -1.3165741e+04  -8.0933094e+04
   9.9200000e+01  -2.4297004e+04  -7.2521867e+04
   9.9300000e+01  -3.3369605e+04  -6.2639496e+04
   9.9400000e+01  -2.8101068e+04  -5.9801094e+04
   9.9500000e+01  -1.2130322e+04  -6.7170242e+04
   9.9600000e+01  -1.2171984e+03  -7.6826875e+04
   9.9700000e+01  -5.2191230e+03  -7.6009406e+04
   9.9800000e+01  -1.6871252e+04  -5.9950016e+04
   9.9900000e+01  -2.0978594e+04  -3.5591984e+04
   1.0000000e+02  -1.3337888e+04  -1.0798414e+04
