   1.1851270e+02   3.6301420e+01   1.8450000e+02
   1.1884723e+02   3.7001657e+01   1.2100000e+01
   0.0000000e+00  -5.4037832e+03  -5.4037832e+03
   1.0000000e-01  -3.9731060e+03   1.4340625e+02
   2.0000000e-01  -7.3533008e+02   1.1101205e+04
   3.0000000e-01  -1.2603242e+03   2.0400074e+04
   4.0000000e-01  -4.5815234e+03   2.1914756e+04
   5.0000000e-01  -4.3484609e+03   1.4888604e+04
   6.0000000e-01   2.6844326e+03   3.1932769e+03
   7.0000000e-01   1.1043186e+04  -7.8881523e+03
   8.0000000e-01   1.1288418e+04  -1.4296068e+04
   9.0000000e-01   3.6655762e+02  -1.5073066e+04
   1.0000000e+00  -1.4296912e+04  -1.3469771e+04
   1.1000000e+00  -2.2042945e+04  -1.5253021e+04
   1.2000000e+00  -1.9923377e+04  -2.3622594e+04
   1.3000000e+00  -1.5662065e+04  -3.5088863e+04
   1.4000000e+00  -1.9670172e+04  -4.1649328e+04
   1.5000000e+00  -3.4483262e+04  -3.7908406e+04
   1.6000000e+00  -5.2037105e+04  -2.5125500e+04
   1.7000000e+00  -6.0921289e+04  -7.2879185e+03
   1.8000000e+00  -5.6309297e+04   1.5569958e+04
   1.9000000e+00  -4.3519738e+04   4.7617008e+04
   2.0000000e+00  -3.2674000e+04   9.0037203e+04
   2.1000000e+00  -2.9901137e+04   1.3544355e+05
   2.2000000e+00  -3.2850238e+04   1.7151928e+05
   2.3000000e+00  -3.3568820e+04   1.9023248e+05
   2.4000000e+00  -2.5173941e+04   1.9238583e+05
   2.5000000e+00  -6.3861035e+03   1.8350894e+05
   2.6000000e+00   1.8826424e+04   1.6744555e+05
   2.7000000e+00   4.4733750e+04   1.4512508e+05
   2.8000000e+00   6.7167523e+04   1.1771875e+05
   2.9000000e+00   8.4841211e+04   8.7779086e+04
   3.0000000e+00   9.8611742e+04   5.6330262e+04
   3.1000000e+00   1.0956212e+05   2.1083955e+04
   3.2000000e+00   1.1743144e+05  -1.9911074e+04
   3.3000000e+00   1.2089553e+05  -6.2970047e+04
   3.4000000e+00   1.1942656e+05  -9.9339570e+04
   3.5000000e+00   1.1424125e+05  -1.2235509e+05
   3.6000000e+00   1.0646598e+05  -1.3300144e+05
   3.7000000e+00   9.4306922e+04  -1.3688661e+05
   3.8000000e+00   7.3115141e+04  -1.3629238e+05
   3.9000000e+00   3.9304734e+04  -1.2752346e+05
   4.0000000e+00  -5.6730483e+03  -1.0728147e+05
   4.1000000e+00  -5.5535734e+04  -8.0124320e+04
   4.2000000e+00  -1.0324571e+05  -5.7194523e+04
   4.3000000e+00  -1.4481317e+05  -4.6912980e+04
   4.4000000e+00  -1.7976636e+05  -4.7999699e+04
   4.5000000e+00  -2.0889866e+05  -5.2164094e+04
   4.6000000e+00  -2.3166606e+05  -5.2580246e+04
   4.7000000e+00  -2.4495381e+05  -4.8866832e+04
   4.8000000e+00  -2.4406819e+05  -4.4996512e+04
   4.9000000e+00  -2.2593227e+05  -4.4613820e+04
   5.0000000e+00  -1.9237562e+05  -4.8985465e+04
   5.1000000e+00  -1.4987941e+05  -5.7702441e+04
   5.2000000e+00  -1.0474155e+05  -6.9380102e+04
   5.3000000e+00  -5.8145387e+04  -8.1600461e+04
   5.4000000e+00  -7.1364961e+03  -9.1465016e+04
   5.5000000e+00   4.8602914e+04  -9.6962016e+04
   5.6000000e+00   1.0169691e+05  -9.7570328e+04
   5.7000000e+00   1.4041511e+05  -9.3460336e+04
   5.8000000e+00   1.5795503e+05  -8.4675266e+04
   5.9000000e+00   1.5822309e+05  -7.1335305e+04
   6.0000000e+00   1.5202092e+05  -5.3922219e+04
   6.1000000e+00   1.4730334e+05  -3.2690033e+04
   6.2000000e+00   1.4269219e+05  -7.3853682e+03
   6.3000000e+00   1.2976751e+05   2.1234941e+04
   6.4000000e+00   1.0160275e+05   4.9592641e+04
   6.5000000e+00   6.0119293e+04   7.2557336e+04
   6.6000000e+00   1.6294735e+04   8.7885273e+04
   6.7000000e+00  -1.6896764e+04   9.8935844e+04
   6.8000000e+00  -3.3064422e+04   1.1139866e+05
   6.9000000e+00  -3.5353719e+04   1.2663083e+05
   7.0000000e+00  -3.1468918e+04   1.3901638e+05
   7.1000000e+00  -2.5796633e+04   1.4082320e+05
   7.2000000e+00  -1.6284703e+04   1.2961867e+05
   7.3000000e+00   1.4242515e+03   1.1054145e+05
   7.4000000e+00   2.7570006e+04   9.1661352e+04
   7.5000000e+00   5.6207863e+04   7.7779172e+04
   7.6000000e+00   7.8890344e+04   6.8371633e+04
   7.7000000e+00   8.9923172e+04   6.0057469e+04
   7.8000000e+00   8.8810531e+04   4.9977836e+04
   7.9000000e+00   7.9174742e+04   3.7305570e+04
   8.0000000e+00   6.6012141e+04   2.2904100e+04
   8.1000000e+00   5.2993469e+04   8.3782168e+03
   8.2000000e+00   4.0776930e+04  -4.7070234e+03
   8.3000000e+00   2.7248527e+04  -1.5233789e+04
   8.4000000e+00   9.9404238e+03  -2.2653605e+04
   8.5000000e+00  -1.1011967e+04  -2.7182568e+04
   8.6000000e+00  -3.2097859e+04  -3.0239256e+04
   8.7000000e+00  -4.8883379e+04  -3.4504738e+04
   8.8000000e+00  -5.9595262e+04  -4.2746742e+04
   8.9000000e+00  -6.6471992e+04  -5.5682543e+04
   9.0000000e+00  -7.3476406e+04  -7.0517289e+04
   9.1000000e+00  -8.2218680e+04  -8.1677734e+04
   9.2000000e+00  -8.9608508e+04  -8.3733375e+04
   9.3000000e+00  -8.9567930e+04  -7.4922727e+04
   9.4000000e+00  -7.7961078e+04  -5.8906199e+04
   9.5000000e+00  -5.6952664e+04  -4.2740387e+04
   9.6000000e+00  -3.4771527e+04  -3.1423477e+04
   9.7000000e+00  -2.0283746e+04  -2.3082078e+04
   9.8000000e+00  -1.6571242e+04  -1.0063527e+04
   9.9000000e+00  -1.9257740e+04   1.3577926e+04
   1.0000000e+01  -2.1216117e+04   4.5030305e+04
   1.0100000e+01  -1.9004713e+04   7.3984906e+04
   1.0200000e+01  -1.4616642e+04   9.1677500e+04
   1.0300000e+01  -1.1294930e+04   9.8170234e+04
   1.0400000e+01  -8.7786689e+03   1.0002690e+05
   1.0500000e+01  -3.7568882e+03   1.0163861e+05
   1.0600000e+01   5.1383931e+03   1.0048405e+05
   1.0700000e+01   1.4184457e+04   9.1033016e+04
   1.0800000e+01   1.7670180e+04   7.1454789e+04
   1.0900000e+01   1.4142799e+04   4.5177672e+04
   1.1000000e+01   8.5751758e+03   1.7066500e+04
   1.1100000e+01   7.5799917e+03  -9.7035625e+03
   1.1200000e+01   1.2718242e+04  -3.2807605e+04
   1.1300000e+01   1.9254221e+04  -4.9101965e+04
   1.1400000e+01   2.1660941e+04  -5.5882887e+04
   1.1500000e+01   1.9666846e+04  -5.3700180e+04
   1.1600000e+01   1.8185102e+04  -4.6519887e+04
   1.1700000e+01   2.1460520e+04  -3.8355656e+04
   1.1800000e+01   2.8152658e+04  -3.0009023e+04
   1.1900000e+01   3.2735275e+04  -1.9385465e+04
   1.2000000e+01   3.1396502e+04  -4.7686841e+03
   1.2100000e+01   2.5856471e+04   1.2477382e+04
   1.2200000e+01   2.1186494e+04   2.8362330e+04
   1.2300000e+01   2.0299539e+04   3.9225312e+04
   1.2400000e+01   2.0986980e+04   4.4104332e+04
   1.2500000e+01   1.8378932e+04   4.3965648e+04
   1.2600000e+01   1.0278045e+04   3.8663141e+04
   1.2700000e+01   2.9491504e+02   2.5612818e+04
   1.2800000e+01  -4.1887998e+03   2.7899722e+03
   1.2900000e+01   2.2623252e+03  -2.6871602e+04
   1.3000000e+01   1.8481008e+04  -5.5680484e+04
   1.3100000e+01   3.7257629e+04  -7.7307562e+04
   1.3200000e+01   5.0819914e+04  -9.2283047e+04
   1.3300000e+01   5.6145344e+04  -1.0582816e+05
   1.3400000e+01   5.4953867e+04  -1.2013205e+05
   1.3500000e+01   4.8962367e+04  -1.3084552e+05
   1.3600000e+01   3.6655352e+04  -1.3280383e+05
   1.3700000e+01   1.6215320e+04  -1.2776527e+05
   1.3800000e+01  -8.7600898e+03  -1.2329297e+05
   1.3900000e+01  -2.8826436e+04  -1.2283856e+05
   1.4000000e+01  -3.6052555e+04  -1.1928670e+05
   1.4100000e+01  -3.1764229e+04  -1.0142245e+05
   1.4200000e+01  -2.5602676e+04  -6.7296172e+04
   1.4300000e+01  -2.6413883e+04  -2.9199246e+04
   1.4400000e+01  -3.4797430e+04  -3.8230315e+03
   1.4500000e+01  -4.4634129e+04   2.1473755e+03
   1.4600000e+01  -5.0172926e+04  -3.9581763e+03
   1.4700000e+01  -5.0105922e+04  -9.9075703e+03
   1.4800000e+01  -4.5959352e+04  -9.5141641e+03
   1.4900000e+01  -3.9637066e+04  -4.3649014e+03
   1.5000000e+01  -3.3868141e+04   2.4405439e+03
   1.5100000e+01  -3.2833035e+04   1.0937812e+04
   1.5200000e+01  -3.9152184e+04   2.2367357e+04
   1.5300000e+01  -4.9651633e+04   3.5390359e+04
   1.5400000e+01  -5.6189613e+04   4.6886930e+04
   1.5500000e+01  -5.2536656e+04   5.6378531e+04
   1.5600000e+01  -4.0258047e+04   6.7539359e+04
   1.5700000e+01  -2.6743641e+04   8.4101531e+04
   1.5800000e+01  -1.7435578e+04   1.0521050e+05
   1.5900000e+01  -1.1040450e+04   1.2633173e+05
   1.6000000e+01  -2.8484775e+03   1.4465869e+05
   1.6100000e+01   8.2585234e+03   1.6198409e+05
   1.6200000e+01   1.7595145e+04   1.8107822e+05
   1.6300000e+01   1.9856309e+04   2.0001070e+05
   1.6400000e+01   1.5603072e+04   2.1186391e+05
   1.6500000e+01   1.1446736e+04   2.1078003e+05
   1.6600000e+01   1.3422134e+04   1.9718200e+05
   1.6700000e+01   2.0536547e+04   1.7578177e+05
   1.6800000e+01   2.5212072e+04   1.4919586e+05
   1.6900000e+01   2.0077332e+04   1.1597850e+05
   1.7000000e+01   4.4000586e+03   7.6200453e+04
   1.7100000e+01  -1.5573619e+04   3.6950129e+04
   1.7200000e+01  -3.1932289e+04   8.6988428e+03
   1.7300000e+01  -4.0814395e+04  -5.2899131e+03
   1.7400000e+01  -4.3781906e+04  -1.4118729e+04
   1.7500000e+01  -4.4462543e+04  -3.1374385e+04
   1.7600000e+01  -4.4106430e+04  -6.1706828e+04
   1.7700000e+01  -4.0296551e+04  -9.6316602e+04
   1.7800000e+01  -2.9882689e+04  -1.2182584e+05
   1.7900000e+01  -1.2957861e+04  -1.3241319e+05
   1.8000000e+01   6.5163262e+03  -1.3309036e+05
   1.8100000e+01   2.4279088e+04  -1.3307661e+05
   1.8200000e+01   3.9576820e+04  -1.3766756e+05
   1.8300000e+01   5.4861344e+04  -1.4529889e+05
   1.8400000e+01   7.1895586e+04  -1.4963431e+05
   1.8500000e+01   8.9042711e+04  -1.4395484e+05
   1.8600000e+01   1.0275501e+05  -1.2636571e+05
   1.8700000e+01   1.1086575e+05  -1.0338125e+05
   1.8800000e+01   1.1345505e+05  -8.7427469e+04
   1.8900000e+01   1.1102262e+05  -8.7511016e+04
   1.9000000e+01   1.0354159e+05  -1.0073774e+05
   1.9100000e+01   9.2119883e+04  -1.1433809e+05
   1.9200000e+01   8.0312734e+04  -1.1758215e+05
   1.9300000e+01   7.1793977e+04  -1.1126314e+05
   1.9400000e+01   6.6124617e+04  -1.0448583e+05
   1.9500000e+01   5.7845234e+04  -1.0306982e+05
   1.9600000e+01   4.0888305e+04  -1.0329083e+05
   1.9700000e+01   1.4192532e+04  -9.7377922e+04
   1.9800000e+01  -1.6977252e+04  -8.2794781e+04
   1.9900000e+01  -4.4775801e+04  -6.3858953e+04
   2.0000000e+01  -6.3557371e+04  -4.4887062e+04
   2.0100000e+01  -7.1888461e+04  -2.4335512e+04
   2.0200000e+01  -7.1635148e+04   3.0393730e+03
   2.0300000e+01  -6.6219289e+04   3.9428719e+04
   2.0400000e+01  -5.9404336e+04   8.0841578e+04
   2.0500000e+01  -5.4507652e+04   1.2032272e+05
   2.0600000e+01  -5.3659812e+04   1.5283672e+05
   2.0700000e+01  -5.7203652e+04   1.7664495e+05
   2.0800000e+01  -6.3521051e+04   1.9123652e+05
   2.0900000e+01  -6.9509258e+04   1.9546889e+05
   2.1000000e+01  -7.1820938e+04   1.8808112e+05
   2.1100000e+01  -6.8522883e+04   1.6939383e+05
   2.1200000e+01  -6.0127723e+04   1.4196219e+05
   2.1300000e+01  -4.8994285e+04   1.0949795e+05
   2.1400000e+01  -3.7326938e+04   7.5189516e+04
   2.1500000e+01  -2.5302396e+04   4.1014371e+04
   2.1600000e+01  -1.0804229e+04   8.6469727e+03
   2.1700000e+01   9.0437812e+03  -1.9146688e+04
   2.1800000e+01   3.5575445e+04  -3.8669582e+04
   2.1900000e+01   6.6866273e+04  -4.7661902e+04
   2.2000000e+01   9.7615602e+04  -4.7583934e+04
   2.2100000e+01   1.2096899e+05  -4.2581992e+04
   2.2200000e+01   1.3159247e+05  -3.5237141e+04
   2.2300000e+01   1.2819059e+05  -2.3576938e+04
   2.2400000e+01   1.1349897e+05  -3.3775798e+03
   2.2500000e+01   9.1430625e+04   2.6138043e+04
   2.2600000e+01   6.3663930e+04   5.9629301e+04
   2.2700000e+01   2.8994082e+04   8.9401023e+04
   2.2800000e+01  -1.3568125e+04   1.1155266e+05
   2.2900000e+01  -6.0993867e+04   1.2765901e+05
   2.3000000e+01  -1.0609426e+05   1.4046280e+05
   2.3100000e+01  -1.4182081e+05   1.4886281e+05
   2.3200000e+01  -1.6583441e+05   1.4768408e+05
   2.3300000e+01  -1.8070817e+05   1.3191680e+05
   2.3400000e+01  -1.8999222e+05   1.0078912e+05
   2.3500000e+01  -1.9466222e+05   5.8412801e+04
   2.3600000e+01  -1.9303239e+05   1.1586231e+04
   2.3700000e+01  -1.8258039e+05  -3.3056746e+04
   2.3800000e+01  -1.6086642e+05  -7.1113922e+04
   2.3900000e+01  -1.2590151e+05  -1.0090256e+05
   2.4000000e+01  -7.8099172e+04  -1.2200823e+05
   2.4100000e+01  -2.2833221e+04  -1.3314689e+05
   2.4200000e+01   3.0570738e+04  -1.3201211e+05
   2.4300000e+01   7.4681500e+04  -1.1798302e+05
   2.4400000e+01   1.0938702e+05  -9.4624703e+04
   2.4500000e+01   1.4044314e+05  -6.8271758e+04
   2.4600000e+01   1.7185017e+05  -4.3713523e+04
   2.4700000e+01   2.0008494e+05  -2.2259801e+04
   2.4800000e+01   2.1644423e+05  -4.7751602e+03
   2.4900000e+01   2.1475645e+05   4.6222549e+03
   2.5000000e+01   1.9624536e+05   1.4005811e+02
   2.5100000e+01   1.6735516e+05  -1.9678594e+04
   2.5200000e+01   1.3413448e+05  -4.8986746e+04
   2.5300000e+01   9.9131336e+04  -7.9273586e+04
   2.5400000e+01   6.2473805e+04  -1.0673778e+05
   2.5500000e+01   2.4489930e+04  -1.3365670e+05
   2.5600000e+01  -1.2693398e+04  -1.6209416e+05
   2.5700000e+01  -4.5115930e+04  -1.8765989e+05
   2.5800000e+01  -6.8636141e+04  -2.0109314e+05
   2.5900000e+01  -8.2245203e+04  -1.9627947e+05
   2.6000000e+01  -9.0654758e+04  -1.7601600e+05
   2.6100000e+01  -1.0197518e+05  -1.4952727e+05
   2.6200000e+01  -1.2008505e+05  -1.2449564e+05
   2.6300000e+01  -1.3846927e+05  -1.0135202e+05
   2.6400000e+01  -1.4342375e+05  -7.4527453e+04
   2.6500000e+01  -1.2554705e+05  -3.8763148e+04
   2.6600000e+01  -8.8675992e+04   5.0671152e+03
   2.6700000e+01  -4.7126461e+04   4.8861645e+04
   2.6800000e+01  -1.4123125e+04   8.1377938e+04
   2.6900000e+01   7.2311401e+03   9.4702367e+04
   2.7000000e+01   2.3230764e+04   8.8969570e+04
   2.7100000e+01   4.2155680e+04   7.2135680e+04
   2.7200000e+01   6.7684594e+04   5.4657117e+04
   2.7300000e+01   9.6932734e+04   4.2672387e+04
   2.7400000e+01   1.2226745e+05   3.4903105e+04
   2.7500000e+01   1.3521594e+05   2.5909932e+04
   2.7600000e+01   1.3114114e+05   1.2977574e+04
   2.7700000e+01   1.1216170e+05   3.9206592e+02
   2.7800000e+01   8.5534102e+04  -3.0237085e+03
   2.7900000e+01   5.8120004e+04   9.0549541e+03
   2.8000000e+01   3.1640035e+04   3.5470488e+04
   2.8100000e+01   2.9618867e+03   6.9122023e+04
   2.8200000e+01  -3.1177512e+04   1.0285252e+05
   2.8300000e+01  -6.9503148e+04   1.3353984e+05
   2.8400000e+01  -1.0543766e+05   1.6116264e+05
   2.8500000e+01  -1.3059310e+05   1.8558503e+05
   2.8600000e+01  -1.3988066e+05   2.0556916e+05
   2.8700000e+01  -1.3457675e+05   2.2045777e+05
   2.8800000e+01  -1.2078857e+05   2.3100694e+05
   2.8900000e+01  -1.0399704e+05   2.3743188e+05
   2.9000000e+01  -8.4056477e+04   2.3736931e+05
   2.9100000e+01  -5.5539879e+04   2.2726345e+05
   2.9200000e+01  -1.3827133e+04   2.0614311e+05
   2.9300000e+01   3.8485883e+04   1.7711447e+05
   2.9400000e+01   9.1312094e+04   1.4445355e+05
   2.9500000e+01   1.3390906e+05   1.0979273e+05
   2.9600000e+01   1.6292431e+05   7.2152375e+04
   2.9700000e+01   1.8414978e+05   3.1807928e+04
   2.9800000e+01   2.0581569e+05  -6.7658628e+03
   2.9900000e+01   2.2888562e+05  -3.6718902e+04
   3.0000000e+01   2.4315905e+05  -5.4141977e+04
   3.0100000e+01   2.3374167e+05  -6.2016969e+04
   3.0200000e+01   1.9341180e+05  -6.8991883e+04
   3.0300000e+01   1.3012675e+05  -8.3288914e+04
   3.0400000e+01   6.2012043e+04  -1.0603402e+05
   3.0500000e+01   3.4435688e+03  -1.2951293e+05
   3.0600000e+01  -4.4926516e+04  -1.4272516e+05
   3.0700000e+01  -9.2354984e+04  -1.4035473e+05
   3.0800000e+01  -1.4434473e+05  -1.2724770e+05
   3.0900000e+01  -1.9371147e+05  -1.1392000e+05
   3.1000000e+01  -2.2628188e+05  -1.0743921e+05
   3.1100000e+01  -2.3531173e+05  -1.0690239e+05
   3.1200000e+01  -2.2902680e+05  -1.0749601e+05
   3.1300000e+01  -2.2311367e+05  -1.0734653e+05
   3.1400000e+01  -2.2617362e+05  -1.0872423e+05
   3.1500000e+01  -2.3300756e+05  -1.1297422e+05
   3.1600000e+01  -2.3134297e+05  -1.1698180e+05
   3.1700000e+01  -2.1379581e+05  -1.1704308e+05
   3.1800000e+01  -1.8350256e+05  -1.1576534e+05
   3.1900000e+01  -1.5024920e+05  -1.2222248e+05
   3.2000000e+01  -1.2279973e+05  -1.4288305e+05
   3.2100000e+01  -1.0397691e+05  -1.7270553e+05
   3.2200000e+01  -9.0471922e+04  -1.9734395e+05
   3.2300000e+01  -7.5992094e+04  -2.0541748e+05
   3.2400000e+01  -5.5638199e+04  -1.9786967e+05
   3.2500000e+01  -2.8952963e+04  -1.8425620e+05
   3.2600000e+01   8.0762695e+02  -1.7077731e+05
   3.2700000e+01   3.0703842e+04  -1.5423595e+05
   3.2800000e+01   6.1133469e+04  -1.2833909e+05
   3.2900000e+01   9.4243594e+04  -9.3368828e+04
   3.3000000e+01   1.2988573e+05  -5.6465938e+04
   3.3100000e+01   1.6475322e+05  -2.2298494e+04
   3.3200000e+01   1.9603445e+05   1.3417613e+04
   3.3300000e+01   2.2411902e+05   5.8634754e+04
   3.3400000e+01   2.4954903e+05   1.1419195e+05
   3.3500000e+01   2.6778022e+05   1.7092861e+05
   3.3600000e+01   2.7010619e+05   2.1812562e+05
   3.3700000e+01   2.5235614e+05   2.5272253e+05
   3.3800000e+01   2.2210988e+05   2.7849169e+05
   3.3900000e+01   1.9453639e+05   2.9739662e+05
   3.4000000e+01   1.7906488e+05   3.0465956e+05
   3.4100000e+01   1.7018209e+05   2.9352050e+05
   3.4200000e+01   1.5228947e+05   2.6339881e+05
   3.4300000e+01   1.1416213e+05   2.2159888e+05
   3.4400000e+01   5.9142301e+04   1.7699797e+05
   3.4500000e+01   2.3757012e+03   1.3318928e+05
   3.4600000e+01  -4.0742219e+04   8.8173398e+04
   3.4700000e+01  -6.3980547e+04   3.9994562e+04
   3.4800000e+01  -7.1007219e+04  -7.9853325e+03
   3.4900000e+01  -6.9570117e+04  -4.7223090e+04
   3.5000000e+01  -6.5366000e+04  -6.9204594e+04
   3.5100000e+01  -5.9620055e+04  -7.1222406e+04
   3.5200000e+01  -5.0248082e+04  -5.8065711e+04
   3.5300000e+01  -3.4494023e+04  -3.8382562e+04
   3.5400000e+01  -1.1420472e+04  -1.8806115e+04
   3.5500000e+01   1.6415551e+04  -6.9666626e+02
   3.5600000e+01   4.2644387e+04   1.8204512e+04
   3.5700000e+01   5.8826930e+04   3.9498988e+04
   3.5800000e+01   5.8147773e+04   6.1546188e+04
   3.5900000e+01   3.9179836e+04   8.0496211e+04
   3.6000000e+01   6.9504336e+03   9.3093555e+04
   3.6100000e+01  -2.9883885e+04   9.8282750e+04
   3.6200000e+01  -6.3950895e+04   9.6581266e+04
   3.6300000e+01  -9.2828164e+04   8.8392516e+04
   3.6400000e+01  -1.1935630e+05   7.2886492e+04
   3.6500000e+01  -1.4886578e+05   4.8213785e+04
   3.6600000e+01  -1.8506006e+05   1.2809504e+04
   3.6700000e+01  -2.2675056e+05  -3.3120578e+04
   3.6800000e+01  -2.6755634e+05  -8.6933547e+04
   3.6900000e+01  -2.9932231e+05  -1.4400564e+05
   3.7000000e+01  -3.1704228e+05  -1.9866995e+05
   3.7100000e+01  -3.2108609e+05  -2.4496777e+05
   3.7200000e+01  -3.1468534e+05  -2.7748016e+05
   3.7300000e+01  -2.9950847e+05  -2.9283584e+05
   3.7400000e+01  -2.7404384e+05  -2.9131531e+05
   3.7500000e+01  -2.3585956e+05  -2.7679894e+05
   3.7600000e+01  -1.8429836e+05  -2.5422520e+05
   3.7700000e+01  -1.2068954e+05  -2.2624844e+05
   3.7800000e+01  -4.7431176e+04  -1.9205672e+05
   3.7900000e+01   3.1363176e+04  -1.4960609e+05
   3.8000000e+01   1.0863701e+05  -9.9371203e+04
   3.8100000e+01   1.7624589e+05  -4.6201219e+04
   3.8200000e+01   2.2998741e+05   2.5927979e+03
   3.8300000e+01   2.7227975e+05   4.1568469e+04
   3.8400000e+01   3.0795766e+05   7.0349398e+04
   3.8500000e+01   3.3676494e+05   9.2867641e+04
   3.8600000e+01   3.5134156e+05   1.1316070e+05
   3.8700000e+01   3.4406066e+05   1.3150522e+05
   3.8800000e+01   3.1555447e+05   1.4468830e+05
   3.8900000e+01   2.7514725e+05   1.5032283e+05
   3.9000000e+01   2.3249572e+05   1.5070481e+05
   3.9100000e+01   1.8985822e+05   1.5161570e+05
   3.9200000e+01   1.4344031e+05   1.5664544e+05
   3.9300000e+01   9.1640859e+04   1.6300041e+05
   3.9400000e+01   4.0522211e+04   1.6400341e+05
   3.9500000e+01   7.1117310e+02   1.5637312e+05
   3.9600000e+01  -2.0352088e+04   1.4441178e+05
   3.9700000e+01  -2.2785494e+04   1.3584956e+05
   3.9800000e+01  -1.2172927e+04   1.3342403e+05
   3.9900000e+01   5.2343716e+03   1.3183528e+05
   4.0000000e+01   2.5201631e+04   1.2418270e+05
   4.0100000e+01   4.5291965e+04   1.1079788e+05
   4.0200000e+01   6.3870242e+04   9.9709320e+04
   4.0300000e+01   7.9409789e+04   9.7145969e+04
   4.0400000e+01   8.9433289e+04   9.8439344e+04
   4.0500000e+01   8.9354258e+04   9.0070375e+04
   4.0600000e+01   7.3337820e+04   6.1352355e+04
   4.0700000e+01   3.8089539e+04   1.3589291e+04
   4.0800000e+01  -1.3378070e+04  -4.2047773e+04
   4.0900000e+01  -7.2315258e+04  -9.3848094e+04
   4.1000000e+01  -1.2952441e+05  -1.3544222e+05
   4.1100000e+01  -1.8059838e+05  -1.6422398e+05
   4.1200000e+01  -2.2621438e+05  -1.7820495e+05
   4.1300000e+01  -2.6781556e+05  -1.7734069e+05
   4.1400000e+01  -3.0350228e+05  -1.6678759e+05
   4.1500000e+01  -3.2792475e+05  -1.5512792e+05
   4.1600000e+01  -3.3549309e+05  -1.4708067e+05
   4.1700000e+01  -3.2366909e+05  -1.3888867e+05
   4.1800000e+01  -2.9425816e+05  -1.2301830e+05
   4.1900000e+01  -2.5267819e+05  -9.7852914e+04
   4.2000000e+01  -2.0575702e+05  -7.1288617e+04
   4.2100000e+01  -1.5857955e+05  -5.3592363e+04
   4.2200000e+01  -1.1179276e+05  -4.7260289e+04
   4.2300000e+01  -6.1631352e+04  -4.5148723e+04
   4.2400000e+01  -3.6349658e+03  -3.8702363e+04
   4.2500000e+01   6.2194070e+04  -2.6965645e+04
   4.2600000e+01   1.2910481e+05  -1.6951887e+04
   4.2700000e+01   1.8678869e+05  -1.6061045e+04
   4.2800000e+01   2.2811867e+05  -2.5283590e+04
   4.2900000e+01   2.5407483e+05  -3.9449125e+04
   4.3000000e+01   2.7251647e+05  -5.2335117e+04
   4.3100000e+01   2.9148522e+05  -6.0397680e+04
   4.3200000e+01   3.1249041e+05  -6.2455602e+04
   4.3300000e+01   3.2933597e+05  -5.7739672e+04
   4.3400000e+01   3.3319588e+05  -4.5279281e+04
   4.3500000e+01   3.1922522e+05  -2.4832922e+04
   4.3600000e+01   2.8903741e+05   1.9169746e+03
   4.3700000e+01   2.4758472e+05   3.0631020e+04
   4.3800000e+01   1.9816573e+05   5.4747340e+04
   4.3900000e+01   1.4057373e+05   6.8315625e+04
   4.4000000e+01   7.3921055e+04   7.0663617e+04
   4.4100000e+01   1.0012861e+03   6.8683828e+04
   4.4200000e+01  -7.0483961e+04   7.2493750e+04
   4.4300000e+01  -1.3160317e+05   8.6450047e+04
   4.4400000e+01  -1.7781278e+05   1.0379434e+05
   4.4500000e+01  -2.1127836e+05   1.1113546e+05
   4.4600000e+01  -2.3733464e+05   9.9438078e+04
   4.4700000e+01  -2.5819812e+05   7.1543172e+04
   4.4800000e+01  -2.7029372e+05   3.9783457e+04
   4.4900000e+01  -2.6837406e+05   1.6639789e+04
   4.5000000e+01  -2.5244830e+05   6.7472607e+03
   4.5100000e+01  -2.2996181e+05   5.9129150e+03
   4.5200000e+01  -2.1028386e+05   6.3894785e+03
   4.5300000e+01  -1.9684344e+05   3.3623018e+03
   4.5400000e+01  -1.8494970e+05  -2.2472485e+03
   4.5500000e+01  -1.6725906e+05  -6.0292749e+03
   4.5600000e+01  -1.4094794e+05  -4.5849297e+03
   4.5700000e+01  -1.0971287e+05   1.9522017e+03
   4.5800000e+01  -7.9934656e+04   1.0921303e+04
   4.5900000e+01  -5.5872805e+04   1.9478006e+04
   4.6000000e+01  -3.7911367e+04   2.5766312e+04
   4.6100000e+01  -2.3508131e+04   2.9252258e+04
   4.6200000e+01  -8.7568496e+03   3.1665621e+04
   4.6300000e+01   9.8302080e+03   3.7477219e+04
   4.6400000e+01   3.2996688e+04   5.1336004e+04
   4.6500000e+01   5.7640301e+04   7.3338180e+04
   4.6600000e+01   7.9498625e+04   9.7230094e+04
   4.6700000e+01   9.8295430e+04   1.1461846e+05
   4.6800000e+01   1.1950816e+05   1.2128479e+05
   4.6900000e+01   1.4901039e+05   1.1896184e+05
   4.7000000e+01   1.8513219e+05   1.1153191e+05
   4.7100000e+01   2.1734853e+05   1.0108410e+05
   4.7200000e+01   2.3457759e+05   8.8035742e+04
   4.7300000e+01   2.3495483e+05   7.3119000e+04
   4.7400000e+01   2.2633581e+05   5.7031914e+04
   4.7500000e+01   2.1681022e+05   3.8336637e+04
   4.7600000e+01   2.0591050e+05   1.3892112e+04
   4.7700000e+01   1.8643062e+05  -1.7153867e+04
   4.7800000e+01   1.5452819e+05  -5.0254488e+04
   4.7900000e+01   1.1631205e+05  -7.7383125e+04
   4.8000000e+01   8.3225914e+04  -9.2482352e+04
   4.8100000e+01   6.1187617e+04  -9.5406367e+04
   4.8200000e+01   4.5249164e+04  -9.1505133e+04
   4.8300000e+01   2.5377668e+04  -8.7903797e+04
   4.8400000e+01  -2.8363806e+03  -8.8931531e+04
   4.8500000e+01  -3.3451621e+04  -9.2991516e+04
   4.8600000e+01  -5.5712141e+04  -9.3301773e+04
   4.8700000e+01  -6.3817441e+04  -8.3463844e+04
   4.8800000e+01  -6.1476023e+04  -6.4209898e+04
   4.8900000e+01  -5.7905109e+04  -4.4463879e+04
   4.9000000e+01  -6.0395035e+04  -3.4119602e+04
   4.9100000e+01  -7.0601297e+04  -3.5133984e+04
   4.9200000e+01  -8.6334648e+04  -4.0759094e+04
   4.9300000e+01  -1.0483877e+05  -4.4331914e+04
   4.9400000e+01  -1.2374534e+05  -4.7789176e+04
   4.9500000e+01  -1.4038409e+05  -5.9775059e+04
   4.9600000e+01  -1.5218906e+05  -8.5152953e+04
   4.9700000e+01  -1.5821675e+05  -1.1800522e+05
   4.9800000e+01  -1.5915211e+05  -1.4637750e+05
   4.9900000e+01  -1.5514591e+05  -1.6351670e+05
   5.0000000e+01  -1.4451538e+05  -1.7309052e+05
   5.0100000e+01  -1.2566162e+05  -1.8300116e+05
   5.0200000e+01  -9.9835070e+04  -1.9504878e+05
   5.0300000e+01  -7.0639086e+04  -2.0150933e+05
   5.0400000e+01  -4.0684016e+04  -1.9167388e+05
   5.0500000e+01  -1.0295309e+04  -1.6154761e+05
   5.0600000e+01   1.9535035e+04  -1.1803443e+05
   5.0700000e+01   4.4498703e+04  -7.4637328e+04
   5.0800000e+01   5.9846617e+04  -4.2196059e+04
   5.0900000e+01   6.6320828e+04  -2.1161887e+04
   5.1000000e+01   7.0879219e+04  -1.1916802e+03
   5.1100000e+01   7.9364422e+04   3.0442676e+04
   5.1200000e+01   8.9165398e+04   7.7185430e+04
   5.1300000e+01   9.1555102e+04   1.2844543e+05
   5.1400000e+01   8.1904852e+04   1.6747688e+05
   5.1500000e+01   6.5356109e+04   1.8565461e+05
   5.1600000e+01   5.0310992e+04   1.8946762e+05
   5.1700000e+01   3.7476195e+04   1.9316759e+05
   5.1800000e+01   1.8614371e+04   2.0463516e+05
   5.1900000e+01  -1.2526153e+04   2.1858855e+05
   5.2000000e+01  -5.0215906e+04   2.2278783e+05
   5.2100000e+01  -8.0242625e+04   2.0972339e+05
   5.2200000e+01  -9.3056094e+04   1.8265772e+05
   5.2300000e+01  -9.1128609e+04   1.5233902e+05
   5.2400000e+01  -8.2752328e+04   1.2906823e+05
   5.2500000e+01  -7.1113961e+04   1.1656035e+05
   5.2600000e+01  -5.2078121e+04   1.1101295e+05
   5.2700000e+01  -2.2109268e+04   1.0536944e+05
   5.2800000e+01   1.4497348e+04   9.5792930e+04
   5.2900000e+01   4.7688438e+04   8.5133258e+04
   5.3000000e+01   6.9793250e+04   7.9771148e+04
   5.3100000e+01   8.0519031e+04   8.2525414e+04
   5.3200000e+01   8.4911766e+04   8.9101578e+04
   5.3300000e+01   8.8101852e+04   9.2018812e+04
   5.3400000e+01   9.1832141e+04   8.7278125e+04
   5.3500000e+01   9.4054875e+04   7.6120680e+04
   5.3600000e+01   9.0658727e+04   6.1017727e+04
   5.3700000e+01   7.8623688e+04   4.2324824e+04
   5.3800000e+01   5.9151496e+04   1.9947318e+04
   5.3900000e+01   3.7673090e+04  -3.6274648e+03
   5.4000000e+01   1.9271934e+04  -2.4637725e+04
   5.4100000e+01   3.3390068e+03  -4.2547574e+04
   5.4200000e+01  -1.6277355e+04  -6.1101883e+04
   5.4300000e+01  -4.4542402e+04  -8.3645461e+04
   5.4400000e+01  -7.8657586e+04  -1.0866387e+05
   5.4500000e+01  -1.0906177e+05  -1.3162908e+05
   5.4600000e+01  -1.2730289e+05  -1.5056942e+05
   5.4700000e+01  -1.3248592e+05  -1.6739873e+05
   5.4800000e+01  -1.2987658e+05  -1.8280730e+05
   5.4900000e+01  -1.2401642e+05  -1.9179662e+05
   5.5000000e+01  -1.1397554e+05  -1.8689105e+05
   5.5100000e+01  -9.4891406e+04  -1.6630191e+05
   5.5200000e+01  -6.2968039e+04  -1.3752364e+05
   5.5300000e+01  -1.8623002e+04  -1.1175662e+05
   5.5400000e+01   3.4244133e+04  -9.4817391e+04
   5.5500000e+01   9.0813461e+04  -8.3470719e+04
   5.5600000e+01   1.4689830e+05  -6.9803570e+04
   5.5700000e+01   1.9859142e+05  -4.8853160e+04
   5.5800000e+01   2.4122330e+05  -2.3393094e+04
   5.5900000e+01   2.6958394e+05  -3.0247932e+03
   5.6000000e+01   2.8018175e+05   1.9606128e+03
   5.6100000e+01   2.7369766e+05  -1.1351897e+04
   5.6200000e+01   2.5427611e+05  -3.4516836e+04
   5.6300000e+01   2.2477366e+05  -5.2756934e+04
   5.6400000e+01   1.8224397e+05  -5.6355547e+04
   5.6500000e+01   1.1961876e+05  -4.8005340e+04
   5.6600000e+01   3.3943742e+04  -3.8287891e+04
   5.6700000e+01  -6.6270320e+04  -3.3989145e+04
   5.6800000e+01  -1.6267242e+05  -3.2097691e+04
   5.6900000e+01  -2.3735994e+05  -2.5306750e+04
   5.7000000e+01  -2.8295247e+05  -1.0985566e+04
   5.7100000e+01  -3.0411466e+05   7.4885498e+03
   5.7200000e+01  -3.1057366e+05   2.7044656e+04
   5.7300000e+01  -3.0856397e+05   4.8995121e+04
   5.7400000e+01  -2.9717266e+05   7.5265000e+04
   5.7500000e+01  -2.7087575e+05   1.0272316e+05
   5.7600000e+01  -2.2521028e+05   1.2413454e+05
   5.7700000e+01  -1.6126359e+05   1.3488516e+05
   5.7800000e+01  -8.5976828e+04   1.3684472e+05
   5.7900000e+01  -8.4593711e+03   1.3492525e+05
   5.8000000e+01   6.4129160e+04   1.3144762e+05
   5.8100000e+01   1.2736735e+05   1.2515405e+05
   5.8200000e+01   1.7726505e+05   1.1439931e+05
   5.8300000e+01   2.0892980e+05   9.8928234e+04
   5.8400000e+01   2.1878594e+05   7.8463344e+04
   5.8500000e+01   2.0765489e+05   5.2196453e+04
   5.8600000e+01   1.8012022e+05   2.1652949e+04
   5.8700000e+01   1.4018714e+05  -7.3037808e+03
   5.8800000e+01   8.8435453e+04  -2.8349252e+04
   5.8900000e+01   2.4481721e+04  -4.1458223e+04
   5.9000000e+01  -4.7937457e+04  -5.3597613e+04
   5.9100000e+01  -1.1926039e+05  -7.0430820e+04
   5.9200000e+01  -1.7785584e+05  -8.7905836e+04
   5.9300000e+01  -2.1544020e+05  -9.4471562e+04
   5.9400000e+01  -2.2955634e+05  -8.2614836e+04
   5.9500000e+01  -2.2251675e+05  -5.6929723e+04
   5.9600000e+01  -1.9910653e+05  -2.9767541e+04
   5.9700000e+01  -1.6438817e+05  -1.0035957e+04
   5.9800000e+01  -1.2150326e+05   2.2332056e+03
   5.9900000e+01  -7.0474344e+04   1.1277928e+04
   6.0000000e+01  -1.0185273e+04   1.8630318e+04
   6.0100000e+01   5.6897145e+04   2.2150076e+04
   6.0200000e+01   1.2205761e+05   2.0208582e+04
   6.0300000e+01   1.7409931e+05   1.4328871e+04
   6.0400000e+01   2.0708022e+05   7.4614141e+03
   6.0500000e+01   2.2383728e+05   1.2212737e+03
   6.0600000e+01   2.3065492e+05  -4.6118706e+03
   6.0700000e+01   2.2853156e+05  -1.1146423e+04
   6.0800000e+01   2.1123362e+05  -1.9910984e+04
   6.0900000e+01   1.7301395e+05  -3.2317736e+04
   6.1000000e+01   1.1751014e+05  -4.7906504e+04
   6.1100000e+01   5.7630984e+04  -6.2989922e+04
   6.1200000e+01   6.5028306e+03  -7.2406414e+04
   6.1300000e+01  -3.0632336e+04  -7.3518891e+04
   6.1400000e+01  -5.5958227e+04  -6.8043883e+04
   6.1500000e+01  -7.3083789e+04  -5.9361906e+04
   6.1600000e+01  -8.3669711e+04  -4.8501000e+04
   6.1700000e+01  -8.8948859e+04  -3.3703598e+04
   6.1800000e+01  -9.0830508e+04  -1.3997590e+04
   6.1900000e+01  -8.8801531e+04   7.8240483e+03
   6.2000000e+01  -7.6794883e+04   2.6830893e+04
   6.2100000e+01  -4.6558918e+04   4.0894969e+04
   6.2200000e+01   3.5227390e+03   5.3680320e+04
   6.2300000e+01   6.3157586e+04   7.1888734e+04
   6.2400000e+01   1.1500595e+05   9.8379180e+04
   6.2500000e+01   1.4584620e+05   1.2721795e+05
   6.2600000e+01   1.5389275e+05   1.4603188e+05
   6.2700000e+01   1.4655522e+05   1.4500328e+05
   6.2800000e+01   1.3226334e+05   1.2514652e+05
   6.2900000e+01   1.1426184e+05   9.7808094e+04
   6.3000000e+01   9.0681406e+04   7.4832180e+04
   6.3100000e+01   5.8958176e+04   5.8211965e+04
   6.3200000e+01   1.9701211e+04   3.9425914e+04
   6.3300000e+01  -2.3235566e+04   9.4077627e+03
   6.3400000e+01  -6.5813930e+04  -3.0789234e+04
   6.3500000e+01  -1.0650425e+05  -6.9426477e+04
   6.3600000e+01  -1.4566359e+05  -9.3985430e+04
   6.3700000e+01  -1.8228761e+05  -1.0133430e+05
   6.3800000e+01  -2.1202475e+05  -9.8412570e+04
   6.3900000e+01  -2.2928939e+05  -9.4044008e+04
   6.4000000e+01  -2.3162630e+05  -9.1021547e+04
   6.4100000e+01  -2.2147206e+05  -8.5641789e+04
   6.4200000e+01  -2.0308095e+05  -7.3033125e+04
   6.4300000e+01  -1.7791194e+05  -5.1464680e+04
   6.4400000e+01  -1.4366803e+05  -2.2158754e+04
   6.4500000e+01  -9.8077711e+04   1.2643531e+04
   6.4600000e+01  -4.3207066e+04   4.9528578e+04
   6.4700000e+01   1.4317308e+04   8.2373016e+04
   6.4800000e+01   6.7150734e+04   1.0337727e+05
   6.4900000e+01   1.1094562e+05   1.0773258e+05
   6.5000000e+01   1.4451064e+05   9.7580297e+04
   6.5100000e+01   1.6728034e+05   8.0399469e+04
   6.5200000e+01   1.7773589e+05   6.2739984e+04
   6.5300000e+01   1.7477173e+05   4.5521582e+04
   6.5400000e+01   1.6012020e+05   2.5362693e+04
   6.5500000e+01   1.3840588e+05  -3.3973523e+02
   6.5600000e+01   1.1405580e+05  -3.0393154e+04
   6.5700000e+01   8.8177828e+04  -6.1118531e+04
   6.5800000e+01   5.9013266e+04  -8.8825562e+04
   6.5900000e+01   2.5720410e+04  -1.1010736e+05
   6.6000000e+01  -8.7199336e+03  -1.2112327e+05
   6.6100000e+01  -3.8951262e+04  -1.1915112e+05
   6.6200000e+01  -6.1555418e+04  -1.0595551e+05
   6.6300000e+01  -7.7290688e+04  -8.8332070e+04
   6.6400000e+01  -8.8633531e+04  -7.3307664e+04
   6.6500000e+01  -9.5541312e+04  -6.2117027e+04
   6.6600000e+01  -9.4495023e+04  -4.9595340e+04
   6.6700000e+01  -8.2033711e+04  -3.0068574e+04
   6.6800000e+01  -5.8814352e+04  -3.5851304e+03
   6.6900000e+01  -2.9869434e+04   2.3798246e+04
   6.7000000e+01  -1.2490581e+03   4.5101855e+04
   6.7100000e+01   2.3132574e+04   5.7051016e+04
   6.7200000e+01   4.1903957e+04   6.0538992e+04
   6.7300000e+01   5.5034594e+04   5.8665426e+04
   6.7400000e+01   6.3218125e+04   5.5413230e+04
   6.7500000e+01   6.7840164e+04   5.4757961e+04
   6.7600000e+01   7.0096617e+04   5.8425117e+04
   6.7700000e+01   6.9465438e+04   6.3568086e+04
   6.7800000e+01   6.3678977e+04   6.4129266e+04
   6.7900000e+01   5.1129609e+04   5.6160234e+04
   6.8000000e+01   3.3468773e+04   4.1604543e+04
   6.8100000e+01   1.5376054e+04   2.5680436e+04
   6.8200000e+01   1.3562476e+03   1.0777588e+04
   6.8300000e+01  -7.5190439e+03  -5.3282168e+03
   6.8400000e+01  -1.4155117e+04  -2.4572625e+04
   6.8500000e+01  -2.3042850e+04  -4.3809070e+04
   6.8600000e+01  -3.6779133e+04  -5.7143227e+04
   6.8700000e+01  -5.3857359e+04  -6.2746172e+04
   6.8800000e+01  -6.9543383e+04  -6.5029234e+04
   6.8900000e+01  -7.9836602e+04  -6.9073414e+04
   6.9000000e+01  -8.5483367e+04  -7.4674289e+04
   6.9100000e+01  -9.1601500e+04  -7.7740758e+04
   6.9200000e+01  -1.0199514e+05  -7.6483352e+04
   6.9300000e+01  -1.1348857e+05  -7.3335203e+04
   6.9400000e+01  -1.1706337e+05  -7.0021445e+04
   6.9500000e+01  -1.0569248e+05  -6.3373168e+04
   6.9600000e+01  -8.0647062e+04  -4.8749328e+04
   6.9700000e+01  -4.9112977e+04  -2.7094502e+04
   6.9800000e+01  -1.5987894e+04  -5.9053716e+03
   6.9900000e+01   2.0305586e+04   8.0298682e+03
   7.0000000e+01   6.3197031e+04   1.5476885e+04
   7.0100000e+01   1.1061797e+05   2.2992838e+04
   7.0200000e+01   1.5407514e+05   3.5156504e+04
   7.0300000e+01   1.8509386e+05   5.0238809e+04
   7.0400000e+01   2.0132084e+05   6.3531348e+04
   7.0500000e+01   2.0593048e+05   7.3064203e+04
   7.0600000e+01   2.0234394e+05   8.0711406e+04
   7.0700000e+01   1.9068794e+05   8.8421195e+04
   7.0800000e+01   1.6876702e+05   9.5034719e+04
   7.0900000e+01   1.3500911e+05   9.7485406e+04
   7.1000000e+01   9.0294094e+04   9.4584188e+04
   7.1100000e+01   3.8192844e+04   8.8962570e+04
   7.1200000e+01  -1.5870438e+04   8.4983039e+04
   7.1300000e+01  -6.6693695e+04   8.4331898e+04
   7.1400000e+01  -1.1182122e+05   8.3200188e+04
   7.1500000e+01  -1.5174727e+05   7.4162812e+04
   7.1600000e+01  -1.8637412e+05   5.2343574e+04
   7.1700000e+01  -2.1121148e+05   2.1197287e+04
   7.1800000e+01  -2.1879530e+05  -7.8693340e+03
   7.1900000e+01  -2.0541280e+05  -2.3221164e+04
   7.2000000e+01  -1.7601188e+05  -2.2066695e+04
   7.2100000e+01  -1.4086973e+05  -1.2476486e+04
   7.2200000e+01  -1.0675027e+05  -6.0259297e+03
   7.2300000e+01  -7.2084352e+04  -7.9162285e+03
   7.2400000e+01  -3.1342477e+04  -1.4022011e+04
   7.2500000e+01   1.6804822e+04  -1.7114129e+04
   7.2600000e+01   6.6805297e+04  -1.5055894e+04
   7.2700000e+01   1.1093376e+05  -1.2362057e+04
   7.2800000e+01   1.4439889e+05  -1.4441326e+04
   7.2900000e+01   1.6468155e+05  -2.1804371e+04
   7.3000000e+01   1.6781488e+05  -3.0526455e+04
   7.3100000e+01   1.4895762e+05  -3.7234941e+04
   7.3200000e+01   1.0845136e+05  -4.1967277e+04
   7.3300000e+01   5.5741582e+04  -4.6007859e+04
   7.3400000e+01   4.4743794e+03  -4.8666121e+04
   7.3500000e+01  -3.7360051e+04  -4.7868016e+04
   7.3600000e+01  -7.1492859e+04  -4.3680910e+04
   7.3700000e+01  -1.0311399e+05  -3.9533750e+04
   7.3800000e+01  -1.3175695e+05  -3.8797367e+04
   7.3900000e+01  -1.4965764e+05  -4.0674703e+04
   7.4000000e+01  -1.4839148e+05  -4.0717723e+04
   7.4100000e+01  -1.2525369e+05  -3.5779125e+04
   7.4200000e+01  -8.3128328e+04  -2.7603178e+04
   7.4300000e+01  -2.6934299e+04  -2.0606031e+04
   7.4400000e+01   3.7157762e+04  -1.6354180e+04
   7.4500000e+01   9.9970758e+04  -1.1547862e+04
   7.4600000e+01   1.5069411e+05  -2.4468213e+03
   7.4700000e+01   1.8291858e+05   9.2367256e+03
   7.4800000e+01   1.9897219e+05   1.6417453e+04
   7.4900000e+01   2.0627472e+05   1.3537098e+04
   7.5000000e+01   2.0843288e+05   2.8628723e+03
   7.5100000e+01   2.0040095e+05  -7.1351855e+03
   7.5200000e+01   1.7282997e+05  -9.9047168e+03
   7.5300000e+01   1.2094402e+05  -6.8841611e+03
   7.5400000e+01   4.9305484e+04  -5.6378706e+03
   7.5500000e+01  -3.0932334e+04  -1.2744718e+04
   7.5600000e+01  -1.0837698e+05  -2.8519336e+04
   7.5700000e+01  -1.7561673e+05  -4.7300641e+04
   7.5800000e+01  -2.2916456e+05  -6.1615777e+04
   7.5900000e+01  -2.6691522e+05  -6.6675727e+04
   7.6000000e+01  -2.8603459e+05  -6.2737949e+04
   7.6100000e+01  -2.8316631e+05  -5.4065320e+04
   7.6200000e+01  -2.5699175e+05  -4.4823109e+04
   7.6300000e+01  -2.1103945e+05  -3.5073930e+04
   7.6400000e+01  -1.5352853e+05  -2.1048025e+04
   7.6500000e+01  -9.3043203e+04   3.8668945e+01
   7.6600000e+01  -3.3336414e+04   2.5747566e+04
   7.6700000e+01   2.7225467e+04   4.9669141e+04
   7.6800000e+01   9.0086031e+04   6.6661312e+04
   7.6900000e+01   1.5032958e+05   7.6049109e+04
   7.7000000e+01   1.9713039e+05   7.9941664e+04
   7.7100000e+01   2.2110577e+05   7.9980438e+04
   7.7200000e+01   2.2087533e+05   7.6586383e+04
   7.7300000e+01   2.0207172e+05   7.0144391e+04
   7.7400000e+01   1.7113884e+05   6.1149371e+04
   7.7500000e+01   1.3190486e+05   4.9333684e+04
   7.7600000e+01   8.7863617e+04   3.4415297e+04
   7.7700000e+01   4.4627547e+04   1.8407713e+04
   7.7800000e+01   7.2657983e+03   5.7185933e+03
   7.7900000e+01  -2.4152195e+04  -5.8364551e+02
   7.8000000e+01  -5.3386039e+04  -2.0680732e+03
   7.8100000e+01  -8.1144414e+04  -2.8869307e+03
   7.8200000e+01  -1.0127620e+05  -4.2132329e+03
   7.8300000e+01  -1.0597602e+05  -2.1656230e+03
   7.8400000e+01  -9.4295523e+04   7.9023257e+03
   7.8500000e+01  -7.3606883e+04   2.6017219e+04
   7.8600000e+01  -5.2602445e+04   4.7434012e+04
   7.8700000e+01  -3.4771863e+04   6.6875055e+04
   7.8800000e+01  -1.9328557e+04   8.1198461e+04
   7.8900000e+01  -6.0548896e+03   8.8193328e+04
   7.9000000e+01   3.4817080e+03   8.5429500e+04
   7.9100000e+01   8.9567793e+03   7.2467117e+04
   7.9200000e+01   1.2651490e+04   5.3531133e+04
   7.9300000e+01   1.6532873e+04   3.5671766e+04
   7.9400000e+01   1.9563049e+04   2.3028088e+04
   7.9500000e+01   1.9551217e+04   1.3393240e+04
   7.9600000e+01   1.6973850e+04   1.0537793e+03
   7.9700000e+01   1.5230334e+04  -1.7303418e+04
   7.9800000e+01   1.6971428e+04  -3.9892188e+04
   7.9900000e+01   2.1543461e+04  -6.2403621e+04
   8.0000000e+01   2.6677402e+04  -8.2188750e+04
   8.0100000e+01   3.1786805e+04  -9.9497078e+04
   8.0200000e+01   3.8780812e+04  -1.1503403e+05
   8.0300000e+01   5.0007828e+04  -1.2688872e+05
   8.0400000e+01   6.5866141e+04  -1.3032311e+05
   8.0500000e+01   8.3836641e+04  -1.2122198e+05
   8.0600000e+01   9.9115906e+04  -1.0046026e+05
   8.0700000e+01   1.0673503e+05  -7.4936844e+04
   8.0800000e+01   1.0429452e+05  -5.3493730e+04
   8.0900000e+01   9.2845727e+04  -4.0885500e+04
   8.1000000e+01   7.4348453e+04  -3.5384824e+04
   8.1100000e+01   4.8345723e+04  -3.2098031e+04
   8.1200000e+01   1.2513852e+04  -2.7978656e+04
   8.1300000e+01  -3.2751781e+04  -2.3123756e+04
   8.1400000e+01  -8.1503453e+04  -1.8180828e+04
   8.1500000e+01  -1.2564727e+05  -1.2754449e+04
   8.1600000e+01  -1.6114533e+05  -7.5317036e+03
   8.1700000e+01  -1.8945892e+05  -6.3054238e+03
   8.1800000e+01  -2.1240308e+05  -1.2952877e+04
   8.1900000e+01  -2.2693791e+05  -2.5653525e+04
   8.2000000e+01  -2.2657795e+05  -3.6520020e+04
   8.2100000e+01  -2.0801120e+05  -3.9462363e+04
   8.2200000e+01  -1.7537675e+05  -3.7564539e+04
   8.2300000e+01  -1.3744172e+05  -3.9327797e+04
   8.2400000e+01  -1.0066062e+05  -4.6181637e+04
   8.2500000e+01  -6.5072691e+04  -4.6499691e+04
   8.2600000e+01  -2.6796035e+04  -2.5966625e+04
   8.2700000e+01   1.5540633e+04   1.5498126e+04
   8.2800000e+01   5.6678270e+04   6.0070312e+04
   8.2900000e+01   8.7054578e+04   8.7657719e+04
   8.3000000e+01   9.9840547e+04   9.4568438e+04
   8.3100000e+01   9.6460102e+04   9.5022914e+04
   8.3200000e+01   8.5528688e+04   1.0481845e+05
   8.3300000e+01   7.6138156e+04   1.2586643e+05
   8.3400000e+01   7.1513000e+04   1.4718644e+05
   8.3500000e+01   6.8379820e+04   1.5804633e+05
   8.3600000e+01   6.1986234e+04   1.5706545e+05
   8.3700000e+01   5.1977664e+04   1.4930617e+05
   8.3800000e+01   4.4095000e+04   1.3844488e+05
   8.3900000e+01   4.6264332e+04   1.2432643e+05
   8.4000000e+01   6.2095438e+04   1.0673089e+05
   8.4100000e+01   8.7172812e+04   8.8399469e+04
   8.4200000e+01   1.1178578e+05   7.3115359e+04
   8.4300000e+01   1.2826991e+05   6.1843094e+04
   8.4400000e+01   1.3634708e+05   5.1806762e+04
   8.4500000e+01   1.4127870e+05   3.9230512e+04
   8.4600000e+01   1.4695709e+05   2.2663000e+04
   8.4700000e+01   1.5143359e+05   4.0142002e+03
   8.4800000e+01   1.4920319e+05  -1.3176467e+04
   8.4900000e+01   1.3651631e+05  -2.6675395e+04
   8.5000000e+01   1.1319117e+05  -3.7133926e+04
   8.5100000e+01   8.0136547e+04  -4.6569625e+04
   8.5200000e+01   3.7842797e+04  -5.5165863e+04
   8.5300000e+01  -1.1050915e+04  -6.0574273e+04
   8.5400000e+01  -5.9130266e+04  -6.1784098e+04
   8.5500000e+01  -9.7046562e+04  -6.3360426e+04
   8.5600000e+01  -1.2033923e+05  -7.3287258e+04
   8.5700000e+01  -1.3256653e+05  -9.4205383e+04
   8.5800000e+01  -1.4058052e+05  -1.1714829e+05
   8.5900000e+01  -1.4700055e+05  -1.2670771e+05
   8.6000000e+01  -1.4815391e+05  -1.1476379e+05
   8.6100000e+01  -1.3903303e+05  -8.9302875e+04
   8.6200000e+01  -1.1887212e+05  -6.8513609e+04
   8.6300000e+01  -9.1322734e+04  -6.5272918e+04
   8.6400000e+01  -6.0367996e+04  -7.7013664e+04
   8.6500000e+01  -2.7673900e+04  -9.0128094e+04
   8.6600000e+01   5.7510459e+03  -9.3281070e+04
   8.6700000e+01   3.6358078e+04  -8.6099336e+04
   8.6800000e+01   5.7761879e+04  -7.6003906e+04
   8.6900000e+01   6.4368500e+04  -6.8621188e+04
   8.7000000e+01   5.5655152e+04  -6.2816117e+04
   8.7100000e+01   3.6827145e+04  -5.4941566e+04
   8.7200000e+01   1.4699656e+04  -4.6089730e+04
   8.7300000e+01  -7.6505684e+03  -4.2850711e+04
   8.7400000e+01  -3.2093750e+04  -4.9965793e+04
   8.7500000e+01  -6.0977402e+04  -6.3485609e+04
   8.7600000e+01  -9.1844016e+04  -7.3421211e+04
   8.7700000e+01  -1.1772147e+05  -7.3930703e+04
   8.7800000e+01  -1.3301248e+05  -6.9219969e+04
   8.7900000e+01  -1.3786202e+05  -6.7237500e+04
   8.8000000e+01  -1.3542303e+05  -6.7753914e+04
   8.8100000e+01  -1.2552803e+05  -5.9390859e+04
   8.8200000e+01  -1.0327306e+05  -3.0720543e+04
   8.8300000e+01  -6.5029461e+04   1.6271550e+04
   8.8400000e+01  -1.4984484e+04   6.6040961e+04
   8.8500000e+01   3.5483496e+04   1.0371837e+05
   8.8600000e+01   7.5015922e+04   1.2830243e+05
   8.8700000e+01   9.8921531e+04   1.5050075e+05
   8.8800000e+01   1.1014124e+05   1.7829094e+05
   8.8900000e+01   1.1541562e+05   2.0660995e+05
   8.9000000e+01   1.2021845e+05   2.2204625e+05
   8.9100000e+01   1.2512432e+05   2.1642894e+05
   8.9200000e+01   1.2543052e+05   1.9434550e+05
   8.9300000e+01   1.1487248e+05   1.6759277e+05
   8.9400000e+01   9.1063531e+04   1.4391702e+05
   8.9500000e+01   5.7565824e+04   1.2212467e+05
   8.9600000e+01   2.0333043e+04   9.7138688e+04
   8.9700000e+01  -1.7194355e+04   6.7745359e+04
   8.9800000e+01  -5.4371473e+04   3.8407727e+04
   8.9900000e+01  -8.9259570e+04   1.4560093e+04
   9.0000000e+01  -1.1634132e+05  -2.0787241e+03
   9.0100000e+01  -1.2956864e+05  -1.3230958e+04
   9.0200000e+01  -1.2696114e+05  -2.0838508e+04
   9.0300000e+01  -1.1142188e+05  -2.5872084e+04
   9.0400000e+01  -8.8116094e+04  -2.9934934e+04
   9.0500000e+01  -6.2521926e+04  -3.5705246e+04
   9.0600000e+01  -3.9939035e+04  -4.4018090e+04
   9.0700000e+01  -2.3502297e+04  -5.1107312e+04
   9.0800000e+01  -1.0780894e+04  -5.0732820e+04
   9.0900000e+01   5.8207471e+03  -4.0240109e+04
   9.1000000e+01   3.2145094e+04  -2.4306457e+04
   9.1100000e+01   6.4941203e+04  -1.2161735e+04
   9.1200000e+01   9.2975594e+04  -1.0779566e+04
   9.1300000e+01   1.0663780e+05  -1.9887738e+04
   9.1400000e+01   1.0611513e+05  -3.2043850e+04
   9.1500000e+01   9.9867398e+04  -3.7077301e+04
   9.1600000e+01   9.6094820e+04  -2.8615291e+04
   9.1700000e+01   9.6386516e+04  -9.6328350e+03
   9.1800000e+01   9.6289953e+04   7.3076182e+03
   9.1900000e+01   8.9896742e+04   7.8236494e+03
   9.2000000e+01   7.3927164e+04  -1.2661770e+04
   9.2100000e+01   4.9898785e+04  -4.3664008e+04
   9.2200000e+01   2.4201322e+04  -6.7292367e+04
   9.2300000e+01   4.9821885e+03  -7.2987977e+04
   9.2400000e+01  -3.4780840e+03  -6.5482059e+04
   9.2500000e+01  -4.1821230e+03  -5.8471367e+04
   9.2600000e+01  -4.3673882e+03  -6.1042211e+04
   9.2700000e+01  -8.5591074e+03  -7.0561609e+04
   9.2800000e+01  -1.5214914e+04  -7.7713305e+04
   9.2900000e+01  -2.0133305e+04  -7.6553961e+04
   9.3000000e+01  -2.1410963e+04  -6.9023742e+04
   9.3100000e+01  -1.9646658e+04  -6.1169391e+04
   9.3200000e+01  -1.4596554e+04  -5.6886730e+04
   9.3300000e+01  -4.5826572e+03  -5.5332121e+04
   9.3400000e+01   9.7902812e+03  -5.2540234e+04
   9.3500000e+01   2.3496672e+04  -4.4265125e+04
   9.3600000e+01   3.1148822e+04  -2.8416797e+04
   9.3700000e+01   3.3065348e+04  -7.2029473e+03
   9.3800000e+01   3.5293328e+04   1.2301903e+04
   9.3900000e+01   4.2619934e+04   2.1765375e+04
   9.4000000e+01   5.2530246e+04   1.8638654e+04
   9.4100000e+01   5.7130320e+04   1.0324037e+04
   9.4200000e+01   5.0730230e+04   9.4614258e+03
   9.4300000e+01   3.4885211e+04   2.2928652e+04
   9.4400000e+01   1.6411344e+04   4.5149445e+04
   9.4500000e+01   1.2636406e+03   6.3183168e+04
   9.4600000e+01  -1.0097056e+04   6.8819414e+04
   9.4700000e+01  -2.2703553e+04   6.5257383e+04
   9.4800000e+01  -4.2630945e+04   6.1996031e+04
   9.4900000e+01  -7.0711477e+04   6.4324184e+04
   9.5000000e+01  -9.9139609e+04   6.8755125e+04
   9.5100000e+01  -1.1534338e+05   6.8212062e+04
   9.5200000e+01  -1.1186110e+05   6.0285922e+04
   9.5300000e+01  -9.3751336e+04   4.9746762e+04
   9.5400000e+01  -7.5298703e+04   4.3409727e+04
   9.5500000e+01  -6.7870680e+04   4.3083645e+04
   9.5600000e+01  -7.0476109e+04   4.3534461e+04
   9.5700000e+01  -7.2186992e+04   3.7264125e+04
   9.5800000e+01  -6.3191141e+04   2.1613092e+04
   9.5900000e+01  -4.2953715e+04   1.5459761e+03
   9.6000000e+01  -1.8623789e+04  -1.4645032e+04
   9.6100000e+01   2.3122876e+03  -2.2742244e+04
   9.6200000e+01   1.6818891e+04  -2.5920729e+04
   9.6300000e+01   2.5492945e+04  -3.0803512e+04
   9.6400000e+01   2.9612775e+04  -4.0518055e+04
   9.6500000e+01   2.9927303e+04  -5.1867062e+04
   9.6600000e+01   2.7212307e+04  -5.8887188e+04
   9.6700000e+01   2.2614781e+04  -5.8327559e+04
   9.6800000e+01   1.7227514e+04  -5.1534684e+04
   9.6900000e+01   1.1863955e+04  -4.2092387e+04
   9.7000000e+01   7.4341152e+03  -3.2796133e+04
   9.7100000e+01   5.1866582e+03  -2.4750533e+04
   9.7200000e+01   6.2916904e+03  -1.8036143e+04
   9.7300000e+01   1.1208330e+04  -1.2099467e+04
   9.7400000e+01   1.9480623e+04  -5.4234883e+03
   9.7500000e+01   3.0011715e+04   4.4977900e+03
   9.7600000e+01   4.1489230e+04   1.9899125e+04
   9.7700000e+01   5.2719141e+04   4.0289281e+04
   9.7800000e+01   6.2700145e+04   6.0428527e+04
   9.7900000e+01   7.0361406e+04   7.1528008e+04
   9.8000000e+01   7.4292891e+04   6.7000492e+04
   9.8100000e+01   7.3052547e+04   4.9187711e+04
   9.8200000e+01   6.6051258e+04   2.9811834e+04
   9.8300000e+01   5.4122926e+04   2.1008467e+04
   9.8400000e+01   3.8991402e+04   2.4099225e+04
   9.8500000e+01   2.2054139e+04   2.8113582e+04
   9.8600000e+01   3.7330469e+03   2.1168010e+04
   9.8700000e+01  -1.5937355e+04   3.2654558e+03
   9.8800000e+01  -3.6086488e+04  -1.3691016e+04
   9.8900000e+01  -5.4403562e+04  -1.8892486e+04
   9.9000000e+01  -6.7986375e+04  -1.3902626e+04
   9.9100000e+01  -7.5282477e+04  -9.7058975e+03
   9.9200000e+01  -7.7452312e+04  -1.3816424e+04
   9.9300000e+01  -7.7349172e+04  -2.2666916e+04
   9.9400000e+01  -7.6422984e+04  -2.6925066e+04
   9.9500000e+01  -7.2732891e+04  -2.1941449e+04
   9.9600000e+01  -6.3070203e+04  -1.1385479e+04
   9.9700000e+01  -4.7652012e+04  -2.2957910e+03
   9.9800000e+01  -3.1786480e+04   7.7598865e+02
   9.9900000e+01  -2.1435865e+04  -2.7265520e+03
   1.0000000e+02  -1.7015355e+04  -1.0385443e+04
