   1.1851270e+02   3.6301420e+01   1.8450000e+02
   1.1908686e+02   3.6650766e+01   5.5000000e+01
   0.0000000e+00  -3.4556697e+05  -3.4556697e+05
   1.0000000e-01  -3.1116097e+05  -3.4702350e+05
   2.0000000e-01  -2.4352080e+05  -3.3776538e+05
   3.0000000e-01  -1.6738825e+05  -3.3850634e+05
   4.0000000e-01  -1.1200412e+05  -3.4950862e+05
   5.0000000e-01  -8.7920406e+04  -3.5516850e+05
   6.0000000e-01  -8.2598258e+04  -3.4429684e+05
   7.0000000e-01  -7.5452141e+04  -3.2208894e+05
   8.0000000e-01  -5.5332035e+04  -3.0193469e+05
   9.0000000e-01  -2.5567439e+04  -2.8923244e+05
   1.0000000e+00   3.1542441e+03  -2.7656012e+05
   1.1000000e+00   2.1644338e+04  -2.5404102e+05
   1.2000000e+00   2.5439162e+04  -2.2132083e+05
   1.3000000e+00   1.4011496e+04  -1.8787541e+05
   1.4000000e+00  -8.9662227e+03  -1.6288483e+05
   1.5000000e+00  -3.3818105e+04  -1.4644327e+05
   1.6000000e+00  -4.6072113e+04  -1.3042203e+05
   1.7000000e+00  -3.3229117e+04  -1.0659580e+05
   1.8000000e+00   7.4461914e+03  -7.3701438e+04
   1.9000000e+00   6.7668305e+04  -3.7895086e+04
   2.0000000e+00   1.3506500e+05  -7.4751211e+03
   2.1000000e+00   2.0139430e+05   1.3448570e+04
   2.2000000e+00   2.6405469e+05   2.8055133e+04
   2.3000000e+00   3.2077078e+05   4.5066434e+04
   2.4000000e+00   3.6493456e+05   7.3442453e+04
   2.5000000e+00   3.8775597e+05   1.1694537e+05
   2.6000000e+00   3.8514419e+05   1.7239044e+05
   2.7000000e+00   3.6179862e+05   2.3304909e+05
   2.8000000e+00   3.2810953e+05   2.9445075e+05
   2.9000000e+00   2.9314800e+05   3.5725334e+05
   3.0000000e+00   2.6074875e+05   4.2410019e+05
   3.1000000e+00   2.3172622e+05   4.9308422e+05
   3.2000000e+00   2.0820925e+05   5.5408169e+05
   3.3000000e+00   1.9388833e+05   5.9191012e+05
   3.4000000e+00   1.8939720e+05   5.9435488e+05
   3.5000000e+00   1.8893577e+05   5.5938069e+05
   3.6000000e+00   1.8371717e+05   4.9692609e+05
   3.7000000e+00   1.6938895e+05   4.2419347e+05
   3.8000000e+00   1.4847448e+05   3.5649934e+05
   3.9000000e+00   1.2427780e+05   2.9843831e+05
   4.0000000e+00   9.4309547e+04   2.4184406e+05
   4.1000000e+00   5.3692797e+04   1.7439841e+05
   4.2000000e+00   6.5247188e+03   9.4173375e+04
   4.3000000e+00  -2.9758078e+04   1.7419219e+04
   4.4000000e+00  -3.7039469e+04  -3.0094172e+04
   4.5000000e+00  -1.6127922e+04  -3.3234188e+04
   4.6000000e+00   8.3947188e+03  -1.6984688e+03
   4.7000000e+00   6.5470352e+03   3.5202680e+04
   4.8000000e+00  -3.2060473e+04   4.8743230e+04
   4.9000000e+00  -9.1483250e+04   2.8157666e+04
   5.0000000e+00  -1.4699225e+05  -1.7922184e+04
   5.1000000e+00  -1.8786059e+05  -7.2801711e+04
   5.2000000e+00  -2.2264242e+05  -1.2277641e+05
   5.3000000e+00  -2.6465569e+05  -1.5994897e+05
   5.4000000e+00  -3.1596081e+05  -1.8005992e+05
   5.5000000e+00  -3.6674428e+05  -1.8228167e+05
   5.6000000e+00  -4.0782475e+05  -1.7191008e+05
   5.7000000e+00  -4.4018253e+05  -1.6075150e+05
   5.8000000e+00  -4.7133862e+05  -1.6185642e+05
   5.9000000e+00  -5.0459731e+05  -1.8218975e+05
   6.0000000e+00  -5.3400006e+05  -2.1976772e+05
   6.1000000e+00  -5.4929850e+05  -2.6716056e+05
   6.2000000e+00  -5.4378888e+05  -3.1692147e+05
   6.3000000e+00  -5.1696159e+05  -3.6383219e+05
   6.4000000e+00  -4.7192153e+05  -4.0362922e+05
   6.5000000e+00  -4.1256928e+05  -4.3146675e+05
   6.6000000e+00  -3.4254650e+05  -4.4201544e+05
   6.7000000e+00  -2.6385188e+05  -4.3033356e+05
   6.8000000e+00  -1.7464895e+05  -3.9306481e+05
   6.9000000e+00  -6.9608844e+04  -3.3135194e+05
   7.0000000e+00   5.5164379e+04  -2.5508448e+05
   7.1000000e+00   1.9619158e+05  -1.8360641e+05
   7.2000000e+00   3.4117931e+05  -1.3813577e+05
   7.3000000e+00   4.7313703e+05  -1.2893439e+05
   7.4000000e+00   5.7652231e+05  -1.4776205e+05
   7.5000000e+00   6.4237988e+05  -1.7325117e+05
   7.6000000e+00   6.7167919e+05  -1.8498436e+05
   7.7000000e+00   6.7532944e+05  -1.7390280e+05
   7.8000000e+00   6.6863375e+05  -1.4115731e+05
   7.9000000e+00   6.6231681e+05  -8.9401352e+04
   8.0000000e+00   6.5771750e+05  -1.7090678e+04
   8.1000000e+00   6.5078806e+05   7.8252406e+04
   8.2000000e+00   6.3912775e+05   1.9174612e+05
   8.3000000e+00   6.2229512e+05   3.0703484e+05
   8.4000000e+00   5.9564681e+05   4.0192716e+05
   8.5000000e+00   5.4924512e+05   4.6062019e+05
   8.6000000e+00   4.7841094e+05   4.8312175e+05
   8.7000000e+00   3.9508675e+05   4.8404759e+05
   8.8000000e+00   3.2295472e+05   4.8116062e+05
   8.9000000e+00   2.7616975e+05   4.8212672e+05
   9.0000000e+00   2.4298147e+05   4.7932919e+05
   9.1000000e+00   1.9384506e+05   4.5639544e+05
   9.2000000e+00   1.0809836e+05   4.0146147e+05
   9.3000000e+00  -7.3350859e+03   3.1749131e+05
   9.4000000e+00  -1.2566764e+05   2.2204033e+05
   9.5000000e+00  -2.2531894e+05   1.3622422e+05
   9.6000000e+00  -3.0673306e+05   7.0754398e+04
   9.7000000e+00  -3.8618331e+05   1.9877535e+04
   9.8000000e+00  -4.7605031e+05  -3.1432359e+04
   9.9000000e+00  -5.7263781e+05  -9.2402352e+04
   1.0000000e+01  -6.6169412e+05  -1.5591084e+05
   1.0100000e+01  -7.3262675e+05  -2.0141094e+05
   1.0200000e+01  -7.8544344e+05  -2.0902539e+05
   1.0300000e+01  -8.2497881e+05  -1.7358925e+05
   1.0400000e+01  -8.5148138e+05  -1.0839702e+05
   1.0500000e+01  -8.5915481e+05  -3.7285117e+04
   1.0600000e+01  -8.4352419e+05   1.8059623e+04
   1.0700000e+01  -8.0809862e+05   4.7176016e+04
   1.0800000e+01  -7.6245619e+05   5.2322781e+04
   1.0900000e+01  -7.1422469e+05   4.3754148e+04
   1.1000000e+01  -6.6360188e+05   3.2721447e+04
   1.1100000e+01  -6.0482712e+05   2.5916617e+04
   1.1200000e+01  -5.3130038e+05   2.3616318e+04
   1.1300000e+01  -4.3914916e+05   2.1882869e+04
   1.1400000e+01  -3.2805962e+05   1.6881621e+04
   1.1500000e+01  -2.0118042e+05   7.6902578e+03
   1.1600000e+01  -6.4724391e+04  -5.0489551e+03
   1.1700000e+01   7.3655414e+04  -2.3278402e+04
   1.1800000e+01   2.0719502e+05  -5.3420426e+04
   1.1900000e+01   3.3071909e+05  -1.0217195e+05
   1.2000000e+01   4.3906725e+05  -1.6864119e+05
   1.2100000e+01   5.2612706e+05  -2.4043175e+05
   1.2200000e+01   5.8740962e+05  -2.9878100e+05
   1.2300000e+01   6.2458856e+05  -3.2908953e+05
   1.2400000e+01   6.4677844e+05  -3.2749912e+05
   1.2500000e+01   6.6554881e+05  -2.9859284e+05
   1.2600000e+01   6.8681262e+05  -2.4921247e+05
   1.2700000e+01   7.0610631e+05  -1.8692283e+05
   1.2800000e+01   7.1107662e+05  -1.2403035e+05
   1.2900000e+01   6.8942206e+05  -7.8640359e+04
   1.3000000e+01   6.3719769e+05  -6.5918969e+04
   1.3100000e+01   5.6260006e+05  -8.5318234e+04
   1.3200000e+01   4.8244766e+05  -1.1807212e+05
   1.3300000e+01   4.1205641e+05  -1.4137988e+05
   1.3400000e+01   3.5435856e+05  -1.4784803e+05
   1.3500000e+01   2.9755969e+05  -1.5080862e+05
   1.3600000e+01   2.2617945e+05  -1.6883980e+05
   1.3700000e+01   1.3803647e+05  -2.0410019e+05
   1.3800000e+01   5.1119695e+04  -2.3616300e+05
   1.3900000e+01  -8.4842500e+03  -2.3771173e+05
   1.4000000e+01  -2.7602250e+04  -1.9680255e+05
   1.4100000e+01  -1.5551848e+04  -1.2502778e+05
   1.4200000e+01   6.7171484e+03  -4.6153516e+04
   1.4300000e+01   2.5527055e+04   2.1973451e+04
   1.4400000e+01   4.1929082e+04   7.6709922e+04
   1.4500000e+01   6.2868117e+04   1.2745012e+05
   1.4600000e+01   8.9132945e+04   1.8711769e+05
   1.4700000e+01   1.1355793e+05   2.6500931e+05
   1.4800000e+01   1.2811650e+05   3.6193191e+05
   1.4900000e+01   1.2868855e+05   4.6754141e+05
   1.5000000e+01   1.1240895e+05   5.6293800e+05
   1.5100000e+01   7.4085203e+04   6.3036375e+05
   1.5200000e+01   9.2663086e+03   6.6436062e+05
   1.5300000e+01  -7.8338047e+04   6.7420800e+05
   1.5400000e+01  -1.7457706e+05   6.7376312e+05
   1.5500000e+01  -2.6236478e+05   6.6694400e+05
   1.5600000e+01  -3.3268725e+05   6.4219481e+05
   1.5700000e+01  -3.8853272e+05   5.8164088e+05
   1.5800000e+01  -4.3811962e+05   4.7768500e+05
   1.5900000e+01  -4.8431672e+05   3.4319747e+05
   1.6000000e+01  -5.2038300e+05   2.0629081e+05
   1.6100000e+01  -5.3534950e+05   9.2794141e+04
   1.6200000e+01  -5.2298344e+05   9.9010195e+03
   1.6300000e+01  -4.8583650e+05  -5.5282719e+04
   1.6400000e+01  -4.3200878e+05  -1.2040598e+05
   1.6500000e+01  -3.6952256e+05  -1.8928869e+05
   1.6600000e+01  -3.0394875e+05  -2.4794850e+05
   1.6700000e+01  -2.3974430e+05  -2.7973000e+05
   1.6800000e+01  -1.8167294e+05  -2.8458797e+05
   1.6900000e+01  -1.3402725e+05  -2.8253878e+05
   1.7000000e+01  -9.9139523e+04  -2.9735181e+05
   1.7100000e+01  -7.7580273e+04  -3.3702691e+05
   1.7200000e+01  -6.9686234e+04  -3.9010591e+05
   1.7300000e+01  -7.5564773e+04  -4.3911672e+05
   1.7400000e+01  -9.2031078e+04  -4.7505247e+05
   1.7500000e+01  -1.0934298e+05  -4.9883188e+05
   1.7600000e+01  -1.1342070e+05  -5.1262669e+05
   1.7700000e+01  -9.5651750e+04  -5.1455050e+05
   1.7800000e+01  -6.3287719e+04  -5.0293716e+05
   1.7900000e+01  -3.8005957e+04  -4.8244844e+05
   1.8000000e+01  -3.8156605e+04  -4.6176209e+05
   1.8100000e+01  -5.7912961e+04  -4.4401778e+05
   1.8200000e+01  -6.5174656e+04  -4.2127962e+05
   1.8300000e+01  -2.5436227e+04  -3.8035162e+05
   1.8400000e+01   6.7740828e+04  -3.1461756e+05
   1.8500000e+01   1.8464134e+05  -2.3045169e+05
   1.8600000e+01   2.8211419e+05  -1.4311727e+05
   1.8700000e+01   3.3548888e+05  -6.7061664e+04
   1.8800000e+01   3.5079269e+05  -8.3959600e+03
   1.8900000e+01   3.5018825e+05   3.6978832e+04
   1.9000000e+01   3.4903588e+05   8.0362766e+04
   1.9100000e+01   3.4617784e+05   1.3388911e+05
   1.9200000e+01   3.3152044e+05   2.0275966e+05
   1.9300000e+01   2.9874144e+05   2.8015075e+05
   1.9400000e+01   2.5071059e+05   3.4922381e+05
   1.9500000e+01   1.9583883e+05   3.9224294e+05
   1.9600000e+01   1.4180053e+05   4.0089672e+05
   1.9700000e+01   9.2915641e+04   3.8065831e+05
   1.9800000e+01   5.2179277e+04   3.4657253e+05
   1.9900000e+01   2.4221090e+04   3.1363053e+05
   2.0000000e+01   1.4867168e+04   2.8774491e+05
   2.0100000e+01   2.6738207e+04   2.6277003e+05
   2.0200000e+01   5.5136363e+04   2.2587731e+05
   2.0300000e+01   8.9252781e+04   1.6834372e+05
   2.0400000e+01   1.1881566e+05   9.4107805e+04
   2.0500000e+01   1.4048572e+05   1.9129180e+04
   2.0600000e+01   1.5806136e+05  -3.8069801e+04
   2.0700000e+01   1.7637903e+05  -6.6590398e+04
   2.0800000e+01   1.9459336e+05  -6.5912875e+04
   2.0900000e+01   2.0476484e+05  -4.0781172e+04
   2.1000000e+01   1.9693481e+05   5.0639453e+03
   2.1100000e+01   1.6673808e+05   7.0071258e+04
   2.1200000e+01   1.1968115e+05   1.5111864e+05
   2.1300000e+01   6.8335875e+04   2.3984991e+05
   2.1400000e+01   2.3807621e+04   3.2329400e+05
   2.1500000e+01  -1.2069051e+04   3.8841803e+05
   2.1600000e+01  -4.6736250e+04   4.2689544e+05
   2.1700000e+01  -8.8011391e+04   4.3686566e+05
   2.1800000e+01  -1.3358972e+05   4.2164034e+05
   2.1900000e+01  -1.6918709e+05   3.8755506e+05
   2.2000000e+01  -1.7905550e+05   3.4200000e+05
   2.2100000e+01  -1.6147984e+05   2.9021350e+05
   2.2200000e+01  -1.3581722e+05   2.3049816e+05
   2.2300000e+01  -1.3274388e+05   1.5254733e+05
   2.2400000e+01  -1.7268730e+05   4.5079141e+04
   2.2500000e+01  -2.4866705e+05  -8.9424195e+04
   2.2600000e+01  -3.2869056e+05  -2.2666909e+05
   2.2700000e+01  -3.7811619e+05  -3.3194153e+05
   2.2800000e+01  -3.8502178e+05  -3.8548662e+05
   2.2900000e+01  -3.6737866e+05  -3.9895016e+05
   2.3000000e+01  -3.5549447e+05  -4.0519488e+05
   2.3100000e+01  -3.6477341e+05  -4.2955644e+05
   2.3200000e+01  -3.8239481e+05  -4.6951444e+05
   2.3300000e+01  -3.7864694e+05  -5.0076184e+05
   2.3400000e+01  -3.3163056e+05  -5.0110312e+05
   2.3500000e+01  -2.4365667e+05  -4.6846325e+05
   2.3600000e+01  -1.3745944e+05  -4.1914009e+05
   2.3700000e+01  -3.8952906e+04  -3.7288153e+05
   2.3800000e+01   3.7502711e+04  -3.4042091e+05
   2.3900000e+01   9.1787250e+04  -3.2171816e+05
   2.4000000e+01   1.3147723e+05  -3.1144153e+05
   2.4100000e+01   1.6434381e+05  -3.0406500e+05
   2.4200000e+01   1.9451133e+05  -2.9484484e+05
   2.4300000e+01   2.2177092e+05  -2.7838584e+05
   2.4400000e+01   2.4279920e+05  -2.4847611e+05
   2.4500000e+01   2.5434327e+05  -2.0082912e+05
   2.4600000e+01   2.5721553e+05  -1.3673442e+05
   2.4700000e+01   2.5737280e+05  -6.3774086e+04
   2.4800000e+01   2.6162564e+05   8.1704180e+03
   2.4900000e+01   2.7112359e+05   7.2857250e+04
   2.5000000e+01   2.7929072e+05   1.3034153e+05
   2.5100000e+01   2.7715475e+05   1.8391353e+05
   2.5200000e+01   2.6146134e+05   2.3466536e+05
   2.5300000e+01   2.3784294e+05   2.7967425e+05
   2.5400000e+01   2.1601516e+05   3.1581809e+05
   2.5500000e+01   2.0152573e+05   3.4451481e+05
   2.5600000e+01   1.9168459e+05   3.7102766e+05
   2.5700000e+01   1.7937716e+05   3.9823569e+05
   2.5800000e+01   1.6112625e+05   4.2211347e+05
   2.5900000e+01   1.4139525e+05   4.3515959e+05
   2.6000000e+01   1.2815239e+05   4.3461059e+05
   2.6100000e+01   1.2344972e+05   4.2563094e+05
   2.6200000e+01   1.1902315e+05   4.1501653e+05
   2.6300000e+01   1.0285973e+05   4.0257812e+05
   2.6400000e+01   7.0722758e+04   3.8055106e+05
   2.6500000e+01   2.9787029e+04   3.4138219e+05
   2.6600000e+01  -1.0584930e+04   2.8388716e+05
   2.6700000e+01  -5.0652281e+04   2.1101200e+05
   2.6800000e+01  -9.9973828e+04   1.2493691e+05
   2.6900000e+01  -1.6361597e+05   2.9230906e+04
   2.7000000e+01  -2.3009381e+05  -6.3510086e+04
   2.7100000e+01  -2.7603581e+05  -1.3147919e+05
   2.7200000e+01  -2.8482678e+05  -1.5765931e+05
   2.7300000e+01  -2.6112223e+05  -1.4608316e+05
   2.7400000e+01  -2.2716358e+05  -1.2118180e+05
   2.7500000e+01  -2.0507891e+05  -1.0729618e+05
   2.7600000e+01  -2.0194056e+05  -1.0785255e+05
   2.7700000e+01  -2.0956550e+05  -1.0537770e+05
   2.7800000e+01  -2.1615959e+05  -8.1463766e+04
   2.7900000e+01  -2.1740933e+05  -3.5243094e+04
   2.8000000e+01  -2.1788334e+05   1.7085729e+04
   2.8100000e+01  -2.2402867e+05   5.7189133e+04
   2.8200000e+01  -2.3703738e+05   7.6016930e+04
   2.8300000e+01  -2.5190370e+05   7.2344508e+04
   2.8400000e+01  -2.6162230e+05   4.6007945e+04
   2.8500000e+01  -2.6085500e+05  -2.7051089e+03
   2.8600000e+01  -2.4591559e+05  -6.7510531e+04
   2.8700000e+01  -2.1367211e+05  -1.3432027e+05
   2.8800000e+01  -1.6338716e+05  -1.8860184e+05
   2.8900000e+01  -1.0070722e+05  -2.2532911e+05
   2.9000000e+01  -3.8275160e+04  -2.5111864e+05
   2.9100000e+01   1.0553332e+04  -2.7670525e+05
   2.9200000e+01   4.1141375e+04  -3.0775456e+05
   2.9300000e+01   6.1854672e+04  -3.4198891e+05
   2.9400000e+01   8.8317891e+04  -3.7267662e+05
   2.9500000e+01   1.3121153e+05  -3.9310500e+05
   2.9600000e+01   1.8709914e+05  -3.9865419e+05
   2.9700000e+01   2.4004322e+05  -3.8742519e+05
   2.9800000e+01   2.7340428e+05  -3.6080453e+05
   2.9900000e+01   2.8248888e+05  -3.2292556e+05
   3.0000000e+01   2.7714422e+05  -2.7797294e+05
   3.0100000e+01   2.7171000e+05  -2.2744239e+05
   3.0200000e+01   2.7157562e+05  -1.7075239e+05
   3.0300000e+01   2.6938706e+05  -1.0901317e+05
   3.0400000e+01   2.5456328e+05  -4.7437438e+04
   3.0500000e+01   2.2596562e+05   7.1404805e+03
   3.0600000e+01   1.9422353e+05   5.1565434e+04
   3.0700000e+01   1.7155905e+05   8.9000859e+04
   3.0800000e+01   1.6047512e+05   1.2617919e+05
   3.0900000e+01   1.5313053e+05   1.6773142e+05
   3.1000000e+01   1.4064597e+05   2.1196452e+05
   3.1100000e+01   1.2121168e+05   2.5061367e+05
   3.1200000e+01   9.9313062e+04   2.7295469e+05
   3.1300000e+01   7.9773328e+04   2.7307853e+05
   3.1400000e+01   6.4816828e+04   2.5625689e+05
   3.1500000e+01   5.5591055e+04   2.3782459e+05
   3.1600000e+01   5.2384488e+04   2.3172444e+05
   3.1700000e+01   5.0656457e+04   2.3638336e+05
   3.1800000e+01   3.8685273e+04   2.3242639e+05
   3.1900000e+01   4.0102383e+03   1.9862359e+05
   3.2000000e+01  -5.3975953e+04   1.3387083e+05
   3.2100000e+01  -1.1755697e+05   6.3579188e+04
   3.2200000e+01  -1.5939116e+05   2.1742895e+04
   3.2300000e+01  -1.6130591e+05   2.3986773e+04
   3.2400000e+01  -1.2776173e+05   5.6552172e+04
   3.2500000e+01  -8.2723180e+04   9.0391609e+04
   3.2600000e+01  -5.2921324e+04   1.0509251e+05
   3.2700000e+01  -5.1078441e+04   1.0017531e+05
   3.2800000e+01  -7.0929547e+04   8.7279625e+04
   3.2900000e+01  -9.5311539e+04   7.6355633e+04
   3.3000000e+01  -1.0924806e+05   7.1059383e+04
   3.3100000e+01  -1.0844890e+05   7.3968898e+04
   3.3200000e+01  -9.8970125e+04   9.0285766e+04
   3.3300000e+01  -9.0500328e+04   1.2288966e+05
   3.3400000e+01  -8.9233484e+04   1.6483575e+05
   3.3500000e+01  -9.5184375e+04   2.0037844e+05
   3.3600000e+01  -1.0465020e+05   2.1616770e+05
   3.3700000e+01  -1.1452879e+05   2.1178556e+05
   3.3800000e+01  -1.2437512e+05   1.9821306e+05
   3.3900000e+01  -1.3487838e+05   1.8541138e+05
   3.4000000e+01  -1.4506634e+05   1.7218388e+05
   3.4100000e+01  -1.5145314e+05   1.4924094e+05
   3.4200000e+01  -1.4993261e+05   1.1176163e+05
   3.4300000e+01  -1.3834034e+05   6.6797344e+04
   3.4400000e+01  -1.1721467e+05   2.6492682e+04
   3.4500000e+01  -8.8343133e+04  -5.3756328e+03
   3.4600000e+01  -5.2832305e+04  -3.7780457e+04
   3.4700000e+01  -1.0798055e+04  -8.2358156e+04
   3.4800000e+01   3.6777188e+04  -1.4052355e+05
   3.4900000e+01   8.5744250e+04  -2.0240200e+05
   3.5000000e+01   1.2885346e+05  -2.5739297e+05
   3.5100000e+01   1.5931212e+05  -3.0243978e+05
   3.5200000e+01   1.7523803e+05  -3.3879416e+05
   3.5300000e+01   1.8035738e+05  -3.6434866e+05
   3.5400000e+01   1.7919736e+05  -3.7430825e+05
   3.5500000e+01   1.7106911e+05  -3.7023966e+05
   3.5600000e+01   1.4980306e+05  -3.6378484e+05
   3.5700000e+01   1.1116021e+05  -3.6614722e+05
   3.5800000e+01   6.1078805e+04  -3.7329038e+05
   3.5900000e+01   1.4910318e+04  -3.6566938e+05
   3.6000000e+01  -1.4386320e+04  -3.2708881e+05
   3.6100000e+01  -2.8885926e+04  -2.6485216e+05
   3.6200000e+01  -4.5390109e+04  -2.0871378e+05
   3.6300000e+01  -7.9672312e+04  -1.8626961e+05
   3.6400000e+01  -1.2925196e+05  -1.9684448e+05
   3.6500000e+01  -1.7250570e+05  -2.0904397e+05
   3.6600000e+01  -1.8656912e+05  -1.8527912e+05
   3.6700000e+01  -1.6680494e+05  -1.1147166e+05
   3.6800000e+01  -1.2847577e+05  -6.2136523e+03
   3.6900000e+01  -9.0121664e+04   9.6463953e+04
   3.7000000e+01  -5.7258672e+04   1.7319630e+05
   3.7100000e+01  -2.2904684e+04   2.2379408e+05
   3.7200000e+01   1.8512828e+04   2.6318556e+05
   3.7300000e+01   6.1428090e+04   3.0443119e+05
   3.7400000e+01   9.4139281e+04   3.4885859e+05
   3.7500000e+01   1.1117528e+05   3.8886134e+05
   3.7600000e+01   1.1813112e+05   4.1672691e+05
   3.7700000e+01   1.2394628e+05   4.3024116e+05
   3.7800000e+01   1.2996617e+05   4.3180484e+05
   3.7900000e+01   1.2815052e+05   4.2401925e+05
   3.8000000e+01   1.1055342e+05   4.0608662e+05
   3.8100000e+01   8.0242938e+04   3.7351709e+05
   3.8200000e+01   5.2135949e+04   3.2153038e+05
   3.8300000e+01   4.2106449e+04   2.5036323e+05
   3.8400000e+01   5.4295336e+04   1.6829550e+05
   3.8500000e+01   7.8294250e+04   8.8351734e+04
   3.8600000e+01   9.8130922e+04   1.9748125e+04
   3.8700000e+01   1.0402338e+05  -3.8501453e+04
   3.8800000e+01   9.6888875e+04  -9.4700219e+04
   3.8900000e+01   8.4148078e+04  -1.5402438e+05
   3.9000000e+01   7.2865250e+04  -2.1080842e+05
   3.9100000e+01   6.5606672e+04  -2.5178684e+05
   3.9200000e+01   5.9632773e+04  -2.6717522e+05
   3.9300000e+01   4.8376023e+04  -2.5847767e+05
   3.9400000e+01   2.5380266e+04  -2.3614750e+05
   3.9500000e+01  -1.0275934e+04  -2.1109412e+05
   3.9600000e+01  -5.1466781e+04  -1.8890817e+05
   3.9700000e+01  -8.7234062e+04  -1.7053903e+05
   3.9800000e+01  -1.1106609e+05  -1.5593262e+05
   3.9900000e+01  -1.2547584e+05  -1.4598708e+05
   4.0000000e+01  -1.3832512e+05  -1.4187383e+05
   4.0100000e+01  -1.5452005e+05  -1.4322472e+05
   4.0200000e+01  -1.7070066e+05  -1.4647045e+05
   4.0300000e+01  -1.7725088e+05  -1.4478809e+05
   4.0400000e+01  -1.6617278e+05  -1.3172398e+05
   4.0500000e+01  -1.3953525e+05  -1.0788179e+05
   4.0600000e+01  -1.1172005e+05  -8.4592500e+04
   4.0700000e+01  -1.0075896e+05  -7.7756781e+04
   4.0800000e+01  -1.1230062e+05  -9.3747539e+04
   4.0900000e+01  -1.2995422e+05  -1.1968383e+05
   4.1000000e+01  -1.2509848e+05  -1.2939955e+05
   4.1100000e+01  -8.1918203e+04  -1.0232395e+05
   4.1200000e+01  -1.4675180e+04  -3.9387609e+04
   4.1300000e+01   4.2475262e+04   3.7760684e+04
   4.1400000e+01   6.5896617e+04   1.0271620e+05
   4.1500000e+01   6.3385746e+04   1.4144638e+05
   4.1600000e+01   6.4424078e+04   1.5792911e+05
   4.1700000e+01   9.0355953e+04   1.6689091e+05
   4.1800000e+01   1.3513012e+05   1.8158758e+05
   4.1900000e+01   1.7429133e+05   2.0557572e+05
   4.2000000e+01   1.9001170e+05   2.3242392e+05
   4.2100000e+01   1.8585275e+05   2.5157966e+05
   4.2200000e+01   1.7883664e+05   2.5540966e+05
   4.2300000e+01   1.8012164e+05   2.4284211e+05
   4.2400000e+01   1.8441361e+05   2.1840570e+05
   4.2500000e+01   1.7663116e+05   1.8891338e+05
   4.2600000e+01   1.4701336e+05   1.6050389e+05
   4.2700000e+01   9.9734781e+04   1.3669820e+05
   4.2800000e+01   4.8552570e+04   1.1718769e+05
   4.2900000e+01   5.7409082e+03   9.8411844e+04
   4.3000000e+01  -2.4849930e+04   7.7075688e+04
   4.3100000e+01  -4.6151316e+04   5.4325281e+04
   4.3200000e+01  -6.2265820e+04   3.5649914e+04
   4.3300000e+01  -7.5544047e+04   2.5253117e+04
   4.3400000e+01  -8.7401430e+04   2.0773195e+04
   4.3500000e+01  -9.8870672e+04   1.5208891e+04
   4.3600000e+01  -1.0873078e+05   4.6414062e+03
   4.3700000e+01  -1.1241653e+05  -7.3873750e+03
   4.3800000e+01  -1.0547841e+05  -1.4530094e+04
   4.3900000e+01  -8.9291898e+04  -1.5872291e+04
   4.4000000e+01  -7.1896344e+04  -1.7600387e+04
   4.4100000e+01  -6.1029953e+04  -2.5980879e+04
   4.4200000e+01  -5.6156641e+04  -4.0252348e+04
   4.4300000e+01  -4.9364758e+04  -5.4025070e+04
   4.4400000e+01  -3.5582398e+04  -6.3293840e+04
   4.4500000e+01  -2.0528176e+04  -7.1256070e+04
   4.4600000e+01  -1.5776059e+04  -8.4191828e+04
   4.4700000e+01  -2.5427820e+04  -1.0355853e+05
   4.4800000e+01  -4.0505605e+04  -1.2422091e+05
   4.4900000e+01  -4.9341020e+04  -1.4160811e+05
   4.5000000e+01  -5.2446375e+04  -1.5940356e+05
   4.5100000e+01  -6.2973422e+04  -1.8718559e+05
   4.5200000e+01  -9.0034727e+04  -2.2814100e+05
   4.5300000e+01  -1.2371123e+05  -2.6969069e+05
   4.5400000e+01  -1.4075753e+05  -2.8950494e+05
   4.5500000e+01  -1.2691669e+05  -2.7395906e+05
   4.5600000e+01  -9.1963453e+04  -2.3138786e+05
   4.5700000e+01  -6.0627516e+04  -1.8573688e+05
   4.5800000e+01  -4.8650840e+04  -1.5561622e+05
   4.5900000e+01  -4.8939691e+04  -1.3876528e+05
   4.6000000e+01  -4.1231070e+04  -1.1629014e+05
   4.6100000e+01  -1.3782656e+04  -7.1209828e+04
   4.6200000e+01   2.5557336e+04  -3.2214102e+03
   4.6300000e+01   5.8634305e+04   7.2139602e+04
   4.6400000e+01   7.5008883e+04   1.3583714e+05
   4.6500000e+01   7.9807828e+04   1.7659669e+05
   4.6600000e+01   8.5053844e+04   1.9339816e+05
   4.6700000e+01   9.5623508e+04   1.9125911e+05
   4.6800000e+01   1.0514556e+05   1.7656773e+05
   4.6900000e+01   1.0507507e+05   1.5520350e+05
   4.7000000e+01   9.5841500e+04   1.3216148e+05
   4.7100000e+01   8.7495609e+04   1.1048467e+05
   4.7200000e+01   8.9319281e+04   8.9822094e+04
   4.7300000e+01   9.9930656e+04   6.7012141e+04
   4.7400000e+01   1.0873236e+05   3.9721848e+04
   4.7500000e+01   1.0726108e+05   1.0416191e+04
   4.7600000e+01   9.8361453e+04  -1.3774262e+04
   4.7700000e+01   9.3339984e+04  -2.6328123e+04
   4.7800000e+01   9.9956734e+04  -2.7025410e+04
   4.7900000e+01   1.1392368e+05  -2.1758135e+04
   4.8000000e+01   1.2303578e+05  -1.5725467e+04
   4.8100000e+01   1.1962733e+05  -6.7535000e+03
   4.8200000e+01   1.0791112e+05   1.3610984e+04
   4.8300000e+01   9.8071555e+04   5.1159773e+04
   4.8400000e+01   9.3526695e+04   1.0062513e+05
   4.8500000e+01   8.5747781e+04   1.4642805e+05
   4.8600000e+01   6.3063625e+04   1.7258136e+05
   4.8700000e+01   2.4208768e+04   1.7313545e+05
   4.8800000e+01  -1.8409957e+04   1.5457036e+05
   4.8900000e+01  -4.9631852e+04   1.2951796e+05
   4.9000000e+01  -6.4898875e+04   1.0835380e+05
   4.9100000e+01  -7.2124477e+04   9.4737844e+04
   4.9200000e+01  -8.1793039e+04   8.5540297e+04
   4.9300000e+01  -9.7947117e+04   7.2480445e+04
   4.9400000e+01  -1.1944717e+05   4.5025348e+04
   4.9500000e+01  -1.4629562e+05  -3.7451553e+03
   4.9600000e+01  -1.7929856e+05  -6.9903281e+04
   4.9700000e+01  -2.1193305e+05  -1.3699212e+05
   4.9800000e+01  -2.2708975e+05  -1.8518331e+05
   4.9900000e+01  -2.0862800e+05  -2.0618688e+05
   5.0000000e+01  -1.5911717e+05  -2.1032625e+05
   5.0100000e+01  -1.0336658e+05  -2.1723811e+05
   5.0200000e+01  -6.9452039e+04  -2.3750511e+05
   5.0300000e+01  -6.3694145e+04  -2.6264206e+05
   5.0400000e+01  -6.5090016e+04  -2.7311253e+05
   5.0500000e+01  -4.6014215e+04  -2.5589538e+05
   5.0600000e+01   9.8044531e+02  -2.1414386e+05
   5.0700000e+01   5.6505836e+04  -1.6124417e+05
   5.0800000e+01   9.3128922e+04  -1.0837193e+05
   5.0900000e+01   9.9870602e+04  -5.9397672e+04
   5.1000000e+01   8.9161289e+04  -1.5730275e+04
   5.1100000e+01   8.2299109e+04   1.8536379e+04
   5.1200000e+01   8.9843703e+04   3.9211879e+04
   5.1300000e+01   1.0512059e+05   4.8481121e+04
   5.1400000e+01   1.1370152e+05   5.5405336e+04
   5.1500000e+01   1.0700173e+05   6.8034453e+04
   5.1600000e+01   8.7472375e+04   8.5513031e+04
   5.1700000e+01   6.3522941e+04   9.9001641e+04
   5.1800000e+01   4.1657578e+04   1.0040241e+05
   5.1900000e+01   2.3234898e+04   9.0121820e+04
   5.2000000e+01   6.7018750e+03   7.7497898e+04
   5.2100000e+01  -8.8166582e+03   7.5153039e+04
   5.2200000e+01  -2.2122258e+04   9.2295680e+04
   5.2300000e+01  -3.0888096e+04   1.3034089e+05
   5.2400000e+01  -3.3238895e+04   1.8211778e+05
   5.2500000e+01  -2.8962344e+04   2.3544942e+05
   5.2600000e+01  -2.0364910e+04   2.8012097e+05
   5.2700000e+01  -1.2382670e+04   3.1355359e+05
   5.2800000e+01  -1.0766162e+04   3.3986684e+05
   5.2900000e+01  -1.8083586e+04   3.6279944e+05
   5.3000000e+01  -3.0008152e+04   3.7982962e+05
   5.3100000e+01  -3.6035961e+04   3.8406675e+05
   5.3200000e+01  -2.6368996e+04   3.7181953e+05
   5.3300000e+01  -8.6049023e+02   3.4710262e+05
   5.3400000e+01   2.7969469e+04   3.1782675e+05
   5.3500000e+01   4.2336910e+04   2.8780697e+05
   5.3600000e+01   3.1996773e+04   2.5289225e+05
   5.3700000e+01   1.0775093e+03   2.0434666e+05
   5.3800000e+01  -3.7551340e+04   1.3529958e+05
   5.3900000e+01  -7.4248766e+04   4.4967328e+04
   5.4000000e+01  -1.0793321e+05  -6.0573688e+04
   5.4100000e+01  -1.3954328e+05  -1.6989584e+05
   5.4200000e+01  -1.6291094e+05  -2.7023644e+05
   5.4300000e+01  -1.6631531e+05  -3.5426291e+05
   5.4400000e+01  -1.4520881e+05  -4.2555597e+05
   5.4500000e+01  -1.1133145e+05  -4.9601559e+05
   5.4600000e+01  -8.4945586e+04  -5.7413069e+05
   5.4700000e+01  -7.5658969e+04  -6.5352444e+05
   5.4800000e+01  -7.2112102e+04  -7.1374844e+05
   5.4900000e+01  -5.3094320e+04  -7.3440288e+05
   5.5000000e+01  -9.5654219e+03  -7.1011475e+05
   5.5100000e+01   4.5335938e+04  -6.5309112e+05
   5.5200000e+01   8.8329742e+04  -5.8277225e+05
   5.5300000e+01   1.0648767e+05  -5.1359972e+05
   5.5400000e+01   1.0501392e+05  -4.5018159e+05
   5.5500000e+01   9.7034352e+04  -3.8931884e+05
   5.5600000e+01   8.9629898e+04  -3.2369719e+05
   5.5700000e+01   8.1259906e+04  -2.4561716e+05
   5.5800000e+01   6.9708578e+04  -1.5203738e+05
   5.5900000e+01   5.7963293e+04  -4.8892078e+04
   5.6000000e+01   5.1088008e+04   5.0490328e+04
   5.6100000e+01   5.0209777e+04   1.3359717e+05
   5.6200000e+01   5.2506883e+04   1.9660153e+05
   5.6300000e+01   5.6567625e+04   2.4458709e+05
   5.6400000e+01   6.4959160e+04   2.8508762e+05
   5.6500000e+01   8.0302344e+04   3.2235394e+05
   5.6600000e+01   1.0046634e+05   3.5685856e+05
   5.6700000e+01   1.1967452e+05   3.8753531e+05
   5.6800000e+01   1.3435022e+05   4.1267531e+05
   5.6900000e+01   1.4651284e+05   4.2968397e+05
   5.7000000e+01   1.6080944e+05   4.3636109e+05
   5.7100000e+01   1.7867934e+05   4.3344975e+05
   5.7200000e+01   1.9559861e+05   4.2509719e+05
   5.7300000e+01   2.0355041e+05   4.1584509e+05
   5.7400000e+01   1.9642991e+05   4.0720291e+05
   5.7500000e+01   1.7466320e+05   3.9747978e+05
   5.7600000e+01   1.4586283e+05   3.8452003e+05
   5.7700000e+01   1.2005571e+05   3.6782609e+05
   5.7800000e+01   1.0191620e+05   3.4812722e+05
   5.7900000e+01   8.6534750e+04   3.2595506e+05
   5.8000000e+01   6.3771906e+04   3.0122447e+05
   5.8100000e+01   2.7880424e+04   2.7320794e+05
   5.8200000e+01  -1.7469162e+04   2.3945519e+05
   5.8300000e+01  -6.4018812e+04   1.9520212e+05
   5.8400000e+01  -1.0717220e+05   1.3685533e+05
   5.8500000e+01  -1.4733228e+05   6.8859453e+04
   5.8600000e+01  -1.8403253e+05   6.0341016e+03
   5.8700000e+01  -2.1344209e+05  -3.5959938e+04
   5.8800000e+01  -2.3541103e+05  -5.6979938e+04
   5.8900000e+01  -2.6071848e+05  -7.8559328e+04
   5.9000000e+01  -3.0437906e+05  -1.2829111e+05
   5.9100000e+01  -3.6700272e+05  -2.1294675e+05
   5.9200000e+01  -4.2484450e+05  -3.0648116e+05
   5.9300000e+01  -4.4445784e+05  -3.6782616e+05
   5.9400000e+01  -4.1123131e+05  -3.7402162e+05
   5.9500000e+01  -3.4320434e+05  -3.3796841e+05
   5.9600000e+01  -2.7524916e+05  -2.9517403e+05
   5.9700000e+01  -2.2961302e+05  -2.7397297e+05
   5.9800000e+01  -2.0190189e+05  -2.7695356e+05
   5.9900000e+01  -1.7323450e+05  -2.8655678e+05
   6.0000000e+01  -1.3205902e+05  -2.8419619e+05
   6.0100000e+01  -8.2935297e+04  -2.6407622e+05
   6.0200000e+01  -3.7367062e+04  -2.3335533e+05
   6.0300000e+01  -5.2519434e+02  -2.0379583e+05
   6.0400000e+01   3.1858084e+04  -1.8375517e+05
   6.0500000e+01   6.6015328e+04  -1.7485062e+05
   6.0600000e+01   1.0239030e+05  -1.7294123e+05
   6.0700000e+01   1.3572295e+05  -1.7157105e+05
   6.0800000e+01   1.6139353e+05  -1.6586297e+05
   6.0900000e+01   1.8027422e+05  -1.5482294e+05
   6.1000000e+01   1.9691706e+05  -1.4093477e+05
   6.1100000e+01   2.1353653e+05  -1.2774522e+05
   6.1200000e+01   2.2690853e+05  -1.1723169e+05
   6.1300000e+01   2.3205847e+05  -1.0838232e+05
   6.1400000e+01   2.2867988e+05  -9.7575453e+04
   6.1500000e+01   2.2253591e+05  -8.0632859e+04
   6.1600000e+01   2.1958850e+05  -5.5358586e+04
   6.1700000e+01   2.1947370e+05  -2.2417770e+04
   6.1800000e+01   2.1633972e+05   1.6517840e+04
   6.1900000e+01   2.0653408e+05   6.1235500e+04
   6.2000000e+01   1.9413945e+05   1.1234827e+05
   6.2100000e+01   1.8753972e+05   1.6721253e+05
   6.2200000e+01   1.9066044e+05   2.1740938e+05
   6.2300000e+01   1.9857611e+05   2.5286497e+05
   6.2400000e+01   2.0171372e+05   2.7034950e+05
   6.2500000e+01   1.9315088e+05   2.7732241e+05
   6.2600000e+01   1.7138455e+05   2.8535584e+05
   6.2700000e+01   1.3793131e+05   2.9880416e+05
   6.2800000e+01   9.5318242e+04   3.1083453e+05
   6.2900000e+01   4.8536258e+04   3.1146125e+05
   6.3000000e+01   6.0091089e+03   2.9844409e+05
   6.3100000e+01  -2.5057555e+04   2.7825175e+05
   6.3200000e+01  -4.6641109e+04   2.5604556e+05
   6.3300000e+01  -7.1836672e+04   2.2733850e+05
   6.3400000e+01  -1.1498722e+05   1.8286539e+05
   6.3500000e+01  -1.7668656e+05   1.2262619e+05
   6.3600000e+01  -2.3834447e+05   6.2958656e+04
   6.3700000e+01  -2.7407334e+05   2.6490230e+04
   6.3800000e+01  -2.7100641e+05   2.2976359e+04
   6.3900000e+01  -2.3974784e+05   3.9483625e+04
   6.4000000e+01  -2.0519773e+05   4.9814996e+04
   6.4100000e+01  -1.8646008e+05   3.4768211e+04
   6.4200000e+01  -1.8408303e+05  -4.4740547e+03
   6.4300000e+01  -1.8423948e+05  -4.9814359e+04
   6.4400000e+01  -1.7275775e+05  -8.1299906e+04
   6.4500000e+01  -1.4479320e+05  -9.0549203e+04
   6.4600000e+01  -1.0394763e+05  -8.3738969e+04
   6.4700000e+01  -5.6605762e+04  -7.5036039e+04
   6.4800000e+01  -9.5344443e+03  -7.7065125e+04
   6.4900000e+01   2.9016145e+04  -9.4308859e+04
   6.5000000e+01   5.0729652e+04  -1.2193320e+05
   6.5100000e+01   5.3440395e+04  -1.4981072e+05
   6.5200000e+01   4.5865617e+04  -1.6948086e+05
   6.5300000e+01   4.3202582e+04  -1.7984845e+05
   6.5400000e+01   5.5150645e+04  -1.8732027e+05
   6.5500000e+01   7.7366047e+04  -1.9978497e+05
   6.5600000e+01   9.5190852e+04  -2.1931288e+05
   6.5700000e+01   9.6213422e+04  -2.4013684e+05
   6.5800000e+01   7.9501820e+04  -2.5363708e+05
   6.5900000e+01   5.3759367e+04  -2.5516544e+05
   6.6000000e+01   2.8383516e+04  -2.4605770e+05
   6.6100000e+01   7.0838184e+03  -2.2973966e+05
   6.6200000e+01  -1.1369078e+04  -2.0701241e+05
   6.6300000e+01  -2.8609305e+04  -1.7558731e+05
   6.6400000e+01  -4.3645094e+04  -1.3355927e+05
   6.6500000e+01  -5.3068812e+04  -8.2516430e+04
   6.6600000e+01  -5.3252672e+04  -2.7361328e+04
   6.6700000e+01  -4.3055527e+04   2.6161342e+04
   6.6800000e+01  -2.5596750e+04   7.3584227e+04
   6.6900000e+01  -7.1518027e+03   1.1225347e+05
   6.7000000e+01   7.2328633e+03   1.4088766e+05
   6.7100000e+01   1.8043314e+04   1.5925097e+05
   6.7200000e+01   3.0844787e+04   1.6851802e+05
   6.7300000e+01   5.0640930e+04   1.7194673e+05
   6.7400000e+01   7.6196727e+04   1.7441244e+05
   6.7500000e+01   9.9593266e+04   1.7955659e+05
   6.7600000e+01   1.1083265e+05   1.8592905e+05
   6.7700000e+01   1.0313502e+05   1.8635823e+05
   6.7800000e+01   7.5941508e+04   1.7343394e+05
   6.7900000e+01   3.5866438e+04   1.4783192e+05
   6.8000000e+01  -4.3392773e+03   1.2139552e+05
   6.8100000e+01  -3.0740535e+04   1.0999318e+05
   6.8200000e+01  -3.6950305e+04   1.2065905e+05
   6.8300000e+01  -3.0483168e+04   1.4414188e+05
   6.8400000e+01  -2.8803332e+04   1.6045792e+05
   6.8500000e+01  -4.5254137e+04   1.5386175e+05
   6.8600000e+01  -7.6363484e+04   1.2487585e+05
   6.8700000e+01  -1.0332205e+05   8.8936023e+04
   6.8800000e+01  -1.0781166e+05   6.2786219e+04
   6.8900000e+01  -8.7814797e+04   5.0880453e+04
   6.9000000e+01  -5.8396898e+04   4.3922441e+04
   6.9100000e+01  -3.7415508e+04   2.9558305e+04
   6.9200000e+01  -3.1125389e+04   3.1883677e+03
   6.9300000e+01  -3.3491242e+04  -3.1847816e+04
   6.9400000e+01  -3.7237777e+04  -7.2044734e+04
   6.9500000e+01  -4.2326156e+04  -1.1736309e+05
   6.9600000e+01  -5.2524172e+04  -1.6524453e+05
   6.9700000e+01  -6.6230656e+04  -2.0408653e+05
   6.9800000e+01  -7.4487500e+04  -2.1837627e+05
   6.9900000e+01  -6.9251992e+04  -2.0368100e+05
   7.0000000e+01  -5.1648586e+04  -1.7524831e+05
   7.0100000e+01  -3.0159801e+04  -1.5796134e+05
   7.0200000e+01  -1.1552172e+04  -1.6492481e+05
   7.0300000e+01   4.2849766e+03  -1.8513770e+05
   7.0400000e+01   2.0673596e+04  -1.9253738e+05
   7.0500000e+01   3.8212852e+04  -1.6795981e+05
   7.0600000e+01   5.4670109e+04  -1.1389154e+05
   7.0700000e+01   6.9746531e+04  -5.0044031e+04
   7.0800000e+01   8.7191070e+04   3.9051055e+03
   7.0900000e+01   1.1076370e+05   4.1762566e+04
   7.1000000e+01   1.3868208e+05   6.9967203e+04
   7.1100000e+01   1.6288211e+05   9.6658594e+04
   7.1200000e+01   1.7392002e+05   1.2315912e+05
   7.1300000e+01   1.6725948e+05   1.4509036e+05
   7.1400000e+01   1.4678644e+05   1.5888236e+05
   7.1500000e+01   1.2402189e+05   1.6488919e+05
   7.1600000e+01   1.1307024e+05   1.6468230e+05
   7.1700000e+01   1.2256632e+05   1.5801062e+05
   7.1800000e+01   1.4859419e+05   1.4403634e+05
   7.1900000e+01   1.7442431e+05   1.2399219e+05
   7.2000000e+01   1.7961153e+05   9.9780766e+04
   7.2100000e+01   1.5327169e+05   6.9567078e+04
   7.2200000e+01   1.0153606e+05   2.7665068e+04
   7.2300000e+01   4.3295230e+04  -2.8128436e+04
   7.2400000e+01  -1.9712812e+03  -8.9005188e+04
   7.2500000e+01  -2.4889414e+04  -1.3752456e+05
   7.2600000e+01  -2.9297273e+04  -1.6020509e+05
   7.2700000e+01  -2.8483695e+04  -1.5900098e+05
   7.2800000e+01  -3.8059223e+04  -1.5023770e+05
   7.2900000e+01  -6.7686914e+04  -1.5113984e+05
   7.3000000e+01  -1.1420041e+05  -1.6528631e+05
   7.3100000e+01  -1.6122923e+05  -1.7903419e+05
   7.3200000e+01  -1.8888812e+05  -1.7177166e+05
   7.3300000e+01  -1.8846464e+05  -1.3197753e+05
   7.3400000e+01  -1.6976609e+05  -6.6575109e+04
   7.3500000e+01  -1.5344869e+05   3.7239219e+03
   7.3600000e+01  -1.5464262e+05   5.9037816e+04
   7.3700000e+01  -1.7249956e+05   9.2564992e+04
   7.3800000e+01  -1.9350408e+05   1.1091038e+05
   7.3900000e+01  -2.0271767e+05   1.2454717e+05
   7.4000000e+01  -1.9196689e+05   1.3906286e+05
   7.4100000e+01  -1.6099562e+05   1.5447488e+05
   7.4200000e+01  -1.1583797e+05   1.6947602e+05
   7.4300000e+01  -6.8122836e+04   1.8295923e+05
   7.4400000e+01  -3.2986555e+04   1.9136641e+05
   7.4500000e+01  -2.2110764e+04   1.8793730e+05
   7.4600000e+01  -3.4837836e+04   1.6799156e+05
   7.4700000e+01  -5.5872688e+04   1.3537902e+05
   7.4800000e+01  -6.4327453e+04   1.0169825e+05
   7.4900000e+01  -4.8357836e+04   7.7499453e+04
   7.5000000e+01  -1.3317889e+04   6.4219473e+04
   7.5100000e+01   2.3677078e+04   5.4901367e+04
   7.5200000e+01   4.8017137e+04   4.1710828e+04
   7.5300000e+01   5.8379949e+04   2.1503734e+04
   7.5400000e+01   6.5361352e+04  -5.0370820e+03
   7.5500000e+01   8.0375031e+04  -3.6549746e+04
   7.5600000e+01   1.0541844e+05  -7.0679062e+04
   7.5700000e+01   1.3244100e+05  -1.0113800e+05
   7.5800000e+01   1.5159961e+05  -1.1814785e+05
   7.5900000e+01   1.5986242e+05  -1.1488726e+05
   7.6000000e+01   1.6225127e+05  -9.4751148e+04
   7.6100000e+01   1.6582808e+05  -7.1486445e+04
   7.6200000e+01   1.7309788e+05  -6.0283102e+04
   7.6300000e+01   1.8061980e+05  -6.6865188e+04
   7.6400000e+01   1.8236672e+05  -8.4545148e+04
   7.6500000e+01   1.7326453e+05  -1.0232723e+05
   7.6600000e+01   1.5042033e+05  -1.1605146e+05
   7.6700000e+01   1.1381641e+05  -1.3048721e+05
   7.6800000e+01   6.8113812e+04  -1.4944423e+05
   7.6900000e+01   2.2796232e+04  -1.6546625e+05
   7.7000000e+01  -1.3352492e+04  -1.6362647e+05
   7.7100000e+01  -4.1061922e+04  -1.3869211e+05
   7.7200000e+01  -7.3092625e+04  -1.0686334e+05
   7.7300000e+01  -1.2397484e+05  -9.5230828e+04
   7.7400000e+01  -1.9391162e+05  -1.1577007e+05
   7.7500000e+01  -2.6296853e+05  -1.5037609e+05
   7.7600000e+01  -3.0379278e+05  -1.6456481e+05
   7.7700000e+01  -3.0245944e+05  -1.3775155e+05
   7.7800000e+01  -2.6798878e+05  -8.0526836e+04
   7.7900000e+01  -2.2235066e+05  -2.3520098e+04
   7.8000000e+01  -1.8213175e+05   8.6866074e+03
   7.8100000e+01  -1.4942381e+05   1.3559605e+04
   7.8200000e+01  -1.1745970e+05   6.2880117e+03
   7.8300000e+01  -8.1156875e+04   5.3412236e+03
   7.8400000e+01  -4.0738586e+04   2.2197441e+04
   7.8500000e+01   2.4443530e+03   5.8889789e+04
   7.8600000e+01   4.9443434e+04   1.0884364e+05
   7.8700000e+01   1.0079767e+05   1.5881414e+05
   7.8800000e+01   1.5113083e+05   1.9421091e+05
   7.8900000e+01   1.8950500e+05   2.0756705e+05
   7.9000000e+01   2.0746597e+05   2.0388294e+05
   7.9100000e+01   2.0729973e+05   1.9685753e+05
   7.9200000e+01   2.0146208e+05   1.9814677e+05
   7.9300000e+01   2.0259488e+05   2.0881156e+05
   7.9400000e+01   2.1317911e+05   2.2012639e+05
   7.9500000e+01   2.2446714e+05   2.2218969e+05
   7.9600000e+01   2.2516459e+05   2.1222203e+05
   7.9700000e+01   2.1097939e+05   1.9562884e+05
   7.9800000e+01   1.8631220e+05   1.7973044e+05
   7.9900000e+01   1.5834584e+05   1.6629008e+05
   8.0000000e+01   1.3138041e+05   1.4983402e+05
   8.0100000e+01   1.0715641e+05   1.2368338e+05
   8.0200000e+01   8.8340117e+04   8.8381406e+04
   8.0300000e+01   7.8245023e+04   5.4026242e+04
   8.0400000e+01   7.5564328e+04   3.2898289e+04
   8.0500000e+01   7.1138859e+04   2.8373203e+04
   8.0600000e+01   5.3310121e+04   3.0925480e+04
   8.0700000e+01   1.8390770e+04   2.5806828e+04
   8.0800000e+01  -2.4889797e+04   5.1494609e+03
   8.0900000e+01  -6.2983332e+04  -2.7379848e+04
   8.1000000e+01  -8.9917984e+04  -6.2961086e+04
   8.1100000e+01  -1.1126226e+05  -9.6583156e+04
   8.1200000e+01  -1.3558558e+05  -1.2838986e+05
   8.1300000e+01  -1.6370897e+05  -1.5773702e+05
   8.1400000e+01  -1.8879623e+05  -1.7998422e+05
   8.1500000e+01  -2.0756405e+05  -1.9239720e+05
   8.1600000e+01  -2.2884059e+05  -2.0239705e+05
   8.1700000e+01  -2.6701516e+05  -2.2527347e+05
   8.1800000e+01  -3.2453128e+05  -2.6886469e+05
   8.1900000e+01  -3.8177128e+05  -3.1941669e+05
   8.2000000e+01  -4.0794894e+05  -3.4604031e+05
   8.2100000e+01  -3.8601372e+05  -3.2422247e+05
   8.2200000e+01  -3.2877297e+05  -2.5800347e+05
   8.2300000e+01  -2.6962056e+05  -1.7879286e+05
   8.2400000e+01  -2.3472505e+05  -1.2046391e+05
   8.2500000e+01  -2.2150327e+05  -9.3680211e+04
   8.2600000e+01  -2.0274136e+05  -8.2716453e+04
   8.2700000e+01  -1.5192050e+05  -6.4942977e+04
   8.2800000e+01  -6.6340531e+04  -3.1656215e+04
   8.2900000e+01   3.1634482e+04   8.7922549e+03
   8.3000000e+01   1.1350344e+05   4.3669980e+04
   8.3100000e+01   1.6476828e+05   6.7574320e+04
   8.3200000e+01   1.8988228e+05   8.2312102e+04
   8.3300000e+01   2.0239478e+05   9.0026766e+04
   8.3400000e+01   2.1304706e+05   9.0535172e+04
   8.3500000e+01   2.2573242e+05   8.5151781e+04
   8.3600000e+01   2.4015741e+05   7.9779648e+04
   8.3700000e+01   2.5451981e+05   8.1783047e+04
   8.3800000e+01   2.6556312e+05   9.3935734e+04
   8.3900000e+01   2.6886600e+05   1.1231334e+05
   8.4000000e+01   2.6151383e+05   1.2987269e+05
   8.4100000e+01   2.4469906e+05   1.4143633e+05
   8.4200000e+01   2.2277086e+05   1.4584466e+05
   8.4300000e+01   1.9953198e+05   1.4503984e+05
   8.4400000e+01   1.7622986e+05   1.4208214e+05
   8.4500000e+01   1.5361700e+05   1.3948812e+05
   8.4600000e+01   1.3507144e+05   1.3854484e+05
   8.4700000e+01   1.2583489e+05   1.4000973e+05
   8.4800000e+01   1.2772314e+05   1.4528134e+05
   8.4900000e+01   1.3465097e+05   1.5572956e+05
   8.5000000e+01   1.3501161e+05   1.6957545e+05
   8.5100000e+01   1.2057365e+05   1.7974323e+05
   8.5200000e+01   9.4032000e+04   1.7671819e+05
   8.5300000e+01   6.7109484e+04   1.5511192e+05
   8.5400000e+01   4.9911180e+04   1.1750977e+05
   8.5500000e+01   4.1745820e+04   7.1660555e+04
   8.5600000e+01   3.2954012e+04   2.4624027e+04
   8.5700000e+01   1.5699632e+04  -1.9893561e+04
   8.5800000e+01  -8.5223242e+03  -6.0420633e+04
   8.5900000e+01  -3.3332578e+04  -9.7396180e+04
   8.6000000e+01  -5.8135246e+04  -1.3492761e+05
   8.6100000e+01  -9.0855547e+04  -1.7949295e+05
   8.6200000e+01  -1.3740066e+05  -2.3240041e+05
   8.6300000e+01  -1.8931262e+05  -2.8282600e+05
   8.6400000e+01  -2.2566378e+05  -3.1212316e+05
   8.6500000e+01  -2.3053322e+05  -3.0916638e+05
   8.6600000e+01  -2.0923986e+05  -2.8207481e+05
   8.6700000e+01  -1.8590703e+05  -2.5256961e+05
   8.6800000e+01  -1.8343553e+05  -2.3690923e+05
   8.6900000e+01  -2.0467384e+05  -2.3215381e+05
   8.7000000e+01  -2.3189884e+05  -2.2105116e+05
   8.7100000e+01  -2.4351634e+05  -1.8935936e+05
   8.7200000e+01  -2.3152764e+05  -1.3785000e+05
   8.7300000e+01  -2.0495631e+05  -7.9009289e+04
   8.7400000e+01  -1.7891755e+05  -2.4814277e+04
   8.7500000e+01  -1.6111203e+05   2.1216842e+04
   8.7600000e+01  -1.4722780e+05   6.1975406e+04
   8.7700000e+01  -1.2695041e+05   9.9943555e+04
   8.7800000e+01  -9.3388383e+04   1.3368512e+05
   8.7900000e+01  -4.7890246e+04   1.6001991e+05
   8.8000000e+01   1.8835146e+03   1.7794153e+05
   8.8100000e+01   4.6996188e+04   1.8956472e+05
   8.8200000e+01   8.0978141e+04   1.9740366e+05
   8.8300000e+01   1.0102454e+05   2.0124516e+05
   8.8400000e+01   1.0797393e+05   1.9815584e+05
   8.8500000e+01   1.0605760e+05   1.8587981e+05
   8.8600000e+01   1.0181664e+05   1.6630541e+05
   8.8700000e+01   1.0143584e+05   1.4532238e+05
   8.8800000e+01   1.0743997e+05   1.2880727e+05
   8.8900000e+01   1.1725773e+05   1.1838303e+05
   8.9000000e+01   1.2546720e+05   1.1096158e+05
   8.9100000e+01   1.2846802e+05   1.0239306e+05
   8.9200000e+01   1.2742368e+05   9.1554156e+04
   8.9300000e+01   1.2615230e+05   8.0928398e+04
   8.9400000e+01   1.2569779e+05   7.3302016e+04
   8.9500000e+01   1.2168145e+05   6.7968656e+04
   8.9600000e+01   1.0828848e+05   6.0255469e+04
   8.9700000e+01   8.5083281e+04   4.5143578e+04
   8.9800000e+01   5.8731598e+04   2.2191879e+04
   8.9900000e+01   3.7197496e+04  -2.2068369e+03
   9.0000000e+01   2.3072756e+04  -1.7501064e+04
   9.0100000e+01   1.3664399e+04  -1.5715207e+04
   9.0200000e+01   6.5333975e+03   1.5199771e+03
   9.0300000e+01   2.1352588e+03   2.0773102e+04
   9.0400000e+01  -2.8365967e+01   2.2985371e+04
   9.0500000e+01  -5.0476177e+03  -3.7934658e+03
   9.0600000e+01  -1.8341143e+04  -5.3479562e+04
   9.0700000e+01  -3.6877914e+04  -1.0288944e+05
   9.0800000e+01  -4.7896434e+04  -1.2696518e+05
   9.0900000e+01  -4.0220754e+04  -1.1800852e+05
   9.1000000e+01  -1.7572906e+04  -9.2648758e+04
   9.1100000e+01   1.6802461e+03  -7.9032719e+04
   9.1200000e+01   3.7677734e+02  -9.4068281e+04
   9.1300000e+01  -2.1283254e+04  -1.3011673e+05
   9.1400000e+01  -4.5674828e+04  -1.6234822e+05
   9.1500000e+01  -5.3654359e+04  -1.6953420e+05
   9.1600000e+01  -4.0546453e+04  -1.4994377e+05
   9.1700000e+01  -1.7768258e+04  -1.1996305e+05
   9.1800000e+01  -9.0441016e+02  -9.8999391e+04
   9.1900000e+01   3.0271113e+03  -9.4878484e+04
   9.2000000e+01  -1.4767588e+03  -1.0100723e+05
   9.2100000e+01  -4.9164551e+03  -1.0490845e+05
   9.2200000e+01  -9.1678894e+02  -9.8675805e+04
   9.2300000e+01   1.0648255e+04  -8.2596969e+04
   9.2400000e+01   2.6216984e+04  -6.1315453e+04
   9.2500000e+01   4.2985027e+04  -3.8806000e+04
   9.2600000e+01   6.0940625e+04  -1.7563139e+04
   9.2700000e+01   8.0985695e+04  -7.5801367e+02
   9.2800000e+01   1.0148638e+05   7.8648613e+03
   9.2900000e+01   1.1732212e+05   7.8211914e+03
   9.3000000e+01   1.2298817e+05   4.4134473e+03
   9.3100000e+01   1.1673306e+05   5.0129844e+03
   9.3200000e+01   1.0140809e+05   1.1975293e+04
   9.3300000e+01   8.1558531e+04   2.0656314e+04
   9.3400000e+01   6.0440367e+04   2.5909598e+04
   9.3500000e+01   3.9672582e+04   2.9895428e+04
   9.3600000e+01   1.9994867e+04   4.1392672e+04
   9.3700000e+01   7.2808984e+02   6.6308062e+04
   9.3800000e+01  -2.0764930e+04   9.9656812e+04
   9.3900000e+01  -4.6605367e+04   1.2824331e+05
   9.4000000e+01  -7.4249805e+04   1.4185872e+05
   9.4100000e+01  -9.6388453e+04   1.4196461e+05
   9.4200000e+01  -1.0700688e+05   1.3950009e+05
   9.4300000e+01  -1.0730641e+05   1.4385725e+05
   9.4400000e+01  -1.0384356e+05   1.5300748e+05
   9.4500000e+01  -1.0071908e+05   1.5388827e+05
   9.4600000e+01  -9.6123430e+04   1.3354119e+05
   9.4700000e+01  -8.8654641e+04   9.1605336e+04
   9.4800000e+01  -8.5464695e+04   4.2147016e+04
   9.4900000e+01  -9.9861359e+04   1.8357749e+03
   9.5000000e+01  -1.3781138e+05  -2.4541016e+04
   9.5100000e+01  -1.8748803e+05  -4.6159074e+04
   9.5200000e+01  -2.2535841e+05  -7.3499156e+04
   9.5300000e+01  -2.3559334e+05  -1.0545646e+05
   9.5400000e+01  -2.2472156e+05  -1.3142112e+05
   9.5500000e+01  -2.1662694e+05  -1.4564144e+05
   9.5600000e+01  -2.3126977e+05  -1.5574703e+05
   9.5700000e+01  -2.6592341e+05  -1.7392797e+05
   9.5800000e+01  -2.9572406e+05  -2.0058536e+05
   9.5900000e+01  -2.9319900e+05  -2.2018044e+05
   9.6000000e+01  -2.5005066e+05  -2.1518509e+05
   9.6100000e+01  -1.8326600e+05  -1.8327362e+05
   9.6200000e+01  -1.2174503e+05  -1.3968430e+05
   9.6300000e+01  -8.5655195e+04  -1.0347702e+05
   9.6400000e+01  -7.4749234e+04  -8.2633891e+04
   9.6500000e+01  -7.2455188e+04  -7.1412266e+04
   9.6600000e+01  -5.9886484e+04  -5.8974648e+04
   9.6700000e+01  -2.8460754e+04  -3.8595824e+04
   9.6800000e+01   1.6657863e+04  -9.9626172e+03
   9.6900000e+01   6.2577891e+04   2.4027299e+04
   9.7000000e+01   9.8360891e+04   6.0518219e+04
   9.7100000e+01   1.2094545e+05   9.7174961e+04
   9.7200000e+01   1.3365148e+05   1.3101106e+05
   9.7300000e+01   1.4027573e+05   1.5789334e+05
   9.7400000e+01   1.4144573e+05   1.7386378e+05
   9.7500000e+01   1.3648064e+05   1.7762523e+05
   9.7600000e+01   1.2720102e+05   1.7217244e+05
   9.7700000e+01   1.1812517e+05   1.6360378e+05
   9.7800000e+01   1.1265692e+05   1.5731234e+05
   9.7900000e+01   1.1029927e+05   1.5449612e+05
   9.8000000e+01   1.0853733e+05   1.5215016e+05
   9.8100000e+01   1.0695117e+05   1.4656158e+05
   9.8200000e+01   1.0837569e+05   1.3704866e+05
   9.8300000e+01   1.1569933e+05   1.2677148e+05
   9.8400000e+01   1.2805067e+05   1.2037577e+05
   9.8500000e+01   1.4063903e+05   1.2056613e+05
   9.8600000e+01   1.4848527e+05   1.2574038e+05
   9.8700000e+01   1.5041892e+05   1.2996006e+05
   9.8800000e+01   1.4958578e+05   1.2592158e+05
   9.8900000e+01   1.4998728e+05   1.1012290e+05
   9.9000000e+01   1.5218959e+05   8.6655242e+04
   9.9100000e+01   1.5204359e+05   6.5120980e+04
   9.9200000e+01   1.4338925e+05   5.2527961e+04
   9.9300000e+01   1.2229502e+05   4.6125211e+04
   9.9400000e+01   8.9886312e+04   3.5697828e+04
   9.9500000e+01   5.2735188e+04   1.5067445e+04
   9.9600000e+01   2.0705926e+04  -9.1393281e+03
   9.9700000e+01   1.9638984e+03  -2.3246646e+04
   9.9800000e+01  -2.6277056e+03  -2.2080340e+04
   9.9900000e+01   5.5474316e+02  -1.4117364e+04
   1.0000000e+02   5.5195259e+03  -7.9133145e+03
