   1.1851270e+02   3.6301420e+01   1.8450000e+02
   1.1870066e+02   3.6801280e+01   3.9100000e+01
   0.0000000e+00   5.1110812e+05   5.1110812e+05
   1.0000000e-01   4.2078166e+05   5.4317388e+05
   2.0000000e-01   2.9307828e+05   5.3743812e+05
   3.0000000e-01   1.7365408e+05   5.3542419e+05
   4.0000000e-01   9.5361086e+04   5.6332769e+05
   5.0000000e-01   5.5419586e+04   6.1408675e+05
   6.0000000e-01   2.6000799e+04   6.6048775e+05
   7.0000000e-01  -1.6620344e+04   6.8084469e+05
   8.0000000e-01  -7.3558953e+04   6.7182381e+05
   9.0000000e-01  -1.2896686e+05   6.4213331e+05
   1.0000000e+00  -1.6841944e+05   6.0025825e+05
   1.1000000e+00  -1.9013838e+05   5.4949694e+05
   1.2000000e+00  -2.0127864e+05   4.9050931e+05
   1.3000000e+00  -2.0781120e+05   4.2372922e+05
   1.4000000e+00  -2.1026048e+05   3.4816097e+05
   1.5000000e+00  -2.0781203e+05   2.6033414e+05
   1.6000000e+00  -2.0302614e+05   1.5745459e+05
   1.7000000e+00  -2.0014586e+05   4.2628281e+04
   1.8000000e+00  -1.9957638e+05  -7.4090438e+04
   1.9000000e+00  -1.9684766e+05  -1.8158000e+05
   2.0000000e+00  -1.8866727e+05  -2.7553603e+05
   2.1000000e+00  -1.7882344e+05  -3.6022466e+05
   2.2000000e+00  -1.7589689e+05  -4.4165778e+05
   2.3000000e+00  -1.8471003e+05  -5.1895591e+05
   2.4000000e+00  -2.0157095e+05  -5.8320750e+05
   2.5000000e+00  -2.1899045e+05  -6.2540500e+05
   2.6000000e+00  -2.3405753e+05  -6.4508556e+05
   2.7000000e+00  -2.5051161e+05  -6.5036831e+05
   2.8000000e+00  -2.7258741e+05  -6.4953931e+05
   2.9000000e+00  -2.9848156e+05  -6.4352325e+05
   3.0000000e+00  -3.2100562e+05  -6.2701900e+05
   3.1000000e+00  -3.3392212e+05  -5.9584831e+05
   3.2000000e+00  -3.3607678e+05  -5.5139862e+05
   3.3000000e+00  -3.2888466e+05  -4.9768991e+05
   3.4000000e+00  -3.1120797e+05  -4.3642791e+05
   3.5000000e+00  -2.7901644e+05  -3.6783794e+05
   3.6000000e+00  -2.3143438e+05  -2.9670338e+05
   3.7000000e+00  -1.7614012e+05  -2.3446545e+05
   3.8000000e+00  -1.2580235e+05  -1.9129638e+05
   3.9000000e+00  -8.6481062e+04  -1.6449114e+05
   4.0000000e+00  -4.9764363e+04  -1.3657806e+05
   4.1000000e+00   4.2153516e+02  -8.8406094e+04
   4.2000000e+00   7.0118594e+04  -1.6730145e+04
   4.3000000e+00   1.4448456e+05   6.0467508e+04
   4.4000000e+00   1.9737659e+05   1.1709005e+05
   4.5000000e+00   2.1421791e+05   1.3950644e+05
   4.6000000e+00   2.0557414e+05   1.3675823e+05
   4.7000000e+00   1.9719978e+05   1.3211169e+05
   4.8000000e+00   2.0654442e+05   1.4406773e+05
   4.9000000e+00   2.2927459e+05   1.7318891e+05
   5.0000000e+00   2.4762472e+05   2.0475783e+05
   5.1000000e+00   2.4935339e+05   2.2315403e+05
   5.2000000e+00   2.3727619e+05   2.2475819e+05
   5.3000000e+00   2.2234803e+05   2.1930372e+05
   5.4000000e+00   2.1121881e+05   2.2065466e+05
   5.5000000e+00   2.0240834e+05   2.3631666e+05
   5.6000000e+00   1.9295997e+05   2.6390638e+05
   5.7000000e+00   1.8545238e+05   2.9522900e+05
   5.8000000e+00   1.8633098e+05   3.2262516e+05
   5.9000000e+00   1.9759397e+05   3.4248131e+05
   6.0000000e+00   2.1187794e+05   3.5496019e+05
   6.1000000e+00   2.1749741e+05   3.6203919e+05
   6.2000000e+00   2.0902588e+05   3.6575744e+05
   6.3000000e+00   1.9229662e+05   3.6700175e+05
   6.4000000e+00   1.7786612e+05   3.6468400e+05
   6.5000000e+00   1.6928059e+05   3.5586572e+05
   6.6000000e+00   1.5875748e+05   3.3746566e+05
   6.7000000e+00   1.3542769e+05   3.0870300e+05
   6.8000000e+00   9.7496172e+04   2.7194056e+05
   6.9000000e+00   5.5015496e+04   2.3044023e+05
   7.0000000e+00   2.0145107e+04   1.8472055e+05
   7.1000000e+00  -4.5884834e+03   1.3138811e+05
   7.2000000e+00  -2.7830076e+04   6.6394109e+04
   7.3000000e+00  -6.0075367e+04  -9.9814980e+03
   7.4000000e+00  -1.0387238e+05  -9.1317711e+04
   7.5000000e+00  -1.5267369e+05  -1.6816567e+05
   7.6000000e+00  -1.9726030e+05  -2.3283164e+05
   7.7000000e+00  -2.3198202e+05  -2.8166050e+05
   7.8000000e+00  -2.5596216e+05  -3.1454978e+05
   7.9000000e+00  -2.7103094e+05  -3.3447944e+05
   8.0000000e+00  -2.8008128e+05  -3.4777725e+05
   8.1000000e+00  -2.8617816e+05  -3.6215212e+05
   8.2000000e+00  -2.9036938e+05  -3.8083284e+05
   8.3000000e+00  -2.8859572e+05  -3.9724953e+05
   8.4000000e+00  -2.7177753e+05  -3.9731938e+05
   8.5000000e+00  -2.3189131e+05  -3.7005238e+05
   8.6000000e+00  -1.7037858e+05  -3.1772856e+05
   8.7000000e+00  -1.0061183e+05  -2.5550702e+05
   8.8000000e+00  -3.9969793e+04  -1.9979848e+05
   8.9000000e+00   2.9947129e+03  -1.5550769e+05
   9.0000000e+00   3.4792668e+04  -1.1332308e+05
   9.1000000e+00   7.0211766e+04  -5.9012746e+04
   9.2000000e+00   1.1808817e+05   1.3515657e+04
   9.3000000e+00   1.7238108e+05   9.5976969e+04
   9.4000000e+00   2.1637041e+05   1.7055589e+05
   9.5000000e+00   2.3567811e+05   2.2125809e+05
   9.6000000e+00   2.2831753e+05   2.4285005e+05
   9.7000000e+00   2.0376020e+05   2.4144909e+05
   9.8000000e+00   1.7348206e+05   2.2803509e+05
   9.9000000e+00   1.4223258e+05   2.1124481e+05
   1.0000000e+01   1.0678616e+05   1.9469970e+05
   1.0100000e+01   6.1090898e+04   1.7879411e+05
   1.0200000e+01   1.8423115e+03   1.6312283e+05
   1.0300000e+01  -6.9522344e+04   1.4685408e+05
   1.0400000e+01  -1.4740677e+05   1.2800245e+05
   1.0500000e+01  -2.2256147e+05   1.0397918e+05
   1.0600000e+01  -2.8280466e+05   7.3546180e+04
   1.0700000e+01  -3.1665947e+05   3.7623000e+04
   1.0800000e+01  -3.1983288e+05  -2.7580352e+03
   1.0900000e+01  -2.9917253e+05  -4.9108750e+04
   1.1000000e+01  -2.6849875e+05  -1.0446980e+05
   1.1100000e+01  -2.3809839e+05  -1.6812816e+05
   1.1200000e+01  -2.0728956e+05  -2.3166620e+05
   1.1300000e+01  -1.6767134e+05  -2.8255588e+05
   1.1400000e+01  -1.1393664e+05  -3.1372919e+05
   1.1500000e+01  -5.1021461e+04  -3.2952606e+05
   1.1600000e+01   9.6196504e+03  -3.4074109e+05
   1.1700000e+01   6.0010906e+04  -3.5311556e+05
   1.1800000e+01   1.0109051e+05  -3.6122534e+05
   1.1900000e+01   1.3865053e+05  -3.5379625e+05
   1.2000000e+01   1.7532995e+05  -3.2390775e+05
   1.2100000e+01   2.0741327e+05  -2.7333725e+05
   1.2200000e+01   2.2878439e+05  -2.0855023e+05
   1.2300000e+01   2.3673711e+05  -1.3530953e+05
   1.2400000e+01   2.3358820e+05  -5.8198715e+04
   1.2500000e+01   2.2351292e+05   1.6775400e+04
   1.2600000e+01   2.0892930e+05   8.2472914e+04
   1.2700000e+01   1.9033934e+05   1.3520705e+05
   1.2800000e+01   1.6904517e+05   1.7862292e+05
   1.2900000e+01   1.4859483e+05   2.2174531e+05
   1.3000000e+01   1.3207280e+05   2.7184547e+05
   1.3100000e+01   1.1761185e+05   3.2781234e+05
   1.3200000e+01   9.8203750e+04   3.7955838e+05
   1.3300000e+01   6.8653312e+04   4.1453538e+05
   1.3400000e+01   3.4054074e+04   4.2701900e+05
   1.3500000e+01   9.6997471e+03   4.2279656e+05
   1.3600000e+01   9.0865254e+03   4.1426888e+05
   1.3700000e+01   2.9656330e+04   4.0888319e+05
   1.3800000e+01   5.1055672e+04   4.0131991e+05
   1.3900000e+01   5.0211027e+04   3.7826553e+05
   1.4000000e+01   2.0707883e+04   3.3276462e+05
   1.4100000e+01  -2.1531680e+04   2.7423225e+05
   1.4200000e+01  -5.1784629e+04   2.2312120e+05
   1.4300000e+01  -5.6657387e+04   1.9462995e+05
   1.4400000e+01  -4.2698980e+04   1.8731466e+05
   1.4500000e+01  -2.7318152e+04   1.8697684e+05
   1.4600000e+01  -2.2282861e+04   1.8006491e+05
   1.4700000e+01  -2.5007467e+04   1.6248439e+05
   1.4800000e+01  -2.3286584e+04   1.3749711e+05
   1.4900000e+01  -6.4159463e+03   1.0916785e+05
   1.5000000e+01   2.7911719e+04   8.0092406e+04
   1.5100000e+01   7.4727914e+04   5.3399117e+04
   1.5200000e+01   1.2657380e+05   3.2577145e+04
   1.5300000e+01   1.7638455e+05   1.7015652e+04
   1.5400000e+01   2.1776316e+05  -8.4174805e+02
   1.5500000e+01   2.4562267e+05  -3.1077055e+04
   1.5600000e+01   2.5839056e+05  -7.7828047e+04
   1.5700000e+01   2.5903839e+05  -1.3587609e+05
   1.5800000e+01   2.5218241e+05  -1.9629969e+05
   1.5900000e+01   2.3907234e+05  -2.5504862e+05
   1.6000000e+01   2.1572848e+05  -3.1526809e+05
   1.6100000e+01   1.7679809e+05  -3.8158816e+05
   1.6200000e+01   1.2137548e+05  -4.5330616e+05
   1.6300000e+01   5.4483039e+04  -5.2356300e+05
   1.6400000e+01  -1.7421004e+04  -5.8417706e+05
   1.6500000e+01  -9.1775266e+04  -6.3019475e+05
   1.6600000e+01  -1.7002981e+05  -6.6032831e+05
   1.6700000e+01  -2.5262488e+05  -6.7513269e+05
   1.6800000e+01  -3.3500034e+05  -6.7630906e+05
   1.6900000e+01  -4.0963819e+05  -6.6685994e+05
   1.7000000e+01  -4.7196469e+05  -6.4921944e+05
   1.7100000e+01  -5.2311172e+05  -6.2133031e+05
   1.7200000e+01  -5.6596044e+05  -5.7518438e+05
   1.7300000e+01  -5.9902219e+05  -5.0172044e+05
   1.7400000e+01  -6.1612812e+05  -3.9959534e+05
   1.7500000e+01  -6.1369938e+05  -2.8005084e+05
   1.7600000e+01  -5.9758469e+05  -1.6206231e+05
   1.7700000e+01  -5.7970562e+05  -5.9944156e+04
   1.7800000e+01  -5.6530644e+05   2.7230898e+04
   1.7900000e+01  -5.4420862e+05   1.1479194e+05
   1.8000000e+01  -4.9848994e+05   2.1859109e+05
   1.8100000e+01  -4.2204994e+05   3.3793662e+05
   1.8200000e+01  -3.3191425e+05   4.5067697e+05
   1.8300000e+01  -2.5655153e+05   5.2765575e+05
   1.8400000e+01  -2.1028042e+05   5.5603838e+05
   1.8500000e+01  -1.7946770e+05   5.5026106e+05
   1.8600000e+01  -1.3539711e+05   5.3912481e+05
   1.8700000e+01  -6.0923652e+04   5.4061262e+05
   1.8800000e+01   3.5887066e+04   5.4843462e+05
   1.8900000e+01   1.3274062e+05   5.4189275e+05
   1.9000000e+01   2.1422402e+05   5.0683953e+05
   1.9100000e+01   2.8091794e+05   4.4651647e+05
   1.9200000e+01   3.4115294e+05   3.7509012e+05
   1.9300000e+01   3.9908638e+05   3.0532219e+05
   1.9400000e+01   4.5271012e+05   2.4387609e+05
   1.9500000e+01   5.0015691e+05   1.9455181e+05
   1.9600000e+01   5.4308012e+05   1.6022116e+05
   1.9700000e+01   5.8234850e+05   1.3942673e+05
   1.9800000e+01   6.1305938e+05   1.2403833e+05
   1.9900000e+01   6.2718219e+05   1.0474016e+05
   2.0000000e+01   6.2214725e+05   8.0705117e+04
   2.0100000e+01   6.0559319e+05   6.2476895e+04
   2.0200000e+01   5.9010038e+05   6.3063289e+04
   2.0300000e+01   5.8245438e+05   8.5274352e+04
   2.0400000e+01   5.7775144e+05   1.1830807e+05
   2.0500000e+01   5.6387300e+05   1.4737728e+05
   2.0600000e+01   5.3211319e+05   1.6663756e+05
   2.0700000e+01   4.8457575e+05   1.8247180e+05
   2.0800000e+01   4.3251369e+05   2.0450609e+05
   2.0900000e+01   3.8807019e+05   2.3415956e+05
   2.1000000e+01   3.5719088e+05   2.6196691e+05
   2.1100000e+01   3.3915659e+05   2.7486703e+05
   2.1200000e+01   3.3096241e+05   2.6492962e+05
   2.1300000e+01   3.3037816e+05   2.3170017e+05
   2.1400000e+01   3.3472122e+05   1.7889927e+05
   2.1500000e+01   3.3895434e+05   1.1163059e+05
   2.1600000e+01   3.3785534e+05   3.6855898e+04
   2.1700000e+01   3.3054603e+05  -3.6562934e+04
   2.1800000e+01   3.2025159e+05  -1.0226255e+05
   2.1900000e+01   3.0672384e+05  -1.6244511e+05
   2.2000000e+01   2.7940216e+05  -2.2769889e+05
   2.2100000e+01   2.2198091e+05  -3.0708756e+05
   2.2200000e+01   1.2720902e+05  -3.9599909e+05
   2.2300000e+01   6.6442710e+03  -4.7469762e+05
   2.2400000e+01  -1.1803698e+05  -5.2228400e+05
   2.2500000e+01  -2.3643869e+05  -5.3508375e+05
   2.2600000e+01  -3.6172662e+05  -5.3154131e+05
   2.2700000e+01  -5.1867400e+05  -5.3676725e+05
   2.2800000e+01  -7.1696275e+05  -5.5964656e+05
   2.2900000e+01  -9.3571700e+05  -5.8389606e+05
   2.3000000e+01  -1.1350875e+06  -5.8199556e+05
   2.3100000e+01  -1.2841180e+06  -5.3928238e+05
   2.3200000e+01  -1.3790244e+06  -4.6616350e+05
   2.3300000e+01  -1.4372175e+06  -3.8831791e+05
   2.3400000e+01  -1.4764768e+06  -3.2542569e+05
   2.3500000e+01  -1.5002858e+06  -2.7822706e+05
   2.3600000e+01  -1.4999912e+06  -2.3392909e+05
   2.3700000e+01  -1.4664150e+06  -1.8220294e+05
   2.3800000e+01  -1.3971832e+06  -1.2559871e+05
   2.3900000e+01  -1.2949289e+06  -7.5856977e+04
   2.4000000e+01  -1.1625188e+06  -4.2145910e+04
   2.4100000e+01  -1.0023777e+06  -2.3917680e+04
   2.4200000e+01  -8.1939581e+05  -1.4281721e+04
   2.4300000e+01  -6.2179619e+05  -8.1144741e+03
   2.4400000e+01  -4.1754366e+05  -5.3966021e+03
   2.4500000e+01  -2.1027942e+05  -7.5096572e+03
   2.4600000e+01   1.3608398e+02  -1.2824691e+04
   2.4700000e+01   2.1280659e+05  -1.7505680e+04
   2.4800000e+01   4.2215925e+05  -1.9465414e+04
   2.4900000e+01   6.1963256e+05  -1.8869291e+04
   2.5000000e+01   7.9887412e+05  -1.3677191e+04
   2.5100000e+01   9.5895350e+05   3.4679712e+03
   2.5200000e+01   1.1025596e+06   4.1172219e+04
   2.5300000e+01   1.2315216e+06   1.0120189e+05
   2.5400000e+01   1.3442951e+06   1.7552197e+05
   2.5500000e+01   1.4373416e+06   2.5233750e+05
   2.5600000e+01   1.5081624e+06   3.2470938e+05
   2.5700000e+01   1.5565398e+06   3.9280278e+05
   2.5800000e+01   1.5830368e+06   4.5887550e+05
   2.5900000e+01   1.5869554e+06   5.2217269e+05
   2.6000000e+01   1.5664064e+06   5.7927581e+05
   2.6100000e+01   1.5204788e+06   6.2746312e+05
   2.6200000e+01   1.4505816e+06   6.6520481e+05
   2.6300000e+01   1.3585996e+06   6.8894356e+05
   2.6400000e+01   1.2436328e+06   6.9146706e+05
   2.6500000e+01   1.1021331e+06   6.6611681e+05
   2.6600000e+01   9.3316306e+05   6.1383012e+05
   2.6700000e+01   7.4344475e+05   5.4517225e+05
   2.6800000e+01   5.4465138e+05   4.7318366e+05
   2.6900000e+01   3.4311397e+05   4.0216206e+05
   2.7000000e+01   1.3244555e+05   3.2323956e+05
   2.7100000e+01  -1.0060982e+05   2.2291161e+05
   2.7200000e+01  -3.5999888e+05   9.8358531e+04
   2.7300000e+01  -6.2930944e+05  -3.4825391e+04
   2.7400000e+01  -8.7823238e+05  -1.5126538e+05
   2.7500000e+01  -1.0820668e+06  -2.3396808e+05
   2.7600000e+01  -1.2367540e+06  -2.8533919e+05
   2.7700000e+01  -1.3563651e+06  -3.2137516e+05
   2.7800000e+01  -1.4566874e+06  -3.5603403e+05
   2.7900000e+01  -1.5403401e+06  -3.9113716e+05
   2.8000000e+01  -1.5952000e+06  -4.1906475e+05
   2.8100000e+01  -1.6047650e+06  -4.3172772e+05
   2.8200000e+01  -1.5598380e+06  -4.2551288e+05
   2.8300000e+01  -1.4626755e+06  -4.0002153e+05
   2.8400000e+01  -1.3231352e+06  -3.5635922e+05
   2.8500000e+01  -1.1526115e+06  -2.9899262e+05
   2.8600000e+01  -9.6102800e+05  -2.3792714e+05
   2.8700000e+01  -7.5729712e+05  -1.8576933e+05
   2.8800000e+01  -5.4999244e+05  -1.5008517e+05
   2.8900000e+01  -3.4596088e+05  -1.2787981e+05
   2.9000000e+01  -1.4854947e+05  -1.0813537e+05
   2.9100000e+01   4.1081438e+04  -8.0967844e+04
   2.9200000e+01   2.1943578e+05  -4.5750984e+04
   2.9300000e+01   3.7789244e+05  -1.1451232e+04
   2.9400000e+01   5.0635297e+05   1.0693115e+04
   2.9500000e+01   6.0097375e+05   1.5490574e+04
   2.9600000e+01   6.6754706e+05   6.0799551e+03
   2.9700000e+01   7.1563800e+05  -1.0822999e+04
   2.9800000e+01   7.4908044e+05  -3.1043912e+04
   2.9900000e+01   7.6334094e+05  -5.4188723e+04
   3.0000000e+01   7.5267050e+05  -7.9927969e+04
   3.0100000e+01   7.1855662e+05  -1.0515016e+05
   3.0200000e+01   6.6976938e+05  -1.2624045e+05
   3.0300000e+01   6.1454988e+05  -1.4343312e+05
   3.0400000e+01   5.5432769e+05  -1.6062350e+05
   3.0500000e+01   4.8544556e+05  -1.7962359e+05
   3.0600000e+01   4.0562697e+05  -1.9591800e+05
   3.0700000e+01   3.1754341e+05  -2.0240047e+05
   3.0800000e+01   2.2675783e+05  -1.9769984e+05
   3.0900000e+01   1.3795534e+05  -1.8871819e+05
   3.1000000e+01   5.3979414e+04  -1.8285967e+05
   3.1100000e+01  -2.2371268e+04  -1.7815928e+05
   3.1200000e+01  -8.7303648e+04  -1.6349338e+05
   3.1300000e+01  -1.3804806e+05  -1.3038030e+05
   3.1400000e+01  -1.7617089e+05  -8.4328766e+04
   3.1500000e+01  -2.0785100e+05  -4.2951180e+04
   3.1600000e+01  -2.3878472e+05  -2.1340045e+04
   3.1700000e+01  -2.6710816e+05  -1.8306371e+04
   3.1800000e+01  -2.8178344e+05  -1.6615875e+04
   3.1900000e+01  -2.7046262e+05   2.6465059e+03
   3.2000000e+01  -2.3112617e+05   4.4198797e+04
   3.2100000e+01  -1.7578511e+05   9.4902930e+04
   3.2200000e+01  -1.2091864e+05   1.3516288e+05
   3.2300000e+01  -7.3306305e+04   1.5508317e+05
   3.2400000e+01  -2.5981533e+04   1.6121927e+05
   3.2500000e+01   3.1212281e+04   1.6873136e+05
   3.2600000e+01   9.7974750e+04   1.8738791e+05
   3.2700000e+01   1.6163542e+05   2.1495112e+05
   3.2800000e+01   2.0833445e+05   2.4293827e+05
   3.2900000e+01   2.3422347e+05   2.6676828e+05
   3.3000000e+01   2.4495014e+05   2.8886288e+05
   3.3100000e+01   2.4623241e+05   3.1254253e+05
   3.3200000e+01   2.3798127e+05   3.3529922e+05
   3.3300000e+01   2.1818714e+05   3.4989759e+05
   3.3400000e+01   1.8965459e+05   3.5168881e+05
   3.3500000e+01   1.5943336e+05   3.4301822e+05
   3.3600000e+01   1.3095729e+05   3.2944112e+05
   3.3700000e+01   9.9058000e+04   3.1253931e+05
   3.3800000e+01   5.5202535e+04   2.8815450e+05
   3.3900000e+01  -2.0689746e+03   2.5214202e+05
   3.4000000e+01  -6.3347621e+04   2.0655028e+05
   3.4100000e+01  -1.1601236e+05   1.5853066e+05
   3.4200000e+01  -1.5543077e+05   1.1301375e+05
   3.4300000e+01  -1.8791053e+05   6.7839039e+04
   3.4400000e+01  -2.2259316e+05   1.7418553e+04
   3.4500000e+01  -2.6107070e+05  -3.8921570e+04
   3.4600000e+01  -2.9536634e+05  -9.3511875e+04
   3.4700000e+01  -3.1586109e+05  -1.3624916e+05
   3.4800000e+01  -3.2074722e+05  -1.6395047e+05
   3.4900000e+01  -3.1753478e+05  -1.8321742e+05
   3.5000000e+01  -3.1534519e+05  -2.0355536e+05
   3.5100000e+01  -3.1576238e+05  -2.2776680e+05
   3.5200000e+01  -3.1120209e+05  -2.4960770e+05
   3.5300000e+01  -2.9210950e+05  -2.6102702e+05
   3.5400000e+01  -2.5541048e+05  -2.6091517e+05
   3.5500000e+01  -2.0574678e+05  -2.5556283e+05
   3.5600000e+01  -1.4933759e+05  -2.5057069e+05
   3.5700000e+01  -8.8616242e+04  -2.4435972e+05
   3.5800000e+01  -2.4048910e+04  -2.3183358e+05
   3.5900000e+01   4.0573992e+04  -2.1368030e+05
   3.6000000e+01   9.8628883e+04  -1.9809459e+05
   3.6100000e+01   1.4866828e+05  -1.9014400e+05
   3.6200000e+01   1.9966244e+05  -1.8111633e+05
   3.6300000e+01   2.6330978e+05  -1.5371142e+05
   3.6400000e+01   3.3835172e+05  -1.0112472e+05
   3.6500000e+01   4.0442847e+05  -3.9034035e+04
   3.6600000e+01   4.3571225e+05   5.6491445e+03
   3.6700000e+01   4.2313819e+05   1.9576227e+04
   3.6800000e+01   3.8289606e+05   1.5050452e+04
   3.6900000e+01   3.4195109e+05   1.6597016e+04
   3.7000000e+01   3.1479631e+05   3.7240852e+04
   3.7100000e+01   2.9365988e+05   6.9391703e+04
   3.7200000e+01   2.5938536e+05   9.6717844e+04
   3.7300000e+01   2.0000697e+05   1.1057702e+05
   3.7400000e+01   1.1962067e+05   1.1364591e+05
   3.7500000e+01   3.2770641e+04   1.1149346e+05
   3.7600000e+01  -4.6834914e+04   1.0559622e+05
   3.7700000e+01  -1.1283872e+05   9.5223031e+04
   3.7800000e+01  -1.6551369e+05   8.2270992e+04
   3.7900000e+01  -2.0813645e+05   7.0484953e+04
   3.8000000e+01  -2.4459052e+05   5.9870512e+04
   3.8100000e+01  -2.7825956e+05   4.4596207e+04
   3.8200000e+01  -3.1023125e+05   1.8674801e+04
   3.8300000e+01  -3.3680131e+05  -1.6131398e+04
   3.8400000e+01  -3.4920366e+05  -4.9314840e+04
   3.8500000e+01  -3.3812012e+05  -6.9882578e+04
   3.8600000e+01  -3.0103331e+05  -7.6422062e+04
   3.8700000e+01  -2.4617809e+05  -7.8911859e+04
   3.8800000e+01  -1.8829789e+05  -8.9704688e+04
   3.8900000e+01  -1.3872806e+05  -1.1171835e+05
   3.9000000e+01  -9.8391484e+04  -1.3512088e+05
   3.9100000e+01  -5.9985512e+04  -1.4584998e+05
   3.9200000e+01  -1.6699791e+04  -1.3764719e+05
   3.9300000e+01   3.1224957e+04  -1.1594169e+05
   3.9400000e+01   7.7469508e+04  -9.0619516e+04
   3.9500000e+01   1.1518339e+05  -6.6144344e+04
   3.9600000e+01   1.4052398e+05  -3.9265777e+04
   3.9700000e+01   1.5205670e+05  -5.2522568e+03
   3.9800000e+01   1.4979959e+05   3.5741766e+04
   3.9900000e+01   1.3717748e+05   7.9404203e+04
   4.0000000e+01   1.2300175e+05   1.2280396e+05
   4.0100000e+01   1.1763163e+05   1.6646706e+05
   4.0200000e+01   1.2356316e+05   2.0969369e+05
   4.0300000e+01   1.3008179e+05   2.4568772e+05
   4.0400000e+01   1.2160221e+05   2.6505525e+05
   4.0500000e+01   9.5604172e+04   2.6628066e+05
   4.0600000e+01   7.1768703e+04   2.6101916e+05
   4.0700000e+01   7.7934477e+04   2.6484981e+05
   4.0800000e+01   1.2195377e+05   2.8010466e+05
   4.0900000e+01   1.7758952e+05   2.8898225e+05
   4.1000000e+01   2.0271694e+05   2.6705606e+05
   4.1100000e+01   1.7542166e+05   2.0605422e+05
   4.1200000e+01   1.1299815e+05   1.2358809e+05
   4.1300000e+01   5.4962320e+04   4.9726070e+04
   4.1400000e+01   2.7679578e+04   3.2542803e+03
   4.1500000e+01   2.5206377e+04  -2.0342172e+04
   4.1600000e+01   2.1406367e+04  -4.0219898e+04
   4.1700000e+01  -3.5236636e+03  -7.1771820e+04
   4.1800000e+01  -4.8704898e+04  -1.1582833e+05
   4.1900000e+01  -9.9028414e+04  -1.6226180e+05
   4.2000000e+01  -1.3985458e+05  -2.0074491e+05
   4.2100000e+01  -1.6474450e+05  -2.2749430e+05
   4.2200000e+01  -1.7349709e+05  -2.4390992e+05
   4.2300000e+01  -1.6776411e+05  -2.5173427e+05
   4.2400000e+01  -1.5005703e+05  -2.5113888e+05
   4.2500000e+01  -1.2500176e+05  -2.4289956e+05
   4.2600000e+01  -9.8649172e+04  -2.3041039e+05
   4.2700000e+01  -7.4747062e+04  -2.1784547e+05
   4.2800000e+01  -5.1532344e+04  -2.0615919e+05
   4.2900000e+01  -2.3388768e+04  -1.9195717e+05
   4.3000000e+01   1.2726074e+04  -1.7126430e+05
   4.3100000e+01   5.1804926e+04  -1.4442603e+05
   4.3200000e+01   8.2401797e+04  -1.1679951e+05
   4.3300000e+01   9.4806000e+04  -9.4298133e+04
   4.3400000e+01   8.7985727e+04  -7.8130594e+04
   4.3500000e+01   6.8299836e+04  -6.3742262e+04
   4.3600000e+01   4.1864293e+04  -4.4952371e+04
   4.3700000e+01   9.3858174e+03  -1.9673637e+04
   4.3800000e+01  -3.1120348e+04   7.8531875e+03
   4.3900000e+01  -7.7955406e+04   3.0592332e+04
   4.4000000e+01  -1.2404004e+05   4.5130926e+04
   4.4100000e+01  -1.6196333e+05   5.4919684e+04
   4.4200000e+01  -1.8925947e+05   6.6923922e+04
   4.4300000e+01  -2.0722505e+05   8.5036359e+04
   4.4400000e+01  -2.1500388e+05   1.0715164e+05
   4.4500000e+01  -2.0719845e+05   1.2843977e+05
   4.4600000e+01  -1.7950238e+05   1.4607895e+05
   4.4700000e+01  -1.3661686e+05   1.5983895e+05
   4.4800000e+01  -9.2139695e+04   1.6949100e+05
   4.4900000e+01  -5.7827484e+04   1.7461597e+05
   4.5000000e+01  -3.2227734e+04   1.7797344e+05
   4.5100000e+01  -1.6711025e+03   1.8630777e+05
   4.5200000e+01   4.5284867e+04   2.0383241e+05
   4.5300000e+01   1.0401683e+05   2.2385991e+05
   4.5400000e+01   1.5580875e+05   2.2983258e+05
   4.5500000e+01   1.8493269e+05   2.0860148e+05
   4.5600000e+01   1.9363555e+05   1.6422898e+05
   4.5700000e+01   1.9932114e+05   1.1734188e+05
   4.5800000e+01   2.1683312e+05   8.8654367e+04
   4.5900000e+01   2.4422362e+05   8.1614805e+04
   4.6000000e+01   2.6591925e+05   8.0463312e+04
   4.6100000e+01   2.6842066e+05   6.4958391e+04
   4.6200000e+01   2.5166180e+05   2.7520104e+04
   4.6300000e+01   2.2599423e+05  -2.2300594e+04
   4.6400000e+01   2.0088989e+05  -6.8055734e+04
   4.6500000e+01   1.7839595e+05  -1.0021538e+05
   4.6600000e+01   1.5619283e+05  -1.2109297e+05
   4.6700000e+01   1.3341556e+05  -1.3839967e+05
   4.6800000e+01   1.1100939e+05  -1.5577658e+05
   4.6900000e+01   8.7294188e+04  -1.7021728e+05
   4.7000000e+01   5.6423059e+04  -1.7781252e+05
   4.7100000e+01   1.3752664e+04  -1.7989722e+05
   4.7200000e+01  -3.7306715e+04  -1.8172906e+05
   4.7300000e+01  -8.5654922e+04  -1.8537980e+05
   4.7400000e+01  -1.2137970e+05  -1.8622533e+05
   4.7500000e+01  -1.4466245e+05  -1.7826028e+05
   4.7600000e+01  -1.6533255e+05  -1.6197934e+05
   4.7700000e+01  -1.9309947e+05  -1.4452503e+05
   4.7800000e+01  -2.2819484e+05  -1.3129520e+05
   4.7900000e+01  -2.6174386e+05  -1.1946558e+05
   4.8000000e+01  -2.8501603e+05  -1.0189042e+05
   4.8100000e+01  -2.9751259e+05  -7.6607289e+04
   4.8200000e+01  -3.0540894e+05  -4.9849367e+04
   4.8300000e+01  -3.1257016e+05  -2.8739002e+04
   4.8400000e+01  -3.1457309e+05  -1.2919471e+04
   4.8500000e+01  -3.0268247e+05   4.5838350e+03
   4.8600000e+01  -2.7329122e+05   2.8830822e+04
   4.8700000e+01  -2.3203039e+05   5.7467312e+04
   4.8800000e+01  -1.8806034e+05   8.4233422e+04
   4.8900000e+01  -1.4554677e+05   1.0589688e+05
   4.9000000e+01  -1.0215697e+05   1.2363337e+05
   4.9100000e+01  -5.5282719e+04   1.3818445e+05
   4.9200000e+01  -7.1835869e+03   1.4666530e+05
   4.9300000e+01   3.7688137e+04   1.4649962e+05
   4.9400000e+01   7.9154039e+04   1.4173595e+05
   4.9500000e+01   1.2211175e+05   1.4221720e+05
   4.9600000e+01   1.6931734e+05   1.5366647e+05
   4.9700000e+01   2.1461902e+05   1.6855297e+05
   4.9800000e+01   2.4601908e+05   1.6940820e+05
   4.9900000e+01   2.5723300e+05   1.4433538e+05
   5.0000000e+01   2.5613270e+05   1.0063830e+05
   5.0100000e+01   2.6026061e+05   6.2003254e+04
   5.0200000e+01   2.8205544e+05   4.9528809e+04
   5.0300000e+01   3.1703591e+05   6.3064082e+04
   5.0400000e+01   3.4625534e+05   8.0462156e+04
   5.0500000e+01   3.5131106e+05   7.6376258e+04
   5.0600000e+01   3.2839750e+05   4.3905500e+04
   5.0700000e+01   2.8899788e+05  -5.0764258e+02
   5.0800000e+01   2.4800211e+05  -3.2742539e+04
   5.0900000e+01   2.1187027e+05  -4.1761844e+04
   5.1000000e+01   1.7755012e+05  -3.6307578e+04
   5.1100000e+01   1.4005530e+05  -3.3557246e+04
   5.1200000e+01   9.8124625e+04  -4.3458961e+04
   5.1300000e+01   5.2538566e+04  -6.4157895e+04
   5.1400000e+01   2.4223105e+03  -8.9450852e+04
   5.1500000e+01  -5.3310520e+04  -1.1633991e+05
   5.1600000e+01  -1.1099037e+05  -1.4386159e+05
   5.1700000e+01  -1.6169614e+05  -1.6761814e+05
   5.1800000e+01  -1.9788306e+05  -1.8015575e+05
   5.1900000e+01  -2.1996064e+05  -1.7862989e+05
   5.2000000e+01  -2.3488159e+05  -1.7015277e+05
   5.2100000e+01  -2.4829039e+05  -1.6669234e+05
   5.2200000e+01  -2.5920883e+05  -1.7388603e+05
   5.2300000e+01  -2.6262500e+05  -1.8597319e+05
   5.2400000e+01  -2.5605064e+05  -1.9235625e+05
   5.2500000e+01  -2.4246875e+05  -1.8812633e+05
   5.2600000e+01  -2.2710764e+05  -1.7687555e+05
   5.2700000e+01  -2.1215417e+05  -1.6360458e+05
   5.2800000e+01  -1.9487391e+05  -1.4702414e+05
   5.2900000e+01  -1.7070859e+05  -1.2078435e+05
   5.3000000e+01  -1.3836216e+05  -8.2322609e+04
   5.3100000e+01  -1.0230258e+05  -3.8773871e+04
   5.3200000e+01  -7.0269250e+04  -2.2794622e+03
   5.3300000e+01  -4.7725543e+04   2.1115674e+04
   5.3400000e+01  -3.4269805e+04   3.7148805e+04
   5.3500000e+01  -2.5480793e+04   5.7105492e+04
   5.3600000e+01  -1.8167580e+04   8.6064922e+04
   5.3700000e+01  -1.3123961e+04   1.1834621e+05
   5.3800000e+01  -1.2232881e+04   1.4506833e+05
   5.3900000e+01  -1.3790549e+04   1.6493467e+05
   5.4000000e+01  -1.2860965e+04   1.8529286e+05
   5.4100000e+01  -7.5896284e+03   2.1172877e+05
   5.4200000e+01  -3.7303320e+03   2.3864506e+05
   5.4300000e+01  -9.4574336e+03   2.5336925e+05
   5.4400000e+01  -2.3530691e+04   2.5077716e+05
   5.4500000e+01  -3.0302686e+04   2.4169728e+05
   5.4600000e+01  -1.0755444e+04   2.4353925e+05
   5.4700000e+01   3.8639453e+04   2.6141961e+05
   5.4800000e+01   9.8881500e+04   2.8023366e+05
   5.4900000e+01   1.4291891e+05   2.7766588e+05
   5.5000000e+01   1.5861456e+05   2.4564156e+05
   5.5100000e+01   1.5713923e+05   1.9814448e+05
   5.5200000e+01   1.5896141e+05   1.5761152e+05
   5.5300000e+01   1.7333697e+05   1.3455722e+05
   5.5400000e+01   1.9247248e+05   1.2114328e+05
   5.5500000e+01   2.0349869e+05   1.0327264e+05
   5.5600000e+01   2.0233534e+05   7.6173836e+04
   5.5700000e+01   1.9475650e+05   4.6809734e+04
   5.5800000e+01   1.8693305e+05   2.2990879e+04
   5.5900000e+01   1.7862619e+05   3.7976602e+03
   5.6000000e+01   1.6597095e+05  -1.7585348e+04
   5.6100000e+01   1.4811703e+05  -4.3567129e+04
   5.6200000e+01   1.2879695e+05  -6.8080031e+04
   5.6300000e+01   1.1179120e+05  -8.3959609e+04
   5.6400000e+01   9.6745664e+04  -9.2464734e+04
   5.6500000e+01   8.0316031e+04  -1.0296567e+05
   5.6600000e+01   6.0618727e+04  -1.2283339e+05
   5.6700000e+01   3.9406586e+04  -1.4930167e+05
   5.6800000e+01   1.9702596e+04  -1.7266538e+05
   5.6900000e+01   2.1295107e+03  -1.8713803e+05
   5.7000000e+01  -1.5544885e+04  -1.9745339e+05
   5.7100000e+01  -3.5192316e+04  -2.1445556e+05
   5.7200000e+01  -5.5531887e+04  -2.4457717e+05
   5.7300000e+01  -7.3531758e+04  -2.8357472e+05
   5.7400000e+01  -8.8704945e+04  -3.1982334e+05
   5.7500000e+01  -1.0494395e+05  -3.4334472e+05
   5.7600000e+01  -1.2665134e+05  -3.5238350e+05
   5.7700000e+01  -1.5254842e+05  -3.5265622e+05
   5.7800000e+01  -1.7431973e+05  -3.5132681e+05
   5.7900000e+01  -1.8305770e+05  -3.5181412e+05
   5.8000000e+01  -1.7784919e+05  -3.5325909e+05
   5.8100000e+01  -1.6723988e+05  -3.5279556e+05
   5.8200000e+01  -1.6091242e+05  -3.4639909e+05
   5.8300000e+01  -1.5975148e+05  -3.2801250e+05
   5.8400000e+01  -1.5544088e+05  -2.9129362e+05
   5.8500000e+01  -1.4096191e+05  -2.3580686e+05
   5.8600000e+01  -1.2043219e+05  -1.7124981e+05
   5.8700000e+01  -1.0580240e+05  -1.1117397e+05
   5.8800000e+01  -1.0218592e+05  -5.8569105e+04
   5.8900000e+01  -9.8175594e+04   1.2397188e+03
   5.9000000e+01  -7.4687484e+04   8.8222336e+04
   5.9100000e+01  -2.6180957e+04   2.0453095e+05
   5.9200000e+01   2.7696119e+04   3.2499138e+05
   5.9300000e+01   5.4988766e+04   4.1454672e+05
   5.9400000e+01   3.9173184e+04   4.5744816e+05
   5.9500000e+01  -4.6078613e+03   4.6910019e+05
   5.9600000e+01  -4.1335355e+04   4.7930778e+05
   5.9700000e+01  -4.5313773e+04   5.0528119e+05
   5.9800000e+01  -1.9549500e+04   5.4081525e+05
   5.9900000e+01   1.1278741e+04   5.6783056e+05
   6.0000000e+01   2.4831242e+04   5.7367400e+05
   6.0100000e+01   1.8281316e+04   5.5697681e+05
   6.0200000e+01   5.0827393e+03   5.2196750e+05
   6.0300000e+01  -7.0492969e+02   4.7269703e+05
   6.0400000e+01   5.0058408e+03   4.1337703e+05
   6.0500000e+01   1.8508973e+04   3.5020862e+05
   6.0600000e+01   3.5756336e+04   2.8882097e+05
   6.0700000e+01   5.4644266e+04   2.2938952e+05
   6.0800000e+01   7.1670984e+04   1.6641877e+05
   6.0900000e+01   8.0861812e+04   9.5204781e+04
   6.1000000e+01   7.8957727e+04   1.8628113e+04
   6.1100000e+01   7.0753617e+04  -5.3421711e+04
   6.1200000e+01   6.6229797e+04  -1.1219198e+05
   6.1300000e+01   7.0519234e+04  -1.5788917e+05
   6.1400000e+01   7.7351227e+04  -1.9927781e+05
   6.1500000e+01   7.4116469e+04  -2.4519017e+05
   6.1600000e+01   5.4272508e+04  -2.9592109e+05
   6.1700000e+01   2.4557143e+04  -3.4247447e+05
   6.1800000e+01  -2.9148633e+02  -3.7418012e+05
   6.1900000e+01  -9.8999248e+03  -3.8764088e+05
   6.2000000e+01  -5.8077314e+03  -3.8909062e+05
   6.2100000e+01   1.9998643e+03  -3.8838581e+05
   6.2200000e+01   4.9520596e+03  -3.9031662e+05
   6.2300000e+01   2.6348906e+03  -3.9115369e+05
   6.2400000e+01   1.4422842e+03  -3.8321416e+05
   6.2500000e+01   8.1497715e+03  -3.6239672e+05
   6.2600000e+01   2.4936547e+04  -3.3099459e+05
   6.2700000e+01   4.9206258e+04  -2.9386006e+05
   6.2800000e+01   7.6180664e+04  -2.5383442e+05
   6.2900000e+01   1.0057921e+05  -2.1250238e+05
   6.3000000e+01   1.1692591e+05  -1.7406067e+05
   6.3100000e+01   1.2131188e+05  -1.4440838e+05
   6.3200000e+01   1.1557945e+05  -1.2358180e+05
   6.3300000e+01   1.0946159e+05  -1.0079698e+05
   6.3400000e+01   1.1509112e+05  -6.1821508e+04
   6.3500000e+01   1.3574197e+05  -4.3941680e+03
   6.3600000e+01   1.5948681e+05   5.4941438e+04
   6.3700000e+01   1.6667278e+05   9.2859031e+04
   6.3800000e+01   1.4656819e+05   1.0022667e+05
   6.3900000e+01   1.0735446e+05   9.1113602e+04
   6.4000000e+01   6.8771664e+04   9.0485859e+04
   6.4100000e+01   4.4161336e+04   1.1281331e+05
   6.4200000e+01   2.9549490e+04   1.5179116e+05
   6.4300000e+01   9.8012852e+03   1.8862339e+05
   6.4400000e+01  -2.5576428e+04   2.0831214e+05
   6.4500000e+01  -7.2940938e+04   2.0864491e+05
   6.4600000e+01  -1.1920010e+05   1.9686856e+05
   6.4700000e+01  -1.5402422e+05   1.8113053e+05
   6.4800000e+01  -1.7702853e+05   1.6590241e+05
   6.4900000e+01  -1.9437078e+05   1.5348228e+05
   6.5000000e+01  -2.1035316e+05   1.4663883e+05
   6.5100000e+01  -2.2353755e+05   1.4763973e+05
   6.5200000e+01  -2.3057806e+05   1.5482430e+05
   6.5300000e+01  -2.3190545e+05   1.6209075e+05
   6.5400000e+01  -2.3163597e+05   1.6384273e+05
   6.5500000e+01  -2.3162131e+05   1.6089472e+05
   6.5600000e+01  -2.2748053e+05   1.6008697e+05
   6.5700000e+01  -2.1268009e+05   1.6645972e+05
   6.5800000e+01  -1.8667911e+05   1.7586462e+05
   6.5900000e+01  -1.5722231e+05   1.7698659e+05
   6.6000000e+01  -1.3323227e+05   1.6213038e+05
   6.6100000e+01  -1.1614455e+05   1.3583647e+05
   6.6200000e+01  -9.9636219e+04   1.1159764e+05
   6.6300000e+01  -7.7595500e+04   9.9304172e+04
   6.6400000e+01  -5.0517074e+04   9.6119977e+04
   6.6500000e+01  -2.3266953e+04   8.9874500e+04
   6.6600000e+01   1.7433745e+03   7.0700648e+04
   6.6700000e+01   2.6869523e+04   3.8529715e+04
   6.6800000e+01   5.4735621e+04  -1.2242090e+02
   6.6900000e+01   8.3698070e+04  -4.0301324e+04
   6.7000000e+01   1.0959810e+05  -8.1541188e+04
   6.7100000e+01   1.3131778e+05  -1.2335934e+05
   6.7200000e+01   1.5229772e+05  -1.6086162e+05
   6.7300000e+01   1.7526022e+05  -1.8743112e+05
   6.7400000e+01   1.9653991e+05  -2.0165150e+05
   6.7500000e+01   2.0806334e+05  -2.0924491e+05
   6.7600000e+01   2.0643156e+05  -2.1633473e+05
   6.7700000e+01   1.9926691e+05  -2.2137397e+05
   6.7800000e+01   2.0012000e+05  -2.1595442e+05
   6.7900000e+01   2.1489481e+05  -1.9507100e+05
   6.8000000e+01   2.3303280e+05  -1.6585880e+05
   6.8100000e+01   2.3392141e+05  -1.4397341e+05
   6.8200000e+01   2.0454681e+05  -1.3954775e+05
   6.8300000e+01   1.5244908e+05  -1.4659909e+05
   6.8400000e+01   1.0122030e+05  -1.4755727e+05
   6.8500000e+01   7.1762758e+04  -1.2969545e+05
   6.8600000e+01   6.5858656e+04  -9.7832258e+04
   6.8700000e+01   6.6350078e+04  -7.0800625e+04
   6.8800000e+01   5.2880852e+04  -6.4933164e+04
   6.8900000e+01   1.8628750e+04  -8.0238945e+04
   6.9000000e+01  -2.5980709e+04  -1.0165530e+05
   6.9100000e+01  -6.3765781e+04  -1.1272978e+05
   6.9200000e+01  -8.4501055e+04  -1.0798630e+05
   6.9300000e+01  -9.0186391e+04  -9.3582227e+04
   6.9400000e+01  -8.9869359e+04  -7.8560812e+04
   6.9500000e+01  -9.1370453e+04  -6.7059375e+04
   6.9600000e+01  -9.7598391e+04  -5.7975469e+04
   6.9700000e+01  -1.0812520e+05  -4.9119945e+04
   6.9800000e+01  -1.2127781e+05  -3.9125918e+04
   6.9900000e+01  -1.3384380e+05  -2.5526996e+04
   7.0000000e+01  -1.4076469e+05  -3.7423281e+03
   7.0100000e+01  -1.3807284e+05   2.9288861e+04
   7.0200000e+01  -1.2731336e+05   7.0101844e+04
   7.0300000e+01  -1.1581286e+05   1.0920846e+05
   7.0400000e+01  -1.1072435e+05   1.3850467e+05
   7.0500000e+01  -1.1235062e+05   1.5832733e+05
   7.0600000e+01  -1.1422501e+05   1.7599114e+05
   7.0700000e+01  -1.1038472e+05   1.9672091e+05
   7.0800000e+01  -1.0209504e+05   2.1676295e+05
   7.0900000e+01  -9.6699938e+04   2.2637533e+05
   7.1000000e+01  -9.9819555e+04   2.1944036e+05
   7.1100000e+01  -1.0895499e+05   1.9936575e+05
   7.1200000e+01  -1.1462509e+05   1.7566314e+05
   7.1300000e+01  -1.0762320e+05   1.5587702e+05
   7.1400000e+01  -8.5973625e+04   1.4129642e+05
   7.1500000e+01  -5.6342188e+04   1.2903231e+05
   7.1600000e+01  -2.9370137e+04   1.1595502e+05
   7.1700000e+01  -1.2548162e+04   9.9907430e+04
   7.1800000e+01  -5.6126943e+03   7.8901320e+04
   7.1900000e+01  -1.4452993e+03   5.1922414e+04
   7.2000000e+01   8.7709668e+03   2.2064172e+04
   7.2100000e+01   3.0398277e+04  -1.7689177e+03
   7.2200000e+01   6.3277641e+04  -8.5696504e+03
   7.2300000e+01   1.0217329e+05   6.5284707e+03
   7.2400000e+01   1.3796703e+05   3.5843727e+04
   7.2500000e+01   1.6027730e+05   6.1588578e+04
   7.2600000e+01   1.6318175e+05   6.7917570e+04
   7.2700000e+01   1.5154681e+05   5.4118336e+04
   7.2800000e+01   1.4095059e+05   3.6802102e+04
   7.2900000e+01   1.4751766e+05   3.6667406e+04
   7.3000000e+01   1.7439364e+05   5.9752449e+04
   7.3100000e+01   2.0754586e+05   9.0247578e+04
   7.3200000e+01   2.2634452e+05   1.0271048e+05
   7.3300000e+01   2.2010981e+05   8.3272859e+04
   7.3400000e+01   1.9569356e+05   4.0470406e+04
   7.3500000e+01   1.6996462e+05  -3.5841108e+03
   7.3600000e+01   1.5535561e+05  -3.2071691e+04
   7.3700000e+01   1.5173620e+05  -4.4480797e+04
   7.3800000e+01   1.4995630e+05  -5.1670168e+04
   7.3900000e+01   1.4114514e+05  -6.3084555e+04
   7.4000000e+01   1.2254373e+05  -7.9825539e+04
   7.4100000e+01   9.6550203e+04  -9.8322117e+04
   7.4200000e+01   6.6749688e+04  -1.1743622e+05
   7.4300000e+01   3.5798914e+04  -1.3991439e+05
   7.4400000e+01   5.8679355e+03  -1.6751453e+05
   7.4500000e+01  -2.1085289e+04  -1.9693491e+05
   7.4600000e+01  -4.4842609e+04  -2.2200947e+05
   7.4700000e+01  -6.8429062e+04  -2.3947516e+05
   7.4800000e+01  -9.6710469e+04  -2.5128372e+05
   7.4900000e+01  -1.3225069e+05  -2.6091155e+05
   7.5000000e+01  -1.7236077e+05  -2.6849091e+05
   7.5100000e+01  -2.1100755e+05  -2.7070650e+05
   7.5200000e+01  -2.4434677e+05  -2.6519441e+05
   7.5300000e+01  -2.7409384e+05  -2.5362592e+05
   7.5400000e+01  -3.0440131e+05  -2.3957142e+05
   7.5500000e+01  -3.3492362e+05  -2.2394409e+05
   7.5600000e+01  -3.5792531e+05  -2.0384306e+05
   7.5700000e+01  -3.6389691e+05  -1.7633478e+05
   7.5800000e+01  -3.5072006e+05  -1.4256209e+05
   7.5900000e+01  -3.2641359e+05  -1.0711227e+05
   7.6000000e+01  -3.0163881e+05  -7.3290750e+04
   7.6100000e+01  -2.7945181e+05  -3.9902484e+04
   7.6200000e+01  -2.5326370e+05  -3.3726094e+03
   7.6300000e+01  -2.1491769e+05   3.7405148e+04
   7.6400000e+01  -1.6338662e+05   7.9534086e+04
   7.6500000e+01  -1.0442803e+05   1.2000181e+05
   7.6600000e+01  -4.2964316e+04   1.6008627e+05
   7.6700000e+01   2.1040559e+04   2.0382022e+05
   7.6800000e+01   8.7417969e+04   2.5087966e+05
   7.6900000e+01   1.4873584e+05   2.9234256e+05
   7.7000000e+01   1.9309756e+05   3.1680450e+05
   7.7100000e+01   2.1688814e+05   3.2304781e+05
   7.7200000e+01   2.3300862e+05   3.2544534e+05
   7.7300000e+01   2.6170292e+05   3.4273347e+05
   7.7400000e+01   3.0987419e+05   3.7818512e+05
   7.7500000e+01   3.6015831e+05   4.1143591e+05
   7.7600000e+01   3.8360094e+05   4.1334456e+05
   7.7700000e+01   3.6551081e+05   3.7177322e+05
   7.7800000e+01   3.1927700e+05   3.0309850e+05
   7.7900000e+01   2.7460284e+05   2.3756442e+05
   7.8000000e+01   2.5227870e+05   1.9317947e+05
   7.8100000e+01   2.4964169e+05   1.6389912e+05
   7.8200000e+01   2.4788834e+05   1.3157241e+05
   7.8300000e+01   2.3065056e+05   8.6354492e+04
   7.8400000e+01   1.9571825e+05   3.4087148e+04
   7.8500000e+01   1.5268480e+05  -1.3877408e+04
   7.8600000e+01   1.1326070e+05  -5.3884734e+04
   7.8700000e+01   8.4002273e+04  -9.1321172e+04
   7.8800000e+01   6.4720168e+04  -1.3105525e+05
   7.8900000e+01   5.0152824e+04  -1.7010173e+05
   7.9000000e+01   3.2550566e+04  -2.0105228e+05
   7.9100000e+01   5.0214072e+03  -2.2093934e+05
   7.9200000e+01  -3.4595992e+04  -2.3411092e+05
   7.9300000e+01  -8.1479781e+04  -2.4576095e+05
   7.9400000e+01  -1.2577004e+05  -2.5444389e+05
   7.9500000e+01  -1.5867048e+05  -2.5318797e+05
   7.9600000e+01  -1.7880689e+05  -2.3853741e+05
   7.9700000e+01  -1.9344628e+05  -2.1725033e+05
   7.9800000e+01  -2.1248025e+05  -2.0247161e+05
   7.9900000e+01  -2.3944361e+05  -2.0247741e+05
   8.0000000e+01  -2.6749191e+05  -2.1304767e+05
   8.0100000e+01  -2.8457850e+05  -2.2091898e+05
   8.0200000e+01  -2.8357928e+05  -2.1491906e+05
   8.0300000e+01  -2.6813059e+05  -1.9447589e+05
   8.0400000e+01  -2.4888375e+05  -1.6844450e+05
   8.0500000e+01  -2.3395681e+05  -1.4647966e+05
   8.0600000e+01  -2.2251044e+05  -1.3130088e+05
   8.0700000e+01  -2.0678019e+05  -1.1801742e+05
   8.0800000e+01  -1.7964522e+05  -9.9392797e+04
   8.0900000e+01  -1.4022792e+05  -7.1232680e+04
   8.1000000e+01  -9.3253250e+04  -3.4056793e+04
   8.1100000e+01  -4.4915727e+04   7.8016948e+03
   8.1200000e+01  -7.9118042e+02   4.7222027e+04
   8.1300000e+01   3.3234562e+04   7.6274281e+04
   8.1400000e+01   5.1783488e+04   9.1448633e+04
   8.1500000e+01   5.5495160e+04   9.9632672e+04
   8.1600000e+01   5.5583879e+04   1.1693418e+05
   8.1700000e+01   6.8279984e+04   1.5633262e+05
   8.1800000e+01   9.9753211e+04   2.1272602e+05
   8.1900000e+01   1.3596670e+05   2.6102880e+05
   8.2000000e+01   1.5141628e+05   2.7310088e+05
   8.2100000e+01   1.3208520e+05   2.4024981e+05
   8.2200000e+01   9.0717859e+04   1.8060238e+05
   8.2300000e+01   5.7909715e+04   1.2437387e+05
   8.2400000e+01   5.6621664e+04   9.1081164e+04
   8.2500000e+01   8.4391109e+04   7.9031406e+04
   8.2600000e+01   1.1879180e+05   7.3619344e+04
   8.2700000e+01   1.3825558e+05   6.3058883e+04
   8.2800000e+01   1.3761180e+05   4.6293492e+04
   8.2900000e+01   1.2658780e+05   2.9054090e+04
   8.3000000e+01   1.1724409e+05   1.6118406e+04
   8.3100000e+01   1.1409316e+05   8.6336455e+03
   8.3200000e+01   1.1394836e+05   6.9132471e+03
   8.3300000e+01   1.1183793e+05   1.2616552e+04
   8.3400000e+01   1.0558635e+05   2.6482318e+04
   8.3500000e+01   9.5853180e+04   4.4643570e+04
   8.3600000e+01   8.3858406e+04   5.9099641e+04
   8.3700000e+01   7.0214477e+04   6.3196066e+04
   8.3800000e+01   5.5599281e+04   5.6863859e+04
   8.3900000e+01   4.1443418e+04   4.6185062e+04
   8.4000000e+01   2.9093453e+04   3.7677273e+04
   8.4100000e+01   1.8175678e+04   3.2851324e+04
   8.4200000e+01   6.2784766e+03   2.7761480e+04
   8.4300000e+01  -9.0591777e+03   1.7121445e+04
   8.4400000e+01  -2.7625084e+04  -1.2071768e+03
   8.4500000e+01  -4.5937758e+04  -2.4895453e+04
   8.4600000e+01  -5.9978539e+04  -4.9279668e+04
   8.4700000e+01  -6.9058031e+04  -7.0665023e+04
   8.4800000e+01  -7.6877211e+04  -8.8176195e+04
   8.4900000e+01  -8.8105312e+04  -1.0305654e+05
   8.5000000e+01  -1.0337330e+05  -1.1653690e+05
   8.5100000e+01  -1.1767927e+05  -1.2855640e+05
   8.5200000e+01  -1.2404251e+05  -1.3837341e+05
   8.5300000e+01  -1.1891354e+05  -1.4559481e+05
   8.5400000e+01  -1.0432427e+05  -1.4966712e+05
   8.5500000e+01  -8.5726617e+04  -1.4857148e+05
   8.5600000e+01  -6.8899312e+04  -1.3965403e+05
   8.5700000e+01  -5.8744109e+04  -1.2306648e+05
   8.5800000e+01  -5.8654699e+04  -1.0347888e+05
   8.5900000e+01  -6.7965898e+04  -8.5896250e+04
   8.6000000e+01  -7.9251109e+04  -6.8685820e+04
   8.6100000e+01  -8.0860492e+04  -4.2831012e+04
   8.6200000e+01  -6.6036219e+04  -1.4217969e+03
   8.6300000e+01  -4.0934453e+04   4.9163453e+04
   8.6400000e+01  -2.1387455e+04   8.9976648e+04
   8.6500000e+01  -1.8405031e+04   1.0461894e+05
   8.6600000e+01  -2.5908961e+04   9.4731125e+04
   8.6700000e+01  -2.4784871e+04   7.9259703e+04
   8.6800000e+01  -1.4761221e+03   7.7053648e+04
   8.6900000e+01   3.7018352e+04   9.0067891e+04
   8.7000000e+01   6.7919703e+04   1.0381916e+05
   8.7100000e+01   7.3555195e+04   1.0337637e+05
   8.7200000e+01   5.7752617e+04   8.7558258e+04
   8.7300000e+01   4.1519414e+04   6.7739977e+04
   8.7400000e+01   4.2871809e+04   5.5021316e+04
   8.7500000e+01   6.1061383e+04   5.0533445e+04
   8.7600000e+01   7.9612445e+04   4.7617945e+04
   8.7700000e+01   8.3016453e+04   4.0701043e+04
   8.7800000e+01   6.9607062e+04   3.0117105e+04
   8.7900000e+01   4.9575789e+04   1.9167438e+04
   8.8000000e+01   3.3352555e+04   9.0196641e+03
   8.8100000e+01   2.3757719e+04  -2.0609912e+03
   8.8200000e+01   1.8266502e+04  -1.5323291e+04
   8.8300000e+01   1.5402311e+04  -2.9203822e+04
   8.8400000e+01   1.6126744e+04  -4.1164449e+04
   8.8500000e+01   1.9432994e+04  -5.1108086e+04
   8.8600000e+01   1.9724693e+04  -6.1681309e+04
   8.8700000e+01   1.1295874e+04  -7.4568703e+04
   8.8800000e+01  -4.5621846e+03  -8.7070688e+04
   8.8900000e+01  -1.8907924e+04  -9.3713391e+04
   8.9000000e+01  -2.3165463e+04  -9.2251750e+04
   8.9100000e+01  -1.7673156e+04  -8.7727148e+04
   8.9200000e+01  -1.1291540e+04  -8.9071414e+04
   8.9300000e+01  -1.2196808e+04  -1.0042274e+05
   8.9400000e+01  -1.9654066e+04  -1.1589658e+05
   8.9500000e+01  -2.5403277e+04  -1.2395751e+05
   8.9600000e+01  -2.2735852e+04  -1.1756566e+05
   8.9700000e+01  -1.3245990e+04  -9.9838695e+04
   8.9800000e+01  -4.4030630e+03  -7.9726367e+04
   8.9900000e+01  -1.5089868e+03  -6.2946445e+04
   9.0000000e+01  -3.2551738e+03  -4.7902285e+04
   9.0100000e+01  -4.8822832e+03  -2.9786906e+04
   9.0200000e+01  -3.7205002e+03  -6.8272202e+03
   9.0300000e+01  -2.0429504e+01   1.8598783e+04
   9.0400000e+01   6.7439102e+03   4.4022301e+04
   9.0500000e+01   1.9454783e+04   6.9956242e+04
   9.0600000e+01   3.9233117e+04   9.7801352e+04
   9.0700000e+01   6.0598156e+04   1.2541925e+05
   9.0800000e+01   7.3340094e+04   1.4649159e+05
   9.0900000e+01   7.1056500e+04   1.5558186e+05
   9.1000000e+01   5.7857699e+04   1.5408962e+05
   9.1100000e+01   4.5673277e+04   1.5054788e+05
   9.1200000e+01   4.3958125e+04   1.5388473e+05
   9.1300000e+01   5.1119309e+04   1.6519075e+05
   9.1400000e+01   5.5296617e+04   1.7551467e+05
   9.1500000e+01   4.3736016e+04   1.7233234e+05
   9.1600000e+01   1.2939014e+04   1.4979069e+05
   9.1700000e+01  -2.8412721e+04   1.1411745e+05
   9.1800000e+01  -6.5659086e+04   7.9230250e+04
   9.1900000e+01  -8.8168969e+04   5.6018230e+04
   9.2000000e+01  -9.5264219e+04   4.4716461e+04
   9.2100000e+01  -9.4226164e+04   3.7123250e+04
   9.2200000e+01  -9.3406305e+04   2.5845164e+04
   9.2300000e+01  -9.6780195e+04   1.0819761e+04
   9.2400000e+01  -1.0351710e+05  -3.0621467e+03
   9.2500000e+01  -1.1094938e+05  -1.3017681e+04
   9.2600000e+01  -1.1709274e+05  -2.0993072e+04
   9.2700000e+01  -1.2083289e+05  -2.9367367e+04
   9.2800000e+01  -1.2087177e+05  -3.6733332e+04
   9.2900000e+01  -1.1534937e+05  -4.0277055e+04
   9.3000000e+01  -1.0270616e+05  -4.1406375e+04
   9.3100000e+01  -8.2840586e+04  -4.5852289e+04
   9.3200000e+01  -5.7419703e+04  -5.6721117e+04
   9.3300000e+01  -2.9212805e+04  -6.9368102e+04
   9.3400000e+01  -1.3088027e+03  -7.5748039e+04
   9.3500000e+01   2.3133543e+04  -7.3780320e+04
   9.3600000e+01   4.1166109e+04  -7.0198328e+04
   9.3700000e+01   5.1352637e+04  -7.3062867e+04
   9.3800000e+01   5.5533273e+04  -8.2845414e+04
   9.3900000e+01   5.8675527e+04  -9.2476531e+04
   9.4000000e+01   6.5471141e+04  -9.5563734e+04
   9.4100000e+01   7.6184906e+04  -9.2594414e+04
   9.4200000e+01   8.6321016e+04  -8.8493734e+04
   9.4300000e+01   9.1230422e+04  -8.5789891e+04
   9.4400000e+01   9.0969516e+04  -8.2113109e+04
   9.4500000e+01   8.9884289e+04  -7.4349117e+04
   9.4600000e+01   9.1497320e+04  -6.3322258e+04
   9.4700000e+01   9.5118367e+04  -5.2630949e+04
   9.4800000e+01   9.8368281e+04  -4.2973934e+04
   9.4900000e+01   1.0183687e+05  -2.9541221e+04
   9.5000000e+01   1.0883100e+05  -7.1425859e+03
   9.5100000e+01   1.1963752e+05   2.1643270e+04
   9.5200000e+01   1.2805695e+05   4.5349328e+04
   9.5300000e+01   1.2672846e+05   5.3504883e+04
   9.5400000e+01   1.1701719e+05   4.8920191e+04
   9.5500000e+01   1.1169045e+05   4.8490566e+04
   9.5600000e+01   1.2459538e+05   6.8625906e+04
   9.5700000e+01   1.5583369e+05   1.0794291e+05
   9.5800000e+01   1.8769933e+05   1.4494134e+05
   9.5900000e+01   1.9731225e+05   1.5475477e+05
   9.6000000e+01   1.7523869e+05   1.2995922e+05
   9.6100000e+01   1.3272797e+05   8.6003734e+04
   9.6200000e+01   9.0911906e+04   4.6884699e+04
   9.6300000e+01   6.2736668e+04   2.5392848e+04
   9.6400000e+01   4.4736160e+04   1.5842020e+04
   9.6500000e+01   2.4829975e+04   3.6309253e+03
   9.6600000e+01  -3.8844297e+03  -1.9652648e+04
   9.6700000e+01  -3.7766535e+04  -4.9676891e+04
   9.6800000e+01  -6.9095305e+04  -7.5071242e+04
   9.6900000e+01  -9.4689000e+04  -8.7568477e+04
   9.7000000e+01  -1.1650308e+05  -8.6869602e+04
   9.7100000e+01  -1.3532094e+05  -7.7931922e+04
   9.7200000e+01  -1.4731178e+05  -6.5973539e+04
   9.7300000e+01  -1.4882089e+05  -5.4686508e+04
   9.7400000e+01  -1.4323542e+05  -4.7370797e+04
   9.7500000e+01  -1.3992133e+05  -4.6719578e+04
   9.7600000e+01  -1.4449284e+05  -5.1644594e+04
   9.7700000e+01  -1.5116455e+05  -5.5139773e+04
   9.7800000e+01  -1.4720769e+05  -4.8025141e+04
   9.7900000e+01  -1.2619011e+05  -2.7256670e+04
   9.8000000e+01  -9.5852211e+04  -9.4141406e+02
   9.8100000e+01  -7.1452312e+04   1.6436266e+04
   9.8200000e+01  -6.1367562e+04   1.5727957e+04
   9.8300000e+01  -6.0439926e+04   9.8296777e+02
   9.8400000e+01  -5.7679773e+04  -1.4670072e+04
   9.8500000e+01  -4.8750090e+04  -2.1508400e+04
   9.8600000e+01  -3.9071211e+04  -2.1581150e+04
   9.8700000e+01  -3.5307855e+04  -2.4554293e+04
   9.8800000e+01  -3.6642793e+04  -3.6035305e+04
   9.8900000e+01  -3.6394109e+04  -5.1383574e+04
   9.9000000e+01  -3.1055758e+04  -6.1194445e+04
   9.9100000e+01  -2.4657957e+04  -6.0834527e+04
   9.9200000e+01  -2.2553504e+04  -5.2432570e+04
   9.9300000e+01  -2.2510967e+04  -3.8631250e+04
   9.9400000e+01  -1.5302383e+04  -1.8835168e+04
   9.9500000e+01   4.1673115e+03   5.4427119e+03
   9.9600000e+01   2.8137289e+04   2.4707428e+04
   9.9700000e+01   4.1892051e+04   2.7906715e+04
   9.9800000e+01   3.9089574e+04   1.6834299e+04
   9.9900000e+01   2.6995693e+04   6.6508174e+03
   1.0000000e+02   1.4214611e+04   5.9042046e+03
